"TOA5","CR300Series_402","CR300","27021","CR300-RF407.Std.10.03","CPU:CR300_sapflow.CR300","32345","Table2"
"TIMESTAMP","RECORD","BattV_Min","id","SDI1","SapFlwTot1","VhOuter1","VhInner1","AlphaOut1","AlphaIn1","BetaOut1","BetaIn1","tMaxTout1","tMaxTin1"
"TS","RN","Volts","","","literPerHour","heatVelocity","heatVelocity","logTRatio","logTRatio","logTRatio","logTRatio","second","second"
"","","Min","Smp","Smp","Smp","Smp","Smp","Smp","Smp","Smp","Smp","Smp","Smp"
"2025-06-17 16:30:00",18855,12.86,402,1,0.432,7.7,12.65,0.636,1.045,0.656,1.036,96.5,72.49
"2025-06-17 17:00:00",18856,12.85,402,1,0.383,7.23,10.73,0.597,0.887,0.617,0.879,85.5,70.03
"2025-06-17 17:30:00",18857,12.85,402,1,0.355,6.5,10.21,0.537,0.843,0.56,0.843,92.1,70.35
"2025-06-17 18:00:00",18858,12.84,402,1,0.436,8.15,12.29,0.674,1.016,0.701,1.002,91.4,71.17
"2025-06-17 18:30:00",18859,12.84,402,1,0.426,8.11,11.82,0.67,0.977,0.693,0.961,86.6,71.11
"2025-06-17 19:00:00",18860,12.84,402,1,0.325,5.93,9.34,0.489,0.772,0.503,0.765,84.3,68.09
"2025-06-17 19:30:00",18861,12.84,402,1,0.221,3.87,6.61,0.319,0.546,0.313,0.547,83.5,67.07
"2025-06-17 20:00:00",18862,12.84,402,1,0.177,2.93,5.49,0.242,0.454,0.231,0.449,82,64.31
"2025-06-17 20:30:00",18863,12.84,402,1,0.154,2.51,4.83,0.207,0.4,0.196,0.405,81.8,63.11
"2025-06-17 21:00:00",18864,12.83,402,1,0.141,2.19,4.59,0.181,0.379,0.166,0.379,82.1,62.35
"2025-06-17 21:30:00",18865,12.83,402,1,0.135,2.09,4.38,0.172,0.362,0.158,0.363,82.6,61.6
"2025-06-17 22:00:00",18866,12.82,402,1,0.132,2.05,4.3,0.169,0.355,0.146,0.356,83.4,61.72
"2025-06-17 22:30:00",18867,12.82,402,1,0.124,1.85,4.16,0.153,0.344,0.131,0.345,82.1,61.6
"2025-06-17 23:00:00",18868,12.82,402,1,0.124,1.88,4.08,0.155,0.337,0.129,0.338,83.2,62.28
"2025-06-17 23:30:00",18869,12.81,402,1,0.124,1.88,4.08,0.155,0.337,0.128,0.338,83.3,63.1
"2025-06-18 00:00:00",18870,12.81,402,1,0.121,1.88,3.96,0.155,0.328,0.133,0.329,82,63.78
"2025-06-18 00:30:00",18871,12.8,402,1,0.119,1.78,3.96,0.147,0.328,0.121,0.324,81.6,63.16
"2025-06-18 01:00:00",18872,12.81,402,1,0.118,1.78,3.91,0.146,0.323,0.124,0.32,82.4,63.97
"2025-06-18 01:30:00",18873,12.8,402,1,0.117,1.78,3.87,0.146,0.319,0.124,0.32,83.5,63.34
"2025-06-18 02:00:00",18874,12.8,402,1,0.117,1.82,3.81,0.151,0.315,0.121,0.316,84.4,61.47
"2025-06-18 02:30:00",18875,12.8,402,1,0.118,1.86,3.82,0.153,0.316,0.131,0.317,81.5,63.09
"2025-06-18 03:00:00",18876,12.79,402,1,0.119,1.86,3.85,0.153,0.318,0.127,0.314,82.3,61.65
"2025-06-18 03:30:00",18877,12.8,402,1,0.119,1.86,3.87,0.154,0.319,0.127,0.32,82.6,62.09
"2025-06-18 04:00:00",18878,12.8,402,1,0.119,1.85,3.87,0.153,0.319,0.127,0.32,81,62.84
"2025-06-18 04:30:00",18879,12.79,402,1,0.118,1.84,3.85,0.152,0.318,0.126,0.319,83.4,62.71
"2025-06-18 05:00:00",18880,12.79,402,1,0.118,1.84,3.85,0.152,0.318,0.13,0.314,84.1,61.9
"2025-06-18 05:30:00",18881,12.79,402,1,0.115,1.75,3.8,0.144,0.314,0.122,0.315,82.8,62.08
"2025-06-18 06:00:00",18882,12.79,402,1,0.115,1.78,3.74,0.146,0.309,0.12,0.305,83.5,61.53
"2025-06-18 06:30:00",18883,12.79,402,1,0.109,1.64,3.6,0.135,0.298,0.109,0.29,86.4,62.4
"2025-06-18 07:00:00",18884,12.78,402,1,0.119,1.81,3.94,0.149,0.325,0.119,0.312,89.9,64.41
"2025-06-18 07:30:00",18885,12.78,402,1,0.198,3.5,5.87,0.29,0.486,0.283,0.481,97.9,70.19
"2025-06-18 08:00:00",18886,12.78,402,1,0.279,5.1,8.03,0.422,0.663,0.432,0.66,94.9,71.64
"2025-06-18 08:30:00",18887,12.78,402,1,0.407,7.75,11.26,0.639,0.93,0.655,0.932,96.8,73.86
"2025-06-18 09:00:00",18888,12.78,402,1,0.355,5.9,10.98,0.487,0.907,0.441,0.905,82.6,75.41
"2025-06-18 09:30:00",18889,12.79,402,1,0.364,5.73,11.7,0.473,0.967,0.472,0.959,70.73,68.54
"2025-06-18 10:00:00",18890,12.78,402,1,0.534,10.56,14.25,0.873,1.231,0.894,1.19,83.5,68.57
"2025-06-18 10:30:00",18891,12.79,402,1,0.446,7.93,13.14,0.655,1.085,0.599,1.088,94.7,75.25
"2025-06-18 11:00:00",18892,12.79,402,1,0.616,10.95,18.1,0.906,1.195,0.915,1.161,80.2,66.77
"2025-06-18 11:30:00",18893,12.79,402,1,0.611,11.87,16.64,0.98,1.318,0.992,1.258,81.5,66.56
"2025-06-18 12:00:00",18894,12.8,402,1,0.41,10.76,7.41,0.889,1.322,0.907,1.288,88,68.23
"2025-06-18 12:30:00",18895,12.8,402,1,0.478,11.5,10.03,0.95,1.337,0.965,1.303,86.5,66.3
"2025-06-18 13:00:00",18896,12.8,402,1,0.579,11.7,15.14,0.966,1.369,0.989,1.317,82.7,66.23
"2025-06-18 13:30:00",18897,12.8,402,1,0.525,11.53,12.51,0.952,1.339,0.968,1.298,84.8,67.04
"2025-06-18 14:00:00",18898,12.8,402,1,0.521,11.12,12.82,0.919,1.329,0.938,1.278,84.5,67.55
"2025-06-18 14:30:00",18899,12.8,402,1,0.536,11.32,13.35,0.935,1.335,0.95,1.291,84.2,65.67
"2025-06-18 15:00:00",18900,12.8,402,1,0.496,10.7,12.05,0.885,1.293,0.905,1.248,85.2,65.94
"2025-06-18 15:30:00",18901,12.8,402,1,0.496,10.21,12.72,0.844,1.267,0.87,1.223,84.6,69.08
"2025-06-18 16:00:00",18902,12.8,402,1,0.522,10.66,13.49,0.881,1.232,0.909,1.197,84.1,68.39
"2025-06-18 16:30:00",18903,12.79,402,1,0.603,11.14,17.16,0.92,1.294,0.94,1.242,81,66.56
"2025-06-18 17:00:00",18904,12.79,402,1,0.511,10.42,13.25,0.861,1.213,0.885,1.172,84.3,67.82
"2025-06-18 17:30:00",18905,12.79,402,1,0.458,9.78,11.26,0.808,1.169,0.829,1.134,85.7,69.95
"2025-06-18 18:00:00",18906,12.79,402,1,0.421,9.15,10.14,0.755,1.066,0.778,1.033,86.5,67.48
"2025-06-18 18:30:00",18907,12.79,402,1,0.436,9.13,11,0.754,1.096,0.777,1.062,85.9,68.17
"2025-06-18 19:00:00",18908,12.79,402,1,0.43,8.21,11.89,0.678,0.983,0.696,0.966,85.4,68.41
"2025-06-18 19:30:00",18909,12.79,402,1,0.372,6.91,10.56,0.571,0.872,0.589,0.857,84.2,68.21
"2025-06-18 20:00:00",18910,12.78,402,1,0.291,5.32,8.39,0.439,0.693,0.44,0.693,82.3,65.31
"2025-06-18 20:30:00",18911,12.78,402,1,0.217,3.82,6.46,0.316,0.533,0.311,0.535,84.1,63.1
"2025-06-18 21:00:00",18912,12.77,402,1,0.182,3.05,5.62,0.252,0.464,0.236,0.463,83.1,62.59
"2025-06-18 21:30:00",18913,12.76,402,1,0.167,2.76,5.23,0.228,0.432,0.212,0.437,82.6,62.84
"2025-06-18 22:00:00",18914,12.76,402,1,0.16,2.58,5.07,0.213,0.419,0.197,0.415,84.2,64.21
"2025-06-18 22:30:00",18915,12.75,402,1,0.154,2.47,4.9,0.204,0.405,0.189,0.405,83.2,63.02
"2025-06-18 23:00:00",18916,12.75,402,1,0.152,2.44,4.82,0.202,0.398,0.187,0.398,81.6,64.34
"2025-06-18 23:30:00",18917,12.75,402,1,0.15,2.44,4.72,0.201,0.39,0.178,0.39,83.7,62.27
"2025-06-19 00:00:00",18918,12.75,402,1,0.145,2.38,4.57,0.196,0.377,0.177,0.377,83.6,64.14
"2025-06-19 00:30:00",18919,12.75,402,1,0.144,2.34,4.57,0.193,0.377,0.174,0.381,82.7,64.26
"2025-06-19 01:00:00",18920,12.74,402,1,0.14,2.23,4.5,0.184,0.372,0.165,0.372,83.2,62.26
"2025-06-19 01:30:00",18921,12.74,402,1,0.143,2.31,4.52,0.191,0.373,0.172,0.374,81.4,63.44
"2025-06-19 02:00:00",18922,12.74,402,1,0.142,2.31,4.47,0.191,0.369,0.172,0.37,83.8,62.07
"2025-06-19 02:30:00",18923,12.73,402,1,0.142,2.3,4.5,0.19,0.371,0.167,0.372,83.6,61.62
"2025-06-19 03:00:00",18924,12.73,402,1,0.139,2.24,4.43,0.185,0.366,0.166,0.366,83,62.56
"2025-06-19 03:30:00",18925,12.73,402,1,0.139,2.27,4.37,0.187,0.362,0.168,0.362,84.3,61.62
"2025-06-19 04:00:00",18926,12.73,402,1,0.138,2.24,4.36,0.185,0.36,0.166,0.361,83.9,63.93
"2025-06-19 04:30:00",18927,12.72,402,1,0.136,2.21,4.31,0.182,0.356,0.163,0.357,84,61.74
"2025-06-19 05:00:00",18928,12.73,402,1,0.135,2.14,4.31,0.178,0.356,0.163,0.357,83.1,62.68
"2025-06-19 05:30:00",18929,12.73,402,1,0.137,2.24,4.29,0.185,0.354,0.163,0.358,82.5,62.99
"2025-06-19 06:00:00",18930,12.72,402,1,0.155,2.58,4.79,0.213,0.396,0.196,0.396,83.6,62.18
"2025-06-19 06:30:00",18931,12.72,402,1,0.179,3.11,5.38,0.257,0.445,0.243,0.446,87.1,65.62
"2025-06-19 07:00:00",18932,12.72,402,1,0.217,3.88,6.36,0.321,0.525,0.321,0.52,86.7,65.76
"2025-06-19 07:30:00",18933,12.72,402,1,0.295,5.55,8.28,0.459,0.684,0.47,0.684,94,69.51
"2025-06-19 08:00:00",18934,12.72,402,1,0.334,6.3,9.32,0.521,0.77,0.533,0.77,89.8,70.34
"2025-06-19 08:30:00",18935,12.72,402,1,0.467,9.89,11.6,0.817,0.958,0.917,0.959,109.8,74.07
"2025-06-19 09:00:00",18936,12.72,402,1,0.312,4.66,10.38,0.385,0.858,0.318,0.832,77.25,74.55
"2025-06-19 09:30:00",18937,12.72,402,1,0.382,6.57,11.52,0.543,0.952,0.541,0.953,66.55,68.11
"2025-06-19 10:00:00",18938,12.72,402,1,0.523,10.97,13.13,0.906,1.222,0.93,1.179,84.4,66.89
"2025-06-19 10:30:00",18939,12.71,402,1,0.385,5.97,12.51,0.493,1.033,0.416,1.034,90.4,74.91
"2025-06-19 11:00:00",18940,12.72,402,1,0.625,10.46,19.22,0.865,1.148,0.869,1.104,79.26,67.29
"2025-06-19 11:30:00",18941,12.72,402,1,0.593,11.15,16.64,0.922,1.302,0.935,1.238,81.5,67.02
"2025-06-19 12:00:00",18942,12.72,402,1,0.359,10.67,4.83,0.882,1.33,0.899,1.278,89.2,67.42
"2025-06-19 12:30:00",18943,12.73,402,1,0.518,11.01,12.82,0.91,1.315,0.934,1.28,84.7,66.43
"2025-06-19 13:00:00",18944,12.72,402,1,0.544,11.47,13.6,0.948,1.344,0.965,1.299,83.9,66.19
"2025-06-19 13:30:00",18945,12.72,402,1,0.543,11.25,13.81,0.929,1.335,0.948,1.291,83.8,67.55
"2025-06-19 14:00:00",18946,12.73,402,1,0.585,11.59,15.61,0.958,1.353,0.978,1.299,82.3,65.81
"2025-06-19 14:30:00",18947,12.72,402,1,0.571,11.38,15.13,0.939,1.346,0.954,1.301,82.7,66.75
"2025-06-19 15:00:00",18948,12.72,402,1,0.571,11.15,15.44,0.922,1.316,0.943,1.263,82.5,67.51
"2025-06-19 15:30:00",18949,12.73,402,1,0.613,11.08,17.75,0.915,1.276,0.928,1.233,80.5,65.76
"2025-06-19 16:00:00",18950,12.73,402,1,0.537,10.73,14.22,0.887,1.285,0.905,1.242,83.5,68.02
"2025-06-19 16:30:00",18951,12.72,402,1,0.542,10.6,14.65,0.876,1.28,0.895,1.236,83.1,67.39
"2025-06-19 17:00:00",18952,12.72,402,1,0.564,10.58,15.84,0.873,1.231,0.89,1.197,82.2,67.93
"2025-06-19 17:30:00",18953,12.72,402,1,0.507,9.99,13.6,0.825,1.199,0.845,1.157,84,68.23
"2025-06-19 18:00:00",18954,12.72,402,1,0.541,10.38,14.91,0.858,1.219,0.882,1.167,83,67.47
"2025-06-19 18:30:00",18955,12.72,402,1,0.421,8.15,11.5,0.673,0.951,0.687,0.927,81.6,66.34
"2025-06-19 19:00:00",18956,12.71,402,1,0.291,5.48,8.17,0.453,0.675,0.456,0.668,74.24,62.53
"2025-06-19 19:30:00",18957,12.71,402,1,0.196,3.54,5.69,0.293,0.47,0.284,0.477,77.12,59.92
"2025-06-19 20:00:00",18958,12.71,402,1,0.165,2.86,4.96,0.236,0.409,0.22,0.419,80.3,60.61
"2025-06-19 20:30:00",18959,12.69,402,1,0.154,2.65,4.65,0.219,0.384,0.204,0.394,79.24,60.28
"2025-06-19 21:00:00",18960,12.69,402,1,0.145,2.42,4.48,0.2,0.37,0.19,0.384,79.31,60.85
"2025-06-19 21:30:00",18961,12.68,402,1,0.138,2.24,4.34,0.185,0.359,0.158,0.363,83.4,60.91
"2025-06-19 22:00:00",18962,12.68,402,1,0.133,2.14,4.23,0.178,0.35,0.154,0.351,82.8,63.04
"2025-06-19 22:30:00",18963,12.68,402,1,0.13,2.12,4.1,0.174,0.34,0.152,0.344,80.1,61.17
"2025-06-19 23:00:00",18964,12.68,402,1,0.127,2.02,4.08,0.167,0.336,0.14,0.341,82.7,61.23
"2025-06-19 23:30:00",18965,12.67,402,1,0.125,1.99,4.02,0.165,0.333,0.142,0.332,83,61.99
"2025-06-20 00:00:00",18966,12.67,402,1,0.125,1.99,4.02,0.165,0.333,0.142,0.333,83.5,61.74
"2025-06-20 00:30:00",18967,12.67,402,1,0.126,2,4.05,0.166,0.334,0.143,0.339,84.6,61.86
"2025-06-20 01:00:00",18968,12.66,402,1,0.124,1.93,4.01,0.16,0.331,0.137,0.332,81.8,64.05
"2025-06-20 01:30:00",18969,12.67,402,1,0.126,1.98,4.09,0.163,0.338,0.14,0.343,79.76,62.3
"2025-06-20 02:00:00",18970,12.67,402,1,0.132,2.02,4.31,0.167,0.356,0.148,0.366,77.37,60.16
"2025-06-20 02:30:00",18971,12.66,402,1,0.144,2.41,4.43,0.199,0.366,0.185,0.37,81.3,58.34
"2025-06-20 03:00:00",18972,12.66,402,1,0.146,2.51,4.41,0.207,0.364,0.192,0.369,81.7,61.28
"2025-06-20 03:30:00",18973,12.65,402,1,0.143,2.37,4.45,0.196,0.368,0.176,0.369,83.2,61.71
"2025-06-20 04:00:00",18974,12.66,402,1,0.139,2.23,4.45,0.184,0.368,0.165,0.372,82.8,61.39
"2025-06-20 04:30:00",18975,12.65,402,1,0.148,2.56,4.47,0.212,0.37,0.196,0.374,83.5,59.82
"2025-06-20 05:00:00",18976,12.65,402,1,0.143,2.4,4.43,0.198,0.366,0.175,0.361,82.7,61.46
"2025-06-20 05:30:00",18977,12.65,402,1,0.138,2.21,4.41,0.183,0.364,0.164,0.365,79.4,60.7
"2025-06-20 06:00:00",18978,12.65,402,1,0.145,2.33,4.62,0.192,0.382,0.177,0.382,83.3,62.38
"2025-06-20 06:30:00",18979,12.65,402,1,0.173,3,5.18,0.247,0.429,0.234,0.425,83.5,62.32
"2025-06-20 07:00:00",18980,12.64,402,1,0.216,3.84,6.37,0.318,0.527,0.309,0.522,87,66.01
"2025-06-20 07:30:00",18981,12.64,402,1,0.296,5.6,8.27,0.463,0.683,0.473,0.683,90.4,67.97
"2025-06-20 08:00:00",18982,12.64,402,1,0.331,6.22,9.32,0.514,0.769,0.527,0.762,89.6,69.66
"2025-06-20 08:30:00",18983,12.63,402,1,0.416,8.04,11.38,0.664,0.94,0.696,0.939,92,73.56
"2025-06-20 09:00:00",18984,12.64,402,1,0.411,8.67,10.28,0.716,1.038,0.732,1.031,86.3,71.88
"2025-06-20 09:30:00",18985,12.64,402,1,0.415,9.05,10,0.748,1.038,0.771,1.029,86.5,71.34
"2025-06-20 10:00:00",18986,12.64,402,1,0.479,9.62,12.58,0.796,1.124,0.818,1.109,84.8,70.39
"2025-06-20 10:30:00",18987,12.63,402,1,0.43,7.79,12.47,0.643,1.03,0.666,1.03,92.8,74.37
"2025-06-20 11:00:00",18988,12.64,402,1,0.461,9.25,12.13,0.763,1.049,0.784,1.031,85,70.34
"2025-06-20 11:30:00",18989,12.64,402,1,0.376,9.06,7.92,0.748,1.125,0.771,1.099,87.9,71.66
"2025-06-20 12:00:00",18990,12.64,402,1,0.368,9.78,6.5,0.808,1.18,0.828,1.161,88.5,71.05
"2025-06-20 12:30:00",18991,12.64,402,1,0.449,10.53,9.78,0.87,1.202,0.897,1.178,86.7,70.43
"2025-06-20 13:00:00",18992,12.64,402,1,0.567,10.93,15.54,0.903,1.242,0.919,1.209,82.3,68.63
"2025-06-20 13:30:00",18993,12.65,402,1,0.491,10.9,11.56,0.901,1.271,0.919,1.236,85.5,68.49
"2025-06-20 14:00:00",18994,12.65,402,1,0.484,10.67,11.49,0.882,1.27,0.905,1.235,85.6,69.12
"2025-06-20 14:30:00",18995,12.64,402,1,0.474,10.37,11.36,0.856,1.222,0.88,1.197,85.6,68.38
"2025-06-20 15:00:00",18996,12.64,402,1,0.496,10.58,12.24,0.874,1.22,0.898,1.195,85,67.5
"2025-06-20 15:30:00",18997,12.65,402,1,0.514,10.58,13.2,0.873,1.199,0.895,1.172,84.3,69.32
"2025-06-20 16:00:00",18998,12.65,402,1,0.407,10.03,8.24,0.828,1.19,0.849,1.171,87.5,68.77
"2025-06-20 16:30:00",18999,12.64,402,1,0.451,10.02,10.59,0.828,1.159,0.851,1.132,86.1,68.13
"2025-06-20 17:00:00",19000,12.64,402,1,0.419,9.79,9.22,0.809,1.138,0.832,1.114,87,68.76
"2025-06-20 17:30:00",19001,12.64,402,1,0.452,9.43,11.42,0.779,1.096,0.795,1.07,85.5,68.57
"2025-06-20 18:00:00",19002,12.64,402,1,0.448,9.05,11.73,0.748,1.085,0.77,1.059,85.3,68.11
"2025-06-20 18:30:00",19003,12.64,402,1,0.439,8.46,12.03,0.699,0.994,0.721,0.977,84.9,69.93
"2025-06-20 19:00:00",19004,12.64,402,1,0.316,5.9,8.92,0.487,0.737,0.498,0.73,83.6,65.39
"2025-06-20 19:30:00",19005,12.63,402,1,0.283,5.13,8.22,0.423,0.68,0.423,0.68,84.4,67.46
"2025-06-20 20:00:00",19006,12.63,402,1,0.222,3.94,6.56,0.326,0.542,0.321,0.546,81.4,63.95
"2025-06-20 20:30:00",19007,12.63,402,1,0.174,2.89,5.44,0.238,0.449,0.223,0.448,82.5,62.49
"2025-06-20 21:00:00",19008,12.62,402,1,0.151,2.44,4.79,0.201,0.396,0.182,0.4,80.2,62.73
"2025-06-20 21:30:00",19009,12.62,402,1,0.145,2.3,4.65,0.19,0.384,0.171,0.388,81.6,61.66
"2025-06-20 22:00:00",19010,12.61,402,1,0.139,2.21,4.45,0.183,0.369,0.155,0.373,81.1,63.4
"2025-06-20 22:30:00",19011,12.61,402,1,0.135,2.07,4.41,0.171,0.365,0.152,0.365,83.6,62.17
"2025-06-20 23:00:00",19012,12.61,402,1,0.129,2,4.2,0.166,0.348,0.138,0.352,80.7,61.47
"2025-06-20 23:30:00",19013,12.6,402,1,0.132,2.05,4.33,0.169,0.357,0.15,0.352,85.6,63.1
"2025-06-21 00:00:00",19014,12.6,402,1,0.131,2.1,4.19,0.174,0.346,0.15,0.347,82.9,62.48
"2025-06-21 00:30:00",19015,12.59,402,1,0.128,1.99,4.19,0.164,0.346,0.141,0.351,83.7,61.53
"2025-06-21 01:00:00",19016,12.59,402,1,0.131,2.12,4.16,0.175,0.344,0.152,0.344,81.2,61.79
"2025-06-21 01:30:00",19017,12.59,402,1,0.125,1.89,4.16,0.156,0.344,0.134,0.339,83.1,60.66
"2025-06-21 02:00:00",19018,12.59,402,1,0.131,2.07,4.23,0.171,0.349,0.148,0.344,82.5,63.04
"2025-06-21 02:30:00",19019,12.59,402,1,0.129,2.06,4.1,0.17,0.34,0.143,0.34,82,61.29
"2025-06-21 03:00:00",19020,12.59,402,1,0.128,2.02,4.13,0.167,0.341,0.144,0.342,82.9,63.22
"2025-06-21 03:30:00",19021,12.59,402,1,0.128,2.02,4.13,0.166,0.341,0.144,0.336,83.4,62.16
"2025-06-21 04:00:00",19022,12.59,402,1,0.126,2.02,4.02,0.167,0.332,0.14,0.336,82.5,62.28
"2025-06-21 04:30:00",19023,12.58,402,1,0.126,1.98,4.06,0.163,0.336,0.14,0.336,83.6,61.4
"2025-06-21 05:00:00",19024,12.58,402,1,0.129,2.09,4.08,0.173,0.337,0.15,0.342,83.6,62.65
"2025-06-21 05:30:00",19025,12.58,402,1,0.131,2.14,4.1,0.177,0.339,0.153,0.34,83,61.53
"2025-06-21 06:00:00",19026,12.58,402,1,0.135,2.23,4.24,0.184,0.351,0.16,0.346,81.6,61.14
"2025-06-21 06:30:00",19027,12.58,402,1,0.158,2.68,4.86,0.221,0.402,0.204,0.396,83.9,63.72
"2025-06-21 07:00:00",19028,12.58,402,1,0.182,3.14,5.51,0.259,0.455,0.245,0.451,89,65.79
"2025-06-21 07:30:00",19029,12.57,402,1,0.265,4.93,7.52,0.407,0.621,0.413,0.622,93.2,68.22
"2025-06-21 08:00:00",19030,12.57,402,1,0.329,6.19,9.22,0.512,0.762,0.528,0.755,92,69.31
"2025-06-21 08:30:00",19031,12.57,402,1,0.426,8.08,11.85,0.668,0.979,0.693,0.97,93.2,72.72
"2025-06-21 09:00:00",19032,12.57,402,1,0.355,9.04,6.82,0.747,1.067,0.761,1.06,88.3,72.11
"2025-06-21 09:30:00",19033,12.57,402,1,0.39,9.75,7.72,0.806,1.116,0.83,1.101,87.9,72.39
"2025-06-21 10:00:00",19034,12.57,402,1,0.516,10.9,12.86,0.9,1.244,0.919,1.21,84.5,68.8
"2025-06-21 10:30:00",19035,12.57,402,1,0.445,7.68,13.38,0.634,1.105,0.544,1.105,103.6,72.85
"2025-06-21 11:00:00",19036,12.57,402,1,0.65,11.1,19.71,0.916,1.162,0.922,1.135,78.85,68.39
"2025-06-21 11:30:00",19037,12.58,402,1,0.519,11.04,12.82,0.912,1.278,0.94,1.242,84.6,66.12
"2025-06-21 12:00:00",19038,12.58,402,1,0.525,11.56,12.47,0.955,1.329,0.979,1.284,84.7,68.51
"2025-06-21 12:30:00",19039,12.58,402,1,0.511,11.45,11.85,0.945,1.325,0.965,1.29,85.3,67.28
"2025-06-21 13:00:00",19040,12.58,402,1,0.563,11.66,14.37,0.963,1.351,0.975,1.314,83.4,68.17
"2025-06-21 13:30:00",19041,12.59,402,1,0.596,11.71,16.01,0.968,1.332,0.98,1.287,82,66.78
"2025-06-21 14:00:00",19042,12.58,402,1,0.566,11.81,14.3,0.976,1.373,0.999,1.326,83.3,66.09
"2025-06-21 14:30:00",19043,12.58,402,1,0.586,11.6,15.66,0.959,1.341,0.976,1.295,82.3,66.61
"2025-06-21 15:00:00",19044,12.58,402,1,0.585,11.38,15.9,0.94,1.314,0.959,1.269,82.2,66.92
"2025-06-21 15:30:00",19045,12.58,402,1,0.483,11.14,10.81,0.92,1.314,0.94,1.269,86,66.55
"2025-06-21 16:00:00",19046,12.58,402,1,0.545,10.88,14.42,0.899,1.26,0.911,1.231,83.2,68.24
"2025-06-21 16:30:00",19047,12.58,402,1,0.586,11.05,16.36,0.914,1.276,0.93,1.233,81.7,66.23
"2025-06-21 17:00:00",19048,12.58,402,1,0.607,11.26,17.2,0.931,1.267,0.944,1.222,81,66.03
"2025-06-21 17:30:00",19049,12.58,402,1,0.531,10.67,13.95,0.882,1.234,0.902,1.199,83.7,67.97
"2025-06-21 18:00:00",19050,12.58,402,1,0.481,10.3,11.8,0.85,1.192,0.868,1.147,85.3,67.78
"2025-06-21 18:30:00",19051,12.57,402,1,0.562,9.71,16.89,0.803,1.135,0.819,1.099,81.3,67.33
"2025-06-21 19:00:00",19052,12.57,402,1,0.43,8.2,11.94,0.677,0.986,0.699,0.968,83.6,68.88
"2025-06-21 19:30:00",19053,12.57,402,1,0.347,6.51,9.76,0.539,0.807,0.555,0.799,85.5,66.99
"2025-06-21 20:00:00",19054,12.57,402,1,0.273,5.04,7.77,0.417,0.642,0.411,0.643,82.9,65.22
"2025-06-21 20:30:00",19055,12.56,402,1,0.202,3.49,6.08,0.288,0.502,0.285,0.505,79.55,62.83
"2025-06-21 21:00:00",19056,12.56,402,1,0.173,2.89,5.37,0.239,0.444,0.223,0.449,79.84,63.88
"2025-06-21 21:30:00",19057,12.55,402,1,0.16,2.66,4.96,0.22,0.409,0.2,0.419,78.38,61.42
"2025-06-21 22:00:00",19058,12.54,402,1,0.152,2.45,4.81,0.202,0.398,0.182,0.402,81.3,61.61
"2025-06-21 22:30:00",19059,12.54,402,1,0.146,2.38,4.62,0.197,0.382,0.178,0.388,80.4,62.17
"2025-06-21 23:00:00",19060,12.54,402,1,0.145,2.33,4.62,0.192,0.382,0.173,0.382,81.9,62.97
"2025-06-21 23:30:00",19061,12.53,402,1,0.143,2.27,4.57,0.188,0.378,0.173,0.378,81.9,61.66
"2025-06-22 00:00:00",19062,12.53,402,1,0.142,2.28,4.52,0.189,0.374,0.161,0.378,82.6,61.16
"2025-06-22 00:30:00",19063,12.53,402,1,0.141,2.27,4.45,0.188,0.368,0.164,0.368,81.4,62.66
"2025-06-22 01:00:00",19064,12.52,402,1,0.136,2.17,4.33,0.18,0.358,0.156,0.362,79.86,61.9
"2025-06-22 01:30:00",19065,12.52,402,1,0.138,2.2,4.43,0.182,0.366,0.158,0.366,81.5,62.08
"2025-06-22 02:00:00",19066,12.52,402,1,0.133,2.1,4.26,0.174,0.352,0.146,0.357,83.6,61.15
"2025-06-22 02:30:00",19067,12.52,402,1,0.133,2.14,4.24,0.177,0.35,0.149,0.345,84.1,63.4
"2025-06-22 03:00:00",19068,12.52,402,1,0.13,2.05,4.17,0.169,0.345,0.145,0.346,85.2,63.53
"2025-06-22 03:30:00",19069,12.52,402,1,0.127,1.99,4.1,0.165,0.34,0.137,0.34,82.4,63.23
"2025-06-22 04:00:00",19070,12.51,402,1,0.129,2.05,4.16,0.17,0.344,0.146,0.34,82.1,64.42
"2025-06-22 04:30:00",19071,12.51,402,1,0.132,2.14,4.17,0.177,0.345,0.148,0.346,82,62.29
"2025-06-22 05:00:00",19072,12.51,402,1,0.131,2.14,4.13,0.177,0.341,0.15,0.342,83.4,62.98
"2025-06-22 05:30:00",19073,12.51,402,1,0.133,2.16,4.22,0.178,0.349,0.154,0.349,82.9,62.66
"2025-06-22 06:00:00",19074,12.51,402,1,0.149,2.47,4.62,0.204,0.382,0.179,0.378,83.3,62.6
"2025-06-22 06:30:00",19075,12.51,402,1,0.166,2.86,5.04,0.236,0.417,0.214,0.413,87,64.53
"2025-06-22 07:00:00",19076,12.5,402,1,0.197,3.46,5.88,0.286,0.486,0.275,0.482,86.8,66.55
"2025-06-22 07:30:00",19077,12.5,402,1,0.264,4.9,7.48,0.405,0.618,0.417,0.619,93.8,69.8
"2025-06-22 08:00:00",19078,12.5,402,1,0.317,6.04,8.78,0.499,0.726,0.515,0.726,90.9,69.89
"2025-06-22 08:30:00",19079,12.5,402,1,0.4,7.59,11.12,0.627,0.919,0.646,0.918,95,72.29
"2025-06-22 09:00:00",19080,12.5,402,1,0.425,7.89,12.05,0.652,1.036,0.629,1.036,85.1,72.93
"2025-06-22 09:30:00",19081,12.5,402,1,0.489,8.46,14.7,0.699,1.04,0.711,1.038,83.1,71.08
"2025-06-22 10:00:00",19082,12.5,402,1,0.477,10.56,11.24,0.872,1.204,0.891,1.179,85.7,68.44
"2025-06-22 10:30:00",19083,12.5,402,1,0.393,8.7,9.3,0.719,1.089,0.726,1.081,87,72.77
"2025-06-22 11:00:00",19084,12.5,402,1,0.525,9.97,14.6,0.824,1.101,0.847,1.075,83.1,71.39
"2025-06-22 11:30:00",19085,12.51,402,1,0.442,10.3,9.76,0.851,1.201,0.876,1.164,86.7,69.01
"2025-06-22 12:00:00",19086,12.51,402,1,0.499,11.14,11.67,0.92,1.333,0.94,1.288,85.4,67.66
"2025-06-22 12:30:00",19087,12.51,402,1,0.507,11.56,11.5,0.955,1.347,0.978,1.311,85.5,66.53
"2025-06-22 13:00:00",19088,12.51,402,1,0.686,15.61,15.61,0.999,1.373,1.018,1.329,82.3,66.1
"2025-06-22 13:30:00",19089,12.51,402,1,0.548,11.91,13.22,0.983,1.35,1,1.305,84.3,66.54
"2025-06-22 14:00:00",19090,12.51,402,1,0.567,11.6,14.67,0.958,1.342,0.977,1.299,83.1,66.84
"2025-06-22 14:30:00",19091,12.51,402,1,0.52,11.11,12.8,0.918,1.25,0.934,1.204,84.6,67.85
"2025-06-22 15:00:00",19092,12.51,402,1,0.481,9.26,13.21,0.765,1.08,0.787,1.061,84.3,68.84
"2025-06-22 15:30:00",19093,12.51,402,1,0.421,10.1,8.9,0.835,1.218,0.856,1.181,87.2,67.22
"2025-06-22 16:00:00",19094,12.5,402,1,0.573,11.19,15.49,0.924,1.297,0.938,1.249,82.5,66.23
"2025-06-22 16:30:00",19095,12.51,402,1,0.39,9.29,8.35,0.767,1.126,0.791,1.099,87.5,68.78
"2025-06-22 17:00:00",19096,12.5,402,1,0.467,10.48,10.81,0.866,1.307,0.882,1.262,86,68.8
"2025-06-22 17:30:00",19097,12.5,402,1,0.452,8.9,12.13,0.735,1.003,0.751,0.985,81.4,67.89
"2025-06-22 18:00:00",19098,12.5,402,1,0.261,4.68,7.62,0.387,0.629,0.384,0.629,84.7,67.74
"2025-06-22 18:30:00",19099,12.5,402,1,0.215,3.7,6.5,0.305,0.537,0.302,0.538,84.8,66.62
"2025-06-22 19:00:00",19100,12.49,402,1,0.222,3.85,6.67,0.318,0.551,0.316,0.546,84.7,68.19
"2025-06-22 19:30:00",19101,12.49,402,1,0.198,3.39,6.01,0.28,0.496,0.27,0.498,83.7,65.68
"2025-06-22 20:00:00",19102,12.49,402,1,0.171,2.8,5.35,0.231,0.443,0.21,0.444,81,65.3
"2025-06-22 20:30:00",19103,12.49,402,1,0.155,2.52,4.89,0.208,0.403,0.188,0.407,83.6,61.66
"2025-06-22 21:00:00",19104,12.48,402,1,0.146,2.31,4.66,0.191,0.386,0.172,0.392,83.3,63.53
"2025-06-22 21:30:00",19105,12.48,402,1,0.137,2.14,4.45,0.177,0.368,0.153,0.372,80.8,61.57
"2025-06-22 22:00:00",19106,12.47,402,1,0.136,2.13,4.43,0.176,0.366,0.157,0.366,81.4,63.13
"2025-06-22 22:30:00",19107,12.47,402,1,0.132,2.07,4.29,0.171,0.354,0.147,0.354,80.4,63.7
"2025-06-22 23:00:00",19108,12.47,402,1,0.131,2.07,4.23,0.171,0.35,0.147,0.354,81.9,61.38
"2025-06-22 23:30:00",19109,12.46,402,1,0.126,1.95,4.09,0.161,0.338,0.142,0.343,84,61.82
"2025-06-23 00:00:00",19110,12.46,402,1,0.127,1.95,4.15,0.161,0.342,0.142,0.343,79.67,62.46
"2025-06-23 00:30:00",19111,12.46,402,1,0.126,1.98,4.08,0.164,0.336,0.136,0.337,82,62.06
"2025-06-23 01:00:00",19112,12.46,402,1,0.125,2,4.01,0.165,0.331,0.138,0.332,82.3,60.88
"2025-06-23 01:30:00",19113,12.46,402,1,0.124,1.92,4.05,0.159,0.335,0.132,0.33,83.7,61.75
"2025-06-23 02:00:00",19114,12.46,402,1,0.128,2.03,4.1,0.168,0.339,0.14,0.334,84.4,63.45
"2025-06-23 02:30:00",19115,12.45,402,1,0.127,2.05,4.05,0.169,0.335,0.142,0.336,83.7,62.2
"2025-06-23 03:00:00",19116,12.45,402,1,0.129,2.05,4.12,0.169,0.341,0.146,0.336,82.6,61.62
"2025-06-23 03:30:00",19117,12.45,402,1,0.128,2.06,4.08,0.17,0.336,0.146,0.337,81.2,63.51
"2025-06-23 04:00:00",19118,12.45,402,1,0.128,2.05,4.08,0.169,0.336,0.15,0.337,81.5,60.81
"2025-06-23 04:30:00",19119,12.45,402,1,0.129,2.14,4.01,0.177,0.331,0.15,0.332,85.3,62.06
"2025-06-23 05:00:00",19120,12.44,402,1,0.127,2.05,4.02,0.169,0.332,0.146,0.333,82.8,61.81
"2025-06-23 05:30:00",19121,12.44,402,1,0.126,2.05,4.01,0.169,0.331,0.146,0.326,83.5,62.5
"2025-06-23 06:00:00",19122,12.44,402,1,0.138,2.21,4.38,0.183,0.362,0.159,0.353,85.2,62.25
"2025-06-23 06:30:00",19123,12.44,402,1,0.155,2.63,4.72,0.217,0.39,0.2,0.386,85.6,65.08
"2025-06-23 07:00:00",19124,12.44,402,1,0.186,3.29,5.52,0.272,0.456,0.254,0.452,89,68.52
"2025-06-23 07:30:00",19125,12.44,402,1,0.26,4.89,7.28,0.404,0.602,0.402,0.593,96.3,70.29
"2025-06-23 08:00:00",19126,12.44,402,1,0.318,5.94,8.95,0.491,0.739,0.501,0.729,89.6,69.37
"2025-06-23 08:30:00",19127,12.44,402,1,0.449,8.63,12.33,0.713,1.018,0.737,1.002,90.1,71.4
"2025-06-23 09:00:00",19128,12.43,402,1,0.522,10.44,13.81,0.862,1.142,0.89,1.124,91.1,70.33
"2025-06-23 09:30:00",19129,12.44,402,1,0.394,10.11,7.45,0.836,1.157,0.851,1.14,88,70.05
"2025-06-23 10:00:00",19130,12.44,402,1,0.593,11.39,16.31,0.941,1.297,0.963,1.261,81.8,68.05
"2025-06-23 10:30:00",19131,12.43,402,1,0.491,10.07,12.66,0.833,1.191,0.85,1.18,84.7,71.27
"2025-06-23 11:00:00",19132,12.44,402,1,0.639,11.39,18.74,0.941,1.234,0.948,1.206,79.68,66.95
"2025-06-23 11:30:00",19133,12.44,402,1,0.564,11.71,14.35,0.968,1.337,0.985,1.291,83.4,66.18
"2025-06-23 12:00:00",19134,12.44,402,1,0.549,11.71,13.52,0.968,1.382,0.984,1.335,84.1,66.08
"2025-06-23 12:30:00",19135,12.45,402,1,0.634,14.43,14.43,1.031,1.409,1.046,1.355,83.3,64.76
"2025-06-23 13:00:00",19136,12.44,402,1,0.621,11.89,17.09,0.982,1.391,0.998,1.337,81.1,65.83
"2025-06-23 13:30:00",19137,12.44,402,1,0.727,16.53,16.53,1.013,1.479,1.024,1.402,81.6,63.82
"2025-06-23 14:00:00",19138,12.44,402,1,0.803,18.27,18.27,1.001,1.42,1.013,1.354,80.1,65.89
"2025-06-23 14:30:00",19139,12.44,402,1,0.597,11.92,15.8,0.984,1.362,0.997,1.306,82.2,65.71
"2025-06-23 15:00:00",19140,12.44,402,1,0.52,11.56,12.23,0.954,1.354,0.974,1.309,85,66.28
"2025-06-23 15:30:00",19141,12.44,402,1,0.621,11.85,17.17,0.979,1.379,0.991,1.316,81,65.28
"2025-06-23 16:00:00",19142,12.44,402,1,0.797,18.14,18.14,0.996,1.331,1.013,1.278,80.3,66.28
"2025-06-23 16:30:00",19143,12.44,402,1,0.561,11.43,14.57,0.944,1.314,0.967,1.259,83.3,67.02
"2025-06-23 17:00:00",19144,12.44,402,1,0.59,11.49,16.01,0.949,1.3,0.959,1.244,82,65.76
"2025-06-23 17:30:00",19145,12.43,402,1,0.597,10.7,17.43,0.884,1.244,0.898,1.196,80.8,68.33
"2025-06-23 18:00:00",19146,12.43,402,1,0.589,11.17,16.39,0.922,1.304,0.943,1.248,81.7,66.19
"2025-06-23 18:30:00",19147,12.43,402,1,0.505,9.99,13.49,0.826,1.171,0.844,1.137,84.1,67.64
"2025-06-23 19:00:00",19148,12.43,402,1,0.442,8.63,11.98,0.713,0.99,0.729,0.972,81.9,69.19
"2025-06-23 19:30:00",19149,12.43,402,1,0.35,6.63,9.74,0.547,0.804,0.551,0.796,82.9,67.47
"2025-06-23 20:00:00",19150,12.42,402,1,0.253,4.54,7.4,0.375,0.611,0.378,0.611,84.6,66.39
"2025-06-23 20:30:00",19151,12.42,402,1,0.192,3.28,5.84,0.271,0.482,0.257,0.481,84.9,64.95
"2025-06-23 21:00:00",19152,12.41,402,1,0.17,2.89,5.21,0.238,0.431,0.217,0.431,83.7,62.99
"2025-06-23 21:30:00",19153,12.41,402,1,0.163,2.73,5.06,0.225,0.417,0.209,0.417,84.9,63.12
"2025-06-23 22:00:00",19154,12.41,402,1,0.162,2.76,4.93,0.228,0.407,0.217,0.417,81.3,62.35
"2025-06-23 22:30:00",19155,12.4,402,1,0.155,2.59,4.79,0.214,0.395,0.198,0.405,82,62.03
"2025-06-23 23:00:00",19156,12.4,402,1,0.154,2.61,4.73,0.215,0.391,0.194,0.401,80.9,61.91
"2025-06-23 23:30:00",19157,12.39,402,1,0.147,2.42,4.61,0.2,0.381,0.18,0.382,82.6,61.59
"2025-06-24 00:00:00",19158,12.4,402,1,0.147,2.49,4.5,0.206,0.371,0.186,0.378,80.2,63.22
"2025-06-24 00:30:00",19159,12.4,402,1,0.144,2.42,4.44,0.201,0.367,0.181,0.368,80.7,63.52
"2025-06-24 01:00:00",19160,12.39,402,1,0.139,2.26,4.4,0.187,0.363,0.162,0.37,81.6,61.65
"2025-06-24 01:30:00",19161,12.39,402,1,0.138,2.24,4.34,0.186,0.359,0.166,0.36,80.6,61.4
"2025-06-24 02:00:00",19162,12.38,402,1,0.133,2.21,4.12,0.183,0.34,0.163,0.341,80.5,60.82
"2025-06-24 02:30:00",19163,12.38,402,1,0.132,2.23,4.06,0.184,0.336,0.16,0.336,80.7,62.77
"2025-06-24 03:00:00",19164,12.38,402,1,0.132,2.17,4.12,0.18,0.34,0.156,0.341,83.4,61.64
"2025-06-24 03:30:00",19165,12.38,402,1,0.132,2.24,4.05,0.185,0.334,0.156,0.335,84,60.26
"2025-06-24 04:00:00",19166,12.38,402,1,0.131,2.14,4.13,0.177,0.341,0.153,0.346,80.9,63.15
"2025-06-24 04:30:00",19167,12.38,402,1,0.126,2.05,3.99,0.169,0.33,0.146,0.331,83.1,61.84
"2025-06-24 05:00:00",19168,12.38,402,1,0.131,2.14,4.13,0.177,0.341,0.153,0.336,83.1,62.14
"2025-06-24 05:30:00",19169,12.38,402,1,0.135,2.24,4.19,0.185,0.346,0.16,0.346,82.9,61.64
"2025-06-24 06:00:00",19170,12.37,402,1,0.149,2.54,4.52,0.209,0.374,0.189,0.374,84.1,63.65
"2025-06-24 06:30:00",19171,12.37,402,1,0.149,2.47,4.66,0.204,0.386,0.178,0.38,88,63.97
"2025-06-24 07:00:00",19172,12.37,402,1,0.189,3.33,5.63,0.275,0.465,0.263,0.46,88.8,65.29
"2025-06-24 07:30:00",19173,12.37,402,1,0.259,4.81,7.34,0.397,0.607,0.399,0.607,90.9,66.68
"2025-06-24 08:00:00",19174,12.37,402,1,0.319,5.98,8.99,0.494,0.744,0.504,0.74,91.3,68.06
"2025-06-24 08:30:00",19175,12.37,402,1,0.447,8.56,12.34,0.707,1.019,0.723,1.01,91.4,72.91
"2025-06-24 09:00:00",19176,12.37,402,1,0.388,10.2,7.03,0.842,1.134,0.854,1.124,88.2,71.48
"2025-06-24 09:30:00",19177,12.37,402,1,0.53,9.53,15.42,0.787,1.124,0.799,1.116,82.5,70.06
"2025-06-24 10:00:00",19178,12.37,402,1,0.558,11.33,14.5,0.936,1.249,0.956,1.211,83.2,68.25
"2025-06-24 10:30:00",19179,12.37,402,1,0.491,9.36,13.6,0.773,1.124,0.806,1.109,98.4,73.4
"2025-06-24 11:00:00",19180,12.37,402,1,0.621,10.46,19,0.865,1.152,0.884,1.128,79.49,68.52
"2025-06-24 11:30:00",19181,12.37,402,1,0.602,11.36,16.8,0.939,1.28,0.96,1.225,81.4,67.38
"2025-06-24 12:00:00",19182,12.38,402,1,0.625,14.22,14.22,1.018,1.408,1.032,1.342,83.4,64.89
"2025-06-24 12:30:00",19183,12.37,402,1,0.579,11.67,15.2,0.964,1.337,0.985,1.291,82.6,66.4
"2025-06-24 13:00:00",19184,12.38,402,1,0.52,11.45,12.37,0.945,1.324,0.963,1.287,85,66.97
"2025-06-24 13:30:00",19185,12.38,402,1,0.565,11.74,14.35,0.969,1.335,0.989,1.288,83.3,66.28
"2025-06-24 14:00:00",19186,12.38,402,1,0.693,15.77,15.77,1.016,1.36,1.027,1.302,82.3,66.28
"2025-06-24 14:30:00",19187,12.38,402,1,0.568,11.59,14.74,0.958,1.331,0.976,1.275,83.1,66.09
"2025-06-24 15:00:00",19188,12.38,402,1,0.792,18.02,18.02,0.994,1.384,1.013,1.318,80.3,65.34
"2025-06-24 15:30:00",19189,12.38,402,1,0.776,17.65,17.65,1.012,1.386,1.022,1.32,80.6,64.14
"2025-06-24 16:00:00",19190,12.37,402,1,0.553,11.68,13.8,0.966,1.355,0.978,1.298,83.8,65.09
"2025-06-24 16:30:00",19191,12.38,402,1,0.54,11.25,13.67,0.93,1.304,0.951,1.258,83.9,68.16
"2025-06-24 17:00:00",19192,12.37,402,1,0.609,11.4,17.1,0.942,1.301,0.96,1.245,81.1,66.34
"2025-06-24 17:30:00",19193,12.37,402,1,0.55,11.14,14.36,0.921,1.28,0.941,1.236,83.5,67.46
"2025-06-24 18:00:00",19194,12.37,402,1,0.564,11.05,15.23,0.913,1.271,0.935,1.215,82.6,67.14
"2025-06-24 18:30:00",19195,12.37,402,1,0.506,10.23,13.24,0.845,1.196,0.864,1.151,84.3,68.76
"2025-06-24 19:00:00",19196,12.37,402,1,0.499,9.79,13.43,0.809,1.124,0.832,1.09,84.1,67.88
"2025-06-24 19:30:00",19197,12.37,402,1,0.428,8.2,11.81,0.677,0.976,0.693,0.95,82,67.24
"2025-06-24 20:00:00",19198,12.36,402,1,0.316,5.91,8.9,0.489,0.735,0.5,0.728,84.4,66.16
"2025-06-24 20:30:00",19199,12.36,402,1,0.225,4.02,6.58,0.332,0.544,0.324,0.543,81.3,63.33
"2025-06-24 21:00:00",19200,12.36,402,1,0.191,3.35,5.67,0.277,0.468,0.26,0.474,82.5,62.99
"2025-06-24 21:30:00",19201,12.35,402,1,0.168,2.79,5.2,0.23,0.43,0.214,0.434,80.1,61.11
"2025-06-24 22:00:00",19202,12.35,402,1,0.17,2.86,5.23,0.236,0.432,0.224,0.431,81.9,61.67
"2025-06-24 22:30:00",19203,12.35,402,1,0.155,2.62,4.76,0.217,0.393,0.196,0.403,82.7,62.74
"2025-06-24 23:00:00",19204,12.34,402,1,0.15,2.51,4.66,0.207,0.385,0.182,0.389,81.2,62.73
"2025-06-24 23:30:00",19205,12.34,402,1,0.145,2.38,4.54,0.197,0.375,0.177,0.375,84.6,61.6
"2025-06-25 00:00:00",19206,12.34,402,1,0.146,2.42,4.54,0.2,0.375,0.18,0.376,81.9,60.91
"2025-06-25 00:30:00",19207,12.34,402,1,0.147,2.51,4.47,0.208,0.369,0.187,0.37,82,61.03
"2025-06-25 01:00:00",19208,12.33,402,1,0.142,2.4,4.37,0.197,0.361,0.173,0.361,81,63.03
"2025-06-25 01:30:00",19209,12.33,402,1,0.139,2.31,4.34,0.191,0.359,0.167,0.36,80.9,63.41
"2025-06-25 02:00:00",19210,12.33,402,1,0.138,2.34,4.24,0.193,0.351,0.173,0.355,82.3,60.08
"2025-06-25 02:30:00",19211,12.33,402,1,0.139,2.35,4.27,0.195,0.353,0.166,0.348,83.2,63.72
"2025-06-25 03:00:00",19212,12.33,402,1,0.133,2.24,4.1,0.186,0.339,0.157,0.344,82.9,61.4
"2025-06-25 03:30:00",19213,12.32,402,1,0.128,2.03,4.1,0.167,0.339,0.148,0.338,82.4,62.65
"2025-06-25 04:00:00",19214,12.32,402,1,0.132,2.21,4.08,0.183,0.336,0.159,0.341,81.7,61.21
"2025-06-25 04:30:00",19215,12.32,402,1,0.128,2.14,3.98,0.177,0.329,0.148,0.33,82.7,61.27
"2025-06-25 05:00:00",19216,12.32,402,1,0.139,2.41,4.19,0.199,0.347,0.174,0.351,81.4,61.46
"2025-06-25 05:30:00",19217,12.32,402,1,0.136,2.34,4.15,0.194,0.343,0.17,0.344,81.6,62.15
"2025-06-25 06:00:00",19218,12.32,402,1,0.149,2.54,4.54,0.209,0.375,0.188,0.372,85,62.01
"2025-06-25 06:30:00",19219,12.32,402,1,0.16,2.82,4.76,0.233,0.394,0.206,0.39,87.3,65.28
"2025-06-25 07:00:00",19220,12.31,402,1,0.2,3.56,5.9,0.294,0.488,0.284,0.483,90.4,68.18
"2025-06-25 07:30:00",19221,12.31,402,1,0.263,4.97,7.33,0.411,0.605,0.411,0.602,90.7,65.49
"2025-06-25 08:00:00",19222,12.31,402,1,0.328,6.26,9.06,0.518,0.748,0.536,0.748,88.1,70.14
"2025-06-25 08:30:00",19223,12.31,402,1,0.468,8.91,13,0.737,1.074,0.76,1.056,90.6,70.09
"2025-06-25 09:00:00",19224,12.31,402,1,0.351,9.57,5.88,0.79,1.096,0.816,1.086,88.8,69.85
"2025-06-25 09:30:00",19225,12.31,402,1,0.502,10.38,12.83,0.858,1.143,0.88,1.134,84.5,69.81
"2025-06-25 10:00:00",19226,12.31,402,1,0.636,10.55,19.7,0.871,1.254,0.882,1.209,78.84,67.87
"2025-06-25 10:30:00",19227,12.31,402,1,0.507,9.72,13.94,0.804,1.151,0.784,1.143,109.9,73.86
"2025-06-25 11:00:00",19228,12.31,402,1,0.52,10.83,13.2,0.895,1.201,0.914,1.175,84.3,68.52
"2025-06-25 11:30:00",19229,12.31,402,1,0.637,11.73,18.17,0.969,1.317,0.989,1.269,80.2,66.25
"2025-06-25 12:00:00",19230,12.32,402,1,0.58,11.49,15.49,0.949,1.355,0.959,1.308,82.5,65.96
"2025-06-25 12:30:00",19231,12.31,402,1,0.554,11.74,13.74,0.97,1.338,0.987,1.291,83.8,64.57
"2025-06-25 13:00:00",19232,12.32,402,1,0.544,11.19,13.98,0.925,1.314,0.939,1.277,83.7,67.91
"2025-06-25 13:30:00",19233,12.32,402,1,0.575,11.64,15.03,0.962,1.384,0.977,1.337,82.9,65.64
"2025-06-25 14:00:00",19234,12.32,402,1,0.706,16.07,16.07,1.005,1.35,1.018,1.295,81.9,65.91
"2025-06-25 14:30:00",19235,12.31,402,1,0.618,11.71,17.22,0.968,1.36,0.98,1.302,81,65.78
"2025-06-25 15:00:00",19236,12.31,402,1,0.615,11.82,16.91,0.976,1.34,0.991,1.283,81.3,65.09
"2025-06-25 15:30:00",19237,12.31,402,1,0.819,18.63,18.63,0.997,1.364,1.014,1.308,79.77,66.28
"2025-06-25 16:00:00",19238,12.31,402,1,0.581,11.73,15.2,0.969,1.332,0.992,1.286,82.7,66.47
"2025-06-25 16:30:00",19239,12.31,402,1,0.81,18.44,18.44,1.019,1.327,1.026,1.269,80,67.53
"2025-06-25 17:00:00",19240,12.31,402,1,0.614,11.63,17.09,0.96,1.306,0.971,1.249,81.1,66.83
"2025-06-25 17:30:00",19241,12.31,402,1,0.603,11.49,16.68,0.949,1.279,0.967,1.232,81.4,64.95
"2025-06-25 18:00:00",19242,12.31,402,1,0.577,11.15,15.79,0.921,1.258,0.935,1.211,82.2,67.25
"2025-06-25 18:30:00",19243,12.31,402,1,0.541,10.1,15.26,0.834,1.15,0.853,1.113,82.7,67.69
"2025-06-25 19:00:00",19244,12.3,402,1,0.54,9.36,16.19,0.773,1.078,0.79,1.051,81.9,67.12
"2025-06-25 19:30:00",19245,12.3,402,1,0.4,7.76,10.91,0.641,0.902,0.656,0.885,82.1,65.09
"2025-06-25 20:00:00",19246,12.3,402,1,0.282,5.24,8,0.433,0.661,0.436,0.665,81.3,64.57
"2025-06-25 20:30:00",19247,12.3,402,1,0.204,3.6,6.04,0.297,0.499,0.29,0.504,79.23,61.75
"2025-06-25 21:00:00",19248,12.29,402,1,0.179,3.05,5.45,0.252,0.451,0.236,0.45,81.8,62.05
"2025-06-25 21:30:00",19249,12.29,402,1,0.167,2.87,5.06,0.237,0.418,0.221,0.424,80.6,60.67
"2025-06-25 22:00:00",19250,12.28,402,1,0.16,2.69,4.93,0.222,0.407,0.206,0.418,82.3,62.79
"2025-06-25 22:30:00",19251,12.28,402,1,0.155,2.55,4.83,0.211,0.399,0.194,0.399,82.4,61.15
"2025-06-25 23:00:00",19252,12.28,402,1,0.159,2.72,4.83,0.224,0.399,0.203,0.399,80.8,62.28
"2025-06-25 23:30:00",19253,12.28,402,1,0.153,2.61,4.68,0.215,0.387,0.199,0.387,81.8,62.09
"2025-06-26 00:00:00",19254,12.27,402,1,0.155,2.77,4.55,0.229,0.377,0.213,0.381,81.8,61.08
"2025-06-26 00:30:00",19255,12.27,402,1,0.145,2.48,4.43,0.204,0.366,0.18,0.371,81.1,61.39
"2025-06-26 01:00:00",19256,12.27,402,1,0.145,2.41,4.51,0.199,0.372,0.175,0.377,82.4,61.14
"2025-06-26 01:30:00",19257,12.27,402,1,0.143,2.41,4.38,0.199,0.362,0.179,0.363,81.7,59.51
"2025-06-26 02:00:00",19258,12.26,402,1,0.142,2.37,4.38,0.196,0.362,0.172,0.367,81.4,60.38
"2025-06-26 02:30:00",19259,12.26,402,1,0.14,2.34,4.31,0.193,0.356,0.169,0.361,83.1,61.88
"2025-06-26 03:00:00",19260,12.26,402,1,0.14,2.37,4.29,0.195,0.354,0.175,0.355,79.85,61.13
"2025-06-26 03:30:00",19261,12.26,402,1,0.14,2.34,4.36,0.193,0.36,0.173,0.355,82.8,61.82
"2025-06-26 04:00:00",19262,12.25,402,1,0.139,2.35,4.26,0.194,0.352,0.169,0.352,80.7,61.7
"2025-06-26 04:30:00",19263,12.25,402,1,0.135,2.26,4.2,0.187,0.348,0.162,0.342,84.5,59.25
"2025-06-26 05:00:00",19264,12.25,402,1,0.139,2.28,4.36,0.189,0.36,0.164,0.361,82.6,62.39
"2025-06-26 05:30:00",19265,12.25,402,1,0.137,2.3,4.23,0.19,0.35,0.165,0.351,83.1,61.13
"2025-06-26 06:00:00",19266,12.25,402,1,0.141,2.37,4.36,0.196,0.36,0.166,0.355,81.3,63.32
"2025-06-26 06:30:00",19267,12.24,402,1,0.145,2.51,4.37,0.207,0.361,0.181,0.355,84.4,62.39
"2025-06-26 07:00:00",19268,12.25,402,1,0.159,2.72,4.82,0.224,0.398,0.197,0.394,89.8,65.52
"2025-06-26 07:30:00",19269,12.25,402,1,0.215,3.84,6.29,0.317,0.519,0.307,0.514,95,68.29
"2025-06-26 08:00:00",19270,12.24,402,1,0.288,5.51,7.99,0.455,0.659,0.461,0.656,90,70.24
"2025-06-26 08:30:00",19271,12.24,402,1,0.382,7.19,10.7,0.593,0.884,0.612,0.883,89.7,71.76
"2025-06-26 09:00:00",19272,12.24,402,1,0.447,8.77,12.05,0.725,0.996,0.743,0.986,92.3,71.59
"2025-06-26 09:30:00",19273,12.25,402,1,0.454,9.54,11.39,0.788,1.046,0.81,1.039,85.6,71.42
"2025-06-26 10:00:00",19274,12.24,402,1,0.484,9.99,12.41,0.826,1.165,0.844,1.145,84.9,68.4
"2025-06-26 10:30:00",19275,12.24,402,1,0.444,8.25,12.59,0.681,1.04,0.639,1.045,110,78.42
"2025-06-26 11:00:00",19276,12.25,402,1,0.61,10.38,18.53,0.857,1.112,0.87,1.093,79.9,69.44
"2025-06-26 11:30:00",19277,12.25,402,1,0.49,10.95,11.4,0.905,1.25,0.934,1.211,85.6,69.36
"2025-06-26 12:00:00",19278,12.25,402,1,0.425,11.1,7.77,0.916,1.302,0.929,1.265,87.8,66.06
"2025-06-26 12:30:00",19279,12.25,402,1,0.576,13.1,13.1,0.979,1.315,1.003,1.278,84.4,67.39
"2025-06-26 13:00:00",19280,12.25,402,1,0.533,11.25,13.31,0.93,1.282,0.95,1.237,84.1,66.13
"2025-06-26 13:30:00",19281,12.25,402,1,0.646,14.71,14.71,0.982,1.32,1.004,1.273,83.1,66.07
"2025-06-26 14:00:00",19282,12.25,402,1,0.711,16.18,16.18,0.995,1.356,1.007,1.298,82,66
"2025-06-26 14:30:00",19283,12.24,402,1,0.629,11.92,17.51,0.985,1.391,0.997,1.334,80.7,66.51
"2025-06-26 15:00:00",19284,12.25,402,1,0.679,15.45,15.45,1.017,1.381,1.029,1.321,82.6,64.32
"2025-06-26 15:30:00",19285,12.25,402,1,0.592,11.56,16,0.955,1.326,0.97,1.278,82.1,65.08
"2025-06-26 16:00:00",19286,12.25,402,1,0.714,16.24,16.24,0.994,1.342,1.011,1.293,81.8,66.33
"2025-06-26 16:30:00",19287,12.24,402,1,0.493,11.07,11.4,0.915,1.285,0.936,1.236,85.7,66.41
"2025-06-26 17:00:00",19288,12.24,402,1,0.583,11.11,16.12,0.918,1.257,0.936,1.22,81.9,67.65
"2025-06-26 17:30:00",19289,12.24,402,1,0.573,11.22,15.45,0.927,1.273,0.938,1.225,82.5,66.96
"2025-06-26 18:00:00",19290,12.24,402,1,0.53,10.1,14.68,0.834,1.147,0.857,1.118,83.1,67.89
"2025-06-26 18:30:00",19291,12.24,402,1,0.451,9.13,11.8,0.754,1.076,0.771,1.048,85.3,67.26
"2025-06-26 19:00:00",19292,12.24,402,1,0.443,8.59,12.08,0.71,0.997,0.729,0.971,83.6,67.61
"2025-06-26 19:30:00",19293,12.24,402,1,0.374,7.09,10.41,0.586,0.86,0.598,0.852,83.7,66.23
"2025-06-26 20:00:00",19294,12.24,402,1,0.256,4.73,7.31,0.391,0.604,0.392,0.604,81.6,65.84
"2025-06-26 20:30:00",19295,12.23,402,1,0.192,3.38,5.7,0.279,0.471,0.272,0.477,79.85,62.37
"2025-06-26 21:00:00",19296,12.23,402,1,0.165,2.69,5.17,0.222,0.427,0.202,0.441,77.33,59.85
"2025-06-26 21:30:00",19297,12.23,402,1,0.162,2.72,4.99,0.224,0.412,0.208,0.416,78.06,59.59
"2025-06-26 22:00:00",19298,12.22,402,1,0.154,2.56,4.78,0.211,0.395,0.191,0.405,78.17,59.95
"2025-06-26 22:30:00",19299,12.21,402,1,0.151,2.55,4.62,0.21,0.382,0.194,0.387,82.1,61.33
"2025-06-26 23:00:00",19300,12.21,402,1,0.147,2.49,4.52,0.206,0.374,0.186,0.384,81.1,60.63
"2025-06-26 23:30:00",19301,12.21,402,1,0.15,2.63,4.47,0.218,0.369,0.198,0.38,78.46,60
"2025-06-27 00:00:00",19302,12.2,402,1,0.148,2.56,4.48,0.212,0.371,0.192,0.375,76.88,59.92
"2025-06-27 00:30:00",19303,12.21,402,1,0.146,2.47,4.48,0.204,0.371,0.178,0.375,80,61.05
"2025-06-27 01:00:00",19304,12.2,402,1,0.144,2.44,4.41,0.202,0.365,0.181,0.37,77.82,61.86
"2025-06-27 01:30:00",19305,12.2,402,1,0.136,2.21,4.3,0.182,0.355,0.163,0.36,79.89,59.92
"2025-06-27 02:00:00",19306,12.19,402,1,0.136,2.21,4.27,0.182,0.353,0.149,0.354,81.3,61.05
"2025-06-27 02:30:00",19307,12.19,402,1,0.138,2.35,4.22,0.195,0.348,0.175,0.353,80.1,60.66
"2025-06-27 03:00:00",19308,12.19,402,1,0.139,2.31,4.34,0.191,0.359,0.171,0.363,80.6,60.1
"2025-06-27 03:30:00",19309,12.19,402,1,0.138,2.34,4.23,0.193,0.35,0.172,0.355,81.8,60.34
"2025-06-27 04:00:00",19310,12.19,402,1,0.129,2.05,4.13,0.169,0.342,0.141,0.347,82.4,60.66
"2025-06-27 04:30:00",19311,12.19,402,1,0.133,2.21,4.12,0.182,0.34,0.163,0.345,82.2,59.22
"2025-06-27 05:00:00",19312,12.18,402,1,0.137,2.33,4.17,0.193,0.344,0.163,0.339,82.7,60.78
"2025-06-27 05:30:00",19313,12.18,402,1,0.133,2.26,4.09,0.187,0.338,0.157,0.339,79.87,60.66
"2025-06-27 06:00:00",19314,12.18,402,1,0.132,2.14,4.15,0.177,0.343,0.153,0.343,82.1,59.6
"2025-06-27 06:30:00",19315,12.17,402,1,0.132,2.23,4.08,0.184,0.336,0.155,0.337,79.99,61.29
"2025-06-27 07:00:00",19316,12.18,402,1,0.134,2.23,4.15,0.184,0.343,0.164,0.343,81.9,62.41
"2025-06-27 07:30:00",19317,12.17,402,1,0.129,2.12,4.03,0.175,0.333,0.155,0.334,82,61.04
"2025-06-27 08:00:00",19318,12.18,402,1,0.144,2.42,4.44,0.201,0.367,0.175,0.367,84.5,62.54
"2025-06-27 08:30:00",19319,12.17,402,1,0.157,2.73,4.71,0.225,0.389,0.203,0.389,86.3,64.11
"2025-06-27 09:00:00",19320,12.17,402,1,0.174,3.05,5.2,0.252,0.43,0.237,0.426,84.1,63.36
"2025-06-27 09:30:00",19321,12.17,402,1,0.201,3.6,5.91,0.298,0.488,0.284,0.483,90.9,66.94
"2025-06-27 10:00:00",19322,12.17,402,1,0.265,5.04,7.38,0.417,0.61,0.416,0.611,88.6,68.39
"2025-06-27 10:30:00",19323,12.17,402,1,0.314,5.91,8.8,0.489,0.727,0.495,0.727,93.2,72.53
"2025-06-27 11:00:00",19324,12.17,402,1,0.348,6.75,9.47,0.558,0.783,0.565,0.782,86.9,70.21
"2025-06-27 11:30:00",19325,12.17,402,1,0.344,6.5,9.6,0.537,0.792,0.546,0.785,90.2,69.21
"2025-06-27 12:00:00",19326,12.17,402,1,0.36,6.96,9.86,0.575,0.815,0.592,0.807,87.7,69.28
"2025-06-27 12:30:00",19327,12.17,402,1,0.315,6.04,8.69,0.499,0.718,0.506,0.707,89.5,68.27
"2025-06-27 13:00:00",19328,12.16,402,1,0.352,6.82,9.61,0.564,0.794,0.575,0.783,84.4,69.23
"2025-06-27 13:30:00",19329,12.17,402,1,0.303,5.69,8.52,0.47,0.704,0.474,0.704,85.5,68.03
"2025-06-27 14:00:00",19330,12.17,402,1,0.296,5.65,8.22,0.466,0.679,0.481,0.676,89.3,69.84
"2025-06-27 14:30:00",19331,12.17,402,1,0.31,5.79,8.77,0.478,0.724,0.489,0.714,90.4,69.15
"2025-06-27 15:00:00",19332,12.17,402,1,0.317,6.11,8.69,0.504,0.718,0.516,0.718,82.1,66.39
"2025-06-27 15:30:00",19333,12.17,402,1,0.237,4.3,6.86,0.355,0.567,0.349,0.568,82.8,65.82
"2025-06-27 16:00:00",19334,12.16,402,1,0.197,3.53,5.79,0.292,0.478,0.277,0.48,82.7,62.69
"2025-06-27 16:30:00",19335,12.16,402,1,0.191,3.35,5.67,0.277,0.469,0.267,0.464,84.3,64.62
"2025-06-27 17:00:00",19336,12.16,402,1,0.21,3.75,6.14,0.31,0.507,0.307,0.508,87,66.32
"2025-06-27 17:30:00",19337,12.16,402,1,0.213,3.84,6.19,0.317,0.512,0.301,0.503,97.1,66.38
"2025-06-27 18:00:00",19338,12.16,402,1,0.288,5.35,8.18,0.443,0.676,0.443,0.669,84,69.34
"2025-06-27 18:30:00",19339,12.15,402,1,0.243,4.47,6.96,0.369,0.575,0.366,0.569,84,67.51
"2025-06-27 19:00:00",19340,12.15,402,1,0.191,3.39,5.63,0.28,0.465,0.26,0.471,85.1,63.62
"2025-06-27 19:30:00",19341,12.15,402,1,0.16,2.73,4.89,0.225,0.403,0.208,0.403,84,62.24
"2025-06-27 20:00:00",19342,12.15,402,1,0.142,2.31,4.45,0.191,0.368,0.17,0.369,82.6,63.43
"2025-06-27 20:30:00",19343,12.15,402,1,0.131,2.13,4.16,0.176,0.343,0.152,0.344,82.9,61.92
"2025-06-27 21:00:00",19344,12.15,402,1,0.127,2.03,4.03,0.168,0.333,0.144,0.334,83.5,63.29
"2025-06-27 21:30:00",19345,12.14,402,1,0.122,1.96,3.88,0.162,0.321,0.134,0.322,84.3,61.61
"2025-06-27 22:00:00",19346,12.14,402,1,0.12,1.91,3.84,0.157,0.317,0.129,0.318,83.7,61.48
"2025-06-27 22:30:00",19347,12.14,402,1,0.123,1.98,3.91,0.164,0.323,0.135,0.318,84.5,61.49
"2025-06-27 23:00:00",19348,12.14,402,1,0.121,1.98,3.84,0.163,0.317,0.134,0.318,81.3,59.8
"2025-06-27 23:30:00",19349,12.14,402,1,0.117,1.86,3.77,0.153,0.311,0.12,0.312,82.1,63.37
"2025-06-28 00:00:00",19350,12.14,402,1,0.118,1.91,3.77,0.158,0.311,0.125,0.316,84.6,62.11
"2025-06-28 00:30:00",19351,12.14,402,1,0.118,1.91,3.77,0.157,0.311,0.128,0.312,86.4,61.48
"2025-06-28 01:00:00",19352,12.13,402,1,0.119,1.92,3.78,0.158,0.312,0.134,0.308,82.7,63.98
"2025-06-28 01:30:00",19353,12.13,402,1,0.119,1.92,3.78,0.158,0.312,0.134,0.308,85.4,61.98
"2025-06-28 02:00:00",19354,12.13,402,1,0.115,1.84,3.7,0.152,0.305,0.123,0.306,83.9,62.17
"2025-06-28 02:30:00",19355,12.13,402,1,0.119,1.91,3.81,0.157,0.315,0.133,0.311,82.9,62.16
"2025-06-28 03:00:00",19356,12.13,402,1,0.117,1.84,3.8,0.152,0.314,0.128,0.305,83.3,61.35
"2025-06-28 03:30:00",19357,12.13,402,1,0.117,1.88,3.74,0.156,0.309,0.127,0.305,86.1,61.86
"2025-06-28 04:00:00",19358,12.12,402,1,0.118,1.91,3.74,0.158,0.309,0.134,0.305,84.4,63.42
"2025-06-28 04:30:00",19359,12.12,402,1,0.113,1.78,3.67,0.147,0.304,0.119,0.299,85.4,64.67
"2025-06-28 05:00:00",19360,12.12,402,1,0.115,1.86,3.63,0.153,0.299,0.125,0.3,84.6,62.86
"2025-06-28 05:30:00",19361,12.12,402,1,0.116,1.89,3.67,0.156,0.304,0.128,0.299,82.7,61.98
"2025-06-28 06:00:00",19362,12.12,402,1,0.118,1.89,3.74,0.156,0.309,0.128,0.305,82.8,62.55
"2025-06-28 06:30:00",19363,12.12,402,1,0.117,1.93,3.67,0.16,0.304,0.131,0.299,85.4,60.67
"2025-06-28 07:00:00",19364,12.12,402,1,0.113,1.78,3.67,0.147,0.304,0.119,0.299,83.5,63
"2025-06-28 07:30:00",19365,12.12,402,1,0.111,1.75,3.57,0.145,0.295,0.113,0.29,85.3,62.56
"2025-06-28 08:00:00",19366,12.12,402,1,0.115,1.82,3.68,0.15,0.305,0.126,0.3,84.3,63.88
"2025-06-28 08:30:00",19367,12.12,402,1,0.123,2.03,3.84,0.168,0.317,0.139,0.309,87,62.31
"2025-06-28 09:00:00",19368,12.11,402,1,0.186,3.28,5.52,0.27,0.456,0.256,0.442,94.5,69.28
"2025-06-28 09:30:00",19369,12.11,402,1,0.291,5.37,8.31,0.444,0.687,0.452,0.683,92.8,70.78
"2025-06-28 10:00:00",19370,12.11,402,1,0.393,7.58,10.76,0.626,0.889,0.644,0.888,92.7,73.68
"2025-06-28 10:30:00",19371,12.11,402,1,0.36,6.33,10.7,0.523,0.884,0.523,0.882,76.39,79.21
"2025-06-28 11:00:00",19372,12.11,402,1,0.444,8.76,11.89,0.724,0.983,0.752,0.965,94,71.5
"2025-06-28 11:30:00",19373,12.12,402,1,0.468,10.42,10.97,0.861,1.175,0.884,1.146,85.9,68.44
"2025-06-28 12:00:00",19374,12.12,402,1,0.51,9.9,13.88,0.819,1.147,0.844,1.128,97.8,70.58
"2025-06-28 12:30:00",19375,12.11,402,1,0.446,10.88,9.16,0.899,1.217,0.923,1.191,87,69.28
"2025-06-28 13:00:00",19376,12.11,402,1,0.69,15.7,15.7,0.985,1.291,1.008,1.254,82.2,67.77
"2025-06-28 13:30:00",19377,12.12,402,1,0.493,11.4,10.97,0.942,1.279,0.965,1.243,85.9,69.15
"2025-06-28 14:00:00",19378,12.12,402,1,0.536,11.77,12.76,0.972,1.331,0.992,1.284,84.6,67.6
"2025-06-28 14:30:00",19379,12.12,402,1,0.586,11.67,15.55,0.964,1.299,0.983,1.262,82.4,67.66
"2025-06-28 15:00:00",19380,12.12,402,1,0.472,10.7,10.8,0.884,1.26,0.901,1.222,86.1,68.91
"2025-06-28 15:30:00",19381,12.12,402,1,0.501,11.26,11.57,0.93,1.227,0.954,1.198,85.5,68.75
"2025-06-28 16:00:00",19382,12.11,402,1,0.53,10.45,14.22,0.864,1.202,0.88,1.174,83.6,70.07
"2025-06-28 16:30:00",19383,12.11,402,1,0.322,10.14,3.57,0.838,1.158,0.857,1.139,89.6,70.33
"2025-06-28 17:00:00",19384,12.11,402,1,0.439,10.44,9.4,0.862,1.16,0.891,1.132,86.8,69.81
"2025-06-28 17:30:00",19385,12.11,402,1,0.539,10.18,15.03,0.841,1.13,0.854,1.104,82.8,69.55
"2025-06-28 18:00:00",19386,12.11,402,1,0.488,9.27,13.53,0.767,1.064,0.788,1.036,84.1,67.85
"2025-06-28 18:30:00",19387,12.11,402,1,0.456,8.76,12.57,0.723,1.02,0.745,1.001,84.7,67.97
"2025-06-28 19:00:00",19388,12.11,402,1,0.406,7.86,11.11,0.649,0.918,0.663,0.901,85.4,69.65
"2025-06-28 19:30:00",19389,12.11,402,1,0.329,6.18,9.22,0.511,0.762,0.512,0.754,84.2,68.27
"2025-06-28 20:00:00",19390,12.11,402,1,0.217,3.89,6.36,0.322,0.526,0.308,0.52,81.5,62.79
"2025-06-28 20:30:00",19391,12.1,402,1,0.17,2.89,5.21,0.238,0.431,0.226,0.43,81.2,61.72
"2025-06-28 21:00:00",19392,12.1,402,1,0.152,2.49,4.78,0.206,0.395,0.186,0.401,83.3,61.33
"2025-06-28 21:30:00",19393,12.09,402,1,0.14,2.3,4.4,0.19,0.363,0.17,0.364,80.7,63.27
"2025-06-28 22:00:00",19394,12.09,402,1,0.137,2.23,4.33,0.184,0.357,0.159,0.358,81.2,61.71
"2025-06-28 22:30:00",19395,12.09,402,1,0.137,2.26,4.27,0.186,0.353,0.156,0.354,82.7,61.21
"2025-06-28 23:00:00",19396,12.08,402,1,0.131,2.13,4.15,0.175,0.343,0.151,0.343,83.1,61.58
"2025-06-28 23:30:00",19397,12.08,402,1,0.132,2.14,4.17,0.177,0.344,0.157,0.345,80.3,61.33
"2025-06-29 00:00:00",19398,12.08,402,1,0.128,2.07,4.03,0.172,0.334,0.152,0.335,81.9,62.2
"2025-06-29 00:30:00",19399,12.08,402,1,0.126,2.03,3.99,0.167,0.329,0.143,0.335,81.9,60.45
"2025-06-29 01:00:00",19400,12.08,402,1,0.126,2.06,3.96,0.17,0.328,0.141,0.329,83.7,62.51
"2025-06-29 01:30:00",19401,12.07,402,1,0.125,2.05,3.95,0.169,0.326,0.145,0.327,81.3,61.57
"2025-06-29 02:00:00",19402,12.07,402,1,0.124,2.02,3.89,0.167,0.322,0.142,0.321,83.8,63.38
"2025-06-29 02:30:00",19403,12.07,402,1,0.125,2.06,3.89,0.17,0.322,0.141,0.323,83.9,61.45
"2025-06-29 03:00:00",19404,12.07,402,1,0.125,2,3.99,0.165,0.33,0.141,0.325,84.6,62.9
"2025-06-29 03:30:00",19405,12.07,402,1,0.126,2.07,3.96,0.172,0.328,0.147,0.333,80.8,62.32
"2025-06-29 04:00:00",19406,12.07,402,1,0.124,2.07,3.84,0.171,0.317,0.151,0.323,81.4,60.63
"2025-06-29 04:30:00",19407,12.06,402,1,0.126,2.09,3.94,0.173,0.325,0.143,0.32,82.4,60.19
"2025-06-29 05:00:00",19408,12.06,402,1,0.125,2.03,3.94,0.168,0.325,0.148,0.326,81.5,60.57
"2025-06-29 05:30:00",19409,12.06,402,1,0.124,2,3.91,0.166,0.323,0.137,0.318,82.7,63.2
"2025-06-29 06:00:00",19410,12.06,402,1,0.123,2.02,3.87,0.167,0.319,0.142,0.314,81.8,62.38
"2025-06-29 06:30:00",19411,12.06,402,1,0.118,1.85,3.8,0.153,0.314,0.124,0.309,82.9,60.19
"2025-06-29 07:00:00",19412,12.06,402,1,0.134,2.21,4.19,0.183,0.346,0.158,0.341,87.1,64.33
"2025-06-29 07:30:00",19413,12.05,402,1,0.217,3.98,6.25,0.329,0.516,0.324,0.513,94,67.54
"2025-06-29 08:00:00",19414,12.05,402,1,0.311,5.98,8.56,0.494,0.707,0.511,0.707,91.2,69.23
"2025-06-29 08:30:00",19415,12.05,402,1,0.419,8.03,11.57,0.663,0.956,0.682,0.947,93.4,71.88
"2025-06-29 09:00:00",19416,12.05,402,1,0.462,9.2,12.26,0.761,1.013,0.786,1.011,93.2,72.01
"2025-06-29 09:30:00",19417,12.05,402,1,0.453,9.01,12.03,0.744,0.994,0.755,0.995,88.5,70.28
"2025-06-29 10:00:00",19418,12.05,402,1,0.443,9.58,10.77,0.792,1.082,0.814,1.063,86,71.03
"2025-06-29 10:30:00",19419,12.05,402,1,0.378,6.49,11.45,0.536,0.946,0.497,0.943,99.2,77.71
"2025-06-29 11:00:00",19420,12.05,402,1,0.501,9.69,13.67,0.801,1.03,0.826,1.012,84,70.48
"2025-06-29 11:30:00",19421,12.05,402,1,0.448,9.83,10.7,0.813,1.21,0.845,1.173,86.1,67.35
"2025-06-29 12:00:00",19422,12.05,402,1,0.39,11.04,6,0.912,1.293,0.928,1.246,88.7,68.74
"2025-06-29 12:30:00",19423,12.05,402,1,0.564,11.92,14.06,0.984,1.317,1,1.278,83.7,67.42
"2025-06-29 13:00:00",19424,12.06,402,1,0.654,14.88,14.88,0.993,1.347,1.008,1.298,82.9,67.93
"2025-06-29 13:30:00",19425,12.06,402,1,0.564,11.74,14.32,0.969,1.276,0.99,1.236,83.4,67.36
"2025-06-29 14:00:00",19426,12.06,402,1,0.575,11.33,15.42,0.936,1.3,0.952,1.262,82.5,67.24
"2025-06-29 14:30:00",19427,12.05,402,1,0.549,11.4,13.94,0.942,1.303,0.961,1.251,83.7,65.98
"2025-06-29 15:00:00",19428,12.05,402,1,0.496,11.17,11.43,0.922,1.262,0.941,1.224,85.6,67.88
"2025-06-29 15:30:00",19429,12.05,402,1,0.454,10.25,10.45,0.847,1.181,0.862,1.151,86.3,70.77
"2025-06-29 16:00:00",19430,12.05,402,1,0.466,10.32,10.97,0.853,1.17,0.877,1.132,85.9,67.88
"2025-06-29 16:30:00",19431,12.05,402,1,0.57,10.62,16.1,0.877,1.186,0.89,1.15,82.1,68.07
"2025-06-29 17:00:00",19432,12.05,402,1,0.39,7.65,10.51,0.631,0.868,0.647,0.851,84.2,66.96
"2025-06-29 17:30:00",19433,12.05,402,1,0.304,5.73,8.52,0.473,0.704,0.473,0.704,84.4,65.65
"2025-06-29 18:00:00",19434,12.04,402,1,0.267,4.9,7.65,0.405,0.631,0.402,0.632,85.1,68.64
"2025-06-29 18:30:00",19435,12.04,402,1,0.341,6.39,9.61,0.527,0.794,0.539,0.786,90.5,70.22
"2025-06-29 19:00:00",19436,12.04,402,1,0.449,8.67,12.29,0.717,1.015,0.74,0.988,85.1,67.41
"2025-06-29 19:30:00",19437,12.04,402,1,0.286,5.44,7.94,0.449,0.657,0.451,0.657,82.8,64.57
"2025-06-29 20:00:00",19438,12.04,402,1,0.209,3.82,6.04,0.316,0.498,0.308,0.504,80.3,62.36
"2025-06-29 20:30:00",19439,12.04,402,1,0.172,2.98,5.17,0.247,0.427,0.235,0.438,80.3,60.36
"2025-06-29 21:00:00",19440,12.03,402,1,0.161,2.77,4.88,0.23,0.403,0.214,0.403,81.7,60.97
"2025-06-29 21:30:00",19441,12.03,402,1,0.153,2.54,4.75,0.21,0.393,0.194,0.393,82.1,62.9
"2025-06-29 22:00:00",19442,12.03,402,1,0.147,2.47,4.54,0.204,0.375,0.182,0.382,82.6,59.58
"2025-06-29 22:30:00",19443,12.02,402,1,0.146,2.47,4.5,0.204,0.371,0.177,0.376,80.6,61.15
"2025-06-29 23:00:00",19444,12.02,402,1,0.138,2.27,4.34,0.188,0.359,0.167,0.359,82.2,61.71
"2025-06-29 23:30:00",19445,12.02,402,1,0.139,2.3,4.31,0.189,0.356,0.164,0.357,80.8,62.59
"2025-06-30 00:00:00",19446,12.02,402,1,0.135,2.21,4.22,0.182,0.348,0.157,0.355,82.7,62.21
"2025-06-30 00:30:00",19447,12.01,402,1,0.134,2.23,4.16,0.184,0.344,0.164,0.344,82.6,62.08
"2025-06-30 01:00:00",19448,12.01,402,1,0.131,2.16,4.1,0.179,0.339,0.158,0.344,81.1,60.64
"2025-06-30 01:30:00",19449,12.01,402,1,0.131,2.21,4.01,0.183,0.331,0.158,0.336,80.9,62.45
"2025-06-30 02:00:00",19450,12.01,402,1,0.129,2.14,4.01,0.177,0.331,0.151,0.332,81.3,61.33
"2025-06-30 02:30:00",19451,12.01,402,1,0.129,2.09,4.08,0.172,0.336,0.138,0.331,83.9,62.45
"2025-06-30 03:00:00",19452,12,402,1,0.135,2.28,4.12,0.189,0.34,0.163,0.341,80.1,61.08
"2025-06-30 03:30:00",19453,12,402,1,0.131,2.2,4.06,0.181,0.336,0.156,0.336,82.9,62.89
"2025-06-30 04:00:00",19454,12,402,1,0.131,2.2,4.06,0.181,0.336,0.151,0.336,81.9,62.65
"2025-06-30 04:30:00",19455,12,402,1,0.131,2.21,4.01,0.183,0.331,0.158,0.332,81.2,61.95
"2025-06-30 05:00:00",19456,11.99,402,1,0.132,2.2,4.08,0.181,0.337,0.156,0.338,80.6,62.39
"2025-06-30 05:30:00",19457,12,402,1,0.132,2.23,4.08,0.184,0.337,0.164,0.338,83.1,62.14
"2025-06-30 06:00:00",19458,12,402,1,0.133,2.26,4.08,0.187,0.337,0.161,0.338,83.9,62.7
"2025-06-30 06:30:00",19459,12,402,1,0.145,2.52,4.34,0.208,0.359,0.187,0.355,81.5,62.83
"2025-06-30 07:00:00",19460,11.99,402,1,0.15,2.61,4.52,0.215,0.374,0.192,0.374,86.8,63.33
"2025-06-30 07:30:00",19461,11.99,402,1,0.217,3.96,6.28,0.328,0.519,0.321,0.513,91.1,68.67
"2025-06-30 08:00:00",19462,11.99,402,1,0.308,5.87,8.52,0.485,0.704,0.499,0.693,90.3,68.86
"2025-06-30 08:30:00",19463,11.99,402,1,0.419,8.1,11.47,0.669,0.948,0.687,0.947,90.4,71.89
"2025-06-30 09:00:00",19464,11.98,402,1,0.472,9.27,12.71,0.767,1.049,0.791,1.039,90.1,71.9
"2025-06-30 09:30:00",19465,11.99,402,1,0.496,9.86,13.17,0.815,1.088,0.841,1.069,91.3,69.77
"2025-06-30 10:00:00",19466,11.98,402,1,0.348,10.2,4.9,0.843,1.161,0.865,1.14,89.1,69.65
"2025-06-30 10:30:00",19467,11.99,402,1,0.458,8.52,12.94,0.703,1.07,0.68,1.072,109.9,79.34
"2025-06-30 11:00:00",19468,11.99,402,1,0.56,10.79,15.35,0.891,1.116,0.907,1.087,82.5,68.81
"2025-06-30 11:30:00",19469,11.99,402,1,0.435,10.67,8.87,0.882,1.247,0.896,1.198,87.3,68.3
"2025-06-30 12:00:00",19470,11.99,402,1,0.582,11.47,15.61,0.948,1.281,0.964,1.24,82.3,68.11
"2025-06-30 12:30:00",19471,11.99,402,1,0.454,11.14,9.27,0.92,1.298,0.938,1.259,87,67.49
"2025-06-30 13:00:00",19472,11.99,402,1,0.598,13.62,13.62,0.993,1.312,1.011,1.262,83.9,66.94
"2025-06-30 13:30:00",19473,11.99,402,1,0.643,14.64,14.64,0.998,1.341,1.02,1.281,83.2,66.75
"2025-06-30 14:00:00",19474,11.99,402,1,0.549,11.12,14.32,0.919,1.243,0.947,1.193,83.4,67.94
"2025-06-30 14:30:00",19475,11.99,402,1,0.561,11.64,14.26,0.962,1.296,0.985,1.248,83.4,68.39
"2025-06-30 15:00:00",19476,11.99,402,1,0.516,10.9,12.86,0.901,1.177,0.916,1.138,84.5,68.76
"2025-06-30 15:30:00",19477,11.99,402,1,0.491,11.1,11.29,0.916,1.261,0.929,1.22,85.7,67.7
"2025-06-30 16:00:00",19478,11.99,402,1,0.562,10.87,15.35,0.898,1.23,0.924,1.19,82.6,67.39
"2025-06-30 16:30:00",19479,11.99,402,1,0.535,10.53,14.37,0.871,1.192,0.896,1.162,83.3,69.02
"2025-06-30 17:00:00",19480,11.98,402,1,0.514,10.48,13.32,0.866,1.186,0.887,1.156,84.3,68.51
"2025-06-30 17:30:00",19481,11.98,402,1,0.546,10.83,14.57,0.895,1.21,0.91,1.163,83.2,68.44
"2025-06-30 18:00:00",19482,11.98,402,1,0.528,10.34,14.25,0.854,1.171,0.87,1.131,83.4,69.13
"2025-06-30 18:30:00",19483,11.98,402,1,0.497,9.62,13.55,0.795,1.086,0.81,1.057,84.1,68.88
"2025-06-30 19:00:00",19484,11.98,402,1,0.388,7.48,10.65,0.618,0.88,0.634,0.862,83.1,68.36
"2025-06-30 19:30:00",19485,11.98,402,1,0.245,4.48,7.05,0.371,0.582,0.37,0.576,84,62.96
"2025-06-30 20:00:00",19486,11.97,402,1,0.207,3.67,6.12,0.303,0.505,0.289,0.504,80.6,62.13
"2025-06-30 20:30:00",19487,11.97,402,1,0.183,3.21,5.45,0.265,0.451,0.247,0.45,79.72,64
"2025-06-30 21:00:00",19488,11.97,402,1,0.164,2.76,5.04,0.228,0.416,0.206,0.416,80.9,62.68
"2025-06-30 21:30:00",19489,11.96,402,1,0.153,2.56,4.75,0.212,0.393,0.191,0.393,83.8,63.36
"2025-06-30 22:00:00",19490,11.96,402,1,0.145,2.38,4.57,0.196,0.378,0.18,0.378,83.2,63.68
"2025-06-30 22:30:00",19491,11.96,402,1,0.143,2.38,4.44,0.196,0.367,0.176,0.368,82.5,62.99
"2025-06-30 23:00:00",19492,11.95,402,1,0.147,2.51,4.47,0.207,0.369,0.186,0.37,81.4,62.67
"2025-06-30 23:30:00",19493,11.95,402,1,0.144,2.44,4.4,0.202,0.363,0.176,0.363,81.9,61.17
"2025-07-01 00:00:00",19494,11.95,402,1,0.145,2.45,4.47,0.203,0.369,0.181,0.37,81.9,61.42
"2025-07-01 00:30:00",19495,11.95,402,1,0.144,2.38,4.47,0.197,0.369,0.176,0.37,83.5,61.04
"2025-07-01 01:00:00",19496,11.94,402,1,0.141,2.38,4.34,0.197,0.359,0.176,0.359,81.1,60.67
"2025-07-01 01:30:00",19497,11.94,402,1,0.141,2.38,4.34,0.197,0.359,0.171,0.353,83.7,61.49
"2025-07-01 02:00:00",19498,11.94,402,1,0.141,2.41,4.29,0.199,0.354,0.174,0.355,84.1,61.35
"2025-07-01 02:30:00",19499,11.94,402,1,0.144,2.49,4.36,0.206,0.36,0.189,0.361,80.4,61.41
"2025-07-01 03:00:00",19500,11.94,402,1,0.142,2.49,4.26,0.206,0.352,0.18,0.352,82.1,62.4
"2025-07-01 03:30:00",19501,11.94,402,1,0.144,2.49,4.33,0.206,0.358,0.184,0.359,81.9,61.91
"2025-07-01 04:00:00",19502,11.94,402,1,0.143,2.49,4.27,0.206,0.353,0.18,0.354,82.4,61.9
"2025-07-01 04:30:00",19503,11.93,402,1,0.141,2.44,4.26,0.201,0.352,0.175,0.352,80.3,62.53
"2025-07-01 05:00:00",19504,11.93,402,1,0.141,2.45,4.23,0.202,0.349,0.171,0.35,82,60.01
"2025-07-01 05:30:00",19505,11.93,402,1,0.141,2.42,4.27,0.2,0.353,0.174,0.354,83.8,62.27
"2025-07-01 06:00:00",19506,11.93,402,1,0.148,2.52,4.51,0.208,0.373,0.192,0.374,82.1,63.16
"2025-07-01 06:30:00",19507,11.92,402,1,0.159,2.8,4.72,0.232,0.39,0.209,0.391,86,63.03
"2025-07-01 07:00:00",19508,11.92,402,1,0.203,3.77,5.76,0.311,0.476,0.3,0.471,85.9,63.91
"2025-07-01 07:30:00",19509,11.92,402,1,0.25,4.69,7.02,0.388,0.579,0.387,0.58,86.8,66.29
"2025-07-01 08:00:00",19510,11.92,402,1,0.294,5.6,8.17,0.463,0.675,0.476,0.671,89.1,67.11
"2025-07-01 08:30:00",19511,11.92,402,1,0.406,7.82,11.12,0.646,0.919,0.66,0.91,93.4,68.69
"2025-07-01 09:00:00",19512,11.92,402,1,0.348,9.13,6.3,0.755,1.036,0.778,1.028,88.6,70.89
"2025-07-01 09:30:00",19513,11.92,402,1,0.462,9.33,12.08,0.771,0.998,0.795,0.988,87.4,70.71
"2025-07-01 10:00:00",19514,11.92,402,1,0.418,9.58,9.43,0.792,1.093,0.814,1.073,86.9,69.4
"2025-07-01 10:30:00",19515,11.92,402,1,0.439,8.39,12.12,0.693,1.001,0.678,1.002,96,74.75
"2025-07-01 11:00:00",19516,11.91,402,1,0.482,9.74,12.61,0.805,1.03,0.823,1.011,84.7,68.23
"2025-07-01 11:30:00",19517,11.91,402,1,0.414,10.67,7.76,0.881,1.185,0.898,1.148,87.8,67.53
"2025-07-01 12:00:00",19518,11.91,402,1,0.482,11.31,10.51,0.934,1.249,0.954,1.217,86.2,67.49
"2025-07-01 12:30:00",19519,11.92,402,1,0.523,10.94,13.21,0.904,1.241,0.923,1.201,84.2,69.2
"2025-07-01 13:00:00",19520,11.91,402,1,0.538,11.21,13.6,0.926,1.24,0.943,1.218,84,68.52
"2025-07-01 13:30:00",19521,11.92,402,1,0.508,10.84,12.52,0.896,1.213,0.919,1.185,84.8,69.02
"2025-07-01 14:00:00",19522,11.92,402,1,0.528,11.38,12.85,0.94,1.297,0.953,1.245,84.5,67.78
"2025-07-01 14:30:00",19523,11.92,402,1,0.553,11.35,14.23,0.938,1.24,0.96,1.202,83.5,68.52
"2025-07-01 15:00:00",19524,11.91,402,1,0.57,11.22,15.31,0.927,1.247,0.944,1.209,82.6,67.84
"2025-07-01 15:30:00",19525,11.91,402,1,0.522,10.8,13.29,0.893,1.235,0.916,1.194,84.3,68.53
"2025-07-01 16:00:00",19526,11.91,402,1,0.505,10.69,12.55,0.883,1.191,0.901,1.154,84.7,67.21
"2025-07-01 16:30:00",19527,11.92,402,1,0.492,10.58,12.02,0.874,1.176,0.9,1.136,85.2,69.21
"2025-07-01 17:00:00",19528,11.91,402,1,0.479,9.81,12.37,0.81,1.022,0.816,0.984,78.91,66.93
"2025-07-01 17:30:00",19529,11.91,402,1,0.349,6.67,9.65,0.551,0.797,0.568,0.788,82.8,65.85
"2025-07-01 18:00:00",19530,11.91,402,1,0.279,5.18,7.93,0.428,0.655,0.429,0.656,84,64.96
"2025-07-01 18:30:00",19531,11.91,402,1,0.252,4.61,7.26,0.381,0.6,0.384,0.593,87.6,65.65
"2025-07-01 19:00:00",19532,11.91,402,1,0.222,4.01,6.47,0.331,0.535,0.326,0.536,82.8,64.33
"2025-07-01 19:30:00",19533,11.9,402,1,0.19,3.32,5.67,0.275,0.468,0.267,0.47,81.7,61.94
"2025-07-01 20:00:00",19534,11.9,402,1,0.169,2.91,5.1,0.241,0.421,0.224,0.427,79.53,61.8
"2025-07-01 20:30:00",19535,11.9,402,1,0.152,2.55,4.69,0.211,0.388,0.189,0.399,81,61.55
"2025-07-01 21:00:00",19536,11.89,402,1,0.198,3.77,5.49,0.312,0.454,0.301,0.478,72.08,57.13
"2025-07-01 21:30:00",19537,11.89,402,1,0.159,2.63,4.96,0.218,0.41,0.209,0.431,72.64,57.43
"2025-07-01 22:00:00",19538,11.89,402,1,0.151,2.42,4.79,0.2,0.396,0.185,0.412,77.15,59.43
"2025-07-01 22:30:00",19539,11.88,402,1,0.167,3.19,4.64,0.264,0.383,0.251,0.388,81.9,59.19
"2025-07-01 23:00:00",19540,11.88,402,1,0.162,3.17,4.41,0.261,0.365,0.247,0.376,86.3,61.12
"2025-07-01 23:30:00",19541,11.88,402,1,0.151,2.7,4.43,0.223,0.366,0.196,0.373,80.6,62.38
"2025-07-02 00:00:00",19542,11.88,402,1,0.158,2.89,4.58,0.239,0.379,0.217,0.379,80.4,61.94
"2025-07-02 00:30:00",19543,11.87,402,1,0.149,2.72,4.31,0.224,0.357,0.197,0.364,83.7,63.01
"2025-07-02 01:00:00",19544,11.87,402,1,0.152,2.77,4.37,0.229,0.361,0.206,0.366,84.3,61.31
"2025-07-02 01:30:00",19545,11.86,402,1,0.145,2.56,4.29,0.212,0.354,0.189,0.361,83.8,61.37
"2025-07-02 02:00:00",19546,11.86,402,1,0.144,2.52,4.31,0.209,0.357,0.187,0.357,83.3,60.63
"2025-07-02 02:30:00",19547,11.87,402,1,0.142,2.54,4.2,0.21,0.348,0.183,0.353,83.6,61.62
"2025-07-02 03:00:00",19548,11.86,402,1,0.144,2.54,4.29,0.209,0.354,0.187,0.355,81.8,61.06
"2025-07-02 03:30:00",19549,11.86,402,1,0.139,2.38,4.22,0.197,0.348,0.171,0.349,84,61.75
"2025-07-02 04:00:00",19550,11.86,402,1,0.135,2.31,4.1,0.191,0.339,0.17,0.345,81.7,60.19
"2025-07-02 04:30:00",19551,11.86,402,1,0.132,2.26,4.03,0.187,0.333,0.156,0.338,80.6,62.37
"2025-07-02 05:00:00",19552,11.85,402,1,0.133,2.3,4.01,0.19,0.331,0.159,0.332,83,61.31
"2025-07-02 05:30:00",19553,11.85,402,1,0.132,2.27,4.01,0.188,0.331,0.157,0.326,82.4,62.7
"2025-07-02 06:00:00",19554,11.85,402,1,0.132,2.28,3.98,0.189,0.329,0.158,0.33,84.7,61.69
"2025-07-02 06:30:00",19555,11.85,402,1,0.132,2.23,4.03,0.184,0.334,0.158,0.335,82.6,61.63
"2025-07-02 07:00:00",19556,11.85,402,1,0.129,2.16,3.99,0.178,0.33,0.148,0.331,82.1,62.38
"2025-07-02 07:30:00",19557,11.85,402,1,0.144,2.47,4.4,0.204,0.363,0.181,0.359,87.9,61.88
"2025-07-02 08:00:00",19558,11.85,402,1,0.156,2.73,4.65,0.225,0.384,0.203,0.38,83.8,64.32
"2025-07-02 08:30:00",19559,11.84,402,1,0.166,2.94,4.9,0.243,0.405,0.219,0.401,84.9,63.69
"2025-07-02 09:00:00",19560,11.85,402,1,0.211,3.77,6.18,0.311,0.511,0.304,0.502,87.1,66.64
"2025-07-02 09:30:00",19561,11.84,402,1,0.227,4.26,6.42,0.352,0.53,0.341,0.527,83.3,66.83
"2025-07-02 10:00:00",19562,11.84,402,1,0.202,3.64,5.87,0.301,0.485,0.285,0.476,91.3,67.1
"2025-07-02 10:30:00",19563,11.84,402,1,0.24,4.51,6.74,0.373,0.557,0.368,0.558,81.8,64.34
"2025-07-02 11:00:00",19564,11.84,402,1,0.206,4.05,5.58,0.335,0.46,0.329,0.466,83.6,61.62
"2025-07-02 11:30:00",19565,11.84,402,1,0.144,2.38,4.51,0.197,0.373,0.174,0.373,81.3,61.31
"2025-07-02 12:00:00",19566,11.84,402,1,0.141,2.37,4.37,0.196,0.362,0.155,0.352,82,66.82
"2025-07-02 12:30:00",19567,11.83,402,1,0.204,3.59,6.07,0.296,0.501,0.286,0.503,83,66.51
"2025-07-02 13:00:00",19568,11.84,402,1,0.253,4.65,7.27,0.384,0.601,0.38,0.602,90.1,68.08
"2025-07-02 13:30:00",19569,11.84,402,1,0.31,5.88,8.62,0.486,0.711,0.502,0.711,93.1,70.16
"2025-07-02 14:00:00",19570,11.83,402,1,0.368,7.1,10.09,0.587,0.834,0.607,0.825,88.7,70.23
"2025-07-02 14:30:00",19571,11.83,402,1,0.353,9.5,6.08,0.785,1.065,0.819,1.045,88.7,68.22
"2025-07-02 15:00:00",19572,11.83,402,1,0.407,10.56,7.55,0.873,1.199,0.9,1.167,88,68.48
"2025-07-02 15:30:00",19573,11.83,402,1,0.506,9.93,13.64,0.82,1.138,0.84,1.107,84,69.79
"2025-07-02 16:00:00",19574,11.83,402,1,0.353,9.72,5.79,0.804,1.086,0.834,1.065,88.8,68.6
"2025-07-02 16:30:00",19575,11.83,402,1,0.425,10.06,9.18,0.831,1.182,0.849,1.151,87,69.3
"2025-07-02 17:00:00",19576,11.83,402,1,0.298,9.65,2.97,0.798,1.12,0.823,1.099,89.7,69.18
"2025-07-02 17:30:00",19577,11.82,402,1,0.498,10.23,12.82,0.845,1.144,0.868,1.116,84.6,70.86
"2025-07-02 18:00:00",19578,11.83,402,1,0.509,10.88,12.54,0.899,1.243,0.915,1.199,84.7,66.74
"2025-07-02 18:30:00",19579,11.82,402,1,0.496,10.59,12.22,0.875,1.17,0.9,1.138,85,68.04
"2025-07-02 19:00:00",19580,11.82,402,1,0.418,8.06,11.47,0.665,0.948,0.686,0.938,89.6,69.67
"2025-07-02 19:30:00",19581,11.82,402,1,0.418,8.17,11.33,0.675,0.936,0.693,0.926,87,69.3
"2025-07-02 20:00:00",19582,11.82,402,1,0.354,6.78,9.76,0.561,0.806,0.578,0.806,83.8,67.59
"2025-07-02 20:30:00",19583,11.82,402,1,0.225,4.08,6.53,0.337,0.539,0.333,0.54,80.2,63.76
"2025-07-02 21:00:00",19584,11.81,402,1,0.171,2.9,5.24,0.239,0.432,0.226,0.432,80.4,62.19
"2025-07-02 21:30:00",19585,11.81,402,1,0.15,2.51,4.66,0.207,0.385,0.186,0.392,81.6,61.37
"2025-07-02 22:00:00",19586,11.81,402,1,0.138,2.28,4.29,0.189,0.354,0.168,0.361,83.1,63.36
"2025-07-02 22:30:00",19587,11.81,402,1,0.132,2.09,4.23,0.172,0.349,0.146,0.35,79.26,61.05
"2025-07-02 23:00:00",19588,11.81,402,1,0.122,1.85,4.02,0.153,0.332,0.128,0.333,79,61.79
"2025-07-02 23:30:00",19589,11.8,402,1,0.125,1.96,4.03,0.162,0.334,0.132,0.335,82.2,60.22
"2025-07-03 00:00:00",19590,11.8,402,1,0.122,1.91,3.98,0.157,0.329,0.137,0.33,79.8,62.35
"2025-07-03 00:30:00",19591,11.8,402,1,0.122,1.89,3.98,0.156,0.329,0.136,0.335,83.6,61.92
"2025-07-03 01:00:00",19592,11.8,402,1,0.123,1.95,3.96,0.16,0.327,0.13,0.328,83.2,60.53
"2025-07-03 01:30:00",19593,11.8,402,1,0.116,1.77,3.82,0.146,0.316,0.121,0.322,82.4,62.47
"2025-07-03 02:00:00",19594,11.79,402,1,0.121,1.99,3.81,0.165,0.314,0.135,0.32,81.5,63.03
"2025-07-03 02:30:00",19595,11.79,402,1,0.119,1.93,3.78,0.16,0.313,0.134,0.314,83.4,62.16
"2025-07-03 03:00:00",19596,11.79,402,1,0.122,1.99,3.87,0.165,0.319,0.134,0.32,83.4,60.72
"2025-07-03 03:30:00",19597,11.78,402,1,0.12,1.91,3.84,0.158,0.317,0.133,0.318,83.1,61.35
"2025-07-03 04:00:00",19598,11.79,402,1,0.125,2.06,3.92,0.17,0.324,0.144,0.325,80.7,61.28
"2025-07-03 04:30:00",19599,11.78,402,1,0.123,1.98,3.92,0.163,0.324,0.133,0.314,82.2,63.97
"2025-07-03 05:00:00",19600,11.78,402,1,0.124,2.05,3.89,0.169,0.322,0.138,0.318,84.4,63.41
"2025-07-03 05:30:00",19601,11.78,402,1,0.123,2,3.87,0.166,0.319,0.14,0.314,83.5,62.79
"2025-07-03 06:00:00",19602,11.78,402,1,0.122,2.05,3.78,0.169,0.313,0.143,0.314,82.5,61.28
"2025-07-03 06:30:00",19603,11.77,402,1,0.131,2.13,4.12,0.176,0.34,0.149,0.336,85.6,63.67
"2025-07-03 07:00:00",19604,11.78,402,1,0.14,2.34,4.33,0.193,0.358,0.161,0.348,87.3,65.3
"2025-07-03 07:30:00",19605,11.77,402,1,0.177,3.08,5.3,0.254,0.437,0.232,0.429,91.1,64.88
"2025-07-03 08:00:00",19606,11.77,402,1,0.274,5.13,7.75,0.424,0.64,0.43,0.64,98.6,72.16
"2025-07-03 08:30:00",19607,11.77,402,1,0.398,7.63,10.94,0.63,0.904,0.66,0.895,99.2,73.24
"2025-07-03 09:00:00",19608,11.77,402,1,0.369,9.2,7.33,0.76,1.035,0.78,1.024,88.1,70.87
"2025-07-03 09:30:00",19609,11.77,402,1,0.438,10.09,9.81,0.834,1.11,0.855,1.09,86.7,71.44
"2025-07-03 10:00:00",19610,11.77,402,1,0.386,10.73,6.21,0.886,1.206,0.908,1.184,88.5,69.82
"2025-07-03 10:30:00",19611,11.77,402,1,0.516,8.32,16.29,0.688,1.143,0.634,1.132,81.8,72.8
"2025-07-03 11:00:00",19612,11.77,402,1,0.552,11.25,14.33,0.929,1.195,0.948,1.164,83.4,68.46
"2025-07-03 11:30:00",19613,11.77,402,1,0.493,11.35,11.04,0.937,1.301,0.968,1.261,85.8,68.85
"2025-07-03 12:00:00",19614,11.77,402,1,0.715,16.26,16.26,1.033,1.415,1.047,1.361,81.8,64.59
"2025-07-03 12:30:00",19615,11.77,402,1,0.633,14.4,14.4,1.052,1.446,1.063,1.384,83.3,65.28
"2025-07-03 13:00:00",19616,11.77,402,1,0.878,19.96,19.96,1.144,1.48,1.154,1.419,78.64,64.66
"2025-07-03 13:30:00",19617,11.77,402,1,0.872,19.84,19.84,1.08,1.467,1.088,1.404,78.76,64.78
"2025-07-03 14:00:00",19618,11.77,402,1,0.948,21.56,21.56,1.194,1.539,1.201,1.451,77.19,63.21
"2025-07-03 14:30:00",19619,11.77,402,1,0.764,17.37,17.37,1.107,1.519,1.123,1.443,80.8,64.6
"2025-07-03 15:00:00",19620,11.76,402,1,0.709,16.12,16.12,1.071,1.485,1.088,1.409,81.9,64.92
"2025-07-03 15:30:00",19621,11.77,402,1,0.702,15.97,15.97,1.027,1.421,1.045,1.358,82,65.24
"2025-07-03 16:00:00",19622,11.76,402,1,0.599,11.8,16.07,0.975,1.342,0.988,1.304,82,66.99
"2025-07-03 16:30:00",19623,11.77,402,1,0.827,18.81,18.81,0.999,1.337,1.006,1.295,79.65,66.17
"2025-07-03 17:00:00",19624,11.76,402,1,0.547,11.68,13.48,0.966,1.314,0.988,1.262,84.1,67.36
"2025-07-03 17:30:00",19625,11.76,402,1,0.563,11.26,14.88,0.931,1.266,0.951,1.215,82.9,66.4
"2025-07-03 18:00:00",19626,11.76,402,1,0.518,10.62,13.35,0.877,1.228,0.897,1.189,84.1,68.61
"2025-07-03 18:30:00",19627,11.76,402,1,0.547,10.04,15.68,0.83,1.167,0.85,1.135,82.3,68.53
"2025-07-03 19:00:00",19628,11.76,402,1,0.479,9.47,12.79,0.783,1.067,0.795,1.037,84.6,69.34
"2025-07-03 19:30:00",19629,11.76,402,1,0.405,7.8,11.11,0.645,0.918,0.661,0.908,83.6,67.88
"2025-07-03 20:00:00",19630,11.76,402,1,0.298,5.53,8.43,0.457,0.697,0.46,0.689,81.3,65.87
"2025-07-03 20:30:00",19631,11.75,402,1,0.21,3.68,6.25,0.304,0.517,0.297,0.518,82.2,63.22
"2025-07-03 21:00:00",19632,11.75,402,1,0.171,2.9,5.21,0.239,0.43,0.222,0.437,81.6,63.34
"2025-07-03 21:30:00",19633,11.74,402,1,0.157,2.55,4.93,0.211,0.408,0.189,0.408,82.9,60.14
"2025-07-03 22:00:00",19634,11.74,402,1,0.148,2.42,4.66,0.2,0.385,0.179,0.385,81.2,63.01
"2025-07-03 22:30:00",19635,11.74,402,1,0.139,2.26,4.38,0.187,0.363,0.16,0.37,82,63.07
"2025-07-03 23:00:00",19636,11.73,402,1,0.136,2.16,4.38,0.179,0.363,0.157,0.37,83.7,62.7
"2025-07-03 23:30:00",19637,11.73,402,1,0.136,2.16,4.38,0.179,0.363,0.152,0.363,82.7,62
"2025-07-04 00:00:00",19638,11.73,402,1,0.135,2.14,4.31,0.177,0.356,0.151,0.357,82.4,60.93
"2025-07-04 00:30:00",19639,11.73,402,1,0.132,2.09,4.26,0.172,0.351,0.151,0.352,82.6,63.64
"2025-07-04 01:00:00",19640,11.73,402,1,0.128,1.99,4.15,0.165,0.343,0.139,0.344,82.9,62.88
"2025-07-04 01:30:00",19641,11.72,402,1,0.13,2.09,4.15,0.173,0.343,0.132,0.333,88,63.52
"2025-07-04 02:00:00",19642,11.72,402,1,0.137,2.2,4.38,0.181,0.363,0.161,0.363,79.61,61.39
"2025-07-04 02:30:00",19643,11.72,402,1,0.14,2.33,4.34,0.192,0.359,0.165,0.371,80.6,59.43
"2025-07-04 03:00:00",19644,11.71,402,1,0.142,2.35,4.43,0.195,0.366,0.168,0.371,80.6,59.61
"2025-07-04 03:30:00",19645,11.72,402,1,0.144,2.4,4.48,0.198,0.37,0.177,0.371,79.14,60.93
"2025-07-04 04:00:00",19646,11.71,402,1,0.148,2.54,4.48,0.209,0.37,0.192,0.376,84.6,61.11
"2025-07-04 04:30:00",19647,11.71,402,1,0.12,1.58,4.27,0.131,0.353,0.111,0.37,74.55,59.1
"2025-07-04 05:00:00",19648,11.71,402,1,0.139,2.3,4.34,0.19,0.359,0.168,0.36,82.1,59.6
"2025-07-04 05:30:00",19649,11.71,402,1,0.129,1.91,4.34,0.157,0.359,0.127,0.371,74.54,61.09
"2025-07-04 06:00:00",19650,11.7,402,1,0.141,2.28,4.45,0.189,0.368,0.163,0.369,80.4,62.15
"2025-07-04 06:30:00",19651,11.7,402,1,0.155,2.7,4.65,0.223,0.385,0.195,0.392,82.5,62.84
"2025-07-04 07:00:00",19652,11.7,402,1,0.183,3.22,5.45,0.266,0.451,0.25,0.453,86.4,65.41
"2025-07-04 07:30:00",19653,11.69,402,1,0.237,4.38,6.75,0.362,0.558,0.354,0.559,88.7,66.28
"2025-07-04 08:00:00",19654,11.69,402,1,0.288,5.37,8.15,0.443,0.674,0.451,0.67,92.7,68.49
"2025-07-04 08:30:00",19655,11.69,402,1,0.404,7.79,11.05,0.643,0.913,0.668,0.911,93.3,72.13
"2025-07-04 09:00:00",19656,11.69,402,1,0.391,9.82,7.68,0.811,1.117,0.833,1.096,87.9,70.98
"2025-07-04 09:30:00",19657,11.68,402,1,0.527,10.52,13.98,0.869,1.155,0.897,1.133,93,71.27
"2025-07-04 10:00:00",19658,11.69,402,1,0.402,11.36,6.21,0.939,1.284,0.957,1.243,88.6,68.59
"2025-07-04 10:30:00",19659,11.69,402,1,0.567,12.12,13.94,1.001,1.151,1.034,1.14,91,71.76
"2025-07-04 11:00:00",19660,11.68,402,1,0.598,11.74,16.08,0.97,1.154,0.98,1.123,81.9,69.2
"2025-07-04 11:30:00",19661,11.69,402,1,0.292,10.46,1.55,0.864,1.31,0.864,1.267,90,68.49
"2025-07-04 12:00:00",19662,11.69,402,1,0.574,13.06,13.06,1,1.381,1.018,1.338,84.4,67.69
"2025-07-04 12:30:00",19663,11.68,402,1,0.799,18.18,18.18,1.006,1.402,1.016,1.348,80.2,67.26
"2025-07-04 13:00:00",19664,11.69,402,1,0.724,16.47,16.47,1.012,1.397,1.024,1.356,81.6,66.4
"2025-07-04 13:30:00",19665,11.69,402,1,0.902,20.51,20.51,1.084,1.448,1.099,1.384,78.11,64.89
"2025-07-04 14:00:00",19666,11.69,402,1,0.821,18.69,18.69,1.076,1.416,1.079,1.363,79.73,66.26
"2025-07-04 14:30:00",19667,11.68,402,1,0.539,11.84,12.86,0.978,1.345,0.991,1.313,84.5,65.78
"2025-07-04 15:00:00",19668,11.68,402,1,0.736,16.75,16.75,1.032,1.378,1.05,1.326,81.4,65.71
"2025-07-04 15:30:00",19669,11.69,402,1,0.557,11.52,14.2,0.951,1.339,0.971,1.297,83.5,65.77
"2025-07-04 16:00:00",19670,11.69,402,1,0.76,17.3,17.3,0.993,1.312,1.004,1.271,80.9,65.97
"2025-07-04 16:30:00",19671,11.69,402,1,0.556,11.56,14.09,0.955,1.309,0.969,1.267,83.6,66.16
"2025-07-04 17:00:00",19672,11.68,402,1,0.464,10.98,10.02,0.907,1.25,0.925,1.216,86.5,67.78
"2025-07-04 17:30:00",19673,11.68,402,1,0.552,11.21,14.36,0.926,1.245,0.95,1.204,83.3,67.34
"2025-07-04 18:00:00",19674,11.67,402,1,0.524,10.21,14.22,0.844,1.191,0.861,1.151,83.4,68.7
"2025-07-04 18:30:00",19675,11.68,402,1,0.464,9.33,12.22,0.771,1.105,0.786,1.083,85.1,67.07
"2025-07-04 19:00:00",19676,11.67,402,1,0.462,8.94,12.64,0.739,1.034,0.756,1.004,84.7,69.19
"2025-07-04 19:30:00",19677,11.67,402,1,0.378,7.14,10.53,0.59,0.87,0.604,0.861,86.4,68.42
"2025-07-04 20:00:00",19678,11.67,402,1,0.285,5.32,8.06,0.439,0.665,0.438,0.669,80.1,64.09
"2025-07-04 20:30:00",19679,11.67,402,1,0.207,3.73,6.04,0.307,0.499,0.294,0.509,77.34,60.62
"2025-07-04 21:00:00",19680,11.67,402,1,0.174,2.93,5.38,0.242,0.444,0.224,0.455,77.19,59.99
"2025-07-04 21:30:00",19681,11.66,402,1,0.164,2.77,5.03,0.229,0.415,0.212,0.427,79.63,59.17
"2025-07-04 22:00:00",19682,11.66,402,1,0.157,2.63,4.82,0.217,0.398,0.2,0.41,79.86,59.65
"2025-07-04 22:30:00",19683,11.65,402,1,0.154,2.59,4.76,0.214,0.394,0.186,0.405,79.79,60.08
"2025-07-04 23:00:00",19684,11.65,402,1,0.148,2.44,4.62,0.202,0.382,0.18,0.387,78.97,60.52
"2025-07-04 23:30:00",19685,11.64,402,1,0.145,2.38,4.57,0.197,0.377,0.17,0.389,79.85,60.15
"2025-07-05 00:00:00",19686,11.64,402,1,0.145,2.42,4.48,0.201,0.37,0.174,0.375,80.2,60.7
"2025-07-05 00:30:00",19687,11.64,402,1,0.143,2.37,4.45,0.196,0.368,0.168,0.373,79.96,60.01
"2025-07-05 01:00:00",19688,11.63,402,1,0.14,2.3,4.4,0.19,0.363,0.168,0.368,81.3,60.13
"2025-07-05 01:30:00",19689,11.63,402,1,0.141,2.34,4.4,0.194,0.363,0.167,0.368,82.3,61.57
"2025-07-05 02:00:00",19690,11.63,402,1,0.137,2.23,4.31,0.184,0.356,0.157,0.361,83.1,60.14
"2025-07-05 02:30:00",19691,11.62,402,1,0.137,2.23,4.31,0.184,0.356,0.157,0.361,79.26,61.31
"2025-07-05 03:00:00",19692,11.63,402,1,0.135,2.17,4.31,0.179,0.356,0.153,0.363,81.9,62.45
"2025-07-05 03:30:00",19693,11.63,402,1,0.139,2.3,4.31,0.19,0.356,0.163,0.361,80.2,59.26
"2025-07-05 04:00:00",19694,11.62,402,1,0.139,2.28,4.37,0.189,0.361,0.156,0.361,83,60.51
"2025-07-05 04:30:00",19695,11.62,402,1,0.138,2.27,4.34,0.187,0.359,0.16,0.359,81.7,62.26
"2025-07-05 05:00:00",19696,11.62,402,1,0.14,2.4,4.27,0.198,0.353,0.17,0.359,78.64,60.69
"2025-07-05 05:30:00",19697,11.61,402,1,0.139,2.34,4.29,0.193,0.354,0.16,0.355,82.9,59.75
"2025-07-05 06:00:00",19698,11.61,402,1,0.137,2.21,4.34,0.182,0.359,0.155,0.353,81.1,62.45
"2025-07-05 06:30:00",19699,11.61,402,1,0.143,2.4,4.43,0.198,0.366,0.17,0.36,85.8,60.32
"2025-07-05 07:00:00",19700,11.61,402,1,0.151,2.56,4.64,0.212,0.383,0.183,0.378,85.2,63.7
"2025-07-05 07:30:00",19701,11.6,402,1,0.185,3.22,5.53,0.267,0.457,0.243,0.441,91.3,65.89
"2025-07-05 08:00:00",19702,11.61,402,1,0.235,4.33,6.7,0.358,0.554,0.356,0.544,103.7,67.48
"2025-07-05 08:30:00",19703,11.6,402,1,0.327,6.08,9.29,0.503,0.767,0.51,0.763,105.7,74.51
"2025-07-05 09:00:00",19704,11.6,402,1,0.41,7.9,11.25,0.653,0.929,0.667,0.92,92.8,72.59
"2025-07-05 09:30:00",19705,11.6,402,1,0.45,8.9,12.02,0.735,0.993,0.761,0.991,94,73.29
"2025-07-05 10:00:00",19706,11.6,402,1,0.515,10.13,13.87,0.837,1.146,0.867,1.134,92.2,70.72
"2025-07-05 10:30:00",19707,11.59,402,1,0.547,11.77,13.36,0.972,1.104,1.011,1.101,95.1,73.89
"2025-07-05 11:00:00",19708,11.59,402,1,0.595,10.67,17.37,0.882,1.083,0.904,1.072,80.9,69.93
"2025-07-05 11:30:00",19709,11.6,402,1,0.42,10.58,8.21,0.874,1.224,0.901,1.19,87.6,68.11
"2025-07-05 12:00:00",19710,11.6,402,1,0.605,11.78,16.43,0.974,1.358,0.995,1.325,92.4,68.2
"2025-07-05 12:30:00",19711,11.6,402,1,0.511,11.84,11.33,0.978,1.34,0.99,1.309,85.6,65.9
"2025-07-05 13:00:00",19712,11.6,402,1,0.586,11.6,15.65,0.959,1.223,0.973,1.191,82.4,69.15
"2025-07-05 13:30:00",19713,11.6,402,1,0.564,11.53,14.58,0.952,1.287,0.964,1.267,83.2,67.98
"2025-07-05 14:00:00",19714,11.6,402,1,0.513,11.61,11.75,0.959,1.29,0.978,1.269,85.3,67.6
"2025-07-05 14:30:00",19715,11.6,402,1,0.523,11.54,12.36,0.954,1.363,0.965,1.333,85,67.22
"2025-07-05 15:00:00",19716,11.6,402,1,0.437,10.97,8.59,0.906,1.32,0.922,1.285,87.4,66.66
"2025-07-05 15:30:00",19717,11.59,402,1,0.706,16.05,16.05,0.981,1.316,1.003,1.284,81.9,68.22
"2025-07-05 16:00:00",19718,11.6,402,1,0.466,11.07,10.02,0.915,1.258,0.935,1.235,86.5,68.04
"2025-07-05 16:30:00",19719,11.59,402,1,0.546,10.94,14.42,0.904,1.23,0.922,1.197,83.4,69.18
"2025-07-05 17:00:00",19720,11.59,402,1,0.521,10.65,13.49,0.88,1.18,0.897,1.151,84.1,68.16
"2025-07-05 17:30:00",19721,11.59,402,1,0.516,10.25,13.71,0.847,1.174,0.868,1.142,83.9,66.96
"2025-07-05 18:00:00",19722,11.59,402,1,0.457,10.07,10.86,0.833,1.157,0.851,1.124,85.9,67.71
"2025-07-05 18:30:00",19723,11.59,402,1,0.499,9.72,13.56,0.803,1.102,0.819,1.079,84,68
"2025-07-05 19:00:00",19724,11.59,402,1,0.493,8.91,14.32,0.736,1.035,0.75,1.013,83.3,68.12
"2025-07-05 19:30:00",19725,11.58,402,1,0.382,7.3,10.53,0.603,0.87,0.612,0.86,80.5,67.54
"2025-07-05 20:00:00",19726,11.58,402,1,0.289,5.41,8.14,0.447,0.672,0.448,0.664,81.4,64.2
"2025-07-05 20:30:00",19727,11.57,402,1,0.214,3.81,6.32,0.315,0.522,0.303,0.532,76.63,61.17
"2025-07-05 21:00:00",19728,11.57,402,1,0.184,3.12,5.6,0.258,0.463,0.246,0.467,77.36,59.4
"2025-07-05 21:30:00",19729,11.57,402,1,0.171,2.9,5.24,0.239,0.433,0.217,0.437,79.48,59.52
"2025-07-05 22:00:00",19730,11.56,402,1,0.166,2.82,5.09,0.233,0.42,0.21,0.425,79.15,57.95
"2025-07-05 22:30:00",19731,11.56,402,1,0.159,2.69,4.88,0.222,0.403,0.205,0.415,76.09,58.39
"2025-07-05 23:00:00",19732,11.55,402,1,0.153,2.55,4.73,0.211,0.391,0.188,0.403,76.9,58.7
"2025-07-05 23:30:00",19733,11.56,402,1,0.152,2.55,4.66,0.211,0.386,0.188,0.398,80.5,60.82
"2025-07-06 00:00:00",19734,11.54,402,1,0.152,2.55,4.66,0.211,0.386,0.183,0.391,81,60.5
"2025-07-06 00:30:00",19735,11.54,402,1,0.144,2.34,4.55,0.193,0.376,0.165,0.377,81.8,60.38
"2025-07-06 01:00:00",19736,11.54,402,1,0.147,2.51,4.47,0.208,0.369,0.18,0.37,81.5,60.76
"2025-07-06 01:30:00",19737,11.54,402,1,0.141,2.28,4.47,0.188,0.369,0.161,0.375,80.2,60.26
"2025-07-06 02:00:00",19738,11.54,402,1,0.141,2.31,4.44,0.191,0.367,0.168,0.373,80.8,60.57
"2025-07-06 02:30:00",19739,11.54,402,1,0.141,2.37,4.36,0.196,0.36,0.168,0.368,83.8,62.82
"2025-07-06 03:00:00",19740,11.54,402,1,0.139,2.35,4.27,0.195,0.353,0.167,0.354,83.7,60
"2025-07-06 03:30:00",19741,11.53,402,1,0.139,2.3,4.33,0.19,0.358,0.162,0.359,82.6,59.87
"2025-07-06 04:00:00",19742,11.53,402,1,0.139,2.35,4.27,0.195,0.353,0.162,0.359,81.4,60.94
"2025-07-06 04:30:00",19743,11.52,402,1,0.137,2.28,4.24,0.189,0.351,0.156,0.352,82.5,62.82
"2025-07-06 05:00:00",19744,11.53,402,1,0.135,2.23,4.23,0.184,0.349,0.156,0.35,82,60.03
"2025-07-06 05:30:00",19745,11.52,402,1,0.133,2.14,4.23,0.178,0.349,0.15,0.35,82.1,60.4
"2025-07-06 06:00:00",19746,11.52,402,1,0.135,2.26,4.2,0.186,0.347,0.153,0.336,83.2,62.78
"2025-07-06 06:30:00",19747,11.52,402,1,0.138,2.33,4.27,0.192,0.353,0.159,0.353,86.2,60.97
"2025-07-06 07:00:00",19748,11.51,402,1,0.153,2.55,4.72,0.211,0.389,0.181,0.383,87,62.8
"2025-07-06 07:30:00",19749,11.52,402,1,0.181,3.17,5.42,0.261,0.448,0.233,0.438,90.3,64.55
"2025-07-06 08:00:00",19750,11.51,402,1,0.219,3.91,6.46,0.323,0.534,0.307,0.518,97.1,69.4
"2025-07-06 08:30:00",19751,11.51,402,1,0.335,6.39,9.3,0.528,0.768,0.528,0.76,99.6,76.61
"2025-07-06 09:00:00",19752,11.51,402,1,0.393,7.59,10.77,0.627,0.891,0.643,0.892,95.4,74.38
"2025-07-06 09:30:00",19753,11.5,402,1,0.435,8.55,11.73,0.706,0.969,0.718,0.967,94.9,72.2
"2025-07-06 10:00:00",19754,11.5,402,1,0.474,9.23,12.85,0.763,1.061,0.778,1.058,91.7,73.24
"2025-07-06 10:30:00",19755,11.5,402,1,0.35,8.66,7.03,0.715,1.022,0.724,1.02,88.2,73.46
"2025-07-06 11:00:00",19756,11.51,402,1,0.396,8.92,9.16,0.738,1.022,0.749,1.019,87,71.76
"2025-07-06 11:30:00",19757,11.51,402,1,0.485,9.41,13.22,0.778,1.092,0.805,1.08,90.1,70.88
"2025-07-06 12:00:00",19758,11.51,402,1,0.358,7.05,9.62,0.582,0.795,0.593,0.783,84.5,69.49
"2025-07-06 12:30:00",19759,11.51,402,1,0.201,3.84,5.59,0.317,0.462,0.304,0.457,94.4,63.88
"2025-07-06 13:00:00",19760,11.51,402,1,0.277,5.06,7.99,0.417,0.66,0.411,0.649,89.4,70.67
"2025-07-06 13:30:00",19761,11.5,402,1,0.572,10.45,16.42,0.863,1.184,0.871,1.151,81.7,68.99
"2025-07-06 14:00:00",19762,11.5,402,1,0.451,8.8,12.22,0.726,1.009,0.743,0.998,85.1,69.35
"2025-07-06 14:30:00",19763,11.5,402,1,0.484,9.05,13.62,0.748,1.057,0.765,1.036,83.9,69.23
"2025-07-06 15:00:00",19764,11.5,402,1,0.378,10.23,6.44,0.845,1.291,0.864,1.256,88.5,67.55
"2025-07-06 15:30:00",19765,11.49,402,1,0.656,11.92,18.93,0.985,1.241,0.988,1.22,79.53,67.57
"2025-07-06 16:00:00",19766,11.49,402,1,0.478,11.01,10.69,0.91,1.264,0.934,1.24,86.2,68.46
"2025-07-06 16:30:00",19767,11.49,402,1,0.366,10.31,5.7,0.851,1.204,0.872,1.17,88.9,70.63
"2025-07-06 17:00:00",19768,11.49,402,1,0.545,9.82,15.86,0.812,1.092,0.824,1.08,82.2,68.74
"2025-07-06 17:30:00",19769,11.49,402,1,0.524,10.16,14.29,0.839,1.18,0.86,1.16,90.7,68.45
"2025-07-06 18:00:00",19770,11.48,402,1,0.409,9.86,8.6,0.815,1.175,0.832,1.152,87.3,69.82
"2025-07-06 18:30:00",19771,11.48,402,1,0.541,10.18,15.14,0.841,1.111,0.857,1.089,82.7,66
"2025-07-06 19:00:00",19772,11.48,402,1,0.435,8.43,11.84,0.697,0.979,0.719,0.967,85.5,71.07
"2025-07-06 19:30:00",19773,11.48,402,1,0.367,7.05,10.11,0.582,0.836,0.596,0.826,84.4,68.48
"2025-07-06 20:00:00",19774,11.48,402,1,0.272,5.07,7.69,0.419,0.636,0.419,0.628,83.2,65.78
"2025-07-06 20:30:00",19775,11.47,402,1,0.188,3.25,5.66,0.269,0.467,0.249,0.469,81.2,62.26
"2025-07-06 21:00:00",19776,11.47,402,1,0.155,2.61,4.79,0.216,0.396,0.193,0.403,80.4,61.7
"2025-07-06 21:30:00",19777,11.47,402,1,0.146,2.4,4.57,0.198,0.377,0.176,0.382,82.4,60.93
"2025-07-06 22:00:00",19778,11.46,402,1,0.143,2.34,4.48,0.193,0.37,0.165,0.377,82.5,61.06
"2025-07-06 22:30:00",19779,11.46,402,1,0.133,2.12,4.29,0.175,0.354,0.147,0.35,83.1,61.68
"2025-07-06 23:00:00",19780,11.46,402,1,0.13,2.05,4.2,0.169,0.347,0.142,0.348,81.6,61.63
"2025-07-06 23:30:00",19781,11.45,402,1,0.129,2.1,4.06,0.174,0.336,0.141,0.336,84.5,60.81
"2025-07-07 00:00:00",19782,11.45,402,1,0.13,2.1,4.15,0.174,0.342,0.146,0.338,81.4,63.43
"2025-07-07 00:30:00",19783,11.45,402,1,0.128,2.06,4.09,0.171,0.337,0.149,0.338,83.8,61.62
"2025-07-07 01:00:00",19784,11.44,402,1,0.131,2.1,4.16,0.174,0.344,0.142,0.34,83,61.31
"2025-07-07 01:30:00",19785,11.44,402,1,0.128,2.1,4.01,0.174,0.331,0.141,0.332,83.7,63.25
"2025-07-07 02:00:00",19786,11.43,402,1,0.127,2.03,4.06,0.168,0.336,0.136,0.332,85.5,63
"2025-07-07 02:30:00",19787,11.44,402,1,0.125,1.99,4.01,0.164,0.331,0.137,0.332,82.7,61.43
"2025-07-07 03:00:00",19788,11.43,402,1,0.125,2,3.96,0.166,0.328,0.138,0.329,82.9,61.69
"2025-07-07 03:30:00",19789,11.43,402,1,0.13,2.13,4.1,0.176,0.339,0.149,0.34,82.8,62.88
"2025-07-07 04:00:00",19790,11.43,402,1,0.128,2.12,4.01,0.174,0.332,0.142,0.333,83,59.55
"2025-07-07 04:30:00",19791,11.42,402,1,0.128,2.1,4.01,0.173,0.332,0.146,0.333,78.45,63.24
"2025-07-07 05:00:00",19792,11.42,402,1,0.127,2.13,3.92,0.176,0.325,0.148,0.326,83,62.31
"2025-07-07 05:30:00",19793,11.42,402,1,0.124,2.02,3.92,0.167,0.325,0.145,0.326,81.6,62.62
"2025-07-07 06:00:00",19794,11.42,402,1,0.125,1.99,3.99,0.165,0.33,0.133,0.331,82,62.56
"2025-07-07 06:30:00",19795,11.42,402,1,0.132,2.19,4.13,0.18,0.341,0.157,0.336,83.6,62.62
"2025-07-07 07:00:00",19796,11.41,402,1,0.146,2.4,4.59,0.198,0.38,0.173,0.369,85.8,63.37
"2025-07-07 07:30:00",19797,11.4,402,1,0.183,3.18,5.49,0.263,0.453,0.244,0.448,92.6,66.82
"2025-07-07 08:00:00",19798,11.41,402,1,0.28,5.1,8.07,0.421,0.666,0.429,0.666,102.4,72.16
"2025-07-07 08:30:00",19799,11.4,402,1,0.412,7.87,11.39,0.651,0.941,0.666,0.93,89.3,72.3
"2025-07-07 09:00:00",19800,11.4,402,1,0.332,6.39,9.11,0.528,0.752,0.542,0.752,97.6,70.11
"2025-07-07 09:30:00",19801,11.4,402,1,0.449,8.78,12.16,0.725,1.004,0.749,0.999,87,70.25
"2025-07-07 10:00:00",19802,11.39,402,1,0.31,9.48,3.82,0.784,1.108,0.805,1.095,89.5,69.75
"2025-07-07 10:30:00",19803,11.4,402,1,0.47,9.13,12.76,0.754,1.055,0.762,1.043,101,73.27
"2025-07-07 11:00:00",19804,11.39,402,1,0.394,9.86,7.79,0.814,1.121,0.831,1.099,87.8,71.08
"2025-07-07 11:30:00",19805,11.39,402,1,0.445,10.41,9.78,0.86,1.198,0.882,1.174,86.6,69.14
"2025-07-07 12:00:00",19806,11.38,402,1,0.533,9.82,15.21,0.811,1.072,0.831,1.05,82.6,69.13
"2025-07-07 12:30:00",19807,11.38,402,1,0.396,7.89,10.52,0.652,0.869,0.653,0.855,82.3,68.05
"2025-07-07 13:00:00",19808,11.39,402,1,0.219,4.02,6.3,0.332,0.52,0.327,0.519,81.1,63.14
"2025-07-07 13:30:00",19809,11.39,402,1,0.149,2.37,4.76,0.196,0.393,0.173,0.396,77.98,61.26
"2025-07-07 14:00:00",19810,11.38,402,1,0.135,2.05,4.47,0.169,0.369,0.142,0.36,84.1,64.09
"2025-07-07 14:30:00",19811,11.38,402,1,0.22,3.91,6.49,0.322,0.536,0.312,0.537,88.6,65.33
"2025-07-07 15:00:00",19812,11.37,402,1,0.396,7.51,11.02,0.621,0.911,0.63,0.9,83.1,69.17
"2025-07-07 15:30:00",19813,11.37,402,1,0.457,8.94,12.36,0.739,1.021,0.77,1,92.9,69.66
"2025-07-07 16:00:00",19814,11.36,402,1,0.519,10.07,14.11,0.833,1.166,0.853,1.142,92.3,70.82
"2025-07-07 16:30:00",19815,11.36,402,1,0.406,7.69,11.29,0.636,0.933,0.669,0.922,95,69.22
"2025-07-07 17:00:00",19816,11.36,402,1,0.489,9.3,13.57,0.769,1.121,0.798,1.099,92.2,70.44
"2025-07-07 17:30:00",19817,11.35,402,1,0.548,10.62,14.92,0.878,1.167,0.888,1.146,83,69.51
"2025-07-07 18:00:00",19818,11.36,402,1,0.606,11.52,16.81,0.951,1.199,0.971,1.152,81.4,67.19
"2025-07-07 18:30:00",19819,11.36,402,1,0.43,10.21,9.25,0.844,1.164,0.865,1.141,87,69.76
"2025-07-07 19:00:00",19820,11.35,402,1,0.447,9.67,10.84,0.798,1.075,0.822,1.049,86,70.26
"2025-07-07 19:30:00",19821,11.34,402,1,0.396,7.62,10.88,0.63,0.9,0.651,0.889,85.8,69.62
"2025-07-07 20:00:00",19822,11.35,402,1,0.285,5.34,8.03,0.441,0.664,0.444,0.664,82.5,66.55
"2025-07-07 20:30:00",19823,11.35,402,1,0.196,3.49,5.79,0.288,0.479,0.267,0.485,83.6,63.9
"2025-07-07 21:00:00",19824,11.34,402,1,0.154,2.56,4.79,0.212,0.396,0.188,0.403,83.1,60.83
"2025-07-07 21:30:00",19825,11.34,402,1,0.139,2.21,4.44,0.183,0.367,0.16,0.374,83.2,60.7
"2025-07-07 22:00:00",19826,11.34,402,1,0.133,2.13,4.23,0.176,0.35,0.154,0.35,79.6,63.38
"2025-07-07 22:30:00",19827,11.33,402,1,0.129,2.05,4.12,0.168,0.34,0.141,0.336,82.9,61.89
"2025-07-07 23:00:00",19828,11.33,402,1,0.126,2.02,4.03,0.167,0.333,0.134,0.33,84.2,61.2
"2025-07-07 23:30:00",19829,11.32,402,1,0.125,2.03,3.95,0.167,0.327,0.134,0.321,85.2,64.46
"2025-07-08 00:00:00",19830,11.31,402,1,0.12,1.91,3.87,0.157,0.32,0.124,0.316,85.7,63.96
"2025-07-08 00:30:00",19831,11.32,402,1,0.123,1.98,3.89,0.163,0.322,0.131,0.323,84.9,61.63
"2025-07-08 01:00:00",19832,11.31,402,1,0.121,1.92,3.89,0.158,0.322,0.125,0.316,83.4,60.95
"2025-07-08 01:30:00",19833,11.3,402,1,0.126,2.12,3.89,0.174,0.322,0.141,0.318,83.2,62.45
"2025-07-08 02:00:00",19834,11.3,402,1,0.12,1.89,3.89,0.156,0.322,0.123,0.316,85.9,61.89
"2025-07-08 02:30:00",19835,11.3,402,1,0.127,2.06,4.03,0.17,0.333,0.137,0.334,84.7,62.02
"2025-07-08 03:00:00",19836,11.3,402,1,0.13,2.07,4.15,0.171,0.342,0.148,0.332,81.4,62.45
"2025-07-08 03:30:00",19837,11.29,402,1,0.127,2.02,4.09,0.166,0.337,0.143,0.333,83.3,64.58
"2025-07-08 04:00:00",19838,11.29,402,1,0.129,2.1,4.05,0.173,0.334,0.145,0.335,82.8,62.82
"2025-07-08 04:30:00",19839,11.29,402,1,0.125,2.05,3.91,0.169,0.323,0.141,0.32,81.6,61.38
"2025-07-08 05:00:00",19840,11.28,402,1,0.127,2.02,4.09,0.167,0.337,0.144,0.333,80.8,61.13
"2025-07-08 05:30:00",19841,11.28,402,1,0.127,2.1,3.96,0.173,0.327,0.145,0.328,83.3,60.82
"2025-07-08 06:00:00",19842,11.28,402,1,0.142,2.42,4.31,0.201,0.357,0.176,0.359,83,63.32
"2025-07-08 06:30:00",19843,11.27,402,1,0.159,2.72,4.82,0.224,0.398,0.21,0.393,85.7,63.75
"2025-07-08 07:00:00",19844,11.27,402,1,0.194,3.4,5.76,0.281,0.476,0.27,0.465,86,65.02
"2025-07-08 07:30:00",19845,11.26,402,1,0.266,4.9,7.58,0.405,0.626,0.403,0.627,89.1,69.16
"2025-07-08 08:00:00",19846,11.26,402,1,0.335,6.33,9.34,0.523,0.772,0.531,0.759,91.4,69.47
"2025-07-08 08:30:00",19847,11.25,402,1,0.45,8.78,12.19,0.726,1.007,0.749,0.996,89.2,70.43
"2025-07-08 09:00:00",19848,11.25,402,1,0.434,10.07,9.62,0.833,1.125,0.849,1.102,86.8,70.06
"2025-07-08 09:30:00",19849,11.25,402,1,0.538,10.23,14.95,0.845,1.235,0.875,1.2,95.5,67.7
"2025-07-08 10:00:00",19850,11.24,402,1,0.509,11.26,12.03,0.931,1.273,0.958,1.236,85.1,68.64
"2025-07-08 10:30:00",19851,11.23,402,1,0.438,11.01,8.57,0.91,1.253,0.941,1.228,87.4,68.65
"2025-07-08 11:00:00",19852,11.24,402,1,0.571,11.42,15.09,0.943,1.267,0.962,1.219,82.8,67.85
"2025-07-08 11:30:00",19853,11.23,402,1,0.612,13.92,13.92,1.014,1.407,1.036,1.346,83.7,66.22
"2025-07-08 12:00:00",19854,11.23,402,1,0.654,14.89,14.89,1.038,1.453,1.051,1.395,83,64.97
"2025-07-08 12:30:00",19855,11.23,402,1,0.858,19.51,19.51,1.132,1.532,1.137,1.448,79.02,62.78
"2025-07-08 13:00:00",19856,11.23,402,1,0.849,19.3,19.3,1.09,1.466,1.093,1.411,79.22,64.49
"2025-07-08 13:30:00",19857,11.22,402,1,0.797,18.13,18.13,1.095,1.466,1.108,1.406,80.2,64.49
"2025-07-08 14:00:00",19858,11.21,402,1,0.865,19.67,19.67,1.077,1.455,1.092,1.381,78.9,63.67
"2025-07-08 14:30:00",19859,11.21,402,1,0.871,19.81,19.81,1.095,1.483,1.108,1.412,78.8,65.31
"2025-07-08 15:00:00",19860,11.21,402,1,0.734,16.7,16.7,1.048,1.41,1.059,1.352,81.4,65.19
"2025-07-08 15:30:00",19861,11.2,402,1,0.6,13.66,13.66,1.039,1.425,1.056,1.366,83.9,65.68
"2025-07-08 16:00:00",19862,11.2,402,1,0.739,16.81,16.81,1.011,1.36,1.022,1.312,81.3,66.32
"2025-07-08 16:30:00",19863,11.19,402,1,0.778,17.71,17.71,1.047,1.423,1.064,1.349,80.6,65.87
"2025-07-08 17:00:00",19864,11.19,402,1,0.836,19.02,19.02,1.022,1.331,1.023,1.27,79.46,66.23
"2025-07-08 17:30:00",19865,11.18,402,1,0.382,7.37,10.48,0.609,0.866,0.623,0.855,82.1,69.14
"2025-07-08 18:00:00",19866,11.19,402,1,0.357,6.74,10,0.556,0.826,0.566,0.812,90,68.72
"2025-07-08 18:30:00",19867,11.18,402,1,0.67,15.26,15.26,1.048,1.435,1.056,1.343,82.6,64.59
"2025-07-08 19:00:00",19868,11.18,402,1,0.451,8.85,12.13,0.731,1.002,0.743,0.98,80.2,66.96
"2025-07-08 19:30:00",19869,11.16,402,1,0.269,4.97,7.65,0.41,0.632,0.41,0.632,80.5,65.81
"2025-07-08 20:00:00",19870,11.17,402,1,0.209,3.6,6.3,0.298,0.521,0.296,0.522,80.1,62.1
"2025-07-08 20:30:00",19871,11.16,402,1,0.262,5.83,6.16,0.481,0.509,0.432,0.532,60.36,54.91
"2025-07-08 21:00:00",19872,11.16,402,1,0.183,3,5.74,0.248,0.474,0.218,0.488,72.61,58.91
"2025-07-08 21:30:00",19873,11.15,402,1,0.156,2.58,4.88,0.213,0.403,0.184,0.403,76.62,61.41
"2025-07-08 22:00:00",19874,11.14,402,1,0.156,2.68,4.75,0.221,0.392,0.196,0.392,81.6,61.91
"2025-07-08 22:30:00",19875,11.14,402,1,0.155,2.7,4.62,0.223,0.382,0.197,0.39,83.7,62.48
"2025-07-08 23:00:00",19876,11.14,402,1,0.16,2.89,4.65,0.239,0.384,0.218,0.392,84.2,59.48
"2025-07-08 23:30:00",19877,11.13,402,1,0.145,2.56,4.3,0.211,0.356,0.181,0.357,79.89,60.68
"2025-07-09 00:00:00",19878,11.12,402,1,0.131,2.13,4.16,0.176,0.344,0.152,0.345,82.1,61.17
"2025-07-09 00:30:00",19879,11.11,402,1,0.134,2.31,4.06,0.191,0.335,0.173,0.336,81.5,60.79
"2025-07-09 01:00:00",19880,11.1,402,1,0.133,2.21,4.12,0.182,0.341,0.158,0.344,85.1,62.61
"2025-07-09 01:30:00",19881,11.1,402,1,0.133,2.21,4.12,0.183,0.34,0.153,0.341,82.5,62.55
"2025-07-09 02:00:00",19882,11.09,402,1,0.128,2.05,4.09,0.169,0.338,0.146,0.339,83.9,61.43
"2025-07-09 02:30:00",19883,11.09,402,1,0.122,1.95,3.92,0.161,0.325,0.132,0.333,79.5,60.55
"2025-07-09 03:00:00",19884,11.09,402,1,0.124,2,3.92,0.166,0.325,0.142,0.326,81.8,61.61
"2025-07-09 03:30:00",19885,11.08,402,1,0.118,1.79,3.88,0.148,0.32,0.119,0.316,84.7,62.23
"2025-07-09 04:00:00",19886,11.06,402,1,0.12,1.96,3.8,0.162,0.313,0.133,0.314,83,61.74
"2025-07-09 04:30:00",19887,11.06,402,1,0.121,1.92,3.88,0.159,0.32,0.129,0.322,83.5,60.8
"2025-07-09 05:00:00",19888,11.06,402,1,0.122,1.93,3.91,0.16,0.323,0.137,0.318,82.2,63.74
"2025-07-09 05:30:00",19889,11.05,402,1,0.124,2,3.91,0.166,0.323,0.137,0.318,84.2,60.74
"2025-07-09 06:00:00",19890,11.05,402,1,0.123,1.99,3.91,0.164,0.323,0.14,0.318,83.7,62.23
"2025-07-09 06:30:00",19891,11.04,402,1,0.119,1.91,3.8,0.157,0.313,0.128,0.309,86.3,63.12
"2025-07-09 07:00:00",19892,11.03,402,1,0.124,2.07,3.85,0.172,0.318,0.136,0.307,84.9,63.68
"2025-07-09 07:30:00",19893,11.02,402,1,0.137,2.3,4.22,0.19,0.348,0.164,0.339,96.2,65
"2025-07-09 08:00:00",19894,11,402,1,0.214,3.82,6.26,0.315,0.517,0.306,0.514,90,69.07
"2025-07-09 08:30:00",19895,11.01,402,1,0.304,5.66,8.6,0.467,0.71,0.473,0.71,92.6,71.33
"2025-07-09 09:00:00",19896,11,402,1,0.399,8.22,10.23,0.679,0.845,0.702,0.834,84.2,70.72
"2025-07-09 09:30:00",19897,10.98,402,1,0.433,8.31,11.92,0.686,0.985,0.71,0.983,101.3,73.56
"2025-07-09 10:00:00",19898,10.98,402,1,0.412,10.02,8.55,0.827,1.183,0.855,1.145,87.5,68.48
"2025-07-09 10:30:00",19899,10.97,402,1,0.584,12.34,14.57,1.019,1.204,1.103,1.189,109.9,72.43
"2025-07-09 11:00:00",19900,10.96,402,1,0.65,11.14,19.64,0.92,1.218,0.924,1.194,78.94,68.23
"2025-07-09 11:30:00",19901,10.94,402,1,0.828,18.84,18.84,1.062,1.413,1.073,1.345,79.63,65.91
"2025-07-09 12:00:00",19902,10.94,402,1,0.637,12.54,17.12,1.036,1.414,1.07,1.362,92,66.24
"2025-07-09 12:30:00",19903,10.93,402,1,0.969,22.05,22.05,1.16,1.551,1.166,1.462,76.72,63.25
"2025-07-09 13:00:00",19904,10.91,402,1,0.921,20.96,20.96,1.108,1.504,1.117,1.443,77.73,62.25
"2025-07-09 13:30:00",19905,10.9,402,1,0.917,20.86,20.86,1.079,1.48,1.089,1.419,77.86,62.38
"2025-07-09 14:00:00",19906,10.9,402,1,0.836,19.01,19.01,1.208,1.554,1.217,1.47,79.49,63.26
"2025-07-09 14:30:00",19907,10.88,402,1,1.041,23.67,23.67,1.267,1.631,1.244,1.518,75.29,62.07
"2025-07-09 15:00:00",19908,10.86,402,1,0.987,22.46,22.46,1.157,1.574,1.166,1.491,76.36,63.64
"2025-07-09 15:30:00",19909,10.84,402,1,0.977,22.23,22.23,1.194,1.512,1.2,1.415,76.54,64.57
"2025-07-09 16:00:00",19910,10.84,402,1,0.603,13.71,13.71,1.011,1.504,1.019,1.436,83.9,65.15
"2025-07-09 16:30:00",19911,10.82,402,1,0.796,18.11,18.11,1.121,1.484,1.131,1.415,80.3,65.03
"2025-07-09 17:00:00",19912,10.78,402,1,0.811,18.45,18.45,1.077,1.475,1.095,1.39,79.93,64.96
"2025-07-09 17:30:00",19913,10.78,402,1,0.704,16.01,16.01,1.033,1.428,1.052,1.357,82.1,65.09
"2025-07-09 18:00:00",19914,10.75,402,1,0.626,11.1,18.45,0.916,1.2,0.927,1.158,79.91,65.94
"2025-07-09 18:30:00",19915,10.72,402,1,0.364,6.89,10.14,0.57,0.838,0.583,0.832,84.2,70.25
"2025-07-09 19:00:00",19916,10.68,402,1,0.289,5.32,8.27,0.44,0.683,0.447,0.683,86,67.74
"2025-07-09 19:30:00",19917,10.64,402,1,0.232,4.2,6.72,0.347,0.555,0.334,0.557,84,66.3
"2025-07-09 20:00:00",19918,10.52,402,1,0.177,2.91,5.55,0.241,0.458,0.232,0.45,85.4,64.91
"2025-07-09 20:30:00",19919,10.35,402,1,0.181,3.15,5.42,0.261,0.448,0.255,0.468,75.08,58.37
"2025-07-09 21:00:00",19920,10.26,402,1,0.168,2.83,5.17,0.234,0.427,0.208,0.448,77.31,57.85
"2025-07-09 21:30:00",19921,10.25,402,1,0.141,2.19,4.57,0.181,0.377,0.157,0.378,80.9,58.23
"2025-07-09 22:00:00",19922,10.19,402,1,0.14,2.33,4.33,0.192,0.358,0.184,0.37,82.9,58.93
"2025-07-09 22:30:00",19923,10.03,402,1,0.143,2.45,4.36,0.203,0.36,0.186,0.373,82.5,60.54
"2025-07-10 03:00:00",19924,9.75,402,1,"NAN","NAN","NAN","NAN","NAN","NAN","NAN","NAN","NAN"
"2025-07-10 03:30:00",19925,9.85,402,1,"NAN","NAN","NAN","NAN","NAN","NAN","NAN","NAN","NAN"
"2025-07-10 04:00:00",19926,9.77,402,1,"NAN","NAN","NAN","NAN","NAN","NAN","NAN","NAN","NAN"
"2025-07-10 04:30:00",19927,9.7,402,1,"NAN","NAN","NAN","NAN","NAN","NAN","NAN","NAN","NAN"
"2025-07-10 05:00:00",19928,9.52,402,1,"NAN","NAN","NAN","NAN","NAN","NAN","NAN","NAN","NAN"
"2025-07-10 05:30:00",19929,9.54,402,1,"NAN","NAN","NAN","NAN","NAN","NAN","NAN","NAN","NAN"
"2025-07-10 06:00:00",19930,9.37,402,1,"NAN","NAN","NAN","NAN","NAN","NAN","NAN","NAN","NAN"
"2025-07-10 06:30:00",19931,9.19,402,1,"NAN","NAN","NAN","NAN","NAN","NAN","NAN","NAN","NAN"
