"TOA5","CR300Series_401","CR300","27022","CR300-RF407.Std.10.04","CPU:CR300_sapflow.CR300","32345","Table1"
"TIMESTAMP","RECORD","BattV_Min","id","SDI0","SapFlwTot0","VhOuter0","VhInner0","AlphaOut0","AlphaIn0","BetaOut0","BetaIn0","tMaxTout0","tMaxTin0"
"TS","RN","Volts","","","literPerHour","heatVelocity","heatVelocity","logTRatio","logTRatio","logTRatio","logTRatio","second","second"
"","","Min","Smp","Smp","Smp","Smp","Smp","Smp","Smp","Smp","Smp","Smp","Smp"
"2024-09-25 19:00:00",6340,12.99,401,0,-0.525,-0.83,-1.67,-0.074,-0.148,-0.099,0.454,57.14,3.047
"2024-09-25 19:30:00",6341,12.98,401,0,1368,-1,6609,-0.089,-0.174,-0.111,1.012,56.89,3.047
"2024-09-25 20:00:00",6342,12.98,401,0,-0.63,-1,-2,-0.089,-0.178,-0.111,-0.329,56.1,47.43
"2024-09-25 20:30:00",6343,12.97,401,0,-0.679,-1.08,-2.15,-0.097,-0.191,-0.11,0.585,56.57,3.049
"2024-09-25 21:00:00",6344,12.97,401,0,-0.698,-1.09,-2.23,-0.097,-0.198,-0.111,-0.343,57.18,46.69
"2024-09-25 21:30:00",6345,12.98,401,0,-0.7,-1.11,-2.22,-0.099,-0.197,-0.116,-0.342,57.1,46.76
"2024-09-25 22:00:00",6346,12.97,401,0,-0.69,-1.11,-2.17,-0.099,-0.193,-0.115,-0.336,57.45,47.22
"2024-09-25 22:30:00",6347,12.97,401,0,-0.694,-1.11,-2.19,-0.099,-0.194,-0.116,-0.337,56.31,46.81
"2024-09-25 23:00:00",6348,12.97,401,0,-0.693,-1.08,-2.22,-0.097,-0.197,-0.118,0.924,57.14,3.047
"2024-09-25 23:30:00",6349,12.97,401,0,-0.713,-1.14,-2.25,-0.102,-0.2,-0.118,-0.344,56.88,48.06
"2024-09-26 00:00:00",6350,12.97,401,0,-0.713,-1.14,-2.25,-0.102,-0.2,-0.118,-0.339,55.68,47.12
"2024-09-26 00:30:00",6351,12.97,401,0,-0.685,-1.08,-2.18,-0.097,-0.194,-0.113,0.387,57.13,3.049
"2024-09-26 01:00:00",6352,12.97,401,0,-0.723,-1.12,-2.32,-0.1,-0.206,-0.118,-0.348,56.37,47.96
"2024-09-26 01:30:00",6353,12.97,401,0,-0.7,-1.08,-2.25,-0.096,-0.2,-0.11,-0.341,57.87,46.39
"2024-09-26 02:00:00",6354,12.96,401,0,-0.706,-1.13,-2.23,-0.101,-0.198,-0.118,-0.339,57.51,46.6
"2024-09-26 02:30:00",6355,12.97,401,0,-0.721,-1.13,-2.3,-0.101,-0.205,-0.117,0.639,57.83,3.051
"2024-09-26 03:00:00",6356,12.97,401,0,-0.683,-1.05,-2.2,-0.094,-0.196,-0.11,-0.341,56.99,48.17
"2024-09-26 03:30:00",6357,12.97,401,0,-0.704,-1.11,-2.24,-0.099,-0.199,-0.115,-0.339,57.91,47.27
"2024-09-26 04:00:00",6358,12.97,401,0,-0.71,-1.08,-2.3,-0.096,-0.205,-0.115,-0.206,57.31,3.051
"2024-09-26 04:30:00",6359,12.96,401,0,-0.706,-1.08,-2.28,-0.097,-0.203,-0.116,-0.34,56.94,47.02
"2024-09-26 05:00:00",6360,12.96,401,0,-0.698,-1.11,-2.21,-0.099,-0.196,-0.118,-0.337,56.89,47.07
"2024-09-26 05:30:00",6361,12.96,401,0,-0.704,-1.14,-2.21,-0.102,-0.196,-0.118,-0.339,57.44,47.11
"2024-09-26 06:00:00",6362,12.96,401,0,-0.698,-1.11,-2.21,-0.099,-0.196,-0.118,-0.339,56.41,47.59
"2024-09-26 06:30:00",6363,12.96,401,0,-0.656,-1.08,-2.04,-0.097,-0.181,-0.113,0.85,56.31,3.049
"2024-09-26 07:00:00",6364,12.96,401,0,-0.698,-1.11,-2.21,-0.099,-0.196,-0.118,-0.339,56.06,47.64
"2024-09-26 07:30:00",6365,12.96,401,0,-0.677,-1.08,-2.14,-0.097,-0.19,-0.116,-0.331,56.79,46.87
"2024-09-26 08:00:00",6366,12.96,401,0,-0.654,-1.04,-2.07,-0.093,-0.184,-0.11,-0.164,57.97,3.048
"2024-09-26 08:30:00",6367,12.96,401,0,-0.559,-0.89,-1.77,-0.08,-0.157,-0.099,-0.31,57.21,48.12
"2024-09-26 09:00:00",6368,12.96,401,0,-0.378,-0.65,-1.15,-0.059,-0.102,-0.081,-0.252,58.41,47.92
"2024-09-26 09:30:00",6369,12.96,401,0,-0.226,-0.53,-0.54,-0.048,-0.049,-0.066,-0.205,58.46,45.89
"2024-09-26 10:00:00",6370,12.96,401,0,0.12,-0.02,0.6,-0.003,0.053,-0.027,-0.113,59.44,47.03
"2024-09-26 10:30:00",6371,12.96,401,0,0.611,0.8,2.11,0.071,0.187,0.043,-0.013,60.2,47.48
"2024-09-26 11:00:00",6372,12.97,401,0,1.111,1.69,3.59,0.15,0.318,0.108,0.074,61.08,47.95
"2024-09-26 11:30:00",6373,12.97,401,0,1.695,2.75,5.3,0.243,0.469,0.203,0.189,61.13,48.98
"2024-09-26 12:00:00",6374,12.97,401,0,1.662,2.78,5.11,0.246,0.453,0.19,0.167,58.57,47.68
"2024-09-26 12:30:00",6375,12.97,401,0,1.624,2.66,5.05,0.235,0.447,0.183,0.163,59.81,48.08
"2024-09-26 13:00:00",6376,12.98,401,0,1.85,3.13,5.65,0.277,0.5,0.228,0.208,60.48,47.92
"2024-09-26 13:30:00",6377,12.98,401,0,1.664,2.8,5.1,0.248,0.451,0.184,0.154,56.43,47.04
"2024-09-26 14:00:00",6378,12.98,401,0,1.231,1.91,3.94,0.169,0.349,0.113,0.084,57.63,46.58
"2024-09-26 14:30:00",6379,12.98,401,0,0.851,1.18,2.87,0.105,0.254,0.061,0.02,57.28,46.54
"2024-09-26 15:00:00",6380,12.98,401,0,0.414,0.41,1.57,0.036,0.139,0,-0.052,58.45,45.22
"2024-09-26 15:30:00",6381,12.97,401,0,0.249,0.09,1.11,0.008,0.098,-0.023,-0.082,56.39,45.34
"2024-09-26 16:00:00",6382,12.97,401,0,0.254,0.12,1.1,0.01,0.097,-0.017,-0.081,58.52,44.46
"2024-09-26 16:30:00",6383,12.97,401,0,0.287,0.15,1.23,0.013,0.109,-0.023,-0.075,57.83,46.26
"2024-09-26 17:00:00",6384,12.96,401,0,0.11,-0.2,0.74,-0.019,0.066,-0.048,-0.103,56.38,44.92
"2024-09-26 17:30:00",6385,12.96,401,0,-0.121,-0.59,0.03,-0.053,0.003,-0.078,-0.142,57.11,43.72
"2024-09-26 18:00:00",6386,12.96,401,0,-0.247,-0.8,-0.36,-0.071,-0.033,-0.094,-0.168,57.68,42.89
"2024-09-26 18:30:00",6387,12.95,401,0,-0.319,-0.92,-0.58,-0.082,-0.052,-0.107,-0.18,55.82,43.83
"2024-09-26 19:00:00",6388,12.95,401,0,-0.365,-0.98,-0.74,-0.087,-0.067,-0.112,-0.19,55.88,42.9
"2024-09-26 19:30:00",6389,12.95,401,0,-0.41,-1.07,-0.86,-0.096,-0.077,-0.117,-0.194,56.71,43.73
"2024-09-26 20:00:00",6390,12.94,401,0,-0.416,-1.07,-0.89,-0.095,-0.08,-0.117,-0.196,55.76,43.21
"2024-09-26 20:30:00",6391,12.94,401,0,-0.437,-1.1,-0.96,-0.098,-0.086,-0.117,-0.202,55.61,42.64
"2024-09-26 21:00:00",6392,12.94,401,0,-0.454,-1.12,-1.02,-0.1,-0.091,-0.116,-0.203,55.83,42.69
"2024-09-26 21:30:00",6393,12.93,401,0,-0.454,-1.15,-0.99,-0.103,-0.088,-0.124,-0.204,56.81,42.33
"2024-09-26 22:00:00",6394,12.93,401,0,-0.454,-1.12,-1.02,-0.1,-0.091,-0.116,-0.204,56.55,43
"2024-09-26 22:30:00",6395,12.93,401,0,-0.445,-1.12,-0.98,-0.1,-0.088,-0.119,-0.201,56.52,43.13
"2024-09-26 23:00:00",6396,12.92,401,0,-0.473,-1.15,-1.08,-0.103,-0.097,-0.127,-0.204,56.27,43.44
"2024-09-26 23:30:00",6397,12.92,401,0,-0.485,-1.18,-1.11,-0.105,-0.099,-0.124,-0.211,57.25,43.44
"2024-09-27 00:00:00",6398,12.92,401,0,-0.479,-1.15,-1.11,-0.103,-0.099,-0.121,-0.209,57.4,42.34
"2024-09-27 00:30:00",6399,12.92,401,0,-0.494,-1.18,-1.15,-0.106,-0.102,-0.122,-0.212,56.01,43.45
"2024-09-27 01:00:00",6400,12.92,401,0,-0.485,-1.15,-1.14,-0.103,-0.102,-0.122,-0.212,57.09,42.87
"2024-09-27 01:30:00",6401,12.91,401,0,-0.487,-1.16,-1.14,-0.103,-0.102,-0.119,-0.214,57.24,42.76
"2024-09-27 02:00:00",6402,12.91,401,0,-0.495,-1.16,-1.18,-0.103,-0.105,-0.124,-0.212,56.25,43.69
"2024-09-27 02:30:00",6403,12.91,401,0,-0.487,-1.12,-1.18,-0.1,-0.105,-0.117,-0.215,56.06,43.75
"2024-09-27 03:00:00",6404,12.91,401,0,-0.495,-1.16,-1.18,-0.103,-0.105,-0.125,-0.22,57.18,43.12
"2024-09-27 03:30:00",6405,12.91,401,0,-0.489,-1.16,-1.15,-0.103,-0.102,-0.122,-0.214,57.4,43.18
"2024-09-27 04:00:00",6406,12.91,401,0,-0.495,-1.16,-1.18,-0.103,-0.105,-0.119,-0.212,56.98,43.59
"2024-09-27 04:30:00",6407,12.9,401,0,-0.493,-1.12,-1.21,-0.1,-0.108,-0.117,-0.22,57.05,42.98
"2024-09-27 05:00:00",6408,12.9,401,0,-0.476,-1.1,-1.15,-0.098,-0.102,-0.117,-0.215,57.22,42.84
"2024-09-27 05:30:00",6409,12.9,401,0,-0.482,-1.1,-1.18,-0.098,-0.105,-0.117,-0.213,56.37,43.54
"2024-09-27 06:00:00",6410,12.9,401,0,-0.476,-1.1,-1.15,-0.098,-0.102,-0.12,-0.213,56.67,43.28
"2024-09-27 06:30:00",6411,12.9,401,0,-0.481,-1.12,-1.15,-0.1,-0.103,-0.12,-0.213,56.2,43.38
"2024-09-27 07:00:00",6412,12.9,401,0,-0.481,-1.12,-1.15,-0.1,-0.102,-0.117,-0.215,57.71,43.49
"2024-09-27 07:30:00",6413,12.9,401,0,-0.474,-1.12,-1.12,-0.1,-0.1,-0.119,-0.211,56.51,42.97
"2024-09-27 08:00:00",6414,12.89,401,0,-0.445,-1.05,-1.05,-0.094,-0.094,-0.114,-0.208,57.61,43.8
"2024-09-27 08:30:00",6415,12.89,401,0,-0.42,-1.03,-0.95,-0.092,-0.085,-0.114,-0.197,57.57,43.18
"2024-09-27 09:00:00",6416,12.89,401,0,-0.423,-0.99,-1.01,-0.089,-0.091,-0.111,-0.204,57.46,42.82
"2024-09-27 09:30:00",6417,12.89,401,0,-0.377,-0.93,-0.85,-0.083,-0.076,-0.103,-0.192,57.91,43.27
"2024-09-27 10:00:00",6418,12.89,401,0,-0.297,-0.83,-0.57,-0.075,-0.052,-0.092,-0.175,58.55,44.07
"2024-09-27 10:30:00",6419,12.89,401,0,-0.207,-0.67,-0.3,-0.06,-0.027,-0.086,-0.159,57.3,43.91
"2024-09-27 11:00:00",6420,12.89,401,0,-0.164,-0.57,-0.2,-0.051,-0.019,-0.075,-0.149,58.2,43.73
"2024-09-27 11:30:00",6421,12.9,401,0,-0.055,-0.4,0.15,-0.036,0.014,-0.062,-0.131,57.5,45.61
"2024-09-27 12:00:00",6422,12.89,401,0,0.121,-0.08,0.67,-0.008,0.06,-0.035,-0.105,58.69,45.46
"2024-09-27 12:30:00",6423,12.89,401,0,0.136,-0.08,0.74,-0.008,0.066,-0.038,-0.101,58.55,45.41
"2024-09-27 13:00:00",6424,12.9,401,0,0.123,-0.11,0.71,-0.011,0.063,-0.038,-0.103,58.07,45.51
"2024-09-27 13:30:00",6425,12.89,401,0,0.079,-0.17,0.56,-0.016,0.049,-0.043,-0.11,58.23,44.58
"2024-09-27 14:00:00",6426,12.89,401,0,0.105,-0.08,0.59,-0.008,0.052,-0.033,-0.11,58.52,44.7
"2024-09-27 14:30:00",6427,12.89,401,0,0.092,-0.14,0.59,-0.013,0.052,-0.043,-0.115,58.6,44.79
"2024-09-27 15:00:00",6428,12.89,401,0,0.117,-0.08,0.65,-0.008,0.058,-0.035,-0.106,58.56,45.16
"2024-09-27 15:30:00",6429,12.89,401,0,0.117,-0.11,0.68,-0.011,0.06,-0.035,-0.101,58.44,44.21
"2024-09-27 16:00:00",6430,12.89,401,0,0.053,-0.23,0.5,-0.021,0.044,-0.049,-0.118,57.37,43.82
"2024-09-27 16:30:00",6431,12.88,401,0,-0.257,-0.75,-0.46,-0.067,-0.042,-0.093,-0.175,55.73,43.74
"2024-09-27 17:00:00",6432,12.88,401,0,-0.416,-0.9,-1.07,-0.081,-0.096,-0.105,-0.213,57.05,43.08
"2024-09-27 17:30:00",6433,12.88,401,0,-0.619,-1.08,-1.86,-0.096,-0.165,-0.116,-0.291,55.95,45.88
"2024-09-27 18:00:00",6434,12.88,401,0,-0.125,-0.58,-99,-0.052,-99,-0.061,-99,56.45,-99
"2024-09-27 18:30:00",6435,12.88,401,0,-0.151,-0.7,-99,-0.063,-99,-0.074,-99,56.96,-99
"2024-09-27 19:00:00",6436,12.87,401,0,-4.867,-0.54,-22.95,-0.049,-2.032,-0.153,-1.783,56.44,76.03
"2024-09-27 19:30:00",6437,12.87,401,0,-2.906,-0.45,-13.57,-0.041,-1.202,-0.308,-1.033,55.35,66.05
"2024-09-27 20:00:00",6438,12.87,401,0,-7.214,0.06,-34.92,0.006,-3.091,-0.008,-1.355,57.05,78.13
"2024-09-27 20:30:00",6439,12.87,401,0,-3.063,-0.02,-14.78,-0.003,-1.309,-0.098,-1.059,57.39,79.31
"2024-09-27 21:00:00",6440,12.86,401,0,0.007,0.03,-99,0.003,-99,-0.284,-99,56.43,-99
"2024-09-27 21:30:00",6441,12.86,401,0,0.244,1.12,-99,0.099,-99,-1.491,-99,57.39,-99
"2024-09-27 22:00:00",6442,12.86,401,0,0.207,0.95,-99,0.084,-99,-0.96,-99,56.7,-99
"2024-09-27 22:30:00",6443,12.86,401,0,-0.01,-0.05,-99,-0.006,-99,-0.013,-99,56.6,-99
"2024-09-27 23:00:00",6444,12.86,401,0,0.313,1.44,-99,0.127,-99,0.108,-99,56.75,-99
"2024-09-27 23:30:00",6445,12.86,401,0,0.172,0.79,-99,0.07,-99,0.056,-99,56.76,-99
"2024-09-28 00:00:00",6446,12.86,401,0,0.185,0.85,-99,0.076,-99,0.056,-99,56.76,-99
"2024-09-28 00:30:00",6447,12.86,401,0,0.378,1.74,-99,0.154,-99,0.128,-99,57.34,-99
"2024-09-28 01:00:00",6448,12.85,401,0,0.041,0.19,-99,0.017,-99,-1.817,-99,57.22,-99
"2024-09-28 01:30:00",6449,12.85,401,0,0.104,0.48,-99,0.043,-99,-0.003,-99,56.86,-99
"2024-09-28 02:00:00",6450,12.85,401,0,0.222,1.02,-99,0.091,-99,0.056,-99,57.03,-99
"2024-09-28 02:30:00",6451,12.85,401,0,0.157,0.72,-99,0.063,-99,0.016,-99,56.83,-99
"2024-09-28 03:00:00",6452,12.85,401,0,0.239,1.1,-99,0.098,-99,-0.014,-99,56.44,-99
"2024-09-28 03:30:00",6453,12.85,401,0,0.091,0.42,-99,0.037,-99,-0.064,-99,57.07,-99
"2024-09-28 04:00:00",6454,12.84,401,0,0.287,1.32,-99,0.117,-99,0.071,-99,57.02,-99
"2024-09-28 04:30:00",6455,12.85,401,0,0.091,0.42,-99,0.037,-99,-0.003,-99,56.48,-99
"2024-09-28 05:00:00",6456,12.84,401,0,0.207,0.95,-99,0.084,-99,0.016,-99,57.24,-99
"2024-09-28 05:30:00",6457,12.84,401,0,0.491,2.26,-99,0.2,-99,0.106,-2.385,57.3,68.83
"2024-09-28 06:00:00",6458,12.84,401,0,-0.01,-0.05,-99,-0.006,-99,-1.121,-99,57.8,-99
"2024-09-28 06:30:00",6459,12.84,401,0,1351,-0.12,6526,-0.011,-99,-0.04,2.787,56.91,3.05
"2024-09-28 07:00:00",6460,12.84,401,0,1367,0.29,6606,0.026,-99,-0.072,3.24,57.85,3.05
"2024-09-28 07:30:00",6461,12.84,401,0,0.041,0.19,-99,0.017,-99,-0.035,-0.331,56.51,73.87
"2024-09-28 08:00:00",6462,12.84,401,0,0.148,0.68,-99,0.06,-99,-0.003,-1.267,57.08,51.99
"2024-09-28 08:30:00",6463,12.84,401,0,-0.023,-0.11,-99,-0.011,-99,-0.053,-99,57.9,-99
"2024-09-28 09:00:00",6464,12.83,401,0,1368,0.19,6608,0.016,-99,-0.047,3.071,58.99,3.048
"2024-09-28 09:30:00",6465,12.83,401,0,-1.625,0.52,-8.4,0.046,-0.745,0.01,-0.642,59.11,68.72
"2024-09-28 10:00:00",6466,12.83,401,0,1366,-7.59,6607,-0.672,-99,-1.023,1.624,59.52,3.049
"2024-09-28 10:30:00",6467,12.83,401,0,0.842,1.53,2.46,0.135,0.218,0.087,0.04,59.18,64.48
"2024-09-28 11:00:00",6468,12.84,401,0,1385,1.11,6689,0.098,0.092,0.075,1.712,58.97,3.049
"2024-09-28 11:30:00",6469,12.83,401,0,0.593,1.48,1.31,0.131,0.116,-99,-0.026,-99,58.54
"2024-09-28 12:00:00",6470,12.84,401,0,1337,2.92,6454,0.258,0.39,0.177,1.832,57.95,3.046
"2024-09-28 12:30:00",6471,12.84,401,0,2.476,3.84,7.93,0.34,0.702,-99,0.375,-99,48.35
"2024-09-28 13:00:00",6472,12.84,401,0,2.08,3.69,6.17,0.326,0.546,0.217,0.2,53.1,48.01
"2024-09-28 13:30:00",6473,12.84,401,0,2.159,4,6.23,0.354,0.552,0.218,0.211,51.54,46.03
"2024-09-28 14:00:00",6474,12.84,401,0,2.09,3.5,6.42,0.31,0.568,0.233,0.208,56.67,45.62
"2024-09-28 14:30:00",6475,12.85,401,0,1.966,3.15,6.19,0.279,0.548,0.219,0.204,58,46.26
"2024-09-28 15:00:00",6476,12.84,401,0,1.938,3.07,6.14,0.272,0.543,0.207,0.205,56.69,46.61
"2024-09-28 15:30:00",6477,12.84,401,0,1.915,3.2,5.89,0.283,0.521,0.215,0.195,57.83,47.08
"2024-09-28 16:00:00",6478,12.84,401,0,1.691,2.72,5.31,0.241,0.47,0.182,0.157,59.03,47.45
"2024-09-28 16:30:00",6479,12.84,401,0,1.507,2.34,4.82,0.207,0.426,0.16,0.128,60.16,47.18
"2024-09-28 17:00:00",6480,12.84,401,0,1.289,1.97,4.16,0.175,0.368,0.123,0.099,58.44,47.39
"2024-09-28 17:30:00",6481,12.83,401,0,1.044,1.45,3.52,0.128,0.312,0.089,0.061,58.41,46.67
"2024-09-28 18:00:00",6482,12.83,401,0,0.762,0.97,2.66,0.086,0.235,0.039,0.002,57.28,45.54
"2024-09-28 18:30:00",6483,12.83,401,0,0.371,0.28,1.5,0.025,0.132,-0.011,-0.066,55.56,44.81
"2024-09-28 19:00:00",6484,12.83,401,0,0.077,-0.18,0.56,-0.017,0.049,-0.048,-0.121,56.38,43.81
"2024-09-28 19:30:00",6485,12.82,401,0,-0.11,-0.49,-0.02,-0.044,-0.003,-0.074,-0.161,57.23,44.66
"2024-09-28 20:00:00",6486,12.82,401,0,-0.219,-0.61,-0.42,-0.055,-0.038,-0.081,-0.197,57.02,45.54
"2024-09-28 20:30:00",6487,12.81,401,0,-0.279,-0.67,-0.65,-0.06,-0.058,-0.084,-0.212,55.98,43.98
"2024-09-28 21:00:00",6488,12.81,401,0,-0.313,-0.77,-0.71,-0.069,-0.064,-0.09,-0.214,56.83,44.67
"2024-09-28 21:30:00",6489,12.8,401,0,-0.372,-0.82,-0.94,-0.074,-0.084,-0.091,-0.226,57.08,44.36
"2024-09-28 22:00:00",6490,12.8,401,0,-0.378,-0.82,-0.97,-0.074,-0.087,-0.094,-0.232,56.48,45.41
"2024-09-28 22:30:00",6491,12.8,401,0,-0.414,-0.85,-1.11,-0.076,-0.099,-0.097,-0.237,56.71,44.14
"2024-09-28 23:00:00",6492,12.8,401,0,-0.439,-0.91,-1.17,-0.081,-0.105,-0.102,-0.243,55.93,45.02
"2024-09-28 23:30:00",6493,12.8,401,0,-0.446,-0.94,-1.17,-0.084,-0.104,-0.102,-0.248,56.82,45.49
"2024-09-29 00:00:00",6494,12.79,401,0,-0.472,-0.94,-1.3,-0.084,-0.116,-0.105,-0.256,57.65,45.5
"2024-09-29 00:30:00",6495,12.79,401,0,-0.529,-0.97,-1.54,-0.086,-0.137,-0.104,-0.281,56.82,45.24
"2024-09-29 01:00:00",6496,12.79,401,0,-0.587,-1,-1.79,-0.089,-0.16,-0.109,-0.304,56.42,46.18
"2024-09-29 01:30:00",6497,12.79,401,0,-0.58,-0.97,-1.79,-0.087,-0.16,-0.104,-0.307,56.29,46.89
"2024-09-29 02:00:00",6498,12.79,401,0,-0.597,-0.97,-1.87,-0.087,-0.167,-0.105,-0.307,56.05,46.8
"2024-09-29 02:30:00",6499,12.79,401,0,-0.576,-0.94,-1.8,-0.084,-0.16,-0.102,-0.306,56.93,48.51
"2024-09-29 03:00:00",6500,12.78,401,0,-0.561,-0.91,-1.76,-0.082,-0.157,-0.102,-0.307,55.99,47.57
"2024-09-29 03:30:00",6501,12.79,401,0,-0.555,-0.88,-1.76,-0.079,-0.156,-0.1,0.771,57.19,3.051
"2024-09-29 04:00:00",6502,12.78,401,0,-0.603,-0.97,-1.9,-0.087,-0.169,-0.104,-0.313,57.51,46.6
"2024-09-29 04:30:00",6503,12.78,401,0,-0.595,-0.97,-1.86,-0.087,-0.166,-0.104,-0.307,55.9,46.24
"2024-09-29 05:00:00",6504,12.78,401,0,-0.543,-0.94,-1.64,-0.084,-0.146,-0.102,-0.296,57.39,47.47
"2024-09-29 05:30:00",6505,12.78,401,0,-0.572,-0.94,-1.78,-0.084,-0.159,-0.099,-0.302,57.23,46.06
"2024-09-29 06:00:00",6506,12.78,401,0,-0.578,-0.94,-1.81,-0.084,-0.161,-0.102,-0.307,56.67,47
"2024-09-29 06:30:00",6507,12.77,401,0,-0.601,-0.97,-1.89,-0.087,-0.168,-0.107,-0.304,57.09,47.99
"2024-09-29 07:00:00",6508,12.78,401,0,-0.591,-1.03,-1.78,-0.092,-0.158,-0.112,-0.301,56.98,47.99
"2024-09-29 07:30:00",6509,12.77,401,0,-0.597,-0.99,-1.85,-0.089,-0.165,-0.109,0.651,57.44,3.049
"2024-09-29 08:00:00",6510,12.77,401,0,-0.568,-0.99,-1.71,-0.089,-0.152,-0.107,-0.295,57.87,51.79
"2024-09-29 08:30:00",6511,12.77,401,0,-0.58,-0.96,-1.8,-0.086,-0.16,-0.104,-0.3,57.14,46.8
"2024-09-29 09:00:00",6512,12.77,401,0,-0.597,-0.96,-1.88,-0.086,-0.167,-0.106,-0.304,57.3,47.22
"2024-09-29 09:30:00",6513,12.77,401,0,-0.574,-0.96,-1.77,-0.086,-0.157,-0.103,-0.3,57.3,47.63
"2024-09-29 10:00:00",6514,12.77,401,0,-0.534,-0.9,-1.64,-0.081,-0.146,-0.101,-0.291,57.13,47.47
"2024-09-29 10:30:00",6515,12.77,401,0,-0.494,-0.78,-1.57,-0.07,-0.14,-0.091,-0.288,56.61,46.95
"2024-09-29 11:00:00",6516,12.77,401,0,-0.368,-0.65,-1.1,-0.058,-0.098,-0.079,0.507,58.42,3.048
"2024-09-29 11:30:00",6517,12.77,401,0,0.141,0.18,0.49,0.016,0.043,0.005,-0.127,66.91,48.67
"2024-09-29 12:00:00",6518,12.77,401,0,0.434,0.77,1.29,0.068,0.114,0.043,-0.063,64.59,48.13
"2024-09-29 12:30:00",6519,12.77,401,0,0.767,1.26,2.38,0.111,0.211,0.068,-0.019,57.53,48.29
"2024-09-29 13:00:00",6520,12.78,401,0,0.853,1.36,2.69,0.121,0.238,0.08,-0.005,59.5,50.93
"2024-09-29 13:30:00",6521,12.78,401,0,0.894,1.37,2.88,0.121,0.254,0.081,-0.002,59.71,48.23
"2024-09-29 14:00:00",6522,12.78,401,0,0.905,1.4,2.9,0.124,0.256,0.083,0.005,58.83,47.77
"2024-09-29 14:30:00",6523,12.77,401,0,0.848,1.31,2.72,0.116,0.24,0.072,-0.012,59.33,48.43
"2024-09-29 15:00:00",6524,12.77,401,0,0.934,1.39,3.05,0.123,0.27,0.079,0.014,58.3,48.49
"2024-09-29 15:30:00",6525,12.78,401,0,0.914,1.33,3.02,0.118,0.267,0.071,0.019,58.86,47.28
"2024-09-29 16:00:00",6526,12.77,401,0,0.55,0.74,1.88,0.065,0.167,0.026,-0.052,57.75,47.41
"2024-09-29 16:30:00",6527,12.77,401,0,0.28,0.21,1.13,0.019,0.1,-0.01,0.099,57.59,3.05
"2024-09-29 17:00:00",6528,12.77,401,0,0.174,-0.02,0.86,-0.003,0.076,-0.033,-0.099,57.98,47.07
"2024-09-29 17:30:00",6529,12.77,401,0,0.103,-0.05,0.55,-0.005,0.049,-0.036,-0.137,57.77,46.3
"2024-09-29 18:00:00",6530,12.77,401,0,0.07,-0.02,0.36,-0.003,0.032,-0.029,-0.151,58.04,46.72
"2024-09-29 18:30:00",6531,12.77,401,0,-0.096,-0.33,-0.12,-0.03,-0.012,-0.055,-0.186,56.96,46.32
"2024-09-29 19:00:00",6532,12.76,401,0,-0.289,-0.61,-0.76,-0.055,-0.068,-0.076,-0.234,56.08,47.41
"2024-09-29 19:30:00",6533,12.76,401,0,-0.39,-0.76,-1.09,-0.068,-0.098,-0.089,-0.255,56.86,47.36
"2024-09-29 20:00:00",6534,12.76,401,0,-0.43,-0.82,-1.22,-0.074,-0.109,-0.094,-0.262,57.39,47.72
"2024-09-29 20:30:00",6535,12.75,401,0,-0.54,-0.89,-1.68,-0.079,-0.15,-0.105,-0.244,56.88,45.4
"2024-09-29 21:00:00",6536,12.75,401,0,-0.331,-0.89,-0.67,-0.08,-0.06,-0.103,-0.22,57.5,47
"2024-09-29 21:30:00",6537,12.75,401,0,-0.531,-0.98,-1.54,-0.088,-0.137,-0.108,-0.282,56.97,47.88
"2024-09-29 22:00:00",6538,12.75,401,0,-0.561,-1.05,-1.61,-0.094,-0.144,-0.108,-0.291,56.58,46.5
"2024-09-29 22:30:00",6539,12.75,401,0,-0.564,-1.01,-1.67,-0.091,-0.149,-0.113,-0.222,56.75,3.05
"2024-09-29 23:00:00",6540,12.74,401,0,-0.573,-1.01,-1.71,-0.09,-0.152,-0.113,-0.298,57.18,41.43
"2024-09-29 23:30:00",6541,12.74,401,0,-0.587,-0.98,-1.81,-0.088,-0.161,-0.108,-0.298,55.98,48.81
"2024-09-30 00:00:00",6542,12.74,401,0,-0.592,-1.04,-1.77,-0.093,-0.158,-0.113,0.858,58.01,3.05
"2024-09-30 00:30:00",6543,12.74,401,0,-0.583,-1.04,-1.73,-0.093,-0.154,-0.111,0.192,57.01,3.049
"2024-09-30 01:00:00",6544,12.73,401,0,-0.577,-1.01,-1.73,-0.091,-0.154,-0.111,-0.283,57.13,44.82
"2024-09-30 01:30:00",6545,12.73,401,0,-0.538,-1.07,-1.48,-0.095,-0.132,-0.113,-0.272,56.98,46.07
"2024-09-30 02:00:00",6546,12.73,401,0,-0.368,-1,-0.73,-0.09,-0.065,-0.11,-0.218,57.29,48.3
"2024-09-30 02:30:00",6547,12.73,401,0,-0.571,-1.06,-1.65,-0.095,-0.147,-0.112,-0.294,57.44,41.39
"2024-09-30 03:00:00",6548,12.73,401,0,-0.32,-1,-0.5,-0.09,-0.045,-0.11,-0.205,57.55,48.04
"2024-09-30 03:30:00",6549,12.73,401,0,-0.531,-1.01,-1.51,-0.09,-0.134,-0.108,-0.24,56.63,35.89
"2024-09-30 04:00:00",6550,12.73,401,0,-0.508,-0.97,-1.44,-0.087,-0.128,-0.11,-0.274,56.72,47.47
"2024-09-30 04:30:00",6551,12.72,401,0,-0.591,-1.01,-1.8,-0.09,-0.16,-0.108,-0.286,57.49,48.25
"2024-09-30 05:00:00",6552,12.72,401,0,-0.564,-0.98,-1.7,-0.087,-0.151,-0.105,-0.263,57.09,38.7
"2024-09-30 05:30:00",6553,12.72,401,0,-0.46,-0.95,-1.23,-0.085,-0.11,-0.105,-0.255,57.72,46.81
"2024-09-30 06:00:00",6554,12.72,401,0,-0.525,-1.04,-1.45,-0.093,-0.129,-0.108,-0.278,57.52,42.03
"2024-09-30 06:30:00",6555,12.72,401,0,-0.556,-0.98,-1.66,-0.087,-0.148,-0.108,-0.29,57.25,46.08
"2024-09-30 07:00:00",6556,12.72,401,0,-0.57,-0.98,-1.73,-0.087,-0.154,-0.105,0.81,57.19,3.051
"2024-09-30 07:30:00",6557,12.72,401,0,-0.437,-0.94,-1.13,-0.084,-0.101,-0.105,0.744,56.36,3.052
"2024-09-30 08:00:00",6558,12.72,401,0,-0.454,-0.98,-1.17,-0.087,-0.104,-0.102,-0.234,57.45,46.54
"2024-09-30 08:30:00",6559,12.71,401,0,-0.418,-0.88,-1.1,-0.079,-0.098,-0.097,0.361,56.78,3.051
"2024-09-30 09:00:00",6560,12.71,401,0,-0.426,-0.88,-1.14,-0.079,-0.102,-0.099,-0.246,57.62,45.46
"2024-09-30 09:30:00",6561,12.71,401,0,-0.367,-0.73,-1.01,-0.065,-0.09,-0.089,-0.235,57.05,45.56
"2024-09-30 10:00:00",6562,12.71,401,0,-0.338,-0.76,-0.84,-0.068,-0.075,-0.089,-0.219,56.83,46.34
"2024-09-30 10:30:00",6563,12.71,401,0,-0.162,-0.54,-0.22,-0.049,-0.02,-0.07,-0.164,57.57,46.24
"2024-09-30 11:00:00",6564,12.71,401,0,-0.101,-0.42,-0.05,-0.038,-0.006,-0.062,-0.162,57.51,45.92
"2024-09-30 11:30:00",6565,12.71,401,0,0.056,-0.17,0.45,-0.016,0.039,-0.039,-0.122,58.53,45.95
"2024-09-30 12:00:00",6566,12.71,401,0,0.282,0.21,1.14,0.018,0.101,-0.008,-0.08,59.89,46.48
"2024-09-30 12:30:00",6567,12.71,401,0,0.659,0.87,2.27,0.077,0.201,0.044,-0.021,59.72,47
"2024-09-30 13:00:00",6568,12.71,401,0,0.873,1.38,2.77,0.122,0.245,0.085,0.021,60.39,47.98
"2024-09-30 13:30:00",6569,12.71,401,0,0.777,1.07,2.63,0.095,0.233,0.057,0.009,59.29,46.31
"2024-09-30 14:00:00",6570,12.71,401,0,0.682,0.9,2.35,0.08,0.208,0.042,-0.012,57.74,45.75
"2024-09-30 14:30:00",6571,12.71,401,0,0.497,0.59,1.78,0.052,0.157,0.013,-0.045,57.95,46.47
"2024-09-30 15:00:00",6572,12.71,401,0,0.298,0.19,1.24,0.017,0.11,-0.019,-0.077,57.03,45.28
"2024-09-30 15:30:00",6573,12.71,401,0,0.123,-0.08,0.68,-0.008,0.06,-0.036,-0.11,57.52,45.79
"2024-09-30 16:00:00",6574,12.7,401,0,0.241,0.12,1.04,0.011,0.092,-0.021,-0.091,56.99,45
"2024-09-30 16:30:00",6575,12.71,401,0,0.253,0.09,1.13,0.008,0.1,-0.024,-0.083,57.27,46.21
"2024-09-30 17:00:00",6576,12.7,401,0,0.201,0.06,0.91,0.005,0.081,-0.024,-0.096,57.27,45.79
"2024-09-30 17:30:00",6577,12.7,401,0,0.083,-0.18,0.59,-0.017,0.052,-0.043,-0.111,57.47,44.08
"2024-09-30 18:00:00",6578,12.7,401,0,-0.01,-0.27,0.23,-0.025,0.02,-0.053,-0.137,56.14,45.23
"2024-09-30 18:30:00",6579,12.7,401,0,-0.158,-0.55,-0.19,-0.049,-0.017,-0.074,-0.16,58.02,44.77
"2024-09-30 19:00:00",6580,12.69,401,0,-0.236,-0.7,-0.41,-0.063,-0.038,-0.087,-0.174,56.71,44.14
"2024-09-30 19:30:00",6581,12.69,401,0,-0.299,-0.8,-0.61,-0.071,-0.055,-0.092,-0.189,56.86,44.03
"2024-09-30 20:00:00",6582,12.69,401,0,-0.395,-0.89,-0.98,-0.08,-0.088,-0.1,-0.23,56.29,54.26
"2024-09-30 20:30:00",6583,12.69,401,0,-0.421,-0.95,-1.04,-0.085,-0.093,-0.103,-0.21,57.66,48.15
"2024-09-30 21:00:00",6584,12.69,401,0,-0.448,-0.98,-1.14,-0.088,-0.102,-0.108,-0.226,57.33,42.27
"2024-09-30 21:30:00",6585,12.69,401,0,-0.809,-1.01,-2.85,-0.09,-0.253,-0.111,-0.361,57.5,44.51
"2024-09-30 22:00:00",6586,12.68,401,0,-0.507,-1.05,-1.35,-0.094,-0.12,-0.111,-0.245,56.6,44.87
"2024-09-30 22:30:00",6587,12.68,401,0,-0.54,-1.07,-1.49,-0.096,-0.133,-0.116,-0.265,57.14,45.14
"2024-09-30 23:00:00",6588,12.68,401,0,-0.525,-1.04,-1.45,-0.093,-0.129,-0.113,-0.262,57.57,45.83
"2024-09-30 23:30:00",6589,12.68,401,0,-0.729,-1.11,-2.36,-0.099,-0.21,-0.116,-0.299,57.31,42.08
"2024-10-01 00:00:00",6590,12.68,401,0,-0.466,-1.07,-1.13,-0.096,-0.101,-0.111,-0.236,57.41,46.91
"2024-10-01 00:30:00",6591,12.68,401,0,-0.517,-1.04,-1.41,-0.093,-0.125,-0.111,-0.284,56.58,49.56
"2024-10-01 01:00:00",6592,12.67,401,0,-0.56,-1.01,-1.65,-0.09,-0.147,-0.105,-0.293,56.48,47.9
"2024-10-01 01:30:00",6593,12.67,401,0,-0.59,-1.07,-1.73,-0.096,-0.154,-0.113,-0.305,56.42,48.16
"2024-10-01 02:00:00",6594,12.67,401,0,-0.523,-1.04,-1.44,-0.093,-0.128,-0.113,-0.276,57.01,48.59
"2024-10-01 02:30:00",6595,12.67,401,0,-0.664,-1.07,-2.09,-0.096,-0.186,-0.113,-0.317,56.93,45.34
"2024-10-01 03:00:00",6596,12.67,401,0,-0.531,-0.98,-1.54,-0.088,-0.137,-0.108,-0.287,56.98,49.55
"2024-10-01 03:30:00",6597,12.67,401,0,-0.518,-0.98,-1.48,-0.088,-0.132,-0.103,-0.276,57.14,46.38
"2024-10-01 04:00:00",6598,12.66,401,0,-0.593,-0.98,-1.84,-0.088,-0.163,-0.106,-0.302,56.42,51.49
"2024-10-01 04:30:00",6599,12.67,401,0,-0.535,-0.99,-1.55,-0.088,-0.138,-0.106,-0.282,55.89,45.66
"2024-10-01 05:00:00",6600,12.67,401,0,-0.523,-0.99,-1.49,-0.088,-0.132,-0.107,0.664,56.52,3.051
"2024-10-01 05:30:00",6601,12.67,401,0,-0.572,-0.99,-1.73,-0.088,-0.154,-0.106,-0.291,57.89,49.47
"2024-10-01 06:00:00",6602,12.66,401,0,-0.581,-0.99,-1.77,-0.088,-0.158,-0.107,-0.291,57.48,50.31
"2024-10-01 06:30:00",6603,12.66,401,0,-0.581,-1.02,-1.74,-0.091,-0.155,-0.107,-0.298,57.43,49
"2024-10-01 07:00:00",6604,12.66,401,0,-0.576,-0.96,-1.78,-0.086,-0.158,-0.107,-0.301,57.63,48.12
"2024-10-01 07:30:00",6605,12.65,401,0,-0.456,-0.96,-1.2,-0.086,-0.108,-0.107,-0.257,56.14,47.72
"2024-10-01 08:00:00",6606,12.66,401,0,-0.449,-0.89,-1.24,-0.08,-0.111,-0.098,-0.257,57.16,47.07
"2024-10-01 08:30:00",6607,12.66,401,0,-0.514,-0.92,-1.52,-0.082,-0.135,-0.098,0.665,58.2,3.053
"2024-10-01 09:00:00",6608,12.65,401,0,-0.473,-0.79,-1.46,-0.071,-0.13,-0.089,-0.267,58,47.34
"2024-10-01 09:30:00",6609,12.65,401,0,-0.337,-0.66,-0.94,-0.059,-0.084,-0.078,-0.234,58.08,49.82
"2024-10-01 10:00:00",6610,12.65,401,0,-0.189,-0.32,-0.58,-0.029,-0.052,-0.051,-0.181,59.33,47.74
"2024-10-01 10:30:00",6611,12.65,401,0,0.082,-0.05,0.45,-0.006,0.04,-0.032,-0.134,58.39,46.81
"2024-10-01 11:00:00",6612,12.65,401,0,0.167,0.09,0.71,0.008,0.063,-0.018,-0.111,58.55,46.8
"2024-10-01 11:30:00",6613,12.65,401,0,0.511,0.56,1.88,0.05,0.167,0.02,-0.023,59.43,3.05
"2024-10-01 12:00:00",6614,12.66,401,0,0.634,0.82,2.2,0.072,0.195,0.041,-0.021,60.4,47.15
"2024-10-01 12:30:00",6615,12.65,401,0,0.773,1.09,2.59,0.097,0.229,0.065,0.005,59.03,47.3
"2024-10-01 13:00:00",6616,12.65,401,0,0.739,1.01,2.51,0.09,0.222,0.055,0,59.13,46.82
"2024-10-01 13:30:00",6617,12.65,401,0,0.686,0.92,2.35,0.082,0.208,0.044,-0.012,60.18,47.61
"2024-10-01 14:00:00",6618,12.66,401,0,0.712,0.99,2.4,0.088,0.212,0.05,-0.007,58.18,46.18
"2024-10-01 14:30:00",6619,12.66,401,0,0.627,0.81,2.18,0.072,0.193,0.032,-0.021,58.38,47.06
"2024-10-01 15:00:00",6620,12.65,401,0,0.636,0.8,2.23,0.071,0.197,0.039,-0.012,59.38,46.54
"2024-10-01 15:30:00",6621,12.65,401,0,0.446,0.5,1.63,0.044,0.144,0.008,-0.057,57.18,45.6
"2024-10-01 16:00:00",6622,12.65,401,0,0.271,0.19,1.11,0.016,0.098,-0.016,-0.089,58.34,45.35
"2024-10-01 16:30:00",6623,12.65,401,0,0.437,0.42,1.67,0.037,0.148,0.01,-0.05,59.3,46.58
"2024-10-01 17:00:00",6624,12.65,401,0,0.484,0.57,1.74,0.05,0.154,0.011,-0.05,57.18,46.11
"2024-10-01 17:30:00",6625,12.65,401,0,0.34,0.28,1.35,0.025,0.119,-0.011,-0.07,57.8,45.64
"2024-10-01 18:00:00",6626,12.64,401,0,0.05,-0.21,0.46,-0.019,0.041,-0.045,-0.124,57.12,44.7
"2024-10-01 18:30:00",6627,12.64,401,0,-0.16,-0.59,-0.16,-0.053,-0.015,-0.08,-0.168,57.69,44.55
"2024-10-01 19:00:00",6628,12.64,401,0,-0.24,-0.68,-0.45,-0.061,-0.041,-0.085,-0.184,57.95,43.72
"2024-10-01 19:30:00",6629,12.63,401,0,-0.323,-0.87,-0.65,-0.078,-0.059,-0.099,-0.194,57.23,43.67
"2024-10-01 20:00:00",6630,12.63,401,0,-0.364,-0.9,-0.82,-0.08,-0.073,-0.101,-0.204,57.43,44.03
"2024-10-01 20:30:00",6631,12.63,401,0,-0.403,-0.99,-0.91,-0.089,-0.082,-0.107,-0.209,56.59,43.77
"2024-10-01 21:00:00",6632,12.63,401,0,-0.433,-0.96,-1.09,-0.086,-0.097,-0.109,-0.22,56.39,43.4
"2024-10-01 21:30:00",6633,12.63,401,0,-0.477,-1,-1.26,-0.089,-0.113,-0.113,-0.239,57.48,44.49
"2024-10-01 22:00:00",6634,12.62,401,0,-0.519,-1.06,-1.4,-0.095,-0.125,-0.11,-0.254,56.91,45.18
"2024-10-01 22:30:00",6635,12.62,401,0,-0.542,-1.06,-1.51,-0.095,-0.134,-0.112,-0.268,57.07,44.92
"2024-10-01 23:00:00",6636,12.62,401,0,-0.55,-1.03,-1.58,-0.092,-0.141,-0.11,-0.271,56.91,44.49
"2024-10-01 23:30:00",6637,12.62,401,0,-0.559,-1.06,-1.59,-0.095,-0.141,-0.118,-0.282,57.24,46.07
"2024-10-02 00:00:00",6638,12.62,401,0,-0.571,-1.06,-1.65,-0.095,-0.147,-0.115,0.377,57.18,3.051
"2024-10-02 00:30:00",6639,12.61,401,0,-0.575,-1.08,-1.65,-0.097,-0.147,-0.114,-0.117,57.87,3.051
"2024-10-02 01:00:00",6640,12.61,401,0,-0.577,-1.06,-1.68,-0.094,-0.15,-0.115,-0.288,56.91,45.33
"2024-10-02 01:30:00",6641,12.61,401,0,-0.577,-1.06,-1.68,-0.094,-0.15,-0.115,-0.285,56.83,46.33
"2024-10-02 02:00:00",6642,12.61,401,0,-0.586,-1.06,-1.72,-0.094,-0.153,-0.115,0.069,58.03,3.051
"2024-10-02 02:30:00",6643,12.61,401,0,-0.592,-1.09,-1.72,-0.097,-0.153,-0.112,-0.291,56.56,45.91
"2024-10-02 03:00:00",6644,12.61,401,0,-0.583,-1.05,-1.72,-0.094,-0.153,-0.112,0.604,57.36,3.051
"2024-10-02 03:30:00",6645,12.61,401,0,-0.583,-1.05,-1.72,-0.094,-0.153,-0.112,-0.291,57.52,46.6
"2024-10-02 04:00:00",6646,12.61,401,0,-0.59,-1.05,-1.75,-0.094,-0.156,-0.112,-0.293,57.09,46.33
"2024-10-02 04:30:00",6647,12.6,401,0,-0.589,-1.02,-1.78,-0.091,-0.159,-0.112,-0.291,57.06,46.56
"2024-10-02 05:00:00",6648,12.6,401,0,-0.592,-1.09,-1.72,-0.097,-0.153,-0.117,-0.291,56.63,46.39
"2024-10-02 05:30:00",6649,12.6,401,0,-0.592,-1.06,-1.75,-0.094,-0.156,-0.115,-0.291,57.84,45.52
"2024-10-02 06:00:00",6650,12.6,401,0,-0.594,-1.06,-1.76,-0.095,-0.156,-0.115,-0.3,56.67,46.59
"2024-10-02 06:30:00",6651,12.6,401,0,-0.594,-1.06,-1.76,-0.095,-0.156,-0.112,-0.297,56.61,45.53
"2024-10-02 07:00:00",6652,12.6,401,0,-0.598,-1.05,-1.79,-0.094,-0.159,-0.112,-0.3,56.71,45.79
"2024-10-02 07:30:00",6653,12.6,401,0,-0.585,-1.01,-1.77,-0.09,-0.158,-0.108,-0.293,57.83,47.33
"2024-10-02 08:00:00",6654,12.6,401,0,-0.577,-1.04,-1.7,-0.093,-0.151,-0.108,-0.292,58.1,46.35
"2024-10-02 08:30:00",6655,12.6,401,0,-0.461,-0.84,-1.35,-0.076,-0.12,-0.097,-0.264,58.66,46.92
"2024-10-02 09:00:00",6656,12.6,401,0,-0.31,-0.63,-0.84,-0.057,-0.075,-0.078,-0.224,58.4,47.07
"2024-10-02 09:30:00",6657,12.59,401,0,0.002,-0.17,0.19,-0.016,0.017,-0.042,-0.138,58.63,45.49
"2024-10-02 10:00:00",6658,12.6,401,0,0.219,0.15,0.9,0.013,0.08,-0.016,-0.091,59.34,45.51
"2024-10-02 10:30:00",6659,12.6,401,0,0.33,0.33,1.25,0.029,0.11,0.003,-0.069,59.67,46.52
"2024-10-02 11:00:00",6660,12.59,401,0,0.499,0.58,1.8,0.051,0.159,0.018,-0.04,59.21,46.37
"2024-10-02 11:30:00",6661,12.6,401,0,0.843,1.4,2.6,0.124,0.23,-99,0.016,-99,48.6
"2024-10-02 12:00:00",6662,12.6,401,0,0.987,1.58,3.11,0.14,0.275,0.079,0.036,55.48,46.65
"2024-10-02 12:30:00",6663,12.6,401,0,0.724,0.96,2.49,0.085,0.221,0.04,-0.002,56.98,45.65
"2024-10-02 13:00:00",6664,12.6,401,0,0.703,0.95,2.4,0.084,0.212,0.047,-0.007,60.29,47.05
"2024-10-02 13:30:00",6665,12.6,401,0,0.745,0.99,2.56,0.088,0.227,0.05,0.005,58.2,46.46
"2024-10-02 14:00:00",6666,12.6,401,0,0.773,1.05,2.63,0.093,0.233,0.055,0.009,59.19,46.62
"2024-10-02 14:30:00",6667,12.6,401,0,0.663,0.81,2.35,0.072,0.208,0.034,-0.01,58.47,46.31
"2024-10-02 15:00:00",6668,12.6,401,0,0.657,0.83,2.3,0.073,0.204,0.042,-0.01,58.95,46.95
"2024-10-02 15:30:00",6669,12.6,401,0,0.743,1,2.54,0.088,0.225,0.048,0.005,58.03,47.69
"2024-10-02 16:00:00",6670,12.59,401,0,0.789,1.07,2.69,0.095,0.238,0.057,0.014,58.96,46.23
"2024-10-02 16:30:00",6671,12.6,401,0,0.669,0.84,2.35,0.075,0.208,0.037,-0.012,57.65,45.49
"2024-10-02 17:00:00",6672,12.59,401,0,0.365,0.28,1.47,0.025,0.13,-0.008,-0.063,58.12,45.96
"2024-10-02 17:30:00",6673,12.59,401,0,0.104,-0.15,0.66,-0.014,0.058,-0.037,-0.107,57.44,44.87
"2024-10-02 18:00:00",6674,12.59,401,0,-0.045,-0.4,0.2,-0.036,0.017,-0.061,-0.134,57.61,44.36
"2024-10-02 18:30:00",6675,12.59,401,0,-0.116,-0.52,-0.02,-0.047,-0.003,-0.075,-0.147,56.89,43.48
"2024-10-02 19:00:00",6676,12.59,401,0,-0.213,-0.68,-0.32,-0.061,-0.029,-0.086,-0.164,56.52,44.37
"2024-10-02 19:30:00",6677,12.59,401,0,-0.262,-0.78,-0.45,-0.07,-0.041,-0.091,-0.172,56.43,43.17
"2024-10-02 20:00:00",6678,12.58,401,0,-0.304,-0.88,-0.55,-0.079,-0.05,-0.099,-0.179,56.41,43.68
"2024-10-02 20:30:00",6679,12.58,401,0,-0.323,-0.87,-0.65,-0.078,-0.059,-0.099,-0.179,56.06,42.91
"2024-10-02 21:00:00",6680,12.58,401,0,-0.344,-0.9,-0.72,-0.081,-0.065,-0.102,-0.19,57.62,43.38
"2024-10-02 21:30:00",6681,12.58,401,0,-0.35,-0.9,-0.75,-0.081,-0.067,-0.099,-0.189,56.62,42.8
"2024-10-02 22:00:00",6682,12.57,401,0,-0.38,-0.97,-0.82,-0.087,-0.073,-0.105,-0.195,57.36,44.11
"2024-10-02 22:30:00",6683,12.57,401,0,-0.38,-0.97,-0.82,-0.087,-0.073,-0.105,-0.195,58.03,43.64
"2024-10-02 23:00:00",6684,12.57,401,0,-0.378,-1,-0.78,-0.089,-0.07,-0.105,-0.192,56.37,43.64
"2024-10-02 23:30:00",6685,12.57,401,0,-0.38,-0.97,-0.82,-0.087,-0.073,-0.105,-0.195,56.59,43.18
"2024-10-03 00:00:00",6686,12.57,401,0,-0.405,-1.03,-0.88,-0.092,-0.079,-0.11,-0.197,57.04,42.96
"2024-10-03 00:30:00",6687,12.56,401,0,-0.399,-1.03,-0.85,-0.092,-0.076,-0.113,-0.194,57.19,42.79
"2024-10-03 01:00:00",6688,12.56,401,0,-0.396,-0.98,-0.89,-0.088,-0.08,-0.109,-0.198,56.66,42.84
"2024-10-03 01:30:00",6689,12.56,401,0,-0.384,-0.95,-0.86,-0.085,-0.077,-0.108,-0.195,56.66,42.84
"2024-10-03 02:00:00",6690,12.56,401,0,-0.407,-1,-0.92,-0.09,-0.082,-0.111,-0.197,56.47,43.07
"2024-10-03 02:30:00",6691,12.56,401,0,-0.413,-1,-0.95,-0.09,-0.085,-0.111,-0.2,56.71,43.15
"2024-10-03 03:00:00",6692,12.55,401,0,-0.428,-1.03,-0.99,-0.092,-0.088,-0.11,-0.202,56.18,42.78
"2024-10-03 03:30:00",6693,12.55,401,0,-0.411,-0.99,-0.95,-0.089,-0.085,-0.11,-0.202,56.99,43.17
"2024-10-03 04:00:00",6694,12.55,401,0,-0.417,-0.99,-0.98,-0.089,-0.088,-0.107,-0.202,57.24,43.42
"2024-10-03 04:30:00",6695,12.55,401,0,-0.426,-1.03,-0.98,-0.092,-0.088,-0.11,-0.204,55.85,43.69
"2024-10-03 05:00:00",6696,12.55,401,0,-0.411,-0.99,-0.95,-0.089,-0.085,-0.11,-0.2,57.55,43.16
"2024-10-03 05:30:00",6697,12.55,401,0,-0.421,-1,-0.99,-0.089,-0.088,-0.11,-0.2,56.78,43.79
"2024-10-03 06:00:00",6698,12.55,401,0,-0.421,-1,-0.99,-0.089,-0.088,-0.108,-0.205,56.98,43.16
"2024-10-03 06:30:00",6699,12.54,401,0,-0.434,-1.03,-1.02,-0.092,-0.091,-0.11,-0.208,58.12,42.79
"2024-10-03 07:00:00",6700,12.54,401,0,-0.426,-1.03,-0.98,-0.092,-0.088,-0.11,-0.204,56.62,43.63
"2024-10-03 07:30:00",6701,12.55,401,0,-0.411,-0.99,-0.95,-0.089,-0.085,-0.11,-0.202,56.98,42.59
"2024-10-03 08:00:00",6702,12.54,401,0,-0.335,-0.83,-0.75,-0.075,-0.067,-0.096,-0.19,56.91,44.34
"2024-10-03 08:30:00",6703,12.54,401,0,-0.122,-0.48,-0.09,-0.044,-0.009,-0.063,-0.151,59.3,44.23
"2024-10-03 09:00:00",6704,12.54,401,0,0.168,0,0.81,0,0.072,-0.024,-0.099,60.62,45.13
"2024-10-03 09:30:00",6705,12.54,401,0,0.476,0.54,1.73,0.048,0.153,0.023,-0.041,60.18,46.1
"2024-10-03 10:00:00",6706,12.54,401,0,0.843,1.2,2.81,0.106,0.248,0.072,0.026,59.97,47.24
"2024-10-03 10:30:00",6707,12.54,401,0,1.078,1.58,3.55,0.14,0.315,0.109,0.078,63.11,48.22
"2024-10-03 11:00:00",6708,12.54,401,0,1.23,1.82,4.03,0.161,0.357,0.128,0.104,59.23,47.65
"2024-10-03 11:30:00",6709,12.55,401,0,1.254,1.7,4.27,0.15,0.378,-99,0.154,-99,49.77
"2024-10-03 12:00:00",6710,12.55,401,0,1.631,3.13,4.59,0.277,0.407,0.22,0.139,61.45,48.89
"2024-10-03 12:30:00",6711,12.55,401,0,1.197,1.41,4.3,0.125,0.381,-99,0.161,-99,51.03
"2024-10-03 13:00:00",6712,12.55,401,0,1.65,3.2,4.61,0.283,0.408,0.235,0.145,66.8,48.84
"2024-10-03 13:30:00",6713,12.55,401,0,1.877,3.29,5.61,0.291,0.496,0.196,0.166,55.31,46.49
"2024-10-03 14:00:00",6714,12.56,401,0,1.739,2.79,5.47,0.247,0.484,0.186,0.168,57.52,47.87
"2024-10-03 14:30:00",6715,12.55,401,0,1.717,2.84,5.31,0.252,0.47,0.187,0.161,58.49,46.6
"2024-10-03 15:00:00",6716,12.56,401,0,1.661,2.63,5.26,0.233,0.465,0.176,0.152,58.5,47.34
"2024-10-03 15:30:00",6717,12.56,401,0,1.448,2.05,4.84,0.182,0.428,0.131,0.136,56.96,47.15
"2024-10-03 16:00:00",6718,12.56,401,0,1.464,2.27,4.69,0.201,0.415,0.151,0.125,59.41,47.27
"2024-10-03 16:30:00",6719,12.55,401,0,1.351,2.11,4.31,0.187,0.381,0.136,0.101,58.33,46.44
"2024-10-03 17:00:00",6720,12.55,401,0,0.77,0.21,3.5,0.019,0.31,0.008,0.093,57.87,49.62
"2024-10-03 17:30:00",6721,12.55,401,0,0.939,1.3,3.17,0.115,0.281,0.064,0.031,56.85,46.62
"2024-10-03 18:00:00",6722,12.55,401,0,0.607,0.66,2.24,0.059,0.198,0.014,-0.027,56.17,44.85
"2024-10-03 18:30:00",6723,12.55,401,0,0.222,0.03,1.04,0.003,0.092,-0.03,-0.089,56.9,43.92
"2024-10-03 19:00:00",6724,12.54,401,0,-0.077,-0.52,0.17,-0.047,0.015,-0.072,-0.139,56.07,43.77
"2024-10-03 19:30:00",6725,12.54,401,0,-0.228,-0.74,-0.33,-0.066,-0.03,-0.088,-0.166,55.5,41.84
"2024-10-03 20:00:00",6726,12.54,401,0,-0.291,-0.83,-0.54,-0.075,-0.048,-0.096,-0.177,55.47,42.07
"2024-10-03 20:30:00",6727,12.53,401,0,-0.355,-1,-0.67,-0.089,-0.06,-0.11,-0.187,55.62,42.79
"2024-10-03 21:00:00",6728,12.53,401,0,-0.382,-1.03,-0.77,-0.092,-0.069,-0.11,-0.192,56.47,42.65
"2024-10-03 21:30:00",6729,12.52,401,0,-0.393,-1.02,-0.83,-0.091,-0.075,-0.109,-0.192,55.54,43.53
"2024-10-03 22:00:00",6730,12.52,401,0,-0.416,-1.09,-0.87,-0.097,-0.078,-0.118,-0.197,55.85,42.6
"2024-10-03 22:30:00",6731,12.52,401,0,-0.42,-1.08,-0.9,-0.097,-0.081,-0.112,-0.197,55.69,42.44
"2024-10-03 23:00:00",6732,12.51,401,0,-0.42,-1.08,-0.9,-0.096,-0.081,-0.117,-0.197,55.65,42.92
"2024-10-03 23:30:00",6733,12.52,401,0,-0.449,-1.11,-1.01,-0.099,-0.09,-0.117,-0.208,55.59,41.93
"2024-10-04 00:00:00",6734,12.51,401,0,-0.447,-1.08,-1.03,-0.096,-0.092,-0.12,-0.21,56.54,42.3
"2024-10-04 00:30:00",6735,12.51,401,0,-0.454,-1.11,-1.03,-0.099,-0.092,-0.117,-0.208,56.02,42.61
"2024-10-04 01:00:00",6736,12.51,401,0,-0.441,-1.06,-1.02,-0.095,-0.091,-0.115,-0.203,56.94,42.85
"2024-10-04 01:30:00",6737,12.5,401,0,-0.464,-1.13,-1.06,-0.101,-0.095,-0.116,-0.2,57.03,43.63
"2024-10-04 02:00:00",6738,12.51,401,0,-0.52,-1.11,-1.35,-0.099,-0.121,-0.12,-0.235,56.46,43.48
"2024-10-04 02:30:00",6739,12.5,401,0,-0.458,-1.1,-1.06,-0.098,-0.095,-0.116,-0.207,56.73,44.31
"2024-10-04 03:00:00",6740,12.5,401,0,-0.443,-1.06,-1.03,-0.095,-0.092,-0.116,-0.204,57.2,43.37
"2024-10-04 03:30:00",6741,12.5,401,0,-0.443,-1.07,-1.02,-0.095,-0.091,-0.116,-0.204,56.94,43.54
"2024-10-04 04:00:00",6742,12.5,401,0,-0.466,-1.14,-1.06,-0.101,-0.095,-0.122,-0.209,56.89,43.64
"2024-10-04 04:30:00",6743,12.5,401,0,-0.453,-1.08,-1.06,-0.096,-0.095,-0.111,-0.208,57.01,43.18
"2024-10-04 05:00:00",6744,12.5,401,0,-0.466,-1.1,-1.1,-0.098,-0.098,-0.117,-0.21,56.83,43.17
"2024-10-04 05:30:00",6745,12.5,401,0,-0.456,-1.13,-1.02,-0.101,-0.091,-0.116,-0.206,56.9,43.9
"2024-10-04 06:00:00",6746,12.5,401,0,-0.453,-1.09,-1.05,-0.097,-0.094,-0.115,-0.209,57.67,43.01
"2024-10-04 06:30:00",6747,12.49,401,0,-0.441,-1.06,-1.02,-0.095,-0.091,-0.111,-0.206,56.77,43.78
"2024-10-04 07:00:00",6748,12.49,401,0,-0.462,-1.08,-1.1,-0.097,-0.098,-0.115,-0.213,55.8,43.48
"2024-10-04 07:30:00",6749,12.49,401,0,-0.428,-1.03,-0.99,-0.092,-0.089,-0.113,-0.204,57.6,44.2
"2024-10-04 08:00:00",6750,12.49,401,0,-0.392,-0.96,-0.89,-0.086,-0.08,-0.108,-0.202,56.82,43.26
"2024-10-04 08:30:00",6751,12.49,401,0,-0.234,-0.72,-0.38,-0.064,-0.034,-0.084,-0.164,60.22,44.31
"2024-10-04 09:00:00",6752,12.49,401,0,-0.114,-0.51,-0.02,-0.046,-0.003,-0.066,-0.141,57.71,44.72
"2024-10-04 09:30:00",6753,12.49,401,0,0.244,0.15,1.02,0.013,0.09,-0.013,-0.079,61.76,45.87
"2024-10-04 10:00:00",6754,12.49,401,0,0.842,1.18,2.83,0.105,0.251,0.067,0.026,60.02,46.88
"2024-10-04 10:30:00",6755,12.49,401,0,0.895,1.25,3.01,0.111,0.266,0.078,0.038,59.5,47.61
"2024-10-04 11:00:00",6756,12.5,401,0,1.192,1.74,3.93,0.154,0.347,0.116,0.098,60.76,49.17
"2024-10-04 11:30:00",6757,12.5,401,0,1.32,1.93,4.35,0.171,0.385,0.138,0.133,60.79,48.22
"2024-10-04 12:00:00",6758,12.5,401,0,1.704,3.02,5.06,0.267,0.448,-99,0.18,-99,50.4
"2024-10-04 12:30:00",6759,12.5,401,0,1.419,2.33,4.41,0.207,0.39,0.153,0.12,58.31,48.07
"2024-10-04 13:00:00",6760,12.5,401,0,1.446,2.49,4.37,0.22,0.386,0.145,0.115,55.98,47.82
"2024-10-04 13:30:00",6761,12.5,401,0,1.39,2.12,4.49,0.188,0.397,0.143,0.118,58.37,47.72
"2024-10-04 14:00:00",6762,12.5,401,0,1.448,2.27,4.61,0.201,0.408,0.151,0.125,58.16,47.82
"2024-10-04 14:30:00",6763,12.5,401,0,1.452,2.27,4.63,0.201,0.41,0.156,0.129,60.72,47.17
"2024-10-04 15:00:00",6764,12.5,401,0,1.327,2.02,4.29,0.179,0.38,0.128,0.105,58.14,46.82
"2024-10-04 15:30:00",6765,12.5,401,0,1.47,2.23,4.76,0.197,0.421,0.147,0.136,59.86,47.29
"2024-10-04 16:00:00",6766,12.5,401,0,1.5,2.35,4.78,0.208,0.423,0.156,0.139,59.85,48.27
"2024-10-04 16:30:00",6767,12.5,401,0,1.333,2.01,4.33,0.178,0.384,0.129,0.102,58.7,47.37
"2024-10-04 17:00:00",6768,12.5,401,0,0.981,1.38,3.29,0.122,0.291,0.082,0.053,58.37,46.06
"2024-10-04 17:30:00",6769,12.5,401,0,0.555,0.58,2.07,0.051,0.183,0.014,-0.027,57.22,46.05
"2024-10-04 18:00:00",6770,12.5,401,0,0.182,-0.06,0.94,-0.006,0.083,-0.041,-0.091,57.75,44.77
"2024-10-04 18:30:00",6771,12.49,401,0,-0.081,-0.54,0.17,-0.049,0.015,-0.074,-0.142,56.13,43.56
"2024-10-04 19:00:00",6772,12.49,401,0,-0.243,-0.81,-0.33,-0.072,-0.03,-0.099,-0.165,55.31,43.98
"2024-10-04 19:30:00",6773,12.48,401,0,-0.311,-0.93,-0.53,-0.083,-0.048,-0.104,-0.175,57.1,43.28
"2024-10-04 20:00:00",6774,12.48,401,0,-0.374,-1.02,-0.74,-0.091,-0.066,-0.109,-0.193,56.44,43.04
"2024-10-04 20:30:00",6775,12.48,401,0,-0.387,-1.05,-0.77,-0.094,-0.069,-0.115,-0.19,55.62,43.88
"2024-10-04 21:00:00",6776,12.48,401,0,-0.399,-1.08,-0.8,-0.096,-0.072,-0.114,-0.19,57.9,43.25
"2024-10-04 21:30:00",6777,12.47,401,0,-0.429,-1.15,-0.87,-0.103,-0.078,-0.12,-0.198,56.35,43.2
"2024-10-04 22:00:00",6778,12.47,401,0,-0.427,-1.11,-0.9,-0.099,-0.081,-0.114,-0.198,56.03,42.22
"2024-10-04 22:30:00",6779,12.47,401,0,-0.437,-1.12,-0.94,-0.1,-0.084,-0.115,-0.198,55.79,43.38
"2024-10-04 23:00:00",6780,12.47,401,0,-0.45,-1.15,-0.97,-0.103,-0.087,-0.12,-0.198,55.54,43.13
"2024-10-04 23:30:00",6781,12.47,401,0,-0.448,-1.14,-0.97,-0.102,-0.087,-0.119,-0.203,56.58,42.34
"2024-10-05 00:00:00",6782,12.46,401,0,-0.446,-1.14,-0.96,-0.101,-0.086,-0.122,-0.202,57.14,43.17
"2024-10-05 00:30:00",6783,12.46,401,0,-0.46,-1.14,-1.03,-0.102,-0.092,-0.12,-0.205,55.71,42.3
"2024-10-05 01:00:00",6784,12.46,401,0,-0.464,-1.15,-1.04,-0.103,-0.093,-0.121,-0.203,56.08,43.36
"2024-10-05 01:30:00",6785,12.46,401,0,-0.464,-1.15,-1.04,-0.103,-0.093,-0.121,-0.209,57.2,43.22
"2024-10-05 02:00:00",6786,12.45,401,0,-0.464,-1.15,-1.04,-0.103,-0.093,-0.12,-0.203,57.44,42.53
"2024-10-05 02:30:00",6787,12.45,401,0,-0.445,-1.09,-1.01,-0.098,-0.09,-0.118,-0.207,56.65,42
"2024-10-05 03:00:00",6788,12.45,401,0,-0.456,-1.11,-1.04,-0.099,-0.093,-0.118,-0.209,56.56,42.74
"2024-10-05 03:30:00",6789,12.45,401,0,-0.471,-1.15,-1.07,-0.102,-0.096,-0.12,-0.211,56.6,43.46
"2024-10-05 04:00:00",6790,12.45,401,0,-0.468,-1.14,-1.07,-0.102,-0.096,-0.123,-0.211,56.77,43.37
"2024-10-05 04:30:00",6791,12.44,401,0,-0.467,-1.17,-1.03,-0.104,-0.092,-0.12,-0.209,57.64,42.84
"2024-10-05 05:00:00",6792,12.44,401,0,-0.457,-1.06,-1.1,-0.095,-0.098,-0.113,-0.211,57.81,43.73
"2024-10-05 05:30:00",6793,12.44,401,0,-0.665,-1.1,-2.06,-0.098,-0.183,-0.119,-0.073,56.78,3.052
"2024-10-05 06:00:00",6794,12.44,401,0,-0.627,-1.11,-1.87,-0.099,-0.166,-0.118,-0.301,56.89,49.71
"2024-10-05 06:30:00",6795,12.44,401,0,-0.601,-1.12,-1.73,-0.1,-0.154,-0.115,0.48,56.79,3.051
"2024-10-05 07:00:00",6796,12.44,401,0,-0.634,-1.12,-1.89,-0.1,-0.168,-0.118,-0.304,57.59,45.27
"2024-10-05 07:30:00",6797,12.43,401,0,-0.483,-1.14,-1.14,-0.101,-0.102,-0.122,-0.246,57.41,46.49
"2024-10-05 08:00:00",6798,12.43,401,0,-0.6,-1.1,-1.75,-0.098,-0.156,-0.114,0.833,56.92,3.052
"2024-10-05 08:30:00",6799,12.43,401,0,-0.339,-1.01,-0.58,-0.091,-0.052,-0.109,-0.214,58.96,46.54
"2024-10-05 09:00:00",6800,12.43,401,0,-0.32,-0.79,-0.72,-0.071,-0.064,-0.087,-0.22,57.77,50.86
"2024-10-05 09:30:00",6801,12.43,401,0,-0.041,-0.29,0.1,-0.027,0.009,-0.047,-0.157,59.46,49.96
"2024-10-05 10:00:00",6802,12.43,401,0,0.355,0.31,1.39,0.027,0.123,-0.003,-0.066,60.29,48.13
"2024-10-05 10:30:00",6803,12.44,401,0,0.459,0.57,1.62,0.051,0.143,0.016,-0.044,58.64,46.64
"2024-10-05 11:00:00",6804,12.44,401,0,0.338,0.26,1.36,0.023,0.121,-0.005,-0.066,58.67,46.1
"2024-10-05 11:30:00",6805,12.44,401,0,0.262,0.16,1.1,0.014,0.097,-0.019,-0.076,57.94,46.2
"2024-10-05 12:00:00",6806,12.44,401,0,0.174,0,0.84,0,0.074,-0.028,-0.094,57.9,45.59
"2024-10-05 12:30:00",6807,12.43,401,0,0.255,0.28,0.94,0.025,0.083,0.007,-0.083,64.17,46.88
"2024-10-05 13:00:00",6808,12.44,401,0,0.685,1,2.26,0.088,0.2,0.07,0.009,65.31,47.92
"2024-10-05 13:30:00",6809,12.44,401,0,1.043,1.55,3.41,0.137,0.302,0.075,0.049,56.68,46.87
"2024-10-05 14:00:00",6810,12.44,401,0,1.451,2.22,4.68,0.197,0.414,0.155,0.133,59.12,47.8
"2024-10-05 14:30:00",6811,12.44,401,0,1.679,2.76,5.21,0.244,0.461,0.188,0.164,59.31,48.57
"2024-10-05 15:00:00",6812,12.44,401,0,1.901,3.07,5.96,0.271,0.527,0.218,0.204,57.52,47.18
"2024-10-05 15:30:00",6813,12.44,401,0,1.948,3.16,6.09,0.28,0.539,0.221,0.209,59.08,46.51
"2024-10-05 16:00:00",6814,12.44,401,0,1.777,2.88,5.56,0.255,0.492,0.197,0.178,58.66,46.92
"2024-10-05 16:30:00",6815,12.44,401,0,1.663,2.64,5.26,0.234,0.466,0.182,0.161,59.68,47.8
"2024-10-05 17:00:00",6816,12.44,401,0,1.524,2.62,4.61,0.231,0.408,-99,0.157,-99,50.66
"2024-10-05 17:30:00",6817,12.44,401,0,1.175,1.76,3.83,0.156,0.339,0.094,0.071,56.11,45.88
"2024-10-05 18:00:00",6818,12.44,401,0,0.736,0.94,2.57,0.083,0.228,0.034,-0.002,56.94,45.62
"2024-10-05 18:30:00",6819,12.44,401,0,0.228,0.03,1.07,0.003,0.095,-0.034,-0.09,56.55,45.23
"2024-10-05 19:00:00",6820,12.43,401,0,-0.083,-0.52,0.14,-0.047,0.012,-0.073,-0.147,55.6,44.02
"2024-10-05 19:30:00",6821,12.43,401,0,-0.227,-0.79,-0.27,-0.07,-0.025,-0.095,-0.165,55.57,44.09
"2024-10-05 20:00:00",6822,12.43,401,0,-0.302,-0.88,-0.54,-0.079,-0.049,-0.104,-0.18,57,43.19
"2024-10-05 20:30:00",6823,12.42,401,0,-0.317,-0.91,-0.58,-0.082,-0.052,-0.103,-0.178,56.93,43.53
"2024-10-05 21:00:00",6824,12.42,401,0,-0.372,-1,-0.75,-0.09,-0.067,-0.108,-0.191,57.35,42.13
"2024-10-05 21:30:00",6825,12.41,401,0,-0.399,-1.03,-0.85,-0.092,-0.076,-0.113,-0.198,56.83,42.44
"2024-10-05 22:00:00",6826,12.4,401,0,-0.405,-1.06,-0.85,-0.095,-0.076,-0.113,-0.195,56.3,41.81
"2024-10-05 22:30:00",6827,12.41,401,0,-0.429,-1.1,-0.92,-0.098,-0.082,-0.119,-0.195,56.93,43.79
"2024-10-05 23:00:00",6828,12.4,401,0,-0.451,-1.1,-1.03,-0.099,-0.092,-0.117,-0.207,56.52,42.7
"2024-10-05 23:30:00",6829,12.4,401,0,-0.441,-1.13,-0.95,-0.101,-0.085,-0.116,-0.204,56.67,44.51
"2024-10-06 00:00:00",6830,12.4,401,0,-0.495,-1.14,-1.2,-0.101,-0.107,-0.119,-0.22,55.18,42.34
"2024-10-06 00:30:00",6831,12.39,401,0,-0.447,-1.08,-1.03,-0.096,-0.092,-0.117,-0.209,57.09,42.86
"2024-10-06 01:00:00",6832,12.39,401,0,-0.469,-1.19,-1.02,-0.107,-0.091,-0.124,-0.208,56.57,42.33
"2024-10-06 01:30:00",6833,12.39,401,0,-0.464,-1.14,-1.05,-0.101,-0.094,-0.117,-0.211,55.57,43
"2024-10-06 02:00:00",6834,12.39,401,0,-0.473,-1.14,-1.09,-0.101,-0.097,-0.119,-0.212,56.83,43.01
"2024-10-06 02:30:00",6835,12.39,401,0,-0.483,-1.19,-1.09,-0.107,-0.097,-0.122,-0.209,56.34,42.95
"2024-10-06 03:00:00",6836,12.39,401,0,-0.47,-1.13,-1.09,-0.101,-0.097,-0.116,-0.212,56.01,43.02
"2024-10-06 03:30:00",6837,12.38,401,0,-0.466,-1.14,-1.06,-0.102,-0.095,-0.12,-0.212,56.8,43.54
"2024-10-06 04:00:00",6838,12.38,401,0,-0.494,-1.17,-1.16,-0.104,-0.103,-0.122,-0.215,56.58,42.18
"2024-10-06 04:30:00",6839,12.37,401,0,-0.479,-1.13,-1.13,-0.101,-0.101,-0.116,-0.215,56.68,42.44
"2024-10-06 05:00:00",6840,12.38,401,0,-0.47,-1.13,-1.09,-0.101,-0.098,-0.116,-0.212,56.53,43.69
"2024-10-06 05:30:00",6841,12.37,401,0,-0.487,-1.13,-1.17,-0.101,-0.104,-0.119,-0.218,56.15,44.15
"2024-10-06 06:00:00",6842,12.37,401,0,-0.487,-1.1,-1.2,-0.099,-0.107,-0.117,-0.221,56.16,43.32
"2024-10-06 06:30:00",6843,12.37,401,0,-0.483,-1.11,-1.17,-0.099,-0.104,-0.118,-0.221,56.74,42.5
"2024-10-06 07:00:00",6844,12.36,401,0,-0.48,-1.1,-1.17,-0.099,-0.104,-0.117,-0.221,57.01,43.6
"2024-10-06 07:30:00",6845,12.36,401,0,-0.504,-1.14,-1.24,-0.101,-0.11,-0.117,-0.226,57.5,43.11
"2024-10-06 08:00:00",6846,12.36,401,0,-0.489,-1.12,-1.19,-0.1,-0.106,-0.121,-0.22,57.05,43.9
"2024-10-06 08:30:00",6847,12.36,401,0,-0.464,-1.12,-1.07,-0.1,-0.095,-0.116,-0.205,57.89,43.39
"2024-10-06 09:00:00",6848,12.36,401,0,-0.383,-0.92,-0.89,-0.082,-0.079,-0.101,-0.191,59.03,43.69
"2024-10-06 09:30:00",6849,12.36,401,0,-0.186,-0.65,-0.22,-0.058,-0.02,-0.073,-0.148,60.73,45.09
"2024-10-06 10:00:00",6850,12.36,401,0,0.248,0.12,1.07,0.011,0.094,-0.011,-0.073,59.94,46.54
"2024-10-06 10:30:00",6851,12.37,401,0,0.76,1,2.62,0.089,0.232,0.067,0.031,63.73,48.66
"2024-10-06 11:00:00",6852,12.37,401,0,1.155,1.74,3.75,0.154,0.332,0.118,0.084,61.23,47.26
"2024-10-06 11:30:00",6853,12.38,401,0,1.162,1.49,4.05,0.132,0.358,-99,0.163,-99,52.13
"2024-10-06 12:00:00",6854,12.38,401,0,1.406,2.07,4.62,0.183,0.409,0.17,0.188,68.43,51.15
"2024-10-06 12:30:00",6855,12.38,401,0,1.47,2.26,4.73,0.2,0.419,-99,0.218,-99,52.89
"2024-10-06 13:00:00",6856,12.39,401,0,1.992,4.04,5.38,0.358,0.476,0.294,0.19,64.16,49.52
"2024-10-06 13:30:00",6857,12.39,401,0,1.898,3.35,5.65,0.297,0.501,0.186,0.149,52.8,46.47
"2024-10-06 14:00:00",6858,12.39,401,0,1.754,2.84,5.49,0.251,0.486,0.188,0.161,58.12,46.8
"2024-10-06 14:30:00",6859,12.39,401,0,1.756,2.81,5.53,0.249,0.49,0.181,0.158,57.68,46.36
"2024-10-06 15:00:00",6860,12.39,401,0,1.597,2.46,5.13,0.218,0.454,0.158,0.143,57.48,47.15
"2024-10-06 15:30:00",6861,12.39,401,0,1.498,2.29,4.83,0.203,0.428,0.155,0.133,59.1,46.53
"2024-10-06 16:00:00",6862,12.39,401,0,1.448,2.29,4.59,0.203,0.407,0.151,0.121,58.58,47.1
"2024-10-06 16:30:00",6863,12.38,401,0,1.259,1.86,4.13,0.164,0.366,0.115,0.095,57.99,47.09
"2024-10-06 17:00:00",6864,12.38,401,0,1.081,1.59,3.55,0.141,0.315,0.123,0.078,67.04,48.81
"2024-10-06 17:30:00",6865,12.38,401,0,0.892,1.22,3.03,0.108,0.268,0.055,0.017,55.99,46.17
"2024-10-06 18:00:00",6866,12.38,401,0,0.586,0.66,2.14,0.058,0.19,0.011,-0.033,56.2,44.71
"2024-10-06 18:30:00",6867,12.38,401,0,0.177,-0.09,0.95,-0.009,0.084,-0.043,-0.099,56.31,44.31
"2024-10-06 19:00:00",6868,12.37,401,0,-0.136,-0.63,0,-0.057,0,-0.082,-0.151,56.2,43.79
"2024-10-06 19:30:00",6869,12.36,401,0,-0.249,-0.79,-0.38,-0.071,-0.034,-0.096,-0.174,56.71,43.47
"2024-10-06 20:00:00",6870,12.36,401,0,-0.328,-0.96,-0.58,-0.085,-0.053,-0.11,-0.179,55.59,42.19
"2024-10-06 20:30:00",6871,12.36,401,0,-0.357,-0.99,-0.69,-0.088,-0.062,-0.112,-0.187,55.97,42.41
"2024-10-06 21:00:00",6872,12.36,401,0,-0.384,-1.02,-0.79,-0.091,-0.071,-0.112,-0.193,56.47,42.81
"2024-10-06 21:30:00",6873,12.35,401,0,-0.404,-1.08,-0.82,-0.096,-0.074,-0.118,-0.195,56.15,42.34
"2024-10-06 22:00:00",6874,12.34,401,0,-0.403,-1.04,-0.86,-0.093,-0.077,-0.114,-0.197,55.7,43.12
"2024-10-06 22:30:00",6875,12.35,401,0,-0.425,-1.11,-0.89,-0.099,-0.08,-0.12,-0.195,56.47,41.4
"2024-10-06 23:00:00",6876,12.34,401,0,-0.418,-1.04,-0.93,-0.093,-0.083,-0.114,-0.197,56.11,42.7
"2024-10-06 23:30:00",6877,12.34,401,0,-0.43,-1.07,-0.96,-0.096,-0.085,-0.117,-0.199,55.84,42.28
"2024-10-07 00:00:00",6878,12.34,401,0,-0.437,-1.07,-0.99,-0.096,-0.089,-0.114,-0.2,56.52,43.11
"2024-10-07 00:30:00",6879,12.34,401,0,-0.435,-1.09,-0.96,-0.098,-0.085,-0.116,-0.2,56.21,43.06
"2024-10-07 01:00:00",6880,12.33,401,0,-0.433,-1.09,-0.95,-0.097,-0.085,-0.115,-0.199,56.63,43.07
"2024-10-07 01:30:00",6881,12.33,401,0,-0.445,-1.09,-1.01,-0.097,-0.091,-0.115,-0.201,55.95,43.63
"2024-10-07 02:00:00",6882,12.33,401,0,-0.445,-1.12,-0.98,-0.1,-0.088,-0.118,-0.199,57.6,42.95
"2024-10-07 02:30:00",6883,12.33,401,0,-0.445,-1.12,-0.98,-0.1,-0.088,-0.116,-0.199,56.27,43.01
"2024-10-07 03:00:00",6884,12.33,401,0,-0.445,-1.09,-1.01,-0.097,-0.09,-0.115,-0.201,56.94,43.12
"2024-10-07 03:30:00",6885,12.33,401,0,-0.43,-1.05,-0.98,-0.094,-0.088,-0.113,-0.201,56.55,43.31
"2024-10-07 04:00:00",6886,12.33,401,0,-0.441,-1.07,-1.01,-0.096,-0.09,-0.114,-0.198,58.17,44.09
"2024-10-07 04:30:00",6887,12.33,401,0,-0.453,-1.07,-1.07,-0.096,-0.096,-0.112,-0.203,58.44,43.22
"2024-10-07 05:00:00",6888,12.32,401,0,-0.434,-1.05,-1,-0.094,-0.09,-0.109,-0.197,57.51,44.52
"2024-10-07 05:30:00",6889,12.32,401,0,-0.405,-1.01,-0.9,-0.091,-0.081,-0.109,-0.198,57.56,42.08
"2024-10-07 06:00:00",6890,12.32,401,0,-0.411,-1.01,-0.93,-0.091,-0.084,-0.109,-0.195,56.42,43.28
"2024-10-07 06:30:00",6891,12.32,401,0,-0.409,-0.99,-0.94,-0.088,-0.084,-0.107,-0.193,57.66,42.85
"2024-10-07 07:00:00",6892,12.32,401,0,-0.409,-0.99,-0.94,-0.089,-0.084,-0.107,-0.193,57.41,43.17
"2024-10-07 07:30:00",6893,12.32,401,0,-0.375,-0.93,-0.84,-0.083,-0.075,-0.102,-0.191,56.63,43.22
"2024-10-07 08:00:00",6894,12.32,401,0,-0.259,-0.76,-0.46,-0.068,-0.042,-0.087,-0.169,56.51,44.61
"2024-10-07 08:30:00",6895,12.32,401,0,-0.088,-0.44,0.03,-0.039,0.003,-0.06,-0.139,58.99,44.76
"2024-10-07 09:00:00",6896,12.32,401,0,-0.017,-0.31,0.24,-0.028,0.021,-0.049,-0.128,56.73,44.31
"2024-10-07 09:30:00",6897,12.32,401,0,0.216,0.1,0.94,0.009,0.083,-0.019,-0.085,56.97,45.64
"2024-10-07 10:00:00",6898,12.32,401,0,0.448,0.44,1.7,0.039,0.151,0.011,-0.04,59.43,45.87
"2024-10-07 10:30:00",6899,12.32,401,0,0.551,0.61,2.02,0.054,0.179,0.022,-0.022,58.82,47.09
"2024-10-07 11:00:00",6900,12.32,401,0,0.589,0.72,2.09,0.064,0.185,0.027,-0.015,58.64,46.07
"2024-10-07 11:30:00",6901,12.32,401,0,0.581,0.74,2.03,0.066,0.18,0.035,-0.025,59.74,46.75
"2024-10-07 12:00:00",6902,12.32,401,0,0.616,0.35,2.61,0.031,0.231,0.031,0.057,67.58,51.53
"2024-10-07 12:30:00",6903,12.33,401,0,0.96,1.37,3.2,0.121,0.283,-99,0.111,-99,53.63
"2024-10-07 13:00:00",6904,12.33,401,0,1.516,3.4,3.75,0.301,0.332,-99,0.116,-99,51.74
"2024-10-07 13:30:00",6905,12.33,401,0,1.737,3.04,5.2,0.269,0.46,0.16,0.124,53.26,46.92
"2024-10-07 14:00:00",6906,12.33,401,0,1.859,2.99,5.84,0.265,0.517,0.204,0.187,58.57,47.24
"2024-10-07 14:30:00",6907,12.33,401,0,1.832,3.01,5.69,0.267,0.503,0.193,0.167,56.14,46.74
"2024-10-07 15:00:00",6908,12.33,401,0,1.593,2.54,5.03,0.225,0.446,0.161,0.138,57.47,47.66
"2024-10-07 15:30:00",6909,12.33,401,0,1.597,2.52,5.07,0.223,0.449,0.165,0.147,58.35,47.7
"2024-10-07 16:00:00",6910,12.33,401,0,1.465,2.15,4.82,0.19,0.427,0.143,0.136,57.02,49.28
"2024-10-07 16:30:00",6911,12.32,401,0,1.372,2.11,4.41,0.187,0.39,0.126,0.106,57.95,47.61
"2024-10-07 17:00:00",6912,12.33,401,0,1.086,1.5,3.67,0.133,0.325,0.108,0.086,65.67,48.12
"2024-10-07 17:30:00",6913,12.32,401,0,0.919,1.35,3.02,0.12,0.268,0.064,0.023,56.81,46.31
"2024-10-07 18:00:00",6914,12.32,401,0,0.502,0.48,1.92,0.043,0.17,0.003,-0.046,56.91,44.5
"2024-10-07 18:30:00",6915,12.32,401,0,0.103,-0.2,0.71,-0.018,0.063,-0.052,-0.108,56.2,43.21
"2024-10-07 19:00:00",6916,12.31,401,0,-0.157,-0.67,-0.06,-0.06,-0.006,-0.086,-0.153,55.85,42.86
"2024-10-07 19:30:00",6917,12.31,401,0,-0.294,-0.93,-0.45,-0.083,-0.041,-0.105,-0.174,56.71,42.48
"2024-10-07 20:00:00",6918,12.3,401,0,-0.326,-0.94,-0.59,-0.084,-0.053,-0.109,-0.185,56.02,43.18
"2024-10-07 20:30:00",6919,12.3,401,0,-0.344,-0.96,-0.66,-0.086,-0.059,-0.108,-0.187,54.66,43.59
"2024-10-07 21:00:00",6920,12.3,401,0,-0.365,-0.99,-0.73,-0.088,-0.065,-0.113,-0.186,55.97,42.14
"2024-10-07 21:30:00",6921,12.29,401,0,-0.395,-1.06,-0.8,-0.095,-0.072,-0.113,-0.195,55.86,42.61
"2024-10-07 22:00:00",6922,12.29,401,0,-0.389,-1.03,-0.8,-0.092,-0.072,-0.113,-0.195,57.22,41.73
"2024-10-07 22:30:00",6923,12.29,401,0,-0.401,-1.02,-0.87,-0.091,-0.078,-0.11,-0.195,56.22,43.22
"2024-10-07 23:00:00",6924,12.28,401,0,-0.418,-1.06,-0.91,-0.095,-0.081,-0.113,-0.202,55.91,42.76
"2024-10-07 23:30:00",6925,12.28,401,0,-0.41,-1.06,-0.87,-0.095,-0.078,-0.116,-0.198,55.51,42.37
"2024-10-08 00:00:00",6926,12.28,401,0,-0.431,-1.09,-0.94,-0.097,-0.084,-0.116,-0.203,55.34,42.76
"2024-10-08 00:30:00",6927,12.27,401,0,-0.414,-1.05,-0.9,-0.094,-0.081,-0.116,-0.198,56.13,43.29
"2024-10-08 01:00:00",6928,12.27,401,0,-0.43,-1.06,-0.97,-0.095,-0.087,-0.113,-0.2,55.68,42.42
"2024-10-08 01:30:00",6929,12.27,401,0,-0.422,-1.05,-0.94,-0.094,-0.084,-0.11,-0.202,55.66,43.08
"2024-10-08 02:00:00",6930,12.27,401,0,-0.431,-1.09,-0.94,-0.097,-0.084,-0.113,-0.198,55.92,41.94
"2024-10-08 02:30:00",6931,12.27,401,0,-0.428,-1.05,-0.97,-0.094,-0.087,-0.11,-0.202,57.15,42.08
"2024-10-08 03:00:00",6932,12.26,401,0,-0.422,-1.05,-0.94,-0.094,-0.084,-0.116,-0.2,55.6,43.02
"2024-10-08 03:30:00",6933,12.26,401,0,-0.434,-1.05,-1,-0.094,-0.09,-0.113,-0.202,57.37,42.04
"2024-10-08 04:00:00",6934,12.26,401,0,-0.437,-1.09,-0.97,-0.097,-0.087,-0.113,-0.2,56.08,43.5
"2024-10-08 04:30:00",6935,12.26,401,0,-0.439,-1.06,-1.01,-0.095,-0.09,-0.11,-0.2,57.11,42.3
"2024-10-08 05:00:00",6936,12.26,401,0,-0.415,-0.99,-0.97,-0.088,-0.087,-0.11,-0.2,56.95,42.86
"2024-10-08 05:30:00",6937,12.26,401,0,-0.424,-1.06,-0.94,-0.095,-0.084,-0.113,-0.2,56.53,42.96
"2024-10-08 06:00:00",6938,12.25,401,0,-0.415,-1.02,-0.94,-0.091,-0.084,-0.113,-0.2,56.12,42.71
"2024-10-08 06:30:00",6939,12.25,401,0,-0.426,-1.03,-0.98,-0.092,-0.087,-0.113,-0.203,56.32,43.33
"2024-10-08 07:00:00",6940,12.25,401,0,-0.43,-1.02,-1.01,-0.091,-0.09,-0.116,-0.2,56.08,42.92
"2024-10-08 07:30:00",6941,12.24,401,0,-0.422,-1.05,-0.94,-0.094,-0.084,-0.112,-0.198,55.93,41.68
"2024-10-08 08:00:00",6942,12.24,401,0,-0.276,-0.75,-0.55,-0.067,-0.049,-0.089,-0.176,57.34,43.09
"2024-10-08 08:30:00",6943,12.24,401,0,-0.038,-0.34,0.17,-0.031,0.015,-0.055,-0.131,57.79,44.38
"2024-10-08 09:00:00",6944,12.24,401,0,0.237,0.09,1.05,0.008,0.093,-0.019,-0.081,58.45,45.45
"2024-10-08 09:30:00",6945,12.24,401,0,0.539,0.63,1.94,0.056,0.172,0.024,-0.025,59.22,47.06
"2024-10-08 10:00:00",6946,12.24,401,0,0.815,1.11,2.77,0.098,0.245,0.06,0.017,59.16,47.57
"2024-10-08 10:30:00",6947,12.24,401,0,0.911,1.19,3.15,0.105,0.279,0.086,0.065,65.4,49.5
"2024-10-08 11:00:00",6948,12.24,401,0,1.114,1.61,3.69,0.142,0.327,0.107,0.09,61.46,48.21
"2024-10-08 11:30:00",6949,12.25,401,0,1.126,1.61,3.75,0.142,0.332,-99,0.132,-99,51.95
"2024-10-08 12:00:00",6950,12.25,401,0,1.046,1.05,3.95,0.093,0.35,0.082,0.162,61.18,53.18
"2024-10-08 12:30:00",6951,12.25,401,0,1.348,2.2,4.2,0.195,0.372,-99,0.186,-99,53.13
"2024-10-08 13:00:00",6952,12.26,401,0,1.868,4.07,4.75,0.36,0.421,-99,0.181,-99,52.08
"2024-10-08 13:30:00",6953,12.26,401,0,1.712,2.98,5.14,0.264,0.455,0.133,0.1,51.97,44.81
"2024-10-08 14:00:00",6954,12.26,401,0,1.493,2.39,4.7,0.212,0.416,0.154,0.118,59.09,46.68
"2024-10-08 14:30:00",6955,12.26,401,0,1.376,2.12,4.42,0.187,0.391,0.124,0.091,57.89,46.57
"2024-10-08 15:00:00",6956,12.26,401,0,1.37,2.12,4.39,0.188,0.388,0.125,0.091,56.55,47.3
"2024-10-08 15:30:00",6957,12.26,401,0,1.344,2.08,4.31,0.184,0.381,0.134,0.097,59.4,46.68
"2024-10-08 16:00:00",6958,12.26,401,0,1.253,1.81,4.15,0.16,0.367,0.11,0.09,58.02,46.54
"2024-10-08 16:30:00",6959,12.26,401,0,1.09,1.49,3.7,0.132,0.327,0.082,0.063,58.5,46.6
"2024-10-08 17:00:00",6960,12.25,401,0,1.047,1.58,3.4,0.14,0.301,-99,0.074,-99,50.04
"2024-10-08 17:30:00",6961,12.25,401,0,0.758,1.02,2.59,0.09,0.229,0.033,-0.003,56.22,45.72
"2024-10-08 18:00:00",6962,12.25,401,0,0.477,0.45,1.83,0.04,0.162,-0.003,-0.049,56.25,45.6
"2024-10-08 18:30:00",6963,12.25,401,0,0.106,-0.2,0.72,-0.018,0.063,-0.049,-0.112,56.83,43.58
"2024-10-08 19:00:00",6964,12.24,401,0,-0.168,-0.68,-0.1,-0.061,-0.01,-0.088,-0.155,54.92,43.17
"2024-10-08 19:30:00",6965,12.24,401,0,-0.279,-0.85,-0.46,-0.076,-0.042,-0.101,-0.178,55.29,42.87
"2024-10-08 20:00:00",6966,12.23,401,0,-0.323,-0.92,-0.6,-0.082,-0.054,-0.104,-0.184,55.7,42.97
"2024-10-08 20:30:00",6967,12.23,401,0,-0.361,-0.95,-0.75,-0.085,-0.067,-0.11,-0.192,56.34,42.77
"2024-10-08 21:00:00",6968,12.23,401,0,-0.393,-1.04,-0.81,-0.093,-0.073,-0.112,-0.194,55.91,42.76
"2024-10-08 21:30:00",6969,12.22,401,0,-0.403,-1.05,-0.85,-0.094,-0.076,-0.112,-0.2,54.99,42.67
"2024-10-08 22:00:00",6970,12.22,401,0,-0.418,-1.08,-0.89,-0.096,-0.08,-0.115,-0.2,56.23,42.56
"2024-10-08 22:30:00",6971,12.22,401,0,-0.43,-1.07,-0.96,-0.096,-0.085,-0.114,-0.205,55.97,41.99
"2024-10-08 23:00:00",6972,12.21,401,0,-0.43,-1.07,-0.96,-0.096,-0.086,-0.114,-0.2,57.16,42.66
"2024-10-08 23:30:00",6973,12.2,401,0,-0.422,-1.07,-0.92,-0.096,-0.082,-0.115,-0.195,56.55,42.57
"2024-10-09 00:00:00",6974,12.21,401,0,-0.43,-1.07,-0.96,-0.096,-0.085,-0.115,-0.2,55.41,42.56
"2024-10-09 00:30:00",6975,12.2,401,0,-0.431,-1.11,-0.92,-0.099,-0.082,-0.114,-0.2,56.58,42.6
"2024-10-09 01:00:00",6976,12.2,401,0,-0.422,-1.07,-0.92,-0.095,-0.082,-0.114,-0.2,55.82,42.56
"2024-10-09 01:30:00",6977,12.19,401,0,-0.418,-1.06,-0.91,-0.095,-0.082,-0.111,-0.199,55.77,42.36
"2024-10-09 02:00:00",6978,12.2,401,0,-0.434,-1.06,-0.99,-0.095,-0.088,-0.114,-0.203,56.72,42.06
"2024-10-09 02:30:00",6979,12.19,401,0,-0.435,-1.07,-0.98,-0.095,-0.088,-0.114,-0.199,56.6,42.36
"2024-10-09 03:00:00",6980,12.18,401,0,-0.422,-1.04,-0.95,-0.093,-0.085,-0.114,-0.203,56.37,42.97
"2024-10-09 03:30:00",6981,12.19,401,0,-0.452,-1.12,-1.01,-0.1,-0.091,-0.116,-0.201,56.43,41.93
"2024-10-09 04:00:00",6982,12.19,401,0,-0.441,-1.1,-0.98,-0.098,-0.088,-0.116,-0.201,55.93,43.19
"2024-10-09 04:30:00",6983,12.18,401,0,-0.449,-1.1,-1.02,-0.098,-0.091,-0.117,-0.202,56.82,42.42
"2024-10-09 05:00:00",6984,12.18,401,0,-0.436,-1.05,-1.01,-0.094,-0.091,-0.113,-0.204,57.17,43.5
"2024-10-09 05:30:00",6985,12.18,401,0,-0.426,-1.03,-0.98,-0.092,-0.088,-0.111,-0.205,55.78,43.04
"2024-10-09 06:00:00",6986,12.18,401,0,-0.449,-1.1,-1.02,-0.098,-0.091,-0.117,-0.204,57.07,42.82
"2024-10-09 06:30:00",6987,12.18,401,0,-0.453,-1.09,-1.05,-0.097,-0.094,-0.116,-0.204,56.5,43.5
"2024-10-09 07:00:00",6988,12.18,401,0,-0.453,-1.09,-1.05,-0.097,-0.094,-0.116,-0.207,57.49,42.67
"2024-10-09 07:30:00",6989,12.17,401,0,-0.42,-1.04,-0.94,-0.093,-0.084,-0.112,-0.198,56.6,42.78
"2024-10-09 08:00:00",6990,12.17,401,0,-0.253,-0.71,-0.48,-0.063,-0.043,-0.086,-0.171,57.74,43.24
"2024-10-09 08:30:00",6991,12.17,401,0,-0.051,-0.4,0.17,-0.036,0.015,-0.057,-0.128,59.01,44.62
"2024-10-09 09:00:00",6992,12.17,401,0,0.254,0.12,1.1,0.011,0.097,-0.011,-0.07,61.72,46.65
"2024-10-09 09:30:00",6993,12.18,401,0,0.623,0.76,2.21,0.067,0.195,0.044,0,61.77,47.12
"2024-10-09 10:00:00",6994,12.18,401,0,0.982,1.43,3.24,0.127,0.287,0.088,0.059,60.88,47.89
"2024-10-09 10:30:00",6995,12.18,401,0,1.067,1.48,3.6,0.131,0.318,0.111,0.1,63.59,49.92
"2024-10-09 11:00:00",6996,12.19,401,0,1.188,1.75,3.9,0.155,0.345,0.125,0.115,63.99,49.76
"2024-10-09 11:30:00",6997,12.19,401,0,1.253,2.05,3.9,0.182,0.345,0.149,0.122,62.91,50.75
"2024-10-09 12:00:00",6998,12.2,401,0,0.984,0.9,3.81,0.08,0.337,0.07,0.151,60.24,52.66
"2024-10-09 12:30:00",6999,12.2,401,0,1.374,2.38,4.14,0.211,0.366,-99,0.161,-99,51.01
"2024-10-09 13:00:00",7000,12.21,401,0,1.864,4.08,4.72,0.361,0.418,-99,0.18,-99,52.53
"2024-10-09 13:30:00",7001,12.21,401,0,1.623,2.75,4.95,0.243,0.438,0.151,0.118,54.27,46.01
"2024-10-09 14:00:00",7002,12.21,401,0,1.552,2.54,4.83,0.224,0.427,0.179,0.132,61.16,47.19
"2024-10-09 14:30:00",7003,12.21,401,0,1.42,2.2,4.55,0.195,0.403,0.138,0.108,57.33,46.42
"2024-10-09 15:00:00",7004,12.21,401,0,1.443,2.24,4.62,0.198,0.409,0.142,0.115,56.95,46.88
"2024-10-09 15:30:00",7005,12.21,401,0,1.336,2.04,4.31,0.181,0.382,0.137,0.116,61,47.34
"2024-10-09 16:00:00",7006,12.21,401,0,1.342,2.27,4.1,0.201,0.363,0.152,0.097,62.36,47.3
"2024-10-09 16:30:00",7007,12.21,401,0,1.053,1.37,3.65,0.121,0.323,0.076,0.068,57.9,46.73
"2024-10-09 17:00:00",7008,12.21,401,0,1.101,1.94,3.28,0.172,0.29,-99,0.076,-99,51.16
"2024-10-09 17:30:00",7009,12.21,401,0,0.694,0.89,2.42,0.079,0.214,0.028,-0.021,54.13,45.71
"2024-10-09 18:00:00",7010,12.2,401,0,0.39,0.32,1.55,0.028,0.137,-0.009,-0.063,56.31,44
"2024-10-09 18:30:00",7011,12.2,401,0,0.023,-0.34,0.47,-0.031,0.042,-0.061,-0.126,55.01,43.27
"2024-10-09 19:00:00",7012,12.2,401,0,-0.203,-0.71,-0.24,-0.064,-0.022,-0.093,-0.166,56.11,42.96
"2024-10-09 19:30:00",7013,12.19,401,0,-0.302,-0.89,-0.53,-0.08,-0.048,-0.102,-0.182,56.02,43.6
"2024-10-09 20:00:00",7014,12.19,401,0,-0.355,-0.96,-0.71,-0.086,-0.064,-0.111,-0.188,55.9,42.34
"2024-10-09 20:30:00",7015,12.18,401,0,-0.378,-1.03,-0.75,-0.092,-0.067,-0.111,-0.191,56.09,42.43
"2024-10-09 21:00:00",7016,12.18,401,0,-0.391,-1.02,-0.82,-0.091,-0.074,-0.107,-0.196,55.22,42.64
"2024-10-09 21:30:00",7017,12.17,401,0,-0.412,-1.05,-0.89,-0.094,-0.08,-0.116,-0.193,55.71,43.29
"2024-10-09 22:00:00",7018,12.17,401,0,-0.408,-1.06,-0.86,-0.095,-0.077,-0.114,-0.196,54.97,42.55
"2024-10-09 22:30:00",7019,12.17,401,0,-0.405,-1.02,-0.89,-0.092,-0.08,-0.113,-0.196,55.77,42.36
"2024-10-09 23:00:00",7020,12.16,401,0,-0.412,-1.05,-0.89,-0.094,-0.08,-0.115,-0.201,56.13,43.55
"2024-10-09 23:30:00",7021,12.16,401,0,-0.409,-1.04,-0.89,-0.093,-0.079,-0.115,-0.198,56.37,41.97
"2024-10-10 00:00:00",7022,12.16,401,0,-0.42,-1.02,-0.96,-0.091,-0.086,-0.116,-0.204,56.12,42.55
"2024-10-10 00:30:00",7023,12.16,401,0,-0.445,-1.11,-0.99,-0.099,-0.089,-0.118,-0.204,57.69,41.94
"2024-10-10 01:00:00",7024,12.15,401,0,-0.43,-1.05,-0.98,-0.094,-0.087,-0.113,-0.197,56.6,42.35
"2024-10-10 01:30:00",7025,12.15,401,0,-0.424,-1.08,-0.92,-0.096,-0.082,-0.115,-0.198,55.71,42.72
"2024-10-10 02:00:00",7026,12.15,401,0,-0.428,-1.07,-0.95,-0.096,-0.085,-0.118,-0.198,56.44,43.46
"2024-10-10 02:30:00",7027,12.14,401,0,-0.45,-1.13,-0.99,-0.101,-0.088,-0.118,-0.2,55.5,42.09
"2024-10-10 03:00:00",7028,12.14,401,0,-0.437,-1.07,-0.99,-0.096,-0.088,-0.115,-0.201,55.55,42.55
"2024-10-10 03:30:00",7029,12.14,401,0,-0.417,-1.01,-0.96,-0.09,-0.086,-0.113,-0.201,57.42,42.19
"2024-10-10 04:00:00",7030,12.14,401,0,-0.43,-1.04,-0.99,-0.093,-0.089,-0.118,-0.201,56.18,42.77
"2024-10-10 04:30:00",7031,12.14,401,0,-0.439,-1.08,-0.99,-0.096,-0.089,-0.112,-0.204,56.23,42.56
"2024-10-10 05:00:00",7032,12.13,401,0,-0.445,-1.07,-1.03,-0.095,-0.092,-0.114,-0.204,57.22,42.56
"2024-10-10 05:30:00",7033,12.13,401,0,-0.426,-1.06,-0.95,-0.095,-0.085,-0.114,-0.201,56.12,41.87
"2024-10-10 06:00:00",7034,12.13,401,0,-0.432,-1.05,-0.99,-0.094,-0.089,-0.116,-0.204,55.9,42.08
"2024-10-10 06:30:00",7035,12.13,401,0,-0.436,-1.03,-1.03,-0.092,-0.092,-0.112,-0.201,55.91,42.09
"2024-10-10 07:00:00",7036,12.13,401,0,-0.438,-1.04,-1.03,-0.093,-0.092,-0.115,-0.204,56.03,42.36
"2024-10-10 07:30:00",7037,12.12,401,0,-0.434,-1.03,-1.02,-0.092,-0.091,-0.114,-0.204,56.79,42.14
"2024-10-10 08:00:00",7038,12.12,401,0,-0.341,-0.88,-0.73,-0.079,-0.066,-0.099,-0.189,57.8,43.4
"2024-10-10 08:30:00",7039,12.12,401,0,-0.137,-0.51,-0.13,-0.046,-0.012,-0.07,-0.151,57.74,43.91
"2024-10-10 09:00:00",7040,12.12,401,0,0.123,-0.09,0.69,-0.009,0.061,-0.033,-0.103,58.61,44.63
"2024-10-10 09:30:00",7041,12.12,401,0,0.397,0.39,1.51,0.034,0.134,0.005,-0.049,59.26,46
"2024-10-10 10:00:00",7042,12.12,401,0,0.629,0.8,2.2,0.071,0.195,0.041,-0.008,59.81,46.56
"2024-10-10 10:30:00",7043,12.12,401,0,0.801,1.02,2.8,0.09,0.248,0.061,0.039,60.64,47.08
"2024-10-10 11:00:00",7044,12.12,401,0,0.973,1.41,3.22,0.124,0.285,0.092,0.059,61.51,48.26
"2024-10-10 11:30:00",7045,12.13,401,0,1.058,1.64,3.39,0.145,0.3,0.112,0.087,61.76,49.45
"2024-10-10 12:00:00",7046,12.13,401,0,0.787,0.44,3.34,0.039,0.296,0.024,0.111,57.44,52.34
"2024-10-10 12:30:00",7047,12.13,401,0,1.211,2.15,3.59,0.19,0.318,-99,0.14,-99,53.39
"2024-10-10 13:00:00",7048,12.13,401,0,1.832,4.55,4.07,0.402,0.36,-99,0.147,-99,52.97
"2024-10-10 13:30:00",7049,12.13,401,0,1.422,2.36,4.39,0.209,0.388,0.114,0.074,52.67,45.09
"2024-10-10 14:00:00",7050,12.14,401,0,1.547,2.66,4.68,0.235,0.415,0.184,0.114,63.67,47.78
"2024-10-10 14:30:00",7051,12.14,401,0,1.426,2.14,4.64,0.189,0.411,0.129,0.103,56.05,46.8
"2024-10-10 15:00:00",7052,12.14,401,0,1.378,2.1,4.45,0.186,0.394,0.139,0.104,59.48,48.15
"2024-10-10 15:30:00",7053,12.14,401,0,1.245,1.89,4.03,0.167,0.356,0.121,0.093,58.17,46.43
"2024-10-10 16:00:00",7054,12.13,401,0,1.358,2.62,3.81,0.232,0.337,0.186,0.076,62.6,48.36
"2024-10-10 16:30:00",7055,12.13,401,0,0.947,1.3,3.21,0.115,0.284,0.069,0.036,58.07,46.33
"2024-10-10 17:00:00",7056,12.13,401,0,1.013,1.87,2.93,0.166,0.259,-99,0.051,-99,48.69
"2024-10-10 17:30:00",7057,12.13,401,0,0.543,0.62,1.97,0.055,0.174,0.003,-0.045,54.45,45.77
"2024-10-10 18:00:00",7058,12.13,401,0,0.306,0.14,1.33,0.013,0.117,-0.021,-0.082,56.5,44.75
"2024-10-10 18:30:00",7059,12.12,401,0,-0.005,-0.34,0.33,-0.031,0.029,-0.059,-0.136,54.77,43.6
"2024-10-10 19:00:00",7060,12.12,401,0,-0.215,-0.69,-0.32,-0.062,-0.029,-0.091,-0.168,55.71,43.55
"2024-10-10 19:30:00",7061,12.11,401,0,-0.332,-0.92,-0.64,-0.082,-0.058,-0.105,-0.184,56.39,42.41
"2024-10-10 20:00:00",7062,12.12,401,0,-0.376,-1.02,-0.75,-0.092,-0.067,-0.114,-0.192,55.19,42.46
"2024-10-10 20:30:00",7063,12.11,401,0,-0.408,-1.06,-0.86,-0.094,-0.077,-0.111,-0.195,55.33,42.34
"2024-10-10 21:00:00",7064,12.11,401,0,-0.418,-1.03,-0.94,-0.092,-0.084,-0.111,-0.203,55.68,42.68
"2024-10-10 21:30:00",7065,12.1,401,0,-0.422,-1.05,-0.94,-0.094,-0.084,-0.116,-0.2,56.76,42.93
"2024-10-10 22:00:00",7066,12.1,401,0,-0.435,-1.07,-0.98,-0.096,-0.087,-0.117,-0.204,55.51,42.1
"2024-10-10 22:30:00",7067,12.09,401,0,-0.426,-1.01,-1,-0.091,-0.09,-0.11,-0.203,55.86,42.71
"2024-10-10 23:00:00",7068,12.09,401,0,-0.45,-1.12,-1,-0.1,-0.09,-0.119,-0.203,56.28,42.61
"2024-10-10 23:30:00",7069,12.09,401,0,-0.449,-1.08,-1.04,-0.097,-0.093,-0.116,-0.205,55.8,42.39
"2024-10-11 00:00:00",7070,12.09,401,0,-0.46,-1.13,-1.04,-0.101,-0.093,-0.116,-0.205,55.96,41.98
"2024-10-11 00:30:00",7071,12.08,401,0,-0.449,-1.08,-1.04,-0.096,-0.093,-0.115,-0.205,57.15,43.33
"2024-10-11 01:00:00",7072,12.08,401,0,-0.441,-1.08,-1,-0.097,-0.09,-0.116,-0.206,57.44,43.61
"2024-10-11 01:30:00",7073,12.08,401,0,-0.455,-1.08,-1.07,-0.096,-0.096,-0.118,-0.205,56.52,42.68
"2024-10-11 02:00:00",7074,12.08,401,0,-0.451,-1.09,-1.04,-0.097,-0.093,-0.116,-0.206,56.62,43.04
"2024-10-11 02:30:00",7075,12.08,401,0,-0.449,-1.08,-1.04,-0.096,-0.093,-0.113,-0.206,55.98,42.15
"2024-10-11 03:00:00",7076,12.07,401,0,-0.447,-1.08,-1.03,-0.096,-0.092,-0.113,-0.208,56.38,42.4
"2024-10-11 03:30:00",7077,12.07,401,0,-0.449,-1.05,-1.07,-0.094,-0.096,-0.116,-0.208,56.98,43.56
"2024-10-11 04:00:00",7078,12.07,401,0,-0.449,-1.08,-1.04,-0.097,-0.093,-0.119,-0.208,56.19,43.03
"2024-10-11 04:30:00",7079,12.06,401,0,-0.451,-1.05,-1.08,-0.094,-0.096,-0.116,-0.209,56.47,42.07
"2024-10-11 05:00:00",7080,12.06,401,0,-0.449,-1.08,-1.04,-0.096,-0.093,-0.115,-0.206,57.3,42.63
"2024-10-11 05:30:00",7081,12.06,401,0,-0.443,-1.05,-1.04,-0.094,-0.093,-0.116,-0.206,56.41,42.58
"2024-10-11 06:00:00",7082,12.06,401,0,-0.447,-1.08,-1.03,-0.096,-0.092,-0.118,-0.202,55.98,42.72
"2024-10-11 06:30:00",7083,12.06,401,0,-0.455,-1.08,-1.07,-0.097,-0.096,-0.116,-0.205,56.37,42.28
"2024-10-11 07:00:00",7084,12.05,401,0,-0.455,-1.08,-1.07,-0.097,-0.096,-0.119,-0.209,57.23,42.98
"2024-10-11 07:30:00",7085,12.05,401,0,-0.451,-1.07,-1.06,-0.096,-0.095,-0.115,-0.208,56.53,43.96
"2024-10-11 08:00:00",7086,12.05,401,0,-0.322,-0.82,-0.7,-0.074,-0.063,-0.094,-0.185,56.95,42.97
"2024-10-11 08:30:00",7087,12.05,401,0,-0.152,-0.54,-0.17,-0.049,-0.016,-0.073,-0.149,59.18,43.7
"2024-10-11 09:00:00",7088,12.05,401,0,0.081,-0.15,0.55,-0.014,0.049,-0.039,-0.106,59.25,44.85
"2024-10-11 09:30:00",7089,12.05,401,0,0.288,0.19,1.19,0.017,0.105,-0.008,-0.069,60.48,47.07
"2024-10-11 10:00:00",7090,12.05,401,0,0.468,0.45,1.79,0.04,0.159,0.018,-0.031,62.62,46.87
"2024-10-11 10:30:00",7091,12.06,401,0,0.655,0.87,2.25,0.077,0.2,0.046,0.005,62.71,47.64
"2024-10-11 11:00:00",7092,12.06,401,0,0.851,1.24,2.81,0.11,0.249,0.087,0.037,65.88,49.57
"2024-10-11 11:30:00",7093,12.07,401,0,0.934,1.4,3.04,0.124,0.269,0.09,0.063,60.03,49.69
"2024-10-11 12:00:00",7094,12.07,401,0,0.657,0.29,2.87,0.026,0.254,0.015,0.094,59.45,51.87
"2024-10-11 12:30:00",7095,12.07,401,0,1.084,1.74,3.41,0.154,0.302,-99,0.147,-99,57.33
"2024-10-11 13:00:00",7096,12.08,401,0,1.445,3,3.83,0.266,0.339,0.209,0.126,58.63,51.46
"2024-10-11 13:30:00",7097,12.08,401,0,1.166,1.85,3.69,0.164,0.327,0.093,0.048,54,45.58
"2024-10-11 14:00:00",7098,12.08,401,0,1.369,2.43,4.06,0.215,0.36,0.158,0.08,63.19,48.39
"2024-10-11 14:30:00",7099,12.08,401,0,1.2,1.7,4.01,0.151,0.355,0.101,0.083,56.76,47.67
"2024-10-11 15:00:00",7100,12.08,401,0,1.417,2.45,4.27,0.217,0.378,0.161,0.09,61.12,46.89
"2024-10-11 15:30:00",7101,12.08,401,0,1.11,1.4,3.89,0.124,0.344,0.086,0.079,56.55,47.56
"2024-10-11 16:00:00",7102,12.08,401,0,1.187,2.07,3.56,0.183,0.315,0.142,0.066,59.78,48.87
"2024-10-11 16:30:00",7103,12.08,401,0,0.89,1.22,3.02,0.108,0.267,0.063,0.023,57.82,47.33
"2024-10-11 17:00:00",7104,12.08,401,0,1.059,2.31,2.69,0.204,0.238,-99,0.035,-99,49.57
"2024-10-11 17:30:00",7105,12.08,401,0,0.492,0.58,1.77,0.051,0.157,0.003,-0.05,55.52,45.44
"2024-10-11 18:00:00",7106,12.07,401,0,0.237,0.07,1.07,0.006,0.095,-0.027,-0.094,55.69,44.78
"2024-10-11 18:30:00",7107,12.07,401,0,-0.076,-0.46,0.11,-0.041,0.01,-0.066,-0.148,55.85,43.43
"2024-10-11 19:00:00",7108,12.07,401,0,-0.255,-0.77,-0.43,-0.069,-0.039,-0.098,-0.178,55.73,42.74
"2024-10-11 19:30:00",7109,12.07,401,0,-0.363,-0.98,-0.73,-0.087,-0.065,-0.11,-0.189,55.73,43
"2024-10-11 20:00:00",7110,12.06,401,0,-0.395,-1.02,-0.84,-0.091,-0.075,-0.114,-0.197,55.54,42.39
"2024-10-11 20:30:00",7111,12.06,401,0,-0.428,-1.08,-0.94,-0.096,-0.084,-0.115,-0.202,56.51,43.53
"2024-10-11 21:00:00",7112,12.05,401,0,-0.42,-1.04,-0.94,-0.093,-0.084,-0.115,-0.202,55.29,42.45
"2024-10-11 21:30:00",7113,12.05,401,0,-0.435,-1.08,-0.97,-0.096,-0.086,-0.113,-0.201,56.72,43.47
"2024-10-11 22:00:00",7114,12.05,401,0,-0.436,-1.05,-1.01,-0.094,-0.09,-0.116,-0.204,56.45,42.63
"2024-10-11 22:30:00",7115,12.04,401,0,-0.452,-1.13,-1,-0.101,-0.09,-0.123,-0.203,56.01,42.45
"2024-10-11 23:00:00",7116,12.04,401,0,-0.454,-1.14,-1,-0.102,-0.089,-0.118,-0.203,57.05,41.98
"2024-10-11 23:30:00",7117,12.04,401,0,-0.46,-1.13,-1.04,-0.101,-0.093,-0.117,-0.209,56.69,42.71
"2024-10-12 00:00:00",7118,12.04,401,0,-0.45,-1.12,-1,-0.1,-0.09,-0.116,-0.204,56.67,42.99
"2024-10-12 00:30:00",7119,12.03,401,0,-0.458,-1.12,-1.04,-0.1,-0.093,-0.116,-0.204,55.18,43.17
"2024-10-12 01:00:00",7120,12.03,401,0,-0.454,-1.11,-1.03,-0.099,-0.092,-0.118,-0.203,57.1,42.03
"2024-10-12 01:30:00",7121,12.03,401,0,-0.454,-1.11,-1.03,-0.099,-0.092,-0.118,-0.206,56.79,43.8
"2024-10-12 02:00:00",7122,12.03,401,0,-0.439,-1.08,-0.99,-0.096,-0.089,-0.115,-0.2,56.16,43.17
"2024-10-12 02:30:00",7123,12.03,401,0,-0.458,-1.12,-1.04,-0.1,-0.093,-0.116,-0.203,56.38,42.97
"2024-10-12 03:00:00",7124,12.03,401,0,-0.454,-1.11,-1.03,-0.099,-0.092,-0.119,-0.2,56.27,43.02
"2024-10-12 03:30:00",7125,12.03,401,0,-0.455,-1.08,-1.07,-0.096,-0.095,-0.116,-0.206,57.31,43.49
"2024-10-12 04:00:00",7126,12.02,401,0,-0.462,-1.11,-1.07,-0.099,-0.095,-0.115,-0.206,56.63,43.63
"2024-10-12 04:30:00",7127,12.02,401,0,-0.462,-1.15,-1.03,-0.103,-0.092,-0.119,-0.203,57.14,42.33
"2024-10-12 05:00:00",7128,12.02,401,0,-0.454,-1.11,-1.03,-0.099,-0.092,-0.115,-0.203,56.79,42.81
"2024-10-12 05:30:00",7129,12.02,401,0,-0.455,-1.08,-1.07,-0.096,-0.095,-0.119,-0.206,56.48,42.24
"2024-10-12 06:00:00",7130,12.02,401,0,-0.471,-1.15,-1.07,-0.102,-0.095,-0.119,-0.209,56.2,43.21
"2024-10-12 06:30:00",7131,12.01,401,0,-0.477,-1.15,-1.1,-0.103,-0.099,-0.119,-0.209,56.35,44.03
"2024-10-12 07:00:00",7132,12.02,401,0,-0.46,-1.13,-1.04,-0.101,-0.093,-0.12,-0.205,55.83,43.25
"2024-10-12 07:30:00",7133,12.01,401,0,-0.46,-1.09,-1.08,-0.098,-0.096,-0.12,-0.207,56.27,42.87
"2024-10-12 08:00:00",7134,12.01,401,0,-0.384,-0.96,-0.85,-0.086,-0.076,-0.106,-0.192,57.22,42.98
"2024-10-12 08:30:00",7135,12.01,401,0,-0.243,-0.73,-0.41,-0.066,-0.037,-0.083,-0.164,59.34,44.27
"2024-10-12 09:00:00",7136,12.01,401,0,-0.044,-0.37,0.17,-0.034,0.015,-0.052,-0.127,60.69,45.36
"2024-10-12 09:30:00",7137,12.01,401,0,0.319,0.25,1.28,0.022,0.113,0.003,-0.059,61.36,47.69
"2024-10-12 10:00:00",7138,12.02,401,0,0.599,0.68,2.18,0.06,0.193,0.04,0,62.55,47.33
"2024-10-12 10:30:00",7139,12.02,401,0,0.896,1.36,2.9,0.121,0.257,0.091,0.052,60.51,48.77
"2024-10-12 11:00:00",7140,12.02,401,0,1.118,1.76,3.55,0.156,0.314,0.126,0.085,63.31,49.75
"2024-10-12 11:30:00",7141,12.02,401,0,1.124,1.78,3.56,0.158,0.315,0.119,0.089,60.82,49.23
"2024-10-12 12:00:00",7142,12.02,401,0,0.984,0.9,3.81,0.08,0.337,0.062,0.158,60.28,53.27
"2024-10-12 12:30:00",7143,12.03,401,0,1.419,2.32,4.42,0.205,0.391,-99,0.218,-99,54.94
"2024-10-12 13:00:00",7144,12.03,401,0,1.457,2.74,4.16,0.243,0.368,0.208,0.156,60.91,51.93
"2024-10-12 13:30:00",7145,12.04,401,0,1.705,2.89,5.2,0.255,0.46,0.166,0.131,53.77,45.77
"2024-10-12 14:00:00",7146,12.04,401,0,1.417,2.14,4.6,0.189,0.407,0.139,0.123,59.25,48.08
"2024-10-12 14:30:00",7147,12.04,401,0,1.229,1.55,4.31,0.137,0.382,0.091,0.107,56.48,47.39
"2024-10-12 15:00:00",7148,12.04,401,0,1.501,2.4,4.73,0.212,0.419,0.163,0.123,59.9,46.66
"2024-10-12 15:30:00",7149,12.04,401,0,1.219,1.76,4.04,0.156,0.358,0.112,0.097,58.61,47.71
"2024-10-12 16:00:00",7150,12.04,401,0,1.179,1.72,3.89,0.152,0.344,0.11,0.087,60.26,47.28
"2024-10-12 16:30:00",7151,12.04,401,0,1.06,1.65,3.39,0.146,0.3,0.098,0.052,58.64,46.34
"2024-10-12 17:00:00",7152,12.04,401,0,1.061,2.25,2.76,0.199,0.244,-99,0.028,-99,48.03
"2024-10-12 17:30:00",7153,12.03,401,0,0.471,0.49,1.76,0.044,0.156,-0.003,-0.051,53.73,44.9
"2024-10-12 18:00:00",7154,12.03,401,0,0.127,-0.17,0.79,-0.016,0.07,-0.052,-0.109,54.37,44.13
"2024-10-12 18:30:00",7155,12.03,401,0,-0.176,-0.68,-0.14,-0.061,-0.013,-0.088,-0.158,55.05,42.64
"2024-10-12 19:00:00",7156,12.03,401,0,-0.298,-0.89,-0.51,-0.08,-0.046,-0.109,-0.18,56.13,42.31
"2024-10-12 19:30:00",7157,12.02,401,0,-0.359,-0.99,-0.7,-0.088,-0.063,-0.111,-0.191,55.12,42.55
"2024-10-12 20:00:00",7158,12.01,401,0,-0.388,-1.02,-0.81,-0.091,-0.072,-0.114,-0.196,55.74,43.17
"2024-10-12 20:30:00",7159,12.01,401,0,-0.418,-1.08,-0.89,-0.097,-0.079,-0.119,-0.199,55.87,42.48
"2024-10-12 21:00:00",7160,12.01,401,0,-0.433,-1.12,-0.92,-0.1,-0.082,-0.119,-0.199,55.42,43.11
"2024-10-12 21:30:00",7161,12,401,0,-0.43,-1.08,-0.95,-0.096,-0.085,-0.116,-0.202,56.56,43.31
"2024-10-12 22:00:00",7162,12,401,0,-0.465,-1.17,-1.02,-0.104,-0.091,-0.121,-0.207,56.31,42.49
"2024-10-12 22:30:00",7163,11.99,401,0,-0.456,-1.13,-1.02,-0.101,-0.091,-0.123,-0.206,56.19,42.53
"2024-10-12 23:00:00",7164,11.99,401,0,-0.456,-1.14,-1.01,-0.101,-0.091,-0.121,-0.206,56.42,42.75
"2024-10-12 23:30:00",7165,11.99,401,0,-0.454,-1.15,-0.99,-0.102,-0.088,-0.119,-0.201,55.63,41.81
"2024-10-13 00:00:00",7166,11.99,401,0,-0.466,-1.14,-1.06,-0.102,-0.095,-0.121,-0.207,56.34,42.1
"2024-10-13 00:30:00",7167,11.98,401,0,-0.469,-1.16,-1.05,-0.104,-0.094,-0.12,-0.204,56.69,42.45
"2024-10-13 01:00:00",7168,11.98,401,0,-0.468,-1.15,-1.06,-0.102,-0.094,-0.122,-0.207,56.33,42.35
"2024-10-13 01:30:00",7169,11.98,401,0,-0.471,-1.17,-1.05,-0.105,-0.094,-0.124,-0.204,55.55,42.14
"2024-10-13 02:00:00",7170,11.98,401,0,-0.473,-1.14,-1.09,-0.101,-0.098,-0.121,-0.207,55.74,43.17
"2024-10-13 02:30:00",7171,11.98,401,0,-0.462,-1.13,-1.05,-0.101,-0.094,-0.121,-0.204,56.11,43.27
"2024-10-13 03:00:00",7172,11.97,401,0,-0.458,-1.11,-1.05,-0.099,-0.094,-0.119,-0.204,55.63,42.22
"2024-10-13 03:30:00",7173,11.97,401,0,-0.458,-1.1,-1.06,-0.098,-0.094,-0.121,-0.21,57.3,43.06
"2024-10-13 04:00:00",7174,11.97,401,0,-0.466,-1.14,-1.06,-0.102,-0.094,-0.121,-0.204,56.27,42.86
"2024-10-13 04:30:00",7175,11.96,401,0,-0.473,-1.17,-1.06,-0.105,-0.094,-0.124,-0.207,56.42,42.34
"2024-10-13 05:00:00",7176,11.97,401,0,-0.473,-1.14,-1.09,-0.101,-0.098,-0.121,-0.21,57.41,43.17
"2024-10-13 05:30:00",7177,11.97,401,0,-0.479,-1.13,-1.13,-0.101,-0.101,-0.124,-0.21,57.22,43.55
"2024-10-13 06:00:00",7178,11.96,401,0,-0.46,-1.12,-1.05,-0.1,-0.093,-0.12,-0.206,56.79,42.81
"2024-10-13 06:30:00",7179,11.96,401,0,-0.481,-1.14,-1.13,-0.101,-0.101,-0.121,-0.213,55.7,42.03
"2024-10-13 07:00:00",7180,11.96,401,0,-0.47,-1.13,-1.09,-0.101,-0.097,-0.118,-0.204,57.89,43.49
"2024-10-13 07:30:00",7181,11.96,401,0,-0.462,-1.13,-1.05,-0.101,-0.094,-0.117,-0.207,57.26,42.03
"2024-10-13 08:00:00",7182,11.96,401,0,-0.394,-0.93,-0.93,-0.083,-0.083,-0.104,-0.197,58.72,42.81
"2024-10-13 08:30:00",7183,11.96,401,0,-0.218,-0.71,-0.31,-0.063,-0.028,-0.081,-0.157,58.6,44.93
"2024-10-13 09:00:00",7184,11.96,401,0,0.132,-0.05,0.69,-0.006,0.061,-0.028,-0.097,59.89,45.24
"2024-10-13 09:30:00",7185,11.96,401,0,0.433,0.45,1.62,0.04,0.144,0.011,-0.039,62.85,45.29
"2024-10-13 10:00:00",7186,11.96,401,0,0.637,0.78,2.26,0.069,0.2,0.036,-0.005,60.62,47.21
"2024-10-13 10:30:00",7187,11.96,401,0,0.777,1.1,2.6,0.098,0.231,0.067,0.031,59.41,46.84
"2024-10-13 11:00:00",7188,11.97,401,0,0.889,1.26,2.97,0.112,0.263,0.084,0.048,60.8,49.06
"2024-10-13 11:30:00",7189,11.96,401,0,0.94,1.38,3.09,0.122,0.274,0.083,0.051,58.3,47.97
"2024-10-13 12:00:00",7190,11.97,401,0,0.691,0.4,2.92,0.035,0.259,0.014,0.084,57.88,50.87
"2024-10-13 12:30:00",7191,11.97,401,0,0.963,1.4,3.18,0.124,0.281,-99,0.122,-99,54.77
"2024-10-13 13:00:00",7192,11.97,401,0,1.495,3.44,3.61,0.305,0.319,0.219,0.095,61.48,49.6
