"TOA5","CR300Series_401","CR300","27022","CR300-RF407.Std.10.04","CPU:CR300_sapflow.CR300","32345","Table1"
"TIMESTAMP","RECORD","BattV_Min","id","SDI0","SapFlwTot0","VhOuter0","VhInner0","AlphaOut0","AlphaIn0","BetaOut0","BetaIn0","tMaxTout0","tMaxTin0"
"TS","RN","Volts","","","literPerHour","heatVelocity","heatVelocity","logTRatio","logTRatio","logTRatio","logTRatio","second","second"
"","","Min","Smp","Smp","Smp","Smp","Smp","Smp","Smp","Smp","Smp","Smp","Smp"
"2024-10-13 13:30:00",7193,13.2,401,0,1.294,1.98,4.17,0.176,0.369,0.113,0.085,55.27,45.36
"2024-10-13 14:00:00",7194,13.01,401,0,1.252,1.78,4.18,0.157,0.37,0.117,0.1,59.62,48.05
"2024-10-13 14:30:00",7195,12.99,401,0,1.182,1.57,4.06,0.139,0.36,0.092,0.088,58.09,46.78
"2024-10-13 15:00:00",7196,12.99,401,0,1.232,1.8,4.06,0.159,0.359,0.112,0.086,58.53,46.8
"2024-10-13 15:30:00",7197,12.99,401,0,1.138,1.74,3.67,0.154,0.325,0.105,0.085,59.04,49.13
"2024-10-13 16:00:00",7198,12.99,401,0,1.156,1.85,3.64,0.164,0.322,0.124,0.066,63.88,48.99
"2024-10-13 16:30:00",7199,12.99,401,0,0.943,1.3,3.19,0.115,0.282,0.07,0.04,57.79,46.06
"2024-10-13 17:00:00",7200,12.99,401,0,0.628,0.71,2.29,0.063,0.203,0.023,-0.011,58.12,47.07
"2024-10-13 17:30:00",7201,12.99,401,0,0.316,0.15,1.37,0.014,0.122,-0.021,-0.066,55,45.51
"2024-10-13 18:00:00",7202,12.99,401,0,-0.017,-0.38,0.31,-0.034,0.028,-0.063,-0.128,57.46,44.91
"2024-10-13 18:30:00",7203,12.98,401,0,-0.226,-0.73,-0.33,-0.065,-0.03,-0.087,-0.163,56.14,46.23
"2024-10-13 19:00:00",7204,12.98,401,0,-0.302,-0.9,-0.52,-0.081,-0.047,-0.102,-0.177,56.46,44.06
"2024-10-13 19:30:00",7205,12.98,401,0,-0.399,-1.05,-0.83,-0.094,-0.074,-0.117,-0.193,56.15,42.19
"2024-10-13 20:00:00",7206,12.97,401,0,-0.376,-1.01,-0.76,-0.091,-0.068,-0.112,-0.189,56.47,44.32
"2024-10-13 20:30:00",7207,12.97,401,0,-0.418,-1.08,-0.89,-0.096,-0.079,-0.115,-0.193,57.87,43.23
"2024-10-13 21:00:00",7208,12.97,401,0,-0.42,-1.07,-0.91,-0.096,-0.082,-0.119,-0.195,56,43.43
"2024-10-13 21:30:00",7209,12.97,401,0,-0.435,-1.13,-0.92,-0.101,-0.082,-0.12,-0.198,55.8,42.56
"2024-10-13 22:00:00",7210,12.96,401,0,-0.422,-1.07,-0.92,-0.096,-0.082,-0.112,-0.198,56.74,42.26
"2024-10-13 22:30:00",7211,12.96,401,0,-0.435,-1.13,-0.92,-0.101,-0.082,-0.12,-0.2,56.84,43.03
"2024-10-13 23:00:00",7212,12.96,401,0,-0.449,-1.11,-1.01,-0.099,-0.09,-0.12,-0.203,57,42.93
"2024-10-13 23:30:00",7213,12.96,401,0,-0.448,-1.13,-0.98,-0.101,-0.087,-0.122,-0.197,55.98,42.84
"2024-10-14 00:00:00",7214,12.96,401,0,-0.441,-1.1,-0.98,-0.098,-0.087,-0.115,-0.203,56.08,41.58
"2024-10-14 00:30:00",7215,12.95,401,0,-0.428,-1.07,-0.95,-0.096,-0.085,-0.117,-0.205,56.07,42.1
"2024-10-14 01:00:00",7216,12.95,401,0,-0.441,-1.1,-0.98,-0.098,-0.087,-0.12,-0.198,55.51,41.28
"2024-10-14 01:30:00",7217,12.95,401,0,-0.445,-1.13,-0.97,-0.101,-0.087,-0.119,-0.197,57.21,42.57
"2024-10-14 02:00:00",7218,12.95,401,0,-0.428,-1.07,-0.95,-0.096,-0.085,-0.114,-0.2,56.12,43.14
"2024-10-14 02:30:00",7219,12.95,401,0,-0.434,-1.04,-1.01,-0.093,-0.09,-0.114,-0.199,56.11,42.72
"2024-10-14 03:00:00",7220,12.95,401,0,-0.447,-1.1,-1.01,-0.098,-0.09,-0.114,-0.202,56.33,43.92
"2024-10-14 03:30:00",7221,12.95,401,0,-0.441,-1.07,-1.01,-0.096,-0.09,-0.115,-0.2,57.53,44.81
"2024-10-14 04:00:00",7222,12.95,401,0,-0.435,-1.1,-0.95,-0.098,-0.085,-0.117,-0.198,58.72,43.66
"2024-10-14 04:30:00",7223,12.94,401,0,-0.449,-1.08,-1.04,-0.097,-0.093,-0.115,-0.2,56.17,42.77
"2024-10-14 05:00:00",7224,12.94,401,0,-0.43,-1.08,-0.95,-0.097,-0.085,-0.113,-0.2,56.19,43.77
"2024-10-14 05:30:00",7225,12.94,401,0,-0.43,-1.05,-0.98,-0.094,-0.088,-0.113,-0.201,56.66,42.58
"2024-10-14 06:00:00",7226,12.94,401,0,-0.435,-1.1,-0.95,-0.098,-0.085,-0.12,-0.198,56.37,43.65
"2024-10-14 06:30:00",7227,12.94,401,0,-0.443,-1.08,-1.01,-0.097,-0.091,-0.118,-0.201,56.91,42.52
"2024-10-14 07:00:00",7228,12.93,401,0,-0.458,-1.14,-1.02,-0.102,-0.091,-0.12,-0.201,56.66,42.84
"2024-10-14 07:30:00",7229,12.93,401,0,-0.438,-1.05,-1.02,-0.094,-0.091,-0.118,-0.204,56.28,44.13
"2024-10-14 08:00:00",7230,12.93,401,0,-0.333,-0.87,-0.7,-0.078,-0.063,-0.1,-0.187,55.75,43.6
"2024-10-14 08:30:00",7231,12.93,401,0,-0.103,-0.48,0,-0.043,0,-0.064,-0.142,56.79,43.81
"2024-10-14 09:00:00",7232,12.93,401,0,0.165,-0.02,0.82,-0.003,0.073,-0.032,-0.093,59.04,45.22
"2024-10-14 09:30:00",7233,12.93,401,0,0.475,0.51,1.76,0.045,0.155,0.014,-0.038,58.87,47.55
"2024-10-14 10:00:00",7234,12.93,401,0,0.629,0.78,2.22,0.069,0.197,0.032,-0.009,59.49,45.68
"2024-10-14 10:30:00",7235,12.93,401,0,0.741,0.97,2.56,0.086,0.226,0.045,0.009,58.35,47.29
"2024-10-14 11:00:00",7236,12.94,401,0,0.808,1.08,2.77,0.096,0.245,0.07,0.028,61.61,48.79
"2024-10-14 11:30:00",7237,12.94,401,0,1.299,2.1,4.07,0.186,0.36,0.128,0.097,57.48,46.99
"2024-10-14 12:00:00",7238,12.94,401,0,1.276,1.86,4.21,0.164,0.373,0.108,0.128,56.49,50
"2024-10-14 12:30:00",7239,12.94,401,0,1.234,1.81,4.06,0.16,0.359,-99,0.159,-99,51.87
"2024-10-14 13:00:00",7240,12.94,401,0,1.475,2.65,4.34,0.235,0.384,0.155,0.103,55.77,48.6
"2024-10-14 13:30:00",7241,12.94,401,0,1.585,2.69,4.83,0.238,0.427,0.151,0.102,56.57,46.33
"2024-10-14 14:00:00",7242,12.94,401,0,1.424,2.16,4.61,0.192,0.408,0.143,0.113,59.11,47.21
"2024-10-14 14:30:00",7243,12.94,401,0,1.45,2.31,4.58,0.205,0.405,0.137,0.097,56.47,46.54
"2024-10-14 15:00:00",7244,12.93,401,0,1.284,1.89,4.22,0.167,0.373,0.116,0.09,58.7,46.7
"2024-10-14 15:30:00",7245,12.93,401,0,1.223,1.99,3.82,0.176,0.338,0.124,0.069,60.52,46.85
"2024-10-14 16:00:00",7246,12.93,401,0,1.29,2.39,3.72,0.212,0.33,0.17,0.069,66.06,47.83
"2024-10-14 16:30:00",7247,12.93,401,0,1.006,1.43,3.36,0.127,0.298,0.079,0.039,56.83,47.58
"2024-10-14 17:00:00",7248,12.92,401,0,0.545,0.26,2.36,0.023,0.209,-0.016,-0.004,55.53,45.3
"2024-10-14 17:30:00",7249,12.92,401,0,0.564,0.67,2.02,0.06,0.179,0.013,-0.04,55.44,45.2
"2024-10-14 18:00:00",7250,12.92,401,0,0.236,0.03,1.11,0.003,0.098,-0.037,-0.085,56.11,43.69
"2024-10-14 18:30:00",7251,12.91,401,0,-0.091,-0.48,0.06,-0.043,0.006,-0.074,-0.145,56.79,44.63
"2024-10-14 19:00:00",7252,12.91,401,0,-0.26,-0.78,-0.44,-0.07,-0.04,-0.092,-0.174,56.43,43.43
"2024-10-14 19:30:00",7253,12.91,401,0,-0.329,-0.92,-0.63,-0.082,-0.056,-0.102,-0.185,56.37,43.8
"2024-10-14 20:00:00",7254,12.9,401,0,-0.374,-1.01,-0.75,-0.09,-0.067,-0.112,-0.19,57.93,43.85
"2024-10-14 20:30:00",7255,12.9,401,0,-0.39,-1,-0.84,-0.09,-0.076,-0.112,-0.194,55.01,43.69
"2024-10-14 21:00:00",7256,12.89,401,0,-0.416,-1.08,-0.88,-0.096,-0.079,-0.117,-0.196,56.9,43.23
"2024-10-14 21:30:00",7257,12.89,401,0,-0.42,-1.07,-0.91,-0.096,-0.081,-0.117,-0.199,56.85,42.19
"2024-10-14 22:00:00",7258,12.89,401,0,-0.401,-1.04,-0.85,-0.093,-0.076,-0.117,-0.199,56.46,44.03
"2024-10-14 22:30:00",7259,12.89,401,0,-0.39,-1,-0.84,-0.09,-0.075,-0.111,-0.191,55.88,42.46
"2024-10-14 23:00:00",7260,12.88,401,0,-0.426,-1.08,-0.93,-0.097,-0.084,-0.115,-0.201,57.29,41.22
"2024-10-14 23:30:00",7261,12.88,401,0,-0.433,-1.1,-0.94,-0.098,-0.084,-0.119,-0.201,55.55,44.22
"2024-10-15 00:00:00",7262,12.88,401,0,-0.449,-1.11,-1.01,-0.099,-0.09,-0.12,-0.202,55.36,42.36
"2024-10-15 00:30:00",7263,12.88,401,0,-0.443,-1.08,-1.01,-0.097,-0.09,-0.118,-0.207,55.04,41.37
"2024-10-15 01:00:00",7264,12.87,401,0,-0.445,-1.1,-1,-0.098,-0.09,-0.119,-0.208,56.77,42.52
"2024-10-15 01:30:00",7265,12.87,401,0,-0.443,-1.09,-1,-0.097,-0.089,-0.119,-0.204,56.15,42.99
"2024-10-15 02:00:00",7266,12.87,401,0,-0.452,-1.13,-1,-0.101,-0.09,-0.122,-0.206,57.09,43.1
"2024-10-15 02:30:00",7267,12.86,401,0,-0.453,-1.1,-1.04,-0.099,-0.093,-0.117,-0.206,55.84,42.26
"2024-10-15 03:00:00",7268,12.86,401,0,-0.449,-1.09,-1.03,-0.098,-0.092,-0.119,-0.204,56.71,43.72
"2024-10-15 03:30:00",7269,12.86,401,0,-0.443,-1.06,-1.03,-0.095,-0.092,-0.117,-0.204,56.43,43.44
"2024-10-15 04:00:00",7270,12.86,401,0,-0.439,-1.07,-1,-0.096,-0.089,-0.12,-0.204,56.08,42.82
"2024-10-15 04:30:00",7271,12.85,401,0,-0.453,-1.1,-1.04,-0.098,-0.093,-0.117,-0.207,56.29,43.56
"2024-10-15 05:00:00",7272,12.85,401,0,-0.453,-1.1,-1.04,-0.099,-0.093,-0.12,-0.207,56.13,42.72
"2024-10-15 05:30:00",7273,12.85,401,0,-0.453,-1.1,-1.04,-0.098,-0.093,-0.12,-0.207,55.62,43.19
"2024-10-15 06:00:00",7274,12.84,401,0,-0.466,-1.13,-1.07,-0.101,-0.096,-0.119,-0.207,56.71,42.31
"2024-10-15 06:30:00",7275,12.84,401,0,-0.451,-1.08,-1.05,-0.097,-0.093,-0.121,-0.21,55.88,42.46
"2024-10-15 07:00:00",7276,12.84,401,0,-0.458,-1.09,-1.07,-0.098,-0.095,-0.119,-0.209,56.58,42.59
"2024-10-15 07:30:00",7277,12.84,401,0,-0.457,-1.06,-1.1,-0.095,-0.098,-0.117,-0.211,56.46,42.78
"2024-10-15 08:00:00",7278,12.83,401,0,-0.35,-0.87,-0.78,-0.078,-0.07,-0.103,-0.192,57.29,43.46
"2024-10-15 08:30:00",7279,12.84,401,0,-0.164,-0.53,-0.24,-0.048,-0.022,-0.074,-0.157,58.46,43.79
"2024-10-15 09:00:00",7280,12.84,401,0,0.022,-0.28,0.4,-0.025,0.035,-0.049,-0.119,58.96,45.39
"2024-10-15 09:30:00",7281,12.84,401,0,0.283,0.19,1.17,0.017,0.103,-0.007,-0.07,60.2,45.28
"2024-10-15 10:00:00",7282,12.84,401,0,0.522,0.64,1.85,0.057,0.164,0.02,-0.034,59.14,46.15
"2024-10-15 10:30:00",7283,12.85,401,0,0.614,0.73,2.2,0.064,0.195,0.037,-0.009,61.78,47.53
"2024-10-15 11:00:00",7284,12.85,401,0,0.771,1.06,2.61,0.094,0.231,0.056,0.018,60.01,47.44
"2024-10-15 11:30:00",7285,12.86,401,0,0.836,1.13,2.85,0.1,0.253,0.069,0.033,60.91,47.5
"2024-10-15 12:00:00",7286,12.86,401,0,0.895,1.22,3.04,0.108,0.269,0.075,0.062,61.16,48.84
"2024-10-15 12:30:00",7287,12.86,401,0,1.061,1.53,3.52,0.136,0.311,-99,0.125,-99,53.99
"2024-10-15 13:00:00",7288,12.87,401,0,1.389,2.59,3.99,0.229,0.353,0.161,0.099,58.29,48.36
"2024-10-15 13:30:00",7289,12.87,401,0,1.205,1.81,3.92,0.16,0.347,0.098,0.071,56.28,46.61
"2024-10-15 14:00:00",7290,12.87,401,0,1.007,1.44,3.35,0.127,0.297,0.077,0.039,57.27,46.51
"2024-10-15 14:30:00",7291,12.87,401,0,0.838,1.18,2.81,0.105,0.249,0.065,0.011,58,47.24
"2024-10-15 15:00:00",7292,12.87,401,0,0.758,1.05,2.56,0.093,0.227,0.046,-0.005,58.06,45.48
"2024-10-15 15:30:00",7293,12.87,401,0,0.544,0.59,2.01,0.052,0.178,0.013,-0.032,58.38,45.8
"2024-10-15 16:00:00",7294,12.87,401,0,0.41,0.42,1.54,0.037,0.136,0,-0.062,57.29,44.55
"2024-10-15 16:30:00",7295,12.87,401,0,0.265,0.18,1.09,0.016,0.097,-0.017,-0.083,57.07,45.06
"2024-10-15 17:00:00",7296,12.86,401,0,0.22,-0.11,1.18,-0.01,0.105,-0.035,-0.07,57.71,45.96
"2024-10-15 17:30:00",7297,12.87,401,0,0.334,0.27,1.33,0.024,0.118,-0.013,-0.07,56.82,44.92
"2024-10-15 18:00:00",7298,12.86,401,0,0.087,-0.17,0.6,-0.016,0.053,-0.045,-0.114,57.02,44.44
"2024-10-15 18:30:00",7299,12.86,401,0,-0.154,-0.57,-0.15,-0.051,-0.014,-0.074,-0.159,56.88,44.3
"2024-10-15 19:00:00",7300,12.86,401,0,-0.289,-0.83,-0.53,-0.075,-0.048,-0.099,-0.18,55.58,42.58
"2024-10-15 19:30:00",7301,12.85,401,0,-0.365,-0.94,-0.78,-0.084,-0.07,-0.106,-0.189,56.57,43.83
"2024-10-15 20:00:00",7302,12.85,401,0,-0.4,-0.98,-0.91,-0.087,-0.081,-0.109,-0.197,56.99,42.9
"2024-10-15 20:30:00",7303,12.85,401,0,-0.415,-1.03,-0.93,-0.092,-0.083,-0.113,-0.196,55.95,42.53
"2024-10-15 21:00:00",7304,12.85,401,0,-0.434,-1.06,-0.99,-0.095,-0.089,-0.114,-0.201,56.25,42.83
"2024-10-15 21:30:00",7305,12.85,401,0,-0.447,-1.08,-1.03,-0.097,-0.092,-0.115,-0.2,58.02,42.52
"2024-10-15 22:00:00",7306,12.85,401,0,-0.447,-1.08,-1.03,-0.097,-0.092,-0.116,-0.203,56.43,42.75
"2024-10-15 22:30:00",7307,12.85,401,0,-0.441,-1.09,-0.99,-0.097,-0.089,-0.116,-0.203,56.63,43.2
"2024-10-15 23:00:00",7308,12.84,401,0,-0.455,-1.09,-1.06,-0.097,-0.095,-0.116,-0.206,57.28,43.18
"2024-10-15 23:30:00",7309,12.84,401,0,-0.462,-1.12,-1.06,-0.1,-0.095,-0.119,-0.204,56.73,43.16
"2024-10-16 00:00:00",7310,12.84,401,0,-0.455,-1.09,-1.06,-0.097,-0.095,-0.116,-0.208,57.85,43.61
"2024-10-16 00:30:00",7311,12.84,401,0,-0.462,-1.12,-1.06,-0.1,-0.095,-0.117,-0.206,56.99,41.91
"2024-10-16 01:00:00",7312,12.84,401,0,-0.455,-1.09,-1.06,-0.097,-0.095,-0.118,-0.205,56.54,42.86
"2024-10-16 01:30:00",7313,12.84,401,0,-0.455,-1.09,-1.06,-0.097,-0.095,-0.116,-0.206,56.27,42.85
"2024-10-16 02:00:00",7314,12.83,401,0,-0.462,-1.09,-1.09,-0.098,-0.097,-0.117,-0.206,56.6,42.5
"2024-10-16 02:30:00",7315,12.83,401,0,-0.443,-1.06,-1.03,-0.095,-0.092,-0.114,-0.206,57.09,42.42
"2024-10-16 03:00:00",7316,12.83,401,0,-0.457,-1.07,-1.09,-0.095,-0.098,-0.114,-0.206,55.52,42.26
"2024-10-16 03:30:00",7317,12.82,401,0,-0.464,-1.13,-1.06,-0.101,-0.095,-0.117,-0.208,56.41,42.58
"2024-10-16 04:00:00",7318,12.83,401,0,-0.466,-1.1,-1.1,-0.098,-0.098,-0.119,-0.207,56.23,42.65
"2024-10-16 04:30:00",7319,12.82,401,0,-0.455,-1.09,-1.06,-0.098,-0.095,-0.116,-0.206,56,42.58
"2024-10-16 05:00:00",7320,12.82,401,0,-0.466,-1.1,-1.1,-0.098,-0.098,-0.119,-0.209,56.22,42.38
"2024-10-16 05:30:00",7321,12.82,401,0,-0.464,-1.1,-1.09,-0.098,-0.098,-0.114,-0.208,56.47,42.64
"2024-10-16 06:00:00",7322,12.81,401,0,-0.466,-1.07,-1.13,-0.095,-0.101,-0.114,-0.209,56.21,43.05
"2024-10-16 06:30:00",7323,12.81,401,0,-0.466,-1.07,-1.13,-0.095,-0.101,-0.117,-0.212,56.26,43.42
"2024-10-16 07:00:00",7324,12.81,401,0,-0.455,-1.06,-1.09,-0.095,-0.098,-0.114,-0.208,57.2,42.12
"2024-10-16 07:30:00",7325,12.81,401,0,-0.457,-1.03,-1.13,-0.092,-0.101,-0.114,-0.211,55.65,42.49
"2024-10-16 08:00:00",7326,12.81,401,0,-0.407,-0.99,-0.93,-0.089,-0.083,-0.108,-0.199,57.17,43.06
"2024-10-16 08:30:00",7327,12.81,401,0,-0.261,-0.71,-0.52,-0.064,-0.047,-0.087,-0.172,58.43,44.17
"2024-10-16 09:00:00",7328,12.81,401,0,-0.113,-0.45,-0.08,-0.041,-0.008,-0.064,-0.145,57.52,45.92
"2024-10-16 09:30:00",7329,12.8,401,0,0.02,-0.22,0.33,-0.02,0.03,-0.044,-0.121,58.84,45.57
"2024-10-16 10:00:00",7330,12.81,401,0,0.2,0.08,0.88,0.008,0.078,-0.022,-0.091,60.33,47.48
"2024-10-16 10:30:00",7331,12.81,401,0,0.379,0.38,1.43,0.034,0.126,0.009,-0.054,62.35,48.1
"2024-10-16 11:00:00",7332,12.81,401,0,0.476,0.58,1.69,0.051,0.15,0.017,-0.034,59.64,45.96
"2024-10-16 11:30:00",7333,12.82,401,0,0.579,0.76,2,0.067,0.177,0.03,-0.023,59.76,45.66
"2024-10-16 12:00:00",7334,12.82,401,0,0.478,0.36,1.93,0.032,0.171,0.003,0.004,57.26,49.25
"2024-10-16 12:30:00",7335,12.82,401,0,0.692,0.87,2.43,0.077,0.215,-99,0.077,-99,55.74
"2024-10-16 13:00:00",7336,12.83,401,0,0.89,1.42,2.81,0.125,0.249,0.044,0.009,51.79,45.45
"2024-10-16 13:30:00",7337,12.83,401,0,1.024,1.54,3.33,0.136,0.294,0.074,0.028,55.63,45.7
"2024-10-16 14:00:00",7338,12.83,401,0,1.065,1.65,3.41,0.146,0.301,0.102,0.05,59.39,46.54
"2024-10-16 14:30:00",7339,12.83,401,0,0.993,1.3,3.43,0.115,0.304,0.07,0.05,56.46,47.21
"2024-10-16 15:00:00",7340,12.84,401,0,1.079,1.48,3.66,0.131,0.324,0.088,0.068,58.78,48.7
"2024-10-16 15:30:00",7341,12.83,401,0,1.052,1.48,3.53,0.131,0.312,0.086,0.063,57.81,47.72
"2024-10-16 16:00:00",7342,12.83,401,0,1.319,2.64,3.6,0.234,0.319,0.18,0.063,61.65,46.99
"2024-10-16 16:30:00",7343,12.83,401,0,0.887,1.26,2.96,0.112,0.262,0.062,0.018,57.24,47.15
"2024-10-16 17:00:00",7344,12.83,401,0,0.411,-0.05,2.04,-0.005,0.18,-0.028,-0.02,57.14,46.22
"2024-10-16 17:30:00",7345,12.83,401,0,0.514,0.62,1.83,0.055,0.162,0.005,-0.049,55.15,45.64
"2024-10-16 18:00:00",7346,12.83,401,0,0.245,0.09,1.09,0.008,0.097,-0.026,-0.091,57.29,44.29
"2024-10-16 18:30:00",7347,12.82,401,0,-0.031,-0.33,0.19,-0.03,0.017,-0.063,-0.137,56.46,43.46
"2024-10-16 19:00:00",7348,12.82,401,0,-0.255,-0.76,-0.44,-0.068,-0.04,-0.091,-0.173,56.52,43.1
"2024-10-16 19:30:00",7349,12.81,401,0,-0.34,-0.9,-0.7,-0.081,-0.063,-0.103,-0.187,56.82,42.31
"2024-10-16 20:00:00",7350,12.81,401,0,-0.377,-0.96,-0.82,-0.086,-0.074,-0.11,-0.194,56.45,43.03
"2024-10-16 20:30:00",7351,12.8,401,0,-0.424,-1.05,-0.95,-0.094,-0.085,-0.115,-0.2,55,42
"2024-10-16 21:00:00",7352,12.8,401,0,-0.424,-1.08,-0.92,-0.097,-0.083,-0.116,-0.201,55.79,43.36
"2024-10-16 21:30:00",7353,12.79,401,0,-0.441,-1.06,-1.02,-0.094,-0.091,-0.116,-0.204,56.26,42.84
"2024-10-16 22:00:00",7354,12.79,401,0,-0.439,-1.06,-1.01,-0.095,-0.09,-0.114,-0.203,56.83,42.32
"2024-10-16 22:30:00",7355,12.79,401,0,-0.455,-1.09,-1.06,-0.097,-0.095,-0.119,-0.205,55.69,42.84
"2024-10-16 23:00:00",7356,12.79,401,0,-0.456,-1.12,-1.03,-0.1,-0.092,-0.119,-0.204,56.88,43.72
"2024-10-16 23:30:00",7357,12.79,401,0,-0.445,-1.06,-1.04,-0.095,-0.093,-0.114,-0.207,57.51,42.43
"2024-10-17 00:00:00",7358,12.79,401,0,-0.449,-1.09,-1.03,-0.098,-0.092,-0.119,-0.204,55.88,43.45
"2024-10-17 00:30:00",7359,12.79,401,0,-0.462,-1.12,-1.06,-0.1,-0.095,-0.119,-0.205,57.3,42.79
"2024-10-17 01:00:00",7360,12.78,401,0,-0.453,-1.08,-1.06,-0.097,-0.094,-0.118,-0.204,57.6,42.52
"2024-10-17 01:30:00",7361,12.78,401,0,-0.466,-1.1,-1.1,-0.098,-0.098,-0.117,-0.209,56.46,42.89
"2024-10-17 02:00:00",7362,12.78,401,0,-0.46,-1.1,-1.07,-0.098,-0.095,-0.117,-0.205,56.77,41.69
"2024-10-17 02:30:00",7363,12.78,401,0,-0.472,-1.1,-1.13,-0.098,-0.101,-0.117,-0.21,56.15,43.15
"2024-10-17 03:00:00",7364,12.78,401,0,-0.462,-1.09,-1.09,-0.097,-0.098,-0.119,-0.207,56.42,43
"2024-10-17 03:30:00",7365,12.78,401,0,-0.46,-1.1,-1.07,-0.098,-0.095,-0.12,-0.207,55.87,42.04
"2024-10-17 04:00:00",7366,12.78,401,0,-0.46,-1.1,-1.07,-0.098,-0.096,-0.12,-0.207,56.97,43.39
"2024-10-17 04:30:00",7367,12.77,401,0,-0.466,-1.1,-1.1,-0.098,-0.098,-0.119,-0.205,57.19,43.09
"2024-10-17 05:00:00",7368,12.77,401,0,-0.472,-1.1,-1.13,-0.098,-0.101,-0.114,-0.209,57.44,42.52
"2024-10-17 05:30:00",7369,12.77,401,0,-0.46,-1.1,-1.07,-0.098,-0.096,-0.117,-0.207,57.83,42.74
"2024-10-17 06:00:00",7370,12.77,401,0,-0.455,-1.09,-1.06,-0.098,-0.095,-0.117,-0.205,57.41,42.74
"2024-10-17 06:30:00",7371,12.77,401,0,-0.466,-1.1,-1.1,-0.098,-0.098,-0.119,-0.207,56.57,42.89
"2024-10-17 07:00:00",7372,12.77,401,0,-0.455,-1.08,-1.07,-0.096,-0.096,-0.118,-0.208,56.69,41.19
"2024-10-17 07:30:00",7373,12.77,401,0,-0.459,-1.04,-1.13,-0.093,-0.101,-0.114,-0.209,56.52,42.94
"2024-10-17 08:00:00",7374,12.77,401,0,-0.436,-1.03,-1.03,-0.092,-0.092,-0.111,-0.209,56.15,42.73
"2024-10-17 08:30:00",7375,12.77,401,0,-0.36,-0.89,-0.81,-0.079,-0.073,-0.099,-0.188,57.72,41.96
"2024-10-17 09:00:00",7376,12.76,401,0,-0.272,-0.73,-0.55,-0.065,-0.05,-0.091,-0.175,57.77,43.11
"2024-10-17 09:30:00",7377,12.76,401,0,-0.211,-0.63,-0.36,-0.057,-0.033,-0.078,-0.163,56.75,43.9
"2024-10-17 10:00:00",7378,12.76,401,0,-0.12,-0.45,-0.11,-0.04,-0.011,-0.066,-0.15,60.8,44.73
"2024-10-17 10:30:00",7379,12.76,401,0,0.131,0.03,0.6,0.002,0.053,-0.019,-0.1,59.86,45.35
"2024-10-17 11:00:00",7380,12.76,401,0,0.339,0.34,1.28,0.031,0.113,0.002,-0.054,59.63,47.46
"2024-10-17 11:30:00",7381,12.77,401,0,0.522,0.65,1.84,0.058,0.163,0.029,-0.029,60.52,48.92
"2024-10-17 12:00:00",7382,12.77,401,0,0.5,0.46,1.93,0.041,0.171,0.015,0.002,58.42,48.18
"2024-10-17 12:30:00",7383,12.78,401,0,0.728,1.12,2.34,0.1,0.207,-99,0.074,-99,55.55
"2024-10-17 13:00:00",7384,12.78,401,0,0.904,1.35,2.95,0.119,0.261,0.06,0.032,53.04,47.53
"2024-10-17 13:30:00",7385,12.79,401,0,1.05,1.62,3.37,0.144,0.298,0.077,0.035,55.86,45.77
"2024-10-17 14:00:00",7386,12.79,401,0,1.07,1.6,3.49,0.142,0.309,0.096,0.054,60.91,47.34
"2024-10-17 14:30:00",7387,12.79,401,0,0.99,1.07,3.66,0.094,0.324,0.058,0.072,55.95,46.7
"2024-10-17 15:00:00",7388,12.79,401,0,1.124,1.61,3.74,0.142,0.331,0.098,0.07,59.4,48.07
"2024-10-17 15:30:00",7389,12.79,401,0,1.117,1.72,3.59,0.153,0.318,0.105,0.07,57.94,47.7
"2024-10-17 16:00:00",7390,12.79,401,0,1.122,1.78,3.55,0.157,0.314,0.103,0.059,57.99,47.33
"2024-10-17 16:30:00",7391,12.79,401,0,0.906,1.29,3.02,0.114,0.267,0.066,0.023,59.08,47.18
"2024-10-17 17:00:00",7392,12.79,401,0,0.526,-0.02,2.56,-0.003,0.227,-0.022,0.018,57.11,47.86
"2024-10-17 17:30:00",7393,12.79,401,0,0.498,0.51,1.87,0.045,0.166,-0.003,-0.042,54,45.16
"2024-10-17 18:00:00",7394,12.79,401,0,0.258,0.13,1.11,0.011,0.098,-0.026,-0.087,56.42,44.92
"2024-10-17 18:30:00",7395,12.79,401,0,-0.038,-0.36,0.19,-0.033,0.017,-0.065,-0.14,56.86,43.71
"2024-10-17 19:00:00",7396,12.78,401,0,-0.249,-0.76,-0.41,-0.068,-0.037,-0.091,-0.174,56.16,43.16
"2024-10-17 19:30:00",7397,12.78,401,0,-0.342,-0.91,-0.7,-0.081,-0.063,-0.103,-0.19,56.19,41.79
"2024-10-17 20:00:00",7398,12.77,401,0,-0.38,-0.96,-0.83,-0.086,-0.074,-0.108,-0.194,56.54,42.3
"2024-10-17 20:30:00",7399,12.77,401,0,-0.428,-1.06,-0.96,-0.095,-0.086,-0.117,-0.205,55.71,42.3
"2024-10-17 21:00:00",7400,12.76,401,0,-0.434,-1.06,-0.99,-0.095,-0.089,-0.114,-0.202,56.42,42.58
"2024-10-17 21:30:00",7401,12.76,401,0,-0.435,-1.07,-0.98,-0.096,-0.088,-0.117,-0.206,56.96,42.72
"2024-10-17 22:00:00",7402,12.76,401,0,-0.449,-1.11,-1.01,-0.099,-0.091,-0.118,-0.204,57.16,43.18
"2024-10-17 22:30:00",7403,12.76,401,0,-0.453,-1.09,-1.05,-0.097,-0.094,-0.119,-0.207,55.16,42.99
"2024-10-17 23:00:00",7404,12.75,401,0,-0.453,-1.1,-1.04,-0.098,-0.093,-0.117,-0.206,57.02,42.77
"2024-10-17 23:30:00",7405,12.75,401,0,-0.47,-1.14,-1.08,-0.102,-0.096,-0.123,-0.207,56.23,43.5
"2024-10-18 00:00:00",7406,12.75,401,0,-0.457,-1.08,-1.08,-0.097,-0.096,-0.121,-0.207,56.34,43.34
"2024-10-18 00:30:00",7407,12.74,401,0,-0.46,-1.1,-1.07,-0.098,-0.096,-0.117,-0.208,57.86,42.37
"2024-10-18 01:00:00",7408,12.75,401,0,-0.46,-1.1,-1.07,-0.099,-0.096,-0.12,-0.208,56.45,43.04
"2024-10-18 01:30:00",7409,12.74,401,0,-0.468,-1.1,-1.11,-0.098,-0.099,-0.117,-0.209,57.6,43.35
"2024-10-18 02:00:00",7410,12.74,401,0,-0.46,-1.1,-1.07,-0.098,-0.096,-0.117,-0.208,56.79,42.4
"2024-10-18 02:30:00",7411,12.74,401,0,-0.466,-1.1,-1.1,-0.099,-0.098,-0.12,-0.21,56.33,42.24
"2024-10-18 03:00:00",7412,12.73,401,0,-0.47,-1.11,-1.11,-0.099,-0.099,-0.121,-0.209,56.51,42.26
"2024-10-18 03:30:00",7413,12.74,401,0,-0.461,-1.07,-1.11,-0.096,-0.099,-0.117,-0.206,56.32,43.47
"2024-10-18 04:00:00",7414,12.73,401,0,-0.459,-1.07,-1.1,-0.095,-0.098,-0.117,-0.208,57.02,42.77
"2024-10-18 04:30:00",7415,12.73,401,0,-0.466,-1.1,-1.1,-0.098,-0.098,-0.115,-0.209,56.65,43.24
"2024-10-18 05:00:00",7416,12.73,401,0,-0.464,-1.08,-1.11,-0.097,-0.099,-0.119,-0.209,55.74,42.74
"2024-10-18 05:30:00",7417,12.73,401,0,-0.474,-1.12,-1.12,-0.1,-0.1,-0.119,-0.212,55.62,42.2
"2024-10-18 06:00:00",7418,12.73,401,0,-0.474,-1.1,-1.14,-0.098,-0.101,-0.117,-0.211,57.14,42.89
"2024-10-18 06:30:00",7419,12.73,401,0,-0.466,-1.07,-1.13,-0.096,-0.101,-0.115,-0.211,57.39,42.32
"2024-10-18 07:00:00",7420,12.72,401,0,-0.472,-1.13,-1.1,-0.101,-0.098,-0.12,-0.208,57.71,43.04
"2024-10-18 07:30:00",7421,12.73,401,0,-0.474,-1.1,-1.14,-0.099,-0.101,-0.118,-0.214,56.46,41.8
"2024-10-18 08:00:00",7422,12.72,401,0,-0.43,-1,-1.03,-0.089,-0.092,-0.109,-0.205,57.98,43.73
"2024-10-18 08:30:00",7423,12.72,401,0,-0.255,-0.71,-0.49,-0.064,-0.044,-0.084,-0.173,58.63,43.82
"2024-10-18 09:00:00",7424,12.72,401,0,-0.071,-0.39,0.06,-0.036,0.005,-0.054,-0.134,59.17,45.18
"2024-10-18 09:30:00",7425,12.72,401,0,0.158,0.03,0.73,0.003,0.065,-0.025,-0.094,58.59,46
"2024-10-18 10:00:00",7426,12.73,401,0,0.408,0.43,1.52,0.038,0.134,0.012,-0.05,58.85,46.68
"2024-10-18 10:30:00",7427,12.73,401,0,0.596,0.75,2.09,0.066,0.185,0.041,-0.009,61.19,48.19
"2024-10-18 11:00:00",7428,12.73,401,0,0.837,1.27,2.71,0.112,0.24,0.074,0.027,59.98,47.4
"2024-10-18 11:30:00",7429,12.74,401,0,0.946,1.38,3.12,0.122,0.276,0.089,0.051,60.82,49.48
"2024-10-18 12:00:00",7430,12.74,401,0,0.881,1.16,3.04,0.102,0.269,0.071,0.081,58.58,50
"2024-10-18 12:30:00",7431,12.75,401,0,1.064,1.63,3.43,0.144,0.304,-99,0.172,-99,62.14
"2024-10-18 13:00:00",7432,12.75,401,0,1.736,3.67,4.53,0.325,0.401,0.196,0.108,54.27,47.36
"2024-10-18 13:30:00",7433,12.76,401,0,1.5,2.51,4.61,0.222,0.408,0.149,0.114,55.57,47.16
"2024-10-18 14:00:00",7434,12.76,401,0,1.419,2.26,4.48,0.2,0.396,0.151,0.119,58.59,48.1
"2024-10-18 14:30:00",7435,12.76,401,0,1.056,1.03,4.02,0.092,0.356,0.058,0.108,55.16,47.99
"2024-10-18 15:00:00",7436,12.76,401,0,1.208,1.69,4.06,0.149,0.359,0.11,0.097,57.48,47.82
"2024-10-18 15:30:00",7437,12.77,401,0,1.197,1.99,3.69,0.177,0.326,0.128,0.087,58.34,48.26
"2024-10-18 16:00:00",7438,12.76,401,0,1.081,1.65,3.49,0.146,0.309,0.092,0.057,57.01,48.03
"2024-10-18 16:30:00",7439,12.77,401,0,0.937,1.37,3.09,0.121,0.274,0.07,0.03,57.54,46.48
"2024-10-18 17:00:00",7440,12.76,401,0,0.536,0,2.59,0,0.23,-0.007,0.027,57.89,48.49
"2024-10-18 17:30:00",7441,12.76,401,0,0.407,0.3,1.65,0.027,0.146,-0.019,-0.054,55.04,45.8
"2024-10-18 18:00:00",7442,12.76,401,0,0.055,-0.25,0.53,-0.023,0.047,-0.056,-0.122,54.13,43.37
"2024-10-18 18:30:00",7443,12.76,401,0,-0.209,-0.69,-0.29,-0.062,-0.026,-0.09,-0.166,55.23,43.9
"2024-10-18 19:00:00",7444,12.75,401,0,-0.317,-0.87,-0.62,-0.078,-0.055,-0.101,-0.185,54.95,43.05
"2024-10-18 19:30:00",7445,12.75,401,0,-0.356,-0.93,-0.75,-0.084,-0.067,-0.108,-0.192,55.74,42.9
"2024-10-18 20:00:00",7446,12.74,401,0,-0.384,-0.99,-0.82,-0.089,-0.073,-0.113,-0.198,56.09,42.68
"2024-10-18 20:30:00",7447,12.74,401,0,-0.392,-1.01,-0.84,-0.091,-0.075,-0.113,-0.197,56.28,42.45
"2024-10-18 21:00:00",7448,12.73,401,0,-0.411,-1.03,-0.91,-0.092,-0.082,-0.114,-0.203,55.72,42.31
"2024-10-18 21:30:00",7449,12.72,401,0,-0.437,-1.08,-0.98,-0.096,-0.088,-0.115,-0.205,55.76,42.51
"2024-10-18 22:00:00",7450,12.72,401,0,-0.445,-1.1,-1,-0.098,-0.09,-0.114,-0.207,55.87,43.03
"2024-10-18 22:30:00",7451,12.72,401,0,-0.411,-1.01,-0.93,-0.09,-0.084,-0.115,-0.202,56.13,43.97
"2024-10-18 23:00:00",7452,12.72,401,0,-0.443,-1.06,-1.03,-0.095,-0.092,-0.114,-0.207,56.29,42.46
"2024-10-18 23:30:00",7453,12.71,401,0,-0.453,-1.07,-1.07,-0.096,-0.096,-0.118,-0.21,55.77,43.19
"2024-10-19 00:00:00",7454,12.71,401,0,-0.468,-1.12,-1.09,-0.1,-0.098,-0.119,-0.209,56.09,42.26
"2024-10-19 00:30:00",7455,12.7,401,0,-0.458,-1.1,-1.06,-0.098,-0.095,-0.12,-0.212,56.4,42.72
"2024-10-19 01:00:00",7456,12.7,401,0,-0.468,-1.11,-1.1,-0.099,-0.098,-0.121,-0.21,56.24,42.25
"2024-10-19 01:30:00",7457,12.7,401,0,-0.458,-1.1,-1.06,-0.098,-0.095,-0.117,-0.209,56,42.58
"2024-10-19 02:00:00",7458,12.7,401,0,-0.462,-1.09,-1.09,-0.098,-0.098,-0.122,-0.209,55.87,43.03
"2024-10-19 02:30:00",7459,12.69,401,0,-0.466,-1.11,-1.09,-0.099,-0.097,-0.119,-0.208,56.69,42.45
"2024-10-19 03:00:00",7460,12.69,401,0,-0.474,-1.12,-1.12,-0.1,-0.1,-0.119,-0.211,56.23,42.56
"2024-10-19 03:30:00",7461,12.69,401,0,-0.474,-1.12,-1.12,-0.1,-0.1,-0.119,-0.211,56.56,42.88
"2024-10-19 04:00:00",7462,12.69,401,0,-0.477,-1.14,-1.11,-0.101,-0.099,-0.121,-0.21,56.48,42.92
"2024-10-19 04:30:00",7463,12.69,401,0,-0.464,-1.08,-1.11,-0.096,-0.099,-0.116,-0.208,57.43,42.51
"2024-10-19 05:00:00",7464,12.68,401,0,-0.474,-1.12,-1.12,-0.1,-0.1,-0.119,-0.214,56.41,42.99
"2024-10-19 05:30:00",7465,12.68,401,0,-0.481,-1.12,-1.15,-0.1,-0.103,-0.119,-0.211,55.89,42.73
"2024-10-19 06:00:00",7466,12.68,401,0,-0.474,-1.12,-1.12,-0.1,-0.1,-0.119,-0.208,56.37,42.37
"2024-10-19 06:30:00",7467,12.68,401,0,-0.485,-1.11,-1.18,-0.099,-0.106,-0.119,-0.211,57.13,42.73
"2024-10-19 07:00:00",7468,12.68,401,0,-0.481,-1.12,-1.15,-0.1,-0.103,-0.119,-0.211,56.92,42.26
"2024-10-19 07:30:00",7469,12.68,401,0,-0.478,-1.11,-1.15,-0.099,-0.103,-0.119,-0.213,55.77,42.36
"2024-10-19 08:00:00",7470,12.67,401,0,-0.466,-1.09,-1.11,-0.098,-0.099,-0.117,-0.208,56.51,42.41
"2024-10-19 08:30:00",7471,12.67,401,0,-0.354,-0.89,-0.78,-0.08,-0.07,-0.1,-0.189,57.96,43.56
"2024-10-19 09:00:00",7472,12.67,401,0,-0.189,-0.6,-0.29,-0.054,-0.027,-0.07,-0.155,59.92,45.68
"2024-10-19 09:30:00",7473,12.68,401,0,0.079,-0.13,0.52,-0.013,0.046,-0.037,-0.106,59.69,46.28
"2024-10-19 10:00:00",7474,12.68,401,0,0.461,0.51,1.69,0.045,0.15,0.019,-0.037,60.95,46.71
"2024-10-19 10:30:00",7475,12.69,401,0,0.713,0.91,2.49,0.08,0.221,0.058,0.022,62.56,47.75
"2024-10-19 11:00:00",7476,12.69,401,0,0.985,1.53,3.15,0.136,0.279,0.096,0.06,59.8,48.47
"2024-10-19 11:30:00",7477,12.7,401,0,1.094,1.66,3.54,0.147,0.313,0.109,0.082,62.02,48.61
"2024-10-19 12:00:00",7478,12.7,401,0,1.099,1.62,3.61,0.143,0.32,0.112,0.106,61.62,50.29
"2024-10-19 12:30:00",7479,12.71,401,0,1.113,1.77,3.52,0.157,0.311,-99,0.171,-99,59.42
"2024-10-19 13:00:00",7480,12.71,401,0,1.504,2.72,4.41,0.241,0.39,0.143,0.112,54.14,47.96
"2024-10-19 13:30:00",7481,12.72,401,0,1.415,2.34,4.38,0.207,0.388,0.138,0.106,55.93,46.68
"2024-10-19 14:00:00",7482,12.72,401,0,1.293,1.96,4.19,0.173,0.371,0.127,0.1,58.74,47.41
"2024-10-19 14:30:00",7483,12.72,401,0,1.032,1.07,3.86,0.094,0.342,0.055,0.084,54.37,47.36
"2024-10-19 15:00:00",7484,12.73,401,0,1.032,1.31,3.61,0.116,0.32,0.085,0.075,59.62,47.05
"2024-10-19 15:30:00",7485,12.73,401,0,0.905,1.22,3.09,0.108,0.273,0.059,0.048,56.15,47.32
"2024-10-19 16:00:00",7486,12.72,401,0,0.862,1.23,2.87,0.109,0.254,0.05,0.014,53.69,46.53
"2024-10-19 16:30:00",7487,12.73,401,0,0.718,0.92,2.5,0.082,0.221,0.035,-0.009,56.19,46.38
"2024-10-19 17:00:00",7488,12.72,401,0,0.386,0.06,1.8,0.005,0.159,-0.015,-0.035,58.99,46.16
"2024-10-19 17:30:00",7489,12.72,401,0,0.141,-0.19,0.88,-0.018,0.078,-0.055,-0.098,54.41,44.33
"2024-10-19 18:00:00",7490,12.72,401,0,-0.019,-0.35,0.27,-0.032,0.024,-0.065,-0.138,55.2,43.46
"2024-10-19 18:30:00",7491,12.71,401,0,-0.209,-0.69,-0.29,-0.062,-0.026,-0.089,-0.167,55.74,43.58
"2024-10-19 19:00:00",7492,12.71,401,0,-0.325,-0.91,-0.62,-0.081,-0.056,-0.107,-0.185,56.43,42.86
"2024-10-19 19:30:00",7493,12.71,401,0,-0.373,-0.97,-0.79,-0.087,-0.07,-0.109,-0.194,55.92,42.25
"2024-10-19 20:00:00",7494,12.7,401,0,-0.418,-1.05,-0.92,-0.094,-0.082,-0.113,-0.199,56.33,43.19
"2024-10-19 20:30:00",7495,12.7,401,0,-0.426,-1.06,-0.95,-0.094,-0.085,-0.116,-0.204,56.06,43.48
"2024-10-19 21:00:00",7496,12.69,401,0,-0.443,-1.11,-0.98,-0.099,-0.088,-0.121,-0.204,56.07,42.92
"2024-10-19 21:30:00",7497,12.69,401,0,-0.45,-1.13,-0.99,-0.101,-0.088,-0.12,-0.21,55.13,42.55
"2024-10-19 22:00:00",7498,12.69,401,0,-0.443,-1.11,-0.98,-0.1,-0.088,-0.119,-0.207,55.35,42.2
"2024-10-19 22:30:00",7499,12.68,401,0,-0.462,-1.14,-1.04,-0.102,-0.093,-0.121,-0.208,56.27,42.03
"2024-10-19 23:00:00",7500,12.68,401,0,-0.47,-1.14,-1.08,-0.102,-0.096,-0.121,-0.209,55.87,42.87
"2024-10-19 23:30:00",7501,12.67,401,0,-0.462,-1.11,-1.07,-0.099,-0.096,-0.118,-0.211,55.88,42.47
"2024-10-20 00:00:00",7502,12.67,401,0,-0.464,-1.11,-1.08,-0.099,-0.096,-0.119,-0.209,56.02,42.61
"2024-10-20 00:30:00",7503,12.67,401,0,-0.47,-1.11,-1.11,-0.099,-0.099,-0.118,-0.211,56.03,43.45
"2024-10-20 01:00:00",7504,12.67,401,0,-0.46,-1.1,-1.07,-0.098,-0.096,-0.121,-0.207,55.96,43.38
"2024-10-20 01:30:00",7505,12.66,401,0,-0.466,-1.1,-1.1,-0.098,-0.098,-0.118,-0.208,56.9,42.66
"2024-10-20 02:00:00",7506,12.66,401,0,-0.472,-1.13,-1.1,-0.1,-0.098,-0.122,-0.208,56.81,43.14
"2024-10-20 02:30:00",7507,12.66,401,0,-0.472,-1.1,-1.13,-0.098,-0.101,-0.118,-0.211,55.72,42.31
"2024-10-20 03:00:00",7508,12.65,401,0,-0.472,-1.13,-1.1,-0.101,-0.098,-0.121,-0.206,56.08,42.25
"2024-10-20 03:30:00",7509,12.65,401,0,-0.481,-1.13,-1.14,-0.101,-0.101,-0.123,-0.211,55.72,42.46
"2024-10-20 04:00:00",7510,12.65,401,0,-0.479,-1.13,-1.13,-0.101,-0.101,-0.123,-0.213,57,42.61
"2024-10-20 04:30:00",7511,12.65,401,0,-0.487,-1.13,-1.17,-0.101,-0.104,-0.118,-0.213,56.93,41.85
"2024-10-20 05:00:00",7512,12.65,401,0,-0.479,-1.13,-1.13,-0.1,-0.101,-0.12,-0.21,58.12,42.2
"2024-10-20 05:30:00",7513,12.64,401,0,-0.489,-1.14,-1.17,-0.102,-0.104,-0.121,-0.214,55.95,42.37
"2024-10-20 06:00:00",7514,12.64,401,0,-0.498,-1.19,-1.16,-0.106,-0.104,-0.128,-0.208,55.81,42.64
"2024-10-20 06:30:00",7515,12.64,401,0,-0.495,-1.14,-1.2,-0.102,-0.107,-0.124,-0.216,55.96,42.54
"2024-10-20 07:00:00",7516,12.64,401,0,-0.485,-1.13,-1.16,-0.101,-0.104,-0.121,-0.213,56.52,42.42
"2024-10-20 07:30:00",7517,12.64,401,0,-0.485,-1.13,-1.16,-0.1,-0.104,-0.118,-0.211,56.65,42.56
"2024-10-20 08:00:00",7518,12.64,401,0,-0.472,-1.11,-1.12,-0.099,-0.1,-0.119,-0.208,57.77,42.68
"2024-10-20 08:30:00",7519,12.64,401,0,-0.413,-1,-0.95,-0.089,-0.085,-0.107,-0.196,57.86,43.77
"2024-10-20 09:00:00",7520,12.63,401,0,-0.301,-0.81,-0.61,-0.073,-0.055,-0.088,-0.172,60.14,44.8
"2024-10-20 09:30:00",7521,12.64,401,0,-0.084,-0.42,0.03,-0.038,0.003,-0.057,-0.134,60.74,45.93
"2024-10-20 10:00:00",7522,12.64,401,0,0.165,-0.02,0.82,-0.003,0.072,-0.022,-0.086,60.96,47.39
"2024-10-20 10:30:00",7523,12.64,401,0,0.318,0.13,1.4,0.012,0.124,0,-0.038,63.13,47.91
"2024-10-20 11:00:00",7524,12.65,401,0,0.757,1.11,2.49,0.098,0.221,0.059,0.016,59.17,47.27
"2024-10-20 11:30:00",7525,12.65,401,0,0.992,1.44,3.28,0.128,0.29,0.091,0.059,60.21,48.05
"2024-10-20 12:00:00",7526,12.65,401,0,0.845,1.26,2.76,0.111,0.245,0.079,0.057,61.26,50.76
"2024-10-20 12:30:00",7527,12.67,401,0,0.852,1.28,2.77,0.114,0.245,-99,0.126,-99,60.12
"2024-10-20 13:00:00",7528,12.67,401,0,0.896,0.72,3.57,0.064,0.316,0.016,0.065,50.77,46.92
"2024-10-20 13:30:00",7529,12.67,401,0,1.189,1.9,3.75,0.168,0.332,0.102,0.065,56.09,46.84
"2024-10-20 14:00:00",7530,12.67,401,0,1.038,1.52,3.42,0.135,0.302,0.094,0.058,59.92,46.67
"2024-10-20 14:30:00",7531,12.68,401,0,1.135,1.61,3.79,0.142,0.336,0.087,0.068,55.35,47.35
"2024-10-20 15:00:00",7532,12.68,401,0,1.116,1.81,3.49,0.16,0.309,0.14,0.068,64.93,48.36
"2024-10-20 15:30:00",7533,12.68,401,0,0.693,0.51,2.81,0.045,0.248,0.006,0.019,55.36,45.96
"2024-10-20 16:00:00",7534,12.68,401,0,0.854,1.15,2.92,0.102,0.258,0.041,0.014,53.56,45.82
"2024-10-20 16:30:00",7535,12.68,401,0,0.762,1.06,2.57,0.094,0.228,0.043,-0.007,57.01,45
"2024-10-20 17:00:00",7536,12.67,401,0,0.581,0.56,2.22,0.05,0.196,0.027,-0.014,60.57,47.01
"2024-10-20 17:30:00",7537,12.67,401,0,0.334,0.23,1.37,0.02,0.122,-0.016,-0.067,55.45,44.95
"2024-10-20 18:00:00",7538,12.67,401,0,0.062,-0.22,0.53,-0.02,0.047,-0.054,-0.119,56.53,44.37
"2024-10-20 18:30:00",7539,12.67,401,0,-0.205,-0.7,-0.26,-0.063,-0.024,-0.089,-0.168,55.6,43.29
"2024-10-20 19:00:00",7540,12.66,401,0,-0.323,-0.89,-0.63,-0.08,-0.057,-0.105,-0.189,56.14,42.73
"2024-10-20 19:30:00",7541,12.66,401,0,-0.369,-0.98,-0.76,-0.087,-0.068,-0.113,-0.192,56.56,41.9
"2024-10-20 20:00:00",7542,12.65,401,0,-0.405,-1.05,-0.86,-0.093,-0.077,-0.118,-0.199,55.42,41.85
"2024-10-20 20:30:00",7543,12.65,401,0,-0.401,-1,-0.89,-0.09,-0.08,-0.115,-0.202,55.66,42.51
"2024-10-20 21:00:00",7544,12.64,401,0,-0.435,-1.09,-0.96,-0.097,-0.085,-0.117,-0.206,56.33,42.09
"2024-10-20 21:30:00",7545,12.64,401,0,-0.431,-1.1,-0.93,-0.098,-0.083,-0.118,-0.202,55.73,42.73
"2024-10-20 22:00:00",7546,12.64,401,0,-0.455,-1.06,-1.09,-0.095,-0.098,-0.12,-0.209,56.08,42.25
"2024-10-20 22:30:00",7547,12.64,401,0,-0.46,-1.14,-1.03,-0.102,-0.092,-0.124,-0.207,55.63,41.95
"2024-10-20 23:00:00",7548,12.63,401,0,-0.464,-1.16,-1.03,-0.103,-0.092,-0.123,-0.209,56.05,41.95
"2024-10-20 23:30:00",7549,12.63,401,0,-0.468,-1.13,-1.08,-0.1,-0.096,-0.12,-0.205,56.97,42.99
"2024-10-21 00:00:00",7550,12.62,401,0,-0.473,-1.15,-1.08,-0.103,-0.097,-0.125,-0.211,57.23,42.98
"2024-10-21 00:30:00",7551,12.62,401,0,-0.483,-1.16,-1.12,-0.104,-0.1,-0.126,-0.212,55.51,42.93
"2024-10-21 01:00:00",7552,12.62,401,0,-0.485,-1.15,-1.14,-0.103,-0.101,-0.12,-0.209,57.17,43.76
"2024-10-21 01:30:00",7553,12.61,401,0,-0.481,-1.12,-1.15,-0.1,-0.103,-0.123,-0.216,55.26,43.09
"2024-10-21 02:00:00",7554,12.61,401,0,-0.485,-1.14,-1.15,-0.102,-0.103,-0.122,-0.209,56.25,42.27
"2024-10-21 02:30:00",7555,12.61,401,0,-0.485,-1.15,-1.14,-0.103,-0.101,-0.12,-0.214,57.49,42.83
"2024-10-21 03:00:00",7556,12.61,401,0,-0.472,-1.13,-1.1,-0.101,-0.099,-0.123,-0.212,56.97,43.14
"2024-10-21 03:30:00",7557,12.61,401,0,-0.487,-1.16,-1.14,-0.104,-0.101,-0.123,-0.21,57.71,43.04
"2024-10-21 04:00:00",7558,12.6,401,0,-0.489,-1.17,-1.14,-0.105,-0.102,-0.119,-0.212,56.65,43.08
"2024-10-21 04:30:00",7559,12.6,401,0,-0.5,-1.19,-1.17,-0.106,-0.104,-0.125,-0.214,56.59,42.19
"2024-10-21 05:00:00",7560,12.6,401,0,-0.476,-1.11,-1.14,-0.099,-0.101,-0.119,-0.21,57.63,42.71
"2024-10-21 05:30:00",7561,12.6,401,0,-0.489,-1.18,-1.13,-0.105,-0.101,-0.122,-0.206,57.32,42.92
"2024-10-21 06:00:00",7562,12.6,401,0,-0.495,-1.14,-1.2,-0.102,-0.107,-0.122,-0.212,56.88,43.2
"2024-10-21 06:30:00",7563,12.59,401,0,-0.495,-1.14,-1.2,-0.102,-0.108,-0.124,-0.214,56.67,42.99
"2024-10-21 07:00:00",7564,12.59,401,0,-0.483,-1.12,-1.16,-0.1,-0.104,-0.122,-0.212,56.81,42.72
"2024-10-21 07:30:00",7565,12.59,401,0,-0.502,-1.18,-1.19,-0.105,-0.106,-0.122,-0.213,56.65,43.24
"2024-10-21 08:00:00",7566,12.59,401,0,-0.462,-1.09,-1.09,-0.097,-0.098,-0.117,-0.209,57.48,43.65
"2024-10-21 08:30:00",7567,12.59,401,0,-0.354,-0.88,-0.79,-0.079,-0.071,-0.099,-0.19,58.68,43.44
"2024-10-21 09:00:00",7568,12.59,401,0,-0.221,-0.68,-0.36,-0.061,-0.033,-0.079,-0.161,60.06,44.57
"2024-10-21 09:30:00",7569,12.59,401,0,0.01,-0.25,0.31,-0.023,0.027,-0.044,-0.117,60.57,46.33
"2024-10-21 10:00:00",7570,12.59,401,0,0.256,0.14,1.09,0.012,0.097,-0.007,-0.065,61.72,47.07
"2024-10-21 10:30:00",7571,12.6,401,0,0.45,0.47,1.68,0.041,0.149,0.019,-0.023,63.85,47.53
"2024-10-21 11:00:00",7572,12.61,401,0,0.721,1.08,2.35,0.095,0.208,0.059,0.009,60.04,47.89
"2024-10-21 11:30:00",7573,12.61,401,0,0.826,1.18,2.75,0.105,0.244,0.072,0.03,60.86,47.87
"2024-10-21 12:00:00",7574,12.62,401,0,0.792,1.07,2.7,0.095,0.239,0.062,0.051,59.51,49.43
"2024-10-21 12:30:00",7575,12.62,401,0,0.843,1.21,2.8,0.107,0.248,-99,0.128,-99,59.65
"2024-10-21 13:00:00",7576,12.62,401,0,0.983,0.94,3.76,0.083,0.333,0.034,0.077,51.21,47.94
"2024-10-21 13:30:00",7577,12.63,401,0,1.3,2.15,4.02,0.191,0.356,0.123,0.08,56.63,46.71
"2024-10-21 14:00:00",7578,12.63,401,0,1.173,1.76,3.82,0.156,0.338,0.127,0.09,64.23,48.18
"2024-10-21 14:30:00",7579,12.63,401,0,1.284,2.04,4.06,0.18,0.359,0.112,0.076,56.05,47.06
"2024-10-21 15:00:00",7580,12.64,401,0,1.18,2.02,3.58,0.179,0.317,0.143,0.069,62.21,48.81
"2024-10-21 15:30:00",7581,12.64,401,0,1.045,1.76,3.2,0.156,0.283,0.107,0.042,63.21,48.14
"2024-10-21 16:00:00",7582,12.64,401,0,0.84,1.16,2.84,0.102,0.252,0.044,0.014,54.16,46.16
"2024-10-21 16:30:00",7583,12.63,401,0,0.799,1.15,2.65,0.102,0.235,0.051,-0.002,57.04,45.47
"2024-10-21 17:00:00",7584,12.63,401,0,0.715,1.23,2.16,0.109,0.191,0.072,-0.021,62.42,46.68
"2024-10-21 17:30:00",7585,12.63,401,0,0.253,0.07,1.15,0.006,0.101,-0.03,-0.079,56.8,44.65
"2024-10-21 18:00:00",7586,12.63,401,0,0.021,-0.32,0.44,-0.029,0.039,-0.063,-0.125,55.4,44.49
"2024-10-21 18:30:00",7587,12.63,401,0,-0.207,-0.71,-0.26,-0.064,-0.024,-0.094,-0.166,55.01,43.12
"2024-10-21 19:00:00",7588,12.62,401,0,-0.321,-0.91,-0.6,-0.081,-0.054,-0.107,-0.186,55.24,43.49
"2024-10-21 19:30:00",7589,12.62,401,0,-0.38,-0.99,-0.8,-0.089,-0.072,-0.111,-0.193,56.09,42.27
"2024-10-21 20:00:00",7590,12.61,401,0,-0.407,-1.05,-0.87,-0.093,-0.078,-0.116,-0.198,55.8,42.55
"2024-10-21 20:30:00",7591,12.61,401,0,-0.418,-1.07,-0.9,-0.096,-0.08,-0.118,-0.2,57.04,43.22
"2024-10-21 21:00:00",7592,12.6,401,0,-0.447,-1.11,-1,-0.099,-0.089,-0.119,-0.205,56.37,43.22
"2024-10-21 21:30:00",7593,12.6,401,0,-0.448,-1.15,-0.96,-0.103,-0.086,-0.123,-0.205,56.58,42.19
"2024-10-21 22:00:00",7594,12.59,401,0,-0.466,-1.15,-1.05,-0.102,-0.094,-0.119,-0.207,56.89,43.07
"2024-10-21 22:30:00",7595,12.59,401,0,-0.464,-1.14,-1.05,-0.102,-0.094,-0.124,-0.209,56.07,42.66
"2024-10-21 23:00:00",7596,12.59,401,0,-0.473,-1.18,-1.05,-0.105,-0.094,-0.122,-0.206,55.8,42.39
"2024-10-21 23:30:00",7597,12.59,401,0,-0.473,-1.14,-1.09,-0.102,-0.097,-0.125,-0.207,56.69,42.71
"2024-10-22 00:00:00",7598,12.58,401,0,-0.475,-1.15,-1.09,-0.103,-0.097,-0.123,-0.212,55.96,42.4
"2024-10-22 00:30:00",7599,12.58,401,0,-0.483,-1.17,-1.11,-0.104,-0.099,-0.124,-0.211,56,42.44
"2024-10-22 01:00:00",7600,12.58,401,0,-0.487,-1.17,-1.13,-0.104,-0.101,-0.126,-0.21,55.97,43.39
"2024-10-22 01:30:00",7601,12.58,401,0,-0.481,-1.15,-1.12,-0.102,-0.1,-0.125,-0.209,56.06,42.39
"2024-10-22 02:00:00",7602,12.58,401,0,-0.481,-1.15,-1.12,-0.103,-0.1,-0.122,-0.209,56.32,43.48
"2024-10-22 02:30:00",7603,12.58,401,0,-0.485,-1.14,-1.15,-0.102,-0.102,-0.122,-0.211,57.05,42.96
"2024-10-22 03:00:00",7604,12.57,401,0,-0.494,-1.18,-1.15,-0.105,-0.103,-0.125,-0.212,56.52,42.54
"2024-10-22 03:30:00",7605,12.57,401,0,-0.483,-1.14,-1.14,-0.102,-0.102,-0.122,-0.209,56.78,42.54
"2024-10-22 04:00:00",7606,12.57,401,0,-0.496,-1.19,-1.15,-0.106,-0.103,-0.126,-0.212,57.08,42.84
"2024-10-22 04:30:00",7607,12.57,401,0,-0.5,-1.18,-1.18,-0.105,-0.105,-0.125,-0.214,57.2,42.7
"2024-10-22 05:00:00",7608,12.57,401,0,-0.491,-1.14,-1.18,-0.102,-0.105,-0.122,-0.214,56.53,42.44
"2024-10-22 05:30:00",7609,12.57,401,0,-0.493,-1.15,-1.18,-0.103,-0.106,-0.123,-0.212,56.37,41.71
"2024-10-22 06:00:00",7610,12.56,401,0,-0.477,-1.14,-1.11,-0.102,-0.1,-0.119,-0.209,55.86,42.61
"2024-10-22 06:30:00",7611,12.56,401,0,-0.498,-1.17,-1.18,-0.105,-0.105,-0.125,-0.212,56.53,42.55
"2024-10-22 07:00:00",7612,12.56,401,0,-0.495,-1.16,-1.18,-0.104,-0.106,-0.123,-0.212,56.13,42.56
"2024-10-22 07:30:00",7613,12.56,401,0,-0.493,-1.15,-1.18,-0.103,-0.106,-0.123,-0.212,57.02,43.19
"2024-10-22 08:00:00",7614,12.55,401,0,-0.46,-1.1,-1.07,-0.098,-0.096,-0.118,-0.206,57,43.17
"2024-10-22 08:30:00",7615,12.56,401,0,-0.373,-0.93,-0.83,-0.083,-0.075,-0.103,-0.193,57.63,43.54
"2024-10-22 09:00:00",7616,12.56,401,0,-0.255,-0.74,-0.46,-0.066,-0.042,-0.082,-0.165,60.57,45.65
"2024-10-22 09:30:00",7617,12.55,401,0,-0.034,-0.34,0.19,-0.031,0.017,-0.055,-0.128,60.32,45.67
"2024-10-22 10:00:00",7618,12.56,401,0,0.273,0.2,1.11,0.017,0.098,-0.002,-0.066,62.74,47.26
"2024-10-22 10:30:00",7619,12.56,401,0,0.716,1.01,2.4,0.089,0.213,0.069,0.029,64.18,49.27
"2024-10-22 11:00:00",7620,12.57,401,0,1.057,1.68,3.34,0.148,0.296,0.103,0.067,59.99,48.67
"2024-10-22 11:30:00",7621,12.57,401,0,1.161,1.76,3.76,0.156,0.333,0.118,0.094,60.61,49.13
"2024-10-22 12:00:00",7622,12.57,401,0,0.964,1.34,3.25,0.119,0.288,0.091,0.081,61.06,50.31
"2024-10-22 12:30:00",7623,12.58,401,0,0.853,1.23,2.83,0.108,0.25,-99,0.135,-99,60.01
"2024-10-22 13:00:00",7624,12.58,401,0,1.357,2.71,3.71,0.239,0.329,0.126,0.058,53.68,46.36
"2024-10-22 13:30:00",7625,12.59,401,0,1.081,1.67,3.47,0.148,0.307,0.083,0.041,55.65,46.56
"2024-10-22 14:00:00",7626,12.58,401,0,1.344,2.65,3.71,0.234,0.328,-99,0.085,-99,49.05
"2024-10-22 14:30:00",7627,12.59,401,0,1.168,1.79,3.76,0.159,0.333,0.091,0.056,55.19,46.36
"2024-10-22 15:00:00",7628,12.59,401,0,1.208,2.09,3.64,0.185,0.322,0.146,0.07,64.08,47.61
"2024-10-22 15:30:00",7629,12.59,401,0,1.14,1.97,3.44,0.174,0.305,-99,0.055,-99,46.92
"2024-10-22 16:00:00",7630,12.59,401,0,0.846,1.11,2.92,0.099,0.258,0.041,0.017,54.82,46.83
"2024-10-22 16:30:00",7631,12.59,401,0,0.798,1.09,2.71,0.096,0.24,0.048,0.002,56.64,46.73
"2024-10-22 17:00:00",7632,12.58,401,0,0.62,0.91,2.04,0.08,0.18,0.043,-0.028,61.52,47.03
"2024-10-22 17:30:00",7633,12.58,401,0,0.271,0.03,1.28,0.003,0.113,-0.036,-0.074,55.15,45.07
"2024-10-22 18:00:00",7634,12.58,401,0,0.043,-0.25,0.47,-0.023,0.042,-0.063,-0.127,55.09,43.1
"2024-10-22 18:30:00",7635,12.58,401,0,-0.194,-0.68,-0.23,-0.061,-0.021,-0.088,-0.165,55.9,43.17
"2024-10-22 19:00:00",7636,12.57,401,0,-0.313,-0.9,-0.57,-0.08,-0.051,-0.103,-0.186,55.21,42.23
"2024-10-22 19:30:00",7637,12.57,401,0,-0.353,-0.96,-0.7,-0.086,-0.063,-0.111,-0.19,55.69,42.28
"2024-10-22 20:00:00",7638,12.57,401,0,-0.393,-1.05,-0.8,-0.094,-0.072,-0.116,-0.2,55.18,42.87
"2024-10-22 20:30:00",7639,12.56,401,0,-0.407,-1.03,-0.89,-0.092,-0.08,-0.112,-0.197,55.54,43.12
"2024-10-22 21:00:00",7640,12.56,401,0,-0.437,-1.13,-0.93,-0.101,-0.083,-0.118,-0.202,55.84,42.59
"2024-10-22 21:30:00",7641,12.55,401,0,-0.437,-1.11,-0.95,-0.099,-0.085,-0.116,-0.203,55.78,42.64
"2024-10-22 22:00:00",7642,12.55,401,0,-0.426,-1.06,-0.95,-0.095,-0.085,-0.115,-0.201,55.91,42.65
"2024-10-22 22:30:00",7643,12.55,401,0,-0.447,-1.09,-1.02,-0.097,-0.091,-0.12,-0.204,55.33,42.76
"2024-10-22 23:00:00",7644,12.54,401,0,-0.447,-1.12,-0.99,-0.1,-0.089,-0.12,-0.205,57.14,43.89
"2024-10-22 23:30:00",7645,12.54,401,0,-0.452,-1.11,-1.02,-0.099,-0.091,-0.119,-0.202,56.04,43.62
"2024-10-23 00:00:00",7646,12.54,401,0,-0.443,-1.08,-1.01,-0.096,-0.091,-0.119,-0.201,57.36,43.38
"2024-10-23 00:30:00",7647,12.54,401,0,-0.458,-1.14,-1.02,-0.102,-0.091,-0.119,-0.204,57.51,42.6
"2024-10-23 01:00:00",7648,12.54,401,0,-0.468,-1.13,-1.08,-0.101,-0.096,-0.116,-0.204,58.8,43.16
"2024-10-23 01:30:00",7649,12.53,401,0,-0.464,-1.11,-1.08,-0.099,-0.096,-0.119,-0.204,56.33,42.76
"2024-10-23 02:00:00",7650,12.53,401,0,-0.483,-1.17,-1.11,-0.105,-0.099,-0.122,-0.207,57.09,42.85
"2024-10-23 02:30:00",7651,12.53,401,0,-0.477,-1.17,-1.08,-0.105,-0.096,-0.122,-0.206,56.89,43.9
"2024-10-23 03:00:00",7652,12.53,401,0,-0.477,-1.17,-1.08,-0.105,-0.096,-0.125,-0.207,57.41,42.6
"2024-10-23 03:30:00",7653,12.53,401,0,-0.47,-1.11,-1.11,-0.099,-0.099,-0.119,-0.209,56.74,43.33
"2024-10-23 04:00:00",7654,12.53,401,0,-0.496,-1.17,-1.17,-0.104,-0.105,-0.119,-0.213,56.38,43.64
"2024-10-23 04:30:00",7655,12.53,401,0,-0.483,-1.17,-1.11,-0.105,-0.099,-0.124,-0.209,56.99,43.17
"2024-10-23 05:00:00",7656,12.52,401,0,-0.483,-1.14,-1.14,-0.102,-0.102,-0.124,-0.212,56.95,43.95
"2024-10-23 05:30:00",7657,12.52,401,0,-0.487,-1.18,-1.12,-0.105,-0.1,-0.122,-0.21,56.96,42.87
"2024-10-23 06:00:00",7658,12.52,401,0,-0.481,-1.12,-1.15,-0.1,-0.103,-0.12,-0.208,56.49,43.76
"2024-10-23 06:30:00",7659,12.52,401,0,-0.487,-1.18,-1.12,-0.105,-0.1,-0.125,-0.21,56.44,43.18
"2024-10-23 07:00:00",7660,12.52,401,0,-0.5,-1.18,-1.18,-0.105,-0.105,-0.125,-0.212,57.07,43.24
"2024-10-23 07:30:00",7661,12.52,401,0,-0.498,-1.17,-1.18,-0.105,-0.105,-0.122,-0.212,56.6,43.19
"2024-10-23 08:00:00",7662,12.51,401,0,-0.487,-1.13,-1.17,-0.101,-0.105,-0.119,-0.209,57.59,42.67
"2024-10-23 08:30:00",7663,12.52,401,0,-0.411,-0.98,-0.96,-0.087,-0.086,-0.108,-0.197,57.7,43.45
"2024-10-23 09:00:00",7664,12.51,401,0,-0.285,-0.81,-0.53,-0.072,-0.048,-0.091,-0.168,58.65,44.26
"2024-10-23 09:30:00",7665,12.52,401,0,-0.108,-0.48,-0.02,-0.044,-0.003,-0.065,-0.14,60.78,45.97
"2024-10-23 10:00:00",7666,12.52,401,0,0.086,-0.11,0.53,-0.01,0.046,-0.032,-0.102,60.26,45.76
"2024-10-23 10:30:00",7667,12.52,401,0,0.308,0.31,1.16,0.028,0.103,0.002,-0.053,61.76,47.79
"2024-10-23 11:00:00",7668,12.52,401,0,0.593,0.85,1.97,0.075,0.174,0.036,-0.019,59.35,48.44
"2024-10-23 11:30:00",7669,12.53,401,0,0.694,0.89,2.42,0.078,0.214,0.045,0.007,60.86,47.05
"2024-10-23 12:00:00",7670,12.53,401,0,0.777,1.02,2.68,0.09,0.237,0.055,0.032,59.61,48.44
"2024-10-23 12:30:00",7671,12.53,401,0,0.772,1.14,2.53,0.101,0.224,-99,0.103,-99,58.59
"2024-10-23 13:00:00",7672,12.54,401,0,1.624,4.07,3.57,0.361,0.316,0.235,0.045,58.63,46.75
"2024-10-23 13:30:00",7673,12.54,401,0,1.042,1.5,3.46,0.133,0.306,0.08,0.048,56.47,45.72
"2024-10-23 14:00:00",7674,12.54,401,0,1.343,2.55,3.81,0.226,0.337,0.173,0.076,63.8,47.91
"2024-10-23 14:30:00",7675,12.55,401,0,1.139,1.67,3.75,0.148,0.332,0.09,0.063,56.63,46.72
"2024-10-23 15:00:00",7676,12.54,401,0,1.447,2.95,3.89,0.262,0.345,-99,0.082,-99,48.32
"2024-10-23 15:30:00",7677,12.54,401,0,1.328,2.67,3.61,0.236,0.319,-99,0.058,-99,46.61
"2024-10-23 16:00:00",7678,12.54,401,0,0.84,1,3.01,0.089,0.267,0.032,0.024,53.62,45.88
"2024-10-23 16:30:00",7679,12.54,401,0,0.751,0.98,2.6,0.087,0.231,0.038,0,57.33,44.76
"2024-10-23 17:00:00",7680,12.53,401,0,0.573,0.72,2.01,0.064,0.177,0.021,-0.029,59.39,45.01
"2024-10-23 17:30:00",7681,12.54,401,0,0.253,0,1.22,0,0.108,-0.034,-0.079,55.64,44.74
"2024-10-23 18:00:00",7682,12.54,401,0,-0.026,-0.42,0.31,-0.038,0.027,-0.069,-0.134,56.27,44.27
"2024-10-23 18:30:00",7683,12.53,401,0,-0.23,-0.75,-0.33,-0.067,-0.03,-0.096,-0.17,55.72,42.32
"2024-10-23 19:00:00",7684,12.53,401,0,-0.346,-0.96,-0.67,-0.086,-0.06,-0.109,-0.187,55.78,42.53
"2024-10-23 19:30:00",7685,12.52,401,0,-0.39,-1.01,-0.83,-0.091,-0.075,-0.111,-0.196,56.24,42.01
"2024-10-23 20:00:00",7686,12.52,401,0,-0.414,-1.08,-0.87,-0.096,-0.078,-0.122,-0.199,56.15,43.32
"2024-10-23 20:30:00",7687,12.52,401,0,-0.435,-1.11,-0.94,-0.099,-0.084,-0.117,-0.203,56.46,42.38
"2024-10-23 21:00:00",7688,12.51,401,0,-0.449,-1.11,-1.01,-0.099,-0.09,-0.122,-0.201,55.25,43.25
"2024-10-23 21:30:00",7689,12.51,401,0,-0.462,-1.15,-1.03,-0.103,-0.092,-0.126,-0.203,57.53,43.14
"2024-10-23 22:00:00",7690,12.51,401,0,-0.471,-1.16,-1.06,-0.104,-0.095,-0.121,-0.205,56.54,43.82
"2024-10-23 22:30:00",7691,12.5,401,0,-0.479,-1.16,-1.1,-0.104,-0.098,-0.124,-0.208,57.63,42.57
"2024-10-23 23:00:00",7692,12.5,401,0,-0.475,-1.17,-1.07,-0.104,-0.096,-0.125,-0.209,56.98,42.59
"2024-10-23 23:30:00",7693,12.5,401,0,-0.475,-1.14,-1.1,-0.101,-0.098,-0.122,-0.209,56.71,43.31
"2024-10-24 00:00:00",7694,12.5,401,0,-0.475,-1.17,-1.07,-0.104,-0.096,-0.122,-0.209,57.5,42.85
"2024-10-24 00:30:00",7695,12.49,401,0,-0.479,-1.16,-1.1,-0.104,-0.098,-0.121,-0.209,56.51,44.09
"2024-10-24 01:00:00",7696,12.5,401,0,-0.488,-1.2,-1.1,-0.107,-0.098,-0.127,-0.206,56.57,41.92
"2024-10-24 01:30:00",7697,12.49,401,0,-0.502,-1.2,-1.17,-0.107,-0.104,-0.125,-0.211,57.2,43.12
"2024-10-24 02:00:00",7698,12.49,401,0,-0.498,-1.21,-1.14,-0.108,-0.102,-0.125,-0.212,57.26,43.28
"2024-10-24 02:30:00",7699,12.49,401,0,-0.498,-1.21,-1.14,-0.108,-0.102,-0.125,-0.211,56.54,43.28
"2024-10-24 03:00:00",7700,12.49,401,0,-0.508,-1.2,-1.2,-0.107,-0.107,-0.127,-0.217,55.93,42.51
"2024-10-24 03:30:00",7701,12.49,401,0,-0.504,-1.22,-1.16,-0.109,-0.103,-0.126,-0.211,57.39,42.58
"2024-10-24 04:00:00",7702,12.49,401,0,-0.494,-1.21,-1.12,-0.108,-0.1,-0.123,-0.209,55.85,42.6
"2024-10-24 04:30:00",7703,12.49,401,0,-0.483,-1.16,-1.12,-0.104,-0.1,-0.126,-0.209,56.98,42.49
"2024-10-24 05:00:00",7704,12.48,401,0,-0.485,-1.16,-1.13,-0.104,-0.101,-0.124,-0.21,57.19,42.95
"2024-10-24 05:30:00",7705,12.48,401,0,-0.479,-1.13,-1.13,-0.101,-0.101,-0.121,-0.209,56.62,42.8
"2024-10-24 06:00:00",7706,12.48,401,0,-0.491,-1.16,-1.16,-0.103,-0.104,-0.123,-0.212,57.18,42.53
"2024-10-24 06:30:00",7707,12.48,401,0,-0.481,-1.15,-1.12,-0.103,-0.1,-0.123,-0.209,56.69,44.11
"2024-10-24 07:00:00",7708,12.48,401,0,-0.468,-1.12,-1.09,-0.1,-0.098,-0.121,-0.207,56.04,42.9
"2024-10-24 07:30:00",7709,12.48,401,0,-0.496,-1.17,-1.17,-0.104,-0.104,-0.125,-0.214,56.71,43.16
"2024-10-24 08:00:00",7710,12.47,401,0,-0.411,-1.01,-0.93,-0.09,-0.084,-0.111,-0.197,57.13,43.99
"2024-10-24 08:30:00",7711,12.47,401,0,-0.234,-0.71,-0.39,-0.063,-0.035,-0.082,-0.167,59.42,43.26
"2024-10-24 09:00:00",7712,12.47,401,0,0.016,-0.27,0.36,-0.024,0.032,-0.047,-0.119,59.18,45.93
"2024-10-24 09:30:00",7713,12.47,401,0,0.256,0.15,1.08,0.014,0.095,-0.016,-0.078,58.91,46.75
"2024-10-24 10:00:00",7714,12.47,401,0,0.461,0.51,1.69,0.045,0.149,0.013,-0.038,59.98,47.67
"2024-10-24 10:30:00",7715,12.47,401,0,0.626,0.89,2.09,0.079,0.185,0.046,-0.005,61.09,46.85
"2024-10-24 11:00:00",7716,12.48,401,0,0.792,1.15,2.62,0.102,0.232,0.061,0.014,59.21,48.04
"2024-10-24 11:30:00",7717,12.48,401,0,0.842,1.17,2.84,0.104,0.251,0.067,0.031,58.73,47.41
"2024-10-24 12:00:00",7718,12.48,401,0,0.902,1.3,2.99,0.115,0.265,0.077,0.042,58.51,47.6
"2024-10-24 12:30:00",7719,12.48,401,0,0.861,1.21,2.89,0.107,0.256,-99,0.112,-99,57.47
"2024-10-24 13:00:00",7720,12.48,401,0,1.484,3.32,3.68,0.294,0.326,0.195,0.054,58.9,48.26
"2024-10-24 13:30:00",7721,12.48,401,0,1.024,1.55,3.32,0.138,0.294,0.078,0.034,55.58,44.68
"2024-10-24 14:00:00",7722,12.48,401,0,1.14,1.94,3.47,0.172,0.307,0.126,0.057,62.68,48.44
"2024-10-24 14:30:00",7723,12.48,401,0,0.991,1.33,3.39,0.118,0.3,0.069,0.039,56.39,46.31
"2024-10-24 15:00:00",7724,12.48,401,0,1.114,2,3.28,0.177,0.29,0.135,0.043,63.99,48.09
"2024-10-24 15:30:00",7725,12.48,401,0,1.509,3.56,3.55,0.315,0.314,-99,0.05,-99,48.71
"2024-10-24 16:00:00",7726,12.48,401,0,0.736,0.91,2.6,0.081,0.23,0.026,-0.007,55.3,46.89
"2024-10-24 16:30:00",7727,12.48,401,0,0.647,0.73,2.36,0.065,0.209,0.019,-0.022,56.65,46.42
"2024-10-24 17:00:00",7728,12.47,401,0,0.598,0.93,1.91,0.082,0.169,0.03,-0.049,59.22,45.14
"2024-10-24 17:30:00",7729,12.47,401,0,0.263,0.03,1.24,0.003,0.11,-0.033,-0.08,55.78,46.12
"2024-10-24 18:00:00",7730,12.47,401,0,-0.011,-0.35,0.31,-0.032,0.028,-0.066,-0.133,56.15,42.9
"2024-10-24 18:30:00",7731,12.47,401,0,-0.239,-0.78,-0.34,-0.07,-0.031,-0.1,-0.172,56.01,42.19
"2024-10-24 19:00:00",7732,12.46,401,0,-0.344,-0.94,-0.68,-0.084,-0.061,-0.11,-0.189,56.37,43.23
"2024-10-24 19:30:00",7733,12.46,401,0,-0.375,-0.96,-0.81,-0.086,-0.073,-0.115,-0.198,56.13,43.13
"2024-10-24 20:00:00",7734,12.45,401,0,-0.425,-1.12,-0.88,-0.1,-0.079,-0.12,-0.198,56.48,42.4
"2024-10-24 20:30:00",7735,12.45,401,0,-0.418,-1.09,-0.88,-0.097,-0.079,-0.118,-0.199,55.64,43.48
"2024-10-24 21:00:00",7736,12.45,401,0,-0.437,-1.12,-0.94,-0.1,-0.084,-0.123,-0.201,55.7,42.29
"2024-10-24 21:30:00",7737,12.44,401,0,-0.443,-1.11,-0.98,-0.099,-0.088,-0.125,-0.201,55.67,43.1
"2024-10-24 22:00:00",7738,12.44,401,0,-0.447,-1.1,-1.01,-0.098,-0.091,-0.118,-0.209,55.88,42.47
"2024-10-24 22:30:00",7739,12.44,401,0,-0.453,-1.09,-1.05,-0.097,-0.094,-0.12,-0.209,56.17,42.35
"2024-10-24 23:00:00",7740,12.44,401,0,-0.466,-1.12,-1.08,-0.1,-0.097,-0.12,-0.206,56.33,42.92
"2024-10-24 23:30:00",7741,12.43,401,0,-0.469,-1.17,-1.04,-0.105,-0.093,-0.125,-0.209,55.23,42.81
"2024-10-25 00:00:00",7742,12.43,401,0,-0.47,-1.14,-1.08,-0.102,-0.096,-0.122,-0.209,55.34,43.18
"2024-10-25 00:30:00",7743,12.43,401,0,-0.47,-1.14,-1.08,-0.102,-0.096,-0.122,-0.209,55.62,42.78
"2024-10-25 01:00:00",7744,12.42,401,0,-0.477,-1.14,-1.11,-0.102,-0.099,-0.122,-0.211,57.06,42.25
"2024-10-25 01:30:00",7745,12.42,401,0,-0.469,-1.17,-1.04,-0.104,-0.093,-0.121,-0.208,55.76,42.35
"2024-10-25 02:00:00",7746,12.42,401,0,-0.464,-1.11,-1.08,-0.099,-0.096,-0.119,-0.208,56.69,42.86
"2024-10-25 02:30:00",7747,12.42,401,0,-0.458,-1.09,-1.07,-0.097,-0.095,-0.118,-0.208,58.3,43.07
"2024-10-25 03:00:00",7748,12.42,401,0,-0.473,-1.16,-1.07,-0.104,-0.095,-0.121,-0.205,56.01,43.43
"2024-10-25 03:30:00",7749,12.41,401,0,-0.479,-1.15,-1.11,-0.103,-0.099,-0.125,-0.211,55.56,42.72
"2024-10-25 04:00:00",7750,12.41,401,0,-0.464,-1.08,-1.11,-0.096,-0.099,-0.119,-0.211,56.12,43.38
"2024-10-25 04:30:00",7751,12.41,401,0,-0.453,-1.09,-1.05,-0.098,-0.094,-0.12,-0.211,56.44,42.46
"2024-10-25 05:00:00",7752,12.41,401,0,-0.47,-1.11,-1.11,-0.099,-0.099,-0.122,-0.209,56.32,43.07
"2024-10-25 05:30:00",7753,12.4,401,0,-0.468,-1.09,-1.12,-0.097,-0.1,-0.118,-0.212,56.81,42.15
"2024-10-25 06:00:00",7754,12.41,401,0,-0.487,-1.18,-1.12,-0.105,-0.1,-0.123,-0.211,56.27,42.44
"2024-10-25 06:30:00",7755,12.4,401,0,-0.47,-1.11,-1.11,-0.099,-0.099,-0.119,-0.211,56.56,42.73
"2024-10-25 07:00:00",7756,12.4,401,0,-0.481,-1.13,-1.14,-0.101,-0.102,-0.121,-0.214,56.85,43.44
"2024-10-25 07:30:00",7757,12.39,401,0,-0.474,-1.1,-1.14,-0.098,-0.102,-0.121,-0.214,56.61,43.35
"2024-10-25 08:00:00",7758,12.4,401,0,-0.432,-1,-1.04,-0.089,-0.093,-0.113,-0.206,56.92,42.52
"2024-10-25 08:30:00",7759,12.4,401,0,-0.272,-0.76,-0.52,-0.068,-0.047,-0.087,-0.171,58.15,44.07
"2024-10-25 09:00:00",7760,12.39,401,0,-0.088,-0.44,0.03,-0.04,0.003,-0.062,-0.137,60.38,45.05
"2024-10-25 09:30:00",7761,12.39,401,0,0.117,-0.11,0.68,-0.011,0.06,-0.037,-0.1,59.34,45.93
"2024-10-25 10:00:00",7762,12.39,401,0,0.303,0.24,1.21,0.021,0.107,-0.005,-0.065,60.41,46.99
"2024-10-25 10:30:00",7763,12.4,401,0,0.475,0.72,1.54,0.063,0.136,0.026,-0.028,60.07,48.17
"2024-10-25 11:00:00",7764,12.4,401,0,0.683,1,2.25,0.088,0.199,0.043,-0.012,58.41,47.08
"2024-10-25 11:30:00",7765,12.41,401,0,0.73,0.97,2.51,0.086,0.223,0.049,0.014,59.45,47.86
"2024-10-25 12:00:00",7766,12.41,401,0,0.815,1.17,2.71,0.104,0.24,0.07,0.035,59.49,49.41
"2024-10-25 12:30:00",7767,12.41,401,0,0.754,1.02,2.57,0.09,0.227,-99,-99,-99,-99
"2024-10-25 13:00:00",7768,12.42,401,0,1.098,1.88,3.33,0.166,0.295,0.067,0.03,52.19,45.7
"2024-10-25 13:30:00",7769,12.42,401,0,1.074,1.6,3.51,0.141,0.31,0.071,0.04,54.33,46.9
"2024-10-25 14:00:00",7770,12.42,401,0,1.449,3.19,3.65,0.283,0.323,-99,0.067,-99,48.33
"2024-10-25 14:30:00",7771,12.42,401,0,1.067,1.72,3.35,0.152,0.297,0.091,0.034,57.95,45.95
"2024-10-25 15:00:00",7772,12.42,401,0,0.916,1.33,3.03,0.117,0.268,-99,0.032,-99,47.76
"2024-10-25 15:30:00",7773,12.42,401,0,0.721,0.66,2.79,0.058,0.247,0.019,0.012,57.33,46.16
"2024-10-25 16:00:00",7774,12.42,401,0,0.612,0.7,2.22,0.062,0.197,0.017,-0.007,56.33,46.42
"2024-10-25 16:30:00",7775,12.42,401,0,0.616,0.69,2.25,0.061,0.199,0.022,-0.02,56.81,45.49
"2024-10-25 17:00:00",7776,12.42,401,0,0.452,0.49,1.67,0.044,0.148,0,-0.052,56.45,45.54
"2024-10-25 17:30:00",7777,12.42,401,0,0.192,-0.06,0.99,-0.006,0.088,-0.042,-0.092,55.09,44.18
"2024-10-25 18:00:00",7778,12.42,401,0,-0.043,-0.4,0.21,-0.036,0.019,-0.074,-0.138,55.67,43.36
"2024-10-25 18:30:00",7779,12.41,401,0,-0.249,-0.76,-0.41,-0.069,-0.037,-0.096,-0.174,54.96,42.8
"2024-10-25 19:00:00",7780,12.41,401,0,-0.365,-0.99,-0.73,-0.088,-0.065,-0.115,-0.193,56.4,43
"2024-10-25 19:30:00",7781,12.41,401,0,-0.408,-1.06,-0.86,-0.095,-0.077,-0.115,-0.199,56.3,43.31
"2024-10-25 20:00:00",7782,12.4,401,0,-0.424,-1.05,-0.95,-0.094,-0.085,-0.118,-0.203,57.23,42.99
"2024-10-25 20:30:00",7783,12.4,401,0,-0.447,-1.09,-1.02,-0.098,-0.091,-0.12,-0.207,56.81,43.15
"2024-10-25 21:00:00",7784,12.4,401,0,-0.458,-1.13,-1.03,-0.101,-0.092,-0.124,-0.207,56.61,43.21
"2024-10-25 21:30:00",7785,12.4,401,0,-0.489,-1.18,-1.13,-0.106,-0.101,-0.124,-0.209,55.26,42.43
"2024-10-25 22:00:00",7786,12.39,401,0,-0.477,-1.16,-1.09,-0.103,-0.097,-0.127,-0.207,55.86,42.29
"2024-10-25 22:30:00",7787,12.39,401,0,-0.494,-1.21,-1.12,-0.108,-0.1,-0.126,-0.207,57.46,42.55
"2024-10-25 23:00:00",7788,12.39,401,0,-0.477,-1.14,-1.11,-0.102,-0.099,-0.125,-0.208,56.89,43.32
"2024-10-25 23:30:00",7789,12.39,401,0,-0.481,-1.15,-1.12,-0.103,-0.1,-0.121,-0.212,56.57,43.16
"2024-10-26 00:00:00",7790,12.39,401,0,-0.494,-1.18,-1.15,-0.105,-0.103,-0.126,-0.212,57.07,43.26
"2024-10-26 00:30:00",7791,12.38,401,0,-0.502,-1.18,-1.19,-0.105,-0.106,-0.126,-0.212,57.69,42.37
"2024-10-26 01:00:00",7792,12.38,401,0,-0.489,-1.16,-1.15,-0.103,-0.102,-0.121,-0.211,58.3,42.13
"2024-10-26 01:30:00",7793,12.38,401,0,-0.489,-1.18,-1.13,-0.106,-0.101,-0.126,-0.21,57.63,43.39
"2024-10-26 02:00:00",7794,12.38,401,0,-0.498,-1.19,-1.16,-0.107,-0.104,-0.124,-0.211,57.1,43.12
"2024-10-26 02:30:00",7795,12.38,401,0,-0.502,-1.17,-1.2,-0.104,-0.107,-0.127,-0.211,56.06,43.74
"2024-10-26 03:00:00",7796,12.38,401,0,-0.488,-1.2,-1.1,-0.107,-0.098,-0.127,-0.209,56.57,43.16
"2024-10-26 03:30:00",7797,12.38,401,0,-0.496,-1.17,-1.17,-0.104,-0.105,-0.125,-0.212,57.42,43.44
"2024-10-26 04:00:00",7798,12.38,401,0,-0.489,-1.14,-1.17,-0.101,-0.105,-0.125,-0.212,56.11,42.7
"2024-10-26 04:30:00",7799,12.38,401,0,-0.496,-1.17,-1.17,-0.105,-0.105,-0.128,-0.209,56.34,42.51
"2024-10-26 05:00:00",7800,12.37,401,0,-0.502,-1.18,-1.19,-0.105,-0.106,-0.126,-0.215,57.11,43.86
"2024-10-26 05:30:00",7801,12.37,401,0,-0.487,-1.15,-1.15,-0.102,-0.103,-0.126,-0.212,57.64,43.14
"2024-10-26 06:00:00",7802,12.37,401,0,-0.5,-1.16,-1.2,-0.103,-0.107,-0.121,-0.212,57.46,42.39
"2024-10-26 06:30:00",7803,12.37,401,0,-0.496,-1.18,-1.16,-0.105,-0.104,-0.123,-0.208,57.36,42.86
"2024-10-26 07:00:00",7804,12.37,401,0,-0.485,-1.17,-1.12,-0.104,-0.1,-0.122,-0.205,57.26,43.85
"2024-10-26 07:30:00",7805,12.37,401,0,-0.498,-1.19,-1.16,-0.106,-0.104,-0.121,-0.211,58.45,43.38
"2024-10-26 08:00:00",7806,12.37,401,0,-0.483,-1.12,-1.16,-0.1,-0.103,-0.121,-0.21,58.4,43.74
"2024-10-26 08:30:00",7807,12.37,401,0,-0.447,-1.07,-1.04,-0.096,-0.093,-0.113,-0.199,57.96,44.56
"2024-10-26 09:00:00",7808,12.36,401,0,-0.301,-0.8,-0.62,-0.072,-0.056,-0.096,-0.177,57.79,44.12
"2024-10-26 09:30:00",7809,12.37,401,0,0.064,-0.17,0.49,-0.016,0.043,-0.042,-0.111,59.36,46.22
"2024-10-26 10:00:00",7810,12.37,401,0,0.425,0.46,1.57,0.041,0.139,0.016,-0.047,60.4,49.07
"2024-10-26 10:30:00",7811,12.37,401,0,0.665,1,2.16,0.089,0.191,0.052,0.002,60.45,49.95
"2024-10-26 11:00:00",7812,12.37,401,0,0.763,1.09,2.54,0.096,0.224,0.054,0.01,56.87,48.61
"2024-10-26 11:30:00",7813,12.37,401,0,0.832,1.14,2.82,0.101,0.25,0.066,0.031,60.18,49.69
"2024-10-26 12:00:00",7814,12.38,401,0,0.899,1.28,3,0.113,0.266,0.074,0.045,58.42,49.01
"2024-10-26 12:30:00",7815,12.37,401,0,0.807,1.17,2.67,0.103,0.236,-99,0.109,-99,58.37
"2024-10-26 13:00:00",7816,12.38,401,0,1.13,1.96,3.4,0.174,0.301,0.08,0.035,52.59,45.01
"2024-10-26 13:30:00",7817,12.38,401,0,1.058,1.59,3.44,0.141,0.305,0.079,0.04,56.19,46.11
"2024-10-26 14:00:00",7818,12.38,401,0,1.32,2.7,3.54,0.239,0.314,-99,0.062,-99,49.75
"2024-10-26 14:30:00",7819,12.38,401,0,0.954,1.39,3.15,0.123,0.279,0.069,0.03,56.98,46.07
"2024-10-26 15:00:00",7820,12.38,401,0,0.871,0.96,3.2,0.085,0.284,-99,0.061,-99,50.83
"2024-10-26 15:30:00",7821,12.38,401,0,0.528,-0.02,2.57,-0.003,0.227,-0.019,0.002,58.27,46.95
"2024-10-26 16:00:00",7822,12.38,401,0,0.668,0.77,2.42,0.068,0.215,0.02,-0.002,55.3,47.3
"2024-10-26 16:30:00",7823,12.38,401,0,0.624,0.7,2.28,0.062,0.202,0.019,-0.022,55.99,45.91
"2024-10-26 17:00:00",7824,12.38,401,0,0.434,0.37,1.71,0.033,0.151,-0.006,-0.055,55.36,46.27
"2024-10-26 17:30:00",7825,12.37,401,0,0.175,-0.06,0.91,-0.006,0.08,-0.042,-0.099,55.94,45.03
"2024-10-26 18:00:00",7826,12.37,401,0,-0.093,-0.5,0.07,-0.045,0.006,-0.076,-0.146,55.33,43.01
"2024-10-26 18:30:00",7827,12.37,401,0,-0.287,-0.83,-0.52,-0.074,-0.047,-0.101,-0.179,54.39,43.32
"2024-10-26 19:00:00",7828,12.36,401,0,-0.357,-0.99,-0.69,-0.089,-0.062,-0.112,-0.19,55,42.84
"2024-10-26 19:30:00",7829,12.36,401,0,-0.412,-1.11,-0.83,-0.1,-0.074,-0.123,-0.2,55.16,43.42
"2024-10-26 20:00:00",7830,12.35,401,0,-0.43,-1.07,-0.96,-0.096,-0.086,-0.119,-0.205,56.51,43.11
"2024-10-26 20:30:00",7831,12.35,401,0,-0.441,-1.08,-1,-0.096,-0.089,-0.119,-0.205,54.9,42.48
"2024-10-26 21:00:00",7832,12.34,401,0,-0.443,-1.09,-1,-0.097,-0.089,-0.12,-0.205,56.3,42.74
"2024-10-26 21:30:00",7833,12.34,401,0,-0.473,-1.15,-1.08,-0.102,-0.097,-0.126,-0.208,56.31,42.49
"2024-10-26 22:00:00",7834,12.34,401,0,-0.466,-1.14,-1.06,-0.102,-0.095,-0.123,-0.206,57.49,43.25
"2024-10-26 22:30:00",7835,12.34,401,0,-0.458,-1.13,-1.03,-0.101,-0.092,-0.122,-0.205,56.03,43.46
"2024-10-26 23:00:00",7836,12.33,401,0,-0.479,-1.18,-1.08,-0.105,-0.096,-0.129,-0.208,55.26,43.26
"2024-10-26 23:30:00",7837,12.33,401,0,-0.479,-1.18,-1.08,-0.105,-0.096,-0.123,-0.208,55.7,42.29
"2024-10-27 00:00:00",7838,12.33,401,0,-0.479,-1.18,-1.08,-0.105,-0.096,-0.126,-0.209,57.36,42.03
"2024-10-27 00:30:00",7839,12.33,401,0,-0.475,-1.16,-1.08,-0.104,-0.097,-0.122,-0.209,55.24,42.4
"2024-10-27 01:00:00",7840,12.33,401,0,-0.466,-1.13,-1.07,-0.101,-0.096,-0.125,-0.208,55.49,42.91
"2024-10-27 01:30:00",7841,12.33,401,0,-0.47,-1.14,-1.08,-0.102,-0.096,-0.12,-0.208,56.65,42.82
"2024-10-27 02:00:00",7842,12.32,401,0,-0.479,-1.18,-1.08,-0.105,-0.096,-0.123,-0.208,56.73,42.75
"2024-10-27 02:30:00",7843,12.32,401,0,-0.483,-1.19,-1.09,-0.107,-0.097,-0.125,-0.213,56.61,42.93
"2024-10-27 03:00:00",7844,12.32,401,0,-0.475,-1.17,-1.07,-0.105,-0.095,-0.125,-0.211,55.55,42.29
"2024-10-27 03:30:00",7845,12.32,401,0,-0.481,-1.13,-1.14,-0.101,-0.101,-0.119,-0.213,55.97,42.97
"2024-10-27 04:00:00",7846,12.32,401,0,-0.485,-1.16,-1.13,-0.104,-0.101,-0.124,-0.211,56.39,43.13
"2024-10-27 04:30:00",7847,12.31,401,0,-0.471,-1.16,-1.06,-0.104,-0.095,-0.121,-0.213,56.79,42.29
"2024-10-27 05:00:00",7848,12.31,401,0,-0.485,-1.16,-1.13,-0.104,-0.101,-0.124,-0.211,56.55,42.46
"2024-10-27 05:30:00",7849,12.3,401,0,-0.472,-1.13,-1.1,-0.101,-0.098,-0.122,-0.211,56.64,43.38
"2024-10-27 06:00:00",7850,12.3,401,0,-0.479,-1.15,-1.11,-0.102,-0.099,-0.12,-0.208,56.01,42.19
"2024-10-27 06:30:00",7851,12.3,401,0,-0.483,-1.14,-1.14,-0.101,-0.101,-0.122,-0.211,56.45,43.04
"2024-10-27 07:00:00",7852,12.3,401,0,-0.487,-1.15,-1.15,-0.103,-0.103,-0.127,-0.212,56.49,42.92
"2024-10-27 07:30:00",7853,12.3,401,0,-0.483,-1.12,-1.16,-0.1,-0.104,-0.121,-0.213,56.5,42.25
"2024-10-27 08:00:00",7854,12.29,401,0,-0.447,-1.05,-1.06,-0.094,-0.094,-0.118,-0.205,57.68,43.03
"2024-10-27 08:30:00",7855,12.29,401,0,-0.314,-0.81,-0.67,-0.073,-0.06,-0.097,-0.183,58.15,42.09
"2024-10-27 09:00:00",7856,12.29,401,0,-0.129,-0.51,-0.09,-0.046,-0.009,-0.071,-0.148,58.31,44.9
"2024-10-27 09:30:00",7857,12.29,401,0,0.052,-0.2,0.46,-0.019,0.041,-0.042,-0.109,60.39,44.48
"2024-10-27 10:00:00",7858,12.3,401,0,0.229,0.09,1.01,0.008,0.089,-0.018,-0.079,61.02,47.19
"2024-10-27 10:30:00",7859,12.3,401,0,0.388,0.49,1.36,0.043,0.121,0.01,-0.045,60.58,47.17
"2024-10-27 11:00:00",7860,12.3,401,0,0.533,0.65,1.89,0.058,0.167,0.027,-0.027,59.58,47.84
"2024-10-27 11:30:00",7861,12.3,401,0,0.57,0.7,2.02,0.062,0.179,0.029,-0.019,60.56,47.57
"2024-10-27 12:00:00",7862,12.3,401,0,0.616,0.74,2.2,0.066,0.195,0.034,-0.007,59.86,48.53
"2024-10-27 12:30:00",7863,12.31,401,0,0.748,1.07,2.49,0.094,0.22,-99,0.074,-99,55.52
"2024-10-27 13:00:00",7864,12.31,401,0,1.294,2.98,3.12,0.263,0.276,0.198,0.041,62.85,47.63
"2024-10-27 13:30:00",7865,12.31,401,0,0.89,1.18,3.06,0.105,0.271,0.055,0.027,55.54,47.12
"2024-10-27 14:00:00",7866,12.32,401,0,0.881,1.14,3.06,0.101,0.271,0.063,0.037,59.95,46.7
"2024-10-27 14:30:00",7867,12.32,401,0,0.996,1.41,3.33,0.124,0.295,0.07,0.042,56.88,46.64
"2024-10-27 15:00:00",7868,12.31,401,0,0.969,1.25,3.37,0.111,0.299,0.085,0.053,59.63,48.15
"2024-10-27 15:30:00",7869,12.31,401,0,0.755,0.92,2.68,0.082,0.237,0.058,0.022,62.79,48.15
"2024-10-27 16:00:00",7870,12.31,401,0,0.387,-0.44,2.33,-0.04,0.206,-0.055,0.007,55.18,48.01
"2024-10-27 16:30:00",7871,12.31,401,0,0.752,1.08,2.5,0.096,0.221,0.042,-0.01,56,46.34
"2024-10-27 17:00:00",7872,12.31,401,0,0.513,0.57,1.88,0.05,0.167,0.003,-0.043,56.25,44.67
"2024-10-27 17:30:00",7873,12.31,401,0,0.274,0.1,1.22,0.009,0.108,-0.028,-0.081,56.2,45.13
"2024-10-27 18:00:00",7874,12.31,401,0,0.03,-0.26,0.42,-0.024,0.037,-0.062,-0.128,56.17,44.27
"2024-10-27 18:30:00",7875,12.3,401,0,-0.186,-0.63,-0.24,-0.057,-0.022,-0.088,-0.165,55.56,43.55
"2024-10-27 19:00:00",7876,12.3,401,0,-0.315,-0.89,-0.59,-0.08,-0.053,-0.107,-0.186,54.79,42.78
"2024-10-27 19:30:00",7877,12.3,401,0,-0.373,-0.96,-0.8,-0.086,-0.072,-0.109,-0.197,55.98,42.56
"2024-10-27 20:00:00",7878,12.29,401,0,-0.394,-0.99,-0.87,-0.089,-0.078,-0.118,-0.201,55.45,43.13
"2024-10-27 20:30:00",7879,12.28,401,0,-0.435,-1.1,-0.95,-0.098,-0.085,-0.124,-0.208,55.53,42.37
"2024-10-27 21:00:00",7880,12.28,401,0,-0.449,-1.1,-1.02,-0.098,-0.091,-0.118,-0.208,55.78,42.21
"2024-10-27 21:30:00",7881,12.28,401,0,-0.468,-1.13,-1.08,-0.101,-0.096,-0.122,-0.209,56.6,42.35
"2024-10-27 22:00:00",7882,12.28,401,0,-0.47,-1.14,-1.08,-0.102,-0.096,-0.122,-0.212,57.34,43.35
"2024-10-27 22:30:00",7883,12.27,401,0,-0.468,-1.14,-1.07,-0.102,-0.096,-0.122,-0.209,55.68,43.09
"2024-10-27 23:00:00",7884,12.27,401,0,-0.472,-1.12,-1.11,-0.1,-0.099,-0.124,-0.212,56.24,42.57
"2024-10-27 23:30:00",7885,12.26,401,0,-0.483,-1.17,-1.11,-0.104,-0.099,-0.122,-0.212,56.62,42.78
"2024-10-28 00:00:00",7886,12.25,401,0,-0.468,-1.1,-1.11,-0.098,-0.099,-0.119,-0.209,55.48,43.31
"2024-10-28 00:30:00",7887,12.26,401,0,-0.483,-1.17,-1.11,-0.104,-0.099,-0.125,-0.212,56.67,43.1
"2024-10-28 01:00:00",7888,12.25,401,0,-0.464,-1.09,-1.1,-0.098,-0.098,-0.118,-0.208,55.47,43.56
"2024-10-28 01:30:00",7889,12.25,401,0,-0.464,-1.08,-1.11,-0.097,-0.099,-0.12,-0.212,55.39,42.38
"2024-10-28 02:00:00",7890,12.25,401,0,-0.489,-1.17,-1.14,-0.104,-0.102,-0.125,-0.212,56.21,42.94
"2024-10-28 02:30:00",7891,12.25,401,0,-0.479,-1.16,-1.1,-0.104,-0.098,-0.124,-0.211,56.55,43.55
"2024-10-28 03:00:00",7892,12.24,401,0,-0.481,-1.13,-1.14,-0.101,-0.102,-0.121,-0.214,56.14,42.73
"2024-10-28 03:30:00",7893,12.24,401,0,-0.493,-1.16,-1.17,-0.103,-0.104,-0.124,-0.211,57.82,42.73
"2024-10-28 04:00:00",7894,12.24,401,0,-0.493,-1.16,-1.17,-0.104,-0.105,-0.125,-0.214,56.36,42.94
"2024-10-28 04:30:00",7895,12.24,401,0,-0.481,-1.13,-1.14,-0.101,-0.101,-0.124,-0.214,56.47,43.2
"2024-10-28 05:00:00",7896,12.24,401,0,-0.487,-1.13,-1.17,-0.101,-0.105,-0.122,-0.214,56.19,41.95
"2024-10-28 05:30:00",7897,12.24,401,0,-0.485,-1.16,-1.13,-0.104,-0.101,-0.122,-0.213,56.75,42.51
"2024-10-28 06:00:00",7898,12.23,401,0,-0.5,-1.19,-1.17,-0.107,-0.104,-0.124,-0.216,56.36,43.78
"2024-10-28 06:30:00",7899,12.23,401,0,-0.487,-1.13,-1.17,-0.101,-0.104,-0.121,-0.213,55.48,42.74
"2024-10-28 07:00:00",7900,12.23,401,0,-0.5,-1.16,-1.2,-0.103,-0.107,-0.124,-0.213,56.51,42.1
"2024-10-28 07:30:00",7901,12.23,401,0,-0.493,-1.16,-1.17,-0.104,-0.104,-0.124,-0.211,56.62,42.78
"2024-10-28 08:00:00",7902,12.23,401,0,-0.453,-1.05,-1.09,-0.094,-0.098,-0.115,-0.208,56.96,43.71
"2024-10-28 08:30:00",7903,12.23,401,0,-0.31,-0.83,-0.63,-0.075,-0.057,-0.094,-0.183,58.25,44.42
"2024-10-28 09:00:00",7904,12.22,401,0,-0.15,-0.54,-0.16,-0.049,-0.015,-0.068,-0.15,60.61,44.86
"2024-10-28 09:30:00",7905,12.23,401,0,0.064,-0.17,0.49,-0.016,0.043,-0.039,-0.111,60.15,45.48
"2024-10-28 10:00:00",7906,12.23,401,0,0.263,0.21,1.05,0.018,0.093,-0.003,-0.07,62.7,47.21
"2024-10-28 10:30:00",7907,12.24,401,0,0.542,0.75,1.83,0.067,0.162,0.04,-0.005,62.84,49.42
"2024-10-28 11:00:00",7908,12.24,401,0,0.727,1,2.46,0.088,0.218,0.057,0.014,60.85,48.27
"2024-10-28 11:30:00",7909,12.25,401,0,0.805,1.13,2.7,0.1,0.239,0.063,0.026,59.6,48.84
"2024-10-28 12:00:00",7910,12.25,401,0,0.874,1.25,2.91,0.111,0.258,0.077,0.048,60.39,47.81
"2024-10-28 12:30:00",7911,12.26,401,0,0.806,1.22,2.61,0.108,0.231,-99,-99,-99,-99
"2024-10-28 13:00:00",7912,12.26,401,0,1.324,2.69,3.57,0.238,0.316,0.137,0.063,53.6,47.67
"2024-10-28 13:30:00",7913,12.26,401,0,0.978,1.33,3.33,0.117,0.295,0.075,0.045,56.77,46.95
"2024-10-28 14:00:00",7914,12.27,401,0,1.064,1.62,3.44,0.143,0.305,0.115,0.065,63.1,48.19
"2024-10-28 14:30:00",7915,12.27,401,0,0.915,0.98,3.39,0.087,0.3,0.038,0.047,55.2,47.2
"2024-10-28 15:00:00",7916,12.27,401,0,1.338,2.68,3.65,0.238,0.323,-99,0.072,-99,49.95
"2024-10-28 15:30:00",7917,12.27,401,0,1.027,1.83,3.04,0.162,0.269,0.103,0.037,60.31,47.32
"2024-10-28 16:00:00",7918,12.27,401,0,0.318,-0.68,2.25,-0.061,0.199,-0.069,0.005,54.71,47.7
"2024-10-28 16:30:00",7919,12.27,401,0,0.583,0.73,2.05,0.064,0.182,0.014,-0.033,55.4,44.91
"2024-10-28 17:00:00",7920,12.27,401,0,0.426,0.4,1.64,0.036,0.145,-0.003,-0.056,57.11,45.53
"2024-10-28 17:30:00",7921,12.26,401,0,0.184,-0.02,0.91,-0.003,0.081,-0.043,-0.1,56.68,45.09
"2024-10-28 18:00:00",7922,12.27,401,0,-0.072,-0.47,0.14,-0.042,0.013,-0.074,-0.142,55.73,43.99
"2024-10-28 18:30:00",7923,12.26,401,0,-0.277,-0.81,-0.49,-0.072,-0.044,-0.1,-0.18,56.06,42.65
"2024-10-28 19:00:00",7924,12.25,401,0,-0.361,-0.93,-0.77,-0.083,-0.069,-0.11,-0.195,55.53,42.54
"2024-10-28 19:30:00",7925,12.25,401,0,-0.416,-1.05,-0.91,-0.094,-0.081,-0.118,-0.2,55.9,43.17
"2024-10-28 20:00:00",7926,12.25,401,0,-0.422,-1.05,-0.94,-0.094,-0.084,-0.118,-0.202,56.4,43
"2024-10-28 20:30:00",7927,12.24,401,0,-0.439,-1.09,-0.98,-0.097,-0.087,-0.121,-0.205,56.16,42.75
"2024-10-28 21:00:00",7928,12.24,401,0,-0.466,-1.12,-1.08,-0.1,-0.097,-0.121,-0.208,55.41,42.67
"2024-10-28 21:30:00",7929,12.24,401,0,-0.462,-1.13,-1.05,-0.101,-0.094,-0.124,-0.208,55.91,42.5
"2024-10-28 22:00:00",7930,12.23,401,0,-0.473,-1.15,-1.08,-0.103,-0.097,-0.123,-0.213,55.55,42.97
"2024-10-28 22:30:00",7931,12.23,401,0,-0.464,-1.11,-1.08,-0.1,-0.096,-0.123,-0.21,56.53,42.7
"2024-10-28 23:00:00",7932,12.22,401,0,-0.479,-1.18,-1.08,-0.105,-0.096,-0.123,-0.21,56.24,42.98
"2024-10-28 23:30:00",7933,12.22,401,0,-0.485,-1.18,-1.11,-0.105,-0.099,-0.126,-0.213,56.38,43.12
"2024-10-29 00:00:00",7934,12.22,401,0,-0.47,-1.14,-1.08,-0.102,-0.096,-0.125,-0.207,56.56,42.16
"2024-10-29 00:30:00",7935,12.22,401,0,-0.479,-1.15,-1.11,-0.103,-0.099,-0.129,-0.21,55.82,42.67
"2024-10-29 01:00:00",7936,12.21,401,0,-0.491,-1.14,-1.18,-0.102,-0.105,-0.125,-0.212,57.31,42.8
"2024-10-29 01:30:00",7937,12.21,401,0,-0.487,-1.15,-1.15,-0.102,-0.102,-0.123,-0.215,56.97,42.72
"2024-10-29 02:00:00",7938,12.2,401,0,-0.483,-1.17,-1.11,-0.104,-0.099,-0.122,-0.212,56.79,42.54
"2024-10-29 02:30:00",7939,12.2,401,0,-0.491,-1.14,-1.18,-0.102,-0.105,-0.123,-0.212,56.64,42.82
"2024-10-29 03:00:00",7940,12.2,401,0,-0.491,-1.14,-1.18,-0.101,-0.105,-0.125,-0.212,56.66,43.09
"2024-10-29 03:30:00",7941,12.2,401,0,-0.489,-1.14,-1.17,-0.101,-0.105,-0.122,-0.212,57.32,43.65
"2024-10-29 04:00:00",7942,12.2,401,0,-0.493,-1.15,-1.18,-0.102,-0.105,-0.126,-0.212,56.14,42.46
"2024-10-29 04:30:00",7943,12.19,401,0,-0.498,-1.17,-1.18,-0.104,-0.105,-0.122,-0.212,56.89,43.48
"2024-10-29 05:00:00",7944,12.19,401,0,-0.502,-1.16,-1.21,-0.104,-0.108,-0.127,-0.217,56.81,42.3
"2024-10-29 05:30:00",7945,12.19,401,0,-0.5,-1.19,-1.17,-0.106,-0.105,-0.127,-0.214,55.83,41.99
"2024-10-29 06:00:00",7946,12.19,401,0,-0.489,-1.14,-1.17,-0.102,-0.105,-0.123,-0.212,56.19,42.62
"2024-10-29 06:30:00",7947,12.18,401,0,-0.497,-1.14,-1.21,-0.102,-0.108,-0.126,-0.215,55.6,42.18
"2024-10-29 07:00:00",7948,12.18,401,0,-0.495,-1.13,-1.21,-0.101,-0.108,-0.122,-0.212,56.76,43.35
"2024-10-29 07:30:00",7949,12.19,401,0,-0.501,-1.13,-1.24,-0.101,-0.111,-0.124,-0.217,57.17,42.93
"2024-10-29 08:00:00",7950,12.18,401,0,-0.501,-1.13,-1.24,-0.101,-0.111,-0.122,-0.214,56.58,42.9
"2024-10-29 08:30:00",7951,12.18,401,0,-0.399,-1,-0.88,-0.089,-0.079,-0.108,-0.195,57.66,42.84
"2024-10-29 09:00:00",7952,12.18,401,0,-0.259,-0.73,-0.49,-0.065,-0.044,-0.082,-0.167,59.3,44.22
"2024-10-29 09:30:00",7953,12.18,401,0,-0.061,-0.41,0.13,-0.037,0.012,-0.057,-0.127,60.01,44.94
"2024-10-29 10:00:00",7954,12.19,401,0,0.109,-0.08,0.61,-0.008,0.054,-0.031,-0.093,61.36,46.45
"2024-10-29 10:30:00",7955,12.19,401,0,0.276,0.28,1.04,0.025,0.092,0.007,-0.047,65.85,49.95
"2024-10-29 11:00:00",7956,12.19,401,0,0.408,0.39,1.56,0.034,0.138,0.01,-0.036,60.6,47.62
"2024-10-29 11:30:00",7957,12.2,401,0,0.535,0.73,1.82,0.065,0.161,0.031,-0.022,61.51,47.85
"2024-10-29 12:00:00",7958,12.21,401,0,0.587,0.7,2.1,0.062,0.186,0.031,-0.002,60.97,47.99
"2024-10-29 12:30:00",7959,12.21,401,0,0.545,0.65,1.95,0.057,0.173,-99,-99,-99,-99
"2024-10-29 13:00:00",7960,12.22,401,0,0.634,0.42,2.62,0.037,0.232,-0.01,0.008,50.63,46.79
"2024-10-29 13:30:00",7961,12.22,401,0,0.745,1.02,2.53,0.091,0.224,0.049,0.005,58.82,46.41
"2024-10-29 14:00:00",7962,12.22,401,0,1.097,2.21,2.98,0.196,0.264,0.168,0.036,64.9,49.16
"2024-10-29 14:30:00",7963,12.22,401,0,0.621,0.43,2.55,0.038,0.226,0,0.003,54.81,46.66
"2024-10-29 15:00:00",7964,12.23,401,0,0.803,0.96,2.87,0.085,0.254,0.072,0.039,65.84,49.54
"2024-10-29 15:30:00",7965,12.23,401,0,0.725,1.24,2.2,0.11,0.195,0.066,-0.018,61,48.02
"2024-10-29 16:00:00",7966,12.22,401,0,0.503,-0.23,2.67,-0.021,0.236,-0.026,0.036,57.1,49.26
"2024-10-29 16:30:00",7967,12.22,401,0,0.553,0.64,2,0.056,0.177,0.009,-0.038,55.14,46.31
"2024-10-29 17:00:00",7968,12.22,401,0,0.42,0.38,1.63,0.033,0.144,-0.006,-0.059,56.85,45.27
"2024-10-29 17:30:00",7969,12.22,401,0,0.148,-0.09,0.81,-0.009,0.072,-0.043,-0.106,55.57,44.66
"2024-10-29 18:00:00",7970,12.21,401,0,-0.194,-0.67,-0.24,-0.06,-0.022,-0.089,-0.166,55.07,44.01
"2024-10-29 18:30:00",7971,12.21,401,0,-0.359,-0.95,-0.74,-0.085,-0.067,-0.112,-0.191,55.24,42.26
"2024-10-29 19:00:00",7972,12.21,401,0,-0.42,-1.06,-0.92,-0.095,-0.083,-0.122,-0.202,55.94,42.95
"2024-10-29 19:30:00",7973,12.21,401,0,-0.424,-1.04,-0.96,-0.093,-0.085,-0.117,-0.204,55.73,42.59
"2024-10-29 20:00:00",7974,12.2,401,0,-0.443,-1.1,-0.99,-0.098,-0.088,-0.122,-0.207,55.95,42.55
"2024-10-29 20:30:00",7975,12.19,401,0,-0.449,-1.1,-1.02,-0.098,-0.091,-0.122,-0.207,55.18,41.62
"2024-10-29 21:00:00",7976,12.19,401,0,-0.466,-1.15,-1.05,-0.103,-0.094,-0.123,-0.209,57.43,42.51
"2024-10-29 21:30:00",7977,12.19,401,0,-0.468,-1.14,-1.07,-0.102,-0.096,-0.123,-0.205,55.65,42.24
"2024-10-29 22:00:00",7978,12.19,401,0,-0.479,-1.15,-1.11,-0.102,-0.099,-0.123,-0.211,55.99,42.74
"2024-10-29 22:30:00",7979,12.18,401,0,-0.479,-1.17,-1.09,-0.104,-0.097,-0.125,-0.212,56.26,42.85
"2024-10-29 23:00:00",7980,12.18,401,0,-0.487,-1.18,-1.12,-0.106,-0.1,-0.126,-0.212,56.17,42.91
"2024-10-29 23:30:00",7981,12.18,401,0,-0.498,-1.2,-1.15,-0.107,-0.102,-0.125,-0.211,57.6,42.78
"2024-10-30 00:00:00",7982,12.17,401,0,-0.502,-1.23,-1.14,-0.11,-0.102,-0.128,-0.21,56.28,43.7
"2024-10-30 00:30:00",7983,12.17,401,0,-0.494,-1.19,-1.14,-0.107,-0.101,-0.125,-0.213,56.3,43.04
"2024-10-30 01:00:00",7984,12.17,401,0,-0.5,-1.19,-1.17,-0.107,-0.104,-0.122,-0.208,57.08,42.42
"2024-10-30 01:30:00",7985,12.17,401,0,-0.506,-1.19,-1.2,-0.106,-0.107,-0.124,-0.212,57.16,42.92
"2024-10-30 02:00:00",7986,12.17,401,0,-0.506,-1.19,-1.2,-0.107,-0.107,-0.125,-0.209,56.94,42.96
"2024-10-30 02:30:00",7987,12.17,401,0,-0.5,-1.17,-1.19,-0.105,-0.106,-0.126,-0.209,56.63,42.81
"2024-10-30 03:00:00",7988,12.16,401,0,-0.523,-1.26,-1.21,-0.112,-0.108,-0.128,-0.21,57.45,42.38
"2024-10-30 03:30:00",7989,12.16,401,0,-0.508,-1.19,-1.21,-0.106,-0.108,-0.125,-0.21,57.17,43.34
"2024-10-30 04:00:00",7990,12.17,401,0,-0.504,-1.2,-1.18,-0.107,-0.105,-0.126,-0.21,58.19,42.96
"2024-10-30 04:30:00",7991,12.16,401,0,-0.504,-1.2,-1.18,-0.107,-0.105,-0.126,-0.211,58.09,43.69
"2024-10-30 05:00:00",7992,12.17,401,0,-0.506,-1.18,-1.21,-0.105,-0.108,-0.123,-0.21,57.62,44.06
"2024-10-30 05:30:00",7993,12.16,401,0,-0.517,-1.25,-1.19,-0.111,-0.106,-0.127,-0.213,57.68,43.03
"2024-10-30 06:00:00",7994,12.17,401,0,-0.51,-1.19,-1.22,-0.106,-0.109,-0.124,-0.213,57.52,43.28
"2024-10-30 06:30:00",7995,12.17,401,0,-0.502,-1.18,-1.19,-0.106,-0.106,-0.124,-0.208,57.45,42.8
"2024-10-30 07:00:00",7996,12.16,401,0,-0.519,-1.19,-1.26,-0.106,-0.112,-0.124,-0.213,56.63,43.06
"2024-10-30 07:30:00",7997,12.17,401,0,-0.517,-1.22,-1.22,-0.109,-0.109,-0.124,-0.213,56.57,42.18
"2024-10-30 08:00:00",7998,12.16,401,0,-0.504,-1.2,-1.18,-0.107,-0.105,-0.123,-0.208,57.77,43.28
"2024-10-30 08:30:00",7999,12.17,401,0,-0.415,-1.03,-0.93,-0.092,-0.084,-0.111,-0.194,58.08,43.27
"2024-10-30 09:00:00",8000,12.17,401,0,-0.263,-0.71,-0.53,-0.063,-0.047,-0.086,-0.17,57.75,44.35
"2024-10-30 09:30:00",8001,12.17,401,0,-0.099,-0.49,0.03,-0.044,0.003,-0.07,-0.134,59.51,43.35
"2024-10-30 10:00:00",8002,12.17,401,0,0.119,-0.08,0.66,-0.008,0.059,-0.035,-0.095,59.82,46.01
"2024-10-30 10:30:00",8003,12.17,401,0,0.303,0.29,1.16,0.026,0.103,0.008,-0.056,63.04,47.14
"2024-10-30 11:00:00",8004,12.17,401,0,0.448,0.45,1.69,0.039,0.149,0.008,-0.035,59.11,48.35
"2024-10-30 11:30:00",8005,12.17,401,0,0.531,0.67,1.86,0.059,0.165,0.024,-0.017,57.93,48.27
"2024-10-30 12:00:00",8006,12.18,401,0,0.619,0.81,2.14,0.072,0.189,0.04,-0.012,59.39,47.5
"2024-10-30 12:30:00",8007,12.18,401,0,0.569,0.77,1.94,0.069,0.172,-99,0.058,-99,58.26
"2024-10-30 13:00:00",8008,12.18,401,0,0.4,-0.19,2.13,-0.018,0.189,-0.052,-0.023,51.17,45.67
"2024-10-30 13:30:00",8009,12.18,401,0,0.732,0.95,2.54,0.084,0.225,0.042,0.003,58.56,47.81
"2024-10-30 14:00:00",8010,12.19,401,0,0.949,1.84,2.65,0.163,0.234,0.122,0.017,62.42,47.93
"2024-10-30 14:30:00",8011,12.19,401,0,0.672,0.74,2.47,0.066,0.218,0.024,0.003,55.73,47.17
"2024-10-30 15:00:00",8012,12.19,401,0,0.618,0.28,2.69,0.025,0.238,0.017,0.043,61.91,48.93
"2024-10-30 15:30:00",8013,12.19,401,0,0.626,0.66,2.33,0.058,0.206,0.036,0.003,61.81,47.43
"2024-10-30 16:00:00",8014,12.19,401,0,0.693,0.97,2.33,0.086,0.206,0.051,0,60.82,48.26
"2024-10-30 16:30:00",8015,12.18,401,0,0.488,0.5,1.83,0.044,0.162,0.006,-0.044,55.11,45.46
"2024-10-30 17:00:00",8016,12.18,401,0,0.317,0.21,1.31,0.018,0.116,-0.023,-0.073,57.15,44.74
"2024-10-30 17:30:00",8017,12.18,401,0,0.112,-0.16,0.71,-0.015,0.063,-0.049,-0.107,57.09,44.53
"2024-10-30 18:00:00",8018,12.18,401,0,-0.144,-0.61,-0.06,-0.055,-0.006,-0.084,-0.153,55.29,44.23
"2024-10-30 18:30:00",8019,12.18,401,0,-0.338,-0.95,-0.64,-0.085,-0.057,-0.109,-0.184,55.5,42.36
"2024-10-30 19:00:00",8020,12.17,401,0,-0.416,-1.11,-0.85,-0.099,-0.076,-0.123,-0.195,55.05,42.89
"2024-10-30 19:30:00",8021,12.17,401,0,-0.439,-1.09,-0.98,-0.097,-0.088,-0.118,-0.203,57.37,43.55
"2024-10-30 20:00:00",8022,12.16,401,0,-0.467,-1.19,-1.01,-0.106,-0.09,-0.124,-0.201,55.67,41.6
"2024-10-30 20:30:00",8023,12.16,401,0,-0.464,-1.15,-1.04,-0.103,-0.093,-0.121,-0.201,57.07,43.51
"2024-10-30 21:00:00",8024,12.16,401,0,-0.475,-1.17,-1.07,-0.105,-0.096,-0.126,-0.206,57.52,42.88
"2024-10-30 21:30:00",8025,12.16,401,0,-0.473,-1.15,-1.08,-0.103,-0.096,-0.124,-0.207,56.24,42.99
"2024-10-30 22:00:00",8026,12.16,401,0,-0.475,-1.19,-1.05,-0.106,-0.094,-0.124,-0.204,56.87,42.89
"2024-10-30 22:30:00",8027,12.15,401,0,-0.481,-1.19,-1.08,-0.107,-0.097,-0.128,-0.205,56.66,42.17
"2024-10-30 23:00:00",8028,12.15,401,0,-0.475,-1.19,-1.05,-0.106,-0.094,-0.124,-0.202,57.12,43.31
"2024-10-30 23:30:00",8029,12.15,401,0,-0.481,-1.19,-1.08,-0.106,-0.097,-0.127,-0.21,56.98,43
"2024-10-31 00:00:00",8030,12.15,401,0,-0.502,-1.22,-1.15,-0.109,-0.103,-0.124,-0.21,56.58,43.32
"2024-10-31 00:30:00",8031,12.15,401,0,-0.49,-1.19,-1.12,-0.106,-0.1,-0.124,-0.21,56.4,42.58
"2024-10-31 01:00:00",8032,12.14,401,0,-0.496,-1.22,-1.12,-0.109,-0.1,-0.124,-0.211,55.63,42.23
"2024-10-31 01:30:00",8033,12.14,401,0,-0.505,-1.23,-1.15,-0.109,-0.103,-0.128,-0.208,56.55,42.89
"2024-10-31 02:00:00",8034,12.14,401,0,-0.515,-1.23,-1.2,-0.109,-0.107,-0.125,-0.211,56.62,42.54
"2024-10-31 02:30:00",8035,12.14,401,0,-0.5,-1.18,-1.18,-0.105,-0.106,-0.127,-0.207,57.46,43.07
"2024-10-31 03:00:00",8036,12.14,401,0,-0.5,-1.18,-1.18,-0.105,-0.105,-0.127,-0.21,58.71,42.39
"2024-10-31 03:30:00",8037,12.13,401,0,-0.494,-1.22,-1.11,-0.109,-0.099,-0.124,-0.202,56.63,43.48
"2024-10-31 04:00:00",8038,12.13,401,0,-0.491,-1.16,-1.16,-0.103,-0.103,-0.124,-0.211,57.54,42.22
"2024-10-31 04:30:00",8039,12.13,401,0,-0.508,-1.18,-1.22,-0.106,-0.109,-0.124,-0.213,56.31,42.91
"2024-10-31 05:00:00",8040,12.13,401,0,-0.493,-1.15,-1.18,-0.103,-0.106,-0.124,-0.215,57.32,43.35
"2024-10-31 05:30:00",8041,12.13,401,0,-0.496,-1.19,-1.15,-0.106,-0.103,-0.127,-0.211,57.5,42.85
"2024-10-31 06:00:00",8042,12.12,401,0,-0.509,-1.25,-1.15,-0.112,-0.103,-0.13,-0.208,56.25,42.02
"2024-10-31 06:30:00",8043,12.13,401,0,-0.496,-1.22,-1.12,-0.108,-0.1,-0.127,-0.208,56.63,42.55
"2024-10-31 07:00:00",8044,12.12,401,0,-0.512,-1.19,-1.23,-0.106,-0.109,-0.127,-0.216,56.15,43.58
"2024-10-31 07:30:00",8045,12.12,401,0,-0.513,-1.23,-1.19,-0.109,-0.106,-0.128,-0.214,56.16,42.6
"2024-10-31 08:00:00",8046,12.12,401,0,-0.481,-1.15,-1.12,-0.103,-0.1,-0.127,-0.208,56.72,42.49
"2024-10-31 08:30:00",8047,12.12,401,0,-0.388,-1,-0.83,-0.09,-0.074,-0.109,-0.191,57.12,44.14
"2024-10-31 09:00:00",8048,12.12,401,0,-0.198,-0.66,-0.27,-0.06,-0.024,-0.082,-0.155,58.47,44.24
"2024-10-31 09:30:00",8049,12.11,401,0,0.011,-0.3,0.37,-0.028,0.033,-0.054,-0.121,60.11,45.62
"2024-10-31 10:00:00",8050,12.12,401,0,0.258,0.16,1.08,0.014,0.096,-0.014,-0.071,59.51,46.11
"2024-10-31 10:30:00",8051,12.12,401,0,0.374,0.29,1.5,0.026,0.133,0.008,-0.034,65.71,48.58
"2024-10-31 11:00:00",8052,12.12,401,0,0.54,0.6,1.98,0.053,0.176,0.017,-0.026,57.4,46.34
"2024-10-31 11:30:00",8053,12.12,401,0,0.617,0.81,2.13,0.072,0.188,0.033,-0.013,59.58,46.19
"2024-10-31 12:00:00",8054,12.13,401,0,0.65,0.82,2.28,0.073,0.202,0.038,0,60.57,47.59
