"TOA5","CR300Series_403","CR300","27029","CR300-RF407.Std.10.03","CPU:CR300_sapflow.CR300","32345","Table1"
"TIMESTAMP","RECORD","BattV_Min","id","SDI0","SapFlwTot0","VhOuter0","VhInner0","AlphaOut0","AlphaIn0","BetaOut0","BetaIn0","tMaxTout0","tMaxTin0"
"TS","RN","Volts","","","literPerHour","heatVelocity","heatVelocity","logTRatio","logTRatio","logTRatio","logTRatio","second","second"
"","","Min","Smp","Smp","Smp","Smp","Smp","Smp","Smp","Smp","Smp","Smp","Smp"
"2024-10-13 13:30:00",7915,12.91,403,0,3.374,3.99,10.93,0.354,0.967,0.327,0.666,55.34,39.28
"2024-10-13 14:00:00",7916,12.84,403,0,3.335,3.9,10.85,0.345,0.961,0.324,0.663,55.27,38.22
"2024-10-13 14:30:00",7917,12.9,403,0,3.291,4.02,10.53,0.356,0.932,0.327,0.642,55,38.11
"2024-10-13 15:00:00",7918,12.93,403,0,3.208,3.77,10.42,0.334,0.922,0.308,0.636,55.37,39.29
"2024-10-13 15:30:00",7919,12.94,403,0,3.105,3.67,10.06,0.325,0.891,0.295,0.604,55.69,39.05
"2024-10-13 16:00:00",7920,12.95,403,0,2.93,3.45,9.51,0.305,0.842,0.281,0.575,55.09,39.01
"2024-10-13 16:30:00",7921,12.95,403,0,2.677,3.1,8.74,0.274,0.773,0.252,0.528,57.57,39.45
"2024-10-13 17:00:00",7922,12.95,403,0,2.276,2.58,7.49,0.228,0.663,0.21,0.451,55.98,38.94
"2024-10-13 17:30:00",7923,12.95,403,0,1.752,1.86,5.9,0.165,0.522,0.154,0.356,56.1,39.21
"2024-10-13 18:00:00",7924,12.94,403,0,1.232,1.22,4.24,0.108,0.375,0.102,0.26,55.12,37.97
"2024-10-13 18:30:00",7925,12.95,403,0,0.825,0.69,2.97,0.061,0.263,0.063,0.186,56.49,37.14
"2024-10-13 19:00:00",7926,12.94,403,0,0.591,0.37,2.26,0.033,0.2,0.039,0.147,53.94,36.08
"2024-10-13 19:30:00",7927,12.94,403,0,0.469,0.21,1.88,0.019,0.166,0.025,0.121,54.05,35.52
"2024-10-13 20:00:00",7928,12.94,403,0,0.369,0.08,1.57,0.007,0.139,0.014,0.105,55.19,35.27
"2024-10-13 20:30:00",7929,12.94,403,0,0.322,0,1.44,0,0.128,0.011,0.101,53.65,35.12
"2024-10-13 21:00:00",7930,12.93,403,0,0.285,-0.04,1.32,-0.005,0.117,0.007,0.09,54.21,35.93
"2024-10-13 21:30:00",7931,12.94,403,0,0.272,-0.04,1.26,-0.005,0.111,0.004,0.088,52.68,36.19
"2024-10-13 22:00:00",7932,12.93,403,0,0.238,-0.07,1.14,-0.007,0.1,0.005,0.086,53.41,35.27
"2024-10-13 22:30:00",7933,12.94,403,0,0.231,-0.12,1.16,-0.012,0.103,0,0.081,53.98,35.03
"2024-10-13 23:00:00",7934,12.93,403,0,0.225,-0.1,1.11,-0.009,0.098,0,0.077,54.23,36.5
"2024-10-13 23:30:00",7935,12.93,403,0,0.197,-0.15,1.04,-0.014,0.092,0,0.077,53.4,35.27
"2024-10-14 00:00:00",7936,12.93,403,0,0.238,-0.1,1.17,-0.009,0.103,0.002,0.079,52.48,35.43
"2024-10-14 00:30:00",7937,12.93,403,0,0.223,-0.07,1.07,-0.007,0.095,0.002,0.079,55.04,36.35
"2024-10-14 01:00:00",7938,12.93,403,0,0.236,-0.04,1.1,-0.005,0.098,0.002,0.079,54.44,36.46
"2024-10-14 01:30:00",7939,12.93,403,0,0.222,-0.1,1.1,-0.009,0.098,0.004,0.081,54.23,35.94
"2024-10-14 02:00:00",7940,12.93,403,0,0.232,-0.07,1.11,-0.007,0.098,0.004,0.079,54.65,35.13
"2024-10-14 02:30:00",7941,12.92,403,0,0.232,-0.07,1.11,-0.007,0.098,0.005,0.077,54.05,35.65
"2024-10-14 03:00:00",7942,12.93,403,0,0.223,-0.07,1.07,-0.007,0.095,0.004,0.081,54.03,35.64
"2024-10-14 03:30:00",7943,12.93,403,0,0.23,-0.04,1.07,-0.005,0.095,0.007,0.077,53.65,35.1
"2024-10-14 04:00:00",7944,12.92,403,0,0.216,-0.1,1.07,-0.009,0.095,0,0.075,54.45,34.82
"2024-10-14 04:30:00",7945,12.92,403,0,0.232,-0.04,1.08,-0.005,0.096,0.002,0.075,54.29,35.08
"2024-10-14 05:00:00",7946,12.92,403,0,0.211,-0.1,1.05,-0.009,0.093,0.005,0.073,53.17,34.62
"2024-10-14 05:30:00",7947,12.92,403,0,0.193,-0.12,0.99,-0.012,0.087,0,0.071,54.02,35.48
"2024-10-14 06:00:00",7948,12.92,403,0,0.157,-0.15,0.86,-0.014,0.076,-0.002,0.064,53.77,35.64
"2024-10-14 06:30:00",7949,12.92,403,0,0.143,-0.18,0.83,-0.017,0.074,-0.002,0.064,53.66,35.12
"2024-10-14 07:00:00",7950,12.91,403,0,0.137,-0.15,0.77,-0.014,0.068,-0.002,0.06,53.58,35.85
"2024-10-14 07:30:00",7951,12.91,403,0,0.184,-0.1,0.93,-0.009,0.082,-0.002,0.068,54.03,35.34
"2024-10-14 08:00:00",7952,12.91,403,0,0.483,0.24,1.91,0.021,0.169,0.029,0.124,55.06,36.11
"2024-10-14 08:30:00",7953,12.91,403,0,1.012,0.9,3.59,0.079,0.318,0.079,0.222,55.21,36.25
"2024-10-14 09:00:00",7954,12.91,403,0,1.61,1.93,5.19,0.171,0.459,0.165,0.32,58.5,38.72
"2024-10-14 09:30:00",7955,12.91,403,0,1.977,1.98,6.78,0.175,0.6,0.167,0.416,55.27,39.44
"2024-10-14 10:00:00",7956,12.91,403,0,2.318,2.59,7.67,0.229,0.679,0.212,0.464,55.57,39.23
"2024-10-14 10:30:00",7957,12.92,403,0,2.552,2.93,8.36,0.26,0.74,0.237,0.506,55.06,39.13
"2024-10-14 11:00:00",7958,12.92,403,0,2.755,3.13,9.06,0.277,0.802,0.259,0.554,56.23,38.92
"2024-10-14 11:30:00",7959,12.92,403,0,3.365,3.97,10.91,0.351,0.965,0.329,0.674,56.88,39
"2024-10-14 12:00:00",7960,12.93,403,0,3.499,4.24,11.23,0.375,0.994,0.351,0.696,57.83,38.46
"2024-10-14 12:30:00",7961,12.93,403,0,3.566,4.46,11.3,0.395,1,0.364,0.693,55.53,38.62
"2024-10-14 13:00:00",7962,12.93,403,0,3.497,4.27,11.19,0.378,0.99,0.35,0.673,55.69,38.52
"2024-10-14 13:30:00",7963,12.93,403,0,3.68,4.64,11.62,0.41,1.028,0.367,0.69,52.86,38.82
"2024-10-14 14:00:00",7964,12.92,403,0,3.423,3.99,11.15,0.353,0.987,0.329,0.673,55.07,38.98
"2024-10-14 14:30:00",7965,12.92,403,0,3.577,4.47,11.34,0.395,1.003,0.355,0.658,54.81,38.98
"2024-10-14 15:00:00",7966,12.92,403,0,3.25,3.89,10.48,0.344,0.928,0.318,0.622,55.44,39.11
"2024-10-14 15:30:00",7967,12.92,403,0,3.08,3.7,9.92,0.328,0.878,0.294,0.582,56.74,39.01
"2024-10-14 16:00:00",7968,12.91,403,0,2.709,3.2,8.78,0.283,0.777,0.259,0.522,55.38,39.72
"2024-10-14 16:30:00",7969,12.91,403,0,2.505,2.92,8.16,0.258,0.722,0.238,0.483,56.25,37.15
"2024-10-14 17:00:00",7970,12.91,403,0,2.204,2.55,7.2,0.225,0.637,0.204,0.425,57.16,38.22
"2024-10-14 17:30:00",7971,12.91,403,0,1.817,2.04,6,0.18,0.531,0.163,0.358,53.52,38.83
"2024-10-14 18:00:00",7972,12.9,403,0,1.36,1.45,4.57,0.129,0.404,0.118,0.269,55.36,36.42
"2024-10-14 18:30:00",7973,12.9,403,0,0.88,0.84,3.06,0.074,0.271,0.074,0.188,55.49,36.39
"2024-10-14 19:00:00",7974,12.89,403,0,0.592,0.46,2.17,0.041,0.192,0.048,0.14,54.57,35.63
"2024-10-14 19:30:00",7975,12.89,403,0,0.42,0.21,1.66,0.019,0.147,0.027,0.109,53.68,35.82
"2024-10-14 20:00:00",7976,12.88,403,0,0.347,0.11,1.44,0.009,0.127,0.016,0.095,54.15,36.59
"2024-10-14 20:30:00",7977,12.88,403,0,0.304,0.05,1.31,0.005,0.116,0.014,0.091,52.63,35.06
"2024-10-14 21:00:00",7978,12.88,403,0,0.259,0,1.16,0,0.103,0.009,0.082,52.86,35.56
"2024-10-14 21:30:00",7979,12.88,403,0,0.239,-0.02,1.09,-0.002,0.097,0.007,0.073,52.93,34.39
"2024-10-14 22:00:00",7980,12.87,403,0,0.2,-0.07,0.97,-0.007,0.086,0.005,0.069,52.51,34.8
"2024-10-14 22:30:00",7981,12.87,403,0,0.185,-0.04,0.87,-0.005,0.077,0.005,0.062,53.66,34.15
"2024-10-14 23:00:00",7982,12.86,403,0,0.178,-0.1,0.9,-0.009,0.08,0.002,0.064,54.14,34.23
"2024-10-14 23:30:00",7983,12.86,403,0,0.152,-0.18,0.87,-0.017,0.077,-0.002,0.064,52.31,34.44
"2024-10-15 00:00:00",7984,12.86,403,0,0.173,-0.07,0.85,-0.007,0.075,0.002,0.065,52.25,35.2
"2024-10-15 00:30:00",7985,12.86,403,0,0.12,-0.24,0.79,-0.022,0.07,-0.005,0.06,51.33,35.26
"2024-10-15 01:00:00",7986,12.85,403,0,0.18,-0.07,0.88,-0.007,0.078,0.005,0.062,52.81,35.67
"2024-10-15 01:30:00",7987,12.85,403,0,0.162,-0.12,0.85,-0.012,0.075,0,0.064,53.08,34.97
"2024-10-15 02:00:00",7988,12.85,403,0,0.166,-0.1,0.85,-0.01,0.075,0.002,0.06,53.31,35.04
"2024-10-15 02:30:00",7989,12.84,403,0,0.165,-0.07,0.81,-0.007,0.072,0.005,0.058,53.58,34.9
"2024-10-15 03:00:00",7990,12.84,403,0,0.132,-0.15,0.75,-0.014,0.066,-0.002,0.058,53.36,35.25
"2024-10-15 03:30:00",7991,12.83,403,0,0.116,-0.18,0.71,-0.016,0.063,-0.005,0.056,53.02,35.05
"2024-10-15 04:00:00",7992,12.83,403,0,0.156,-0.02,0.72,-0.002,0.064,0.007,0.056,52.72,35
"2024-10-15 04:30:00",7993,12.83,403,0,0.103,-0.15,0.62,-0.014,0.055,-0.005,0.051,54.29,35.35
"2024-10-15 05:00:00",7994,12.83,403,0,0.106,-0.15,0.63,-0.014,0.056,-0.002,0.051,52.07,35.18
"2024-10-15 05:30:00",7995,12.83,403,0,0.104,-0.13,0.6,-0.012,0.053,0,0.049,53.26,34.74
"2024-10-15 06:00:00",7996,12.82,403,0,0.09,-0.15,0.56,-0.014,0.05,0,0.047,53.78,34.85
"2024-10-15 06:30:00",7997,12.82,403,0,0.092,-0.21,0.63,-0.019,0.056,-0.002,0.051,53.53,34.59
"2024-10-15 07:00:00",7998,12.82,403,0,0.094,-0.2,0.63,-0.019,0.055,-0.007,0.049,53.83,35.04
"2024-10-15 07:30:00",7999,12.81,403,0,0.099,-0.18,0.63,-0.017,0.056,-0.005,0.049,52.85,34.58
"2024-10-15 08:00:00",8000,12.81,403,0,0.31,0.13,1.25,0.012,0.111,0.018,0.085,54.09,35.97
"2024-10-15 08:30:00",8001,12.81,403,0,0.678,0.54,2.47,0.048,0.219,0.051,0.155,55.37,36.59
"2024-10-15 09:00:00",8002,12.81,403,0,1.065,1.03,3.69,0.091,0.326,0.086,0.231,54.91,37.05
"2024-10-15 09:30:00",8003,12.81,403,0,1.403,1.29,4.93,0.114,0.436,0.109,0.305,58.56,37.97
"2024-10-15 10:00:00",8004,12.82,403,0,2.028,2.36,6.61,0.209,0.585,0.189,0.397,56.72,39.15
"2024-10-15 10:30:00",8005,12.82,403,0,2.014,2.3,6.61,0.203,0.585,0.188,0.405,56.15,38.84
"2024-10-15 11:00:00",8006,12.83,403,0,2.454,2.93,7.92,0.259,0.701,0.233,0.481,57.24,39.52
"2024-10-15 11:30:00",8007,12.84,403,0,2.462,2.64,8.26,0.233,0.731,0.223,0.511,57.29,38.5
"2024-10-15 12:00:00",8008,12.84,403,0,2.767,3.21,9.03,0.284,0.799,0.266,0.568,58.87,39.93
"2024-10-15 12:30:00",8009,12.85,403,0,3.099,3.8,9.9,0.336,0.876,0.313,0.618,56.71,38.99
"2024-10-15 13:00:00",8010,12.86,403,0,3.271,3.96,10.5,0.351,0.93,0.323,0.651,56.09,38.79
"2024-10-15 13:30:00",8011,12.86,403,0,3.221,3.95,10.29,0.35,0.911,0.313,0.628,55.68,38.63
"2024-10-15 14:00:00",8012,12.86,403,0,2.899,3.46,9.36,0.306,0.828,0.275,0.558,55.74,38.85
"2024-10-15 14:30:00",8013,12.86,403,0,2.593,3.05,8.42,0.27,0.745,0.245,0.502,56.61,38.74
"2024-10-15 15:00:00",8014,12.85,403,0,2.44,2.89,7.9,0.256,0.699,0.232,0.47,55.17,39.36
"2024-10-15 15:30:00",8015,12.85,403,0,2.079,2.3,6.9,0.203,0.611,0.187,0.414,55.89,38.74
"2024-10-15 16:00:00",8016,12.85,403,0,1.803,2.03,5.95,0.179,0.527,0.166,0.357,55.17,38.84
"2024-10-15 16:30:00",8017,12.85,403,0,1.576,1.67,5.31,0.148,0.47,0.136,0.318,55.6,38.29
"2024-10-15 17:00:00",8018,12.84,403,0,1.649,1.77,5.53,0.157,0.49,0.146,0.332,53.9,38.64
"2024-10-15 17:30:00",8019,12.84,403,0,1.654,1.82,5.5,0.161,0.487,0.148,0.331,55.48,38.43
"2024-10-15 18:00:00",8020,12.84,403,0,1.178,1.17,4.05,0.103,0.359,0.102,0.248,54.47,37.83
"2024-10-15 18:30:00",8021,12.84,403,0,0.814,0.74,2.87,0.065,0.254,0.065,0.176,53.16,35.61
"2024-10-15 19:00:00",8022,12.84,403,0,0.524,0.35,1.98,0.031,0.176,0.037,0.129,53.53,36.22
"2024-10-15 19:30:00",8023,12.84,403,0,0.365,0.13,1.5,0.012,0.132,0.016,0.1,53.79,36.08
"2024-10-15 20:00:00",8024,12.83,403,0,0.279,0.03,1.22,0.002,0.108,0.009,0.084,53.03,34.65
"2024-10-15 20:30:00",8025,12.83,403,0,0.241,-0.04,1.12,-0.005,0.099,0.005,0.08,53.74,35.47
"2024-10-15 21:00:00",8026,12.83,403,0,0.185,-0.07,0.9,-0.007,0.08,0.007,0.069,52.67,35.36
"2024-10-15 21:30:00",8027,12.82,403,0,0.171,-0.1,0.87,-0.009,0.077,0,0.064,53.54,35.16
"2024-10-15 22:00:00",8028,12.82,403,0,0.146,-0.15,0.81,-0.014,0.071,-0.002,0.062,52.6,35.3
"2024-10-15 22:30:00",8029,12.82,403,0,0.119,-0.18,0.72,-0.017,0.063,-0.005,0.056,52.92,34.79
"2024-10-15 23:00:00",8030,12.82,403,0,0.125,-0.18,0.75,-0.017,0.066,-0.005,0.058,53.69,35
"2024-10-15 23:30:00",8031,12.82,403,0,0.114,-0.2,0.72,-0.019,0.063,-0.007,0.058,53.58,35.2
"2024-10-16 00:00:00",8032,12.82,403,0,0.11,-0.18,0.68,-0.017,0.06,-0.007,0.053,52.71,35.15
"2024-10-16 00:30:00",8033,12.82,403,0,0.105,-0.2,0.68,-0.019,0.061,-0.007,0.053,51.78,35.15
"2024-10-16 01:00:00",8034,12.82,403,0,0.11,-0.18,0.68,-0.017,0.06,-0.007,0.055,53.34,35.37
"2024-10-16 01:30:00",8035,12.81,403,0,0.119,-0.18,0.72,-0.017,0.063,-0.002,0.056,54.01,35.47
"2024-10-16 02:00:00",8036,12.81,403,0,0.112,-0.18,0.69,-0.017,0.061,-0.005,0.053,51.88,35.14
"2024-10-16 02:30:00",8037,12.81,403,0,0.124,-0.12,0.68,-0.012,0.061,-0.002,0.053,52.66,35.1
"2024-10-16 03:00:00",8038,12.8,403,0,0.105,-0.21,0.69,-0.019,0.061,-0.007,0.053,52.54,34.84
"2024-10-16 03:30:00",8039,12.8,403,0,0.085,-0.21,0.6,-0.019,0.053,-0.005,0.047,52.54,34.68
"2024-10-16 04:00:00",8040,12.8,403,0,0.072,-0.2,0.53,-0.019,0.047,-0.007,0.047,53.04,34.93
"2024-10-16 04:30:00",8041,12.8,403,0,0.065,-0.23,0.53,-0.021,0.047,-0.009,0.045,53.57,35.29
"2024-10-16 05:00:00",8042,12.8,403,0,0.063,-0.21,0.5,-0.019,0.044,-0.007,0.045,53.1,35.39
"2024-10-16 05:30:00",8043,12.79,403,0,0.044,-0.23,0.44,-0.021,0.039,-0.011,0.04,52.32,35.18
"2024-10-16 06:00:00",8044,12.79,403,0,0.058,-0.23,0.5,-0.021,0.044,-0.011,0.042,53.35,34.67
"2024-10-16 06:30:00",8045,12.78,403,0,0.051,-0.23,0.47,-0.022,0.042,-0.009,0.042,52.87,34.36
"2024-10-16 07:00:00",8046,12.78,403,0,0.044,-0.23,0.44,-0.021,0.039,-0.009,0.04,53.09,34.98
"2024-10-16 07:30:00",8047,12.78,403,0,0.056,-0.18,0.44,-0.017,0.039,-0.007,0.038,52.57,34.87
"2024-10-16 08:00:00",8048,12.78,403,0,0.235,0.05,1,0.005,0.088,0.011,0.071,52.93,34.67
"2024-10-16 08:30:00",8049,12.78,403,0,0.557,0.34,2.14,0.03,0.189,0.034,0.136,55.33,36.66
"2024-10-16 09:00:00",8050,12.78,403,0,0.8,0.3,3.27,0.026,0.289,0.038,0.207,57.9,37.9
"2024-10-16 09:30:00",8051,12.78,403,0,0.822,0,3.68,0,0.326,0.013,0.239,53.97,37.24
"2024-10-16 10:00:00",8052,12.79,403,0,1.139,0.6,4.47,0.053,0.396,0.057,0.283,52.51,38.5
"2024-10-16 10:30:00",8053,12.79,403,0,1.889,2.49,5.85,0.22,0.517,0.185,0.353,54.03,38.22
"2024-10-16 11:00:00",8054,12.79,403,0,1.975,2.18,6.56,0.193,0.58,0.173,0.401,55.3,39.49
"2024-10-16 11:30:00",8055,12.8,403,0,2.058,2.25,6.86,0.199,0.607,0.186,0.432,57.06,39.35
"2024-10-16 12:00:00",8056,12.8,403,0,2.385,2.95,7.59,0.261,0.672,0.241,0.479,58.39,39.71
"2024-10-16 12:30:00",8057,12.81,403,0,2.698,3.43,8.49,0.303,0.751,0.272,0.525,56.25,39.77
"2024-10-16 13:00:00",8058,12.81,403,0,2.895,3.67,9.12,0.324,0.807,0.285,0.551,55.18,38.95
"2024-10-16 13:30:00",8059,12.82,403,0,2.831,3.35,9.17,0.296,0.812,0.268,0.556,56.61,38.33
"2024-10-16 14:00:00",8060,12.81,403,0,2.974,3.56,9.59,0.315,0.849,0.286,0.58,56.3,38.43
"2024-10-16 14:30:00",8061,12.82,403,0,2.946,3.46,9.57,0.307,0.847,0.279,0.582,55.01,38.68
"2024-10-16 15:00:00",8062,12.82,403,0,2.988,3.58,9.63,0.317,0.852,0.288,0.585,55.32,38.99
"2024-10-16 15:30:00",8063,12.82,403,0,3.018,3.68,9.66,0.326,0.855,0.292,0.575,55.72,38.83
"2024-10-16 16:00:00",8064,12.82,403,0,2.707,3.19,8.78,0.282,0.777,0.257,0.528,55.99,39.1
"2024-10-16 16:30:00",8065,12.82,403,0,2.495,3.03,8,0.268,0.708,0.238,0.473,54.47,38.96
"2024-10-16 17:00:00",8066,12.81,403,0,1.995,2.19,6.64,0.194,0.587,0.178,0.396,56.39,38.68
"2024-10-16 17:30:00",8067,12.8,403,0,1.795,2.08,5.86,0.185,0.519,0.165,0.348,55.15,37.19
"2024-10-16 18:00:00",8068,12.8,403,0,1.362,1.45,4.58,0.129,0.405,0.114,0.275,53.88,37.4
"2024-10-16 18:30:00",8069,12.8,403,0,0.968,0.96,3.33,0.085,0.295,0.081,0.202,54.28,36.58
"2024-10-16 19:00:00",8070,12.79,403,0,0.626,0.49,2.29,0.043,0.203,0.044,0.143,53.31,35.45
"2024-10-16 19:30:00",8071,12.79,403,0,0.442,0.22,1.75,0.019,0.155,0.025,0.112,54.19,35.92
"2024-10-16 20:00:00",8072,12.78,403,0,0.329,0.08,1.39,0.007,0.123,0.014,0.092,52.91,36.27
"2024-10-16 20:30:00",8073,12.78,403,0,0.243,-0.04,1.13,-0.005,0.1,0.005,0.08,53.91,35.23
"2024-10-16 21:00:00",8074,12.77,403,0,0.202,-0.07,0.98,-0.007,0.087,0.002,0.072,53.14,34.88
"2024-10-16 21:30:00",8075,12.77,403,0,0.194,-0.02,0.89,-0.002,0.079,0.005,0.063,53.5,35.23
"2024-10-16 22:00:00",8076,12.77,403,0,0.139,-0.15,0.78,-0.014,0.069,-0.002,0.058,53.36,34.84
"2024-10-16 22:30:00",8077,12.77,403,0,0.119,-0.18,0.72,-0.016,0.063,-0.005,0.058,53.42,35.14
"2024-10-16 23:00:00",8078,12.76,403,0,0.1,-0.23,0.69,-0.021,0.061,-0.009,0.051,52.9,35.04
"2024-10-16 23:30:00",8079,12.76,403,0,0.112,-0.21,0.72,-0.019,0.064,-0.009,0.054,53,35.04
"2024-10-17 00:00:00",8080,12.76,403,0,0.105,-0.18,0.66,-0.017,0.058,-0.007,0.054,53.25,35.39
"2024-10-17 00:30:00",8081,12.76,403,0,0.086,-0.29,0.69,-0.026,0.061,-0.012,0.051,53.19,35.49
"2024-10-17 01:00:00",8082,12.76,403,0,0.087,-0.23,0.63,-0.022,0.055,-0.012,0.049,53.96,35.44
"2024-10-17 01:30:00",8083,12.76,403,0,0.106,-0.15,0.63,-0.014,0.056,0,0.051,53.3,34.62
"2024-10-17 02:00:00",8084,12.76,403,0,0.112,-0.18,0.69,-0.017,0.061,-0.005,0.051,53.75,34.67
"2024-10-17 02:30:00",8085,12.76,403,0,0.092,-0.21,0.63,-0.019,0.056,-0.009,0.049,53.08,34.97
"2024-10-17 03:00:00",8086,12.76,403,0,0.105,-0.21,0.69,-0.019,0.061,-0.005,0.054,53.07,35.37
"2024-10-17 03:30:00",8087,12.75,403,0,0.105,-0.18,0.66,-0.017,0.058,-0.005,0.051,53.8,35.02
"2024-10-17 04:00:00",8088,12.75,403,0,0.099,-0.18,0.63,-0.017,0.056,-0.005,0.049,51.89,35.58
"2024-10-17 04:30:00",8089,12.75,403,0,0.106,-0.15,0.63,-0.014,0.056,-0.005,0.049,53.34,35.08
"2024-10-17 05:00:00",8090,12.75,403,0,0.106,-0.15,0.63,-0.014,0.056,-0.007,0.049,53.24,34.46
"2024-10-17 05:30:00",8091,12.75,403,0,0.025,-0.37,0.5,-0.034,0.044,-0.018,0.042,52.41,34.72
"2024-10-17 06:00:00",8092,12.74,403,0,0.058,-0.23,0.5,-0.022,0.044,-0.009,0.043,52.74,34.37
"2024-10-17 06:30:00",8093,12.74,403,0,0.051,-0.26,0.5,-0.024,0.044,-0.012,0.043,52.28,35.24
"2024-10-17 07:00:00",8094,12.74,403,0,0.03,-0.35,0.5,-0.031,0.045,-0.016,0.045,52.85,34.33
"2024-10-17 07:30:00",8095,12.74,403,0,0.07,-0.18,0.5,-0.017,0.044,-0.007,0.045,51.92,35.04
"2024-10-17 08:00:00",8096,12.73,403,0,0.158,-0.07,0.78,-0.007,0.069,0.004,0.058,53.17,35.2
"2024-10-17 08:30:00",8097,12.73,403,0,0.377,0.21,1.47,0.019,0.13,0.02,0.098,53.66,35.8
"2024-10-17 09:00:00",8098,12.73,403,0,0.542,0.34,2.07,0.03,0.183,0.032,0.13,54.46,36.2
"2024-10-17 09:30:00",8099,12.73,403,0,0.637,0.5,2.33,0.044,0.206,0.047,0.149,54.21,36.92
"2024-10-17 10:00:00",8100,12.72,403,0,0.738,0.57,2.71,0.05,0.24,0.051,0.175,54.68,36.83
"2024-10-17 10:30:00",8101,12.73,403,0,1.383,1.75,4.36,0.155,0.386,0.135,0.269,53.42,37.35
"2024-10-17 11:00:00",8102,12.74,403,0,1.606,1.56,5.56,0.138,0.492,0.13,0.351,55.87,38.99
"2024-10-17 11:30:00",8103,12.74,403,0,1.995,2.38,6.44,0.21,0.57,0.191,0.405,58.64,39.86
"2024-10-17 12:00:00",8104,12.74,403,0,2.121,2.25,7.14,0.199,0.632,0.191,0.451,60.53,39.7
"2024-10-17 12:30:00",8105,12.75,403,0,2.486,3,7.99,0.266,0.707,0.24,0.495,55.5,40.39
"2024-10-17 13:00:00",8106,12.75,403,0,2.744,3.35,8.78,0.296,0.778,0.266,0.535,55.53,39.04
"2024-10-17 13:30:00",8107,12.77,403,0,2.856,3.39,9.24,0.3,0.818,0.273,0.562,55.78,40.11
"2024-10-17 14:00:00",8108,12.77,403,0,2.936,3.53,9.45,0.313,0.836,0.281,0.574,54.5,38.84
"2024-10-17 14:30:00",8109,12.77,403,0,2.979,3.61,9.56,0.32,0.846,0.29,0.583,55.85,38.95
"2024-10-17 15:00:00",8110,12.76,403,0,2.879,3.41,9.32,0.302,0.825,0.278,0.566,56.35,38.89
"2024-10-17 15:30:00",8111,12.76,403,0,2.768,3.28,8.96,0.29,0.793,0.265,0.543,56.07,39.75
"2024-10-17 16:00:00",8112,12.77,403,0,2.627,3.08,8.54,0.273,0.756,0.245,0.512,55.32,39.5
"2024-10-17 16:30:00",8113,12.77,403,0,2.251,2.55,7.41,0.226,0.656,0.202,0.443,57.01,39.71
"2024-10-17 17:00:00",8114,12.77,403,0,2.107,2.41,6.91,0.213,0.612,0.192,0.414,54.91,38.99
"2024-10-17 17:30:00",8115,12.77,403,0,1.71,1.88,5.69,0.167,0.503,0.151,0.338,53.63,38.38
"2024-10-17 18:00:00",8116,12.76,403,0,1.276,1.4,4.25,0.124,0.376,0.111,0.255,54.66,36.79
"2024-10-17 18:30:00",8117,12.76,403,0,0.823,0.71,2.94,0.063,0.26,0.062,0.179,53.49,36.34
"2024-10-17 19:00:00",8118,12.76,403,0,0.522,0.35,1.97,0.031,0.175,0.035,0.126,54.13,35.6
"2024-10-17 19:30:00",8119,12.74,403,0,0.359,0.14,1.46,0.012,0.129,0.018,0.099,52.47,35.83
"2024-10-17 20:00:00",8120,12.75,403,0,0.263,-0.02,1.2,-0.002,0.106,0.002,0.081,52.82,35.52
"2024-10-17 20:30:00",8121,12.74,403,0,0.183,-0.18,1.01,-0.017,0.089,-0.002,0.069,52.75,35.04
"2024-10-17 21:00:00",8122,12.74,403,0,0.182,-0.1,0.92,-0.01,0.081,0,0.065,52.76,35.71
"2024-10-17 21:30:00",8123,12.73,403,0,0.129,-0.23,0.82,-0.022,0.073,-0.007,0.061,53.03,35.16
"2024-10-17 22:00:00",8124,12.73,403,0,0.116,-0.23,0.76,-0.022,0.067,-0.007,0.056,52.19,35.04
"2024-10-17 22:30:00",8125,12.73,403,0,0.098,-0.21,0.66,-0.019,0.059,-0.009,0.054,52.55,35
"2024-10-17 23:00:00",8126,12.73,403,0,0.098,-0.21,0.66,-0.019,0.059,-0.009,0.052,52.59,34.88
"2024-10-17 23:30:00",8127,12.72,403,0,0.073,-0.26,0.6,-0.024,0.053,-0.009,0.05,52.1,34.79
"2024-10-18 00:00:00",8128,12.72,403,0,0.078,-0.24,0.6,-0.022,0.053,-0.007,0.052,52.43,35.27
"2024-10-18 00:30:00",8129,12.72,403,0,0.067,-0.26,0.57,-0.024,0.05,-0.009,0.05,53.13,34.85
"2024-10-18 01:00:00",8130,12.72,403,0,0.067,-0.26,0.57,-0.024,0.05,-0.012,0.052,52.05,35.16
"2024-10-18 01:30:00",8131,12.71,403,0,0.073,-0.26,0.6,-0.024,0.053,-0.012,0.049,52.82,35.11
"2024-10-18 02:00:00",8132,12.71,403,0,0.058,-0.26,0.53,-0.024,0.047,-0.009,0.047,52.46,35.15
"2024-10-18 02:30:00",8133,12.71,403,0,0.074,-0.23,0.57,-0.022,0.05,-0.009,0.049,53.47,34.94
"2024-10-18 03:00:00",8134,12.71,403,0,0.067,-0.26,0.57,-0.024,0.05,-0.012,0.047,52.83,35.27
"2024-10-18 03:30:00",8135,12.7,403,0,0.067,-0.23,0.54,-0.022,0.048,-0.012,0.047,52.83,34.96
"2024-10-18 04:00:00",8136,12.7,403,0,0.044,-0.26,0.47,-0.024,0.042,-0.012,0.045,52.64,35.6
"2024-10-18 04:30:00",8137,12.7,403,0,0.051,-0.26,0.5,-0.024,0.045,-0.012,0.045,53.06,34.94
"2024-10-18 05:00:00",8138,12.7,403,0,0.058,-0.23,0.5,-0.022,0.045,-0.009,0.043,52.45,34.74
"2024-10-18 05:30:00",8139,12.7,403,0,0.039,-0.35,0.54,-0.031,0.048,-0.019,0.045,52.14,35.25
"2024-10-18 06:00:00",8140,12.7,403,0,0.044,-0.26,0.47,-0.024,0.042,-0.014,0.043,52.24,34.54
"2024-10-18 06:30:00",8141,12.69,403,0,0.038,-0.23,0.41,-0.022,0.036,-0.009,0.038,53.13,34.75
"2024-10-18 07:00:00",8142,12.69,403,0,0.012,-0.31,0.38,-0.029,0.034,-0.014,0.034,52.56,34.85
"2024-10-18 07:30:00",8143,12.68,403,0,0.024,-0.23,0.35,-0.022,0.031,-0.009,0.034,52.87,34.75
"2024-10-18 08:00:00",8144,12.68,403,0,0.087,-0.25,0.65,-0.023,0.058,-0.013,0.054,53.48,35.62
"2024-10-18 08:30:00",8145,12.69,403,0,0.526,0.34,2,0.03,0.177,0.034,0.128,55.05,36.53
"2024-10-18 09:00:00",8146,12.68,403,0,1.126,1.78,3.18,0.158,0.281,-99,0.199,-99,36.99
"2024-10-18 09:30:00",8147,12.69,403,0,1.134,0.84,4.2,0.074,0.372,0.076,0.261,55.2,37.9
"2024-10-18 10:00:00",8148,12.69,403,0,1.571,1.64,5.32,0.145,0.471,0.133,0.331,55.51,38.62
"2024-10-18 10:30:00",8149,12.7,403,0,2.104,2.83,6.46,0.251,0.571,0.212,0.396,53.48,39.05
"2024-10-18 11:00:00",8150,12.71,403,0,2.264,2.48,7.54,0.22,0.667,0.202,0.467,55.99,39.92
"2024-10-18 11:30:00",8151,12.71,403,0,2.478,2.74,8.23,0.242,0.729,0.229,0.519,58.31,40.44
"2024-10-18 12:00:00",8152,12.72,403,0,2.626,2.78,8.85,0.246,0.784,0.241,0.564,60.75,40
"2024-10-18 12:30:00",8153,12.73,403,0,3.084,3.87,9.76,0.342,0.864,0.314,0.615,55.97,39.33
"2024-10-18 13:00:00",8154,12.73,403,0,3.16,3.87,10.1,0.343,0.894,0.31,0.623,55.65,39.16
"2024-10-18 13:30:00",8155,12.73,403,0,3.253,3.99,10.39,0.354,0.919,0.323,0.638,54.92,39.26
"2024-10-18 14:00:00",8156,12.75,403,0,3.169,3.82,10.19,0.338,0.902,0.305,0.629,55.37,38.63
"2024-10-18 14:30:00",8157,12.74,403,0,3.089,3.68,9.98,0.326,0.883,0.299,0.614,56.17,39.52
"2024-10-18 15:00:00",8158,12.75,403,0,2.971,3.5,9.64,0.31,0.853,0.283,0.589,56.62,39.57
"2024-10-18 15:30:00",8159,12.75,403,0,2.833,3.32,9.21,0.294,0.815,0.269,0.56,55.49,39
"2024-10-18 16:00:00",8160,12.75,403,0,2.59,2.97,8.49,0.263,0.751,0.238,0.51,55.35,39.12
"2024-10-18 16:30:00",8161,12.75,403,0,2.285,2.6,7.51,0.23,0.664,0.208,0.449,56.09,39.04
"2024-10-18 17:00:00",8162,12.75,403,0,1.94,2.07,6.52,0.183,0.577,0.164,0.391,55.39,38.75
"2024-10-18 17:30:00",8163,12.74,403,0,1.549,1.62,5.24,0.144,0.464,0.134,0.314,55.41,38.35
"2024-10-18 18:00:00",8164,12.74,403,0,1.029,0.99,3.57,0.087,0.316,0.084,0.218,54.31,37
"2024-10-18 18:30:00",8165,12.74,403,0,0.614,0.45,2.28,0.039,0.202,0.042,0.143,52.47,35.82
"2024-10-18 19:00:00",8166,12.73,403,0,0.39,0.14,1.6,0.012,0.142,0.019,0.104,53.35,35.48
"2024-10-18 19:30:00",8167,12.72,403,0,0.281,-0.02,1.28,-0.002,0.114,0.007,0.086,52.9,35.43
"2024-10-18 20:00:00",8168,12.72,403,0,0.229,-0.1,1.13,-0.01,0.1,0,0.077,53.49,34.8
"2024-10-18 20:30:00",8169,12.71,403,0,0.204,-0.1,1.02,-0.01,0.091,0.002,0.07,52.46,35.16
"2024-10-18 21:00:00",8170,12.71,403,0,0.147,-0.27,0.94,-0.025,0.083,-0.01,0.066,51.73,34.99
"2024-10-18 21:30:00",8171,12.7,403,0,0.178,-0.04,0.84,-0.005,0.075,0.002,0.062,53.62,34.94
"2024-10-18 22:00:00",8172,12.69,403,0,0.123,-0.21,0.77,-0.019,0.068,-0.009,0.057,53.12,34.43
"2024-10-18 22:30:00",8173,12.68,403,0,0.141,-0.16,0.8,-0.015,0.071,-0.005,0.061,51.87,34.57
"2024-10-18 23:00:00",8174,12.68,403,0,0.101,-0.21,0.67,-0.019,0.06,-0.007,0.052,53.16,34.63
"2024-10-18 23:30:00",8175,12.68,403,0,0.101,-0.21,0.67,-0.019,0.06,-0.007,0.05,53.23,34.69
"2024-10-19 00:00:00",8176,12.68,403,0,0.094,-0.21,0.64,-0.019,0.057,-0.007,0.05,52.61,35.15
"2024-10-19 00:30:00",8177,12.67,403,0,0.069,-0.26,0.58,-0.024,0.051,-0.012,0.045,52.8,34.53
"2024-10-19 01:00:00",8178,12.67,403,0,0.066,-0.27,0.58,-0.025,0.051,-0.012,0.048,51.93,35.29
"2024-10-19 01:30:00",8179,12.66,403,0,0.06,-0.26,0.54,-0.024,0.048,-0.009,0.046,53.15,35.04
"2024-10-19 02:00:00",8180,12.66,403,0,0.051,-0.24,0.48,-0.022,0.043,-0.007,0.043,52.98,34.62
"2024-10-19 02:30:00",8181,12.65,403,0,0.039,-0.29,0.48,-0.027,0.042,-0.014,0.039,53.24,34.47
"2024-10-19 03:00:00",8182,12.66,403,0,0.01,-0.32,0.38,-0.029,0.034,-0.014,0.036,53.14,34.21
"2024-10-19 03:30:00",8183,12.66,403,0,0.058,-0.18,0.45,-0.017,0.04,-0.007,0.041,53.59,34.82
"2024-10-19 04:00:00",8184,12.64,403,0,0.03,-0.29,0.44,-0.026,0.039,-0.014,0.041,53.76,34.98
"2024-10-19 04:30:00",8185,12.65,403,0,0.005,-0.34,0.38,-0.031,0.034,-0.019,0.034,53,34.06
"2024-10-19 05:00:00",8186,12.64,403,0,0.017,-0.29,0.38,-0.027,0.034,-0.014,0.034,53.2,35.24
"2024-10-19 05:30:00",8187,12.65,403,0,0.01,-0.29,0.35,-0.026,0.031,-0.019,0.034,52.48,34.78
"2024-10-19 06:00:00",8188,12.64,403,0,-0.007,-0.37,0.35,-0.034,0.031,-0.021,0.034,52.14,34.84
"2024-10-19 06:30:00",8189,12.64,403,0,-0.016,-0.35,0.29,-0.031,0.025,-0.016,0.03,53.4,35.04
"2024-10-19 07:00:00",8190,12.63,403,0,0.004,-0.29,0.32,-0.027,0.028,-0.014,0.034,52.47,33.8
"2024-10-19 07:30:00",8191,12.64,403,0,-0.021,-0.37,0.29,-0.034,0.025,-0.019,0.032,52.03,34.89
"2024-10-19 08:00:00",8192,12.64,403,0,0.114,-0.19,0.71,-0.018,0.063,-0.009,0.054,55.49,35.49
"2024-10-19 08:30:00",8193,12.64,403,0,0.295,0,1.32,0,0.116,0.009,0.088,54.39,35.04
"2024-10-19 09:00:00",8194,12.64,403,0,1.138,2.26,2.73,0.2,0.242,-99,0.168,-99,37.39
"2024-10-19 09:30:00",8195,12.65,403,0,1.232,1.41,4.04,0.124,0.357,0.11,0.254,57.99,38.07
"2024-10-19 10:00:00",8196,12.65,403,0,1.729,1.72,5.94,0.152,0.526,0.14,0.372,55.88,38.83
"2024-10-19 10:30:00",8197,12.66,403,0,2.436,3.18,7.58,0.282,0.671,0.245,0.464,54.35,38.69
"2024-10-19 11:00:00",8198,12.67,403,0,2.715,3.1,8.91,0.274,0.789,0.251,0.543,57.33,38.8
"2024-10-19 11:30:00",8199,12.66,403,0,2.83,3.24,9.28,0.286,0.821,0.268,0.588,57.11,39.81
"2024-10-19 12:00:00",8200,12.68,403,0,2.917,3.24,9.67,0.287,0.856,0.281,0.628,59,39.38
"2024-10-19 12:30:00",8201,12.69,403,0,3.137,3.8,10.07,0.336,0.891,0.315,0.646,57.2,38.92
"2024-10-19 13:00:00",8202,12.7,403,0,3.256,4.03,10.36,0.356,0.917,0.324,0.647,55.91,39.01
"2024-10-19 13:30:00",8203,12.7,403,0,3.26,4,10.41,0.354,0.921,0.325,0.641,55.86,38.29
"2024-10-19 14:00:00",8204,12.71,403,0,3.153,3.81,10.13,0.337,0.896,0.306,0.626,56.11,38.8
"2024-10-19 14:30:00",8205,12.7,403,0,2.961,3.42,9.68,0.302,0.857,0.279,0.599,56.48,39.42
"2024-10-19 15:00:00",8206,12.7,403,0,2.904,3.46,9.38,0.307,0.83,0.278,0.57,56.52,38.8
"2024-10-19 15:30:00",8207,12.71,403,0,2.625,3.05,8.56,0.27,0.758,0.242,0.517,56.07,39.43
"2024-10-19 16:00:00",8208,12.71,403,0,2.344,2.7,7.67,0.239,0.679,0.218,0.458,55.6,39.26
"2024-10-19 16:30:00",8209,12.71,403,0,2.022,2.23,6.72,0.197,0.595,0.178,0.404,56.1,39.21
"2024-10-19 17:00:00",8210,12.7,403,0,1.647,1.78,5.51,0.157,0.488,0.139,0.334,55.76,37.63
"2024-10-19 17:30:00",8211,12.7,403,0,1.246,1.24,4.28,0.11,0.379,0.105,0.255,55.2,37.48
"2024-10-19 18:00:00",8212,12.69,403,0,0.865,0.75,3.09,0.067,0.274,0.064,0.191,54.13,37.07
"2024-10-19 18:30:00",8213,12.69,403,0,0.569,0.36,2.17,0.032,0.192,0.035,0.139,53.66,35.94
"2024-10-19 19:00:00",8214,12.69,403,0,0.38,0.08,1.62,0.007,0.143,0.017,0.105,53.36,35.79
"2024-10-19 19:30:00",8215,12.68,403,0,0.281,-0.07,1.33,-0.007,0.117,0.005,0.089,52.57,35.11
"2024-10-19 20:00:00",8216,12.68,403,0,0.213,-0.1,1.06,-0.01,0.094,0.002,0.075,53.4,35.01
"2024-10-19 20:30:00",8217,12.66,403,0,0.168,-0.18,0.94,-0.017,0.083,-0.005,0.071,52.43,34.86
"2024-10-19 21:00:00",8218,12.66,403,0,0.138,-0.21,0.84,-0.02,0.074,-0.009,0.062,52.87,34.75
"2024-10-19 21:30:00",8219,12.66,403,0,0.097,-0.33,0.78,-0.03,0.069,-0.014,0.06,51.55,34.65
"2024-10-19 22:00:00",8220,12.66,403,0,0.116,-0.18,0.71,-0.017,0.063,-0.007,0.055,52.21,35.31
"2024-10-19 22:30:00",8221,12.65,403,0,0.073,-0.24,0.58,-0.022,0.051,-0.009,0.048,52.47,35.01
"2024-10-19 23:00:00",8222,12.65,403,0,0.054,-0.35,0.61,-0.032,0.054,-0.014,0.048,52.26,34.29
"2024-10-19 23:30:00",8223,12.64,403,0,0.027,-0.38,0.52,-0.034,0.046,-0.019,0.044,53.03,34.34
"2024-10-20 00:00:00",8224,12.64,403,0,0.059,-0.3,0.58,-0.027,0.052,-0.012,0.046,52.71,35.41
"2024-10-20 00:30:00",8225,12.64,403,0,0.034,-0.35,0.52,-0.032,0.046,-0.017,0.044,52.56,34.84
"2024-10-20 01:00:00",8226,12.62,403,0,0.039,-0.29,0.48,-0.027,0.043,-0.014,0.041,52.92,34.79
"2024-10-20 01:30:00",8227,12.63,403,0,0.08,-0.21,0.58,-0.02,0.051,-0.009,0.046,52.32,34.88
"2024-10-20 02:00:00",8228,12.63,403,0,0.025,-0.35,0.48,-0.032,0.043,-0.019,0.041,53.35,34.57
"2024-10-20 02:30:00",8229,12.62,403,0,0.012,-0.35,0.42,-0.032,0.037,-0.014,0.037,52.17,34.88
"2024-10-20 03:00:00",8230,12.62,403,0,0.026,-0.32,0.45,-0.029,0.04,-0.016,0.041,52.86,34.74
"2024-10-20 03:30:00",8231,12.61,403,0,-0.003,-0.35,0.35,-0.032,0.031,-0.019,0.032,52.73,34.86
"2024-10-20 04:00:00",8232,12.61,403,0,-0.002,-0.32,0.32,-0.029,0.028,-0.016,0.03,53.28,34.33
"2024-10-20 04:30:00",8233,12.61,403,0,-0.028,-0.4,0.29,-0.037,0.026,-0.026,0.027,52.36,34.8
"2024-10-20 05:00:00",8234,12.6,403,0,-0.064,-0.46,0.19,-0.042,0.017,-0.026,0.025,52.68,34.96
"2024-10-20 05:30:00",8235,12.6,403,0,-0.087,-0.5,0.13,-0.045,0.011,-0.026,0.021,52.6,35.15
"2024-10-20 06:00:00",8236,12.6,403,0,-0.07,-0.4,0.1,-0.037,0.008,-0.023,0.021,52.71,34.59
"2024-10-20 06:30:00",8237,12.59,403,0,-0.074,-0.38,0.06,-0.034,0.006,-0.021,0.016,52.03,34.47
"2024-10-20 07:00:00",8238,12.6,403,0,-0.114,-0.52,0.03,-0.047,0.003,-0.031,0.014,52.39,34.94
"2024-10-20 07:30:00",8239,12.59,403,0,-0.121,-0.52,0,-0.047,0,-0.033,0.011,52.71,35
"2024-10-20 08:00:00",8240,12.6,403,0,-0.035,-0.28,0.13,-0.026,0.011,-0.018,0.018,54.14,34.79
"2024-10-20 08:30:00",8241,12.6,403,0,0.027,-0.37,0.51,-0.034,0.045,-0.023,0.043,52.56,35.26
"2024-10-20 09:00:00",8242,12.59,403,0,0.364,0,1.63,0,0.144,0.008,0.105,57.37,37.46
"2024-10-20 09:30:00",8243,12.6,403,0,0.926,1.03,3.07,0.091,0.272,0.085,0.195,57.83,37
"2024-10-20 10:00:00",8244,12.6,403,0,1.301,1.19,4.58,0.105,0.405,0.096,0.29,56.47,39.01
"2024-10-20 10:30:00",8245,12.61,403,0,2.034,2.69,6.29,0.238,0.556,0.202,0.391,53.9,39.2
"2024-10-20 11:00:00",8246,12.62,403,0,2.479,2.76,8.21,0.245,0.727,0.225,0.498,57.49,38.69
"2024-10-20 11:30:00",8247,12.63,403,0,2.765,3.23,9,0.286,0.797,0.264,0.572,57.4,39.53
"2024-10-20 12:00:00",8248,12.64,403,0,2.554,2.71,8.6,0.24,0.762,0.234,0.567,60.54,40.61
"2024-10-20 12:30:00",8249,12.64,403,0,2.975,3.66,9.49,0.324,0.84,0.299,0.598,56.74,40.1
"2024-10-20 13:00:00",8250,12.64,403,0,3.114,3.92,9.84,0.347,0.871,0.313,0.608,55.96,39.06
"2024-10-20 13:30:00",8251,12.64,403,0,2.967,3.55,9.57,0.315,0.847,0.289,0.59,55.57,38.92
"2024-10-20 14:00:00",8252,12.65,403,0,2.855,3.34,9.29,0.296,0.822,0.273,0.573,56.27,38.96
"2024-10-20 14:30:00",8253,12.65,403,0,2.878,3.38,9.35,0.299,0.828,0.275,0.573,55.87,39.22
"2024-10-20 15:00:00",8254,12.65,403,0,2.738,3.22,8.89,0.285,0.787,0.261,0.538,55.5,38.6
"2024-10-20 15:30:00",8255,12.66,403,0,2.554,2.96,8.34,0.262,0.738,0.234,0.5,55.37,38.88
"2024-10-20 16:00:00",8256,12.65,403,0,2.4,2.74,7.88,0.242,0.697,0.22,0.471,55.88,38.97
"2024-10-20 16:30:00",8257,12.65,403,0,2.112,2.32,7.03,0.205,0.622,0.184,0.42,55.92,39.02
"2024-10-20 17:00:00",8258,12.65,403,0,1.823,1.95,6.12,0.173,0.542,0.158,0.364,55.4,38.09
"2024-10-20 17:30:00",8259,12.65,403,0,1.463,1.55,4.93,0.137,0.436,0.12,0.3,55.93,37.79
"2024-10-20 18:00:00",8260,12.64,403,0,1.01,0.93,3.55,0.082,0.314,0.078,0.215,53.35,36.86
"2024-10-20 18:30:00",8261,12.64,403,0,0.619,0.43,2.32,0.038,0.206,0.041,0.145,53.25,35.53
"2024-10-20 19:00:00",8262,12.63,403,0,0.385,0.08,1.64,0.008,0.145,0.014,0.108,52.12,35.22
"2024-10-20 19:30:00",8263,12.63,403,0,0.306,0,1.37,0,0.122,0.01,0.092,53.3,35.17
"2024-10-20 20:00:00",8264,12.62,403,0,0.247,-0.07,1.18,-0.007,0.104,0.005,0.081,52.51,35.05
"2024-10-20 20:30:00",8265,12.62,403,0,0.211,-0.13,1.08,-0.012,0.095,-0.002,0.076,51.59,35.52
"2024-10-20 21:00:00",8266,12.61,403,0,0.166,-0.16,0.91,-0.015,0.081,-0.005,0.065,52.11,35.21
"2024-10-20 21:30:00",8267,12.6,403,0,0.159,-0.13,0.85,-0.012,0.075,-0.002,0.062,52.45,34.9
"2024-10-20 22:00:00",8268,12.6,403,0,0.091,-0.3,0.72,-0.027,0.063,-0.017,0.053,53.02,34.9
"2024-10-20 22:30:00",8269,12.59,403,0,0.068,-0.33,0.65,-0.03,0.058,-0.014,0.051,52.21,34.9
"2024-10-20 23:00:00",8270,12.58,403,0,0.117,-0.16,0.69,-0.015,0.061,-0.005,0.049,53.19,35.06
"2024-10-20 23:30:00",8271,12.59,403,0,0.061,-0.32,0.61,-0.029,0.054,-0.016,0.05,53.69,34.49
"2024-10-21 00:00:00",8272,12.58,403,0,0.039,-0.33,0.52,-0.03,0.046,-0.017,0.044,52.56,34.6
"2024-10-21 00:30:00",8273,12.58,403,0,-0.008,-0.45,0.43,-0.041,0.038,-0.024,0.042,51.53,34.9
"2024-10-21 01:00:00",8274,12.58,403,0,0.019,-0.35,0.45,-0.032,0.04,-0.019,0.039,53.64,34.28
"2024-10-21 01:30:00",8275,12.57,403,0,0.038,-0.24,0.42,-0.022,0.037,-0.012,0.037,52.55,34.67
"2024-10-21 02:00:00",8276,12.57,403,0,0.012,-0.35,0.42,-0.032,0.037,-0.021,0.037,53.02,34.9
"2024-10-21 02:30:00",8277,12.57,403,0,-0.014,-0.37,0.32,-0.034,0.028,-0.021,0.032,53.1,34.56
"2024-10-21 03:00:00",8278,12.57,403,0,-0.014,-0.41,0.36,-0.037,0.031,-0.026,0.032,52.98,34.6
"2024-10-21 03:30:00",8279,12.56,403,0,-0.035,-0.43,0.29,-0.039,0.026,-0.021,0.03,52.79,35.22
"2024-10-21 04:00:00",8280,12.56,403,0,-0.062,-0.49,0.23,-0.044,0.02,-0.028,0.025,51.7,35.21
"2024-10-21 04:30:00",8281,12.56,403,0,-0.016,-0.35,0.29,-0.032,0.026,-0.016,0.028,52.89,34.76
"2024-10-21 05:00:00",8282,12.56,403,0,-0.052,-0.41,0.19,-0.037,0.017,-0.024,0.023,52.84,34.71
"2024-10-21 05:30:00",8283,12.56,403,0,-0.041,-0.43,0.26,-0.039,0.023,-0.024,0.028,52.59,34.46
"2024-10-21 06:00:00",8284,12.55,403,0,-0.094,-0.53,0.13,-0.048,0.011,-0.031,0.021,52.45,34.74
"2024-10-21 06:30:00",8285,12.55,403,0,-0.066,-0.41,0.13,-0.037,0.011,-0.024,0.018,52,34.54
"2024-10-21 07:00:00",8286,12.54,403,0,-0.091,-0.49,0.1,-0.044,0.009,-0.031,0.018,52.27,34.55
"2024-10-21 07:30:00",8287,12.55,403,0,-0.07,-0.43,0.13,-0.039,0.011,-0.026,0.018,51.8,34.5
"2024-10-21 08:00:00",8288,12.54,403,0,-0.012,-0.39,0.35,-0.036,0.031,-0.025,0.034,53.51,34.97
"2024-10-21 08:30:00",8289,12.55,403,0,0.234,-0.04,1.09,-0.005,0.096,0.002,0.076,54.53,35.99
"2024-10-21 09:00:00",8290,12.55,403,0,0.652,0.4,2.5,0.036,0.221,0.037,0.157,57.8,37.88
"2024-10-21 09:30:00",8291,12.55,403,0,1.356,1.74,4.25,0.154,0.376,0.155,0.265,62.58,38.56
"2024-10-21 10:00:00",8292,12.56,403,0,1.617,1.68,5.48,0.149,0.485,0.137,0.338,56.84,38.3
"2024-10-21 10:30:00",8293,12.56,403,0,2.164,2.77,6.79,0.245,0.601,0.208,0.416,53.62,39.43
"2024-10-21 11:00:00",8294,12.57,403,0,2.468,2.78,8.14,0.246,0.72,0.23,0.498,59.72,38.97
"2024-10-21 11:30:00",8295,12.58,403,0,2.608,3,8.54,0.265,0.756,0.245,0.543,57.77,40.05
"2024-10-21 12:00:00",8296,12.59,403,0,2.581,2.68,8.75,0.238,0.775,0.232,0.569,60.52,39.93
"2024-10-21 12:30:00",8297,12.6,403,0,2.98,3.71,9.46,0.328,0.838,0.303,0.594,56.58,39.12
"2024-10-21 13:00:00",8298,12.6,403,0,3.114,3.89,9.87,0.345,0.874,0.314,0.613,56.18,39.27
"2024-10-21 13:30:00",8299,12.61,403,0,3.055,3.66,9.85,0.324,0.872,0.296,0.61,55.65,38.5
"2024-10-21 14:00:00",8300,12.6,403,0,2.978,3.54,9.63,0.313,0.852,0.286,0.596,56.12,38.65
"2024-10-21 14:30:00",8301,12.6,403,0,2.989,3.51,9.71,0.311,0.859,0.284,0.594,56.53,38.81
"2024-10-21 15:00:00",8302,12.6,403,0,2.758,3.23,8.97,0.286,0.794,0.259,0.543,56.21,38.9
"2024-10-21 15:30:00",8303,12.61,403,0,2.665,3.08,8.71,0.273,0.771,0.247,0.523,55.95,38.38
"2024-10-21 16:00:00",8304,12.61,403,0,2.416,2.74,7.95,0.243,0.704,0.216,0.476,55.21,38.58
"2024-10-21 16:30:00",8305,12.61,403,0,2.113,2.37,6.98,0.21,0.618,0.187,0.422,56.21,38.49
"2024-10-21 17:00:00",8306,12.61,403,0,1.843,1.98,6.18,0.175,0.547,0.158,0.37,54.89,38.4
"2024-10-21 17:30:00",8307,12.61,403,0,1.381,1.4,4.72,0.124,0.417,0.112,0.286,54.73,38.5
"2024-10-21 18:00:00",8308,12.59,403,0,0.954,0.85,3.38,0.075,0.299,0.074,0.208,54.2,37.31
"2024-10-21 18:30:00",8309,12.6,403,0,0.616,0.4,2.34,0.036,0.207,0.039,0.146,52.62,36.54
"2024-10-21 19:00:00",8310,12.59,403,0,0.446,0.2,1.79,0.018,0.158,0.024,0.114,52.51,35.77
"2024-10-21 19:30:00",8311,12.58,403,0,0.353,0.06,1.52,0.005,0.135,0.012,0.1,52.92,35.47
"2024-10-21 20:00:00",8312,12.58,403,0,0.254,-0.05,1.19,-0.005,0.105,0.005,0.081,53.02,35.05
"2024-10-21 20:30:00",8313,12.58,403,0,0.156,-0.24,0.95,-0.023,0.084,-0.01,0.07,52.72,34.59
"2024-10-21 21:00:00",8314,12.57,403,0,0.104,-0.31,0.79,-0.028,0.07,-0.015,0.058,53.18,35.06
"2024-10-21 21:30:00",8315,12.57,403,0,0.123,-0.19,0.75,-0.017,0.066,-0.007,0.056,52.86,35.71
"2024-10-21 22:00:00",8316,12.56,403,0,0.082,-0.3,0.68,-0.027,0.06,-0.017,0.051,54.34,35.4
"2024-10-21 22:30:00",8317,12.56,403,0,0.068,-0.33,0.65,-0.03,0.058,-0.014,0.049,52.66,35.51
"2024-10-21 23:00:00",8318,12.56,403,0,0.062,-0.3,0.59,-0.027,0.052,-0.017,0.049,53.05,35.35
"2024-10-21 23:30:00",8319,12.55,403,0,0.039,-0.33,0.52,-0.03,0.046,-0.017,0.044,53.82,34.89
"2024-10-22 00:00:00",8320,12.54,403,0,0.026,-0.33,0.46,-0.03,0.04,-0.017,0.039,52.86,34.74
"2024-10-22 00:30:00",8321,12.55,403,0,0.014,-0.38,0.46,-0.034,0.04,-0.019,0.039,53.03,34.65
"2024-10-22 01:00:00",8322,12.54,403,0,0.033,-0.3,0.46,-0.028,0.041,-0.014,0.037,52.8,34.69
"2024-10-22 01:30:00",8323,12.53,403,0,0.025,-0.36,0.49,-0.032,0.043,-0.017,0.04,52.74,34.78
"2024-10-22 02:00:00",8324,12.53,403,0,0.003,-0.36,0.39,-0.032,0.035,-0.022,0.035,53.37,34.58
"2024-10-22 02:30:00",8325,12.53,403,0,0.005,-0.38,0.42,-0.035,0.037,-0.021,0.037,53.3,35.19
"2024-10-22 03:00:00",8326,12.54,403,0,0.017,-0.33,0.42,-0.03,0.037,-0.019,0.037,52.89,34.37
"2024-10-22 03:30:00",8327,12.53,403,0,0,-0.35,0.36,-0.032,0.032,-0.019,0.03,53.17,34.64
"2024-10-22 04:00:00",8328,12.53,403,0,-0.018,-0.36,0.29,-0.032,0.026,-0.022,0.028,52.92,34.38
"2024-10-22 04:30:00",8329,12.52,403,0,-0.036,-0.38,0.23,-0.035,0.02,-0.022,0.026,52.87,34.75
"2024-10-22 05:00:00",8330,12.52,403,0,-0.05,-0.41,0.2,-0.037,0.017,-0.024,0.023,52.55,35.25
"2024-10-22 05:30:00",8331,12.52,403,0,-0.08,-0.44,0.1,-0.04,0.009,-0.024,0.021,52.73,34.6
"2024-10-22 06:00:00",8332,12.51,403,0,-0.091,-0.49,0.1,-0.045,0.009,-0.028,0.016,52.4,34.28
"2024-10-22 06:30:00",8333,12.51,403,0,-0.107,-0.53,0.07,-0.047,0.006,-0.031,0.019,51.94,34.49
"2024-10-22 07:00:00",8334,12.51,403,0,-0.144,-0.62,0,-0.056,0,-0.037,0.016,52.14,33.87
"2024-10-22 07:30:00",8335,12.51,403,0,-0.109,-0.47,0,-0.042,0,-0.029,0.014,51.72,34.84
"2024-10-22 08:00:00",8336,12.52,403,0,-0.017,-0.44,0.38,-0.04,0.034,-0.025,0.034,53.67,34.74
"2024-10-22 08:30:00",8337,12.52,403,0,0.206,-0.13,1.06,-0.012,0.094,-0.005,0.074,54.37,35.42
"2024-10-22 09:00:00",8338,12.51,403,0,0.555,0.28,2.19,0.025,0.194,0.029,0.142,56.3,36.54
"2024-10-22 09:30:00",8339,12.51,403,0,1.104,1.17,3.72,0.104,0.33,0.104,0.235,57.87,38.12
"2024-10-22 10:00:00",8340,12.51,403,0,1.614,1.68,5.47,0.149,0.484,0.135,0.34,56.94,38.96
"2024-10-22 10:30:00",8341,12.53,403,0,2.52,3.1,8.04,0.274,0.712,0.244,0.499,56.1,39.77
"2024-10-22 11:00:00",8342,12.54,403,0,2.871,3.34,9.36,0.296,0.828,0.279,0.578,61.49,39
"2024-10-22 11:30:00",8343,12.54,403,0,2.979,3.66,9.51,0.324,0.842,0.296,0.603,55.92,39.43
"2024-10-22 12:00:00",8344,12.54,403,0,2.668,2.96,8.85,0.262,0.783,0.253,0.576,59.16,39.53
"2024-10-22 12:30:00",8345,12.56,403,0,2.824,3.5,8.98,0.31,0.795,0.284,0.565,57.36,39.38
"2024-10-22 13:00:00",8346,12.55,403,0,2.957,3.68,9.39,0.326,0.831,0.293,0.579,54.99,39.31
"2024-10-22 13:30:00",8347,12.57,403,0,2.845,3.41,9.17,0.302,0.811,0.274,0.565,55.49,39
"2024-10-22 14:00:00",8348,12.57,403,0,2.853,3.36,9.26,0.298,0.819,0.27,0.566,55.56,38.81
"2024-10-22 14:30:00",8349,12.57,403,0,2.803,3.25,9.15,0.288,0.81,0.261,0.563,55.78,39.03
"2024-10-22 15:00:00",8350,12.57,403,0,2.794,3.27,9.09,0.29,0.805,0.263,0.546,55.41,39.07
"2024-10-22 15:30:00",8351,12.57,403,0,2.737,3.16,8.95,0.28,0.792,0.253,0.534,55.41,38.92
"2024-10-22 16:00:00",8352,12.56,403,0,2.495,2.84,8.2,0.251,0.726,0.226,0.487,55.63,38.72
"2024-10-22 16:30:00",8353,12.57,403,0,2.194,2.43,7.28,0.215,0.644,0.197,0.437,55.82,39.33
"2024-10-22 17:00:00",8354,12.56,403,0,1.9,2.09,6.32,0.185,0.56,0.167,0.38,54.5,38.82
"2024-10-22 17:30:00",8355,12.55,403,0,1.454,1.5,4.94,0.133,0.437,0.123,0.298,54.94,37.88
"2024-10-22 18:00:00",8356,12.55,403,0,1.06,1.02,3.68,0.09,0.325,0.083,0.222,53.33,37.1
"2024-10-22 18:30:00",8357,12.55,403,0,0.72,0.55,2.65,0.049,0.234,0.049,0.162,52.67,36.59
"2024-10-22 19:00:00",8358,12.54,403,0,0.501,0.26,1.97,0.023,0.175,0.027,0.122,53.35,35.88
"2024-10-22 19:30:00",8359,12.54,403,0,0.344,0,1.54,0,0.136,0.012,0.101,52.89,35.99
"2024-10-22 20:00:00",8360,12.52,403,0,0.29,0,1.3,0,0.115,0.01,0.089,52.13,34.82
"2024-10-22 20:30:00",8361,12.53,403,0,0.245,-0.1,1.2,-0.01,0.106,0,0.082,53.04,35.32
"2024-10-22 21:00:00",8362,12.52,403,0,0.207,-0.1,1.03,-0.01,0.091,0,0.07,53.47,34.66
"2024-10-22 21:30:00",8363,12.5,403,0,0.17,-0.22,0.99,-0.02,0.088,-0.01,0.063,52.7,35.79
"2024-10-22 22:00:00",8364,12.5,403,0,0.154,-0.22,0.92,-0.02,0.081,-0.01,0.065,53.02,35.05
"2024-10-22 22:30:00",8365,12.51,403,0,0.134,-0.19,0.8,-0.018,0.071,-0.007,0.061,52.47,34.35
"2024-10-22 23:00:00",8366,12.5,403,0,0.148,-0.19,0.86,-0.018,0.076,-0.005,0.061,53.02,35.31
"2024-10-22 23:30:00",8367,12.5,403,0,0.139,-0.19,0.82,-0.017,0.073,-0.007,0.061,53.3,35.58
"2024-10-23 00:00:00",8368,12.49,403,0,0.098,-0.27,0.72,-0.025,0.064,-0.014,0.056,52.74,35.42
"2024-10-23 00:30:00",8369,12.49,403,0,0.105,-0.24,0.72,-0.022,0.064,-0.012,0.054,52.89,35.58
"2024-10-23 01:00:00",8370,12.49,403,0,0.082,-0.27,0.65,-0.025,0.058,-0.014,0.051,52.78,35.06
"2024-10-23 01:30:00",8371,12.48,403,0,0.082,-0.27,0.65,-0.025,0.058,-0.014,0.051,54.21,34.86
"2024-10-23 02:00:00",8372,12.48,403,0,0.075,-0.27,0.62,-0.025,0.055,-0.017,0.049,53.95,35.01
"2024-10-23 02:30:00",8373,12.49,403,0,0.068,-0.33,0.65,-0.03,0.058,-0.019,0.051,54.19,35.25
"2024-10-23 03:00:00",8374,12.49,403,0,0.082,-0.24,0.62,-0.022,0.055,-0.01,0.047,53.06,34.93
"2024-10-23 03:30:00",8375,12.49,403,0,0.075,-0.27,0.62,-0.025,0.055,-0.014,0.047,54.01,34.5
"2024-10-23 04:00:00",8376,12.49,403,0,0.046,-0.3,0.52,-0.027,0.046,-0.017,0.042,52.22,34.75
"2024-10-23 04:30:00",8377,12.49,403,0,-0.01,-0.39,0.36,-0.035,0.032,-0.024,0.033,52.35,35.31
"2024-10-23 05:00:00",8378,12.49,403,0,-0.01,-0.39,0.36,-0.035,0.032,-0.022,0.033,53.66,34.71
"2024-10-23 05:30:00",8379,12.48,403,0,-0.03,-0.38,0.26,-0.035,0.023,-0.022,0.028,53.35,34.96
"2024-10-23 06:00:00",8380,12.48,403,0,-0.039,-0.39,0.23,-0.035,0.02,-0.024,0.026,52.72,35.01
"2024-10-23 06:30:00",8381,12.47,403,0,-0.08,-0.47,0.13,-0.042,0.012,-0.029,0.019,52.88,34.6
"2024-10-23 07:00:00",8382,12.48,403,0,-0.087,-0.5,0.13,-0.045,0.012,-0.026,0.021,52.52,34.4
"2024-10-23 07:30:00",8383,12.48,403,0,-0.052,-0.38,0.16,-0.034,0.014,-0.024,0.021,53.49,34.96
"2024-10-23 08:00:00",8384,12.46,403,0,-0.083,-0.54,0.19,-0.049,0.017,-0.033,0.021,53.45,34.5
"2024-10-23 08:30:00",8385,12.47,403,0,0.164,-0.13,0.87,-0.012,0.077,-0.005,0.063,53.9,35.36
"2024-10-23 09:00:00",8386,12.48,403,0,0.441,0.08,1.89,0.007,0.167,0.011,0.124,56.01,37.32
"2024-10-23 09:30:00",8387,12.47,403,0,0.926,0.78,3.33,0.069,0.295,0.067,0.21,55.64,37.11
"2024-10-23 10:00:00",8388,12.49,403,0,1.395,1.44,4.74,0.127,0.419,0.116,0.296,55.98,38.26
"2024-10-23 10:30:00",8389,12.49,403,0,1.905,2.14,6.29,0.189,0.556,0.168,0.388,55.61,39.52
"2024-10-23 11:00:00",8390,12.5,403,0,2.247,2.4,7.55,0.212,0.668,0.206,0.466,64.61,39.37
"2024-10-23 11:30:00",8391,12.5,403,0,2.451,2.92,7.92,0.259,0.701,0.239,0.498,55.96,39.31
"2024-10-23 12:00:00",8392,12.51,403,0,2.486,2.63,8.38,0.233,0.742,0.225,0.539,59.41,40.3
"2024-10-23 12:30:00",8393,12.51,403,0,2.685,3.26,8.61,0.288,0.762,0.263,0.541,55.87,39.38
"2024-10-23 13:00:00",8394,12.52,403,0,2.871,3.56,9.13,0.315,0.808,0.283,0.552,55.05,38.96
"2024-10-23 13:30:00",8395,12.52,403,0,2.958,3.58,9.5,0.317,0.84,0.287,0.574,55.55,38.5
"2024-10-23 14:00:00",8396,12.52,403,0,2.882,3.36,9.39,0.298,0.831,0.271,0.563,55.72,39.22
"2024-10-23 14:30:00",8397,12.52,403,0,2.803,3.23,9.17,0.286,0.811,0.262,0.557,56.86,39.56
"2024-10-23 15:00:00",8398,12.52,403,0,2.826,3.28,9.22,0.291,0.816,0.261,0.551,55.09,39.01
"2024-10-23 15:30:00",8399,12.52,403,0,2.69,3.09,8.81,0.273,0.78,0.246,0.527,55.15,39.33
"2024-10-23 16:00:00",8400,12.52,403,0,2.463,2.75,8.15,0.243,0.722,0.221,0.485,56.04,39.13
"2024-10-23 16:30:00",8401,12.52,403,0,2.103,2.27,7.04,0.201,0.623,0.186,0.42,55.3,38.8
"2024-10-23 17:00:00",8402,12.52,403,0,1.793,1.88,6.06,0.167,0.536,0.15,0.366,56.19,38.05
"2024-10-23 17:30:00",8403,12.51,403,0,1.434,1.51,4.84,0.134,0.429,0.121,0.292,54.43,37.37
"2024-10-23 18:00:00",8404,12.51,403,0,0.958,0.84,3.41,0.074,0.301,0.071,0.209,54.65,37.33
"2024-10-23 18:30:00",8405,12.49,403,0,0.614,0.38,2.35,0.034,0.208,0.039,0.149,53.3,35.99
"2024-10-23 19:00:00",8406,12.5,403,0,0.416,0.09,1.77,0.008,0.157,0.015,0.113,53.15,35.84
"2024-10-23 19:30:00",8407,12.49,403,0,0.313,0,1.4,0,0.124,0.007,0.092,52.69,35.37
"2024-10-23 20:00:00",8408,12.49,403,0,0.231,-0.13,1.17,-0.013,0.103,-0.002,0.08,52.85,35.38
"2024-10-23 20:30:00",8409,12.48,403,0,0.156,-0.22,0.93,-0.02,0.082,-0.01,0.071,52.64,35.17
"2024-10-23 21:00:00",8410,12.48,403,0,0.105,-0.24,0.72,-0.022,0.064,-0.01,0.054,53.66,35.53
"2024-10-23 21:30:00",8411,12.47,403,0,0.061,-0.33,0.62,-0.03,0.055,-0.019,0.049,53.26,35.79
"2024-10-23 22:00:00",8412,12.47,403,0,0.055,-0.33,0.59,-0.03,0.052,-0.019,0.047,52.52,34.81
"2024-10-23 22:30:00",8413,12.46,403,0,0.027,-0.39,0.53,-0.035,0.047,-0.022,0.045,52.17,34.3
"2024-10-23 23:00:00",8414,12.46,403,0,0.025,-0.36,0.49,-0.033,0.044,-0.019,0.04,53.49,34.39
"2024-10-23 23:30:00",8415,12.47,403,0,0.011,-0.42,0.49,-0.038,0.044,-0.024,0.04,52.99,35.27
"2024-10-24 00:00:00",8416,12.46,403,0,0.019,-0.36,0.46,-0.033,0.041,-0.019,0.04,53.1,34.56
"2024-10-24 00:30:00",8417,12.46,403,0,0.005,-0.36,0.4,-0.033,0.035,-0.019,0.035,52.89,34.51
"2024-10-24 01:00:00",8418,12.46,403,0,-0.023,-0.42,0.33,-0.038,0.029,-0.024,0.033,52.88,35.01
"2024-10-24 01:30:00",8419,12.46,403,0,-0.017,-0.42,0.36,-0.038,0.032,-0.024,0.035,52.73,35.01
"2024-10-24 02:00:00",8420,12.46,403,0,-0.009,-0.36,0.33,-0.033,0.029,-0.017,0.033,53.11,34.56
"2024-10-24 02:30:00",8421,12.46,403,0,-0.019,-0.4,0.33,-0.036,0.029,-0.022,0.028,53.4,34.45
"2024-10-24 03:00:00",8422,12.45,403,0,-0.03,-0.42,0.3,-0.038,0.026,-0.024,0.026,53.5,34.55
"2024-10-24 03:30:00",8423,12.45,403,0,-0.037,-0.45,0.3,-0.041,0.026,-0.027,0.031,53.7,35.16
"2024-10-24 04:00:00",8424,12.45,403,0,-0.03,-0.42,0.3,-0.038,0.026,-0.022,0.028,53.29,34.35
"2024-10-24 04:30:00",8425,12.45,403,0,-0.025,-0.36,0.26,-0.033,0.023,-0.024,0.028,52.94,34.55
"2024-10-24 05:00:00",8426,12.45,403,0,-0.016,-0.36,0.3,-0.033,0.026,-0.02,0.031,52.53,35.22
"2024-10-24 05:30:00",8427,12.45,403,0,-0.023,-0.39,0.3,-0.036,0.026,-0.022,0.028,53.05,35.07
"2024-10-24 06:00:00",8428,12.43,403,0,-0.03,-0.39,0.27,-0.036,0.024,-0.024,0.031,53.14,35.16
"2024-10-24 06:30:00",8429,12.44,403,0,-0.046,-0.42,0.23,-0.038,0.021,-0.024,0.028,52.53,34.81
"2024-10-24 07:00:00",8430,12.44,403,0,-0.023,-0.39,0.3,-0.035,0.026,-0.022,0.031,53.34,34.55
"2024-10-24 07:30:00",8431,12.44,403,0,-0.016,-0.39,0.33,-0.035,0.029,-0.022,0.031,52.99,34.46
"2024-10-24 08:00:00",8432,12.44,403,0,0.196,-0.08,0.96,-0.008,0.085,0,0.066,52.78,34.66
"2024-10-24 08:30:00",8433,12.43,403,0,0.598,0.42,2.24,0.037,0.198,0.038,0.142,54.59,36.06
"2024-10-24 09:00:00",8434,12.43,403,0,1.066,0.96,3.77,0.085,0.334,0.082,0.234,55.51,37.8
"2024-10-24 09:30:00",8435,12.44,403,0,1.447,1.46,4.95,0.129,0.438,0.115,0.301,56.12,37.73
"2024-10-24 10:00:00",8436,12.43,403,0,1.885,2.17,6.17,0.192,0.546,0.172,0.374,56.87,39.71
"2024-10-24 10:30:00",8437,12.44,403,0,2.218,2.61,7.2,0.231,0.637,0.203,0.432,54.51,39
"2024-10-24 11:00:00",8438,12.44,403,0,2.361,2.37,8.09,0.21,0.716,0.206,0.501,63.58,39.46
"2024-10-24 11:30:00",8439,12.44,403,0,2.683,3.33,8.53,0.295,0.755,0.261,0.524,55.86,39.12
"2024-10-24 12:00:00",8440,12.45,403,0,2.575,2.79,8.61,0.247,0.762,0.237,0.543,58.76,39.97
"2024-10-24 12:30:00",8441,12.44,403,0,2.891,3.54,9.24,0.313,0.818,0.284,0.572,56.15,39.25
"2024-10-24 13:00:00",8442,12.45,403,0,2.916,3.57,9.32,0.316,0.825,0.286,0.562,55.51,38.61
"2024-10-24 13:30:00",8443,12.45,403,0,2.836,3.4,9.14,0.301,0.809,0.272,0.548,55.25,39.17
"2024-10-24 14:00:00",8444,12.45,403,0,2.943,3.57,9.44,0.316,0.835,0.28,0.566,56.58,38.45
"2024-10-24 14:30:00",8445,12.45,403,0,2.763,3.23,8.99,0.286,0.796,0.262,0.541,58,39.62
"2024-10-24 15:00:00",8446,12.45,403,0,2.727,3.23,8.83,0.285,0.782,0.251,0.516,53.64,39.2
"2024-10-24 15:30:00",8447,12.45,403,0,2.498,2.91,8.14,0.258,0.72,0.229,0.481,55.74,38.18
"2024-10-24 16:00:00",8448,12.45,403,0,2.251,2.55,7.41,0.226,0.655,0.201,0.436,55.58,38.12
"2024-10-24 16:30:00",8449,12.45,403,0,2,2.28,6.57,0.201,0.582,0.18,0.388,55.14,38.24
"2024-10-24 17:00:00",8450,12.44,403,0,1.721,1.86,5.76,0.164,0.51,0.145,0.34,54.67,38.03
"2024-10-24 17:30:00",8451,12.43,403,0,1.334,1.36,4.55,0.121,0.403,0.108,0.268,54.64,37.89
"2024-10-24 18:00:00",8452,12.43,403,0,0.899,0.79,3.2,0.07,0.283,0.067,0.193,53.86,36.96
"2024-10-24 18:30:00",8453,12.43,403,0,0.573,0.38,2.17,0.034,0.192,0.037,0.136,52.83,35.93
"2024-10-24 19:00:00",8454,12.43,403,0,0.413,0.17,1.67,0.015,0.148,0.025,0.103,53.24,36.09
"2024-10-24 19:30:00",8455,12.42,403,0,0.316,0.06,1.35,0.005,0.12,0.012,0.088,52.61,35.72
"2024-10-24 20:00:00",8456,12.41,403,0,0.233,-0.13,1.18,-0.013,0.105,0,0.079,52.52,35.62
"2024-10-24 20:30:00",8457,12.41,403,0,0.202,-0.13,1.04,-0.013,0.092,-0.002,0.072,51.84,35.36
"2024-10-24 21:00:00",8458,12.4,403,0,0.172,-0.19,0.97,-0.018,0.086,-0.005,0.067,52.72,35.42
"2024-10-24 21:30:00",8459,12.4,403,0,0.152,-0.22,0.91,-0.02,0.08,-0.007,0.065,52.68,35.11
"2024-10-24 22:00:00",8460,12.39,403,0,0.1,-0.28,0.74,-0.026,0.066,-0.012,0.053,52.83,35.11
"2024-10-24 22:30:00",8461,12.39,403,0,0.107,-0.25,0.74,-0.023,0.066,-0.01,0.058,52.72,34.85
"2024-10-24 23:00:00",8462,12.4,403,0,0.107,-0.25,0.74,-0.023,0.066,-0.01,0.055,52.96,35.4
"2024-10-24 23:30:00",8463,12.39,403,0,0.077,-0.31,0.67,-0.028,0.06,-0.017,0.05,52.29,34.99
"2024-10-25 00:00:00",8464,12.39,403,0,0.1,-0.22,0.68,-0.021,0.06,-0.007,0.053,53.22,34.95
"2024-10-25 00:30:00",8465,12.38,403,0,0.098,-0.22,0.67,-0.021,0.06,-0.007,0.05,53.21,35.5
"2024-10-25 01:00:00",8466,12.38,403,0,0.076,-0.25,0.6,-0.023,0.054,-0.015,0.045,53.07,34.79
"2024-10-25 01:30:00",8467,12.38,403,0,0.07,-0.31,0.64,-0.028,0.057,-0.012,0.045,51.83,35.09
"2024-10-25 02:00:00",8468,12.38,403,0,0.084,-0.25,0.64,-0.023,0.057,-0.01,0.048,52.79,34.67
"2024-10-25 02:30:00",8469,12.36,403,0,0.084,-0.25,0.64,-0.023,0.057,-0.007,0.05,53.15,35.04
"2024-10-25 03:00:00",8470,12.36,403,0,0.062,-0.31,0.6,-0.028,0.054,-0.017,0.048,52.94,34.83
"2024-10-25 03:30:00",8471,12.37,403,0,0.069,-0.28,0.6,-0.025,0.054,-0.012,0.045,53.06,34.53
"2024-10-25 04:00:00",8472,12.36,403,0,0.076,-0.19,0.54,-0.018,0.048,-0.007,0.043,52.64,35.2
"2024-10-25 04:30:00",8473,12.37,403,0,0.062,-0.25,0.54,-0.023,0.048,-0.01,0.043,51.83,35.36
"2024-10-25 05:00:00",8474,12.36,403,0,0.039,-0.28,0.47,-0.026,0.042,-0.012,0.036,52.21,34.9
"2024-10-25 05:30:00",8475,12.36,403,0,0.04,-0.22,0.41,-0.021,0.036,-0.01,0.039,52.5,34.79
"2024-10-25 06:00:00",8476,12.36,403,0,0.026,-0.28,0.41,-0.026,0.036,-0.012,0.036,52.88,35.01
"2024-10-25 06:30:00",8477,12.35,403,0,0.026,-0.28,0.41,-0.026,0.036,-0.012,0.036,52.01,34.72
"2024-10-25 07:00:00",8478,12.35,403,0,-0.017,-0.43,0.37,-0.039,0.033,-0.022,0.036,52.29,34.99
"2024-10-25 07:30:00",8479,12.34,403,0,0.012,-0.34,0.41,-0.031,0.036,-0.017,0.036,52.32,35.02
"2024-10-25 08:00:00",8480,12.35,403,0,0.302,0.5,0.83,0.045,0.073,0.041,0.055,58.34,35.46
"2024-10-25 08:30:00",8481,12.34,403,0,0.569,0.4,2.13,0.035,0.188,0.039,0.135,52.74,36.4
"2024-10-25 09:00:00",8482,12.35,403,0,0.781,0.61,2.86,0.054,0.254,0.052,0.179,54.93,36.8
"2024-10-25 09:30:00",8483,12.35,403,0,1.098,1.02,3.85,0.091,0.34,0.085,0.234,55.64,37.67
"2024-10-25 10:00:00",8484,12.34,403,0,1.492,1.71,4.89,0.152,0.433,0.134,0.296,55.54,38.64
"2024-10-25 10:30:00",8485,12.36,403,0,1.802,2.07,5.9,0.183,0.522,0.167,0.355,55.95,38.49
"2024-10-25 11:00:00",8486,12.36,403,0,1.947,1.88,6.75,0.167,0.598,-99,0.419,-99,39.5
"2024-10-25 11:30:00",8487,12.36,403,0,2.278,2.77,7.3,0.245,0.646,0.219,0.461,55.72,39.63
"2024-10-25 12:00:00",8488,12.37,403,0,2.331,2.56,7.76,0.226,0.687,0.215,0.497,59.75,39.98
"2024-10-25 12:30:00",8489,12.38,403,0,2.653,3.15,8.58,0.279,0.759,0.258,0.533,57.72,39.58
"2024-10-25 13:00:00",8490,12.39,403,0,2.835,3.47,9.06,0.307,0.802,0.272,0.551,55.29,39.47
"2024-10-25 13:30:00",8491,12.38,403,0,2.779,3.25,9.04,0.288,0.8,0.258,0.549,56.52,38.39
"2024-10-25 14:00:00",8492,12.39,403,0,2.749,3.19,8.97,0.282,0.794,0.255,0.536,56.09,39.46
"2024-10-25 14:30:00",8493,12.39,403,0,2.594,3.07,8.4,0.272,0.744,0.245,0.508,56.47,39.72
"2024-10-25 15:00:00",8494,12.39,403,0,2.472,2.95,7.98,0.261,0.706,0.23,0.476,55.19,38.85
"2024-10-25 15:30:00",8495,12.39,403,0,2.342,2.68,7.68,0.237,0.68,0.21,0.456,56,38.95
"2024-10-25 16:00:00",8496,12.38,403,0,2.043,2.32,6.72,0.206,0.595,0.187,0.401,55.14,39.47
"2024-10-25 16:30:00",8497,12.39,403,0,1.776,1.94,5.92,0.171,0.524,0.155,0.354,55.76,39.12
"2024-10-25 17:00:00",8498,12.37,403,0,1.549,1.64,5.22,0.145,0.462,0.132,0.312,54.94,37.63
"2024-10-25 17:30:00",8499,12.37,403,0,1.183,1.19,4.05,0.105,0.358,0.098,0.243,53.4,37.88
"2024-10-25 18:00:00",8500,12.37,403,0,0.791,0.7,2.81,0.062,0.249,0.059,0.172,54.15,36.69
"2024-10-25 18:30:00",8501,12.37,403,0,0.469,0.21,1.88,0.018,0.166,0.027,0.118,51.78,35.71
"2024-10-25 19:00:00",8502,12.37,403,0,0.324,0.03,1.42,0.003,0.126,0.01,0.093,53.33,35.77
"2024-10-25 19:30:00",8503,12.36,403,0,0.211,-0.1,1.05,-0.01,0.093,0,0.069,53.1,35.4
"2024-10-25 20:00:00",8504,12.36,403,0,0.157,-0.14,0.85,-0.013,0.075,-0.002,0.06,52.91,35.2
"2024-10-25 20:30:00",8505,12.36,403,0,0.107,-0.22,0.71,-0.021,0.063,-0.007,0.055,52.08,34.63
"2024-10-25 21:00:00",8506,12.35,403,0,0.064,-0.31,0.61,-0.028,0.054,-0.015,0.045,52.8,35.76
"2024-10-25 21:30:00",8507,12.35,403,0,0.039,-0.31,0.5,-0.028,0.045,-0.017,0.041,53.05,35.6
"2024-10-25 22:00:00",8508,12.34,403,0,0.014,-0.39,0.47,-0.036,0.042,-0.019,0.038,53.06,34.53
"2024-10-25 22:30:00",8509,12.34,403,0,0.005,-0.39,0.43,-0.036,0.039,-0.02,0.038,51.78,35.15
"2024-10-25 23:00:00",8510,12.33,403,0,-0.015,-0.45,0.4,-0.041,0.036,-0.025,0.033,52.97,34.44
"2024-10-25 23:30:00",8511,12.34,403,0,0.005,-0.36,0.4,-0.033,0.035,-0.017,0.036,52.2,35.3
"2024-10-26 00:00:00",8512,12.34,403,0,-0.022,-0.45,0.37,-0.041,0.032,-0.027,0.033,53.37,34.44
"2024-10-26 00:30:00",8513,12.34,403,0,-0.031,-0.45,0.33,-0.041,0.029,-0.027,0.031,52.63,34.91
"2024-10-26 01:00:00",8514,12.34,403,0,-0.009,-0.36,0.33,-0.033,0.029,-0.022,0.033,51.81,33.94
"2024-10-26 01:30:00",8515,12.33,403,0,-0.028,-0.44,0.33,-0.04,0.029,-0.024,0.026,52.62,35.47
"2024-10-26 02:00:00",8516,12.33,403,0,-0.001,-0.39,0.4,-0.036,0.035,-0.02,0.033,53.4,35.02
"2024-10-26 02:30:00",8517,12.33,403,0,-0.008,-0.39,0.37,-0.036,0.033,-0.02,0.034,53.31,35.33
"2024-10-26 03:00:00",8518,12.33,403,0,0.01,-0.34,0.4,-0.031,0.036,-0.017,0.034,52.93,34.95
"2024-10-26 03:30:00",8519,12.33,403,0,-0.003,-0.37,0.37,-0.033,0.033,-0.02,0.031,53.04,35.16
"2024-10-26 04:00:00",8520,12.33,403,0,-0.008,-0.39,0.37,-0.036,0.033,-0.02,0.033,53.59,34.8
"2024-10-26 04:30:00",8521,12.33,403,0,-0.037,-0.45,0.3,-0.041,0.027,-0.025,0.031,52.12,34.81
"2024-10-26 05:00:00",8522,12.33,403,0,-0.037,-0.42,0.27,-0.038,0.024,-0.024,0.026,53.37,34.43
"2024-10-26 05:30:00",8523,12.32,403,0,-0.044,-0.45,0.27,-0.04,0.024,-0.027,0.026,53.02,34.9
"2024-10-26 06:00:00",8524,12.33,403,0,-0.046,-0.42,0.23,-0.038,0.021,-0.024,0.026,52.23,34.78
"2024-10-26 06:30:00",8525,12.32,403,0,-0.057,-0.44,0.2,-0.04,0.018,-0.027,0.026,52.27,34.96
"2024-10-26 07:00:00",8526,12.33,403,0,-0.057,-0.44,0.2,-0.04,0.018,-0.027,0.026,53.48,35.51
"2024-10-26 07:30:00",8527,12.33,403,0,-0.046,-0.39,0.2,-0.036,0.018,-0.024,0.021,53.9,34.95
"2024-10-26 08:00:00",8528,12.32,403,0,-0.032,-0.39,0.26,-0.035,0.023,-0.022,0.026,53.72,35.35
"2024-10-26 08:30:00",8529,12.31,403,0,0.069,-0.27,0.59,-0.025,0.052,-0.014,0.043,54.02,35.09
"2024-10-26 09:00:00",8530,12.31,403,0,0.446,0.17,1.82,0.015,0.161,0.022,0.117,54.34,35.81
"2024-10-26 09:30:00",8531,12.33,403,0,1.211,1.17,4.2,0.104,0.372,0.095,0.255,55.51,38.47
"2024-10-26 10:00:00",8532,12.33,403,0,1.677,1.9,5.52,0.168,0.488,0.152,0.339,56.3,38.74
"2024-10-26 10:30:00",8533,12.32,403,0,2.075,2.39,6.79,0.212,0.601,0.192,0.408,55.03,38.8
"2024-10-26 11:00:00",8534,12.33,403,0,2.111,2.02,7.34,0.179,0.65,0.178,0.462,66.52,40.47
"2024-10-26 11:30:00",8535,12.34,403,0,2.518,3.08,8.05,0.272,0.712,0.247,0.501,55.34,40.9
"2024-10-26 12:00:00",8536,12.34,403,0,2.6,3.05,8.45,0.27,0.748,0.251,0.529,58.5,39.56
"2024-10-26 12:30:00",8537,12.35,403,0,2.644,3.23,8.46,0.286,0.749,0.26,0.524,57.17,38.23
"2024-10-26 13:00:00",8538,12.35,403,0,2.782,3.38,8.92,0.3,0.79,0.265,0.53,54.65,38.99
"2024-10-26 13:30:00",8539,12.35,403,0,2.782,3.35,8.95,0.297,0.792,0.265,0.539,55.44,39.51
"2024-10-26 14:00:00",8540,12.34,403,0,2.595,2.95,8.53,0.261,0.755,0.237,0.516,57.38,39.51
"2024-10-26 14:30:00",8541,12.35,403,0,2.534,2.93,8.28,0.26,0.733,0.234,0.498,55.87,39.53
"2024-10-26 15:00:00",8542,12.35,403,0,2.53,3,8.19,0.265,0.724,0.237,0.486,54.37,38.96
"2024-10-26 15:30:00",8543,12.33,403,0,2.298,2.59,7.58,0.229,0.671,0.209,0.447,55.12,38.79
"2024-10-26 16:00:00",8544,12.34,403,0,2.104,2.38,6.93,0.211,0.613,0.191,0.411,54.82,38.33
"2024-10-26 16:30:00",8545,12.34,403,0,1.84,2.09,6.05,0.185,0.536,0.164,0.36,54.77,37.61
"2024-10-26 17:00:00",8546,12.33,403,0,1.57,1.71,5.24,0.151,0.464,0.137,0.306,54.7,37.97
"2024-10-26 17:30:00",8547,12.34,403,0,1.139,1.12,3.93,0.099,0.348,0.09,0.236,53.12,36.79
"2024-10-26 18:00:00",8548,12.33,403,0,0.764,0.66,2.73,0.058,0.242,0.056,0.165,52.76,37.1
"2024-10-26 18:30:00",8549,12.32,403,0,0.46,0.21,1.84,0.018,0.163,0.023,0.119,51.88,35.81
"2024-10-26 19:00:00",8550,12.32,403,0,0.324,0.03,1.42,0.003,0.126,0.013,0.09,51.83,34.68
"2024-10-26 19:30:00",8551,12.31,403,0,0.236,-0.11,1.17,-0.01,0.103,0,0.078,52.51,35.62
"2024-10-26 20:00:00",8552,12.31,403,0,0.177,-0.2,1,-0.018,0.089,-0.008,0.068,52.79,35.24
"2024-10-26 20:30:00",8553,12.3,403,0,0.159,-0.17,0.89,-0.016,0.079,-0.005,0.063,52.49,35.19
"2024-10-26 21:00:00",8554,12.3,403,0,0.108,-0.32,0.82,-0.029,0.073,-0.013,0.061,52.38,35.09
"2024-10-26 21:30:00",8555,12.29,403,0,0.096,-0.25,0.69,-0.023,0.061,-0.01,0.053,51.25,34.78
"2024-10-26 22:00:00",8556,12.29,403,0,0.066,-0.33,0.64,-0.03,0.057,-0.017,0.046,53.41,34.89
"2024-10-26 22:30:00",8557,12.28,403,0,0.093,-0.25,0.68,-0.023,0.06,-0.012,0.053,52.65,35.5
"2024-10-26 23:00:00",8558,12.29,403,0,0.057,-0.34,0.61,-0.031,0.054,-0.015,0.048,52.63,34.92
"2024-10-26 23:30:00",8559,12.29,403,0,0.064,-0.31,0.61,-0.028,0.054,-0.012,0.049,52.29,34.99
"2024-10-27 00:00:00",8560,12.27,403,0,0.078,-0.25,0.61,-0.023,0.054,-0.01,0.046,52.22,35.34
"2024-10-27 00:30:00",8561,12.28,403,0,0.085,-0.23,0.62,-0.021,0.055,-0.005,0.046,51.81,34.1
"2024-10-27 01:00:00",8562,12.28,403,0,0.101,-0.19,0.65,-0.018,0.057,-0.01,0.046,52.83,34.98
"2024-10-27 01:30:00",8563,12.28,403,0,0.071,-0.25,0.58,-0.023,0.052,-0.012,0.046,52.29,35.55
"2024-10-27 02:00:00",8564,12.26,403,0,0.105,-0.17,0.65,-0.016,0.058,-0.005,0.049,53.17,35.05
"2024-10-27 02:30:00",8565,12.26,403,0,0.078,-0.22,0.58,-0.021,0.051,-0.01,0.044,52.93,34.97
"2024-10-27 03:00:00",8566,12.26,403,0,0.078,-0.26,0.62,-0.024,0.055,-0.008,0.044,52.51,34.41
"2024-10-27 03:30:00",8567,12.27,403,0,0.041,-0.35,0.55,-0.032,0.049,-0.018,0.044,52.35,34.66
"2024-10-27 04:00:00",8568,12.26,403,0,0.042,-0.29,0.49,-0.026,0.043,-0.013,0.039,53.22,34.71
"2024-10-27 04:30:00",8569,12.26,403,0,0.058,-0.25,0.52,-0.023,0.046,-0.015,0.039,52.37,34.67
"2024-10-27 05:00:00",8570,12.26,403,0,0.024,-0.29,0.41,-0.026,0.037,-0.015,0.037,52.21,34.52
"2024-10-27 05:30:00",8571,12.26,403,0,-0.01,-0.44,0.41,-0.039,0.037,-0.023,0.037,51.96,34.82
"2024-10-27 06:00:00",8572,12.25,403,0,0.024,-0.22,0.34,-0.021,0.03,-0.012,0.032,52.98,34.05
"2024-10-27 06:30:00",8573,12.25,403,0,0.01,-0.28,0.34,-0.026,0.03,-0.012,0.034,53.03,34.36
"2024-10-27 07:00:00",8574,12.24,403,0,0.017,-0.25,0.34,-0.023,0.03,-0.012,0.034,52.32,34.46
"2024-10-27 07:30:00",8575,12.24,403,0,-0.038,-0.49,0.34,-0.045,0.03,-0.025,0.029,52.63,34.67
"2024-10-27 08:00:00",8576,12.23,403,0,0.099,-0.13,0.58,-0.013,0.051,-0.005,0.046,53.13,34.61
"2024-10-27 08:30:00",8577,12.24,403,0,0.397,0.17,1.6,0.015,0.142,0.022,0.105,53.34,35.38
"2024-10-27 09:00:00",8578,12.24,403,0,0.736,0.58,2.69,0.051,0.238,0.05,0.169,55.35,36.42
"2024-10-27 09:30:00",8579,12.24,403,0,1.024,1.01,3.53,0.089,0.312,0.082,0.218,55.78,37.5
"2024-10-27 10:00:00",8580,12.24,403,0,1.262,1.28,4.31,0.113,0.381,0.102,0.262,55.22,38.07
"2024-10-27 10:30:00",8581,12.25,403,0,1.451,1.43,5,0.127,0.442,0.117,0.306,55.39,37.84
"2024-10-27 11:00:00",8582,12.24,403,0,1.698,1.74,5.78,0.154,0.512,0.144,0.354,58.2,39.25
"2024-10-27 11:30:00",8583,12.24,403,0,1.845,2,6.17,0.177,0.547,0.164,0.376,55.67,39.34
"2024-10-27 12:00:00",8584,12.24,403,0,1.984,2.04,6.75,0.181,0.598,0.168,0.413,55.85,39.63
"2024-10-27 12:30:00",8585,12.26,403,0,2.265,2.39,7.64,0.212,0.676,0.198,0.472,57.3,40.26
"2024-10-27 13:00:00",8586,12.26,403,0,2.551,3.02,8.26,0.267,0.731,0.24,0.496,56.78,39.33
"2024-10-27 13:30:00",8587,12.26,403,0,2.644,3.16,8.53,0.28,0.755,0.25,0.519,55.67,39.45
"2024-10-27 14:00:00",8588,12.27,403,0,2.601,2.95,8.56,0.261,0.758,0.237,0.516,56.86,39.3
"2024-10-27 14:30:00",8589,12.26,403,0,2.559,2.99,8.33,0.264,0.737,0.243,0.506,56.8,39.75
"2024-10-27 15:00:00",8590,12.27,403,0,2.474,2.93,8.01,0.26,0.709,0.233,0.478,54.39,39.29
"2024-10-27 15:30:00",8591,12.27,403,0,2.335,2.73,7.6,0.242,0.673,0.214,0.453,56.39,39.5
"2024-10-27 16:00:00",8592,12.26,403,0,2.03,2.18,6.81,0.193,0.603,0.176,0.407,55.67,39.19
"2024-10-27 16:30:00",8593,12.27,403,0,1.961,2.19,6.49,0.193,0.574,0.176,0.386,55.66,39.19
"2024-10-27 17:00:00",8594,12.27,403,0,1.656,1.78,5.55,0.158,0.492,0.141,0.329,55.5,37.95
"2024-10-27 17:30:00",8595,12.26,403,0,1.291,1.32,4.4,0.117,0.389,0.104,0.261,53.8,37.59
"2024-10-27 18:00:00",8596,12.26,403,0,0.896,0.86,3.11,0.076,0.275,0.072,0.189,52.64,37.54
"2024-10-27 18:30:00",8597,12.26,403,0,0.583,0.44,2.15,0.039,0.19,0.04,0.134,52.77,35.23
"2024-10-27 19:00:00",8598,12.24,403,0,0.367,0.12,1.52,0.01,0.135,0.02,0.1,52.22,35.33
"2024-10-27 19:30:00",8599,12.24,403,0,0.274,-0.02,1.25,-0.003,0.111,0.005,0.083,52.06,35.33
"2024-10-27 20:00:00",8600,12.24,403,0,0.227,-0.05,1.07,-0.005,0.095,0.003,0.073,52.2,34.92
"2024-10-27 20:30:00",8601,12.22,403,0,0.138,-0.29,0.92,-0.027,0.081,-0.013,0.062,50.98,34.36
"2024-10-27 21:00:00",8602,12.21,403,0,0.134,-0.2,0.81,-0.019,0.072,-0.008,0.054,51.71,35.23
"2024-10-27 21:30:00",8603,12.21,403,0,0.144,-0.11,0.76,-0.01,0.067,-0.002,0.054,53.13,34.46
"2024-10-27 22:00:00",8604,12.2,403,0,0.102,-0.26,0.73,-0.023,0.064,-0.01,0.051,52.21,34.25
"2024-10-27 22:30:00",8605,12.21,403,0,0.114,-0.17,0.69,-0.016,0.061,-0.003,0.054,52.17,34.22
"2024-10-27 23:00:00",8606,12.21,403,0,0.05,-0.35,0.59,-0.032,0.052,-0.018,0.047,50.89,34.82
"2024-10-27 23:30:00",8607,12.2,403,0,0.071,-0.26,0.59,-0.024,0.052,-0.007,0.047,51.35,34.46
"2024-10-28 00:00:00",8608,12.2,403,0,0.05,-0.31,0.55,-0.029,0.049,-0.012,0.044,51.38,35.17
"2024-10-28 00:30:00",8609,12.2,403,0,0.016,-0.4,0.49,-0.037,0.043,-0.025,0.039,51.53,34.65
"2024-10-28 01:00:00",8610,12.19,403,0,0.051,-0.28,0.52,-0.026,0.046,-0.015,0.042,52.81,34.86
"2024-10-28 01:30:00",8611,12.19,403,0,0.054,-0.2,0.45,-0.018,0.04,-0.005,0.039,52.55,34.6
"2024-10-28 02:00:00",8612,12.19,403,0,0.058,-0.25,0.52,-0.023,0.046,-0.012,0.039,52.02,34.74
"2024-10-28 02:30:00",8613,12.17,403,0,0.058,-0.25,0.52,-0.023,0.046,-0.01,0.039,52.41,34.72
"2024-10-28 03:00:00",8614,12.18,403,0,0.049,-0.22,0.45,-0.021,0.04,-0.01,0.037,52.09,34.8
"2024-10-28 03:30:00",8615,12.18,403,0,0.049,-0.25,0.48,-0.023,0.043,-0.015,0.039,52.01,34.97
"2024-10-28 04:00:00",8616,12.18,403,0,0.019,-0.28,0.38,-0.026,0.034,-0.01,0.032,51.75,35.13
"2024-10-28 04:30:00",8617,12.17,403,0,0.033,-0.25,0.41,-0.023,0.037,-0.012,0.034,52.21,34.77
"2024-10-28 05:00:00",8618,12.16,403,0,0.049,-0.19,0.42,-0.018,0.037,-0.01,0.034,52.93,34.97
"2024-10-28 05:30:00",8619,12.16,403,0,0.013,-0.28,0.35,-0.026,0.031,-0.015,0.032,52.35,34.24
"2024-10-28 06:00:00",8620,12.15,403,0,-0.027,-0.35,0.24,-0.031,0.021,-0.018,0.025,51.46,34.85
"2024-10-28 06:30:00",8621,12.15,403,0,0.013,-0.28,0.35,-0.026,0.031,-0.012,0.032,53.31,34.4
"2024-10-28 07:00:00",8622,12.15,403,0,0.013,-0.28,0.35,-0.026,0.031,-0.015,0.029,53.07,34.71
"2024-10-28 07:30:00",8623,12.16,403,0,0.013,-0.28,0.35,-0.026,0.031,-0.015,0.032,52.55,34.45
"2024-10-28 08:00:00",8624,12.16,403,0,0.056,-0.19,0.45,-0.018,0.04,-0.007,0.039,52.65,34.96
"2024-10-28 08:30:00",8625,12.16,403,0,0.325,0.09,1.36,0.008,0.121,0.015,0.088,53.01,35.58
"2024-10-28 09:00:00",8626,12.16,403,0,0.834,1.17,2.51,0.104,0.222,0.091,0.157,62.37,37.32
"2024-10-28 09:30:00",8627,12.16,403,0,0.877,0.81,3.08,0.072,0.273,0.067,0.196,55.23,38.09
"2024-10-28 10:00:00",8628,12.17,403,0,1.198,1.18,4.13,0.104,0.365,0.095,0.254,54.98,37.84
"2024-10-28 10:30:00",8629,12.16,403,0,1.678,1.82,5.61,0.161,0.496,0.146,0.342,56.32,39.69
"2024-10-28 11:00:00",8630,12.19,403,0,2.058,2.46,6.64,0.218,0.588,0.204,0.408,63.7,40
"2024-10-28 11:30:00",8631,12.2,403,0,2.187,2.6,7.07,0.23,0.626,0.211,0.443,56.34,40.11
"2024-10-28 12:00:00",8632,12.2,403,0,2.303,2.59,7.6,0.229,0.672,0.217,0.482,57.31,39.6
"2024-10-28 12:30:00",8633,12.22,403,0,2.48,2.9,8.07,0.257,0.714,0.238,0.518,58.18,39.81
"2024-10-28 13:00:00",8634,12.22,403,0,2.612,3.08,8.47,0.273,0.75,0.25,0.526,56.96,39.4
"2024-10-28 13:30:00",8635,12.24,403,0,2.655,3.14,8.6,0.277,0.762,0.251,0.525,55.82,39.75
"2024-10-28 14:00:00",8636,12.23,403,0,2.686,3.19,8.69,0.283,0.769,0.254,0.527,56.15,39.1
"2024-10-28 14:30:00",8637,12.24,403,0,2.559,2.94,8.38,0.26,0.741,0.239,0.513,55.56,39.08
"2024-10-28 15:00:00",8638,12.24,403,0,2.474,2.96,7.98,0.262,0.706,0.235,0.477,55.73,38.84
"2024-10-28 15:30:00",8639,12.24,403,0,2.362,2.72,7.73,0.241,0.684,0.217,0.465,56.4,39.09
"2024-10-28 16:00:00",8640,12.23,403,0,1.95,2.21,6.42,0.196,0.568,0.172,0.382,54.36,39.1
"2024-10-28 16:30:00",8641,12.23,403,0,1.674,1.8,5.61,0.159,0.496,0.145,0.334,55.13,38.49
"2024-10-28 17:00:00",8642,12.23,403,0,1.461,1.53,4.94,0.135,0.437,0.124,0.293,54.31,37.41
"2024-10-28 17:30:00",8643,12.21,403,0,1.097,1.09,3.77,0.097,0.334,0.087,0.226,53.33,37.51
"2024-10-28 18:00:00",8644,12.22,403,0,0.739,0.6,2.68,0.053,0.237,0.053,0.164,52.96,36.48
"2024-10-28 18:30:00",8645,12.22,403,0,0.463,0.24,1.82,0.021,0.161,0.028,0.113,51.78,35.71
"2024-10-28 19:00:00",8646,12.21,403,0,0.288,0,1.29,0,0.114,0.01,0.084,53.08,35.52
"2024-10-28 19:30:00",8647,12.19,403,0,0.202,-0.14,1.05,-0.013,0.093,0,0.071,52.08,35.45
"2024-10-28 20:00:00",8648,12.2,403,0,0.155,-0.14,0.84,-0.013,0.074,-0.003,0.057,51.92,34.62
"2024-10-28 20:30:00",8649,12.19,403,0,0.116,-0.2,0.73,-0.019,0.065,-0.008,0.054,51.46,35.24
"2024-10-28 21:00:00",8650,12.18,403,0,0.087,-0.26,0.66,-0.024,0.059,-0.01,0.049,52.03,34.58
"2024-10-28 21:30:00",8651,12.18,403,0,0.08,-0.26,0.63,-0.024,0.056,-0.013,0.044,52.24,35.5
"2024-10-28 22:00:00",8652,12.18,403,0,0.071,-0.26,0.59,-0.024,0.053,-0.013,0.044,51.92,35.19
"2024-10-28 22:30:00",8653,12.17,403,0,0.057,-0.29,0.56,-0.026,0.049,-0.018,0.042,52.49,34.78
"2024-10-28 23:00:00",8654,12.17,403,0,0.034,-0.35,0.52,-0.032,0.046,-0.015,0.044,51.99,34.69
"2024-10-28 23:30:00",8655,12.17,403,0,0.026,-0.32,0.45,-0.029,0.04,-0.018,0.037,52.68,35.23
"2024-10-29 00:00:00",8656,12.16,403,0,-0.001,-0.44,0.45,-0.04,0.04,-0.025,0.037,50.34,34.68
"2024-10-29 00:30:00",8657,12.16,403,0,0.003,-0.35,0.38,-0.032,0.034,-0.018,0.035,52.11,35.38
"2024-10-29 01:00:00",8658,12.15,403,0,0.026,-0.29,0.42,-0.026,0.037,-0.013,0.037,53.06,34.68
"2024-10-29 01:30:00",8659,12.15,403,0,-0.003,-0.35,0.35,-0.032,0.031,-0.015,0.032,52.43,34.72
"2024-10-29 02:00:00",8660,12.15,403,0,0.019,-0.32,0.42,-0.029,0.037,-0.015,0.035,51.83,34.96
"2024-10-29 02:30:00",8661,12.15,403,0,0.01,-0.32,0.38,-0.029,0.034,-0.015,0.032,52.22,34.52
"2024-10-29 03:00:00",8662,12.13,403,0,0.005,-0.34,0.38,-0.031,0.034,-0.015,0.032,53.65,35.28
"2024-10-29 03:30:00",8663,12.13,403,0,-0.012,-0.35,0.31,-0.032,0.028,-0.018,0.03,52.16,34.46
"2024-10-29 04:00:00",8664,12.12,403,0,-0.048,-0.44,0.24,-0.04,0.022,-0.023,0.027,50.98,35.49
"2024-10-29 04:30:00",8665,12.12,403,0,-0.02,-0.32,0.24,-0.029,0.021,-0.018,0.025,52.17,34.88
"2024-10-29 05:00:00",8666,12.12,403,0,-0.032,-0.41,0.28,-0.037,0.025,-0.025,0.027,52.12,34.42
"2024-10-29 05:30:00",8667,12.13,403,0,-0.034,-0.31,0.17,-0.029,0.015,-0.018,0.02,52.59,33.91
"2024-10-29 06:00:00",8668,12.12,403,0,-0.036,-0.29,0.14,-0.026,0.012,-0.015,0.02,52.32,35.03
"2024-10-29 06:30:00",8669,12.12,403,0,-0.093,-0.47,0.07,-0.042,0.006,-0.028,0.017,52.72,34.2
"2024-10-29 07:00:00",8670,12.11,403,0,-0.07,-0.4,0.1,-0.037,0.009,-0.025,0.015,53.3,34.37
"2024-10-29 07:30:00",8671,12.11,403,0,-0.07,-0.4,0.1,-0.036,0.009,-0.02,0.015,52.76,34.66
"2024-10-29 08:00:00",8672,12.11,403,0,-0.056,-0.34,0.1,-0.031,0.009,-0.02,0.02,51.9,34.2
"2024-10-29 08:30:00",8673,12.1,403,0,0.168,-0.13,0.89,-0.013,0.079,-0.005,0.062,53.94,35.69
"2024-10-29 09:00:00",8674,12.11,403,0,0.81,1.6,1.95,0.141,0.172,-99,0.119,-99,37.13
"2024-10-29 09:30:00",8675,12.12,403,0,0.769,0.68,2.73,0.06,0.241,0.053,0.173,54.84,37.39
"2024-10-29 10:00:00",8676,12.12,403,0,1.016,0.87,3.64,0.077,0.323,0.075,0.231,55.37,38.07
"2024-10-29 10:30:00",8677,12.12,403,0,1.411,1.43,4.82,0.127,0.427,0.122,0.3,58.52,39.34
"2024-10-29 11:00:00",8678,12.14,403,0,1.732,2.06,5.6,0.183,0.496,0.169,0.348,62.99,39.55
"2024-10-29 11:30:00",8679,12.15,403,0,1.795,2.04,5.9,0.18,0.522,0.17,0.376,58.53,40.41
"2024-10-29 12:00:00",8680,12.17,403,0,1.892,1.93,6.45,0.171,0.571,0.162,0.414,58.13,40.99
"2024-10-29 12:30:00",8681,12.17,403,0,2.104,2.4,6.91,0.212,0.612,0.196,0.437,56.91,39.61
"2024-10-29 13:00:00",8682,12.18,403,0,2.277,2.65,7.42,0.235,0.656,0.212,0.459,55.48,39.66
"2024-10-29 13:30:00",8683,12.18,403,0,2.245,2.64,7.29,0.234,0.645,0.21,0.445,56.21,39.31
"2024-10-29 14:00:00",8684,12.19,403,0,2.315,2.66,7.58,0.235,0.671,0.211,0.459,56.29,39.4
"2024-10-29 14:30:00",8685,12.18,403,0,2.295,2.67,7.48,0.236,0.662,0.214,0.453,55.87,39.81
"2024-10-29 15:00:00",8686,12.18,403,0,2.157,2.49,7.05,0.221,0.624,0.196,0.423,55.06,39.14
"2024-10-29 15:30:00",8687,12.18,403,0,1.909,2.11,6.34,0.187,0.561,0.169,0.378,55.69,39.36
"2024-10-29 16:00:00",8688,12.18,403,0,1.95,2.13,6.5,0.188,0.575,0.171,0.389,56.02,38.72
"2024-10-29 16:30:00",8689,12.18,403,0,1.678,1.8,5.63,0.159,0.499,0.145,0.337,54.07,38.26
"2024-10-29 17:00:00",8690,12.18,403,0,1.391,1.48,4.68,0.131,0.414,0.117,0.278,54.27,38.21
"2024-10-29 17:30:00",8691,12.17,403,0,1.013,0.95,3.54,0.084,0.314,0.078,0.215,53.47,37.25
"2024-10-29 18:00:00",8692,12.17,403,0,0.551,0.33,2.12,0.029,0.188,0.036,0.131,53.71,36.01
"2024-10-29 18:30:00",8693,12.17,403,0,0.32,0.06,1.37,0.005,0.121,0.013,0.089,52.44,36.12
"2024-10-29 19:00:00",8694,12.16,403,0,0.195,-0.14,1.02,-0.014,0.091,0,0.07,51.88,35.4
"2024-10-29 19:30:00",8695,12.16,403,0,0.141,-0.2,0.84,-0.019,0.074,-0.008,0.059,51.87,34.83
"2024-10-29 20:00:00",8696,12.15,403,0,0.118,-0.23,0.77,-0.021,0.068,-0.013,0.057,52.32,35.03
"2024-10-29 20:30:00",8697,12.15,403,0,0.098,-0.26,0.71,-0.024,0.063,-0.01,0.047,52.12,34.83
"2024-10-29 21:00:00",8698,12.13,403,0,0.11,-0.17,0.67,-0.016,0.059,-0.005,0.047,52.7,35.4
"2024-10-29 21:30:00",8699,12.13,403,0,0.05,-0.31,0.55,-0.029,0.049,-0.02,0.044,52.69,34.99
"2024-10-29 22:00:00",8700,12.13,403,0,0.027,-0.38,0.52,-0.034,0.046,-0.02,0.042,52.24,34.78
"2024-10-29 22:30:00",8701,12.13,403,0,0.025,-0.36,0.49,-0.033,0.044,-0.015,0.04,51.11,34.22
"2024-10-29 23:00:00",8702,12.12,403,0,0.021,-0.38,0.49,-0.034,0.043,-0.02,0.04,52.01,34.87
"2024-10-29 23:30:00",8703,12.11,403,0,0,-0.4,0.42,-0.037,0.037,-0.025,0.035,52.46,34.92
"2024-10-30 00:00:00",8704,12.12,403,0,-0.045,-0.52,0.34,-0.047,0.03,-0.03,0.032,52.42,34.72
"2024-10-30 00:30:00",8705,12.11,403,0,-0.001,-0.37,0.38,-0.034,0.034,-0.023,0.035,53.14,35.03
"2024-10-30 01:00:00",8706,12.12,403,0,-0.03,-0.43,0.31,-0.039,0.027,-0.025,0.03,52.51,35.64
"2024-10-30 01:30:00",8707,12.12,403,0,-0.03,-0.4,0.28,-0.037,0.024,-0.023,0.025,52.88,34.93
"2024-10-30 02:00:00",8708,12.12,403,0,-0.037,-0.43,0.28,-0.039,0.024,-0.025,0.03,53.34,34.97
"2024-10-30 02:30:00",8709,12.11,403,0,-0.053,-0.42,0.2,-0.038,0.018,-0.027,0.02,52.46,34.61
"2024-10-30 03:00:00",8710,12.12,403,0,-0.089,-0.51,0.13,-0.046,0.012,-0.032,0.02,52.62,35.18
"2024-10-30 03:30:00",8711,12.12,403,0,-0.073,-0.48,0.17,-0.043,0.015,-0.03,0.022,52.9,35.34
"2024-10-30 04:00:00",8712,12.11,403,0,-0.089,-0.51,0.13,-0.046,0.012,-0.032,0.02,51.98,35.09
"2024-10-30 04:30:00",8713,12.11,403,0,-0.089,-0.48,0.1,-0.044,0.009,-0.03,0.017,53.6,35.08
"2024-10-30 05:00:00",8714,12.11,403,0,-0.119,-0.58,0.07,-0.052,0.006,-0.035,0.015,53.56,35.44
"2024-10-30 05:30:00",8715,12.12,403,0,-0.121,-0.52,0,-0.047,0,-0.03,0.012,52.45,34.74
"2024-10-30 06:00:00",8716,12.12,403,0,-0.114,-0.49,0,-0.044,0,-0.03,0.012,53.86,34.93
"2024-10-30 06:30:00",8717,12.11,403,0,-0.155,-0.61,-0.06,-0.055,-0.006,-0.038,0.005,52.58,34.47
"2024-10-30 07:00:00",8718,12.12,403,0,-0.157,-0.55,-0.13,-0.05,-0.012,-0.033,0.005,51.76,34.87
"2024-10-30 07:30:00",8719,12.12,403,0,-0.155,-0.61,-0.06,-0.055,-0.006,-0.038,0.007,53.14,34.62
"2024-10-30 08:00:00",8720,12.12,403,0,-0.1,-0.46,0.03,-0.041,0.003,-0.027,0.01,53.35,34.83
"2024-10-30 08:30:00",8721,12.12,403,0,0.078,-0.25,0.61,-0.023,0.054,-0.012,0.047,54.33,34.98
"2024-10-30 09:00:00",8722,12.11,403,0,0.864,1.71,2.08,0.151,0.184,-99,0.126,-99,37.29
"2024-10-30 09:30:00",8723,12.11,403,0,0.859,0.81,3,0.072,0.265,0.066,0.188,53.97,37.08
"2024-10-30 10:00:00",8724,12.12,403,0,1.224,1.13,4.3,0.1,0.381,0.094,0.266,55.94,37.4
"2024-10-30 10:30:00",8725,12.13,403,0,1.643,1.69,5.59,0.149,0.495,0.137,0.34,55.97,38.27
"2024-10-30 11:00:00",8726,12.13,403,0,1.922,2.1,6.41,0.186,0.568,0.168,0.398,56.69,38.99
"2024-10-30 11:30:00",8727,12.14,403,0,2.047,2.29,6.77,0.203,0.599,0.191,0.433,58.99,40.05
"2024-10-30 12:00:00",8728,12.14,403,0,2.137,2.29,7.17,0.203,0.635,0.194,0.459,58.84,39.91
"2024-10-30 12:30:00",8729,12.15,403,0,2.181,2.49,7.16,0.22,0.634,0.206,0.454,57.21,39.25
"2024-10-30 13:00:00",8730,12.16,403,0,2.34,2.72,7.63,0.24,0.675,0.219,0.467,56.27,39.8
"2024-10-30 13:30:00",8731,12.16,403,0,2.405,2.78,7.86,0.246,0.695,0.224,0.484,56.43,39.95
"2024-10-30 14:00:00",8732,12.15,403,0,2.317,2.65,7.6,0.235,0.673,0.216,0.464,57.25,39.28
"2024-10-30 14:30:00",8733,12.16,403,0,2.287,2.61,7.51,0.231,0.664,0.213,0.456,55.77,39.04
"2024-10-30 15:00:00",8734,12.16,403,0,2.324,2.68,7.6,0.237,0.673,0.22,0.459,55.21,38.89
"2024-10-30 15:30:00",8735,12.15,403,0,2.136,2.43,7.02,0.215,0.621,0.194,0.42,55.83,38.78
"2024-10-30 16:00:00",8736,12.16,403,0,1.949,2.12,6.51,0.188,0.576,0.169,0.388,54.81,38.74
"2024-10-30 16:30:00",8737,12.16,403,0,1.685,1.81,5.65,0.16,0.5,0.143,0.339,54.54,38.63
"2024-10-30 17:00:00",8738,12.15,403,0,1.436,1.49,4.87,0.132,0.431,0.121,0.295,55.3,38
"2024-10-30 17:30:00",8739,12.15,403,0,1.146,1.11,3.97,0.098,0.352,0.092,0.24,55.13,37.57
"2024-10-30 18:00:00",8740,12.14,403,0,0.688,0.49,2.57,0.043,0.227,0.046,0.16,53.43,36.38
"2024-10-30 18:30:00",8741,12.14,403,0,0.407,0.09,1.73,0.008,0.153,0.018,0.11,53.16,36.12
"2024-10-30 19:00:00",8742,12.14,403,0,0.265,-0.08,1.27,-0.008,0.112,0.003,0.085,53.37,35.92
"2024-10-30 19:30:00",8743,12.12,403,0,0.172,-0.2,0.98,-0.019,0.087,-0.008,0.067,52.2,35.87
"2024-10-30 20:00:00",8744,12.13,403,0,0.141,-0.2,0.84,-0.019,0.074,-0.008,0.062,53.1,35.14
"2024-10-30 20:30:00",8745,12.13,403,0,0.104,-0.32,0.8,-0.029,0.071,-0.013,0.057,54.1,35.31
"2024-10-30 21:00:00",8746,12.12,403,0,0.082,-0.32,0.7,-0.029,0.062,-0.018,0.052,53.37,36.08
"2024-10-30 21:30:00",8747,12.12,403,0,0.066,-0.32,0.63,-0.029,0.056,-0.015,0.045,53.27,34.18
"2024-10-30 22:00:00",8748,12.12,403,0,0.05,-0.35,0.59,-0.032,0.053,-0.021,0.05,53.27,35
"2024-10-30 22:30:00",8749,12.1,403,0,0.052,-0.35,0.6,-0.032,0.053,-0.021,0.045,52.5,34.79
"2024-10-30 23:00:00",8750,12.1,403,0,0.043,-0.35,0.56,-0.032,0.05,-0.018,0.045,52.49,35.6
"2024-10-30 23:30:00",8751,12.11,403,0,0.036,-0.38,0.56,-0.035,0.05,-0.021,0.042,52.49,35.6
"2024-10-31 00:00:00",8752,12.1,403,0,0.035,-0.32,0.49,-0.03,0.043,-0.018,0.038,51.64,35.16
"2024-10-31 00:30:00",8753,12.1,403,0,0.027,-0.38,0.52,-0.035,0.046,-0.023,0.043,51.53,34.64
"2024-10-31 01:00:00",8754,12.1,403,0,0.042,-0.29,0.49,-0.027,0.043,-0.01,0.04,52.24,34.38
"2024-10-31 01:30:00",8755,12.09,403,0,0.021,-0.35,0.46,-0.032,0.04,-0.018,0.035,53.47,34.53
"2024-10-31 02:00:00",8756,12.1,403,0,0.012,-0.39,0.46,-0.035,0.04,-0.021,0.038,53.26,35.55
"2024-10-31 02:30:00",8757,12.1,403,0,0.019,-0.32,0.42,-0.03,0.037,-0.018,0.035,52.86,35.3
"2024-10-31 03:00:00",8758,12.09,403,0,-0.001,-0.41,0.42,-0.037,0.037,-0.021,0.035,53.42,34.89
"2024-10-31 03:30:00",8759,12.08,403,0,0.005,-0.35,0.39,-0.032,0.034,-0.018,0.035,52.8,35.91
"2024-10-31 04:00:00",8760,12.08,403,0,-0.012,-0.39,0.35,-0.035,0.031,-0.021,0.03,52.34,34.79
"2024-10-31 04:30:00",8761,12.08,403,0,-0.008,-0.41,0.39,-0.037,0.034,-0.021,0.033,52.8,35.09
"2024-10-31 05:00:00",8762,12.08,403,0,-0.032,-0.41,0.28,-0.037,0.025,-0.023,0.028,52.08,35.34
"2024-10-31 05:30:00",8763,12.09,403,0,-0.048,-0.45,0.25,-0.04,0.022,-0.023,0.025,53.08,35.21
"2024-10-31 06:00:00",8764,12.09,403,0,-0.05,-0.42,0.21,-0.038,0.019,-0.023,0.023,53.12,35
"2024-10-31 06:30:00",8765,12.07,403,0,-0.058,-0.48,0.24,-0.043,0.022,-0.026,0.025,53.15,35.44
"2024-10-31 07:00:00",8766,12.08,403,0,-0.064,-0.45,0.18,-0.04,0.016,-0.023,0.023,53.02,34.9
"2024-10-31 07:30:00",8767,12.08,403,0,-0.066,-0.42,0.14,-0.038,0.012,-0.023,0.018,52.91,34.79
"2024-10-31 08:00:00",8768,12.07,403,0,-0.032,-0.38,0.25,-0.035,0.022,-0.023,0.023,53.2,34.27
"2024-10-31 08:30:00",8769,12.07,403,0,0.208,-0.14,1.08,-0.013,0.095,-0.003,0.073,54.18,35.5
"2024-10-31 09:00:00",8770,12.08,403,0,0.763,0.76,2.62,0.067,0.232,0.061,0.162,57.98,36.74
"2024-10-31 09:30:00",8771,12.07,403,0,1.246,1.52,3.99,0.134,0.353,0.118,0.246,54.51,38.28
"2024-10-31 10:00:00",8772,12.08,403,0,1.566,1.53,5.41,0.136,0.478,0.126,0.326,55.42,38.12
"2024-10-31 10:30:00",8773,12.07,403,0,1.913,2.07,6.4,0.183,0.566,0.167,0.39,56.76,38.63
"2024-10-31 11:00:00",8774,12.08,403,0,2.13,2.33,7.1,0.206,0.628,0.192,0.43,57.68,39.97
"2024-10-31 11:30:00",8775,12.09,403,0,2.209,2.55,7.22,0.226,0.639,0.211,0.455,59.93,40.58
"2024-10-31 12:00:00",8776,12.09,403,0,2.297,2.65,7.51,0.234,0.665,0.215,0.472,57.35,39.37
