"TOA5","CR300Series_511","CR300","4258","CR300.Std.11.00","CPU:CR300_sapflow.CR300","32345","Table2"
"TIMESTAMP","RECORD","BattV_Min","id","SDI1","SapFlwTot1","VhOuter1","VhInner1","AlphaOut1","AlphaIn1","BetaOut1","BetaIn1","tMaxTout1","tMaxTin1"
"TS","RN","Volts","","","literPerHour","heatVelocity","heatVelocity","logTRatio","logTRatio","logTRatio","logTRatio","second","second"
"","","Min","Smp","Smp","Smp","Smp","Smp","Smp","Smp","Smp","Smp","Smp","Smp"
"2024-10-13 18:30:00",3893,12.99,511,1,-1.332,-0.96,-2.31,-0.077,-0.185,-0.098,-0.295,59.58,47.59
"2024-10-13 19:00:00",3894,12.98,511,1,-1.405,-1.02,-2.43,-0.082,-0.194,-0.103,-0.292,55.85,50.76
"2024-10-13 19:30:00",3895,12.97,511,1,-1.454,-1.06,-2.51,-0.085,-0.201,-0.107,-0.298,59.15,51.4
"2024-10-13 20:00:00",3896,12.97,511,1,-1.423,-1.11,-2.38,-0.089,-0.191,-0.11,-0.289,59,47.83
"2024-10-13 20:30:00",3897,12.97,511,1,-1.443,-1.12,-2.42,-0.09,-0.194,-0.106,-0.293,58.47,49.64
"2024-10-13 21:00:00",3898,12.97,511,1,-1.402,-1.08,-2.36,-0.087,-0.189,-0.103,-0.293,58.77,52.17
"2024-10-13 21:30:00",3899,12.97,511,1,-1.469,-1.19,-2.41,-0.096,-0.193,-0.117,-0.304,56.66,52.41
"2024-10-13 22:00:00",3900,12.97,511,1,-1.394,-1.08,-2.34,-0.087,-0.187,-0.111,-0.29,57.82,50.08
"2024-10-13 22:30:00",3901,12.96,511,1,-1.505,-1.2,-2.49,-0.097,-0.199,-0.115,-0.292,56.01,50.09
"2024-10-13 23:00:00",3902,12.97,511,1,-1.488,-1.14,-2.51,-0.092,-0.201,-0.108,-0.3,59.26,51.42
"2024-10-13 23:30:00",3903,12.97,511,1,-1.301,-1.04,-2.15,-0.084,-0.172,-0.102,-0.274,58.05,49.22
"2024-10-14 00:00:00",3904,12.96,511,1,-1.543,-1.3,-2.48,-0.104,-0.198,-0.12,-0.298,55.76,50.67
"2024-10-14 00:30:00",3905,12.96,511,1,-1.557,-1.18,-2.64,-0.095,-0.212,-0.116,-0.306,61.23,50.74
"2024-10-14 01:00:00",3906,12.96,511,1,-1.504,-1.14,-2.55,-0.092,-0.205,-0.11,-0.304,58.23,48.31
"2024-10-14 01:30:00",3907,12.96,511,1,-1.533,-1.18,-2.58,-0.095,-0.207,-0.114,-0.299,58.65,48.57
"2024-10-14 02:00:00",3908,12.96,511,1,-1.504,-1.17,-2.52,-0.094,-0.202,-0.115,-0.311,57.91,49.76
"2024-10-14 02:30:00",3909,12.96,511,1,-1.545,-1.2,-2.59,-0.096,-0.208,-0.117,-0.309,57.42,50.24
"2024-10-14 03:00:00",3910,12.95,511,1,-1.546,-1.23,-2.56,-0.099,-0.205,-0.114,-0.304,58.24,48.42
"2024-10-14 03:30:00",3911,12.96,511,1,-1.533,-1.19,-2.57,-0.096,-0.206,-0.117,-0.305,58.8,49.81
"2024-10-14 04:00:00",3912,12.95,511,1,-1.562,-1.23,-2.6,-0.099,-0.208,-0.117,-0.306,58.59,48.93
"2024-10-14 04:30:00",3913,12.95,511,1,-1.554,-1.23,-2.58,-0.099,-0.207,-0.12,-0.302,57.69,48.69
"2024-10-14 05:00:00",3914,12.95,511,1,-1.595,-1.28,-2.63,-0.103,-0.211,-0.121,-0.312,57.49,49.75
"2024-10-14 05:30:00",3915,12.95,511,1,-1.544,-1.16,-2.63,-0.093,-0.211,-0.115,-0.312,57.18,50.01
"2024-10-14 06:00:00",3916,12.95,511,1,-1.533,-1.17,-2.59,-0.094,-0.207,-0.112,-0.309,58.69,48.34
"2024-10-14 06:30:00",3917,12.94,511,1,-1.62,-1.31,-2.66,-0.105,-0.213,-0.123,-0.311,59.06,49.8
"2024-10-14 07:00:00",3918,12.94,511,1,-1.541,-1.2,-2.58,-0.097,-0.207,-0.115,-0.308,57.59,50
"2024-10-14 07:30:00",3919,12.94,511,1,-1.525,-1.21,-2.53,-0.098,-0.203,-0.116,-0.306,58.75,49.65
"2024-10-14 08:00:00",3920,12.94,511,1,-1.352,-0.98,-2.34,-0.079,-0.187,-0.098,-0.294,60.42,49.91
"2024-10-14 08:30:00",3921,12.94,511,1,-1.25,-0.9,-2.17,-0.073,-0.174,-0.094,-0.282,60.3,50.63
"2024-10-14 09:00:00",3922,12.94,511,1,-0.98,-0.66,-1.75,-0.054,-0.14,-0.068,-0.255,62.37,52.29
"2024-10-14 09:30:00",3923,12.94,511,1,-0.826,-0.6,-1.43,-0.049,-0.115,-0.058,-0.234,66.22,52.25
"2024-10-14 10:00:00",3924,12.94,511,1,-0.329,-0.22,-0.59,-0.018,-0.048,-99,-0.177,-99,55.03
"2024-10-14 10:30:00",3925,12.94,511,1,0.185,0.44,0,0.035,0,-0.008,-0.165,58.56,53.06
"2024-10-14 11:00:00",3926,12.95,511,1,0.348,0.79,0.04,0.063,0.003,0.037,-0.14,68.53,56.38
"2024-10-14 11:30:00",3927,12.95,511,1,0.513,0.78,0.46,0.062,0.037,0.042,-0.137,66.94,54.11
"2024-10-14 12:00:00",3928,12.95,511,1,0.398,0.62,0.34,0.05,0.027,-0.006,-0.147,55.3,54.78
"2024-10-14 12:30:00",3929,12.95,511,1,0.617,0.96,0.53,0.076,0.042,0.03,-0.141,59.07,53.98
"2024-10-14 13:00:00",3930,12.95,511,1,0.673,1.14,0.48,0.091,0.038,0.042,-0.146,61.16,54.4
"2024-10-14 13:30:00",3931,12.95,511,1,0.513,1,0.23,0.08,0.018,0.025,-0.165,58.43,52.66
"2024-10-14 14:00:00",3932,12.95,511,1,0.117,0.43,-0.16,0.034,-0.014,0.005,-0.179,60.5,54.99
"2024-10-14 14:30:00",3933,12.94,511,1,0.772,1.3,0.56,0.104,0.045,-99,-0.113,-99,55.58
"2024-10-14 15:00:00",3934,12.94,511,1,0.685,1.16,0.49,0.092,0.039,0.04,-0.15,60.45,56.45
"2024-10-14 15:30:00",3935,12.94,511,1,0.673,1.17,0.45,0.094,0.036,0.046,-0.154,59.14,52.8
"2024-10-14 16:00:00",3936,12.94,511,1,0.498,1.06,0.13,0.085,0.011,0.045,-0.173,61.02,51.77
"2024-10-14 16:30:00",3937,12.94,511,1,0.337,0.83,-0.03,0.066,-0.004,0.024,-0.182,57.65,51.46
"2024-10-14 17:00:00",3938,12.94,511,1,0.026,0.52,-0.48,0.042,-0.039,0,-0.203,59.94,49.17
"2024-10-14 17:30:00",3939,12.94,511,1,-0.572,-0.13,-1.29,-0.011,-0.104,-0.04,-0.246,57.93,48.93
"2024-10-14 18:00:00",3940,12.93,511,1,-1.061,-0.69,-1.92,-0.056,-0.154,-0.083,-0.277,58.6,50.17
"2024-10-14 18:30:00",3941,12.93,511,1,-1.319,-0.92,-2.32,-0.074,-0.186,-0.098,-0.297,57.78,50.19
"2024-10-14 19:00:00",3942,12.93,511,1,-1.425,-1.01,-2.49,-0.081,-0.2,-0.102,-0.302,58.25,49.56
"2024-10-14 19:30:00",3943,12.92,511,1,-1.434,-1.07,-2.45,-0.086,-0.196,-0.105,-0.302,58.65,48.82
"2024-10-14 20:00:00",3944,12.92,511,1,-1.482,-1.07,-2.57,-0.086,-0.206,-0.108,-0.31,56.58,49.41
"2024-10-14 20:30:00",3945,12.92,511,1,-1.417,-1,-2.48,-0.08,-0.199,-0.109,-0.304,54.92,49.4
"2024-10-14 21:00:00",3946,12.92,511,1,-1.466,-1.06,-2.54,-0.086,-0.203,-0.104,-0.306,57.85,48.85
"2024-10-14 21:30:00",3947,12.91,511,1,-1.53,-1.24,-2.51,-0.1,-0.201,-0.116,-0.303,60.05,48.29
"2024-10-14 22:00:00",3948,12.91,511,1,-1.542,-1.24,-2.54,-0.099,-0.204,-0.115,-0.315,58.85,47.35
"2024-10-14 22:30:00",3949,12.9,511,1,-1.475,-1.09,-2.53,-0.088,-0.203,-0.106,-0.314,57.27,49.41
"2024-10-14 23:00:00",3950,12.91,511,1,-1.541,-1.17,-2.61,-0.094,-0.209,-0.112,-0.313,56.53,47.94
"2024-10-14 23:30:00",3951,12.9,511,1,-1.509,-1.18,-2.52,-0.095,-0.202,-0.121,-0.304,55.68,47.24
"2024-10-15 00:00:00",3952,12.89,511,1,-1.578,-1.24,-2.63,-0.099,-0.21,-0.119,-0.315,56.85,48.25
"2024-10-15 00:30:00",3953,12.89,511,1,-1.536,-1.12,-2.65,-0.09,-0.212,-0.118,-0.313,56.94,48.08
"2024-10-15 01:00:00",3954,12.88,511,1,-1.473,-1.01,-2.61,-0.081,-0.209,-0.103,-0.317,56.99,49.64
"2024-10-15 01:30:00",3955,12.88,511,1,-1.56,-1.14,-2.69,-0.091,-0.215,-0.115,-0.318,56.38,48.61
"2024-10-15 02:00:00",3956,12.88,511,1,-1.573,-1.19,-2.67,-0.096,-0.214,-0.114,-0.315,58.24,49.38
"2024-10-15 02:30:00",3957,12.88,511,1,-1.577,-1.19,-2.68,-0.096,-0.214,-0.117,-0.318,58.07,48.38
"2024-10-15 03:00:00",3958,12.87,511,1,-1.573,-1.17,-2.69,-0.094,-0.215,-0.11,-0.316,57.13,48.26
"2024-10-15 03:30:00",3959,12.87,511,1,-1.523,-1.11,-2.63,-0.09,-0.211,-0.108,-0.309,57.76,48.75
"2024-10-15 04:00:00",3960,12.86,511,1,-1.549,-1.18,-2.62,-0.095,-0.21,-0.116,-0.311,57.89,49.19
"2024-10-15 04:30:00",3961,12.86,511,1,-1.614,-1.25,-2.71,-0.101,-0.217,-0.119,-0.317,58.84,48.31
"2024-10-15 05:00:00",3962,12.86,511,1,-1.561,-1.18,-2.65,-0.095,-0.212,-0.119,-0.316,58.32,49.04
"2024-10-15 05:30:00",3963,12.86,511,1,-1.555,-1.09,-2.73,-0.088,-0.218,-0.112,-0.319,55.78,48.58
"2024-10-15 06:00:00",3964,12.86,511,1,-1.639,-1.26,-2.76,-0.101,-0.221,-0.117,-0.318,57.73,48.6
"2024-10-15 06:30:00",3965,12.85,511,1,-1.545,-1.17,-2.62,-0.094,-0.21,-0.115,-0.312,60.7,49.9
"2024-10-15 07:00:00",3966,12.85,511,1,-1.51,-1.06,-2.65,-0.085,-0.212,-0.112,-0.313,58.05,49.76
"2024-10-15 07:30:00",3967,12.85,511,1,-1.527,-1.09,-2.66,-0.088,-0.213,-0.107,-0.312,59.37,48.27
"2024-10-15 08:00:00",3968,12.85,511,1,-1.475,-1.1,-2.52,-0.088,-0.202,-0.107,-0.302,60.1,49.15
"2024-10-15 08:30:00",3969,12.84,511,1,-1.22,-0.79,-2.21,-0.064,-0.177,-0.088,-0.278,59.8,50.79
"2024-10-15 09:00:00",3970,12.85,511,1,-1.172,-0.81,-2.07,-0.065,-0.166,-0.079,-0.272,63.25,51.47
"2024-10-15 09:30:00",3971,12.85,511,1,-0.875,-0.39,-1.77,-0.032,-0.142,-0.076,-0.243,57.13,51.87
"2024-10-15 10:00:00",3972,12.86,511,1,-0.955,-0.62,-1.73,-0.051,-0.139,-0.07,-0.253,62.02,51.66
"2024-10-15 10:30:00",3973,12.86,511,1,-0.689,-0.34,-1.36,-0.028,-0.109,-0.06,-0.217,59.32,54.79
"2024-10-15 11:00:00",3974,12.87,511,1,-1.736,-2.83,-1.36,-0.226,-0.11,-0.233,-0.232,46.26,52.39
"2024-10-15 11:30:00",3975,12.87,511,1,-0.841,-0.72,-1.34,-0.059,-0.108,-0.081,-0.238,59.36,52.19
"2024-10-15 12:00:00",3976,12.88,511,1,-0.903,-1.49,-0.69,-0.119,-0.056,-0.13,-0.178,53.49,54.06
"2024-10-15 12:30:00",3977,12.88,511,1,-0.252,0.23,-0.87,0.018,-0.07,-0.028,-0.18,60.1,54.6
"2024-10-15 13:00:00",3978,12.89,511,1,-0.382,-0.25,-0.69,-0.021,-0.055,-0.062,-0.225,54.84,50.58
"2024-10-15 13:30:00",3979,12.89,511,1,-0.241,-0.02,-0.58,-0.003,-0.047,-0.031,-0.211,60.9,51.9
"2024-10-15 14:00:00",3980,12.89,511,1,-0.216,-0.02,-0.52,-0.003,-0.042,-0.028,-0.2,62.43,51.5
"2024-10-15 14:30:00",3981,12.89,511,1,0.328,0.78,0,0.062,0,0.04,-0.146,66.1,56.17
"2024-10-15 15:00:00",3982,12.89,511,1,-0.002,0.28,-0.3,0.022,-0.025,-0.011,-0.187,59.84,52.41
"2024-10-15 15:30:00",3983,12.89,511,1,-0.198,0.1,-0.6,0.008,-0.049,-0.018,-0.216,60.89,52.31
"2024-10-15 16:00:00",3984,12.89,511,1,0.1,0.4,-0.17,0.032,-0.014,-0.008,-0.186,58.35,51.32
"2024-10-15 16:30:00",3985,12.89,511,1,-0.513,-0.17,-1.1,-0.014,-0.089,-0.046,-0.235,58.32,49.32
"2024-10-15 17:00:00",3986,12.89,511,1,-0.906,-0.57,-1.66,-0.046,-0.133,-0.074,-0.258,59.37,50.53
"2024-10-15 17:30:00",3987,12.89,511,1,-1.045,-0.7,-1.87,-0.056,-0.15,-0.084,-0.273,58.02,49.59
"2024-10-15 18:00:00",3988,12.89,511,1,-1.263,-0.95,-2.15,-0.076,-0.172,-0.103,-0.287,56.48,48.31
"2024-10-15 18:30:00",3989,12.88,511,1,-1.365,-1.02,-2.33,-0.082,-0.186,-0.106,-0.296,57.67,48.56
"2024-10-15 19:00:00",3990,12.88,511,1,-1.491,-1.09,-2.57,-0.088,-0.205,-0.111,-0.307,56.75,48.31
"2024-10-15 19:30:00",3991,12.88,511,1,-1.462,-1.08,-2.51,-0.087,-0.201,-0.114,-0.306,57.19,47.92
"2024-10-15 20:00:00",3992,12.87,511,1,-1.524,-1.14,-2.6,-0.092,-0.208,-0.113,-0.312,56.83,47.56
"2024-10-15 20:30:00",3993,12.86,511,1,-1.524,-1.14,-2.6,-0.092,-0.208,-0.113,-0.312,57.95,47.84
"2024-10-15 21:00:00",3994,12.86,511,1,-1.549,-1.17,-2.63,-0.094,-0.21,-0.112,-0.309,57.99,48.87
"2024-10-15 21:30:00",3995,12.86,511,1,-1.569,-1.17,-2.68,-0.094,-0.214,-0.112,-0.312,57.75,48.47
"2024-10-15 22:00:00",3996,12.85,511,1,-1.52,-1.16,-2.57,-0.094,-0.206,-0.115,-0.31,58.26,48.98
"2024-10-15 22:30:00",3997,12.85,511,1,-1.578,-1.24,-2.63,-0.1,-0.21,-0.118,-0.312,57.99,49.13
"2024-10-15 23:00:00",3998,12.84,511,1,-1.578,-1.22,-2.65,-0.098,-0.212,-0.114,-0.314,57.58,48.99
"2024-10-15 23:30:00",3999,12.84,511,1,-1.581,-1.21,-2.67,-0.097,-0.214,-0.118,-0.315,58.62,47.94
"2024-10-16 00:00:00",4000,12.84,511,1,-1.545,-1.17,-2.62,-0.094,-0.21,-0.118,-0.311,57.91,48.78
"2024-10-16 00:30:00",4001,12.84,511,1,-1.59,-1.23,-2.67,-0.099,-0.214,-0.117,-0.315,58.73,48.62
"2024-10-16 01:00:00",4002,12.83,511,1,-1.553,-1.18,-2.63,-0.095,-0.21,-0.113,-0.312,57.08,48.89
"2024-10-16 01:30:00",4003,12.83,511,1,-1.589,-1.18,-2.72,-0.095,-0.218,-0.116,-0.315,57.47,47.61
"2024-10-16 02:00:00",4004,12.83,511,1,-1.59,-1.21,-2.69,-0.097,-0.215,-0.118,-0.317,56.73,48.28
"2024-10-16 02:30:00",4005,12.83,511,1,-1.54,-1.16,-2.62,-0.094,-0.21,-0.114,-0.31,58.49,48.38
"2024-10-16 03:00:00",4006,12.82,511,1,-1.594,-1.22,-2.69,-0.098,-0.215,-0.119,-0.319,57.18,47.64
"2024-10-16 03:30:00",4007,12.82,511,1,-1.569,-1.19,-2.66,-0.096,-0.213,-0.117,-0.314,58.74,49.04
"2024-10-16 04:00:00",4008,12.82,511,1,-1.59,-1.23,-2.67,-0.099,-0.214,-0.117,-0.315,57.68,48.66
"2024-10-16 04:30:00",4009,12.82,511,1,-1.577,-1.2,-2.67,-0.097,-0.214,-0.115,-0.315,58.07,49.88
"2024-10-16 05:00:00",4010,12.81,511,1,-1.582,-1.22,-2.66,-0.098,-0.213,-0.119,-0.311,58.08,48.22
"2024-10-16 05:30:00",4011,12.81,511,1,-1.59,-1.23,-2.67,-0.099,-0.214,-0.117,-0.312,58.61,47.92
"2024-10-16 06:00:00",4012,12.81,511,1,-1.581,-1.17,-2.71,-0.094,-0.217,-0.115,-0.315,57.63,49.02
"2024-10-16 06:30:00",4013,12.81,511,1,-1.589,-1.19,-2.71,-0.096,-0.217,-0.114,-0.315,58.35,48.39
"2024-10-16 07:00:00",4014,12.81,511,1,-1.549,-1.17,-2.63,-0.094,-0.21,-0.115,-0.312,58.95,48.25
"2024-10-16 07:30:00",4015,12.8,511,1,-1.548,-1.15,-2.65,-0.092,-0.212,-0.113,-0.314,58.22,48.78
"2024-10-16 08:00:00",4016,12.8,511,1,-1.565,-1.21,-2.63,-0.097,-0.21,-0.104,-0.304,64.4,49.69
"2024-10-16 08:30:00",4017,12.8,511,1,-1.382,-1.07,-2.32,-0.086,-0.186,-0.108,-0.29,61.04,50.1
"2024-10-16 09:00:00",4018,12.81,511,1,-1.323,-1.12,-2.12,-0.09,-0.17,-99,-0.273,-99,51.18
"2024-10-16 09:30:00",4019,12.81,511,1,-1.363,-1.15,-2.19,-0.092,-0.175,-0.099,-0.271,65.07,51.23
"2024-10-16 10:00:00",4020,12.82,511,1,-1.212,-0.99,-1.98,-0.08,-0.158,-0.102,-0.269,57.88,51.37
"2024-10-16 10:30:00",4021,12.82,511,1,-1.067,-0.79,-1.83,-0.064,-0.147,-0.092,-0.238,56.15,52.72
"2024-10-16 11:00:00",4022,12.83,511,1,-2.193,-3.62,-1.67,-0.289,-0.134,-0.265,-0.248,44.3,51.42
"2024-10-16 11:30:00",4023,12.83,511,1,-1.116,-1.04,-1.69,-0.083,-0.135,-0.092,-0.258,63.94,50.68
"2024-10-16 12:00:00",4024,12.84,511,1,-1.162,-1.81,-1,-0.145,-0.08,-0.145,-0.175,58.06,58.11
"2024-10-16 12:30:00",4025,12.84,511,1,-0.345,0.19,-1.06,0.015,-0.085,-0.046,-0.179,54.07,57.55
"2024-10-16 13:00:00",4026,12.85,511,1,-0.681,-0.56,-1.11,-0.046,-0.089,-0.089,-0.245,55,49.91
"2024-10-16 13:30:00",4027,12.85,511,1,-0.57,-0.41,-0.99,-0.034,-0.079,-0.062,-0.232,58.82,50.39
"2024-10-16 14:00:00",4028,12.85,511,1,-0.397,-0.22,-0.76,-0.018,-0.061,-0.048,-0.205,60.13,52.69
"2024-10-16 14:30:00",4029,12.86,511,1,-0.06,0.38,-0.55,0.03,-0.044,-99,-0.176,-99,55.16
"2024-10-16 15:00:00",4030,12.86,511,1,-0.321,-0.02,-0.78,-0.003,-0.063,-0.031,-0.216,61.69,50.76
"2024-10-16 15:30:00",4031,12.86,511,1,-0.248,0.04,-0.66,0.003,-0.053,-0.032,-0.214,59.5,51.49
"2024-10-16 16:00:00",4032,12.86,511,1,-0.317,-0.02,-0.77,-0.003,-0.062,-0.028,-0.213,61.92,51.25
"2024-10-16 16:30:00",4033,12.85,511,1,-0.464,-0.13,-1.02,-0.011,-0.082,-0.043,-0.233,59.58,50.73
"2024-10-16 17:00:00",4034,12.85,511,1,-0.71,-0.4,-1.35,-0.033,-0.109,-0.064,-0.246,58.91,50.74
"2024-10-16 17:30:00",4035,12.85,511,1,-0.873,-0.51,-1.64,-0.041,-0.131,-0.069,-0.257,57.62,50.43
"2024-10-16 18:00:00",4036,12.85,511,1,-1.111,-0.75,-1.98,-0.06,-0.159,-0.085,-0.275,58.43,49.17
"2024-10-16 18:30:00",4037,12.85,511,1,-1.341,-1.02,-2.27,-0.082,-0.182,-0.109,-0.296,56.69,49.77
"2024-10-16 19:00:00",4038,12.84,511,1,-1.488,-1.14,-2.51,-0.092,-0.201,-0.115,-0.309,58.56,47.89
"2024-10-16 19:30:00",4039,12.84,511,1,-1.479,-1.08,-2.55,-0.087,-0.204,-0.111,-0.306,56.71,48.69
"2024-10-16 20:00:00",4040,12.83,511,1,-1.57,-1.24,-2.61,-0.1,-0.209,-0.121,-0.313,57.99,48.45
"2024-10-16 20:30:00",4041,12.83,511,1,-1.536,-1.14,-2.63,-0.092,-0.21,-0.116,-0.312,57.73,48.3
"2024-10-16 21:00:00",4042,12.83,511,1,-1.582,-1.24,-2.64,-0.099,-0.211,-0.118,-0.312,57.13,48.26
"2024-10-16 21:30:00",4043,12.82,511,1,-1.523,-1.11,-2.63,-0.09,-0.21,-0.111,-0.309,57.46,49.28
"2024-10-16 22:00:00",4044,12.82,511,1,-1.561,-1.2,-2.63,-0.096,-0.21,-0.118,-0.312,58.19,49.34
"2024-10-16 22:30:00",4045,12.81,511,1,-1.554,-1.22,-2.59,-0.098,-0.207,-0.114,-0.307,58.29,48.6
"2024-10-16 23:00:00",4046,12.81,511,1,-1.606,-1.24,-2.7,-0.099,-0.216,-0.12,-0.317,57,48.3
"2024-10-16 23:30:00",4047,12.81,511,1,-1.565,-1.19,-2.65,-0.096,-0.212,-0.112,-0.314,59.03,48.66
"2024-10-17 00:00:00",4048,12.81,511,1,-1.537,-1.22,-2.55,-0.098,-0.205,-0.117,-0.304,58.3,48.19
"2024-10-17 00:30:00",4049,12.81,511,1,-1.533,-1.17,-2.59,-0.094,-0.208,-0.113,-0.304,57.93,49.49
"2024-10-17 01:00:00",4050,12.8,511,1,-1.586,-1.25,-2.64,-0.1,-0.212,-0.118,-0.307,57.72,49.54
"2024-10-17 01:30:00",4051,12.81,511,1,-1.582,-1.22,-2.66,-0.098,-0.213,-0.116,-0.312,59.94,49
"2024-10-17 02:00:00",4052,12.8,511,1,-1.553,-1.21,-2.6,-0.097,-0.208,-0.118,-0.307,58.89,47.96
"2024-10-17 02:30:00",4053,12.8,511,1,-1.574,-1.24,-2.62,-0.099,-0.21,-0.12,-0.308,56.34,49.41
"2024-10-17 03:00:00",4054,12.8,511,1,-1.55,-1.22,-2.58,-0.098,-0.207,-0.119,-0.309,58.28,48.59
"2024-10-17 03:30:00",4055,12.8,511,1,-1.595,-1.28,-2.63,-0.103,-0.211,-0.121,-0.306,58.01,49.57
"2024-10-17 04:00:00",4056,12.8,511,1,-1.55,-1.22,-2.58,-0.098,-0.207,-0.117,-0.309,58.34,49.07
"2024-10-17 04:30:00",4057,12.8,511,1,-1.631,-1.29,-2.71,-0.104,-0.217,-0.122,-0.312,57.88,50.12
"2024-10-17 05:00:00",4058,12.8,511,1,-1.558,-1.24,-2.58,-0.1,-0.207,-0.12,-0.306,57.61,50.42
"2024-10-17 05:30:00",4059,12.8,511,1,-1.577,-1.21,-2.66,-0.097,-0.213,-0.116,-0.306,59.54,48.6
"2024-10-17 06:00:00",4060,12.8,511,1,-1.558,-1.24,-2.58,-0.099,-0.207,-0.12,-0.306,56.82,47.8
"2024-10-17 06:30:00",4061,12.8,511,1,-1.562,-1.26,-2.57,-0.101,-0.206,-0.117,-0.308,58.58,49.3
"2024-10-17 07:00:00",4062,12.8,511,1,-1.57,-1.22,-2.63,-0.098,-0.211,-0.121,-0.31,59.87,48.51
"2024-10-17 07:30:00",4063,12.8,511,1,-1.64,-1.34,-2.68,-0.108,-0.215,-0.125,-0.31,56.53,49.08
"2024-10-17 08:00:00",4064,12.8,511,1,-1.521,-1.18,-2.55,-0.095,-0.204,-0.111,-0.304,59.59,49.23
"2024-10-17 08:30:00",4065,12.79,511,1,-1.352,-0.97,-2.35,-0.078,-0.188,-0.097,-0.296,58.1,49.65
"2024-10-17 09:00:00",4066,12.79,511,1,-1.316,-0.97,-2.26,-0.078,-0.181,-0.094,-0.283,62.46,50.27
"2024-10-17 09:30:00",4067,12.79,511,1,-1.234,-0.88,-2.15,-0.071,-0.172,-0.089,-0.275,61.51,50.73
"2024-10-17 10:00:00",4068,12.8,511,1,-1.207,-0.97,-1.99,-0.078,-0.16,-0.095,-0.261,61.59,51.23
"2024-10-17 10:30:00",4069,12.8,511,1,-1.062,-0.73,-1.88,-0.059,-0.15,-0.11,-0.247,51.55,54.77
"2024-10-17 11:00:00",4070,12.8,511,1,-1.857,-2.86,-1.63,-0.229,-0.131,-0.227,-0.23,44.35,54.64
"2024-10-17 11:30:00",4071,12.8,511,1,-1.237,-1.08,-1.95,-0.087,-0.156,-0.103,-0.274,58.88,49.62
"2024-10-17 12:00:00",4072,12.8,511,1,-1.334,-1.73,-1.51,-0.138,-0.121,-0.145,-0.216,58,55.4
"2024-10-17 12:30:00",4073,12.81,511,1,-0.449,-0.01,-1.11,-0.002,-0.089,-99,-99,-99,-99
"2024-10-17 13:00:00",4074,12.81,511,1,-0.807,-0.63,-1.35,-0.051,-0.108,-0.095,-0.264,53.48,49.37
"2024-10-17 13:30:00",4075,12.81,511,1,-0.675,-0.48,-1.18,-0.039,-0.095,-0.065,-0.239,59.48,49.65
"2024-10-17 14:00:00",4076,12.81,511,1,-0.427,-0.09,-0.97,-0.008,-0.078,-0.046,-0.222,57.95,51.61
"2024-10-17 14:30:00",4077,12.81,511,1,-0.323,0.1,-0.91,0.008,-0.074,-0.021,-0.222,62.57,51.66
"2024-10-17 15:00:00",4078,12.81,511,1,-0.169,0.16,-0.59,0.013,-0.048,-0.013,-0.197,63.15,52.23
"2024-10-17 15:30:00",4079,12.81,511,1,-0.202,0.1,-0.61,0.008,-0.049,-0.03,-0.204,58.27,51.51
"2024-10-17 16:00:00",4080,12.81,511,1,-0.176,0.2,-0.65,0.016,-0.053,-0.016,-0.209,60.88,50.22
"2024-10-17 16:30:00",4081,12.81,511,1,-0.078,0.3,-0.51,0.024,-0.042,-0.008,-0.198,60.05,53.03
"2024-10-17 17:00:00",4082,12.81,511,1,-0.218,0.14,-0.69,0.011,-0.056,-0.024,-0.209,59.39,51.79
"2024-10-17 17:30:00",4083,12.81,511,1,-0.483,-0.1,-1.1,-0.009,-0.089,-0.043,-0.232,57.83,51.07
"2024-10-17 18:00:00",4084,12.81,511,1,-0.927,-0.59,-1.69,-0.048,-0.136,-0.079,-0.265,58.31,49.31
"2024-10-17 18:30:00",4085,12.81,511,1,-1.283,-0.93,-2.22,-0.075,-0.178,-0.099,-0.293,56.93,48.76
"2024-10-17 19:00:00",4086,12.8,511,1,-1.475,-1.13,-2.49,-0.091,-0.2,-0.112,-0.306,56.91,48.89
"2024-10-17 19:30:00",4087,12.8,511,1,-1.479,-1.11,-2.52,-0.089,-0.202,-0.113,-0.308,58.57,48.73
"2024-10-17 20:00:00",4088,12.8,511,1,-1.54,-1.14,-2.64,-0.092,-0.211,-0.116,-0.316,58.43,48.74
"2024-10-17 20:30:00",4089,12.79,511,1,-1.561,-1.19,-2.64,-0.096,-0.211,-0.117,-0.313,59.11,49.26
"2024-10-17 21:00:00",4090,12.79,511,1,-1.491,-1.11,-2.55,-0.089,-0.204,-0.11,-0.307,58.07,48.38
"2024-10-17 21:30:00",4091,12.78,511,1,-1.515,-1.11,-2.61,-0.089,-0.209,-0.113,-0.311,57.69,48
"2024-10-17 22:00:00",4092,12.78,511,1,-1.544,-1.16,-2.63,-0.094,-0.21,-0.115,-0.307,59.1,48.15
"2024-10-17 22:30:00",4093,12.77,511,1,-1.523,-1.11,-2.63,-0.089,-0.21,-0.11,-0.309,57.3,48.28
"2024-10-17 23:00:00",4094,12.77,511,1,-1.519,-1.1,-2.63,-0.088,-0.21,-0.112,-0.309,58.61,48.92
"2024-10-17 23:30:00",4095,12.77,511,1,-1.582,-1.26,-2.62,-0.101,-0.21,-0.119,-0.312,58.51,47.83
"2024-10-18 00:00:00",4096,12.77,511,1,-1.57,-1.23,-2.62,-0.099,-0.21,-0.117,-0.309,57.46,49.02
"2024-10-18 00:30:00",4097,12.76,511,1,-1.578,-1.24,-2.63,-0.1,-0.21,-0.118,-0.313,57.48,49.45
"2024-10-18 01:00:00",4098,12.76,511,1,-1.569,-1.18,-2.67,-0.095,-0.214,-0.113,-0.309,58.3,48.6
"2024-10-18 01:30:00",4099,12.76,511,1,-1.561,-1.2,-2.63,-0.097,-0.21,-0.118,-0.31,57.27,49.82
"2024-10-18 02:00:00",4100,12.76,511,1,-1.544,-1.13,-2.66,-0.091,-0.213,-0.109,-0.312,58.07,48.38
"2024-10-18 02:30:00",4101,12.75,511,1,-1.599,-1.26,-2.66,-0.101,-0.213,-0.117,-0.312,59.09,48.56
"2024-10-18 03:00:00",4102,12.75,511,1,-1.529,-1.19,-2.56,-0.096,-0.205,-0.12,-0.305,58.62,48.67
"2024-10-18 03:30:00",4103,12.75,511,1,-1.556,-1.16,-2.66,-0.093,-0.213,-0.112,-0.312,57.83,48.14
"2024-10-18 04:00:00",4104,12.75,511,1,-1.562,-1.25,-2.58,-0.1,-0.206,-0.119,-0.307,57.01,48.57
"2024-10-18 04:30:00",4105,12.75,511,1,-1.59,-1.23,-2.67,-0.099,-0.214,-0.117,-0.313,57.13,49.78
"2024-10-18 05:00:00",4106,12.75,511,1,-1.61,-1.25,-2.7,-0.1,-0.216,-0.116,-0.312,58.11,49.25
"2024-10-18 05:30:00",4107,12.74,511,1,-1.541,-1.17,-2.61,-0.094,-0.209,-0.115,-0.305,57.74,48.62
"2024-10-18 06:00:00",4108,12.74,511,1,-1.573,-1.19,-2.67,-0.096,-0.214,-0.115,-0.313,57.97,48.12
"2024-10-18 06:30:00",4109,12.74,511,1,-1.59,-1.24,-2.66,-0.1,-0.213,-0.118,-0.309,57.33,48.31
"2024-10-18 07:00:00",4110,12.74,511,1,-1.577,-1.2,-2.67,-0.097,-0.214,-0.115,-0.312,57.58,48.57
"2024-10-18 07:30:00",4111,12.74,511,1,-1.569,-1.2,-2.65,-0.096,-0.212,-0.118,-0.312,57.34,49.57
"2024-10-18 08:00:00",4112,12.74,511,1,-1.496,-1.14,-2.53,-0.092,-0.202,-0.103,-0.3,63.64,49.77
"2024-10-18 08:30:00",4113,12.74,511,1,-1.362,-1.07,-2.27,-0.086,-0.182,-0.102,-0.278,59.67,49.98
"2024-10-18 09:00:00",4114,12.74,511,1,-1.304,-1,-2.2,-0.081,-0.176,-99,-0.265,-99,52.21
"2024-10-18 09:30:00",4115,12.75,511,1,-1.306,-1.29,-1.9,-0.104,-0.153,-0.112,-0.252,63.66,52.58
"2024-10-18 10:00:00",4116,12.75,511,1,-1.213,-1.07,-1.9,-0.086,-0.152,-0.102,-0.257,61.46,50.8
"2024-10-18 10:30:00",4117,12.76,511,1,-1.127,-1.18,-1.57,-0.095,-0.126,-0.12,-0.228,54.73,55.04
"2024-10-18 11:00:00",4118,12.76,511,1,-1.258,-1.75,-1.3,-0.141,-0.104,-0.163,-0.214,48.89,55.42
"2024-10-18 11:30:00",4119,12.77,511,1,-0.775,-0.64,-1.26,-0.051,-0.101,-0.072,-0.235,60.17,51.75
"2024-10-18 12:00:00",4120,12.78,511,1,-1.046,-1.37,-1.17,-0.11,-0.094,-99,-0.199,-99,57.28
"2024-10-18 12:30:00",4121,12.78,511,1,0.082,0.32,-0.13,0.025,-0.011,-0.003,-0.115,62.28,64.25
"2024-10-18 13:00:00",4122,12.78,511,1,0.047,0.15,-0.04,0.012,-0.004,-0.035,-0.191,54.73,49.64
"2024-10-18 13:30:00",4123,12.78,511,1,0.308,0.56,0.18,0.044,0.014,0.005,-0.168,59.81,52.9
"2024-10-18 14:00:00",4124,12.79,511,1,0.548,0.93,0.39,0.074,0.031,0.039,-0.146,62.27,54.68
"2024-10-18 14:30:00",4125,12.79,511,1,0.519,0.86,0.39,0.068,0.031,0.032,-0.146,60.36,53.87
"2024-10-18 15:00:00",4126,12.79,511,1,0.689,1.18,0.48,0.094,0.038,0.052,-0.143,61.7,52.87
"2024-10-18 15:30:00",4127,12.79,511,1,0.639,1.06,0.48,0.085,0.039,0.045,-0.144,60.47,52.89
"2024-10-18 16:00:00",4128,12.79,511,1,0.635,1.09,0.44,0.087,0.035,0.047,-0.149,61.29,53.71
"2024-10-18 16:30:00",4129,12.79,511,1,0.398,0.86,0.09,0.068,0.007,0.029,-0.166,61.31,53.72
"2024-10-18 17:00:00",4130,12.78,511,1,0.049,0.49,-0.39,0.039,-0.032,0.003,-0.195,59.24,51.24
"2024-10-18 17:30:00",4131,12.79,511,1,-0.409,0,-1.02,0,-0.082,-0.032,-0.224,57.62,50.04
"2024-10-18 18:00:00",4132,12.79,511,1,-0.86,-0.46,-1.66,-0.037,-0.133,-0.066,-0.263,57.82,49.65
"2024-10-18 18:30:00",4133,12.78,511,1,-1.299,-0.96,-2.23,-0.077,-0.178,-0.105,-0.294,55.95,47.52
"2024-10-18 19:00:00",4134,12.78,511,1,-1.401,-1.01,-2.43,-0.081,-0.195,-0.103,-0.306,58.24,49.24
"2024-10-18 19:30:00",4135,12.77,511,1,-1.483,-1.09,-2.55,-0.088,-0.204,-0.109,-0.311,57.26,48.25
"2024-10-18 20:00:00",4136,12.77,511,1,-1.417,-1.01,-2.47,-0.082,-0.197,-0.1,-0.304,58.44,50.57
"2024-10-18 20:30:00",4137,12.76,511,1,-1.52,-1.17,-2.56,-0.094,-0.205,-0.118,-0.312,57.38,47.95
"2024-10-18 21:00:00",4138,12.76,511,1,-1.533,-1.2,-2.56,-0.096,-0.205,-0.118,-0.311,57.71,49.69
"2024-10-18 21:30:00",4139,12.75,511,1,-1.578,-1.23,-2.64,-0.099,-0.212,-0.12,-0.314,57.25,48.24
"2024-10-18 22:00:00",4140,12.75,511,1,-1.566,-1.26,-2.58,-0.102,-0.206,-0.117,-0.307,58.87,48.76
"2024-10-18 22:30:00",4141,12.75,511,1,-1.575,-1.28,-2.58,-0.103,-0.206,-0.118,-0.307,58.41,48.97
"2024-10-18 23:00:00",4142,12.74,511,1,-1.524,-1.13,-2.61,-0.091,-0.209,-0.115,-0.309,56.48,48.61
"2024-10-18 23:30:00",4143,12.74,511,1,-1.619,-1.28,-2.69,-0.103,-0.215,-0.121,-0.311,57.29,49.95
"2024-10-19 00:00:00",4144,12.74,511,1,-1.504,-1.16,-2.53,-0.093,-0.203,-0.112,-0.311,57.87,49.17
"2024-10-19 00:30:00",4145,12.73,511,1,-1.57,-1.22,-2.63,-0.098,-0.21,-0.117,-0.313,57.07,48.79
"2024-10-19 01:00:00",4146,12.73,511,1,-1.598,-1.21,-2.71,-0.097,-0.217,-0.118,-0.313,58.58,49.3
"2024-10-19 01:30:00",4147,12.73,511,1,-1.537,-1.18,-2.59,-0.095,-0.207,-0.119,-0.305,57.79,48.93
"2024-10-19 02:00:00",4148,12.72,511,1,-1.545,-1.17,-2.62,-0.094,-0.209,-0.115,-0.312,58.47,48.36
"2024-10-19 02:30:00",4149,12.72,511,1,-1.556,-1.11,-2.71,-0.089,-0.217,-0.113,-0.313,57.92,48.07
"2024-10-19 03:00:00",4150,12.72,511,1,-1.552,-1.14,-2.67,-0.092,-0.213,-0.113,-0.311,58.63,47.53
"2024-10-19 03:30:00",4151,12.71,511,1,-1.61,-1.21,-2.74,-0.097,-0.219,-0.119,-0.319,58.33,48.63
"2024-10-19 04:00:00",4152,12.71,511,1,-1.545,-1.19,-2.6,-0.096,-0.208,-0.114,-0.309,57.5,48.64
"2024-10-19 04:30:00",4153,12.71,511,1,-1.595,-1.28,-2.63,-0.103,-0.21,-0.121,-0.311,57.9,48.62
"2024-10-19 05:00:00",4154,12.71,511,1,-1.586,-1.24,-2.65,-0.1,-0.212,-0.121,-0.31,57.08,49.88
"2024-10-19 05:30:00",4155,12.71,511,1,-1.553,-1.19,-2.62,-0.096,-0.209,-0.117,-0.31,57.63,47.52
"2024-10-19 06:00:00",4156,12.7,511,1,-1.544,-1.13,-2.66,-0.091,-0.213,-0.112,-0.31,58.13,49.53
"2024-10-19 06:30:00",4157,12.7,511,1,-1.631,-1.29,-2.71,-0.104,-0.217,-0.119,-0.313,57.21,48.76
"2024-10-19 07:00:00",4158,12.7,511,1,-1.557,-1.17,-2.65,-0.094,-0.212,-0.115,-0.315,59.03,48.75
"2024-10-19 07:30:00",4159,12.7,511,1,-1.578,-1.23,-2.64,-0.099,-0.211,-0.118,-0.308,59.53,48.58
"2024-10-19 08:00:00",4160,12.7,511,1,-1.524,-1.15,-2.59,-0.092,-0.208,-0.104,-0.299,62.73,49.7
"2024-10-19 08:30:00",4161,12.7,511,1,-1.505,-1.2,-2.49,-0.096,-0.199,-0.107,-0.295,62.01,50.5
"2024-10-19 09:00:00",4162,12.7,511,1,-1.515,-1.3,-2.41,-0.105,-0.193,-99,-0.273,-99,54.62
"2024-10-19 09:30:00",4163,12.7,511,1,-1.381,-1.24,-2.14,-0.1,-0.171,-99,-0.261,-99,54.04
"2024-10-19 10:00:00",4164,12.71,511,1,-1.04,-0.87,-1.68,-0.07,-0.135,-0.089,-0.245,61.46,52.36
"2024-10-19 10:30:00",4165,12.72,511,1,-1.47,-1.94,-1.63,-0.155,-0.131,-99,-0.198,-99,60.07
"2024-10-19 11:00:00",4166,12.72,511,1,-0.83,-1.24,-0.77,-0.1,-0.062,-0.131,-0.193,50.47,53.12
"2024-10-19 11:30:00",4167,12.73,511,1,-0.23,-0.09,-0.48,-0.008,-0.039,-0.04,-0.199,60.22,54.14
"2024-10-19 12:00:00",4168,12.74,511,1,0.155,0.54,-0.18,0.043,-0.015,-99,-0.133,-99,59.48
"2024-10-19 12:30:00",4169,12.74,511,1,0.094,0.09,0.14,0.007,0.012,-0.062,-0.103,49.93,62.96
"2024-10-19 13:00:00",4170,12.75,511,1,0.496,0.73,0.47,0.058,0.037,0.009,-0.16,56.18,52.75
"2024-10-19 13:30:00",4171,12.75,511,1,0.634,0.99,0.54,0.079,0.043,0.03,-0.146,60.42,53.67
"2024-10-19 14:00:00",4172,12.75,511,1,0.689,1.18,0.48,0.094,0.038,0.056,-0.144,65.57,53.83
"2024-10-19 14:30:00",4173,12.75,511,1,0.436,0.74,0.31,0.059,0.025,0.016,-0.15,60.34,53.58
"2024-10-19 15:00:00",4174,12.76,511,1,0.638,1.01,0.53,0.08,0.042,0.042,-0.141,61.16,54.15
"2024-10-19 15:30:00",4175,12.76,511,1,0.584,0.92,0.49,0.074,0.039,0.034,-0.145,61.37,52.95
"2024-10-19 16:00:00",4176,12.76,511,1,0.45,0.86,0.22,0.069,0.018,0.033,-0.154,61.72,52.88
"2024-10-19 16:30:00",4177,12.75,511,1,0.179,0.54,-0.12,0.043,-0.011,0.011,-0.177,60.99,51.33
"2024-10-19 17:00:00",4178,12.75,511,1,-0.232,0.2,-0.79,0.016,-0.063,-0.016,-0.214,61.58,51.24
"2024-10-19 17:30:00",4179,12.75,511,1,-0.643,-0.24,-1.35,-0.02,-0.108,-0.055,-0.243,56.79,51.69
"2024-10-19 18:00:00",4180,12.75,511,1,-1.106,-0.74,-1.98,-0.06,-0.159,-0.085,-0.278,57.72,48.46
"2024-10-19 18:30:00",4181,12.74,511,1,-1.36,-0.99,-2.35,-0.08,-0.188,-0.105,-0.301,57.08,48.49
"2024-10-19 19:00:00",4182,12.74,511,1,-1.496,-1.13,-2.54,-0.091,-0.204,-0.113,-0.308,56.88,47.61
"2024-10-19 19:30:00",4183,12.74,511,1,-1.533,-1.2,-2.56,-0.096,-0.205,-0.115,-0.315,57.47,48.61
"2024-10-19 20:00:00",4184,12.73,511,1,-1.574,-1.22,-2.64,-0.098,-0.211,-0.119,-0.312,57.26,48.67
"2024-10-19 20:30:00",4185,12.73,511,1,-1.549,-1.21,-2.59,-0.097,-0.208,-0.118,-0.308,56.49,48.74
"2024-10-19 21:00:00",4186,12.72,511,1,-1.611,-1.28,-2.67,-0.103,-0.214,-0.124,-0.314,57.07,48.21
"2024-10-19 21:30:00",4187,12.72,511,1,-1.558,-1.22,-2.6,-0.098,-0.208,-0.121,-0.313,55.42,47.81
"2024-10-19 22:00:00",4188,12.71,511,1,-1.527,-1.11,-2.64,-0.09,-0.211,-0.111,-0.312,55.89,48.13
"2024-10-19 22:30:00",4189,12.71,511,1,-1.603,-1.27,-2.66,-0.102,-0.213,-0.118,-0.31,59.4,48.87
"2024-10-19 23:00:00",4190,12.71,511,1,-1.557,-1.17,-2.65,-0.094,-0.212,-0.116,-0.31,57.36,48.5
"2024-10-19 23:30:00",4191,12.7,511,1,-1.532,-1.13,-2.63,-0.091,-0.21,-0.112,-0.312,57.94,48.4
"2024-10-20 00:00:00",4192,12.7,511,1,-1.569,-1.21,-2.64,-0.097,-0.211,-0.113,-0.316,57.63,48.51
"2024-10-20 00:30:00",4193,12.7,511,1,-1.565,-1.2,-2.64,-0.097,-0.211,-0.118,-0.312,56.21,48.18
"2024-10-20 01:00:00",4194,12.7,511,1,-1.594,-1.25,-2.66,-0.1,-0.213,-0.118,-0.311,59.17,48.64
"2024-10-20 01:30:00",4195,12.69,511,1,-1.557,-1.19,-2.63,-0.096,-0.21,-0.115,-0.314,56.99,49.39
"2024-10-20 02:00:00",4196,12.69,511,1,-1.59,-1.21,-2.69,-0.097,-0.215,-0.116,-0.312,59.14,49.29
"2024-10-20 02:30:00",4197,12.69,511,1,-1.59,-1.23,-2.67,-0.099,-0.213,-0.117,-0.314,57.21,49.34
"2024-10-20 03:00:00",4198,12.68,511,1,-1.566,-1.22,-2.62,-0.098,-0.209,-0.117,-0.308,57.1,49.08
"2024-10-20 03:30:00",4199,12.68,511,1,-1.549,-1.18,-2.62,-0.095,-0.209,-0.114,-0.311,58.42,49.4
"2024-10-20 04:00:00",4200,12.68,511,1,-1.643,-1.28,-2.75,-0.103,-0.22,-0.127,-0.314,58.74,49.04
"2024-10-20 04:30:00",4201,12.68,511,1,-1.569,-1.21,-2.64,-0.097,-0.211,-0.115,-0.315,57.21,48.76
"2024-10-20 05:00:00",4202,12.68,511,1,-1.611,-1.27,-2.68,-0.102,-0.214,-0.12,-0.312,57.42,49.39
"2024-10-20 05:30:00",4203,12.67,511,1,-1.631,-1.3,-2.7,-0.104,-0.216,-0.125,-0.314,58.99,48.61
"2024-10-20 06:00:00",4204,12.67,511,1,-1.54,-1.15,-2.63,-0.092,-0.21,-0.111,-0.313,58.77,49.64
"2024-10-20 06:30:00",4205,12.67,511,1,-1.54,-1.15,-2.63,-0.093,-0.21,-0.115,-0.312,57.5,49.21
"2024-10-20 07:00:00",4206,12.67,511,1,-1.606,-1.22,-2.72,-0.098,-0.217,-0.117,-0.312,58.85,48.31
"2024-10-20 07:30:00",4207,12.67,511,1,-1.565,-1.18,-2.66,-0.095,-0.213,-0.117,-0.311,58.51,48.65
"2024-10-20 08:00:00",4208,12.66,511,1,-1.603,-1.26,-2.67,-0.101,-0.214,-0.117,-0.309,59.14,49.6
"2024-10-20 08:30:00",4209,12.66,511,1,-1.542,-1.24,-2.54,-0.1,-0.203,-0.113,-0.299,61.32,49.8
"2024-10-20 09:00:00",4210,12.66,511,1,-1.421,-1.02,-2.47,-0.082,-0.198,-99,-0.272,-99,53.9
"2024-10-20 09:30:00",4211,12.67,511,1,-1.359,-1.15,-2.18,-0.092,-0.175,-99,-0.264,-99,53.2
"2024-10-20 10:00:00",4212,12.67,511,1,-0.888,-0.65,-1.53,-0.053,-0.123,-0.07,-0.235,61.28,52.27
"2024-10-20 10:30:00",4213,12.68,511,1,-0.201,0.59,-1.12,0.047,-0.09,-99,-99,-99,-99
"2024-10-20 11:00:00",4214,12.69,511,1,-0.724,-0.92,-0.84,-0.074,-0.068,-0.131,-0.201,50.29,52.68
"2024-10-20 11:30:00",4215,12.69,511,1,-0.123,0.03,-0.34,0.003,-0.028,-99,-0.183,-99,53.34
"2024-10-20 12:00:00",4216,12.7,511,1,0.311,0.53,0.22,0.042,0.017,-99,-99,-99,-99
"2024-10-20 12:30:00",4217,12.7,511,1,0.177,0.2,0.23,0.016,0.018,-99,-99,-99,-99
"2024-10-20 13:00:00",4218,12.71,511,1,0.593,0.96,0.47,0.077,0.037,0.015,-0.157,56.07,52.23
"2024-10-20 13:30:00",4219,12.71,511,1,0.665,0.97,0.64,0.077,0.051,0.033,-0.139,59.68,54.17
"2024-10-20 14:00:00",4220,12.72,511,1,0.689,1.38,0.27,0.11,0.021,-99,-0.153,-99,52.67
"2024-10-20 14:30:00",4221,12.72,511,1,0.291,0.52,0.18,0.042,0.014,0.011,-0.159,60.34,53.59
"2024-10-20 15:00:00",4222,12.72,511,1,0.444,0.76,0.31,0.06,0.025,0.024,-0.152,61.36,53.11
"2024-10-20 15:30:00",4223,12.72,511,1,0.317,0.63,0.13,0.05,0.011,0.021,-0.164,61.75,52.76
"2024-10-20 16:00:00",4224,12.72,511,1,0.396,0.97,-0.03,0.077,-0.004,0.025,-0.178,59.4,51.96
"2024-10-20 16:30:00",4225,12.72,511,1,0.115,0.57,-0.31,0.045,-0.025,0.005,-0.192,60.69,52.12
"2024-10-20 17:00:00",4226,12.72,511,1,-0.364,0.07,-0.98,0.006,-0.079,-0.03,-0.227,58.82,51.23
"2024-10-20 17:30:00",4227,12.72,511,1,-0.692,-0.31,-1.4,-0.026,-0.113,-0.055,-0.251,58.61,50.6
"2024-10-20 18:00:00",4228,12.71,511,1,-1.065,-0.69,-1.93,-0.055,-0.155,-0.084,-0.282,58.3,49.47
"2024-10-20 18:30:00",4229,12.71,511,1,-1.356,-0.99,-2.34,-0.079,-0.187,-0.107,-0.301,56.12,47.95
"2024-10-20 19:00:00",4230,12.7,511,1,-1.463,-1.12,-2.47,-0.09,-0.198,-0.114,-0.314,57.17,48.74
"2024-10-20 19:30:00",4231,12.7,511,1,-1.508,-1.13,-2.57,-0.091,-0.206,-0.115,-0.31,56.68,48.08
"2024-10-20 20:00:00",4232,12.69,511,1,-1.533,-1.21,-2.55,-0.098,-0.204,-0.118,-0.31,57.1,48.1
"2024-10-20 20:30:00",4233,12.69,511,1,-1.505,-1.18,-2.51,-0.095,-0.201,-0.114,-0.301,58.37,48.94
"2024-10-20 21:00:00",4234,12.68,511,1,-1.462,-1.08,-2.51,-0.087,-0.201,-0.111,-0.306,55.33,48.97
"2024-10-20 21:30:00",4235,12.68,511,1,-1.483,-1.09,-2.55,-0.088,-0.204,-0.112,-0.31,57.82,48.29
"2024-10-20 22:00:00",4236,12.67,511,1,-1.545,-1.19,-2.6,-0.096,-0.208,-0.112,-0.314,57.26,48.14
"2024-10-20 22:30:00",4237,12.67,511,1,-1.541,-1.21,-2.57,-0.097,-0.206,-0.119,-0.315,57.22,47.37
"2024-10-20 23:00:00",4238,12.67,511,1,-1.537,-1.2,-2.57,-0.096,-0.206,-0.118,-0.308,57.52,48.92
"2024-10-20 23:30:00",4239,12.66,511,1,-1.499,-1.08,-2.6,-0.087,-0.208,-0.114,-0.311,55.82,49.46
"2024-10-21 00:00:00",4240,12.66,511,1,-1.549,-1.2,-2.6,-0.096,-0.208,-0.118,-0.311,57.85,48.99
"2024-10-21 00:30:00",4241,12.66,511,1,-1.516,-1.15,-2.57,-0.093,-0.206,-0.112,-0.302,59.42,48.47
"2024-10-21 01:00:00",4242,12.65,511,1,-1.565,-1.21,-2.63,-0.097,-0.21,-0.116,-0.306,58.63,47.69
"2024-10-21 01:30:00",4243,12.65,511,1,-1.532,-1.12,-2.64,-0.09,-0.212,-0.114,-0.314,57.55,48.12
"2024-10-21 02:00:00",4244,12.65,511,1,-1.607,-1.31,-2.63,-0.105,-0.21,-0.124,-0.313,57.9,49.04
"2024-10-21 02:30:00",4245,12.65,511,1,-1.544,-1.16,-2.63,-0.093,-0.21,-0.115,-0.306,56.93,48.91
"2024-10-21 03:00:00",4246,12.64,511,1,-1.561,-1.19,-2.64,-0.096,-0.211,-0.115,-0.31,58.63,49.09
"2024-10-21 03:30:00",4247,12.64,511,1,-1.574,-1.25,-2.61,-0.1,-0.209,-0.116,-0.305,59.52,49.57
"2024-10-21 04:00:00",4248,12.64,511,1,-1.552,-1.16,-2.65,-0.094,-0.212,-0.115,-0.315,57.97,49.52
"2024-10-21 04:30:00",4249,12.64,511,1,-1.586,-1.25,-2.64,-0.1,-0.212,-0.121,-0.314,57.49,48.62
"2024-10-21 05:00:00",4250,12.64,511,1,-1.611,-1.27,-2.68,-0.102,-0.214,-0.123,-0.31,57.48,48.2
"2024-10-21 05:30:00",4251,12.64,511,1,-1.627,-1.28,-2.71,-0.103,-0.217,-0.122,-0.315,58.34,48.49
"2024-10-21 06:00:00",4252,12.64,511,1,-1.548,-1.13,-2.67,-0.091,-0.213,-0.115,-0.315,57.26,49.39
"2024-10-21 06:30:00",4253,12.63,511,1,-1.564,-1.16,-2.68,-0.093,-0.214,-0.115,-0.31,57.94,49.5
"2024-10-21 07:00:00",4254,12.63,511,1,-1.61,-1.22,-2.73,-0.098,-0.218,-0.117,-0.313,58.63,48.51
"2024-10-21 07:30:00",4255,12.63,511,1,-1.619,-1.29,-2.68,-0.104,-0.214,-0.12,-0.31,58.25,48.98
"2024-10-21 08:00:00",4256,12.63,511,1,-1.585,-1.2,-2.69,-0.096,-0.215,-0.115,-0.311,59.76,49.23
"2024-10-21 08:30:00",4257,12.63,511,1,-1.522,-1.24,-2.49,-0.1,-0.199,-0.111,-0.294,61.1,49.34
"2024-10-21 09:00:00",4258,12.63,511,1,-1.276,-1,-2.13,-0.081,-0.17,-99,-0.249,-99,54.91
"2024-10-21 09:30:00",4259,12.64,511,1,-1.117,-1.09,-1.64,-0.087,-0.132,-99,-0.235,-99,53.37
"2024-10-21 10:00:00",4260,12.64,511,1,-0.844,-0.7,-1.37,-0.056,-0.11,-0.076,-0.224,60.32,53.3
"2024-10-21 10:30:00",4261,12.65,511,1,-0.271,0.06,-0.74,0.005,-0.06,-99,-99,-99,-99
"2024-10-21 11:00:00",4262,12.65,511,1,-0.18,0,-0.45,0,-0.037,-0.068,-0.175,52.87,54.84
"2024-10-21 11:30:00",4263,12.66,511,1,0.221,0.44,0.09,0.035,0.007,-99,-0.154,-99,54.87
"2024-10-21 12:00:00",4264,12.66,511,1,0.49,0.81,0.37,0.064,0.03,-99,-99,-99,-99
"2024-10-21 12:30:00",4265,12.67,511,1,0.299,0.49,0.23,0.039,0.018,-99,-99,-99,-99
"2024-10-21 13:00:00",4266,12.68,511,1,0.514,0.81,0.43,0.065,0.034,-0.003,-0.163,56.27,51.34
"2024-10-21 13:30:00",4267,12.68,511,1,0.527,0.9,0.37,0.072,0.03,0.02,-0.157,58.26,52.08
"2024-10-21 14:00:00",4268,12.68,511,1,0.492,0.92,0.26,0.073,0.021,0.052,-0.149,65.19,53.47
"2024-10-21 14:30:00",4269,12.69,511,1,0.311,0.74,0,0.059,0,-99,-0.156,-99,54.57
"2024-10-21 15:00:00",4270,12.69,511,1,0.347,0.74,0.09,0.059,0.007,0.027,-0.152,59.3,53.95
"2024-10-21 15:30:00",4271,12.69,511,1,0.233,0.63,-0.08,0.05,-0.007,0.014,-0.176,59.24,52.34
"2024-10-21 16:00:00",4272,12.69,511,1,0.303,0.72,0,0.058,0,0.029,-0.172,62.57,53.75
"2024-10-21 16:30:00",4273,12.69,511,1,0.083,0.58,-0.4,0.046,-0.032,0.003,-0.193,58.02,52.78
"2024-10-21 17:00:00",4274,12.69,511,1,-0.554,-0.24,-1.13,-0.02,-0.091,-0.044,-0.233,59.86,51.03
"2024-10-21 17:30:00",4275,12.69,511,1,-0.847,-0.43,-1.66,-0.035,-0.133,-0.068,-0.261,57.35,49.19
"2024-10-21 18:00:00",4276,12.68,511,1,-1.146,-0.73,-2.09,-0.059,-0.167,-0.09,-0.288,57.5,49.66
"2024-10-21 18:30:00",4277,12.68,511,1,-1.372,-0.99,-2.38,-0.08,-0.191,-0.102,-0.302,56.91,48.23
"2024-10-21 19:00:00",4278,12.67,511,1,-1.458,-1.06,-2.52,-0.085,-0.201,-0.11,-0.308,57.08,48.24
"2024-10-21 19:30:00",4279,12.67,511,1,-1.458,-1.07,-2.51,-0.086,-0.201,-0.108,-0.305,58.37,49.27
"2024-10-21 20:00:00",4280,12.66,511,1,-1.471,-1.13,-2.48,-0.091,-0.198,-0.11,-0.305,57.32,48.89
"2024-10-21 20:30:00",4281,12.66,511,1,-1.48,-1.14,-2.49,-0.091,-0.199,-0.108,-0.304,57.92,48.09
"2024-10-21 21:00:00",4282,12.66,511,1,-1.512,-1.17,-2.54,-0.094,-0.203,-0.116,-0.31,58.37,49.11
"2024-10-21 21:30:00",4283,12.65,511,1,-1.492,-1.13,-2.53,-0.091,-0.203,-0.113,-0.304,58.68,50.26
"2024-10-21 22:00:00",4284,12.65,511,1,-1.488,-1.13,-2.52,-0.091,-0.202,-0.11,-0.306,58.04,48.93
"2024-10-21 22:30:00",4285,12.64,511,1,-1.553,-1.2,-2.61,-0.097,-0.209,-0.115,-0.312,57.45,49.02
"2024-10-21 23:00:00",4286,12.64,511,1,-1.524,-1.17,-2.57,-0.094,-0.206,-0.113,-0.306,56.99,48.98
"2024-10-21 23:30:00",4287,12.64,511,1,-1.537,-1.2,-2.57,-0.097,-0.206,-0.113,-0.303,57.72,49.03
"2024-10-22 00:00:00",4288,12.63,511,1,-1.55,-1.23,-2.57,-0.099,-0.206,-0.115,-0.307,60.61,49.83
"2024-10-22 00:30:00",4289,12.63,511,1,-1.525,-1.22,-2.52,-0.098,-0.201,-0.114,-0.302,58.38,49.53
"2024-10-22 01:00:00",4290,12.63,511,1,-1.497,-1.19,-2.48,-0.096,-0.199,-0.109,-0.303,57.66,48.96
"2024-10-22 01:30:00",4291,12.63,511,1,-1.516,-1.15,-2.57,-0.093,-0.205,-0.109,-0.302,58.64,49.12
"2024-10-22 02:00:00",4292,12.63,511,1,-1.558,-1.25,-2.57,-0.1,-0.205,-0.119,-0.302,57.72,49.03
"2024-10-22 02:30:00",4293,12.63,511,1,-1.553,-1.18,-2.63,-0.095,-0.21,-0.117,-0.31,58.19,48.92
"2024-10-22 03:00:00",4294,12.62,511,1,-1.566,-1.24,-2.6,-0.1,-0.208,-0.118,-0.305,57.95,48.42
"2024-10-22 03:30:00",4295,12.62,511,1,-1.565,-1.2,-2.64,-0.096,-0.212,-0.115,-0.312,58.45,48.2
"2024-10-22 04:00:00",4296,12.62,511,1,-1.565,-1.18,-2.66,-0.095,-0.213,-0.114,-0.306,58.97,49.03
"2024-10-22 04:30:00",4297,12.62,511,1,-1.582,-1.24,-2.64,-0.099,-0.212,-0.118,-0.312,57.78,50.02
"2024-10-22 05:00:00",4298,12.62,511,1,-1.528,-1.16,-2.59,-0.093,-0.208,-0.113,-0.308,58.9,49.05
"2024-10-22 05:30:00",4299,12.62,511,1,-1.537,-1.17,-2.6,-0.094,-0.208,-0.116,-0.308,57.01,49.15
"2024-10-22 06:00:00",4300,12.62,511,1,-1.541,-1.19,-2.59,-0.096,-0.208,-0.115,-0.304,57.56,48.96
"2024-10-22 06:30:00",4301,12.61,511,1,-1.565,-1.2,-2.64,-0.096,-0.211,-0.115,-0.308,57.95,48.94
"2024-10-22 07:00:00",4302,12.61,511,1,-1.565,-1.2,-2.64,-0.096,-0.211,-0.118,-0.311,58.33,48.9
"2024-10-22 07:30:00",4303,12.61,511,1,-1.57,-1.22,-2.63,-0.098,-0.21,-0.115,-0.311,57.91,48.64
"2024-10-22 08:00:00",4304,12.61,511,1,-1.417,-1.02,-2.46,-0.082,-0.197,-0.102,-0.299,60.67,49.47
"2024-10-22 08:30:00",4305,12.61,511,1,-1.214,-0.92,-2.06,-0.074,-0.165,-0.088,-0.267,62.58,50.97
"2024-10-22 09:00:00",4306,12.61,511,1,-1.02,-0.62,-1.89,-0.05,-0.152,-0.067,-0.25,64.35,54.1
"2024-10-22 09:30:00",4307,12.61,511,1,-1.278,-1.3,-1.82,-0.104,-0.146,-99,-0.237,-99,52.62
"2024-10-22 10:00:00",4308,12.62,511,1,-0.795,-0.62,-1.33,-0.05,-0.107,-0.067,-0.222,61.32,53.73
"2024-10-22 10:30:00",4309,12.62,511,1,-1.165,-1.94,-0.87,-0.155,-0.071,-0.155,-0.145,59.58,64.2
"2024-10-22 11:00:00",4310,12.63,511,1,0.011,0.14,-0.12,0.011,-0.01,-0.06,-0.154,51.34,54.14
"2024-10-22 11:30:00",4311,12.63,511,1,0.32,0.76,0,0.06,0,-99,-0.155,-99,53.69
"2024-10-22 12:00:00",4312,12.64,511,1,0.355,0.73,0.12,0.058,0.009,-99,-0.116,-99,61.55
"2024-10-22 12:30:00",4313,12.64,511,1,0.246,0.49,0.1,0.039,0.008,-99,-99,-99,-99
"2024-10-22 13:00:00",4314,12.65,511,1,0.132,0.4,-0.09,0.032,-0.008,-0.015,-0.187,56.46,51.12
"2024-10-22 13:30:00",4315,12.65,511,1,0.123,0.37,-0.08,0.03,-0.008,-0.012,-0.182,58.87,52.12
"2024-10-22 14:00:00",4316,12.65,511,1,0.272,0.77,-0.13,0.061,-0.011,0.027,-0.174,60.53,53.37
"2024-10-22 14:30:00",4317,12.65,511,1,0.118,0.53,-0.26,0.042,-0.022,0.005,-0.185,58.99,53.33
"2024-10-22 15:00:00",4318,12.65,511,1,0.125,0.47,-0.18,0.038,-0.015,0,-0.181,59.37,53.3
"2024-10-22 15:30:00",4319,12.65,511,1,0.144,0.6,-0.27,0.048,-0.022,0.009,-0.194,59.03,51.45
"2024-10-22 16:00:00",4320,12.65,511,1,0.313,0.82,-0.08,0.066,-0.007,0.025,-0.18,60.76,52.76
"2024-10-22 16:30:00",4321,12.65,511,1,-0.002,0.47,-0.5,0.037,-0.041,0,-0.199,58.67,52.33
"2024-10-22 17:00:00",4322,12.65,511,1,-0.454,-0.03,-1.1,-0.003,-0.088,-0.037,-0.235,59.8,50.81
"2024-10-22 17:30:00",4323,12.64,511,1,-0.892,-0.46,-1.74,-0.038,-0.14,-0.067,-0.262,57.67,49.41
"2024-10-22 18:00:00",4324,12.64,511,1,-1.164,-0.79,-2.07,-0.064,-0.166,-0.087,-0.285,57.32,50.15
"2024-10-22 18:30:00",4325,12.64,511,1,-1.392,-0.97,-2.45,-0.078,-0.196,-0.1,-0.298,58.4,48.89
"2024-10-22 19:00:00",4326,12.63,511,1,-1.476,-1.18,-2.44,-0.095,-0.195,-0.117,-0.305,57.12,48.43
"2024-10-22 19:30:00",4327,12.63,511,1,-1.503,-1.12,-2.57,-0.09,-0.206,-0.112,-0.31,57.75,48.34
"2024-10-22 20:00:00",4328,12.62,511,1,-1.541,-1.18,-2.6,-0.095,-0.208,-0.114,-0.312,58.94,48.58
"2024-10-22 20:30:00",4329,12.62,511,1,-1.541,-1.18,-2.6,-0.095,-0.208,-0.112,-0.309,57.26,48.26
"2024-10-22 21:00:00",4330,12.62,511,1,-1.549,-1.19,-2.61,-0.096,-0.209,-0.112,-0.313,57.44,48.33
"2024-10-22 21:30:00",4331,12.61,511,1,-1.516,-1.17,-2.55,-0.094,-0.204,-0.113,-0.306,58.54,48.86
"2024-10-22 22:00:00",4332,12.61,511,1,-1.521,-1.2,-2.53,-0.096,-0.202,-0.115,-0.304,58.43,48.59
"2024-10-22 22:30:00",4333,12.61,511,1,-1.528,-1.17,-2.58,-0.094,-0.206,-0.113,-0.308,57.17,47.9
"2024-10-22 23:00:00",4334,12.6,511,1,-1.524,-1.17,-2.57,-0.094,-0.206,-0.111,-0.31,58.04,47.53
"2024-10-22 23:30:00",4335,12.6,511,1,-1.55,-1.22,-2.58,-0.098,-0.206,-0.114,-0.311,56.87,48.17
"2024-10-23 00:00:00",4336,12.6,511,1,-1.517,-1.18,-2.54,-0.095,-0.203,-0.114,-0.308,58.56,48.3
"2024-10-23 00:30:00",4337,12.6,511,1,-1.653,-1.39,-2.66,-0.112,-0.213,-0.131,-0.314,57.57,48.72
"2024-10-23 01:00:00",4338,12.59,511,1,-1.536,-1.14,-2.63,-0.092,-0.211,-0.114,-0.308,58.42,48.74
"2024-10-23 01:30:00",4339,12.59,511,1,-1.544,-1.13,-2.66,-0.091,-0.213,-0.108,-0.307,57.59,49.42
"2024-10-23 02:00:00",4340,12.59,511,1,-1.586,-1.22,-2.67,-0.098,-0.214,-0.12,-0.311,56.95,48.67
"2024-10-23 02:30:00",4341,12.58,511,1,-1.541,-1.19,-2.59,-0.096,-0.208,-0.118,-0.303,58.43,49.32
"2024-10-23 03:00:00",4342,12.58,511,1,-1.57,-1.24,-2.61,-0.1,-0.209,-0.116,-0.304,58.26,48.73
"2024-10-23 03:30:00",4343,12.58,511,1,-1.558,-1.23,-2.59,-0.099,-0.208,-0.118,-0.303,57.39,49.63
"2024-10-23 04:00:00",4344,12.58,511,1,-1.529,-1.18,-2.57,-0.095,-0.206,-0.115,-0.304,58.01,49
"2024-10-23 04:30:00",4345,12.58,511,1,-1.55,-1.22,-2.58,-0.098,-0.207,-0.115,-0.305,59.1,48.16
"2024-10-23 05:00:00",4346,12.58,511,1,-1.574,-1.22,-2.64,-0.098,-0.212,-0.118,-0.31,59.71,48.78
"2024-10-23 05:30:00",4347,12.58,511,1,-1.516,-1.13,-2.59,-0.091,-0.207,-0.113,-0.312,54.89,49.21
"2024-10-23 06:00:00",4348,12.58,511,1,-1.59,-1.22,-2.68,-0.098,-0.214,-0.114,-0.309,60.09,48.74
"2024-10-23 06:30:00",4349,12.58,511,1,-1.578,-1.23,-2.64,-0.099,-0.211,-0.118,-0.305,59,49.47
"2024-10-23 07:00:00",4350,12.58,511,1,-1.589,-1.19,-2.71,-0.096,-0.217,-0.12,-0.317,58.07,48.12
"2024-10-23 07:30:00",4351,12.57,511,1,-1.515,-1.08,-2.64,-0.087,-0.211,-0.114,-0.305,55.83,49.47
"2024-10-23 08:00:00",4352,12.57,511,1,-1.562,-1.26,-2.57,-0.101,-0.205,-0.115,-0.304,58.71,48.61
"2024-10-23 08:30:00",4353,12.57,511,1,-1.452,-1.15,-2.41,-0.092,-0.193,-0.104,-0.287,61.83,50.33
"2024-10-23 09:00:00",4354,12.58,511,1,-1.217,-0.87,-2.12,-0.07,-0.17,-0.084,-0.256,61.7,52.02
"2024-10-23 09:30:00",4355,12.58,511,1,-1.267,-1.18,-1.92,-0.095,-0.154,-99,-0.248,-99,53.46
"2024-10-23 10:00:00",4356,12.58,511,1,-0.992,-0.88,-1.55,-0.071,-0.124,-0.085,-0.232,62.65,53.24
"2024-10-23 10:30:00",4357,12.59,511,1,-1.244,-1.63,-1.39,-0.131,-0.111,-99,-99,-99,-99
"2024-10-23 11:00:00",4358,12.59,511,1,-0.663,-0.87,-0.74,-0.07,-0.06,-0.117,-0.208,50.84,52.24
"2024-10-23 11:30:00",4359,12.6,511,1,0.184,0.59,-0.16,0.047,-0.014,0.018,-0.159,64.68,53.53
"2024-10-23 12:00:00",4360,12.6,511,1,0.27,0.67,-0.03,0.054,-0.003,-99,-0.134,-99,57.09
"2024-10-23 12:30:00",4361,12.6,511,1,0.44,0.95,0.1,0.075,0.008,-99,-99,-99,-99
"2024-10-23 13:00:00",4362,12.61,511,1,0.228,0.58,-0.04,0.046,-0.004,-0.009,-0.172,58.53,51.79
"2024-10-23 13:30:00",4363,12.61,511,1,0.191,0.53,-0.08,0.042,-0.007,0.011,-0.167,62.82,53.17
"2024-10-23 14:00:00",4364,12.62,511,1,0.237,0.64,-0.08,0.051,-0.007,0.019,-0.168,60.73,53.98
"2024-10-23 14:30:00",4365,12.62,511,1,0.201,0.67,-0.2,0.054,-0.017,0.021,-0.154,63.57,52.94
"2024-10-23 15:00:00",4366,12.62,511,1,0.251,0.72,-0.13,0.057,-0.011,0.011,-0.171,58.44,53.1
"2024-10-23 15:30:00",4367,12.61,511,1,0.398,0.86,0.09,0.069,0.007,0.03,-0.16,61.21,55.03
"2024-10-23 16:00:00",4368,12.61,511,1,0.346,0.9,-0.08,0.072,-0.007,0.03,-0.178,59.55,54.88
"2024-10-23 16:30:00",4369,12.62,511,1,0.124,0.64,-0.36,0.051,-0.029,0.011,-0.193,60.72,56.05
"2024-10-23 17:00:00",4370,12.61,511,1,-0.187,0.29,-0.77,0.023,-0.062,-0.011,-0.21,59.18,51.85
"2024-10-23 17:30:00",4371,12.61,511,1,-0.679,-0.25,-1.43,-0.021,-0.115,-0.051,-0.248,58.57,50.31
"2024-10-23 18:00:00",4372,12.61,511,1,-1.098,-0.71,-1.99,-0.058,-0.159,-0.084,-0.277,55.57,49.91
"2024-10-23 18:30:00",4373,12.61,511,1,-1.303,-0.92,-2.28,-0.074,-0.182,-0.1,-0.301,56.42,49.1
"2024-10-23 19:00:00",4374,12.6,511,1,-1.442,-1.05,-2.49,-0.084,-0.199,-0.104,-0.306,56.92,49.75
"2024-10-23 19:30:00",4375,12.6,511,1,-1.505,-1.18,-2.51,-0.095,-0.201,-0.112,-0.308,58.91,48.15
"2024-10-23 20:00:00",4376,12.59,511,1,-1.404,-0.97,-2.48,-0.078,-0.198,-0.106,-0.295,57.19,49.86
"2024-10-23 20:30:00",4377,12.59,511,1,-1.479,-1.13,-2.5,-0.091,-0.2,-0.116,-0.307,56.73,48.15
"2024-10-23 21:00:00",4378,12.58,511,1,-1.496,-1.14,-2.53,-0.092,-0.202,-0.114,-0.309,57.9,49.06
"2024-10-23 21:30:00",4379,12.58,511,1,-1.529,-1.18,-2.57,-0.095,-0.206,-0.114,-0.305,57.74,48.48
"2024-10-23 22:00:00",4380,12.58,511,1,-1.541,-1.21,-2.57,-0.098,-0.206,-0.114,-0.305,59.54,48.76
"2024-10-23 22:30:00",4381,12.57,511,1,-1.573,-1.2,-2.66,-0.097,-0.213,-0.116,-0.315,56.94,48.24
"2024-10-23 23:00:00",4382,12.57,511,1,-1.516,-1.13,-2.59,-0.091,-0.207,-0.113,-0.307,57.92,48.5
"2024-10-23 23:30:00",4383,12.57,511,1,-1.524,-1.17,-2.57,-0.094,-0.206,-0.113,-0.303,59.25,50.14
"2024-10-24 00:00:00",4384,12.57,511,1,-1.488,-1.14,-2.51,-0.091,-0.201,-0.111,-0.302,57.91,49.32
"2024-10-24 00:30:00",4385,12.56,511,1,-1.537,-1.17,-2.6,-0.094,-0.208,-0.116,-0.307,59.98,49.47
"2024-10-24 01:00:00",4386,12.56,511,1,-1.566,-1.24,-2.6,-0.099,-0.208,-0.119,-0.305,58.62,49.36
"2024-10-24 01:30:00",4387,12.56,511,1,-1.541,-1.21,-2.57,-0.098,-0.206,-0.116,-0.306,58.42,49.16
"2024-10-24 02:00:00",4388,12.56,511,1,-1.591,-1.29,-2.61,-0.104,-0.209,-0.123,-0.306,58.11,49.26
"2024-10-24 02:30:00",4389,12.56,511,1,-1.582,-1.22,-2.66,-0.098,-0.213,-0.12,-0.309,57.56,48.29
"2024-10-24 03:00:00",4390,12.56,511,1,-1.586,-1.24,-2.65,-0.1,-0.212,-0.116,-0.311,57.75,48.23
"2024-10-24 03:30:00",4391,12.56,511,1,-1.602,-1.25,-2.68,-0.1,-0.215,-0.119,-0.313,58.7,49.02
"2024-10-24 04:00:00",4392,12.55,511,1,-1.55,-1.22,-2.58,-0.098,-0.207,-0.114,-0.303,58.29,50.01
"2024-10-24 04:30:00",4393,12.55,511,1,-1.581,-1.18,-2.7,-0.095,-0.216,-0.115,-0.308,59.05,49.95
"2024-10-24 05:00:00",4394,12.55,511,1,-1.574,-1.22,-2.64,-0.098,-0.211,-0.118,-0.304,60.3,49.37
"2024-10-24 05:30:00",4395,12.55,511,1,-1.611,-1.27,-2.68,-0.102,-0.214,-0.121,-0.31,58.46,48.94
"2024-10-24 06:00:00",4396,12.55,511,1,-1.593,-1.19,-2.72,-0.096,-0.217,-0.112,-0.306,60.74,50.23
"2024-10-24 06:30:00",4397,12.55,511,1,-1.569,-1.19,-2.66,-0.096,-0.213,-0.118,-0.305,58.46,50.45
"2024-10-24 07:00:00",4398,12.55,511,1,-1.528,-1.17,-2.58,-0.094,-0.207,-0.119,-0.304,59.86,49.35
"2024-10-24 07:30:00",4399,12.55,511,1,-1.566,-1.24,-2.6,-0.099,-0.208,-0.118,-0.308,58.36,49.1
"2024-10-24 08:00:00",4400,12.55,511,1,-1.43,-1.06,-2.45,-0.086,-0.196,-0.105,-0.297,58.81,49.55
"2024-10-24 08:30:00",4401,12.55,511,1,-1.25,-0.91,-2.16,-0.074,-0.173,-0.091,-0.277,60.59,50.5
"2024-10-24 09:00:00",4402,12.55,511,1,-1.1,-0.84,-1.86,-0.068,-0.149,-0.083,-0.247,62.94,52.17
"2024-10-24 09:30:00",4403,12.55,511,1,-1.243,-1.17,-1.87,-0.094,-0.15,-99,-0.253,-99,53.32
"2024-10-24 10:00:00",4404,12.55,511,1,-1.072,-1.06,-1.56,-0.085,-0.125,-0.097,-0.239,63.44,51.96
"2024-10-24 10:30:00",4405,12.55,511,1,-0.542,-0.25,-1.09,-0.021,-0.088,-99,-0.178,-99,60.19
"2024-10-24 11:00:00",4406,12.56,511,1,-0.79,-0.83,-1.1,-0.067,-0.089,-0.103,-0.215,53.15,51.96
"2024-10-24 11:30:00",4407,12.56,511,1,-0.346,-0.09,-0.77,-0.008,-0.062,-0.032,-0.204,61.84,52.85
"2024-10-24 12:00:00",4408,12.56,511,1,0.354,1.08,-0.25,0.086,-0.021,-99,-0.162,-99,54.6
"2024-10-24 12:30:00",4409,12.56,511,1,0.2,0.61,-0.14,0.049,-0.012,-99,-99,-99,-99
"2024-10-24 13:00:00",4410,12.56,511,1,0.151,0.54,-0.19,0.043,-0.016,-0.006,-0.195,58.83,53.06
"2024-10-24 13:30:00",4411,12.56,511,1,0.289,0.64,0.05,0.051,0.004,0.006,-0.174,59.04,52.44
"2024-10-24 14:00:00",4412,12.56,511,1,0.249,0.63,-0.04,0.05,-0.004,0.011,-0.183,59.76,53
"2024-10-24 14:30:00",4413,12.56,511,1,0.17,0.69,-0.3,0.055,-0.024,0.017,-0.172,58.64,54.54
"2024-10-24 15:00:00",4414,12.56,511,1,0.233,0.63,-0.08,0.051,-0.007,-0.006,-0.174,55.62,51.62
"2024-10-24 15:30:00",4415,12.56,511,1,0.272,0.77,-0.13,0.062,-0.011,0.02,-0.184,59.46,52.29
"2024-10-24 16:00:00",4416,12.56,511,1,0.26,0.79,-0.18,0.063,-0.015,0.028,-0.186,61.01,52.85
"2024-10-24 16:30:00",4417,12.56,511,1,0.059,0.58,-0.46,0.046,-0.037,0.014,-0.199,60.08,51.66
"2024-10-24 17:00:00",4418,12.56,511,1,-0.178,0.33,-0.79,0.026,-0.064,-0.014,-0.223,58.77,51.34
"2024-10-24 17:30:00",4419,12.56,511,1,-0.588,-0.1,-1.36,-0.009,-0.109,-0.045,-0.244,58.16,50.57
"2024-10-24 18:00:00",4420,12.55,511,1,-1.044,-0.62,-1.95,-0.051,-0.157,-0.08,-0.279,56.77,50.16
"2024-10-24 18:30:00",4421,12.54,511,1,-1.338,-0.89,-2.4,-0.072,-0.192,-0.095,-0.3,56.81,49.22
"2024-10-24 19:00:00",4422,12.55,511,1,-1.417,-0.99,-2.49,-0.08,-0.199,-0.103,-0.306,56.85,49.41
"2024-10-24 19:30:00",4423,12.54,511,1,-1.461,-1.02,-2.57,-0.082,-0.206,-0.105,-0.309,57.3,48.19
"2024-10-24 20:00:00",4424,12.54,511,1,-1.487,-1.09,-2.56,-0.088,-0.205,-0.107,-0.309,58.51,48.83
"2024-10-24 20:30:00",4425,12.53,511,1,-1.502,-1.03,-2.66,-0.083,-0.213,-0.103,-0.316,58.97,48.61
"2024-10-24 21:00:00",4426,12.53,511,1,-1.515,-1.11,-2.61,-0.089,-0.209,-0.114,-0.308,57.17,48.47
"2024-10-24 21:30:00",4427,12.52,511,1,-1.603,-1.27,-2.66,-0.102,-0.213,-0.118,-0.309,58.45,49.03
"2024-10-24 22:00:00",4428,12.52,511,1,-1.561,-1.19,-2.64,-0.096,-0.211,-0.115,-0.312,56.9,48.05
"2024-10-24 22:30:00",4429,12.52,511,1,-1.536,-1.14,-2.63,-0.092,-0.211,-0.111,-0.31,58.42,49.15
"2024-10-24 23:00:00",4430,12.51,511,1,-1.565,-1.19,-2.65,-0.096,-0.212,-0.115,-0.315,57.71,48.28
"2024-10-24 23:30:00",4431,12.51,511,1,-1.573,-1.19,-2.67,-0.096,-0.214,-0.118,-0.317,57.89,48.19
"2024-10-25 00:00:00",4432,12.51,511,1,-1.561,-1.18,-2.65,-0.095,-0.212,-0.115,-0.312,57.24,49.06
"2024-10-25 00:30:00",4433,12.51,511,1,-1.54,-1.16,-2.62,-0.093,-0.21,-0.116,-0.313,57.39,48.69
"2024-10-25 01:00:00",4434,12.5,511,1,-1.569,-1.21,-2.64,-0.097,-0.211,-0.121,-0.304,58.8,48.69
"2024-10-25 01:30:00",4435,12.5,511,1,-1.54,-1.13,-2.65,-0.091,-0.212,-0.113,-0.311,57.81,48.54
"2024-10-25 02:00:00",4436,12.5,511,1,-1.573,-1.16,-2.7,-0.093,-0.216,-0.113,-0.316,57.47,48.61
"2024-10-25 02:30:00",4437,12.49,511,1,-1.682,-1.4,-2.72,-0.112,-0.218,-0.128,-0.317,56.49,48.46
"2024-10-25 03:00:00",4438,12.49,511,1,-1.553,-1.18,-2.63,-0.095,-0.211,-0.117,-0.314,57.36,49.6
"2024-10-25 03:30:00",4439,12.49,511,1,-1.627,-1.29,-2.7,-0.104,-0.216,-0.123,-0.316,56.39,48.1
"2024-10-25 04:00:00",4440,12.49,511,1,-1.598,-1.25,-2.67,-0.101,-0.214,-0.123,-0.317,57.61,48.74
"2024-10-25 04:30:00",4441,12.48,511,1,-1.548,-1.16,-2.64,-0.093,-0.211,-0.116,-0.311,57.71,48.59
"2024-10-25 05:00:00",4442,12.48,511,1,-1.556,-1.15,-2.67,-0.092,-0.214,-0.117,-0.31,58.64,48.68
"2024-10-25 05:30:00",4443,12.48,511,1,-1.603,-1.28,-2.65,-0.103,-0.212,-0.116,-0.318,58.34,47.81
"2024-10-25 06:00:00",4444,12.48,511,1,-1.549,-1.19,-2.61,-0.096,-0.209,-0.116,-0.309,58.19,49.17
"2024-10-25 06:30:00",4445,12.47,511,1,-1.586,-1.23,-2.66,-0.099,-0.213,-0.118,-0.312,58.23,47.43
"2024-10-25 07:00:00",4446,12.47,511,1,-1.594,-1.22,-2.69,-0.098,-0.215,-0.12,-0.315,59.84,49.15
"2024-10-25 07:30:00",4447,12.47,511,1,-1.589,-1.18,-2.72,-0.095,-0.218,-0.114,-0.316,57.65,49.89
"2024-10-25 08:00:00",4448,12.47,511,1,-1.572,-1.12,-2.74,-0.09,-0.219,-0.11,-0.311,59.89,49.1
"2024-10-25 08:30:00",4449,12.47,511,1,-1.339,-0.95,-2.34,-0.077,-0.188,-0.094,-0.287,60.78,51.09
"2024-10-25 09:00:00",4450,12.47,511,1,-1.323,-1.15,-2.09,-0.093,-0.168,-99,-0.259,-99,53.05
"2024-10-25 09:30:00",4451,12.47,511,1,-1.487,-1.34,-2.3,-0.108,-0.184,-99,-0.275,-99,51.32
"2024-10-25 10:00:00",4452,12.47,511,1,-1.285,-1.07,-2.08,-0.086,-0.167,-0.096,-0.271,65.31,51.88
"2024-10-25 10:30:00",4453,12.48,511,1,-0.468,0.29,-1.47,0.023,-0.118,-99,-0.213,-99,55.29
"2024-10-25 11:00:00",4454,12.48,511,1,-0.931,-0.41,-1.89,-0.033,-0.152,-0.077,-0.245,54.02,53.5
"2024-10-25 11:30:00",4455,12.49,511,1,-0.971,-0.82,-1.56,-0.067,-0.125,-0.09,-0.25,57.46,50.29
"2024-10-25 12:00:00",4456,12.49,511,1,-0.826,-0.78,-1.24,-0.063,-0.1,-0.088,-0.224,62.52,51.03
"2024-10-25 12:30:00",4457,12.49,511,1,-0.257,-0.04,-0.6,-0.004,-0.049,-99,-99,-99,-99
"2024-10-25 13:00:00",4458,12.5,511,1,-0.444,-0.37,-0.72,-0.031,-0.058,-0.061,-0.219,58.19,50.76
"2024-10-25 13:30:00",4459,12.5,511,1,-0.158,0.11,-0.51,0.009,-0.041,-0.022,-0.2,59.36,52.6
"2024-10-25 14:00:00",4460,12.51,511,1,-0.035,0.21,-0.31,0.017,-0.026,-0.014,-0.184,60.05,53.55
"2024-10-25 14:30:00",4461,12.51,511,1,0.058,0.29,-0.16,0.023,-0.014,-0.014,-0.161,58.22,53.96
"2024-10-25 15:00:00",4462,12.51,511,1,-0.034,0.04,-0.13,0.003,-0.011,-0.032,-0.169,57.63,52.96
"2024-10-25 15:30:00",4463,12.51,511,1,0.209,0.62,-0.13,0.05,-0.011,0.011,-0.185,60.1,52.93
"2024-10-25 16:00:00",4464,12.51,511,1,0.198,0.68,-0.22,0.054,-0.018,0.017,-0.184,59.01,53.09
"2024-10-25 16:30:00",4465,12.51,511,1,0.096,0.61,-0.4,0.049,-0.033,0.008,-0.19,59.6,50.19
"2024-10-25 17:00:00",4466,12.51,511,1,-0.236,0.22,-0.82,0.017,-0.066,-0.019,-0.22,59.17,53.4
"2024-10-25 17:30:00",4467,12.51,511,1,-0.593,-0.17,-1.3,-0.015,-0.105,-0.048,-0.242,57.28,49.95
"2024-10-25 18:00:00",4468,12.51,511,1,-1.035,-0.6,-1.95,-0.048,-0.157,-0.081,-0.279,57.26,48.83
"2024-10-25 18:30:00",4469,12.5,511,1,-1.364,-0.99,-2.36,-0.079,-0.189,-0.099,-0.294,57.22,48.64
"2024-10-25 19:00:00",4470,12.5,511,1,-1.495,-1.11,-2.56,-0.089,-0.205,-0.114,-0.312,57.51,49.23
"2024-10-25 19:30:00",4471,12.5,511,1,-1.441,-1.03,-2.51,-0.083,-0.201,-0.108,-0.308,56.69,49.24
"2024-10-25 20:00:00",4472,12.5,511,1,-1.504,-1.15,-2.54,-0.093,-0.204,-0.112,-0.307,58.3,48.35
"2024-10-25 20:30:00",4473,12.49,511,1,-1.524,-1.15,-2.59,-0.093,-0.207,-0.115,-0.311,56.8,48.94
"2024-10-25 21:00:00",4474,12.49,511,1,-1.557,-1.2,-2.62,-0.096,-0.21,-0.116,-0.31,56.59,48.31
"2024-10-25 21:30:00",4475,12.48,511,1,-1.512,-1.14,-2.57,-0.091,-0.206,-0.111,-0.306,58.24,49.66
"2024-10-25 22:00:00",4476,12.48,511,1,-1.512,-1.17,-2.54,-0.094,-0.203,-0.116,-0.304,59.08,48.4
"2024-10-25 22:30:00",4477,12.48,511,1,-1.534,-1.23,-2.53,-0.099,-0.203,-0.121,-0.303,56.55,49.52
"2024-10-25 23:00:00",4478,12.47,511,1,-1.557,-1.21,-2.61,-0.097,-0.209,-0.119,-0.306,57.64,48.53
"2024-10-25 23:30:00",4479,12.48,511,1,-1.532,-1.12,-2.64,-0.09,-0.212,-0.112,-0.305,56.89,49.28
"2024-10-26 00:00:00",4480,12.47,511,1,-1.561,-1.21,-2.62,-0.097,-0.21,-0.116,-0.31,57.54,48.69
"2024-10-26 00:30:00",4481,12.47,511,1,-1.57,-1.23,-2.62,-0.099,-0.21,-0.118,-0.304,58.48,49.21
"2024-10-26 01:00:00",4482,12.47,511,1,-1.604,-1.33,-2.6,-0.107,-0.208,-0.123,-0.305,58.72,49.19
"2024-10-26 01:30:00",4483,12.47,511,1,-1.573,-1.2,-2.66,-0.096,-0.213,-0.116,-0.307,59.09,49.98
"2024-10-26 02:00:00",4484,12.47,511,1,-1.565,-1.21,-2.63,-0.097,-0.211,-0.116,-0.308,58.49,49.63
"2024-10-26 02:30:00",4485,12.47,511,1,-1.525,-1.19,-2.55,-0.096,-0.204,-0.115,-0.302,57.19,48.59
"2024-10-26 03:00:00",4486,12.46,511,1,-1.598,-1.25,-2.67,-0.1,-0.214,-0.119,-0.308,58.28,48.75
"2024-10-26 03:30:00",4487,12.46,511,1,-1.606,-1.23,-2.71,-0.099,-0.217,-0.118,-0.309,58.23,49.53
"2024-10-26 04:00:00",4488,12.46,511,1,-1.64,-1.31,-2.71,-0.105,-0.217,-0.121,-0.309,58.84,48.32
"2024-10-26 04:30:00",4489,12.46,511,1,-1.615,-1.3,-2.66,-0.105,-0.213,-0.121,-0.307,59.94,49.42
"2024-10-26 05:00:00",4490,12.46,511,1,-1.569,-1.21,-2.64,-0.097,-0.212,-0.113,-0.306,59.04,50.03
"2024-10-26 05:30:00",4491,12.46,511,1,-1.612,-1.31,-2.64,-0.105,-0.212,-0.121,-0.302,58.84,50.66
"2024-10-26 06:00:00",4492,12.46,511,1,-1.591,-1.27,-2.63,-0.102,-0.211,-0.121,-0.308,58.05,48.36
"2024-10-26 06:30:00",4493,12.46,511,1,-1.677,-1.35,-2.76,-0.109,-0.221,-0.128,-0.313,57.36,48.25
"2024-10-26 07:00:00",4494,12.46,511,1,-1.607,-1.3,-2.64,-0.105,-0.212,-0.118,-0.306,59.3,50.03
"2024-10-26 07:30:00",4495,12.46,511,1,-1.578,-1.25,-2.62,-0.101,-0.21,-0.12,-0.31,57.19,48.92
"2024-10-26 08:00:00",4496,12.46,511,1,-1.55,-1.24,-2.56,-0.099,-0.205,-0.116,-0.296,59.04,48.68
"2024-10-26 08:30:00",4497,12.46,511,1,-1.455,-1.1,-2.47,-0.088,-0.197,-0.103,-0.292,61.58,50.39
"2024-10-26 09:00:00",4498,12.46,511,1,-1.167,-0.96,-1.9,-0.077,-0.152,-99,-0.248,-99,52.64
"2024-10-26 09:30:00",4499,12.46,511,1,-1.103,-0.98,-1.72,-0.079,-0.138,-0.086,-0.244,66.86,52.77
"2024-10-26 10:00:00",4500,12.46,511,1,-0.967,-0.79,-1.58,-0.064,-0.127,-0.081,-0.238,61.89,53.06
"2024-10-26 10:30:00",4501,12.47,511,1,-0.627,-0.45,-1.09,-0.037,-0.088,-99,-0.196,-99,56.31
"2024-10-26 11:00:00",4502,12.47,511,1,-0.449,-0.2,-0.91,-0.017,-0.073,-0.072,-0.191,52.83,55.89
"2024-10-26 11:30:00",4503,12.47,511,1,-0.31,-0.1,-0.67,-0.009,-0.054,-0.046,-0.196,57.27,51.61
"2024-10-26 12:00:00",4504,12.48,511,1,-0.355,-0.31,-0.56,-0.026,-0.046,-0.043,-0.186,66.22,53.65
"2024-10-26 12:30:00",4505,12.48,511,1,-0.041,0.11,-0.22,0.009,-0.019,-99,-0.131,-99,61.69
"2024-10-26 13:00:00",4506,12.48,511,1,0.087,0.33,-0.13,0.026,-0.011,-0.014,-0.182,60.05,51.9
"2024-10-26 13:30:00",4507,12.48,511,1,0.338,0.67,0.14,0.053,0.011,0.011,-0.167,59.55,53.22
"2024-10-26 14:00:00",4508,12.48,511,1,0.257,0.65,-0.04,0.052,-0.004,0.014,-0.172,60.71,54.53
"2024-10-26 14:30:00",4509,12.48,511,1,0.244,0.58,0,0.046,0,0.003,-0.161,56.55,54.36
"2024-10-26 15:00:00",4510,12.48,511,1,0.23,0.5,0.05,0.04,0.004,0.006,-0.169,57.67,54.66
"2024-10-26 15:30:00",4511,12.48,511,1,0.37,0.88,0,0.07,0,0.025,-0.173,60.12,52.11
"2024-10-26 16:00:00",4512,12.48,511,1,0.183,0.74,-0.32,0.059,-0.026,0.011,-0.187,59.04,55.76
"2024-10-26 16:30:00",4513,12.48,511,1,0.067,0.55,-0.41,0.044,-0.034,0.006,-0.2,58.84,52.5
"2024-10-26 17:00:00",4514,12.48,511,1,-0.383,0.11,-1.07,0.009,-0.086,-0.028,-0.23,58.55,49.96
"2024-10-26 17:30:00",4515,12.47,511,1,-0.932,-0.44,-1.86,-0.036,-0.149,-0.063,-0.273,57.66,50.07
"2024-10-26 18:00:00",4516,12.47,511,1,-1.324,-0.96,-2.29,-0.077,-0.184,-0.103,-0.297,58.08,48.41
"2024-10-26 18:30:00",4517,12.47,511,1,-1.417,-0.99,-2.49,-0.08,-0.199,-0.105,-0.307,57.06,47.8
"2024-10-26 19:00:00",4518,12.46,511,1,-1.466,-1.05,-2.55,-0.085,-0.204,-0.107,-0.308,56.68,48.51
"2024-10-26 19:30:00",4519,12.46,511,1,-1.475,-1.08,-2.54,-0.087,-0.203,-0.112,-0.308,56.1,49.08
"2024-10-26 20:00:00",4520,12.45,511,1,-1.528,-1.17,-2.58,-0.094,-0.207,-0.116,-0.311,57.52,48.25
"2024-10-26 20:30:00",4521,12.45,511,1,-1.527,-1.1,-2.65,-0.089,-0.212,-0.114,-0.316,57.05,47.21
"2024-10-26 21:00:00",4522,12.45,511,1,-1.519,-1.1,-2.63,-0.089,-0.21,-0.114,-0.311,57.32,48.05
"2024-10-26 21:30:00",4523,12.44,511,1,-1.54,-1.16,-2.62,-0.094,-0.21,-0.116,-0.317,58.47,48.79
"2024-10-26 22:00:00",4524,12.44,511,1,-1.561,-1.21,-2.62,-0.098,-0.21,-0.119,-0.31,56.55,48.53
"2024-10-26 22:30:00",4525,12.44,511,1,-1.599,-1.29,-2.63,-0.104,-0.21,-0.123,-0.311,57.18,48.49
"2024-10-26 23:00:00",4526,12.43,511,1,-1.52,-1.17,-2.56,-0.094,-0.205,-0.114,-0.309,56.09,49.16
"2024-10-26 23:30:00",4527,12.43,511,1,-1.549,-1.18,-2.62,-0.095,-0.21,-0.115,-0.313,58.6,48.91
"2024-10-27 00:00:00",4528,12.43,511,1,-1.598,-1.24,-2.68,-0.1,-0.215,-0.122,-0.308,56.95,49.08
"2024-10-27 00:30:00",4529,12.42,511,1,-1.544,-1.16,-2.63,-0.093,-0.21,-0.121,-0.307,56.67,49.06
"2024-10-27 01:00:00",4530,12.42,511,1,-1.561,-1.21,-2.62,-0.097,-0.21,-0.113,-0.31,58.18,48.91
"2024-10-27 01:30:00",4531,12.42,511,1,-1.561,-1.18,-2.65,-0.095,-0.212,-0.114,-0.313,59.01,49.32
"2024-10-27 02:00:00",4532,12.41,511,1,-1.553,-1.19,-2.62,-0.096,-0.21,-0.115,-0.307,56.79,48.6
"2024-10-27 02:30:00",4533,12.41,511,1,-1.582,-1.22,-2.66,-0.098,-0.213,-0.117,-0.314,56.87,48.02
"2024-10-27 03:00:00",4534,12.41,511,1,-1.544,-1.15,-2.64,-0.093,-0.211,-0.115,-0.309,59.14,48.87
"2024-10-27 03:30:00",4535,12.41,511,1,-1.635,-1.26,-2.75,-0.101,-0.22,-0.12,-0.313,58.84,48.31
"2024-10-27 04:00:00",4536,12.41,511,1,-1.612,-1.31,-2.64,-0.105,-0.211,-0.122,-0.309,59.01,49.32
"2024-10-27 04:30:00",4537,12.41,511,1,-1.598,-1.22,-2.7,-0.098,-0.216,-0.115,-0.31,58.58,48.48
"2024-10-27 05:00:00",4538,12.41,511,1,-1.532,-1.14,-2.62,-0.092,-0.21,-0.114,-0.304,57.55,48.43
"2024-10-27 05:30:00",4539,12.4,511,1,-1.611,-1.28,-2.67,-0.103,-0.214,-0.12,-0.308,58.87,48.18
"2024-10-27 06:00:00",4540,12.4,511,1,-1.603,-1.29,-2.64,-0.104,-0.211,-0.12,-0.305,58.34,49.07
"2024-10-27 06:30:00",4541,12.4,511,1,-1.586,-1.26,-2.63,-0.101,-0.211,-0.12,-0.305,57.65,49.21
"2024-10-27 07:00:00",4542,12.4,511,1,-1.524,-1.15,-2.59,-0.093,-0.207,-0.118,-0.305,56.84,49.23
"2024-10-27 07:30:00",4543,12.4,511,1,-1.586,-1.26,-2.63,-0.101,-0.211,-0.121,-0.308,58.05,49.45
"2024-10-27 08:00:00",4544,12.4,511,1,-1.545,-1.17,-2.62,-0.094,-0.21,-0.111,-0.308,59.25,48.87
"2024-10-27 08:30:00",4545,12.4,511,1,-1.233,-0.87,-2.16,-0.07,-0.173,-0.085,-0.275,63.37,51.59
"2024-10-27 09:00:00",4546,12.4,511,1,-1.053,-0.66,-1.93,-0.054,-0.155,-99,-0.254,-99,51.63
"2024-10-27 09:30:00",4547,12.4,511,1,-1.116,-0.85,-1.89,-0.069,-0.151,-0.1,-0.255,56.76,50.15
"2024-10-27 10:00:00",4548,12.4,511,1,-1.029,-0.71,-1.82,-0.057,-0.146,-0.081,-0.253,58.11,50.66
"2024-10-27 10:30:00",4549,12.41,511,1,-0.844,-0.49,-1.59,-0.04,-0.127,-0.066,-0.23,60.33,53.72
"2024-10-27 11:00:00",4550,12.41,511,1,-0.682,-0.43,-1.25,-0.035,-0.1,-0.074,-0.21,53.25,53.31
"2024-10-27 11:30:00",4551,12.41,511,1,-0.939,-0.8,-1.5,-0.064,-0.121,-0.082,-0.244,59.47,51.2
"2024-10-27 12:00:00",4552,12.42,511,1,-0.889,-0.71,-1.47,-0.057,-0.118,-0.08,-0.243,61.54,51.44
"2024-10-27 12:30:00",4553,12.41,511,1,-0.342,0.15,-1.01,0.012,-0.081,-99,-0.19,-99,56.81
"2024-10-27 13:00:00",4554,12.42,511,1,-0.566,-0.21,-1.19,-0.018,-0.096,-0.053,-0.234,57.7,49.69
"2024-10-27 13:30:00",4555,12.42,511,1,-0.532,-0.32,-0.99,-0.027,-0.08,-0.054,-0.225,58.99,50.56
"2024-10-27 14:00:00",4556,12.42,511,1,-0.337,0,-0.84,0,-0.068,-0.037,-0.211,58.29,50.53
"2024-10-27 14:30:00",4557,12.42,511,1,-0.433,-0.21,-0.86,-0.017,-0.07,-0.045,-0.211,61.95,50.86
"2024-10-27 15:00:00",4558,12.42,511,1,-0.4,-0.17,-0.82,-0.015,-0.066,-0.048,-0.211,59.36,53.02
"2024-10-27 15:30:00",4559,12.42,511,1,-0.369,-0.03,-0.89,-0.003,-0.072,-0.036,-0.215,58.84,51.24
"2024-10-27 16:00:00",4560,12.42,511,1,-0.27,0.11,-0.79,0.009,-0.064,-0.025,-0.217,59.21,50.52
"2024-10-27 16:30:00",4561,12.41,511,1,-0.356,0.04,-0.93,0.003,-0.075,-0.028,-0.22,59.37,51.61
"2024-10-27 17:00:00",4562,12.41,511,1,-0.453,0.04,-1.17,0.003,-0.094,-0.031,-0.234,59.33,51.31
"2024-10-27 17:30:00",4563,12.41,511,1,-0.893,-0.5,-1.7,-0.041,-0.136,-0.07,-0.262,57.93,50.33
"2024-10-27 18:00:00",4564,12.41,511,1,-1.09,-0.73,-1.95,-0.059,-0.157,-0.086,-0.277,58.1,49.25
"2024-10-27 18:30:00",4565,12.41,511,1,-1.421,-1.02,-2.47,-0.082,-0.198,-0.108,-0.303,56.48,47.47
"2024-10-27 19:00:00",4566,12.4,511,1,-1.462,-1.03,-2.56,-0.083,-0.205,-0.106,-0.306,57.45,49.27
"2024-10-27 19:30:00",4567,12.4,511,1,-1.442,-1.07,-2.47,-0.086,-0.198,-0.109,-0.307,56.43,47.31
"2024-10-27 20:00:00",4568,12.4,511,1,-1.57,-1.26,-2.59,-0.101,-0.208,-0.12,-0.312,57.47,48.03
"2024-10-27 20:30:00",4569,12.39,511,1,-1.487,-1.1,-2.55,-0.088,-0.204,-0.111,-0.309,57.07,49.31
"2024-10-27 21:00:00",4570,12.39,511,1,-1.482,-1.06,-2.58,-0.085,-0.207,-0.108,-0.308,57.38,49.51
"2024-10-27 21:30:00",4571,12.38,511,1,-1.506,-1.06,-2.64,-0.085,-0.211,-0.108,-0.309,58.58,48.47
"2024-10-27 22:00:00",4572,12.38,511,1,-1.482,-1.05,-2.59,-0.084,-0.208,-0.11,-0.309,56.77,48.32
"2024-10-27 22:30:00",4573,12.38,511,1,-1.544,-1.16,-2.63,-0.094,-0.21,-0.113,-0.308,58.71,48.33
"2024-10-27 23:00:00",4574,12.37,511,1,-1.545,-1.17,-2.62,-0.094,-0.21,-0.113,-0.311,57.92,48.64
"2024-10-27 23:30:00",4575,12.37,511,1,-1.494,-1.02,-2.65,-0.082,-0.212,-0.11,-0.313,56.97,48.79
"2024-10-28 00:00:00",4576,12.37,511,1,-1.552,-1.16,-2.65,-0.094,-0.212,-0.122,-0.313,56.11,47.92
"2024-10-28 00:30:00",4577,12.37,511,1,-1.586,-1.23,-2.66,-0.099,-0.213,-0.121,-0.317,56.74,48.96
"2024-10-28 01:00:00",4578,12.36,511,1,-1.514,-1.06,-2.66,-0.085,-0.213,-0.108,-0.317,57.67,48.65
"2024-10-28 01:30:00",4579,12.36,511,1,-1.556,-1.15,-2.67,-0.093,-0.214,-0.112,-0.311,57.43,48.56
"2024-10-28 02:00:00",4580,12.36,511,1,-1.593,-1.2,-2.71,-0.096,-0.217,-0.116,-0.311,57.13,47.84
"2024-10-28 02:30:00",4581,12.36,511,1,-1.594,-1.21,-2.7,-0.097,-0.216,-0.116,-0.314,57.62,48.34
"2024-10-28 03:00:00",4582,12.35,511,1,-1.569,-1.19,-2.66,-0.096,-0.213,-0.118,-0.307,58.92,48.39
"2024-10-28 03:30:00",4583,12.35,511,1,-1.552,-1.15,-2.66,-0.093,-0.213,-0.118,-0.313,56.42,48.39
"2024-10-28 04:00:00",4584,12.35,511,1,-1.59,-1.23,-2.67,-0.099,-0.214,-0.121,-0.314,56.73,48.12
"2024-10-28 04:30:00",4585,12.35,511,1,-1.585,-1.2,-2.69,-0.097,-0.215,-0.122,-0.312,56.05,48.02
"2024-10-28 05:00:00",4586,12.34,511,1,-1.643,-1.27,-2.76,-0.102,-0.221,-0.124,-0.314,58.05,48.76
"2024-10-28 05:30:00",4587,12.34,511,1,-1.539,-1.11,-2.67,-0.089,-0.214,-0.109,-0.308,57.38,48.66
"2024-10-28 06:00:00",4588,12.34,511,1,-1.544,-1.13,-2.66,-0.091,-0.213,-0.111,-0.31,59.68,48.3
"2024-10-28 06:30:00",4589,12.34,511,1,-1.577,-1.21,-2.66,-0.097,-0.213,-0.119,-0.311,57.68,48.39
"2024-10-28 07:00:00",4590,12.34,511,1,-1.565,-1.18,-2.66,-0.095,-0.213,-0.117,-0.31,57.67,47.81
"2024-10-28 07:30:00",4591,12.34,511,1,-1.59,-1.22,-2.68,-0.098,-0.215,-0.115,-0.309,58.05,49.18
"2024-10-28 08:00:00",4592,12.33,511,1,-1.597,-1.17,-2.75,-0.094,-0.22,-0.114,-0.314,58.33,49.04
"2024-10-28 08:30:00",4593,12.33,511,1,-1.552,-1.14,-2.67,-0.092,-0.213,-0.106,-0.298,59.42,49.31
"2024-10-28 09:00:00",4594,12.33,511,1,-1.36,-0.95,-2.39,-0.077,-0.191,-0.097,-0.275,61.68,51.32
"2024-10-28 09:30:00",4595,12.34,511,1,-1.201,-0.87,-2.08,-0.07,-0.167,-0.088,-0.263,59.73,51.44
"2024-10-28 10:00:00",4596,12.34,511,1,-1.326,-1.09,-2.16,-0.088,-0.173,-0.108,-0.265,60.78,51.67
"2024-10-28 10:30:00",4597,12.35,511,1,-1.137,-0.87,-1.92,-0.07,-0.154,-0.094,-0.246,60.96,53.78
"2024-10-28 11:00:00",4598,12.36,511,1,-1.053,-0.9,-1.68,-0.073,-0.135,-0.105,-0.231,55.64,54.13
"2024-10-28 11:30:00",4599,12.36,511,1,-1.531,-1.97,-1.75,-0.158,-0.141,-99,-0.246,-99,51.92
"2024-10-28 12:00:00",4600,12.37,511,1,-0.287,0.32,-1.05,0.026,-0.085,-99,-0.208,-99,52.52
"2024-10-28 12:30:00",4601,12.37,511,1,-0.219,0.29,-0.85,0.023,-0.068,-99,-0.181,-99,56.27
"2024-10-28 13:00:00",4602,12.38,511,1,-0.294,0.15,-0.89,0.012,-0.072,-0.026,-0.219,59.15,51
"2024-10-28 13:30:00",4603,12.38,511,1,-0.367,-0.13,-0.78,-0.011,-0.063,-0.043,-0.209,60.28,51.45
"2024-10-28 14:00:00",4604,12.39,511,1,-0.309,-0.03,-0.74,-0.003,-0.059,-0.037,-0.206,59.71,52.13
"2024-10-28 14:30:00",4605,12.38,511,1,-0.426,-0.24,-0.81,-0.02,-0.065,-0.047,-0.204,59.92,52.07
"2024-10-28 15:00:00",4606,12.39,511,1,-0.111,0.26,-0.55,0.021,-0.044,-0.017,-0.195,58.4,52.06
"2024-10-28 15:30:00",4607,12.38,511,1,-0.115,0.25,-0.55,0.02,-0.044,-0.008,-0.199,59.57,51.15
"2024-10-28 16:00:00",4608,12.38,511,1,-0.154,0.29,-0.69,0.024,-0.056,-0.011,-0.207,58.98,51.54
"2024-10-28 16:30:00",4609,12.38,511,1,-0.171,0.29,-0.73,0.023,-0.059,-0.008,-0.209,60.27,52.68
"2024-10-28 17:00:00",4610,12.38,511,1,-0.634,-0.21,-1.36,-0.018,-0.109,-0.045,-0.241,58.98,50.55
"2024-10-28 17:30:00",4611,12.38,511,1,-0.967,-0.58,-1.8,-0.047,-0.144,-0.077,-0.266,57.99,49.98
"2024-10-28 18:00:00",4612,12.38,511,1,-1.311,-0.93,-2.29,-0.075,-0.184,-0.101,-0.294,57.77,49.5
"2024-10-28 18:30:00",4613,12.38,511,1,-1.458,-1.08,-2.5,-0.087,-0.2,-0.111,-0.305,56.63,47.93
"2024-10-28 19:00:00",4614,12.37,511,1,-1.499,-1.12,-2.56,-0.09,-0.205,-0.112,-0.306,57.43,48.99
"2024-10-28 19:30:00",4615,12.37,511,1,-1.479,-1.12,-2.51,-0.09,-0.201,-0.118,-0.306,55.99,48.38
"2024-10-28 20:00:00",4616,12.36,511,1,-1.504,-1.15,-2.54,-0.092,-0.203,-0.115,-0.305,56.66,48.48
"2024-10-28 20:30:00",4617,12.36,511,1,-1.511,-1.11,-2.6,-0.09,-0.208,-0.112,-0.309,56.78,48.34
"2024-10-28 21:00:00",4618,12.36,511,1,-1.499,-1.1,-2.58,-0.089,-0.207,-0.114,-0.308,56.15,48.96
"2024-10-28 21:30:00",4619,12.35,511,1,-1.515,-1.1,-2.62,-0.089,-0.21,-0.111,-0.311,56.26,49.07
"2024-10-28 22:00:00",4620,12.35,511,1,-1.536,-1.16,-2.61,-0.093,-0.209,-0.116,-0.307,58.06,48.63
"2024-10-28 22:30:00",4621,12.35,511,1,-1.54,-1.13,-2.65,-0.091,-0.212,-0.116,-0.307,56.46,49.85
"2024-10-28 23:00:00",4622,12.35,511,1,-1.512,-1.14,-2.57,-0.091,-0.206,-0.111,-0.308,58.87,48.08
"2024-10-28 23:30:00",4623,12.34,511,1,-1.586,-1.23,-2.66,-0.099,-0.213,-0.119,-0.307,57.86,48.59
"2024-10-29 00:00:00",4624,12.34,511,1,-1.546,-1.22,-2.57,-0.098,-0.206,-0.123,-0.304,56.58,49.39
"2024-10-29 00:30:00",4625,12.34,511,1,-1.578,-1.22,-2.65,-0.098,-0.212,-0.121,-0.31,56.38,47.78
"2024-10-29 01:00:00",4626,12.33,511,1,-1.598,-1.25,-2.67,-0.1,-0.214,-0.123,-0.312,57.45,48.17
"2024-10-29 01:30:00",4627,12.33,511,1,-1.557,-1.2,-2.62,-0.096,-0.21,-0.116,-0.308,57.13,48.01
"2024-10-29 02:00:00",4628,12.33,511,1,-1.54,-1.14,-2.64,-0.091,-0.211,-0.117,-0.309,56.16,48.13
"2024-10-29 02:30:00",4629,12.33,511,1,-1.648,-1.33,-2.71,-0.107,-0.217,-0.126,-0.311,57.91,49.05
"2024-10-29 03:00:00",4630,12.32,511,1,-1.557,-1.18,-2.64,-0.095,-0.211,-0.115,-0.313,58.34,48.9
"2024-10-29 03:30:00",4631,12.32,511,1,-1.561,-1.18,-2.65,-0.095,-0.212,-0.118,-0.311,58.5,48.8
"2024-10-29 04:00:00",4632,12.32,511,1,-1.556,-1.16,-2.66,-0.094,-0.213,-0.113,-0.311,57.58,48.04
"2024-10-29 04:30:00",4633,12.32,511,1,-1.569,-1.18,-2.67,-0.095,-0.214,-0.114,-0.308,57,48.71
"2024-10-29 05:00:00",4634,12.32,511,1,-1.532,-1.13,-2.63,-0.091,-0.21,-0.114,-0.312,58.21,48.51
"2024-10-29 05:30:00",4635,12.31,511,1,-1.62,-1.31,-2.66,-0.105,-0.213,-0.121,-0.307,58.84,48.72
"2024-10-29 06:00:00",4636,12.31,511,1,-1.631,-1.3,-2.7,-0.104,-0.216,-0.123,-0.314,58.05,48.35
"2024-10-29 06:30:00",4637,12.31,511,1,-1.599,-1.26,-2.66,-0.101,-0.213,-0.123,-0.307,57.48,48.77
"2024-10-29 07:00:00",4638,12.31,511,1,-1.515,-1.08,-2.64,-0.087,-0.211,-0.11,-0.309,56.33,48.3
"2024-10-29 07:30:00",4639,12.31,511,1,-1.607,-1.26,-2.68,-0.101,-0.215,-0.118,-0.31,57.28,49.25
"2024-10-29 08:00:00",4640,12.31,511,1,-1.561,-1.21,-2.62,-0.098,-0.21,-0.114,-0.309,58.68,49.66
"2024-10-29 08:30:00",4641,12.31,511,1,-1.488,-1.13,-2.52,-0.091,-0.202,-0.108,-0.295,60.83,50.71
"2024-10-29 09:00:00",4642,12.31,511,1,-1.283,-0.93,-2.22,-0.075,-0.178,-0.09,-0.264,62.68,51.89
"2024-10-29 09:30:00",4643,12.31,511,1,-1.428,-1.19,-2.31,-0.096,-0.185,-0.113,-0.276,62.58,52.48
"2024-10-29 10:00:00",4644,12.31,511,1,-1.147,-0.99,-1.82,-0.079,-0.146,-0.091,-0.243,61.83,52.98
"2024-10-29 10:30:00",4645,12.32,511,1,-1.039,-0.8,-1.75,-0.065,-0.14,-0.088,-0.227,63.55,54.55
"2024-10-29 11:00:00",4646,12.33,511,1,-0.81,-0.57,-1.42,-0.047,-0.114,-0.085,-0.212,55.29,55.6
"2024-10-29 11:30:00",4647,12.34,511,1,-0.848,-0.7,-1.38,-0.056,-0.111,-99,-0.215,-99,55.24
"2024-10-29 12:00:00",4648,12.34,511,1,-0.049,0.57,-0.72,0.046,-0.058,0.02,-0.185,64.47,54.81
"2024-10-29 12:30:00",4649,12.35,511,1,-0.346,-0.05,-0.81,-0.005,-0.066,-99,-0.179,-99,56.24
"2024-10-29 13:00:00",4650,12.35,511,1,-0.475,-0.3,-0.87,-0.024,-0.07,-0.045,-0.206,62.58,52.24
"2024-10-29 13:30:00",4651,12.35,511,1,-0.19,0.11,-0.59,0.008,-0.048,-0.022,-0.191,61.8,53.8
"2024-10-29 14:00:00",4652,12.36,511,1,-0.261,-0.06,-0.59,-0.006,-0.048,-0.03,-0.195,61.59,52.18
"2024-10-29 14:30:00",4653,12.36,511,1,-0.374,-0.07,-0.86,-0.006,-0.07,-0.048,-0.205,56.6,53.17
"2024-10-29 15:00:00",4654,12.36,511,1,-0.427,-0.1,-0.96,-0.009,-0.077,-0.043,-0.214,59.01,51.84
"2024-10-29 15:30:00",4655,12.36,511,1,-0.28,0.03,-0.73,0.003,-0.059,-0.024,-0.202,61.39,52.97
"2024-10-29 16:00:00",4656,12.36,511,1,-0.426,-0.03,-1.03,-0.003,-0.083,-0.032,-0.225,58.26,51.5
"2024-10-29 16:30:00",4657,12.36,511,1,-0.471,-0.06,-1.11,-0.006,-0.089,-0.034,-0.223,60.03,51.87
"2024-10-29 17:00:00",4658,12.36,511,1,-0.811,-0.4,-1.6,-0.032,-0.128,-0.063,-0.252,59.13,51.54
"2024-10-29 17:30:00",4659,12.35,511,1,-1.156,-0.83,-2.01,-0.067,-0.161,-0.091,-0.275,58.04,50.6
"2024-10-29 18:00:00",4660,12.35,511,1,-1.377,-1.02,-2.36,-0.082,-0.189,-0.105,-0.294,57.31,49.14
"2024-10-29 18:30:00",4661,12.35,511,1,-1.488,-1.14,-2.51,-0.092,-0.201,-0.117,-0.303,56.45,49.42
"2024-10-29 19:00:00",4662,12.35,511,1,-1.557,-1.18,-2.64,-0.095,-0.211,-0.118,-0.313,57.35,48.66
"2024-10-29 19:30:00",4663,12.35,511,1,-1.55,-1.22,-2.58,-0.098,-0.207,-0.121,-0.306,57.78,49.34
"2024-10-29 20:00:00",4664,12.34,511,1,-1.557,-1.19,-2.63,-0.096,-0.21,-0.115,-0.309,57.63,47.94
"2024-10-29 20:30:00",4665,12.34,511,1,-1.578,-1.25,-2.62,-0.1,-0.21,-0.123,-0.308,56.91,49.46
"2024-10-29 21:00:00",4666,12.33,511,1,-1.598,-1.25,-2.67,-0.101,-0.214,-0.12,-0.309,58.31,48.36
"2024-10-29 21:30:00",4667,12.33,511,1,-1.549,-1.18,-2.62,-0.095,-0.21,-0.115,-0.308,58.33,49.32
"2024-10-29 22:00:00",4668,12.33,511,1,-1.569,-1.2,-2.65,-0.096,-0.212,-0.119,-0.311,57.6,48.33
"2024-10-29 22:30:00",4669,12.33,511,1,-1.599,-1.3,-2.62,-0.104,-0.21,-0.121,-0.305,57.79,49.51
"2024-10-29 23:00:00",4670,12.32,511,1,-1.534,-1.23,-2.53,-0.099,-0.203,-0.116,-0.303,56.86,49.25
"2024-10-29 23:30:00",4671,12.32,511,1,-1.57,-1.25,-2.6,-0.1,-0.208,-0.12,-0.304,58.21,48.94
"2024-10-30 00:00:00",4672,12.32,511,1,-1.61,-1.25,-2.7,-0.1,-0.216,-0.117,-0.308,56.97,48.53
"2024-10-30 00:30:00",4673,12.32,511,1,-1.594,-1.25,-2.66,-0.101,-0.213,-0.12,-0.312,58.05,49.62
"2024-10-30 01:00:00",4674,12.31,511,1,-1.619,-1.3,-2.67,-0.104,-0.214,-0.121,-0.309,57.74,48.05
"2024-10-30 01:30:00",4675,12.31,511,1,-1.578,-1.23,-2.64,-0.099,-0.211,-0.122,-0.311,58.07,49.79
"2024-10-30 02:00:00",4676,12.31,511,1,-1.589,-1.2,-2.7,-0.097,-0.216,-0.119,-0.311,58.42,48.89
"2024-10-30 02:30:00",4677,12.31,511,1,-1.574,-1.25,-2.61,-0.1,-0.209,-0.12,-0.308,57.14,48.69
"2024-10-30 03:00:00",4678,12.31,511,1,-1.595,-1.27,-2.64,-0.102,-0.211,-0.122,-0.307,58.71,49.02
"2024-10-30 03:30:00",4679,12.31,511,1,-1.619,-1.3,-2.67,-0.104,-0.214,-0.121,-0.306,58.64,48.95
"2024-10-30 04:00:00",4680,12.31,511,1,-1.61,-1.25,-2.7,-0.101,-0.216,-0.12,-0.302,58,49.98
"2024-10-30 04:30:00",4681,12.31,511,1,-1.607,-1.27,-2.67,-0.102,-0.214,-0.119,-0.303,58,49.56
"2024-10-30 05:00:00",4682,12.31,511,1,-1.583,-1.27,-2.61,-0.102,-0.209,-0.121,-0.302,58.97,49.29
"2024-10-30 05:30:00",4683,12.3,511,1,-1.582,-1.23,-2.65,-0.099,-0.212,-0.121,-0.305,58.63,48.94
"2024-10-30 06:00:00",4684,12.3,511,1,-1.594,-1.26,-2.65,-0.101,-0.212,-0.121,-0.305,57.99,49.56
"2024-10-30 06:30:00",4685,12.3,511,1,-1.594,-1.26,-2.65,-0.101,-0.212,-0.121,-0.305,59.03,50.44
"2024-10-30 07:00:00",4686,12.3,511,1,-1.61,-1.24,-2.71,-0.1,-0.217,-0.119,-0.31,57.77,48.5
"2024-10-30 07:30:00",4687,12.3,511,1,-1.583,-1.27,-2.61,-0.102,-0.209,-0.119,-0.302,58.29,48.76
"2024-10-30 08:00:00",4688,12.31,511,1,-1.594,-1.24,-2.67,-0.1,-0.214,-0.119,-0.3,58.77,49.92
"2024-10-30 08:30:00",4689,12.3,511,1,-1.496,-1.14,-2.53,-0.092,-0.202,-0.103,-0.29,62.42,51.07
"2024-10-30 09:00:00",4690,12.3,511,1,-1.366,-1.1,-2.25,-0.088,-0.18,-0.106,-0.273,60.04,52.18
"2024-10-30 09:30:00",4691,12.31,511,1,-1.29,-1.11,-2.05,-0.089,-0.164,-99,-0.262,-99,51.51
"2024-10-30 10:00:00",4692,12.31,511,1,-0.927,-0.6,-1.68,-0.049,-0.135,-0.072,-0.24,60.31,53.14
"2024-10-30 10:30:00",4693,12.31,511,1,-0.685,-0.57,-1.11,-0.046,-0.089,-0.073,-0.198,62.37,53.95
"2024-10-30 11:00:00",4694,12.32,511,1,-0.3,-0.18,-0.56,-0.015,-0.046,-0.074,-0.185,51.8,54.35
"2024-10-30 11:30:00",4695,12.32,511,1,-0.015,0.24,-0.29,0.019,-0.024,-0.011,-0.154,61.23,54.9
"2024-10-30 12:00:00",4696,12.33,511,1,0.152,0.2,0.17,0.016,0.014,-0.003,-0.128,64.32,57.99
"2024-10-30 12:30:00",4697,12.33,511,1,0.501,1,0.2,0.08,0.016,0.043,-0.111,63.29,61.11
"2024-10-30 13:00:00",4698,12.33,511,1,0.279,0.5,0.17,0.04,0.014,0.018,-0.129,65.9,56.41
"2024-10-30 13:30:00",4699,12.34,511,1,0.642,1,0.55,0.08,0.044,0.04,-0.134,60.2,53.87
"2024-10-30 14:00:00",4700,12.34,511,1,0.284,0.59,0.09,0.047,0.007,0.022,-0.16,62.32,53.49
"2024-10-30 14:30:00",4701,12.34,511,1,0.156,0.41,-0.04,0.033,-0.004,-0.003,-0.155,60.45,54.12
"2024-10-30 15:00:00",4702,12.34,511,1,0.298,0.66,0.05,0.053,0.004,0.014,-0.153,60.81,54.48
"2024-10-30 15:30:00",4703,12.34,511,1,0.25,0.67,-0.08,0.054,-0.007,0.022,-0.158,63.27,55.02
"2024-10-30 16:00:00",4704,12.34,511,1,0.186,0.7,-0.27,0.056,-0.022,0.02,-0.178,59.42,52.52
"2024-10-30 16:30:00",4705,12.34,511,1,-0.328,0.04,-0.86,0.003,-0.07,-0.032,-0.226,58.72,50.06
"2024-10-30 17:00:00",4706,12.34,511,1,-0.598,-0.22,-1.26,-0.018,-0.101,-0.044,-0.238,58.38,50.96
"2024-10-30 17:30:00",4707,12.34,511,1,-1.074,-0.73,-1.91,-0.059,-0.153,-0.087,-0.274,57.21,48.38
"2024-10-30 18:00:00",4708,12.33,511,1,-1.377,-1.01,-2.37,-0.081,-0.19,-0.107,-0.303,57.39,48.4
"2024-10-30 18:30:00",4709,12.33,511,1,-1.499,-1.11,-2.57,-0.09,-0.205,-0.113,-0.313,56.68,48.52
"2024-10-30 19:00:00",4710,12.32,511,1,-1.528,-1.14,-2.61,-0.092,-0.209,-0.117,-0.313,57.59,48.08
"2024-10-30 19:30:00",4711,12.32,511,1,-1.463,-1.1,-2.49,-0.088,-0.199,-0.109,-0.305,55.98,48.65
"2024-10-30 20:00:00",4712,12.31,511,1,-1.57,-1.23,-2.62,-0.099,-0.21,-0.118,-0.309,58.01,49.43
"2024-10-30 20:30:00",4713,12.31,511,1,-1.496,-1.15,-2.52,-0.092,-0.201,-0.112,-0.306,58.34,47.99
"2024-10-30 21:00:00",4714,12.31,511,1,-1.541,-1.19,-2.59,-0.096,-0.208,-0.113,-0.305,57.7,49.12
"2024-10-30 21:30:00",4715,12.31,511,1,-1.521,-1.19,-2.54,-0.096,-0.203,-0.108,-0.298,63.54,50.54
"2024-10-30 22:00:00",4716,12.3,511,1,-1.545,-1.19,-2.6,-0.096,-0.208,-0.118,-0.302,59.08,49.98
"2024-10-30 22:30:00",4717,12.3,511,1,-1.504,-1.17,-2.52,-0.094,-0.201,-0.111,-0.303,58.56,49.16
"2024-10-30 23:00:00",4718,12.3,511,1,-1.557,-1.2,-2.62,-0.096,-0.21,-0.113,-0.3,59.81,49.46
"2024-10-30 23:30:00",4719,12.3,511,1,-1.508,-1.17,-2.53,-0.094,-0.203,-0.114,-0.301,59.3,49.48
"2024-10-31 00:00:00",4720,12.3,511,1,-1.549,-1.21,-2.59,-0.097,-0.207,-0.118,-0.298,58.67,49.26
"2024-10-31 00:30:00",4721,12.3,511,1,-1.542,-1.25,-2.53,-0.1,-0.203,-0.117,-0.301,57.47,49.05
"2024-10-31 01:00:00",4722,12.3,511,1,-1.603,-1.29,-2.64,-0.104,-0.211,-0.121,-0.302,59,50.73
"2024-10-31 01:30:00",4723,12.3,511,1,-1.549,-1.21,-2.59,-0.097,-0.207,-0.117,-0.302,59.64,48.73
"2024-10-31 02:00:00",4724,12.29,511,1,-1.623,-1.29,-2.69,-0.104,-0.215,-0.123,-0.305,59.45,50.2
"2024-10-31 02:30:00",4725,12.3,511,1,-1.55,-1.22,-2.58,-0.098,-0.207,-0.115,-0.298,58.81,50.96
"2024-10-31 03:00:00",4726,12.29,511,1,-1.595,-1.27,-2.64,-0.102,-0.212,-0.119,-0.305,59.8,48.47
"2024-10-31 03:30:00",4727,12.29,511,1,-1.513,-1.18,-2.53,-0.095,-0.202,-0.115,-0.299,57.88,49.04
"2024-10-31 04:00:00",4728,12.29,511,1,-1.533,-1.22,-2.54,-0.098,-0.204,-0.121,-0.302,57,48.84
"2024-10-31 04:30:00",4729,12.29,511,1,-1.587,-1.27,-2.62,-0.102,-0.21,-0.119,-0.304,58.72,49.31
"2024-10-31 05:00:00",4730,12.29,511,1,-1.562,-1.26,-2.57,-0.102,-0.206,-0.118,-0.3,58.04,49.88
"2024-10-31 05:30:00",4731,12.29,511,1,-1.565,-1.2,-2.64,-0.096,-0.211,-0.116,-0.305,57.35,49.5
"2024-10-31 06:00:00",4732,12.29,511,1,-1.553,-1.17,-2.64,-0.094,-0.211,-0.114,-0.305,58.28,49.7
"2024-10-31 06:30:00",4733,12.29,511,1,-1.602,-1.24,-2.69,-0.1,-0.215,-0.12,-0.309,56.84,48.41
"2024-10-31 07:00:00",4734,12.28,511,1,-1.549,-1.2,-2.6,-0.096,-0.208,-0.119,-0.304,57.69,49
"2024-10-31 07:30:00",4735,12.28,511,1,-1.537,-1.19,-2.58,-0.096,-0.207,-0.119,-0.301,58.68,49
"2024-10-31 08:00:00",4736,12.28,511,1,-1.524,-1.13,-2.61,-0.091,-0.209,-0.111,-0.303,59.29,49.2
"2024-10-31 08:30:00",4737,12.28,511,1,-1.365,-1.03,-2.32,-0.083,-0.186,-0.098,-0.283,63.54,50.12
"2024-10-31 09:00:00",4738,12.28,511,1,-1.129,-0.89,-1.88,-0.072,-0.151,-0.087,-0.251,59.36,52.35
"2024-10-31 09:30:00",4739,12.28,511,1,-1.244,-1.22,-1.82,-0.098,-0.146,-99,-0.24,-99,52.13
"2024-10-31 10:00:00",4740,12.28,511,1,-0.648,-0.33,-1.27,-0.027,-0.102,-0.05,-0.215,60.41,53.66
"2024-10-31 10:30:00",4741,12.28,511,1,-0.652,-0.51,-1.09,-0.041,-0.087,-0.073,-0.203,56.39,56.44
"2024-10-31 11:00:00",4742,12.29,511,1,-0.5,-0.59,-0.63,-0.048,-0.051,-0.074,-0.187,57.14,54.54
"2024-10-31 11:30:00",4743,12.29,511,1,-0.013,0.34,-0.39,0.027,-0.032,-0.012,-0.163,61.4,55.49
"2024-10-31 12:00:00",4744,12.29,511,1,-0.306,-0.28,-0.47,-0.023,-0.038,-99,-0.163,-99,57.34
"2024-10-31 12:30:00",4745,12.3,511,1,-0.294,-0.52,-0.19,-0.042,-0.016,-0.055,-0.125,55.74,58.53
"2024-10-31 13:00:00",4746,12.3,511,1,0.04,0.22,-0.13,0.017,-0.011,-0.006,-0.147,63.64,54.98
"2024-10-31 13:30:00",4747,12.3,511,1,0.142,0.51,-0.18,0.04,-0.015,0.008,-0.16,63.75,54.36
"2024-10-31 14:00:00",4748,12.3,511,1,0.023,0.36,-0.32,0.029,-0.026,0.003,-0.177,64.23,53.19
"2024-10-31 14:30:00",4749,12.3,511,1,-0.085,0.15,-0.37,0.012,-0.03,-0.023,-0.179,58.85,52.11
"2024-10-31 15:00:00",4750,12.31,511,1,0.023,0.36,-0.32,0.028,-0.027,-0.015,-0.182,57.88,54.87
"2024-10-31 15:30:00",4751,12.3,511,1,0.123,0.56,-0.28,0.045,-0.023,0.003,-0.177,60.01,53.53
"2024-10-31 16:00:00",4752,12.3,511,1,0.037,0.5,-0.43,0.04,-0.035,0,-0.184,59.84,53.51
