"TOA5","CR300Series_410","CR300","5798","CR300.Std.11.00","CPU:CR300_sapflow.CR300","32345","Table1"
"TIMESTAMP","RECORD","BattV_Min","id","SDI0","SapFlwTot0","VhOuter0","VhInner0","AlphaOut0","AlphaIn0","BetaOut0","BetaIn0","tMaxTout0","tMaxTin0"
"TS","RN","Volts","","","literPerHour","heatVelocity","heatVelocity","logTRatio","logTRatio","logTRatio","logTRatio","second","second"
"","","Min","Smp","Smp","Smp","Smp","Smp","Smp","Smp","Smp","Smp","Smp","Smp"
"2024-10-13 13:30:00",5568,13.22,410,0,0.385,2.34,9.14,0.207,0.809,0.175,0.676,64.89,53.76
"2024-10-13 14:00:00",5569,13.15,410,0,0.377,2.3,8.95,0.204,0.792,0.169,0.66,64.65,55.09
"2024-10-13 14:30:00",5570,13.15,410,0,0.348,1.96,8.46,0.173,0.748,0.147,0.622,65.51,51.76
"2024-10-13 15:00:00",5571,13.14,410,0,0.339,1.85,8.32,0.164,0.736,0.135,0.62,63.78,55.15
"2024-10-13 15:30:00",5572,13.14,410,0,0.345,1.95,8.38,0.173,0.741,0.137,0.605,63.57,54.68
"2024-10-13 16:00:00",5573,13.14,410,0,0.33,1.94,7.93,0.172,0.702,0.134,0.575,63.4,51.16
"2024-10-13 16:30:00",5574,13.14,410,0,0.296,1.7,7.17,0.15,0.635,0.116,0.517,64.34,53.78
"2024-10-13 17:00:00",5575,13.13,410,0,0.218,1,5.6,0.088,0.495,0.062,0.396,64.52,55.79
"2024-10-13 17:30:00",5576,13.13,410,0,0.13,0.28,3.78,0.025,0.334,0.002,0.257,63.34,54.6
"2024-10-13 18:00:00",5577,13.13,410,0,0.04,-0.41,1.83,-0.037,0.162,-0.055,0.106,61.12,49.98
"2024-10-13 18:30:00",5578,13.12,410,0,-0.017,-0.88,0.61,-0.079,0.054,-0.094,0.003,60.6,52.97
"2024-10-13 19:00:00",5579,13.12,410,0,-0.041,-1.13,0.17,-0.101,0.015,-0.113,-0.028,61.04,51.73
"2024-10-13 19:30:00",5580,13.11,410,0,-0.049,-1.19,-0.02,-0.106,-0.003,-0.12,-0.042,61.85,52.96
"2024-10-13 20:00:00",5581,13.1,410,0,-0.056,-1.21,-0.19,-0.108,-0.018,-0.118,-0.056,60.27,51.12
"2024-10-13 20:30:00",5582,13.1,410,0,-0.062,-1.29,-0.3,-0.115,-0.027,-0.132,-0.064,62.09,51.94
"2024-10-13 21:00:00",5583,13.1,410,0,-0.061,-1.29,-0.26,-0.115,-0.024,-0.129,-0.064,59.87,52.49
"2024-10-13 21:30:00",5584,13.1,410,0,-0.067,-1.35,-0.37,-0.121,-0.033,-0.133,-0.067,61.28,53.23
"2024-10-13 22:00:00",5585,13.09,410,0,-0.07,-1.38,-0.43,-0.123,-0.039,-0.132,-0.073,61.24,51.51
"2024-10-13 22:30:00",5586,13.09,410,0,-0.073,-1.41,-0.47,-0.126,-0.042,-0.135,-0.079,61.22,50.66
"2024-10-13 23:00:00",5587,13.09,410,0,-0.067,-1.33,-0.4,-0.118,-0.036,-0.128,-0.071,61.77,49.53
"2024-10-13 23:30:00",5588,13.09,410,0,-0.072,-1.4,-0.47,-0.125,-0.042,-0.135,-0.07,62.05,51.91
"2024-10-14 00:00:00",5589,13.09,410,0,-0.066,-1.3,-0.4,-0.116,-0.036,-0.13,-0.073,59.96,50.64
"2024-10-14 00:30:00",5590,13.08,410,0,-0.071,-1.35,-0.5,-0.12,-0.045,-0.13,-0.085,61.55,51.81
"2024-10-14 01:00:00",5591,13.08,410,0,-0.073,-1.37,-0.53,-0.122,-0.048,-0.132,-0.084,61.44,51.04
"2024-10-14 01:30:00",5592,13.08,410,0,-0.072,-1.38,-0.47,-0.123,-0.042,-0.135,-0.079,60.44,50.44
"2024-10-14 02:00:00",5593,13.08,410,0,-0.072,-1.38,-0.5,-0.123,-0.045,-0.133,-0.079,60.79,51.9
"2024-10-14 02:30:00",5594,13.08,410,0,-0.071,-1.35,-0.5,-0.12,-0.045,-0.132,-0.088,62.25,49.85
"2024-10-14 03:00:00",5595,13.08,410,0,-0.073,-1.37,-0.53,-0.122,-0.048,-0.132,-0.087,61.87,51.72
"2024-10-14 03:30:00",5596,13.08,410,0,-0.072,-1.38,-0.5,-0.123,-0.045,-0.135,-0.079,60.94,48.97
"2024-10-14 04:00:00",5597,13.08,410,0,-0.074,-1.39,-0.54,-0.124,-0.048,-0.133,-0.085,60.59,50.28
"2024-10-14 04:30:00",5598,13.08,410,0,-0.073,-1.36,-0.54,-0.122,-0.049,-0.131,-0.082,61.12,51.23
"2024-10-14 05:00:00",5599,13.08,410,0,-0.076,-1.4,-0.57,-0.125,-0.052,-0.139,-0.088,61.49,50.08
"2024-10-14 05:30:00",5600,13.07,410,0,-0.072,-1.36,-0.5,-0.122,-0.046,-0.134,-0.085,60.83,51.78
"2024-10-14 06:00:00",5601,13.07,410,0,-0.073,-1.36,-0.54,-0.121,-0.049,-0.131,-0.085,62,51.01
"2024-10-14 06:30:00",5602,13.07,410,0,-0.078,-1.45,-0.57,-0.13,-0.052,-0.139,-0.085,60.74,50.59
"2024-10-14 07:00:00",5603,13.07,410,0,-0.074,-1.37,-0.57,-0.123,-0.052,-0.135,-0.088,61.26,50.69
"2024-10-14 07:30:00",5604,13.06,410,0,-0.069,-1.33,-0.44,-0.119,-0.04,-0.131,-0.082,60.13,50.4
"2024-10-14 08:00:00",5605,13.06,410,0,-0.049,-1.13,-0.09,-0.1,-0.009,-0.113,-0.048,61.68,51.11
"2024-10-14 08:30:00",5606,13.06,410,0,-0.004,-0.82,0.92,-0.074,0.082,-0.086,0.039,62.2,51.63
"2024-10-14 09:00:00",5607,13.06,410,0,0.049,-0.43,2.13,-0.039,0.189,-0.055,0.129,61.76,52.45
"2024-10-14 09:30:00",5608,13.06,410,0,0.134,0.3,3.87,0.027,0.343,0.005,0.259,64.29,54.82
"2024-10-14 10:00:00",5609,13.06,410,0,0.171,0.5,4.79,0.044,0.424,0.021,0.338,63.16,53.7
"2024-10-14 10:30:00",5610,13.07,410,0,0.214,0.85,5.68,0.076,0.503,0.049,0.399,62.43,53.7
"2024-10-14 11:00:00",5611,13.07,410,0,0.247,1.24,6.21,0.11,0.55,0.08,0.447,65.84,53.18
"2024-10-14 11:30:00",5612,13.07,410,0,0.386,2.26,9.28,0.2,0.821,0.165,0.666,65.25,55.94
"2024-10-14 12:00:00",5613,13.07,410,0,0.425,2.57,10.12,0.227,0.896,0.181,0.725,63.49,53.19
"2024-10-14 12:30:00",5614,13.07,410,0,0.402,2.37,9.63,0.21,0.852,0.18,0.693,66.71,53.79
"2024-10-14 13:00:00",5615,13.07,410,0,0.399,2.56,9.28,0.227,0.822,0.187,0.654,63.39,52.14
"2024-10-14 13:30:00",5616,13.07,410,0,0.393,2.28,9.46,0.201,0.838,0.163,0.683,63.87,53.14
"2024-10-14 14:00:00",5617,13.07,410,0,0.378,2.25,9.03,0.199,0.799,0.169,0.65,64.31,52.49
"2024-10-14 14:30:00",5618,13.07,410,0,0.358,2.16,8.53,0.191,0.755,0.14,0.595,60.92,53.55
"2024-10-14 15:00:00",5619,13.07,410,0,0.308,1.35,8.01,0.12,0.709,0.078,0.564,58.78,52.81
"2024-10-14 15:30:00",5620,13.06,410,0,0.317,1.86,7.6,0.165,0.673,0.129,0.534,62.93,52.78
"2024-10-14 16:00:00",5621,13.06,410,0,0.277,1.4,6.96,0.124,0.616,0.092,0.493,61.63,49.14
"2024-10-14 16:30:00",5622,13.06,410,0,0.255,1.34,6.34,0.119,0.561,0.087,0.445,63.78,50.86
"2024-10-14 17:00:00",5623,13.06,410,0,0.214,0.96,5.52,0.085,0.488,0.058,0.388,63.81,53.23
"2024-10-14 17:30:00",5624,13.05,410,0,0.146,0.34,4.19,0.03,0.371,0.005,0.267,61.92,53.44
"2024-10-14 18:00:00",5625,13.05,410,0,0.094,-0.05,3.06,-0.005,0.271,-0.03,0.177,63.53,54.63
"2024-10-14 18:30:00",5626,13.04,410,0,0.004,-0.76,1.13,-0.068,0.1,-0.084,0.049,60.49,52.69
"2024-10-14 19:00:00",5627,13.04,410,0,-0.033,-1.02,0.28,-0.091,0.025,-0.104,-0.017,59.75,51.68
"2024-10-14 19:30:00",5628,13.03,410,0,-0.055,-1.26,-0.09,-0.113,-0.009,-0.122,-0.034,59.18,47.35
"2024-10-14 20:00:00",5629,13.03,410,0,-0.068,-1.37,-0.37,-0.123,-0.034,-0.132,-0.063,60.13,51.23
"2024-10-14 20:30:00",5630,13.03,410,0,-0.069,-1.37,-0.41,-0.122,-0.037,-0.134,-0.097,62.1,51.95
"2024-10-14 21:00:00",5631,13.02,410,0,-0.066,-1.35,-0.34,-0.121,-0.031,-0.135,-0.066,60.6,47.93
"2024-10-14 21:30:00",5632,13.02,410,0,-0.068,-1.39,-0.34,-0.124,-0.031,-0.135,-0.072,60.87,51.81
"2024-10-14 22:00:00",5633,13.02,410,0,-0.069,-1.38,-0.38,-0.123,-0.034,-0.135,-0.063,60.68,50.52
"2024-10-14 22:30:00",5634,13.01,410,0,-0.072,-1.35,-0.52,-0.12,-0.047,-0.132,-0.087,60.6,46.94
"2024-10-14 23:00:00",5635,13.01,410,0,-0.072,-1.38,-0.48,-0.123,-0.043,-0.13,-0.075,61.05,50.47
"2024-10-14 23:30:00",5636,13.01,410,0,-0.065,-1.24,-0.45,-0.111,-0.04,-0.123,-0.083,60.61,49.62
"2024-10-15 00:00:00",5637,13.01,410,0,-0.073,-1.43,-0.45,-0.127,-0.041,-0.136,-0.075,59.44,50.38
"2024-10-15 00:30:00",5638,13,410,0,-0.067,-1.24,-0.52,-0.111,-0.047,-0.123,-0.084,60.05,48.63
"2024-10-15 01:00:00",5639,12.99,410,0,-0.071,-1.32,-0.52,-0.117,-0.047,-0.127,-0.087,61.57,51.41
"2024-10-15 01:30:00",5640,12.99,410,0,-0.075,-1.41,-0.55,-0.125,-0.05,-0.13,-0.087,60.08,51.02
"2024-10-15 02:00:00",5641,12.99,410,0,-0.07,-1.29,-0.55,-0.115,-0.05,-0.127,-0.087,59.62,49.71
"2024-10-15 02:30:00",5642,12.99,410,0,-0.076,-1.46,-0.52,-0.13,-0.047,-0.142,-0.087,60.22,50.06
"2024-10-15 03:00:00",5643,12.98,410,0,-0.073,-1.34,-0.58,-0.12,-0.053,-0.129,-0.086,61.4,50.66
"2024-10-15 03:30:00",5644,12.98,410,0,-0.074,-1.34,-0.59,-0.119,-0.053,-0.131,-0.087,59.47,49.88
"2024-10-15 04:00:00",5645,12.98,410,0,-0.076,-1.36,-0.63,-0.121,-0.056,-0.131,-0.093,59.66,49.07
"2024-10-15 04:30:00",5646,12.98,410,0,-0.073,-1.3,-0.62,-0.116,-0.056,-0.128,-0.093,59.21,50.99
"2024-10-15 05:00:00",5647,12.97,410,0,-0.072,-1.28,-0.63,-0.114,-0.057,-0.126,-0.096,60.86,50.43
"2024-10-15 05:30:00",5648,12.97,410,0,-0.077,-1.4,-0.63,-0.125,-0.056,-0.137,-0.096,60.18,50.01
"2024-10-15 06:00:00",5649,12.96,410,0,-0.072,-1.29,-0.59,-0.115,-0.053,-0.125,-0.087,61.24,49.66
"2024-10-15 06:30:00",5650,12.96,410,0,-0.072,-1.26,-0.66,-0.113,-0.059,-0.125,-0.093,61.1,51.35
"2024-10-15 07:00:00",5651,12.96,410,0,-0.075,-1.33,-0.66,-0.119,-0.059,-0.126,-0.096,59.33,50.58
"2024-10-15 07:30:00",5652,12.96,410,0,-0.075,-1.34,-0.62,-0.12,-0.056,-0.129,-0.09,60.61,51.86
"2024-10-15 08:00:00",5653,12.96,410,0,-0.063,-1.23,-0.41,-0.11,-0.037,-0.122,-0.069,60.67,50.92
"2024-10-15 08:30:00",5654,12.96,410,0,-0.033,-0.99,0.24,-0.089,0.021,-0.101,-0.02,62.5,52.07
"2024-10-15 09:00:00",5655,12.95,410,0,0.001,-0.8,1.1,-0.072,0.098,-0.085,0.048,62.35,51.5
"2024-10-15 09:30:00",5656,12.96,410,0,0.073,-0.15,2.53,-0.014,0.224,-0.025,0.164,67.42,53.9
"2024-10-15 10:00:00",5657,12.97,410,0,0.14,0.42,3.91,0.037,0.346,0.012,0.269,63.25,54.09
"2024-10-15 10:30:00",5658,12.97,410,0,0.175,0.75,4.58,0.067,0.405,0.049,0.323,65.82,55.24
"2024-10-15 11:00:00",5659,12.98,410,0,0.206,0.84,5.45,0.075,0.483,0.049,0.389,62.16,55.35
"2024-10-15 11:30:00",5660,12.99,410,0,0.231,1.07,5.92,0.095,0.524,0.072,0.428,65.71,54.15
"2024-10-15 12:00:00",5661,12.99,410,0,0.268,1.44,6.6,0.127,0.584,0.101,0.482,64,54.42
"2024-10-15 12:30:00",5662,12.99,410,0,0.306,1.7,7.47,0.151,0.661,0.124,0.543,66.1,54.68
"2024-10-15 13:00:00",5663,13,410,0,0.326,1.8,7.98,0.159,0.706,0.124,0.572,65.87,55.3
"2024-10-15 13:30:00",5664,13.01,410,0,0.308,1.64,7.61,0.145,0.673,0.112,0.551,63.27,53.11
"2024-10-15 14:00:00",5665,13.01,410,0,0.258,1.35,6.4,0.12,0.566,0.092,0.459,63.08,53.5
"2024-10-15 14:30:00",5666,13.01,410,0,0.218,1.08,5.5,0.096,0.487,0.07,0.389,64.12,54.81
"2024-10-15 15:00:00",5667,13,410,0,0.203,0.98,5.15,0.087,0.456,0.06,0.359,63.4,53.92
"2024-10-15 15:30:00",5668,13,410,0,0.142,0.38,4,0.034,0.354,0.014,0.281,64.64,53.9
"2024-10-15 16:00:00",5669,13,410,0,0.109,0.22,3.19,0.02,0.282,-0.002,0.217,62.78,52.77
"2024-10-15 16:30:00",5670,13,410,0,0.08,0,2.56,0,0.227,-0.014,0.158,63.13,54.23
"2024-10-15 17:00:00",5671,13,410,0,0.1,0.08,3.08,0.007,0.273,-0.017,0.193,62.32,53.41
"2024-10-15 17:30:00",5672,13,410,0,0.115,0.23,3.34,0.02,0.296,-0.005,0.222,62.18,53.02
"2024-10-15 18:00:00",5673,12.99,410,0,0.047,-0.3,1.91,-0.027,0.169,-0.046,0.105,61.96,52.22
"2024-10-15 18:30:00",5674,12.99,410,0,-0.006,-0.74,0.77,-0.066,0.069,-0.082,0.023,60.16,50.26
"2024-10-15 19:00:00",5675,12.99,410,0,-0.038,-0.98,0.07,-0.088,0.006,-0.103,-0.038,60.31,50.57
"2024-10-15 19:30:00",5676,12.98,410,0,-0.06,-1.22,-0.3,-0.109,-0.028,-0.119,-0.06,60.94,50.78
"2024-10-15 20:00:00",5677,12.98,410,0,-0.062,-1.22,-0.37,-0.109,-0.034,-0.119,-0.066,59.92,51.01
"2024-10-15 20:30:00",5678,12.98,410,0,-0.07,-1.33,-0.48,-0.119,-0.043,-0.129,-0.078,61.43,50.42
"2024-10-15 21:00:00",5679,12.97,410,0,-0.067,-1.25,-0.51,-0.112,-0.046,-0.124,-0.083,59.95,50.22
"2024-10-15 21:30:00",5680,12.97,410,0,-0.075,-1.35,-0.61,-0.121,-0.055,-0.128,-0.089,61.46,51.98
"2024-10-15 22:00:00",5681,12.97,410,0,-0.071,-1.33,-0.51,-0.119,-0.046,-0.128,-0.08,61.6,51.69
"2024-10-15 22:30:00",5682,12.97,410,0,-0.073,-1.33,-0.58,-0.119,-0.052,-0.129,-0.086,60.21,51.04
"2024-10-15 23:00:00",5683,12.97,410,0,-0.073,-1.34,-0.58,-0.119,-0.052,-0.129,-0.086,60.72,50.57
"2024-10-15 23:30:00",5684,12.97,410,0,-0.078,-1.4,-0.65,-0.125,-0.059,-0.134,-0.092,61.16,49.58
"2024-10-16 00:00:00",5685,12.97,410,0,-0.075,-1.37,-0.58,-0.123,-0.053,-0.132,-0.086,60.79,50.89
"2024-10-16 00:30:00",5686,12.96,410,0,-0.074,-1.32,-0.62,-0.118,-0.056,-0.13,-0.09,61.68,49.85
"2024-10-16 01:00:00",5687,12.96,410,0,-0.077,-1.34,-0.69,-0.12,-0.062,-0.129,-0.092,61.36,50.78
"2024-10-16 01:30:00",5688,12.96,410,0,-0.077,-1.37,-0.65,-0.123,-0.059,-0.132,-0.092,60.35,50.6
"2024-10-16 02:00:00",5689,12.96,410,0,-0.074,-1.31,-0.65,-0.117,-0.059,-0.127,-0.095,61.15,52.08
"2024-10-16 02:30:00",5690,12.96,410,0,-0.075,-1.35,-0.62,-0.121,-0.056,-0.133,-0.095,59.89,51.14
"2024-10-16 03:00:00",5691,12.96,410,0,-0.074,-1.32,-0.62,-0.118,-0.056,-0.13,-0.095,60.62,49.88
"2024-10-16 03:30:00",5692,12.95,410,0,-0.074,-1.33,-0.62,-0.118,-0.056,-0.131,-0.093,60.61,50.71
"2024-10-16 04:00:00",5693,12.95,410,0,-0.076,-1.32,-0.69,-0.118,-0.062,-0.127,-0.095,60.36,50.61
"2024-10-16 04:30:00",5694,12.95,410,0,-0.072,-1.26,-0.66,-0.112,-0.059,-0.122,-0.093,61.2,51.29
"2024-10-16 05:00:00",5695,12.95,410,0,-0.073,-1.28,-0.66,-0.115,-0.059,-0.124,-0.095,60.48,49.75
"2024-10-16 05:30:00",5696,12.94,410,0,-0.076,-1.35,-0.66,-0.121,-0.059,-0.133,-0.096,60.8,51.06
"2024-10-16 06:00:00",5697,12.94,410,0,-0.073,-1.24,-0.7,-0.11,-0.063,-0.123,-0.096,59.68,49.51
"2024-10-16 06:30:00",5698,12.93,410,0,-0.074,-1.29,-0.66,-0.115,-0.059,-0.125,-0.093,60.78,50.46
"2024-10-16 07:00:00",5699,12.93,410,0,-0.078,-1.35,-0.73,-0.12,-0.065,-0.13,-0.098,61.07,50.48
"2024-10-16 07:30:00",5700,12.93,410,0,-0.08,-1.38,-0.73,-0.123,-0.066,-0.133,-0.099,60.17,50.58
"2024-10-16 08:00:00",5701,12.93,410,0,-0.072,-1.27,-0.62,-0.113,-0.055,-0.123,-0.089,62.06,50.9
"2024-10-16 08:30:00",5702,12.93,410,0,-0.05,-1.13,-0.13,-0.1,-0.012,-0.113,-0.046,62.57,51.15
"2024-10-16 09:00:00",5703,12.93,410,0,-0.016,-0.84,0.58,-0.075,0.051,-0.086,0.008,61.32,53.67
"2024-10-16 09:30:00",5704,12.93,410,0,0.016,-0.54,1.23,-0.048,0.108,-0.059,0.062,63.3,51.03
"2024-10-16 10:00:00",5705,12.93,410,0,0.048,-0.32,1.95,-0.029,0.172,-0.048,0.113,63.63,52.2
"2024-10-16 10:30:00",5706,12.94,410,0,0.083,-0.13,2.8,-0.012,0.248,-0.028,0.188,63.27,53.77
"2024-10-16 11:00:00",5707,12.94,410,0,0.113,0.16,3.39,0.014,0.3,-0.005,0.233,63.31,53.14
"2024-10-16 11:30:00",5708,12.95,410,0,0.13,0.27,3.77,0.024,0.334,0.009,0.263,66.07,55.49
"2024-10-16 12:00:00",5709,12.95,410,0,0.157,0.34,4.54,0.03,0.402,0.007,0.323,63.26,53.36
"2024-10-16 12:30:00",5710,12.95,410,0,0.209,1.05,5.26,0.093,0.466,0.07,0.368,65.84,55.41
"2024-10-16 13:00:00",5711,12.96,410,0,0.23,1.09,5.88,0.096,0.52,0.067,0.423,62.95,52.52
"2024-10-16 13:30:00",5712,12.96,410,0,0.238,1.18,6,0.104,0.531,0.081,0.433,65.58,56.1
"2024-10-16 14:00:00",5713,12.96,410,0,0.256,1.24,6.51,0.109,0.576,0.083,0.47,63.42,53.52
"2024-10-16 14:30:00",5714,12.97,410,0,0.26,1.21,6.67,0.107,0.59,0.081,0.479,64.59,52.91
"2024-10-16 15:00:00",5715,12.97,410,0,0.276,1.32,7.02,0.117,0.621,0.084,0.513,62.33,56.52
"2024-10-16 15:30:00",5716,12.97,410,0,0.299,1.59,7.4,0.141,0.655,0.107,0.523,62.09,55.28
"2024-10-16 16:00:00",5717,12.97,410,0,0.267,1.36,6.69,0.121,0.592,0.094,0.482,63.26,53.67
"2024-10-16 16:30:00",5718,12.97,410,0,0.24,1.21,6.02,0.107,0.533,0.074,0.418,60.96,52.63
"2024-10-16 17:00:00",5719,12.97,410,0,0.182,0.8,4.74,0.071,0.419,0.048,0.329,64.08,52.66
"2024-10-16 17:30:00",5720,12.96,410,0,0.152,0.59,4.04,0.053,0.357,0.024,0.279,62.81,53.91
"2024-10-16 18:00:00",5721,12.96,410,0,0.087,-0.05,2.83,-0.005,0.25,-0.025,0.183,60.49,53.26
"2024-10-16 18:30:00",5722,12.96,410,0,0.029,-0.43,1.49,-0.039,0.132,-0.058,0.072,59.43,51.37
"2024-10-16 19:00:00",5723,12.95,410,0,-0.024,-0.85,0.35,-0.076,0.031,-0.091,-0.015,60.13,51.48
"2024-10-16 19:30:00",5724,12.94,410,0,-0.044,-1.04,-0.06,-0.093,-0.006,-0.105,-0.046,60.23,51.32
"2024-10-16 20:00:00",5725,12.94,410,0,-0.055,-1.13,-0.27,-0.101,-0.025,-0.111,-0.061,60.72,50.14
"2024-10-16 20:30:00",5726,12.93,410,0,-0.06,-1.2,-0.34,-0.107,-0.031,-0.117,-0.069,60.46,50.29
"2024-10-16 21:00:00",5727,12.93,410,0,-0.063,-1.22,-0.42,-0.109,-0.038,-0.123,-0.078,60.44,50.96
"2024-10-16 21:30:00",5728,12.93,410,0,-0.066,-1.24,-0.48,-0.111,-0.044,-0.12,-0.081,60.69,49.96
"2024-10-16 22:00:00",5729,12.92,410,0,-0.065,-1.22,-0.48,-0.108,-0.043,-0.118,-0.081,61.46,50.04
"2024-10-16 22:30:00",5730,12.92,410,0,-0.071,-1.28,-0.58,-0.115,-0.052,-0.122,-0.086,62.19,49.92
"2024-10-16 23:00:00",5731,12.92,410,0,-0.073,-1.34,-0.58,-0.12,-0.052,-0.129,-0.087,60.67,49.82
"2024-10-16 23:30:00",5732,12.92,410,0,-0.072,-1.28,-0.62,-0.114,-0.056,-0.124,-0.09,61.7,49.45
"2024-10-17 00:00:00",5733,12.91,410,0,-0.072,-1.29,-0.62,-0.115,-0.056,-0.127,-0.087,60.03,49.7
"2024-10-17 00:30:00",5734,12.91,410,0,-0.073,-1.3,-0.62,-0.116,-0.056,-0.126,-0.089,60.78,50.19
"2024-10-17 01:00:00",5735,12.91,410,0,-0.074,-1.33,-0.62,-0.119,-0.055,-0.126,-0.092,60.63,50.72
"2024-10-17 01:30:00",5736,12.91,410,0,-0.074,-1.32,-0.62,-0.117,-0.056,-0.13,-0.089,60.62,50.03
"2024-10-17 02:00:00",5737,12.91,410,0,-0.079,-1.43,-0.65,-0.128,-0.059,-0.135,-0.092,60.34,51.7
"2024-10-17 02:30:00",5738,12.91,410,0,-0.075,-1.32,-0.66,-0.118,-0.059,-0.125,-0.096,60.01,50.26
"2024-10-17 03:00:00",5739,12.91,410,0,-0.076,-1.36,-0.65,-0.122,-0.059,-0.131,-0.089,61.51,51.08
"2024-10-17 03:30:00",5740,12.91,410,0,-0.074,-1.33,-0.62,-0.118,-0.056,-0.128,-0.093,59.61,49.18
"2024-10-17 04:00:00",5741,12.91,410,0,-0.076,-1.32,-0.69,-0.118,-0.062,-0.13,-0.09,59.06,51.25
"2024-10-17 04:30:00",5742,12.9,410,0,-0.074,-1.32,-0.62,-0.118,-0.056,-0.125,-0.093,60.58,51
"2024-10-17 05:00:00",5743,12.9,410,0,-0.078,-1.38,-0.66,-0.123,-0.059,-0.132,-0.095,60.41,50.09
"2024-10-17 05:30:00",5744,12.9,410,0,-0.076,-1.29,-0.73,-0.115,-0.065,-0.125,-0.093,60.76,50.33
"2024-10-17 06:00:00",5745,12.9,410,0,-0.072,-1.25,-0.65,-0.111,-0.059,-0.121,-0.09,61.74,51.16
"2024-10-17 06:30:00",5746,12.9,410,0,-0.073,-1.23,-0.73,-0.11,-0.065,-0.124,-0.101,61.67,48.99
"2024-10-17 07:00:00",5747,12.9,410,0,-0.072,-1.24,-0.66,-0.111,-0.059,-0.123,-0.093,60.55,52.22
"2024-10-17 07:30:00",5748,12.89,410,0,-0.073,-1.27,-0.66,-0.113,-0.059,-0.125,-0.093,59.56,52.59
"2024-10-17 08:00:00",5749,12.9,410,0,-0.076,-1.34,-0.66,-0.12,-0.059,-0.132,-0.093,61.3,49.45
"2024-10-17 08:30:00",5750,12.89,410,0,-0.062,-1.19,-0.41,-0.106,-0.038,-0.119,-0.076,60.5,52.01
"2024-10-17 09:00:00",5751,12.89,410,0,-0.045,-1.05,-0.06,-0.093,-0.006,-0.104,-0.043,60.81,51.07
"2024-10-17 09:30:00",5752,12.89,410,0,-0.033,-0.91,0.14,-0.081,0.012,-0.094,-0.034,63.37,51.53
"2024-10-17 10:00:00",5753,12.89,410,0,-0.014,-0.8,0.59,-0.071,0.052,-0.084,0.009,62.44,52.27
"2024-10-17 10:30:00",5754,12.89,410,0,0.029,-0.47,1.56,-0.043,0.138,-0.054,0.09,64.63,52.95
"2024-10-17 11:00:00",5755,12.89,410,0,0.088,-0.04,2.85,-0.005,0.252,-0.021,0.19,64.39,54.23
"2024-10-17 11:30:00",5756,12.9,410,0,0.129,0.29,3.72,0.026,0.329,0.007,0.254,66.64,56.64
"2024-10-17 12:00:00",5757,12.9,410,0,0.173,0.67,4.62,0.059,0.409,0.04,0.332,66.04,55.63
"2024-10-17 12:30:00",5758,12.91,410,0,0.198,0.88,5.13,0.078,0.454,0.058,0.372,66.47,54.22
"2024-10-17 13:00:00",5759,12.92,410,0,0.228,1.06,5.86,0.094,0.519,0.068,0.423,63.01,53.69
"2024-10-17 13:30:00",5760,12.92,410,0,0.242,1.11,6.23,0.098,0.551,0.074,0.455,64.2,55.56
"2024-10-17 14:00:00",5761,12.93,410,0,0.263,1.28,6.66,0.113,0.589,0.086,0.482,64.15,55.26
"2024-10-17 14:30:00",5762,12.93,410,0,0.292,1.66,7.09,0.147,0.627,0.127,0.53,68.25,51.56
"2024-10-17 15:00:00",5763,12.93,410,0,0.294,1.43,7.46,0.127,0.66,0.096,0.551,62.63,53.89
"2024-10-17 15:30:00",5764,12.93,410,0,0.302,1.65,7.41,0.146,0.655,0.113,0.537,63.48,53.74
"2024-10-17 16:00:00",5765,12.93,410,0,0.295,1.64,7.21,0.145,0.638,0.112,0.519,64.42,55.52
"2024-10-17 16:30:00",5766,12.93,410,0,0.243,1.29,6.01,0.114,0.532,0.088,0.427,66.22,52.46
"2024-10-17 17:00:00",5767,12.93,410,0,0.242,1.23,6.08,0.109,0.538,0.082,0.44,62.2,54.14
"2024-10-17 17:30:00",5768,12.93,410,0,0.168,0.62,4.51,0.055,0.399,0.032,0.309,61.9,53.42
"2024-10-17 18:00:00",5769,12.92,410,0,0.101,0.09,3.09,0.008,0.273,-0.012,0.195,62.6,54.8
"2024-10-17 18:30:00",5770,12.92,410,0,0.022,-0.51,1.38,-0.046,0.122,-0.062,0.066,61.36,51.47
"2024-10-17 19:00:00",5771,12.92,410,0,-0.024,-0.88,0.39,-0.079,0.035,-0.094,-0.015,60.72,50.41
"2024-10-17 19:30:00",5772,12.91,410,0,-0.045,-1.05,-0.06,-0.094,-0.006,-0.109,-0.047,59.36,51.56
"2024-10-17 20:00:00",5773,12.9,410,0,-0.056,-1.15,-0.27,-0.103,-0.025,-0.113,-0.061,61.14,51.14
"2024-10-17 20:30:00",5774,12.9,410,0,-0.06,-1.21,-0.34,-0.108,-0.031,-0.115,-0.07,61.61,50.04
"2024-10-17 21:00:00",5775,12.9,410,0,-0.065,-1.25,-0.45,-0.111,-0.041,-0.123,-0.079,60.61,49.61
"2024-10-17 21:30:00",5776,12.89,410,0,-0.066,-1.23,-0.48,-0.11,-0.044,-0.122,-0.078,60.51,50.09
"2024-10-17 22:00:00",5777,12.89,410,0,-0.068,-1.26,-0.52,-0.113,-0.047,-0.123,-0.081,60.33,51.84
"2024-10-17 22:30:00",5778,12.89,410,0,-0.071,-1.33,-0.52,-0.119,-0.047,-0.129,-0.081,61.5,50.23
"2024-10-17 23:00:00",5779,12.88,410,0,-0.074,-1.33,-0.63,-0.119,-0.056,-0.126,-0.087,60.5,50.6
"2024-10-17 23:30:00",5780,12.88,410,0,-0.071,-1.27,-0.59,-0.114,-0.053,-0.126,-0.088,60.43,49.69
"2024-10-18 00:00:00",5781,12.88,410,0,-0.074,-1.32,-0.63,-0.118,-0.056,-0.128,-0.09,60.06,50.99
"2024-10-18 00:30:00",5782,12.88,410,0,-0.076,-1.34,-0.66,-0.12,-0.059,-0.127,-0.09,61.17,51.43
"2024-10-18 01:00:00",5783,12.87,410,0,-0.072,-1.29,-0.62,-0.115,-0.056,-0.128,-0.087,60.44,51.53
"2024-10-18 01:30:00",5784,12.87,410,0,-0.074,-1.32,-0.62,-0.117,-0.056,-0.127,-0.087,60.29,49.44
"2024-10-18 02:00:00",5785,12.87,410,0,-0.075,-1.32,-0.66,-0.118,-0.059,-0.128,-0.093,61.43,50.85
"2024-10-18 02:30:00",5786,12.87,410,0,-0.079,-1.43,-0.63,-0.128,-0.056,-0.14,-0.091,60.5,50.34
"2024-10-18 03:00:00",5787,12.87,410,0,-0.077,-1.33,-0.7,-0.119,-0.063,-0.128,-0.096,60.35,50.76
"2024-10-18 03:30:00",5788,12.87,410,0,-0.075,-1.3,-0.7,-0.116,-0.063,-0.128,-0.093,60.44,50.26
"2024-10-18 04:00:00",5789,12.86,410,0,-0.075,-1.29,-0.69,-0.115,-0.062,-0.122,-0.096,61.48,50.47
"2024-10-18 04:30:00",5790,12.86,410,0,-0.073,-1.3,-0.62,-0.116,-0.056,-0.128,-0.093,60.97,50.54
"2024-10-18 05:00:00",5791,12.86,410,0,-0.073,-1.28,-0.66,-0.114,-0.06,-0.126,-0.096,60.2,50.29
"2024-10-18 05:30:00",5792,12.86,410,0,-0.072,-1.27,-0.63,-0.114,-0.057,-0.121,-0.091,60.75,49.59
"2024-10-18 06:00:00",5793,12.86,410,0,-0.076,-1.32,-0.7,-0.118,-0.063,-0.13,-0.096,60.28,51.11
"2024-10-18 06:30:00",5794,12.85,410,0,-0.081,-1.4,-0.73,-0.125,-0.066,-0.134,-0.093,59.67,50.6
"2024-10-18 07:00:00",5795,12.85,410,0,-0.079,-1.39,-0.7,-0.124,-0.063,-0.133,-0.096,59.8,50.47
"2024-10-18 07:30:00",5796,12.85,410,0,-0.071,-1.23,-0.66,-0.11,-0.059,-0.12,-0.091,60.54,51.64
"2024-10-18 08:00:00",5797,12.85,410,0,-0.072,-1.25,-0.66,-0.111,-0.059,-0.121,-0.087,61.73,51.14
"2024-10-18 08:30:00",5798,12.85,410,0,-0.046,-1.06,-0.09,-0.095,-0.009,-0.103,-0.04,62.32,51.58
"2024-10-18 09:00:00",5799,12.85,410,0,-0.007,-0.73,0.72,-0.066,0.064,-0.079,0.02,63.17,53.84
"2024-10-18 09:30:00",5800,12.85,410,0,0.036,-0.43,1.71,-0.039,0.151,-0.052,0.102,63.34,53.44
"2024-10-18 10:00:00",5801,12.86,410,0,0.091,-0.02,2.93,-0.002,0.26,-0.019,0.195,63.68,54.78
"2024-10-18 10:30:00",5802,12.86,410,0,0.139,0.35,3.97,0.031,0.351,0.014,0.278,64.78,53.78
"2024-10-18 11:00:00",5803,12.87,410,0,0.195,0.86,5.07,0.076,0.449,0.058,0.371,65.8,55.64
"2024-10-18 11:30:00",5804,12.87,410,0,0.236,1.17,5.94,0.103,0.525,0.088,0.444,68.16,54.91
"2024-10-18 12:00:00",5805,12.88,410,0,0.288,1.7,6.89,0.15,0.61,0.127,0.513,67.82,55.99
"2024-10-18 12:30:00",5806,12.88,410,0,0.333,1.96,7.98,0.173,0.706,0.149,0.595,65.08,54.1
"2024-10-18 13:00:00",5807,12.89,410,0,0.352,2.07,8.45,0.183,0.748,0.15,0.618,65.26,55.1
"2024-10-18 13:30:00",5808,12.89,410,0,0.374,2.27,8.88,0.201,0.786,0.167,0.654,65.3,53.88
"2024-10-18 14:00:00",5809,12.9,410,0,0.363,2.01,8.89,0.178,0.787,0.148,0.66,65.01,54.6
"2024-10-18 14:30:00",5810,12.9,410,0,0.352,1.88,8.71,0.167,0.771,0.14,0.648,64.19,54.31
"2024-10-18 15:00:00",5811,12.91,410,0,0.357,2.09,8.57,0.185,0.758,0.157,0.638,65.51,53.52
"2024-10-18 15:30:00",5812,12.91,410,0,0.353,2.02,8.56,0.179,0.757,0.146,0.63,64.04,53.05
"2024-10-18 16:00:00",5813,12.91,410,0,0.34,2.04,8.11,0.18,0.717,0.146,0.594,63.11,53.79
"2024-10-18 16:30:00",5814,12.91,410,0,0.295,1.69,7.14,0.15,0.632,0.121,0.517,65.08,53
"2024-10-18 17:00:00",5815,12.91,410,0,0.241,1.24,6.03,0.11,0.534,0.083,0.438,63.27,54.1
"2024-10-18 17:30:00",5816,12.9,410,0,0.161,0.57,4.35,0.05,0.385,0.025,0.299,62.66,53.34
"2024-10-18 18:00:00",5817,12.9,410,0,0.062,-0.22,2.26,-0.02,0.2,-0.037,0.14,62.23,51.81
"2024-10-18 18:30:00",5818,12.9,410,0,-0.007,-0.78,0.78,-0.07,0.069,-0.088,0.018,59.97,51.07
"2024-10-18 19:00:00",5819,12.89,410,0,-0.039,-1.04,0.11,-0.093,0.009,-0.105,-0.032,60.79,50.79
"2024-10-18 19:30:00",5820,12.88,410,0,-0.047,-1.09,-0.06,-0.098,-0.006,-0.11,-0.044,60.43,49.85
"2024-10-18 20:00:00",5821,12.88,410,0,-0.053,-1.15,-0.2,-0.103,-0.019,-0.115,-0.059,59.85,49.69
"2024-10-18 20:30:00",5822,12.87,410,0,-0.06,-1.27,-0.24,-0.113,-0.022,-0.125,-0.068,60.16,50.68
"2024-10-18 21:00:00",5823,12.87,410,0,-0.058,-1.19,-0.28,-0.106,-0.025,-0.116,-0.065,60.81,50.07
"2024-10-18 21:30:00",5824,12.86,410,0,-0.064,-1.26,-0.38,-0.112,-0.035,-0.125,-0.073,61.28,50.7
"2024-10-18 22:00:00",5825,12.86,410,0,-0.065,-1.25,-0.45,-0.112,-0.041,-0.124,-0.076,60.78,49.52
"2024-10-18 22:30:00",5826,12.85,410,0,-0.061,-1.24,-0.32,-0.11,-0.029,-0.123,-0.068,60.38,49.96
"2024-10-18 23:00:00",5827,12.85,410,0,-0.07,-1.3,-0.53,-0.116,-0.048,-0.128,-0.083,60.3,51.13
"2024-10-18 23:30:00",5828,12.84,410,0,-0.072,-1.34,-0.53,-0.12,-0.048,-0.13,-0.085,60.71,49.97
"2024-10-19 00:00:00",5829,12.84,410,0,-0.07,-1.27,-0.57,-0.113,-0.051,-0.125,-0.086,60.86,49.7
"2024-10-19 00:30:00",5830,12.83,410,0,-0.073,-1.33,-0.57,-0.119,-0.051,-0.128,-0.086,59.18,49.7
"2024-10-19 01:00:00",5831,12.83,410,0,-0.07,-1.25,-0.6,-0.111,-0.054,-0.121,-0.091,60.89,50.15
"2024-10-19 01:30:00",5832,12.83,410,0,-0.07,-1.28,-0.56,-0.114,-0.051,-0.124,-0.085,61.84,49.99
"2024-10-19 02:00:00",5833,12.82,410,0,-0.078,-1.41,-0.63,-0.126,-0.057,-0.138,-0.091,60.28,49.7
"2024-10-19 02:30:00",5834,12.82,410,0,-0.075,-1.33,-0.64,-0.118,-0.057,-0.128,-0.091,60.02,49.59
"2024-10-19 03:00:00",5835,12.82,410,0,-0.073,-1.26,-0.67,-0.112,-0.06,-0.122,-0.095,60.5,50.76
"2024-10-19 03:30:00",5836,12.82,410,0,-0.075,-1.3,-0.7,-0.116,-0.063,-0.126,-0.097,60.27,49.85
"2024-10-19 04:00:00",5837,12.81,410,0,-0.077,-1.34,-0.7,-0.12,-0.063,-0.129,-0.097,61.28,50.86
"2024-10-19 04:30:00",5838,12.81,410,0,-0.074,-1.3,-0.67,-0.116,-0.06,-0.126,-0.094,60.64,50.22
"2024-10-19 05:00:00",5839,12.81,410,0,-0.075,-1.28,-0.7,-0.114,-0.063,-0.124,-0.094,60.48,50.9
"2024-10-19 05:30:00",5840,12.81,410,0,-0.077,-1.34,-0.71,-0.12,-0.063,-0.127,-0.097,60.54,50.64
"2024-10-19 06:00:00",5841,12.81,410,0,-0.077,-1.34,-0.7,-0.119,-0.063,-0.127,-0.097,60.33,51.01
"2024-10-19 06:30:00",5842,12.81,410,0,-0.075,-1.28,-0.71,-0.114,-0.063,-0.126,-0.097,61.21,50.47
"2024-10-19 07:00:00",5843,12.81,410,0,-0.076,-1.28,-0.74,-0.114,-0.066,-0.127,-0.097,59.67,50.61
"2024-10-19 07:30:00",5844,12.81,410,0,-0.075,-1.25,-0.74,-0.112,-0.066,-0.124,-0.097,60.75,51.27
"2024-10-19 08:00:00",5845,12.8,410,0,-0.074,-1.3,-0.66,-0.116,-0.06,-0.126,-0.091,61.96,51.12
"2024-10-19 08:30:00",5846,12.8,410,0,-0.056,-1.09,-0.37,-0.097,-0.034,-0.107,-0.066,62.99,51.99
"2024-10-19 09:00:00",5847,12.8,410,0,-0.024,-0.86,0.34,-0.077,0.03,-0.09,-0.009,63.37,51.96
"2024-10-19 09:30:00",5848,12.81,410,0,0.032,-0.45,1.63,-0.041,0.144,-0.054,0.094,64.89,53.75
"2024-10-19 10:00:00",5849,12.81,410,0,0.125,0.24,3.66,0.022,0.324,0.005,0.262,65.31,54.32
"2024-10-19 10:30:00",5850,12.82,410,0,0.207,0.99,5.27,0.087,0.467,0.067,0.392,66.74,55.17
"2024-10-19 11:00:00",5851,12.82,410,0,0.276,1.48,6.82,0.131,0.603,0.11,0.508,65.29,54.98
"2024-10-19 11:30:00",5852,12.83,410,0,0.318,1.79,7.74,0.158,0.685,0.138,0.583,68.56,54.21
"2024-10-19 12:00:00",5853,12.84,410,0,0.357,2.1,8.57,0.186,0.758,0.162,0.642,67.3,54.47
"2024-10-19 12:30:00",5854,12.85,410,0,0.383,2.39,9.01,0.212,0.797,0.188,0.675,69.63,53.46
"2024-10-19 13:00:00",5855,12.86,410,0,0.409,2.55,9.62,0.226,0.851,0.187,0.707,64.53,53.8
"2024-10-19 13:30:00",5856,12.86,410,0,0.396,2.44,9.36,0.216,0.829,0.182,0.695,66.38,53.72
"2024-10-19 14:00:00",5857,12.87,410,0,0.38,2.26,9.07,0.2,0.803,0.17,0.673,65.19,54.05
"2024-10-19 14:30:00",5858,12.87,410,0,0.337,1.78,8.37,0.157,0.74,0.133,0.632,65.27,53.71
"2024-10-19 15:00:00",5859,12.87,410,0,0.316,1.58,7.95,0.14,0.704,0.113,0.592,63.67,54.51
"2024-10-19 15:30:00",5860,12.87,410,0,0.29,1.6,7.09,0.142,0.628,0.112,0.52,64.61,53.79
"2024-10-19 16:00:00",5861,12.87,410,0,0.257,1.39,6.34,0.123,0.561,0.096,0.459,63.77,55.03
"2024-10-19 16:30:00",5862,12.87,410,0,0.215,1.05,5.45,0.093,0.483,0.066,0.388,63.96,54.24
"2024-10-19 17:00:00",5863,12.87,410,0,0.151,0.49,4.17,0.043,0.369,0.017,0.29,62.08,52.77
"2024-10-19 17:30:00",5864,12.87,410,0,0.09,0,2.88,0,0.255,-0.022,0.184,61.17,52.85
"2024-10-19 18:00:00",5865,12.86,410,0,0.03,-0.51,1.63,-0.046,0.144,-0.065,0.084,61.41,52.36
"2024-10-19 18:30:00",5866,12.86,410,0,-0.016,-0.91,0.68,-0.081,0.06,-0.096,0.012,60.97,50.81
"2024-10-19 19:00:00",5867,12.85,410,0,-0.04,-1.05,0.11,-0.094,0.01,-0.106,-0.035,60.74,51.27
"2024-10-19 19:30:00",5868,12.85,410,0,-0.052,-1.16,-0.13,-0.103,-0.013,-0.116,-0.05,60.5,50.5
"2024-10-19 20:00:00",5869,12.84,410,0,-0.06,-1.25,-0.28,-0.111,-0.026,-0.118,-0.065,60.83,50.67
"2024-10-19 20:30:00",5870,12.84,410,0,-0.063,-1.26,-0.35,-0.113,-0.032,-0.127,-0.068,59.65,49.9
"2024-10-19 21:00:00",5871,12.83,410,0,-0.064,-1.27,-0.39,-0.113,-0.035,-0.125,-0.074,60.35,50.04
"2024-10-19 21:30:00",5872,12.83,410,0,-0.065,-1.29,-0.38,-0.115,-0.035,-0.125,-0.074,60.63,50.63
"2024-10-19 22:00:00",5873,12.82,410,0,-0.07,-1.33,-0.49,-0.119,-0.045,-0.131,-0.08,60.21,50.05
"2024-10-19 22:30:00",5874,12.82,410,0,-0.075,-1.39,-0.57,-0.124,-0.051,-0.134,-0.089,60.03,49.45
"2024-10-19 23:00:00",5875,12.81,410,0,-0.073,-1.35,-0.57,-0.12,-0.051,-0.13,-0.083,59.46,50.71
"2024-10-19 23:30:00",5876,12.81,410,0,-0.074,-1.35,-0.6,-0.12,-0.054,-0.133,-0.089,61,50.16
"2024-10-20 00:00:00",5877,12.8,410,0,-0.073,-1.32,-0.6,-0.118,-0.054,-0.128,-0.086,59.86,49.7
"2024-10-20 00:30:00",5878,12.8,410,0,-0.074,-1.32,-0.64,-0.117,-0.057,-0.13,-0.092,60.76,50.76
"2024-10-20 01:00:00",5879,12.8,410,0,-0.076,-1.35,-0.64,-0.12,-0.057,-0.127,-0.089,60.22,50.31
"2024-10-20 01:30:00",5880,12.8,410,0,-0.071,-1.29,-0.57,-0.115,-0.052,-0.13,-0.087,59.84,50.77
"2024-10-20 02:00:00",5881,12.8,410,0,-0.075,-1.3,-0.68,-0.116,-0.061,-0.131,-0.098,60.93,50.5
"2024-10-20 02:30:00",5882,12.79,410,0,-0.077,-1.36,-0.68,-0.121,-0.061,-0.131,-0.098,60.43,49.84
"2024-10-20 03:00:00",5883,12.79,410,0,-0.072,-1.27,-0.64,-0.113,-0.058,-0.123,-0.092,61.19,49.34
"2024-10-20 03:30:00",5884,12.78,410,0,-0.077,-1.32,-0.71,-0.118,-0.064,-0.128,-0.098,60.48,49.73
"2024-10-20 04:00:00",5885,12.78,410,0,-0.078,-1.35,-0.71,-0.121,-0.064,-0.128,-0.098,60.1,50.61
"2024-10-20 04:30:00",5886,12.78,410,0,-0.08,-1.35,-0.78,-0.121,-0.07,-0.131,-0.101,60.06,50.31
"2024-10-20 05:00:00",5887,12.78,410,0,-0.08,-1.36,-0.75,-0.121,-0.067,-0.134,-0.101,60.89,50.14
"2024-10-20 05:30:00",5888,12.78,410,0,-0.08,-1.34,-0.78,-0.119,-0.07,-0.129,-0.101,60.94,50.19
"2024-10-20 06:00:00",5889,12.77,410,0,-0.079,-1.32,-0.78,-0.118,-0.07,-0.131,-0.104,60.83,50.66
"2024-10-20 06:30:00",5890,12.77,410,0,-0.079,-1.31,-0.81,-0.117,-0.073,-0.127,-0.107,61.08,50.92
"2024-10-20 07:00:00",5891,12.77,410,0,-0.08,-1.32,-0.82,-0.118,-0.074,-0.125,-0.107,61.3,49.88
"2024-10-20 07:30:00",5892,12.77,410,0,-0.079,-1.3,-0.82,-0.116,-0.073,-0.128,-0.104,60.26,51.19
"2024-10-20 08:00:00",5893,12.77,410,0,-0.083,-1.4,-0.81,-0.125,-0.073,-0.135,-0.106,60.29,51.22
"2024-10-20 08:30:00",5894,12.76,410,0,-0.076,-1.28,-0.74,-0.115,-0.066,-0.125,-0.097,62.8,50.96
"2024-10-20 09:00:00",5895,12.77,410,0,-0.057,-1.13,-0.34,-0.101,-0.031,-0.112,-0.064,62.07,51.9
"2024-10-20 09:30:00",5896,12.77,410,0,-0.013,-0.8,0.62,-0.072,0.055,-0.083,0.017,64.68,53.26
"2024-10-20 10:00:00",5897,12.77,410,0,0.05,-0.31,1.99,-0.029,0.176,-0.042,0.127,66.22,55.23
"2024-10-20 10:30:00",5898,12.78,410,0,0.107,0.08,3.3,0.007,0.292,-0.007,0.232,65.88,55.14
"2024-10-20 11:00:00",5899,12.78,410,0,0.221,0.96,5.76,0.085,0.51,0.064,0.422,65.94,54.25
"2024-10-20 11:30:00",5900,12.79,410,0,0.294,1.61,7.2,0.143,0.637,0.122,0.542,67.28,54.19
"2024-10-20 12:00:00",5901,12.8,410,0,0.278,1.5,6.84,0.133,0.605,0.112,0.515,67.37,55.27
"2024-10-20 12:30:00",5902,12.8,410,0,0.313,1.81,7.54,0.16,0.667,-99,0.569,-99,55.6
"2024-10-20 13:00:00",5903,12.81,410,0,0.355,2.18,8.39,0.193,0.742,0.153,0.615,63.16,53.84
"2024-10-20 13:30:00",5904,12.82,410,0,0.34,2.03,8.11,0.18,0.717,0.149,0.601,65.58,54.18
"2024-10-20 14:00:00",5905,12.82,410,0,0.312,1.78,7.56,0.158,0.669,0.13,0.557,65.66,54.25
"2024-10-20 14:30:00",5906,12.82,410,0,0.316,1.69,7.81,0.15,0.691,0.123,0.579,66.06,53.81
"2024-10-20 15:00:00",5907,12.82,410,0,0.278,1.38,7.02,0.122,0.621,0.098,0.521,64.37,53.81
"2024-10-20 15:30:00",5908,12.83,410,0,0.274,1.46,6.77,0.129,0.6,0.099,0.495,63.42,53.53
"2024-10-20 16:00:00",5909,12.83,410,0,0.269,1.47,6.59,0.13,0.584,0.099,0.476,63.23,53.08
"2024-10-20 16:30:00",5910,12.82,410,0,0.221,0.95,5.76,0.084,0.51,0.057,0.41,63.05,53.73
"2024-10-20 17:00:00",5911,12.83,410,0,0.195,0.94,4.96,0.083,0.439,0.056,0.347,63.71,52.98
"2024-10-20 17:30:00",5912,12.82,410,0,0.124,0.21,3.66,0.018,0.324,-0.005,0.25,61.58,53.53
"2024-10-20 18:00:00",5913,12.82,410,0,0.049,-0.37,2.05,-0.034,0.181,-0.056,0.117,60.8,52.05
"2024-10-20 18:30:00",5914,12.81,410,0,-0.011,-0.85,0.76,-0.076,0.067,-0.092,0.021,61.43,50.6
"2024-10-20 19:00:00",5915,12.81,410,0,-0.04,-1.05,0.11,-0.094,0.01,-0.107,-0.033,59.83,50.51
"2024-10-20 19:30:00",5916,12.8,410,0,-0.053,-1.17,-0.17,-0.104,-0.016,-0.117,-0.057,60.83,50.51
"2024-10-20 20:00:00",5917,12.8,410,0,-0.058,-1.22,-0.24,-0.109,-0.022,-0.122,-0.06,60.99,49.99
"2024-10-20 20:30:00",5918,12.79,410,0,-0.059,-1.22,-0.28,-0.109,-0.026,-0.119,-0.065,59.61,50.56
"2024-10-20 21:00:00",5919,12.78,410,0,-0.064,-1.28,-0.35,-0.114,-0.032,-0.126,-0.068,59.69,49.95
"2024-10-20 21:30:00",5920,12.78,410,0,-0.066,-1.31,-0.39,-0.117,-0.035,-0.126,-0.074,59.97,51.06
"2024-10-20 22:00:00",5921,12.78,410,0,-0.07,-1.31,-0.5,-0.117,-0.045,-0.127,-0.081,60.61,50.18
"2024-10-20 22:30:00",5922,12.77,410,0,-0.07,-1.31,-0.5,-0.117,-0.045,-0.127,-0.081,60.73,50.15
"2024-10-20 23:00:00",5923,12.77,410,0,-0.07,-1.27,-0.57,-0.113,-0.051,-0.126,-0.083,60.49,50.33
"2024-10-20 23:30:00",5924,12.76,410,0,-0.073,-1.36,-0.54,-0.121,-0.048,-0.133,-0.084,60.74,49.48
"2024-10-21 00:00:00",5925,12.76,410,0,-0.071,-1.28,-0.58,-0.114,-0.052,-0.129,-0.09,60.59,50.01
"2024-10-21 00:30:00",5926,12.76,410,0,-0.074,-1.32,-0.64,-0.118,-0.058,-0.128,-0.092,61.33,49.65
"2024-10-21 01:00:00",5927,12.76,410,0,-0.076,-1.29,-0.72,-0.115,-0.065,-0.133,-0.099,59.86,50.54
"2024-10-21 01:30:00",5928,12.75,410,0,-0.078,-1.38,-0.68,-0.123,-0.061,-0.133,-0.095,60.42,50.42
"2024-10-21 02:00:00",5929,12.75,410,0,-0.08,-1.39,-0.71,-0.124,-0.064,-0.133,-0.095,60.81,50.81
"2024-10-21 02:30:00",5930,12.75,410,0,-0.079,-1.38,-0.71,-0.123,-0.064,-0.13,-0.098,60.84,51.09
"2024-10-21 03:00:00",5931,12.74,410,0,-0.076,-1.32,-0.68,-0.118,-0.061,-0.13,-0.096,60.25,49.92
"2024-10-21 03:30:00",5932,12.74,410,0,-0.079,-1.35,-0.75,-0.12,-0.068,-0.127,-0.102,59.95,50.62
"2024-10-21 04:00:00",5933,12.74,410,0,-0.079,-1.35,-0.75,-0.12,-0.067,-0.133,-0.101,60.58,50.56
"2024-10-21 04:30:00",5934,12.74,410,0,-0.08,-1.35,-0.78,-0.12,-0.07,-0.13,-0.098,60.22,50.48
"2024-10-21 05:00:00",5935,12.74,410,0,-0.08,-1.36,-0.75,-0.121,-0.067,-0.131,-0.098,61.03,50.29
"2024-10-21 05:30:00",5936,12.74,410,0,-0.082,-1.39,-0.78,-0.124,-0.07,-0.137,-0.098,60.4,50.4
"2024-10-21 06:00:00",5937,12.74,410,0,-0.075,-1.29,-0.71,-0.115,-0.064,-0.125,-0.096,61.25,51.34
"2024-10-21 06:30:00",5938,12.73,410,0,-0.082,-1.34,-0.86,-0.12,-0.077,-0.13,-0.107,61.23,51.91
"2024-10-21 07:00:00",5939,12.73,410,0,-0.08,-1.38,-0.75,-0.123,-0.067,-0.133,-0.101,62.45,49.77
"2024-10-21 07:30:00",5940,12.73,410,0,-0.08,-1.35,-0.79,-0.121,-0.071,-0.133,-0.105,58.78,49.87
"2024-10-21 08:00:00",5941,12.73,410,0,-0.074,-1.26,-0.71,-0.112,-0.064,-0.12,-0.098,60.77,49.35
"2024-10-21 08:30:00",5942,12.73,410,0,-0.066,-1.27,-0.45,-0.113,-0.041,-0.121,-0.077,62.22,50.65
"2024-10-21 09:00:00",5943,12.73,410,0,-0.033,-0.97,0.21,-0.087,0.019,-0.095,-0.02,63.38,51.8
"2024-10-21 09:30:00",5944,12.73,410,0,0.014,-0.58,1.23,-0.053,0.109,-0.066,0.069,65.1,53.94
"2024-10-21 10:00:00",5945,12.74,410,0,0.074,-0.12,2.51,-0.012,0.222,-0.023,0.172,67.3,55.31
"2024-10-21 10:30:00",5946,12.74,410,0,0.133,0.2,3.97,0.017,0.351,0,0.285,63.6,54.28
"2024-10-21 11:00:00",5947,12.75,410,0,0.196,0.83,5.13,0.073,0.454,0.053,0.373,65.27,55.53
"2024-10-21 11:30:00",5948,12.75,410,0,0.25,1.18,6.39,0.105,0.565,0.084,0.474,66.89,55.32
"2024-10-21 12:00:00",5949,12.76,410,0,0.288,1.58,7.07,0.139,0.626,0.115,0.527,64.84,55.1
"2024-10-21 12:30:00",5950,12.77,410,0,0.317,1.82,7.66,0.161,0.678,-99,0.582,-99,55.26
"2024-10-21 13:00:00",5951,12.77,410,0,0.375,2.34,8.83,0.207,0.782,0.165,0.65,63.49,52.91
"2024-10-21 13:30:00",5952,12.78,410,0,0.371,2.23,8.85,0.197,0.783,0.168,0.653,65.13,53.57
"2024-10-21 14:00:00",5953,12.78,410,0,0.356,2.11,8.53,0.186,0.755,0.159,0.635,65.64,54.39
"2024-10-21 14:30:00",5954,12.78,410,0,0.354,2.08,8.5,0.184,0.753,0.156,0.637,65.84,54.18
"2024-10-21 15:00:00",5955,12.79,410,0,0.3,1.6,7.43,0.141,0.658,0.111,0.547,65.24,53.84
"2024-10-21 15:30:00",5956,12.79,410,0,0.297,1.54,7.4,0.137,0.655,0.105,0.537,63.87,54.29
"2024-10-21 16:00:00",5957,12.79,410,0,0.276,1.52,6.77,0.135,0.6,0.107,0.495,64.17,52.61
"2024-10-21 16:30:00",5958,12.79,410,0,0.232,1.05,6,0.093,0.531,0.065,0.434,63.4,54.08
"2024-10-21 17:00:00",5959,12.79,410,0,0.198,0.8,5.24,0.071,0.463,0.043,0.369,63.73,54.15
"2024-10-21 17:30:00",5960,12.79,410,0,0.113,0.15,3.41,0.013,0.301,-0.01,0.226,61.32,52.85
"2024-10-21 18:00:00",5961,12.78,410,0,0.044,-0.41,1.95,-0.037,0.172,-0.057,0.112,60.01,52.79
"2024-10-21 18:30:00",5962,12.78,410,0,-0.01,-0.83,0.77,-0.074,0.068,-0.091,0.012,60.08,51.18
"2024-10-21 19:00:00",5963,12.77,410,0,-0.037,-1.04,0.18,-0.093,0.016,-0.105,-0.027,60.35,51.19
"2024-10-21 19:30:00",5964,12.77,410,0,-0.049,-1.14,-0.06,-0.102,-0.006,-0.112,-0.045,59.42,50.93
"2024-10-21 20:00:00",5965,12.76,410,0,-0.059,-1.24,-0.25,-0.11,-0.023,-0.123,-0.063,61.23,50.65
"2024-10-21 20:30:00",5966,12.76,410,0,-0.065,-1.32,-0.35,-0.118,-0.032,-0.127,-0.069,61.02,49.77
"2024-10-21 21:00:00",5967,12.75,410,0,-0.065,-1.29,-0.39,-0.115,-0.035,-0.125,-0.072,61.36,50.78
"2024-10-21 21:30:00",5968,12.75,410,0,-0.07,-1.35,-0.46,-0.121,-0.042,-0.133,-0.078,60.58,50
"2024-10-21 22:00:00",5969,12.74,410,0,-0.072,-1.37,-0.5,-0.122,-0.045,-0.129,-0.081,60.24,51.08
"2024-10-21 22:30:00",5970,12.74,410,0,-0.071,-1.33,-0.53,-0.119,-0.048,-0.132,-0.087,59.63,51.14
"2024-10-21 23:00:00",5971,12.74,410,0,-0.075,-1.42,-0.53,-0.127,-0.048,-0.134,-0.084,60.85,49.85
"2024-10-21 23:30:00",5972,12.73,410,0,-0.076,-1.37,-0.61,-0.122,-0.054,-0.132,-0.09,60.54,51.48
"2024-10-22 00:00:00",5973,12.73,410,0,-0.076,-1.36,-0.64,-0.121,-0.058,-0.132,-0.093,60.73,49.88
"2024-10-22 00:30:00",5974,12.73,410,0,-0.081,-1.5,-0.61,-0.134,-0.055,-0.143,-0.09,59.09,50.03
"2024-10-22 01:00:00",5975,12.73,410,0,-0.08,-1.42,-0.68,-0.127,-0.061,-0.137,-0.096,60.38,51.48
"2024-10-22 01:30:00",5976,12.73,410,0,-0.079,-1.39,-0.68,-0.124,-0.061,-0.134,-0.095,60.89,50.32
"2024-10-22 02:00:00",5977,12.72,410,0,-0.079,-1.42,-0.64,-0.127,-0.058,-0.134,-0.093,60.96,51.22
"2024-10-22 02:30:00",5978,12.72,410,0,-0.081,-1.39,-0.75,-0.124,-0.067,-0.135,-0.102,61.35,49.52
"2024-10-22 03:00:00",5979,12.72,410,0,-0.08,-1.39,-0.71,-0.124,-0.064,-0.137,-0.096,60.45,49.86
"2024-10-22 03:30:00",5980,12.72,410,0,-0.078,-1.36,-0.71,-0.121,-0.064,-0.132,-0.099,61.43,49.43
"2024-10-22 04:00:00",5981,12.71,410,0,-0.081,-1.43,-0.71,-0.127,-0.064,-0.137,-0.099,61.64,50.8
"2024-10-22 04:30:00",5982,12.72,410,0,-0.082,-1.39,-0.79,-0.124,-0.071,-0.137,-0.099,60.53,50.21
"2024-10-22 05:00:00",5983,12.71,410,0,-0.081,-1.37,-0.79,-0.122,-0.071,-0.134,-0.099,59.54,49.8
"2024-10-22 05:30:00",5984,12.71,410,0,-0.083,-1.42,-0.79,-0.127,-0.071,-0.134,-0.105,60.52,50.36
"2024-10-22 06:00:00",5985,12.71,410,0,-0.081,-1.37,-0.79,-0.122,-0.071,-0.135,-0.102,60.83,50.09
"2024-10-22 06:30:00",5986,12.71,410,0,-0.082,-1.36,-0.82,-0.121,-0.074,-0.131,-0.104,61.42,50.42
"2024-10-22 07:00:00",5987,12.71,410,0,-0.082,-1.37,-0.82,-0.122,-0.074,-0.135,-0.105,60.56,50.4
"2024-10-22 07:30:00",5988,12.71,410,0,-0.082,-1.39,-0.79,-0.124,-0.071,-0.136,-0.105,59.42,49.67
"2024-10-22 08:00:00",5989,12.7,410,0,-0.08,-1.38,-0.75,-0.123,-0.068,-0.133,-0.105,59.45,51.12
"2024-10-22 08:30:00",5990,12.7,410,0,-0.062,-1.22,-0.38,-0.109,-0.035,-0.119,-0.074,62.62,51.62
"2024-10-22 09:00:00",5991,12.7,410,0,-0.036,-1.03,0.21,-0.092,0.019,-0.103,-0.02,63.35,52.62
"2024-10-22 09:30:00",5992,12.7,410,0,0.013,-0.63,1.25,-0.056,0.111,-0.07,0.067,64.45,52.88
"2024-10-22 10:00:00",5993,12.71,410,0,0.101,0.03,3.17,0.002,0.281,-0.012,0.218,63.73,55.24
"2024-10-22 10:30:00",5994,12.71,410,0,0.237,1.1,6.09,0.097,0.539,0.077,0.45,66.32,54.75
"2024-10-22 11:00:00",5995,12.72,410,0,0.333,1.85,8.13,0.164,0.72,0.139,0.606,66.05,53.8
"2024-10-22 11:30:00",5996,12.72,410,0,0.374,2.19,8.98,0.194,0.795,0.167,0.677,66.91,53.83
"2024-10-22 12:00:00",5997,12.72,410,0,0.338,2.01,8.08,0.178,0.715,0.157,0.611,68.57,55.06
"2024-10-22 12:30:00",5998,12.73,410,0,0.321,1.84,7.76,0.163,0.687,-99,0.589,-99,54.53
"2024-10-22 13:00:00",5999,12.74,410,0,0.359,2.24,8.43,0.198,0.746,0.162,0.613,63.2,53.47
"2024-10-22 13:30:00",6000,12.74,410,0,0.316,1.78,7.7,0.158,0.682,0.129,0.567,64.35,53.52
"2024-10-22 14:00:00",6001,12.74,410,0,0.322,1.82,7.83,0.161,0.693,0.133,0.575,65.1,53.44
"2024-10-22 14:30:00",6002,12.75,410,0,0.316,1.79,7.66,0.159,0.678,0.131,0.568,66.19,54.36
"2024-10-22 15:00:00",6003,12.74,410,0,0.308,1.67,7.58,0.148,0.671,0.117,0.555,63.13,54.24
"2024-10-22 15:30:00",6004,12.75,410,0,0.316,1.68,7.83,0.149,0.693,0.114,0.573,63.36,53.47
"2024-10-22 16:00:00",6005,12.75,410,0,0.302,1.66,7.39,0.147,0.654,0.112,0.531,63.18,53.45
"2024-10-22 16:30:00",6006,12.75,410,0,0.265,1.43,6.54,0.127,0.579,0.096,0.47,64.14,53.99
"2024-10-22 17:00:00",6007,12.75,410,0,0.216,1,5.53,0.089,0.489,0.058,0.388,62.14,52.56
"2024-10-22 17:30:00",6008,12.74,410,0,0.128,0.27,3.71,0.024,0.328,0.003,0.251,63.28,53.12
"2024-10-22 18:00:00",6009,12.74,410,0,0.053,-0.38,2.18,-0.035,0.193,-0.055,0.134,60.47,52.82
"2024-10-22 18:30:00",6010,12.74,410,0,-0.003,-0.79,0.93,-0.071,0.082,-0.087,0.027,60.83,50.25
"2024-10-22 19:00:00",6011,12.73,410,0,-0.033,-1.05,0.33,-0.094,0.029,-0.107,-0.018,60.33,50.58
"2024-10-22 19:30:00",6012,12.72,410,0,-0.043,-1.11,0.07,-0.099,0.007,-0.112,-0.036,60.15,50.4
"2024-10-22 20:00:00",6013,12.72,410,0,-0.051,-1.2,-0.06,-0.107,-0.007,-0.122,-0.049,60.79,50.21
"2024-10-22 20:30:00",6014,12.71,410,0,-0.055,-1.21,-0.17,-0.108,-0.016,-0.118,-0.058,61.93,49.67
"2024-10-22 21:00:00",6015,12.71,410,0,-0.06,-1.27,-0.25,-0.113,-0.023,-0.126,-0.06,60.77,49.19
"2024-10-22 21:30:00",6016,12.7,410,0,-0.061,-1.25,-0.32,-0.112,-0.029,-0.125,-0.066,60.93,51.18
"2024-10-22 22:00:00",6017,12.7,410,0,-0.066,-1.31,-0.39,-0.117,-0.036,-0.127,-0.072,60.54,51.22
"2024-10-22 22:30:00",6018,12.69,410,0,-0.072,-1.38,-0.47,-0.123,-0.042,-0.133,-0.078,60.15,49.98
"2024-10-22 23:00:00",6019,12.69,410,0,-0.071,-1.35,-0.5,-0.12,-0.045,-0.133,-0.078,60.51,50.92
"2024-10-22 23:30:00",6020,12.69,410,0,-0.072,-1.34,-0.54,-0.12,-0.048,-0.13,-0.081,60.99,50.25
"2024-10-23 00:00:00",6021,12.69,410,0,-0.074,-1.37,-0.57,-0.122,-0.052,-0.132,-0.084,61.49,50.49
"2024-10-23 00:30:00",6022,12.69,410,0,-0.076,-1.4,-0.57,-0.125,-0.052,-0.133,-0.09,61.1,50.93
"2024-10-23 01:00:00",6023,12.68,410,0,-0.074,-1.33,-0.6,-0.119,-0.054,-0.129,-0.083,61.15,51.14
"2024-10-23 01:30:00",6024,12.68,410,0,-0.077,-1.42,-0.6,-0.127,-0.054,-0.139,-0.09,61.97,50.39
"2024-10-23 02:00:00",6025,12.69,410,0,-0.076,-1.37,-0.64,-0.122,-0.058,-0.135,-0.087,60.03,50.86
"2024-10-23 02:30:00",6026,12.68,410,0,-0.078,-1.4,-0.64,-0.125,-0.058,-0.132,-0.093,61.6,51.44
"2024-10-23 03:00:00",6027,12.68,410,0,-0.077,-1.4,-0.61,-0.125,-0.055,-0.135,-0.087,61.08,51.18
"2024-10-23 03:30:00",6028,12.68,410,0,-0.076,-1.35,-0.65,-0.12,-0.058,-0.13,-0.09,61.28,49.86
"2024-10-23 04:00:00",6029,12.68,410,0,-0.078,-1.38,-0.68,-0.123,-0.061,-0.133,-0.093,60.88,50.87
"2024-10-23 04:30:00",6030,12.68,410,0,-0.079,-1.38,-0.72,-0.123,-0.065,-0.136,-0.099,60.22,49.49
"2024-10-23 05:00:00",6031,12.68,410,0,-0.079,-1.37,-0.72,-0.122,-0.065,-0.133,-0.096,61.64,51.06
"2024-10-23 05:30:00",6032,12.68,410,0,-0.082,-1.4,-0.79,-0.125,-0.071,-0.135,-0.099,61.61,50.61
"2024-10-23 06:00:00",6033,12.67,410,0,-0.081,-1.4,-0.75,-0.125,-0.068,-0.138,-0.099,61.04,51.14
"2024-10-23 06:30:00",6034,12.67,410,0,-0.082,-1.39,-0.79,-0.124,-0.071,-0.132,-0.102,60.79,51.73
"2024-10-23 07:00:00",6035,12.67,410,0,-0.083,-1.39,-0.82,-0.124,-0.074,-0.135,-0.102,60.65,51.33
"2024-10-23 07:30:00",6036,12.67,410,0,-0.083,-1.4,-0.82,-0.125,-0.074,-0.135,-0.105,60.61,50.87
"2024-10-23 08:00:00",6037,12.67,410,0,-0.083,-1.38,-0.82,-0.123,-0.074,-0.134,-0.108,61.18,52.01
"2024-10-23 08:30:00",6038,12.67,410,0,-0.067,-1.25,-0.49,-0.112,-0.044,-0.122,-0.08,61.77,52.44
"2024-10-23 09:00:00",6039,12.67,410,0,-0.039,-1.05,0.14,-0.093,0.013,-0.104,-0.03,62.65,51.91
"2024-10-23 09:30:00",6040,12.67,410,0,0.001,-0.65,0.9,-0.058,0.08,-0.067,0.041,65.09,53.93
"2024-10-23 10:00:00",6041,12.68,410,0,0.047,-0.44,2.07,-0.04,0.183,-0.051,0.133,62.68,53.21
"2024-10-23 10:30:00",6042,12.68,410,0,0.116,0.11,3.54,0.01,0.314,-0.005,0.248,64.37,55.05
"2024-10-23 11:00:00",6043,12.68,410,0,0.208,0.9,5.43,0.08,0.481,0.064,0.395,65.39,54.67
"2024-10-23 11:30:00",6044,12.69,410,0,0.258,1.31,6.46,0.116,0.572,0.092,0.478,66.54,55.29
"2024-10-23 12:00:00",6045,12.69,410,0,0.299,1.6,7.38,0.142,0.653,0.115,0.55,66.41,54.74
"2024-10-23 12:30:00",6046,12.69,410,0,0.298,1.62,7.32,0.143,0.647,-99,0.556,-99,54.86
"2024-10-23 13:00:00",6047,12.7,410,0,0.343,2.08,8.15,0.184,0.721,0.138,0.593,63.53,53.22
"2024-10-23 13:30:00",6048,12.7,410,0,0.354,2.03,8.55,0.18,0.757,0.144,0.612,64.06,52.24
"2024-10-23 14:00:00",6049,12.7,410,0,0.347,1.99,8.41,0.176,0.744,0.147,0.614,64.82,52.58
"2024-10-23 14:30:00",6050,12.7,410,0,0.327,1.79,8.04,0.158,0.711,0.13,0.595,65.52,53.7
"2024-10-23 15:00:00",6051,12.71,410,0,0.329,1.83,8.04,0.162,0.711,0.13,0.594,64.04,54.16
"2024-10-23 15:30:00",6052,12.71,410,0,0.312,1.66,7.73,0.147,0.684,0.112,0.556,63.55,54.24
"2024-10-23 16:00:00",6053,12.71,410,0,0.313,1.77,7.62,0.157,0.675,0.125,0.545,63.79,53.06
"2024-10-23 16:30:00",6054,12.7,410,0,0.254,1.31,6.34,0.116,0.561,0.088,0.456,63.16,54
"2024-10-23 17:00:00",6055,12.7,410,0,0.211,1,5.4,0.088,0.478,0.058,0.381,62.5,53.18
"2024-10-23 17:30:00",6056,12.7,410,0,0.132,0.3,3.8,0.026,0.336,0.005,0.264,62.51,52.2
"2024-10-23 18:00:00",6057,12.69,410,0,0.041,-0.45,1.91,-0.04,0.169,-0.06,0.108,61.63,52.05
"2024-10-23 18:30:00",6058,12.69,410,0,-0.016,-0.97,0.74,-0.087,0.066,-0.103,0.012,61.15,50.99
"2024-10-23 19:00:00",6059,12.69,410,0,-0.039,-1.11,0.22,-0.099,0.02,-0.118,-0.027,60.44,51.12
"2024-10-23 19:30:00",6060,12.68,410,0,-0.052,-1.22,-0.06,-0.109,-0.007,-0.125,-0.043,59.42,51.2
"2024-10-23 20:00:00",6061,12.68,410,0,-0.056,-1.28,-0.1,-0.114,-0.01,-0.13,-0.052,59.61,49.45
"2024-10-23 20:30:00",6062,12.68,410,0,-0.063,-1.34,-0.25,-0.119,-0.023,-0.132,-0.064,60.8,50.8
"2024-10-23 21:00:00",6063,12.67,410,0,-0.068,-1.36,-0.39,-0.121,-0.036,-0.136,-0.073,60.46,51.56
"2024-10-23 21:30:00",6064,12.67,410,0,-0.073,-1.41,-0.47,-0.125,-0.042,-0.136,-0.081,60.53,49.81
"2024-10-23 22:00:00",6065,12.66,410,0,-0.075,-1.41,-0.54,-0.125,-0.048,-0.138,-0.084,61.86,51.96
"2024-10-23 22:30:00",6066,12.66,410,0,-0.078,-1.44,-0.58,-0.128,-0.052,-0.138,-0.088,60.63,51.04
"2024-10-23 23:00:00",6067,12.66,410,0,-0.079,-1.48,-0.58,-0.131,-0.052,-0.141,-0.088,59.95,51.05
"2024-10-23 23:30:00",6068,12.66,410,0,-0.08,-1.45,-0.65,-0.129,-0.058,-0.139,-0.091,60.77,49.78
"2024-10-24 00:00:00",6069,12.65,410,0,-0.079,-1.41,-0.68,-0.126,-0.061,-0.138,-0.094,61.49,49.24
"2024-10-24 00:30:00",6070,12.66,410,0,-0.082,-1.48,-0.68,-0.132,-0.061,-0.139,-0.096,62.04,50.78
"2024-10-24 01:00:00",6071,12.65,410,0,-0.082,-1.44,-0.71,-0.129,-0.064,-0.139,-0.096,61.01,50.7
"2024-10-24 01:30:00",6072,12.65,410,0,-0.086,-1.53,-0.72,-0.136,-0.064,-0.144,-0.096,61.5,51.5
"2024-10-24 02:00:00",6073,12.65,410,0,-0.084,-1.49,-0.72,-0.132,-0.065,-0.143,-0.097,60.91,50.6
"2024-10-24 02:30:00",6074,12.65,410,0,-0.084,-1.48,-0.72,-0.132,-0.065,-0.145,-0.1,60.45,50.45
"2024-10-24 03:00:00",6075,12.65,410,0,-0.085,-1.48,-0.76,-0.131,-0.068,-0.141,-0.1,61.81,50.67
"2024-10-24 03:30:00",6076,12.65,410,0,-0.085,-1.46,-0.79,-0.13,-0.071,-0.14,-0.102,61.51,50.79
"2024-10-24 04:00:00",6077,12.65,410,0,-0.079,-1.37,-0.71,-0.122,-0.064,-0.13,-0.096,60.64,50.07
"2024-10-24 04:30:00",6078,12.64,410,0,-0.08,-1.35,-0.79,-0.12,-0.071,-0.133,-0.102,61.06,51.74
"2024-10-24 05:00:00",6079,12.64,410,0,-0.081,-1.43,-0.69,-0.128,-0.062,-0.138,-0.094,60.77,50.62
"2024-10-24 05:30:00",6080,12.64,410,0,-0.078,-1.36,-0.69,-0.121,-0.062,-0.129,-0.097,61.53,49.02
"2024-10-24 06:00:00",6081,12.64,410,0,-0.078,-1.35,-0.72,-0.121,-0.065,-0.131,-0.097,60.68,52.21
"2024-10-24 06:30:00",6082,12.64,410,0,-0.078,-1.35,-0.72,-0.12,-0.065,-0.133,-0.096,60.7,49.87
"2024-10-24 07:00:00",6083,12.64,410,0,-0.08,-1.37,-0.75,-0.122,-0.067,-0.13,-0.099,62.11,49.71
"2024-10-24 07:30:00",6084,12.64,410,0,-0.078,-1.4,-0.64,-0.125,-0.058,-0.136,-0.093,61.46,50.9
"2024-10-24 08:00:00",6085,12.64,410,0,-0.061,-1.23,-0.32,-0.11,-0.029,-0.123,-0.067,60.65,51.49
"2024-10-24 08:30:00",6086,12.64,410,0,-0.015,-0.83,0.61,-0.074,0.054,-0.085,0.012,62.22,52.9
"2024-10-24 09:00:00",6087,12.64,410,0,0.038,-0.4,1.73,-0.036,0.153,-0.05,0.095,64.71,51.63
"2024-10-24 09:30:00",6088,12.64,410,0,0.09,-0.02,2.9,-0.003,0.256,-0.018,0.201,64.9,51.81
"2024-10-24 10:00:00",6089,12.64,410,0,0.148,0.41,4.17,0.036,0.369,0.013,0.285,64.38,52.13
"2024-10-24 10:30:00",6090,12.64,410,0,0.195,0.69,5.29,0.061,0.468,0.043,0.38,63.88,51.48
"2024-10-24 11:00:00",6091,12.64,410,0,0.254,1.3,6.35,0.115,0.562,0.091,0.453,66.17,55.02
"2024-10-24 11:30:00",6092,12.65,410,0,0.275,1.42,6.86,0.126,0.607,0.104,0.497,64.72,54.99
"2024-10-24 12:00:00",6093,12.65,410,0,0.29,1.55,7.16,0.137,0.634,0.11,0.521,64.89,53.32
"2024-10-24 12:30:00",6094,12.65,410,0,0.324,1.93,7.73,0.171,0.684,-99,0.572,-99,54.34
"2024-10-24 13:00:00",6095,12.65,410,0,0.331,1.94,7.96,0.172,0.705,0.134,0.57,64.28,52.88
"2024-10-24 13:30:00",6096,12.65,410,0,0.307,1.77,7.41,0.157,0.656,0.125,0.526,64.88,54.05
"2024-10-24 14:00:00",6097,12.66,410,0,0.316,1.76,7.7,0.156,0.681,0.12,0.557,61.48,53.84
"2024-10-24 14:30:00",6098,12.66,410,0,0.308,1.83,7.36,0.162,0.652,0.134,0.541,64.87,51.64
"2024-10-24 15:00:00",6099,12.66,410,0,0.297,1.64,7.27,0.145,0.644,0.113,0.518,64.88,52.9
"2024-10-24 15:30:00",6100,12.65,410,0,0.287,1.58,7.03,0.14,0.622,0.108,0.507,63.93,52.1
"2024-10-24 16:00:00",6101,12.65,410,0,0.267,1.43,6.59,0.126,0.583,0.092,0.468,63.73,51.9
"2024-10-24 16:30:00",6102,12.65,410,0,0.244,1.18,6.19,0.104,0.548,0.073,0.431,62.53,55.04
"2024-10-24 17:00:00",6103,12.65,410,0,0.206,0.91,5.35,0.08,0.473,0.05,0.381,61.74,52
"2024-10-24 17:30:00",6104,12.64,410,0,0.134,0.3,3.86,0.027,0.342,0,0.257,62.18,52.02
"2024-10-24 18:00:00",6105,12.64,410,0,0.048,-0.39,2.05,-0.035,0.182,-0.055,0.119,61.09,52.34
"2024-10-24 18:30:00",6106,12.64,410,0,-0.016,-0.89,0.64,-0.08,0.057,-0.096,0.003,58.93,50.71
"2024-10-24 19:00:00",6107,12.63,410,0,-0.04,-1.09,0.15,-0.097,0.013,-0.11,-0.031,60.89,50.06
"2024-10-24 19:30:00",6108,12.63,410,0,-0.052,-1.18,-0.1,-0.105,-0.01,-0.118,-0.049,60.42,50.68
"2024-10-24 20:00:00",6109,12.62,410,0,-0.053,-1.16,-0.18,-0.104,-0.017,-0.117,-0.052,60,50.94
"2024-10-24 20:30:00",6110,12.62,410,0,-0.057,-1.23,-0.21,-0.11,-0.02,-0.123,-0.062,60.86,51.11
"2024-10-24 21:00:00",6111,12.62,410,0,-0.058,-1.21,-0.25,-0.108,-0.023,-0.123,-0.065,59.86,50.8
"2024-10-24 21:30:00",6112,12.61,410,0,-0.063,-1.29,-0.33,-0.115,-0.03,-0.123,-0.065,60.02,50.29
"2024-10-24 22:00:00",6113,12.61,410,0,-0.065,-1.28,-0.4,-0.114,-0.036,-0.125,-0.077,60.53,49.53
"2024-10-24 22:30:00",6114,12.61,410,0,-0.068,-1.34,-0.4,-0.119,-0.037,-0.132,-0.074,59.78,50.04
"2024-10-24 23:00:00",6115,12.6,410,0,-0.067,-1.28,-0.47,-0.114,-0.043,-0.127,-0.077,60.35,49.34
"2024-10-24 23:30:00",6116,12.6,410,0,-0.069,-1.31,-0.47,-0.117,-0.043,-0.125,-0.08,60.85,51.52
"2024-10-25 00:00:00",6117,12.6,410,0,-0.069,-1.29,-0.51,-0.115,-0.046,-0.128,-0.083,59.79,51.15
"2024-10-25 00:30:00",6118,12.6,410,0,-0.072,-1.31,-0.58,-0.117,-0.053,-0.13,-0.089,61.06,50.06
"2024-10-25 01:00:00",6119,12.59,410,0,-0.074,-1.34,-0.59,-0.12,-0.053,-0.133,-0.089,60.39,49.81
"2024-10-25 01:30:00",6120,12.59,410,0,-0.071,-1.34,-0.51,-0.119,-0.046,-0.129,-0.083,60.95,50.95
"2024-10-25 02:00:00",6121,12.59,410,0,-0.073,-1.36,-0.55,-0.121,-0.05,-0.131,-0.086,61.15,49.57
"2024-10-25 02:30:00",6122,12.59,410,0,-0.074,-1.32,-0.63,-0.118,-0.056,-0.13,-0.089,61.36,50.78
"2024-10-25 03:00:00",6123,12.58,410,0,-0.073,-1.34,-0.58,-0.119,-0.053,-0.132,-0.083,62.02,50.17
"2024-10-25 03:30:00",6124,12.59,410,0,-0.073,-1.32,-0.59,-0.118,-0.053,-0.13,-0.092,61.11,50.79
"2024-10-25 04:00:00",6125,12.59,410,0,-0.074,-1.36,-0.59,-0.121,-0.053,-0.131,-0.089,61.31,50.99
"2024-10-25 04:30:00",6126,12.58,410,0,-0.072,-1.34,-0.55,-0.119,-0.05,-0.132,-0.086,60.02,49.59
"2024-10-25 05:00:00",6127,12.58,410,0,-0.071,-1.3,-0.56,-0.116,-0.05,-0.129,-0.087,60.07,49.49
"2024-10-25 05:30:00",6128,12.58,410,0,-0.071,-1.27,-0.6,-0.113,-0.054,-0.123,-0.09,60.49,51.17
"2024-10-25 06:00:00",6129,12.57,410,0,-0.069,-1.23,-0.6,-0.11,-0.054,-0.123,-0.093,60.95,50.53
"2024-10-25 06:30:00",6130,12.57,410,0,-0.074,-1.27,-0.68,-0.113,-0.061,-0.126,-0.096,61.37,49.95
"2024-10-25 07:00:00",6131,12.57,410,0,-0.073,-1.27,-0.66,-0.114,-0.06,-0.124,-0.092,61.12,50.96
"2024-10-25 07:30:00",6132,12.56,410,0,-0.075,-1.29,-0.7,-0.115,-0.063,-0.128,-0.095,60.8,49.65
"2024-10-25 08:00:00",6133,12.56,410,0,-0.064,-1.18,-0.51,-0.106,-0.046,-0.119,-0.083,60.96,50.53
"2024-10-25 08:30:00",6134,12.56,410,0,-0.037,-0.99,0.11,-0.089,0.01,-0.105,-0.031,62.23,50.39
"2024-10-25 09:00:00",6135,12.56,410,0,-0.006,-0.75,0.77,-0.067,0.068,-0.081,0.021,63.5,51.24
"2024-10-25 09:30:00",6136,12.56,410,0,0.043,-0.37,1.85,-0.033,0.164,-0.051,0.105,63.06,52.48
"2024-10-25 10:00:00",6137,12.56,410,0,0.095,0.03,3,0.003,0.265,-0.015,0.197,63.26,54.19
"2024-10-25 10:30:00",6138,12.57,410,0,0.145,0.43,4.03,0.038,0.357,0.015,0.282,64.92,53.76
"2024-10-25 11:00:00",6139,12.57,410,0,0.204,0.91,5.28,0.08,0.467,0.059,0.38,64.11,54.53
"2024-10-25 11:30:00",6140,12.57,410,0,0.235,1.19,5.89,0.105,0.521,0.089,0.435,66.69,55.02
"2024-10-25 12:00:00",6141,12.58,410,0,0.258,1.33,6.44,0.117,0.57,0.093,0.475,67.23,53.99
"2024-10-25 12:30:00",6142,12.58,410,0,0.284,1.55,6.98,0.137,0.618,-99,0.53,-99,55.2
"2024-10-25 13:00:00",6143,12.59,410,0,0.314,1.85,7.54,0.164,0.667,0.123,0.54,62.38,53.06
"2024-10-25 13:30:00",6144,12.59,410,0,0.31,1.76,7.52,0.156,0.665,0.125,0.544,65.18,54.2
"2024-10-25 14:00:00",6145,12.59,410,0,0.312,1.82,7.52,0.161,0.665,0.132,0.547,64.5,53.25
"2024-10-25 14:30:00",6146,12.59,410,0,0.283,1.57,6.93,0.139,0.614,0.114,0.509,65.94,55.37
"2024-10-25 15:00:00",6147,12.6,410,0,0.266,1.34,6.67,0.119,0.59,0.091,0.49,64.57,53.59
"2024-10-25 15:30:00",6148,12.6,410,0,0.267,1.43,6.6,0.126,0.584,0.097,0.479,63.8,53.49
"2024-10-25 16:00:00",6149,12.6,410,0,0.246,1.25,6.15,0.11,0.545,0.079,0.443,63.78,54.04
"2024-10-25 16:30:00",6150,12.6,410,0,0.224,1.15,5.59,0.102,0.495,0.074,0.398,64.31,54.16
"2024-10-25 17:00:00",6151,12.59,410,0,0.186,0.81,4.85,0.072,0.43,0.047,0.342,62.61,53.28
"2024-10-25 17:30:00",6152,12.6,410,0,0.113,0.18,3.36,0.016,0.297,-0.003,0.223,62.58,52.42
"2024-10-25 18:00:00",6153,12.59,410,0,0.038,-0.42,1.78,-0.038,0.158,-0.058,0.097,61.87,51.72
"2024-10-25 18:30:00",6154,12.59,410,0,-0.02,-0.91,0.56,-0.082,0.05,-0.098,0.003,59.9,50.58
"2024-10-25 19:00:00",6155,12.58,410,0,-0.044,-1.11,0.04,-0.099,0.003,-0.11,-0.043,60.49,49.75
"2024-10-25 19:30:00",6156,12.58,410,0,-0.052,-1.14,-0.18,-0.101,-0.017,-0.115,-0.052,60.69,51.95
"2024-10-25 20:00:00",6157,12.57,410,0,-0.058,-1.19,-0.29,-0.106,-0.026,-0.117,-0.067,60.89,50.14
"2024-10-25 20:30:00",6158,12.57,410,0,-0.064,-1.24,-0.43,-0.111,-0.039,-0.121,-0.076,61.03,49.86
"2024-10-25 21:00:00",6159,12.57,410,0,-0.071,-1.34,-0.51,-0.119,-0.046,-0.129,-0.083,61.45,50.18
"2024-10-25 21:30:00",6160,12.57,410,0,-0.074,-1.36,-0.58,-0.121,-0.052,-0.129,-0.085,61.5,50.64
"2024-10-25 22:00:00",6161,12.57,410,0,-0.078,-1.36,-0.69,-0.121,-0.062,-0.131,-0.092,60.3,50.97
"2024-10-25 22:30:00",6162,12.57,410,0,-0.078,-1.4,-0.66,-0.124,-0.059,-0.135,-0.092,59.91,51.43
"2024-10-25 23:00:00",6163,12.56,410,0,-0.073,-1.3,-0.62,-0.116,-0.056,-0.129,-0.089,61.98,49.87
"2024-10-25 23:30:00",6164,12.56,410,0,-0.078,-1.39,-0.65,-0.124,-0.059,-0.134,-0.089,60.57,51.08
"2024-10-26 00:00:00",6165,12.56,410,0,-0.08,-1.39,-0.73,-0.124,-0.065,-0.137,-0.095,61.41,51.4
"2024-10-26 00:30:00",6166,12.56,410,0,-0.081,-1.44,-0.69,-0.129,-0.062,-0.139,-0.097,60.38,51.22
"2024-10-26 01:00:00",6167,12.56,410,0,-0.082,-1.4,-0.76,-0.125,-0.068,-0.135,-0.1,61.19,51.03
"2024-10-26 01:30:00",6168,12.56,410,0,-0.082,-1.42,-0.75,-0.127,-0.068,-0.135,-0.094,62.04,50.62
"2024-10-26 02:00:00",6169,12.56,410,0,-0.081,-1.39,-0.75,-0.124,-0.068,-0.135,-0.097,62.15,50.31
"2024-10-26 02:30:00",6170,12.56,410,0,-0.082,-1.45,-0.72,-0.129,-0.065,-0.137,-0.097,60.95,50.63
"2024-10-26 03:00:00",6171,12.56,410,0,-0.08,-1.42,-0.69,-0.127,-0.062,-0.134,-0.094,61.14,51.55
"2024-10-26 03:30:00",6172,12.56,410,0,-0.081,-1.43,-0.69,-0.128,-0.062,-0.138,-0.092,61.27,50.95
"2024-10-26 04:00:00",6173,12.56,410,0,-0.082,-1.46,-0.69,-0.13,-0.062,-0.14,-0.095,61.65,50.07
"2024-10-26 04:30:00",6174,12.56,410,0,-0.081,-1.41,-0.73,-0.125,-0.066,-0.138,-0.098,60.51,49.93
"2024-10-26 05:00:00",6175,12.56,410,0,-0.081,-1.4,-0.73,-0.124,-0.065,-0.135,-0.098,60.02,50.54
"2024-10-26 05:30:00",6176,12.56,410,0,-0.078,-1.38,-0.69,-0.123,-0.062,-0.133,-0.094,61.43,51.69
"2024-10-26 06:00:00",6177,12.55,410,0,-0.081,-1.4,-0.75,-0.125,-0.068,-0.135,-0.1,61.65,52.17
"2024-10-26 06:30:00",6178,12.55,410,0,-0.082,-1.4,-0.76,-0.125,-0.068,-0.133,-0.097,61.29,51.96
"2024-10-26 07:00:00",6179,12.56,410,0,-0.082,-1.42,-0.75,-0.127,-0.067,-0.135,-0.093,61.77,51.19
"2024-10-26 07:30:00",6180,12.55,410,0,-0.078,-1.35,-0.72,-0.121,-0.065,-0.131,-0.1,61.72,50.72
"2024-10-26 08:00:00",6181,12.56,410,0,-0.076,-1.3,-0.71,-0.116,-0.064,-0.124,-0.094,62.91,52.33
"2024-10-26 08:30:00",6182,12.55,410,0,-0.062,-1.21,-0.39,-0.108,-0.035,-0.119,-0.072,61.92,51.34
"2024-10-26 09:00:00",6183,12.56,410,0,-0.027,-0.95,0.36,-0.085,0.032,-0.096,-0.012,63.85,52.86
"2024-10-26 09:30:00",6184,12.56,410,0,0.061,-0.28,2.3,-0.026,0.204,-0.043,0.143,63.44,53.55
"2024-10-26 10:00:00",6185,12.56,410,0,0.124,0.17,3.73,0.015,0.33,-0.005,0.261,65.83,52.33
"2024-10-26 10:30:00",6186,12.56,410,0,0.181,0.66,4.89,0.058,0.433,0.037,0.358,65.76,54.93
"2024-10-26 11:00:00",6187,12.56,410,0,0.226,1.08,5.75,0.096,0.509,0.074,0.413,66.43,56.03
"2024-10-26 11:30:00",6188,12.57,410,0,0.267,1.39,6.66,0.123,0.589,0.101,0.496,65.78,55.05
"2024-10-26 12:00:00",6189,12.57,410,0,0.301,1.67,7.36,0.148,0.652,0.119,0.532,64.97,55.4
"2024-10-26 12:30:00",6190,12.57,410,0,0.279,1.46,6.95,0.129,0.615,-99,0.528,-99,54.42
"2024-10-26 13:00:00",6191,12.57,410,0,0.321,1.87,7.72,0.165,0.684,0.13,0.58,62.58,53.27
"2024-10-26 13:30:00",6192,12.57,410,0,0.321,1.82,7.78,0.161,0.688,0.131,0.574,63.6,52.76
"2024-10-26 14:00:00",6193,12.57,410,0,0.3,1.7,7.28,0.151,0.644,0.119,0.525,65.29,54.3
"2024-10-26 14:30:00",6194,12.57,410,0,0.282,1.54,6.92,0.136,0.613,0.108,0.506,64.84,54.53
"2024-10-26 15:00:00",6195,12.57,410,0,0.284,1.46,7.1,0.129,0.628,0.098,0.514,63.18,52.77
"2024-10-26 15:30:00",6196,12.57,410,0,0.261,1.31,6.57,0.116,0.581,0.085,0.471,63.73,54.42
"2024-10-26 16:00:00",6197,12.57,410,0,0.247,1.2,6.27,0.106,0.555,0.077,0.455,62.28,54.48
"2024-10-26 16:30:00",6198,12.57,410,0,0.221,1.02,5.67,0.091,0.501,0.062,0.402,63.34,54.86
"2024-10-26 17:00:00",6199,12.57,410,0,0.182,0.7,4.86,0.062,0.43,0.034,0.338,62.06,54.15
"2024-10-26 17:30:00",6200,12.57,410,0,0.101,0.06,3.13,0.005,0.277,-0.016,0.207,62.06,51.64
"2024-10-26 18:00:00",6201,12.56,410,0,0.025,-0.58,1.58,-0.053,0.14,-0.07,0.083,61,49.58
"2024-10-26 18:30:00",6202,12.56,410,0,-0.024,-0.92,0.42,-0.082,0.037,-0.099,-0.006,60.36,50.04
"2024-10-26 19:00:00",6203,12.56,410,0,-0.043,-1.08,0.04,-0.096,0.003,-0.112,-0.044,59.64,49.74
"2024-10-26 19:30:00",6204,12.55,410,0,-0.051,-1.16,-0.1,-0.103,-0.01,-0.117,-0.047,60.86,49.7
"2024-10-26 20:00:00",6205,12.54,410,0,-0.055,-1.15,-0.26,-0.103,-0.024,-0.118,-0.062,59.72,50.4
"2024-10-26 20:30:00",6206,12.54,410,0,-0.06,-1.27,-0.26,-0.113,-0.024,-0.127,-0.065,59.2,50.72
"2024-10-26 21:00:00",6207,12.53,410,0,-0.063,-1.28,-0.33,-0.114,-0.03,-0.13,-0.068,61.02,50.7
"2024-10-26 21:30:00",6208,12.53,410,0,-0.067,-1.27,-0.48,-0.114,-0.044,-0.124,-0.081,60.38,50.22
"2024-10-26 22:00:00",6209,12.53,410,0,-0.071,-1.33,-0.51,-0.119,-0.046,-0.127,-0.076,61.84,51.26
"2024-10-26 22:30:00",6210,12.53,410,0,-0.066,-1.27,-0.44,-0.114,-0.04,-0.124,-0.074,59.7,50.38
"2024-10-26 23:00:00",6211,12.52,410,0,-0.065,-1.25,-0.44,-0.112,-0.04,-0.122,-0.077,60.96,50.22
"2024-10-26 23:30:00",6212,12.52,410,0,-0.071,-1.32,-0.52,-0.118,-0.047,-0.131,-0.08,60.89,50.16
"2024-10-27 00:00:00",6213,12.52,410,0,-0.068,-1.29,-0.48,-0.115,-0.043,-0.126,-0.077,60.17,50.16
"2024-10-27 00:30:00",6214,12.52,410,0,-0.076,-1.41,-0.56,-0.126,-0.05,-0.133,-0.081,60.13,50.23
"2024-10-27 01:00:00",6215,12.52,410,0,-0.069,-1.32,-0.48,-0.118,-0.043,-0.128,-0.077,61.02,50.18
"2024-10-27 01:30:00",6216,12.51,410,0,-0.071,-1.3,-0.56,-0.116,-0.05,-0.126,-0.087,59.58,50.41
"2024-10-27 02:00:00",6217,12.51,410,0,-0.069,-1.27,-0.52,-0.113,-0.047,-0.124,-0.081,60.54,50.96
"2024-10-27 02:30:00",6218,12.51,410,0,-0.071,-1.31,-0.56,-0.117,-0.05,-0.13,-0.084,59.42,50.36
"2024-10-27 03:00:00",6219,12.51,410,0,-0.068,-1.23,-0.57,-0.109,-0.051,-0.123,-0.088,59.97,50.23
"2024-10-27 03:30:00",6220,12.51,410,0,-0.07,-1.24,-0.6,-0.111,-0.054,-0.124,-0.087,61.06,50.47
"2024-10-27 04:00:00",6221,12.5,410,0,-0.071,-1.27,-0.6,-0.113,-0.054,-0.124,-0.087,60.86,50.28
"2024-10-27 04:30:00",6222,12.5,410,0,-0.069,-1.21,-0.6,-0.108,-0.054,-0.122,-0.087,60.61,50.71
"2024-10-27 05:00:00",6223,12.5,410,0,-0.072,-1.27,-0.63,-0.113,-0.057,-0.126,-0.094,61.1,51.51
"2024-10-27 05:30:00",6224,12.49,410,0,-0.071,-1.26,-0.6,-0.113,-0.054,-0.123,-0.084,61.94,49.67
"2024-10-27 06:00:00",6225,12.49,410,0,-0.071,-1.24,-0.63,-0.111,-0.057,-0.124,-0.09,60.82,50.08
"2024-10-27 06:30:00",6226,12.49,410,0,-0.071,-1.28,-0.6,-0.114,-0.054,-0.127,-0.091,59.77,50.71
"2024-10-27 07:00:00",6227,12.49,410,0,-0.071,-1.24,-0.64,-0.111,-0.057,-0.124,-0.094,59.78,50.03
"2024-10-27 07:30:00",6228,12.48,410,0,-0.07,-1.23,-0.63,-0.11,-0.057,-0.12,-0.09,61.04,50.3
"2024-10-27 08:00:00",6229,12.48,410,0,-0.066,-1.19,-0.55,-0.107,-0.05,-0.117,-0.09,61.66,50.4
"2024-10-27 08:30:00",6230,12.48,410,0,-0.044,-1.06,-0.03,-0.095,-0.003,-0.109,-0.043,60.92,52.27
"2024-10-27 09:00:00",6231,12.48,410,0,-0.008,-0.72,0.66,-0.065,0.059,-0.077,0.012,62.41,50.99
"2024-10-27 09:30:00",6232,12.48,410,0,0.038,-0.37,1.71,-0.033,0.151,-0.05,0.1,63.25,51.67
"2024-10-27 10:00:00",6233,12.49,410,0,0.085,-0.02,2.72,-0.003,0.24,-0.018,0.18,64.14,54.66
"2024-10-27 10:30:00",6234,12.49,410,0,0.132,0.37,3.72,0.033,0.329,0.017,0.26,65.91,54.48
"2024-10-27 11:00:00",6235,12.49,410,0,0.169,0.65,4.52,0.058,0.4,0.039,0.33,66.09,54.83
"2024-10-27 11:30:00",6236,12.49,410,0,0.188,0.83,4.89,0.073,0.433,0.055,0.351,66.33,54.92
"2024-10-27 12:00:00",6237,12.5,410,0,0.204,0.86,5.35,0.076,0.474,0.051,0.391,64.87,54.55
"2024-10-27 12:30:00",6238,12.51,410,0,0.263,1.55,6.31,0.138,0.558,-99,0.47,-99,54.74
"2024-10-27 13:00:00",6239,12.51,410,0,0.284,1.61,6.88,0.143,0.609,0.103,0.49,61.1,54.29
"2024-10-27 13:30:00",6240,12.51,410,0,0.288,1.52,7.14,0.134,0.632,0.108,0.52,63.62,53.88
"2024-10-27 14:00:00",6241,12.51,410,0,0.313,1.89,7.43,0.168,0.658,0.135,0.536,64.27,52.6
"2024-10-27 14:30:00",6242,12.52,410,0,0.303,1.78,7.28,0.157,0.644,0.131,0.536,65.1,53.84
"2024-10-27 15:00:00",6243,12.51,410,0,0.285,1.52,7.04,0.135,0.623,0.103,0.506,63.19,54.97
"2024-10-27 15:30:00",6244,12.51,410,0,0.284,1.6,6.92,0.141,0.612,0.106,0.497,63.03,53.87
"2024-10-27 16:00:00",6245,12.51,410,0,0.254,1.32,6.33,0.117,0.56,0.089,0.451,65.13,53.14
"2024-10-27 16:30:00",6246,12.51,410,0,0.252,1.36,6.2,0.12,0.549,0.091,0.44,62.76,53.86
"2024-10-27 17:00:00",6247,12.51,410,0,0.215,1.09,5.4,0.096,0.478,0.065,0.377,63.54,52.53
"2024-10-27 17:30:00",6248,12.51,410,0,0.143,0.49,3.89,0.043,0.344,0.016,0.266,61.95,52.89
"2024-10-27 18:00:00",6249,12.5,410,0,0.065,-0.18,2.3,-0.016,0.204,-0.037,0.136,61.32,51.74
"2024-10-27 18:30:00",6250,12.5,410,0,-0.003,-0.7,0.8,-0.063,0.071,-0.08,0.019,59.62,50.72
"2024-10-27 19:00:00",6251,12.5,410,0,-0.034,-0.94,0.15,-0.084,0.013,-0.101,-0.028,60.64,52
"2024-10-27 19:30:00",6252,12.49,410,0,-0.046,-1.07,-0.07,-0.096,-0.007,-0.109,-0.05,59.35,50.71
"2024-10-27 20:00:00",6253,12.49,410,0,-0.053,-1.15,-0.18,-0.103,-0.017,-0.113,-0.056,60.87,50.28
"2024-10-27 20:30:00",6254,12.48,410,0,-0.055,-1.14,-0.26,-0.102,-0.024,-0.115,-0.066,59.63,49.89
"2024-10-27 21:00:00",6255,12.48,410,0,-0.057,-1.16,-0.3,-0.104,-0.027,-0.117,-0.069,60.36,50.19
"2024-10-27 21:30:00",6256,12.47,410,0,-0.06,-1.15,-0.41,-0.103,-0.037,-0.114,-0.079,59.89,50.14
"2024-10-27 22:00:00",6257,12.47,410,0,-0.068,-1.3,-0.45,-0.116,-0.041,-0.126,-0.075,59.61,50.44
"2024-10-27 22:30:00",6258,12.47,410,0,-0.068,-1.31,-0.45,-0.116,-0.041,-0.129,-0.082,59.42,49.83
"2024-10-27 23:00:00",6259,12.46,410,0,-0.067,-1.19,-0.57,-0.106,-0.051,-0.117,-0.088,60.34,50.17
"2024-10-27 23:30:00",6260,12.46,410,0,-0.071,-1.25,-0.61,-0.112,-0.054,-0.122,-0.091,60.05,49.46
"2024-10-28 00:00:00",6261,12.45,410,0,-0.068,-1.24,-0.53,-0.111,-0.047,-0.122,-0.082,59.61,50.12
"2024-10-28 00:30:00",6262,12.45,410,0,-0.069,-1.24,-0.56,-0.111,-0.051,-0.122,-0.085,59.26,50.35
"2024-10-28 01:00:00",6263,12.45,410,0,-0.08,-1.45,-0.64,-0.13,-0.058,-0.139,-0.091,58.47,51.65
"2024-10-28 01:30:00",6264,12.45,410,0,-0.072,-1.23,-0.68,-0.11,-0.061,-0.123,-0.094,60.28,50.53
"2024-10-28 02:00:00",6265,12.45,410,0,-0.072,-1.29,-0.6,-0.115,-0.054,-0.127,-0.088,59.15,49.14
"2024-10-28 02:30:00",6266,12.44,410,0,-0.072,-1.23,-0.68,-0.109,-0.061,-0.123,-0.094,59.84,49.67
"2024-10-28 03:00:00",6267,12.44,410,0,-0.079,-1.43,-0.64,-0.128,-0.057,-0.138,-0.091,60.06,50.99
"2024-10-28 03:30:00",6268,12.44,410,0,-0.074,-1.29,-0.68,-0.115,-0.061,-0.125,-0.091,59.66,50.74
"2024-10-28 04:00:00",6269,12.43,410,0,-0.074,-1.27,-0.68,-0.113,-0.061,-0.124,-0.094,61.17,50.84
"2024-10-28 04:30:00",6270,12.43,410,0,-0.07,-1.22,-0.64,-0.109,-0.057,-0.119,-0.091,61.14,50.13
"2024-10-28 05:00:00",6271,12.43,410,0,-0.071,-1.24,-0.64,-0.111,-0.057,-0.121,-0.091,61.03,50.85
"2024-10-28 05:30:00",6272,12.43,410,0,-0.075,-1.31,-0.68,-0.117,-0.061,-0.127,-0.094,60.7,50.53
"2024-10-28 06:00:00",6273,12.43,410,0,-0.074,-1.24,-0.75,-0.111,-0.068,-0.121,-0.098,61.08,50.91
"2024-10-28 06:30:00",6274,12.43,410,0,-0.072,-1.27,-0.64,-0.114,-0.057,-0.127,-0.097,59.73,50.39
"2024-10-28 07:00:00",6275,12.43,410,0,-0.073,-1.25,-0.68,-0.111,-0.061,-0.119,-0.094,60.14,49.71
"2024-10-28 07:30:00",6276,12.42,410,0,-0.074,-1.25,-0.72,-0.112,-0.065,-0.125,-0.095,59.83,50.34
"2024-10-28 08:00:00",6277,12.42,410,0,-0.077,-1.34,-0.71,-0.119,-0.064,-0.129,-0.094,60.72,50.81
"2024-10-28 08:30:00",6278,12.42,410,0,-0.052,-1.07,-0.25,-0.095,-0.023,-0.107,-0.059,61.79,50.37
"2024-10-28 09:00:00",6279,12.42,410,0,-0.014,-0.76,0.52,-0.068,0.046,-0.082,0.006,61.87,52.53
"2024-10-28 09:30:00",6280,12.42,410,0,0.026,-0.44,1.42,-0.04,0.125,-0.052,0.076,65.56,53.45
"2024-10-28 10:00:00",6281,12.43,410,0,0.081,0,2.57,0,0.227,-0.015,0.174,66.02,55.85
"2024-10-28 10:30:00",6282,12.43,410,0,0.156,0.52,4.27,0.046,0.378,0.028,0.304,64.54,55.22
"2024-10-28 11:00:00",6283,12.44,410,0,0.201,0.86,5.25,0.076,0.464,0.06,0.386,65.28,55.28
"2024-10-28 11:30:00",6284,12.44,410,0,0.234,1.18,5.87,0.104,0.52,0.088,0.438,66.33,56.17
"2024-10-28 12:00:00",6285,12.45,410,0,0.263,1.37,6.55,0.121,0.58,0.099,0.486,66.52,54.68
"2024-10-28 12:30:00",6286,12.46,410,0,0.298,1.8,7.08,0.159,0.626,-99,0.534,-99,54.98
"2024-10-28 13:00:00",6287,12.46,410,0,0.303,1.71,7.38,0.151,0.654,0.119,0.549,64.19,54.45
"2024-10-28 13:30:00",6288,12.47,410,0,0.314,1.82,7.57,0.161,0.67,0.133,0.56,64.49,54.18
"2024-10-28 14:00:00",6289,12.47,410,0,0.323,1.88,7.78,0.166,0.689,0.138,0.582,65.7,55.12
"2024-10-28 14:30:00",6290,12.48,410,0,0.302,1.69,7.37,0.15,0.652,0.128,0.55,67.56,54.73
"2024-10-28 15:00:00",6291,12.48,410,0,0.287,1.54,7.09,0.137,0.627,0.111,0.53,65.17,54.33
"2024-10-28 15:30:00",6292,12.48,410,0,0.302,1.75,7.28,0.155,0.645,0.126,0.545,64.86,54.29
"2024-10-28 16:00:00",6293,12.48,410,0,0.247,1.4,6,0.124,0.531,0.097,0.436,64.48,54.06
"2024-10-28 16:30:00",6294,12.48,410,0,0.218,1.04,5.56,0.092,0.492,0.066,0.392,62.92,54.02
"2024-10-28 17:00:00",6295,12.48,410,0,0.198,0.96,5.01,0.085,0.443,0.057,0.351,63.59,53.7
"2024-10-28 17:30:00",6296,12.48,410,0,0.121,0.28,3.49,0.024,0.309,0,0.236,61.72,53.24
"2024-10-28 18:00:00",6297,12.47,410,0,0.043,-0.36,1.85,-0.033,0.163,-0.048,0.102,61.19,51.45
"2024-10-28 18:30:00",6298,12.47,410,0,-0.018,-0.83,0.49,-0.074,0.044,-0.091,-0.006,60.44,51.11
"2024-10-28 19:00:00",6299,12.47,410,0,-0.042,-1.02,0,-0.091,0,-0.104,-0.044,59.7,49.95
"2024-10-28 19:30:00",6300,12.46,410,0,-0.052,-1.13,-0.18,-0.101,-0.017,-0.112,-0.056,60.35,51.6
"2024-10-28 20:00:00",6301,12.46,410,0,-0.054,-1.15,-0.22,-0.103,-0.02,-0.116,-0.059,60.7,50.12
"2024-10-28 20:30:00",6302,12.45,410,0,-0.057,-1.16,-0.29,-0.103,-0.027,-0.119,-0.069,60.7,50.53
"2024-10-28 21:00:00",6303,12.45,410,0,-0.063,-1.22,-0.41,-0.109,-0.037,-0.119,-0.072,60.48,51.16
"2024-10-28 21:30:00",6304,12.44,410,0,-0.064,-1.25,-0.41,-0.111,-0.037,-0.122,-0.075,61.01,50.01
"2024-10-28 22:00:00",6305,12.44,410,0,-0.064,-1.22,-0.45,-0.109,-0.041,-0.122,-0.075,61.17,50.32
"2024-10-28 22:30:00",6306,12.44,410,0,-0.068,-1.25,-0.53,-0.111,-0.047,-0.122,-0.082,59.68,50.78
"2024-10-28 23:00:00",6307,12.43,410,0,-0.068,-1.24,-0.53,-0.111,-0.047,-0.124,-0.079,60.26,50.1
"2024-10-28 23:30:00",6308,12.43,410,0,-0.066,-1.21,-0.53,-0.108,-0.048,-0.119,-0.082,60.85,51.11
"2024-10-29 00:00:00",6309,12.43,410,0,-0.069,-1.26,-0.56,-0.112,-0.05,-0.123,-0.085,60.69,51.36
"2024-10-29 00:30:00",6310,12.42,410,0,-0.069,-1.22,-0.6,-0.109,-0.054,-0.122,-0.091,61.37,50.37
"2024-10-29 01:00:00",6311,12.42,410,0,-0.073,-1.29,-0.64,-0.115,-0.058,-0.128,-0.088,60.87,50.02
"2024-10-29 01:30:00",6312,12.42,410,0,-0.071,-1.24,-0.64,-0.111,-0.058,-0.127,-0.094,60.87,49.45
"2024-10-29 02:00:00",6313,12.41,410,0,-0.073,-1.31,-0.6,-0.117,-0.054,-0.124,-0.088,60.81,51.91
"2024-10-29 02:30:00",6314,12.41,410,0,-0.075,-1.34,-0.64,-0.119,-0.058,-0.127,-0.091,60.47,49.73
"2024-10-29 03:00:00",6315,12.41,410,0,-0.077,-1.35,-0.68,-0.121,-0.061,-0.136,-0.094,59.92,50.18
"2024-10-29 03:30:00",6316,12.41,410,0,-0.074,-1.25,-0.72,-0.112,-0.064,-0.125,-0.094,61.09,49.93
"2024-10-29 04:00:00",6317,12.4,410,0,-0.072,-1.24,-0.68,-0.111,-0.061,-0.121,-0.097,60.14,49.82
"2024-10-29 04:30:00",6318,12.4,410,0,-0.079,-1.37,-0.72,-0.122,-0.064,-0.13,-0.098,60.93,50.76
"2024-10-29 05:00:00",6319,12.4,410,0,-0.076,-1.31,-0.71,-0.117,-0.064,-0.125,-0.097,60.63,49.62
"2024-10-29 05:30:00",6320,12.4,410,0,-0.086,-1.49,-0.79,-0.132,-0.071,-0.14,-0.101,60.9,51.57
"2024-10-29 06:00:00",6321,12.4,410,0,-0.073,-1.23,-0.71,-0.11,-0.064,-0.123,-0.097,60.11,50.78
"2024-10-29 06:30:00",6322,12.4,410,0,-0.078,-1.3,-0.79,-0.116,-0.071,-0.127,-0.104,60.14,51.81
"2024-10-29 07:00:00",6323,12.4,410,0,-0.077,-1.27,-0.79,-0.114,-0.071,-0.124,-0.1,59.94,51.19
"2024-10-29 07:30:00",6324,12.39,410,0,-0.074,-1.25,-0.72,-0.112,-0.064,-0.125,-0.098,60.43,50.1
"2024-10-29 08:00:00",6325,12.39,410,0,-0.076,-1.25,-0.79,-0.112,-0.07,-0.123,-0.103,61.07,50.75
"2024-10-29 08:30:00",6326,12.39,410,0,-0.063,-1.19,-0.44,-0.107,-0.04,-0.115,-0.072,62.5,51.22
"2024-10-29 09:00:00",6327,12.39,410,0,-0.034,-0.96,0.18,-0.085,0.016,-0.094,-0.025,62.4,51.81
"2024-10-29 09:30:00",6328,12.39,410,0,0.014,-0.5,1.12,-0.045,0.099,-0.054,0.054,66.33,53.39
"2024-10-29 10:00:00",6329,12.4,410,0,0.049,-0.36,2.05,-0.032,0.182,-0.042,0.137,66.33,55.17
"2024-10-29 10:30:00",6330,12.4,410,0,0.105,0.17,3.11,0.015,0.275,0,0.219,65.01,55.53
"2024-10-29 11:00:00",6331,12.41,410,0,0.128,0.22,3.78,0.02,0.334,0.01,0.273,65.8,55.49
"2024-10-29 11:30:00",6332,12.42,410,0,0.159,0.59,4.29,0.052,0.38,0.037,0.318,66.73,55.74
"2024-10-29 12:00:00",6333,12.43,410,0,0.187,0.71,5,0.063,0.443,0.047,0.379,65.73,54.32
"2024-10-29 12:30:00",6334,12.43,410,0,0.22,1.15,5.46,0.102,0.483,-99,0.408,-99,55.8
"2024-10-29 13:00:00",6335,12.44,410,0,0.241,1.26,6,0.112,0.531,0.087,0.442,64.7,55.23
"2024-10-29 13:30:00",6336,12.44,410,0,0.23,1.12,5.82,0.099,0.515,0.074,0.434,65.64,53.39
"2024-10-29 14:00:00",6337,12.44,410,0,0.258,1.41,6.32,0.124,0.56,0.099,0.467,64.73,55
"2024-10-29 14:30:00",6338,12.44,410,0,0.264,1.45,6.48,0.129,0.574,0.104,0.48,65.68,55.11
"2024-10-29 15:00:00",6339,12.44,410,0,0.244,1.2,6.18,0.106,0.547,0.075,0.449,64.56,54.82
"2024-10-29 15:30:00",6340,12.45,410,0,0.213,0.98,5.46,0.087,0.483,0.062,0.393,63.37,54.21
"2024-10-29 16:00:00",6341,12.45,410,0,0.268,1.38,6.7,0.122,0.593,0.09,0.478,62.34,53.44
"2024-10-29 16:30:00",6342,12.44,410,0,0.239,1.24,5.96,0.11,0.527,0.079,0.422,62.15,53.51
"2024-10-29 17:00:00",6343,12.44,410,0,0.186,0.78,4.89,0.069,0.433,0.044,0.341,63.76,53.61
"2024-10-29 17:30:00",6344,12.44,410,0,0.106,0.15,3.16,0.013,0.28,-0.008,0.211,63.45,53.14
"2024-10-29 18:00:00",6345,12.44,410,0,0.004,-0.7,1.05,-0.063,0.093,-0.08,0.043,61.53,51.78
"2024-10-29 18:30:00",6346,12.44,410,0,-0.037,-1.02,0.15,-0.091,0.013,-0.105,-0.031,59.36,50.72
"2024-10-29 19:00:00",6347,12.43,410,0,-0.051,-1.11,-0.18,-0.099,-0.017,-0.115,-0.056,59.99,51.09
"2024-10-29 19:30:00",6348,12.43,410,0,-0.056,-1.16,-0.26,-0.104,-0.024,-0.117,-0.063,60.64,50.74
"2024-10-29 20:00:00",6349,12.43,410,0,-0.058,-1.19,-0.29,-0.106,-0.027,-0.12,-0.066,60.75,50.33
"2024-10-29 20:30:00",6350,12.42,410,0,-0.063,-1.22,-0.41,-0.109,-0.037,-0.119,-0.069,59.97,50.49
"2024-10-29 21:00:00",6351,12.42,410,0,-0.066,-1.26,-0.45,-0.112,-0.04,-0.123,-0.075,60.08,51.34
"2024-10-29 21:30:00",6352,12.41,410,0,-0.067,-1.29,-0.45,-0.115,-0.04,-0.129,-0.079,60.39,51.48
"2024-10-29 22:00:00",6353,12.41,410,0,-0.068,-1.31,-0.45,-0.117,-0.04,-0.127,-0.075,60.82,50.5
"2024-10-29 22:30:00",6354,12.41,410,0,-0.069,-1.28,-0.52,-0.114,-0.047,-0.127,-0.085,60.13,49.71
"2024-10-29 23:00:00",6355,12.4,410,0,-0.07,-1.28,-0.56,-0.114,-0.051,-0.127,-0.085,61.31,50.31
"2024-10-29 23:30:00",6356,12.4,410,0,-0.075,-1.37,-0.6,-0.122,-0.054,-0.132,-0.088,60.7,51.38
"2024-10-30 00:00:00",6357,12.4,410,0,-0.076,-1.36,-0.63,-0.121,-0.057,-0.129,-0.091,61.01,51.69
"2024-10-30 00:30:00",6358,12.4,410,0,-0.074,-1.33,-0.63,-0.119,-0.057,-0.127,-0.091,60.7,50.8
"2024-10-30 01:00:00",6359,12.4,410,0,-0.076,-1.36,-0.63,-0.121,-0.057,-0.129,-0.084,61,51.84
"2024-10-30 01:30:00",6360,12.4,410,0,-0.08,-1.39,-0.71,-0.124,-0.063,-0.134,-0.097,61.23,49.81
"2024-10-30 02:00:00",6361,12.4,410,0,-0.08,-1.36,-0.75,-0.121,-0.067,-0.129,-0.1,61.18,50.17
"2024-10-30 02:30:00",6362,12.4,410,0,-0.083,-1.38,-0.82,-0.123,-0.073,-0.136,-0.1,61.99,50.41
"2024-10-30 03:00:00",6363,12.39,410,0,-0.086,-1.43,-0.85,-0.128,-0.076,-0.136,-0.105,59.97,51.91
"2024-10-30 03:30:00",6364,12.39,410,0,-0.083,-1.4,-0.81,-0.125,-0.073,-0.133,-0.102,61.26,52.51
"2024-10-30 04:00:00",6365,12.39,410,0,-0.082,-1.4,-0.77,-0.125,-0.069,-0.136,-0.099,60.4,51.08
"2024-10-30 04:30:00",6366,12.39,410,0,-0.083,-1.39,-0.81,-0.124,-0.072,-0.135,-0.102,61.31,52.14
"2024-10-30 05:00:00",6367,12.39,410,0,-0.085,-1.41,-0.85,-0.126,-0.076,-0.136,-0.102,60.99,50.41
"2024-10-30 05:30:00",6368,12.4,410,0,-0.085,-1.42,-0.85,-0.126,-0.076,-0.137,-0.105,62.36,50.94
"2024-10-30 06:00:00",6369,12.39,410,0,-0.083,-1.41,-0.81,-0.126,-0.073,-0.136,-0.103,61.56,50.56
"2024-10-30 06:30:00",6370,12.39,410,0,-0.083,-1.41,-0.81,-0.126,-0.073,-0.136,-0.103,62.46,50.05
"2024-10-30 07:00:00",6371,12.39,410,0,-0.085,-1.4,-0.88,-0.125,-0.079,-0.133,-0.105,61.45,50.88
"2024-10-30 07:30:00",6372,12.4,410,0,-0.083,-1.41,-0.8,-0.126,-0.072,-0.134,-0.101,63.03,51.88
"2024-10-30 08:00:00",6373,12.4,410,0,-0.081,-1.39,-0.76,-0.124,-0.068,-0.135,-0.098,61.19,51.45
"2024-10-30 08:30:00",6374,12.4,410,0,-0.064,-1.23,-0.43,-0.11,-0.039,-0.119,-0.07,63.14,50.31
"2024-10-30 09:00:00",6375,12.4,410,0,-0.028,-0.9,0.29,-0.081,0.026,-0.092,-0.009,63.81,53.65
"2024-10-30 09:30:00",6376,12.4,410,0,0.01,-0.67,1.21,-0.06,0.107,-0.075,0.055,62.76,53.45
"2024-10-30 10:00:00",6377,12.4,410,0,0.061,-0.23,2.26,-0.021,0.2,-0.038,0.146,63.86,53.13
"2024-10-30 10:30:00",6378,12.4,410,0,0.118,0.18,3.52,0.016,0.312,-0.003,0.244,63.83,56.35
"2024-10-30 11:00:00",6379,12.4,410,0,0.17,0.59,4.64,0.052,0.411,0.033,0.335,64.7,53.56
"2024-10-30 11:30:00",6380,12.41,410,0,0.201,0.87,5.25,0.077,0.464,0.061,0.39,64.73,54.99
"2024-10-30 12:00:00",6381,12.41,410,0,0.236,1.25,5.85,0.11,0.518,0.083,0.431,66.89,54.81
"2024-10-30 12:30:00",6382,12.42,410,0,0.233,1.19,5.84,0.106,0.517,0.083,0.435,64.65,55.34
"2024-10-30 13:00:00",6383,12.42,410,0,0.253,1.34,6.28,0.119,0.556,0.091,0.459,65.07,55.34
"2024-10-30 13:30:00",6384,12.42,410,0,0.269,1.39,6.7,0.123,0.593,0.1,0.497,65.62,55.2
"2024-10-30 14:00:00",6385,12.42,410,0,0.267,1.4,6.62,0.124,0.586,0.098,0.493,63.78,54.2
"2024-10-30 14:30:00",6386,12.42,410,0,0.263,1.34,6.59,0.119,0.583,0.094,0.484,67.83,55.17
"2024-10-30 15:00:00",6387,12.42,410,0,0.275,1.4,6.89,0.124,0.61,0.101,0.512,65.18,55.29
"2024-10-30 15:30:00",6388,12.42,410,0,0.252,1.19,6.43,0.106,0.569,0.074,0.466,63.56,54.4
"2024-10-30 16:00:00",6389,12.43,410,0,0.248,1.27,6.21,0.113,0.55,0.084,0.448,65.02,54.19
"2024-10-30 16:30:00",6390,12.42,410,0,0.209,0.97,5.36,0.086,0.474,0.06,0.384,64.23,53.24
"2024-10-30 17:00:00",6391,12.42,410,0,0.163,0.55,4.46,0.049,0.395,0.026,0.317,62.56,53.66
"2024-10-30 17:30:00",6392,12.42,410,0,0.106,0.12,3.21,0.011,0.284,-0.013,0.215,62.3,52.99
"2024-10-30 18:00:00",6393,12.42,410,0,0.021,-0.62,1.48,-0.056,0.131,-0.073,0.075,61.26,52.53
"2024-10-30 18:30:00",6394,12.42,410,0,-0.03,-1.02,0.38,-0.091,0.034,-0.105,-0.009,59.94,50.78
"2024-10-30 19:00:00",6395,12.41,410,0,-0.052,-1.2,-0.1,-0.107,-0.01,-0.118,-0.044,61.31,51.16
"2024-10-30 19:30:00",6396,12.41,410,0,-0.06,-1.29,-0.22,-0.115,-0.02,-0.125,-0.059,61.35,51.2
"2024-10-30 20:00:00",6397,12.41,410,0,-0.062,-1.28,-0.29,-0.114,-0.027,-0.125,-0.066,61.2,51.05
"2024-10-30 20:30:00",6398,12.41,410,0,-0.068,-1.34,-0.4,-0.119,-0.037,-0.13,-0.065,60.91,51.75
"2024-10-30 21:00:00",6399,12.4,410,0,-0.07,-1.39,-0.4,-0.124,-0.037,-0.135,-0.075,61.79,51.48
"2024-10-30 21:30:00",6400,12.4,410,0,-0.07,-1.37,-0.44,-0.122,-0.04,-0.136,-0.069,60.85,50.43
"2024-10-30 22:00:00",6401,12.4,410,0,-0.073,-1.38,-0.52,-0.123,-0.047,-0.134,-0.078,61.37,50.38
"2024-10-30 22:30:00",6402,12.4,410,0,-0.075,-1.45,-0.48,-0.129,-0.044,-0.134,-0.075,61.2,50.22
"2024-10-30 23:00:00",6403,12.4,410,0,-0.076,-1.45,-0.52,-0.129,-0.047,-0.137,-0.082,60.75,50.18
"2024-10-30 23:30:00",6404,12.4,410,0,-0.075,-1.39,-0.56,-0.124,-0.051,-0.137,-0.082,60.91,51.44
"2024-10-31 00:00:00",6405,12.39,410,0,-0.077,-1.41,-0.6,-0.125,-0.054,-0.136,-0.082,60.12,50.12
"2024-10-31 00:30:00",6406,12.39,410,0,-0.074,-1.38,-0.56,-0.123,-0.051,-0.137,-0.085,60.98,48.99
"2024-10-31 01:00:00",6407,12.39,410,0,-0.076,-1.39,-0.6,-0.124,-0.054,-0.131,-0.091,61.33,50.49
"2024-10-31 01:30:00",6408,12.39,410,0,-0.077,-1.39,-0.64,-0.124,-0.057,-0.137,-0.091,60.59,50.86
"2024-10-31 02:00:00",6409,12.38,410,0,-0.08,-1.39,-0.72,-0.124,-0.064,-0.134,-0.098,61.53,50.7
"2024-10-31 02:30:00",6410,12.38,410,0,-0.079,-1.38,-0.71,-0.123,-0.064,-0.137,-0.097,59.96,49.81
"2024-10-31 03:00:00",6411,12.38,410,0,-0.079,-1.44,-0.63,-0.128,-0.057,-0.136,-0.094,60.66,51.76
"2024-10-31 03:30:00",6412,12.38,410,0,-0.08,-1.45,-0.64,-0.13,-0.057,-0.14,-0.091,60.48,50.58
"2024-10-31 04:00:00",6413,12.38,410,0,-0.079,-1.36,-0.72,-0.121,-0.064,-0.132,-0.095,61.14,51.82
"2024-10-31 04:30:00",6414,12.38,410,0,-0.079,-1.38,-0.71,-0.123,-0.064,-0.134,-0.094,61.7,50.71
"2024-10-31 05:00:00",6415,12.37,410,0,-0.08,-1.41,-0.71,-0.126,-0.064,-0.136,-0.098,60.83,52.61
"2024-10-31 05:30:00",6416,12.37,410,0,-0.08,-1.42,-0.68,-0.127,-0.061,-0.137,-0.091,60.1,49.94
"2024-10-31 06:00:00",6417,12.37,410,0,-0.078,-1.35,-0.71,-0.121,-0.064,-0.129,-0.094,60.55,50.39
"2024-10-31 06:30:00",6418,12.37,410,0,-0.079,-1.35,-0.75,-0.12,-0.067,-0.131,-0.097,60.69,50.28
"2024-10-31 07:00:00",6419,12.37,410,0,-0.082,-1.39,-0.79,-0.124,-0.071,-0.132,-0.104,59.39,50.91
"2024-10-31 07:30:00",6420,12.37,410,0,-0.08,-1.39,-0.72,-0.124,-0.064,-0.135,-0.101,60.01,50.85
"2024-10-31 08:00:00",6421,12.37,410,0,-0.076,-1.32,-0.68,-0.118,-0.061,-0.131,-0.091,61.1,50.53
"2024-10-31 08:30:00",6422,12.37,410,0,-0.059,-1.23,-0.26,-0.109,-0.024,-0.118,-0.06,62.44,52.54
"2024-10-31 09:00:00",6423,12.37,410,0,-0.015,-0.84,0.6,-0.075,0.053,-0.087,0.012,62.73,50.74
"2024-10-31 09:30:00",6424,12.37,410,0,0.05,-0.32,2.02,-0.029,0.179,-0.045,0.121,63.42,51.33
"2024-10-31 10:00:00",6425,12.37,410,0,0.107,0.09,3.3,0.008,0.292,-0.011,0.231,64.52,54.52
"2024-10-31 10:30:00",6426,12.37,410,0,0.163,0.51,4.52,0.045,0.4,0.029,0.32,64.67,54.52
"2024-10-31 11:00:00",6427,12.37,410,0,0.219,0.98,5.67,0.087,0.501,0.067,0.413,66.96,54.14
"2024-10-31 11:30:00",6428,12.37,410,0,0.243,1.19,6.14,0.105,0.543,0.083,0.448,65.46,52.38
"2024-10-31 12:00:00",6429,12.37,410,0,0.258,1.31,6.48,0.116,0.573,0.093,0.469,65.56,54.57
