"TOA5","CR300Series_405","CR300","27023","CR300-RF407.Std.10.03","CPU:CR300_sapflow.CR300","32345","Table2"
"TIMESTAMP","RECORD","BattV_Min","id","SDI1","SapFlwTot1","VhOuter1","VhInner1","AlphaOut1","AlphaIn1","BetaOut1","BetaIn1","tMaxTout1","tMaxTin1"
"TS","RN","Volts","","","literPerHour","heatVelocity","heatVelocity","logTRatio","logTRatio","logTRatio","logTRatio","second","second"
"","","Min","Smp","Smp","Smp","Smp","Smp","Smp","Smp","Smp","Smp","Smp","Smp"
"2025-04-17 16:00:00",12938,13.07,405,1,-0.094,-0.33,-0.3,-0.03,-0.028,-0.09,-0.23,53.75,47.65
"2025-04-17 16:30:00",12939,13.05,405,1,-0.095,-0.32,-0.32,-0.029,-0.029,-0.102,-0.242,52.82,46.46
"2025-04-17 17:00:00",12940,13.05,405,1,-0.105,-0.34,-0.37,-0.031,-0.034,-0.098,-0.242,53.41,46.22
"2025-04-17 17:30:00",12941,13.04,405,1,-0.113,-0.36,-0.4,-0.033,-0.036,-0.098,-0.244,53.48,45.61
"2025-04-17 18:00:00",12942,13.04,405,1,-0.129,-0.41,-0.46,-0.037,-0.041,-0.101,-0.245,54.3,46.42
"2025-04-17 18:30:00",12943,13.04,405,1,-0.156,-0.47,-0.58,-0.042,-0.052,-0.105,-0.253,53.25,46.06
"2025-04-17 19:00:00",12944,13.04,405,1,-0.204,-0.62,-0.75,-0.056,-0.067,-0.121,-0.263,51.37,45.85
"2025-04-17 19:30:00",12945,13.03,405,1,-0.271,-0.86,-0.96,-0.077,-0.086,-0.143,-0.283,51.79,44.6
"2025-04-17 20:00:00",12946,13.02,405,1,-0.27,-0.76,-1.06,-0.068,-0.094,-0.132,-0.287,51.81,45.03
"2025-04-17 20:30:00",12947,13.01,405,1,-0.283,-0.77,-1.14,-0.069,-0.102,-0.129,-0.289,52.25,44.22
"2025-04-17 21:00:00",12948,13,405,1,-0.292,-0.8,-1.17,-0.071,-0.105,-0.13,-0.289,52.71,44.68
"2025-04-17 21:30:00",12949,12.99,405,1,-0.292,-0.78,-1.19,-0.07,-0.106,-0.127,-0.288,53.2,44.49
"2025-04-17 22:00:00",12950,12.98,405,1,-0.293,-0.76,-1.22,-0.068,-0.109,-0.123,-0.286,52.71,45.26
"2025-04-17 22:30:00",12951,12.97,405,1,-0.284,-0.73,-1.19,-0.065,-0.106,-0.123,-0.284,52.57,44.53
"2025-04-17 23:00:00",12952,12.97,405,1,-0.297,-0.78,-1.22,-0.07,-0.109,-0.127,-0.284,52.92,44.47
"2025-04-17 23:30:00",12953,12.96,405,1,-0.321,-0.88,-1.28,-0.079,-0.114,-0.136,-0.286,53.21,45.17
"2025-04-18 00:00:00",12954,12.95,405,1,-0.334,-0.94,-1.31,-0.084,-0.117,-0.136,-0.286,52.73,44.44
"2025-04-18 00:30:00",12955,12.95,405,1,-0.31,-0.82,-1.27,-0.074,-0.113,-0.131,-0.286,53.62,45.58
"2025-04-18 01:00:00",12956,12.95,405,1,-0.315,-0.85,-1.27,-0.076,-0.113,-0.131,-0.286,51.68,44.48
"2025-04-18 01:30:00",12957,12.95,405,1,-0.326,-0.93,-1.26,-0.083,-0.113,-0.135,-0.285,52.72,45.52
"2025-04-18 02:00:00",12958,12.95,405,1,-0.319,-0.88,-1.27,-0.079,-0.113,-0.134,-0.288,52.79,44.75
"2025-04-18 02:30:00",12959,12.94,405,1,-0.319,-0.88,-1.27,-0.079,-0.114,-0.134,-0.286,52.94,45.06
"2025-04-18 03:00:00",12960,12.94,405,1,-0.324,-0.88,-1.3,-0.078,-0.116,-0.133,-0.283,51.9,44.86
"2025-04-18 03:30:00",12961,12.95,405,1,-0.304,-0.82,-1.23,-0.074,-0.11,-0.129,-0.285,53.35,45.73
"2025-04-18 04:00:00",12962,12.95,405,1,-0.327,-0.9,-1.3,-0.081,-0.116,-0.133,-0.286,52.58,45.64
"2025-04-18 04:30:00",12963,12.94,405,1,-0.328,-0.88,-1.33,-0.079,-0.118,-0.132,-0.288,52.65,45.19
"2025-04-18 05:00:00",12964,12.94,405,1,-0.334,-0.91,-1.34,-0.082,-0.119,-0.134,-0.289,53.32,44.86
"2025-04-18 05:30:00",12965,12.94,405,1,-0.321,-0.86,-1.3,-0.077,-0.116,-0.131,-0.286,52.37,44.76
"2025-04-18 06:00:00",12966,12.94,405,1,-0.324,-0.91,-1.27,-0.081,-0.114,-0.134,-0.284,52,45.22
"2025-04-18 06:30:00",12967,12.94,405,1,-0.318,-0.87,-1.27,-0.078,-0.113,-0.129,-0.284,52.47,44.7
"2025-04-18 07:00:00",12968,12.94,405,1,-0.321,-0.88,-1.28,-0.079,-0.114,-0.127,-0.279,53.41,45.63
"2025-04-18 07:30:00",12969,12.94,405,1,-0.292,-0.77,-1.2,-0.069,-0.107,-0.119,-0.276,54.05,45.61
"2025-04-18 08:00:00",12970,12.94,405,1,-0.272,-0.75,-1.08,-0.067,-0.097,-0.115,-0.263,55.64,46.5
"2025-04-18 08:30:00",12971,12.95,405,1,-0.186,-0.47,-0.79,-0.043,-0.071,-0.082,-0.237,59.52,48.16
"2025-04-18 09:00:00",12972,12.95,405,1,-0.19,-0.67,-0.6,-0.06,-0.054,-0.087,-0.209,59.43,50.98
"2025-04-18 09:30:00",12973,12.97,405,1,-0.316,-1.57,-0.51,-0.14,-0.046,-0.146,-0.183,56.35,52.91
"2025-04-18 10:00:00",12974,12.98,405,1,0.125,0.58,0.24,0.051,0.021,-99,-0.147,-99,56.05
"2025-04-18 10:30:00",12975,13,405,1,0.057,0.78,-0.44,0.069,-0.04,-0.042,-0.236,56.18,47.33
"2025-04-18 11:00:00",12976,13.02,405,1,0.064,0.49,-0.08,0.044,-0.008,-0.053,-0.232,59.3,47.69
"2025-04-18 11:30:00",12977,13.03,405,1,-0.173,-1.02,-0.11,-0.091,-0.01,-0.138,-0.223,51.53,46.43
"2025-04-18 12:00:00",12978,13.03,405,1,-0.063,-0.28,-0.14,-0.025,-0.013,-0.099,-0.231,52.91,46.4
"2025-04-18 12:30:00",12979,13.04,405,1,0.016,0.05,0.06,0.004,0.005,-0.059,-0.213,55.62,47.6
"2025-04-18 13:00:00",12980,13.04,405,1,-0.086,-0.41,-0.16,-0.037,-0.015,-0.1,-0.224,54.05,48.95
"2025-04-18 13:30:00",12981,13.04,405,1,-0.052,-0.19,-0.16,-0.017,-0.015,-0.085,-0.224,54.97,47.63
"2025-04-18 14:00:00",12982,13.05,405,1,-0.084,-0.37,-0.19,-0.033,-0.018,-0.098,-0.229,53.24,47.57
"2025-04-18 14:30:00",12983,13.05,405,1,-0.084,-0.35,-0.21,-0.032,-0.02,-0.089,-0.225,55.65,47.64
"2025-04-18 15:00:00",12984,13.05,405,1,-0.051,-0.16,-0.19,-0.015,-0.018,-0.082,-0.229,56.54,49.77
"2025-04-18 15:30:00",12985,13.05,405,1,-0.077,-0.3,-0.22,-0.028,-0.02,-0.085,-0.229,55.13,44.62
"2025-04-18 16:00:00",12986,13.06,405,1,-0.108,-0.42,-0.3,-0.038,-0.027,-0.098,-0.227,53.35,47
"2025-04-18 16:30:00",12987,13.06,405,1,-0.106,-0.37,-0.34,-0.034,-0.031,-0.101,-0.237,53.32,46.72
"2025-04-18 17:00:00",12988,13.06,405,1,-0.113,-0.39,-0.37,-0.036,-0.033,-0.103,-0.242,52.86,46.93
"2025-04-18 17:30:00",12989,13.06,405,1,-0.102,-0.32,-0.37,-0.029,-0.034,-0.096,-0.243,53.58,47.65
"2025-04-18 18:00:00",12990,13.05,405,1,-0.111,-0.32,-0.43,-0.029,-0.039,-0.096,-0.246,54.65,46.79
"2025-04-18 18:30:00",12991,13.05,405,1,-0.17,-0.56,-0.58,-0.05,-0.053,-0.113,-0.259,52.7,45.78
"2025-04-18 19:00:00",12992,13.05,405,1,-0.196,-0.55,-0.77,-0.05,-0.069,-0.112,-0.266,52.6,45.41
"2025-04-18 19:30:00",12993,13.04,405,1,-0.256,-0.75,-0.97,-0.067,-0.086,-0.131,-0.278,51.72,44.95
"2025-04-18 20:00:00",12994,13.04,405,1,-0.265,-0.71,-1.08,-0.064,-0.097,-0.123,-0.283,51.88,44.69
"2025-04-18 20:30:00",12995,13.03,405,1,-0.264,-0.7,-1.08,-0.063,-0.097,-0.121,-0.28,53.7,44.69
"2025-04-18 21:00:00",12996,13.02,405,1,-0.285,-0.75,-1.17,-0.067,-0.104,-0.127,-0.285,52.77,46
"2025-04-18 21:30:00",12997,13.01,405,1,-0.287,-0.8,-1.13,-0.072,-0.101,-0.124,-0.282,53.02,45.83
"2025-04-18 22:00:00",12998,13.01,405,1,-0.291,-0.8,-1.16,-0.071,-0.103,-0.124,-0.28,52.84,44.39
"2025-04-18 22:30:00",12999,13.01,405,1,-0.291,-0.81,-1.15,-0.073,-0.103,-0.126,-0.28,53.87,46.26
"2025-04-18 23:00:00",13000,13.01,405,1,-0.28,-0.75,-1.14,-0.067,-0.102,-0.124,-0.276,54.61,46.42
"2025-04-18 23:30:00",13001,13.01,405,1,-0.285,-0.77,-1.15,-0.069,-0.102,-0.124,-0.281,52.81,46.61
"2025-04-19 00:00:00",13002,13,405,1,-0.289,-0.77,-1.18,-0.069,-0.105,-0.126,-0.277,53.06,45.46
"2025-04-19 00:30:00",13003,13,405,1,-0.29,-0.82,-1.13,-0.074,-0.101,-0.127,-0.278,53.89,45.45
"2025-04-19 01:00:00",13004,13,405,1,-0.306,-0.85,-1.21,-0.076,-0.108,-0.131,-0.28,53.38,44.79
"2025-04-19 01:30:00",13005,13,405,1,-0.306,-0.87,-1.19,-0.078,-0.107,-0.13,-0.281,53.14,45.95
"2025-04-19 02:00:00",13006,13,405,1,-0.291,-0.8,-1.16,-0.071,-0.104,-0.122,-0.281,52.9,44.45
"2025-04-19 02:30:00",13007,13,405,1,-0.299,-0.85,-1.16,-0.076,-0.103,-0.129,-0.279,53.13,45.11
"2025-04-19 03:00:00",13008,13,405,1,-0.293,-0.82,-1.15,-0.073,-0.103,-0.128,-0.28,53.18,44.59
"2025-04-19 03:30:00",13009,13,405,1,-0.295,-0.8,-1.19,-0.072,-0.107,-0.127,-0.281,52.66,46.15
"2025-04-19 04:00:00",13010,12.99,405,1,-0.297,-0.83,-1.17,-0.074,-0.104,-0.129,-0.282,52.4,45.63
"2025-04-19 04:30:00",13011,12.99,405,1,-0.306,-0.83,-1.23,-0.074,-0.11,-0.13,-0.283,53.55,45.11
"2025-04-19 05:00:00",13012,12.99,405,1,-0.31,-0.86,-1.23,-0.077,-0.11,-0.128,-0.281,52.54,44.94
"2025-04-19 05:30:00",13013,12.98,405,1,-0.305,-0.8,-1.26,-0.072,-0.112,-0.125,-0.282,52.93,44.76
"2025-04-19 06:00:00",13014,12.98,405,1,-0.3,-0.84,-1.18,-0.075,-0.105,-0.126,-0.278,53.31,45.56
"2025-04-19 06:30:00",13015,12.98,405,1,-0.305,-0.86,-1.19,-0.077,-0.107,-0.132,-0.282,52.52,45.75
"2025-04-19 07:00:00",13016,12.99,405,1,-0.279,-0.76,-1.12,-0.068,-0.1,-0.124,-0.276,53.84,45.82
"2025-04-19 07:30:00",13017,12.98,405,1,-0.263,-0.74,-1.03,-0.067,-0.092,-0.12,-0.272,53.25,45.49
"2025-04-19 08:00:00",13018,12.98,405,1,-0.209,-0.6,-0.81,-0.054,-0.072,-0.108,-0.256,54.76,46.17
"2025-04-19 08:30:00",13019,12.98,405,1,-0.205,-0.59,-0.79,-0.053,-0.071,-0.111,-0.257,53.52,46.75
"2025-04-19 09:00:00",13020,12.98,405,1,-0.182,-0.48,-0.75,-0.043,-0.067,-0.101,-0.253,55.3,47.12
"2025-04-19 09:30:00",13021,12.98,405,1,-0.139,-0.35,-0.59,-0.032,-0.053,-0.088,-0.239,56.49,46.65
"2025-04-19 10:00:00",13022,12.99,405,1,0.138,0.72,0.18,0.064,0.016,-99,-0.169,-99,50.96
"2025-04-19 10:30:00",13023,12.99,405,1,0.003,0.11,-0.1,0.01,-0.01,-0.04,-0.2,60.3,49.78
"2025-04-19 11:00:00",13024,12.99,405,1,0.137,0.96,-0.08,0.085,-0.008,-0.01,-0.227,61.39,47.39
"2025-04-19 11:30:00",13025,13,405,1,-0.181,-0.96,-0.23,-0.086,-0.021,-0.14,-0.234,50.76,46.91
"2025-04-19 12:00:00",13026,13,405,1,-0.04,-0.22,-0.05,-0.02,-0.005,-0.082,-0.223,54.02,47.41
"2025-04-19 12:30:00",13027,13,405,1,-0.031,-0.16,-0.05,-0.015,-0.005,-0.078,-0.221,55.94,47.35
"2025-04-19 13:00:00",13028,13.01,405,1,-0.134,-0.69,-0.19,-0.062,-0.017,-0.119,-0.217,53.36,47.84
"2025-04-19 13:30:00",13029,13.01,405,1,-0.047,-0.21,-0.11,-0.02,-0.01,-0.084,-0.221,54.33,46.89
"2025-04-19 14:00:00",13030,13.01,405,1,-0.074,-0.39,-0.1,-0.035,-0.01,-0.096,-0.22,54.52,47.49
"2025-04-19 14:30:00",13031,13.01,405,1,-0.046,-0.21,-0.1,-0.019,-0.01,-0.084,-0.221,55.47,47.46
"2025-04-19 15:00:00",13032,13.01,405,1,-0.078,-0.19,-0.34,-0.018,-0.031,-0.092,-0.242,54.34,47.42
"2025-04-19 15:30:00",13033,13.01,405,1,-0.084,-0.14,-0.44,-0.014,-0.039,-0.093,-0.248,53.15,46.38
"2025-04-19 16:00:00",13034,13.01,405,1,-0.052,-0.25,-0.1,-0.023,-0.01,-0.082,-0.219,55.12,47.53
"2025-04-19 16:30:00",13035,13.01,405,1,-0.084,-0.25,-0.32,-0.023,-0.029,-0.1,-0.244,53.64,47.03
"2025-04-19 17:00:00",13036,13.01,405,1,-0.146,-0.4,-0.59,-0.036,-0.053,-0.103,-0.258,52.81,45.9
"2025-04-19 17:30:00",13037,13.01,405,1,-0.184,-0.53,-0.71,-0.048,-0.064,-0.114,-0.264,53.02,46.09
"2025-04-19 18:00:00",13038,13.01,405,1,-0.203,-0.56,-0.81,-0.05,-0.072,-0.114,-0.269,53.18,45.32
"2025-04-19 18:30:00",13039,13,405,1,-0.191,-0.55,-0.74,-0.049,-0.066,-0.111,-0.264,53.65,46.21
"2025-04-19 19:00:00",13040,13,405,1,-0.232,-0.69,-0.87,-0.062,-0.078,-0.123,-0.268,51.53,45.34
"2025-04-19 19:30:00",13041,12.99,405,1,-0.254,-0.73,-0.98,-0.066,-0.087,-0.127,-0.282,52.27,45.65
"2025-04-19 20:00:00",13042,12.99,405,1,-0.257,-0.72,-1.01,-0.064,-0.09,-0.123,-0.282,53.52,45.34
"2025-04-19 20:30:00",13043,12.99,405,1,-0.27,-0.73,-1.09,-0.066,-0.098,-0.124,-0.282,52.79,45.45
"2025-04-19 21:00:00",13044,12.98,405,1,-0.288,-0.79,-1.15,-0.071,-0.103,-0.124,-0.284,53.15,45.55
"2025-04-19 21:30:00",13045,12.98,405,1,-0.292,-0.8,-1.17,-0.072,-0.105,-0.126,-0.283,52.85,45.67
"2025-04-19 22:00:00",13046,12.98,405,1,-0.286,-0.77,-1.16,-0.069,-0.104,-0.123,-0.28,53.91,45.05
"2025-04-19 22:30:00",13047,12.97,405,1,-0.306,-0.85,-1.21,-0.076,-0.108,-0.129,-0.284,53.33,45.31
"2025-04-19 23:00:00",13048,12.97,405,1,-0.288,-0.79,-1.15,-0.071,-0.103,-0.125,-0.284,51.84,45.9
"2025-04-19 23:30:00",13049,12.97,405,1,-0.3,-0.81,-1.21,-0.073,-0.108,-0.127,-0.289,52.82,45.22
"2025-04-20 00:00:00",13050,12.96,405,1,-0.311,-0.87,-1.22,-0.078,-0.109,-0.134,-0.286,52.75,45.15
"2025-04-20 00:30:00",13051,12.96,405,1,-0.306,-0.83,-1.23,-0.074,-0.11,-0.13,-0.287,51.68,45.32
"2025-04-20 01:00:00",13052,12.96,405,1,-0.309,-0.85,-1.23,-0.077,-0.109,-0.132,-0.289,52.62,45.28
"2025-04-20 01:30:00",13053,12.96,405,1,-0.31,-0.86,-1.23,-0.077,-0.11,-0.131,-0.29,52.05,44.28
"2025-04-20 02:00:00",13054,12.95,405,1,-0.304,-0.81,-1.24,-0.072,-0.111,-0.124,-0.283,52.97,46.2
"2025-04-20 02:30:00",13055,12.95,405,1,-0.309,-0.85,-1.23,-0.076,-0.109,-0.13,-0.29,52.29,45.77
"2025-04-20 03:00:00",13056,12.94,405,1,-0.31,-0.84,-1.25,-0.075,-0.112,-0.129,-0.285,52.32,45.39
"2025-04-20 03:30:00",13057,12.95,405,1,-0.31,-0.84,-1.25,-0.075,-0.111,-0.131,-0.284,53.42,44.71
"2025-04-20 04:00:00",13058,12.94,405,1,-0.321,-0.87,-1.29,-0.078,-0.115,-0.13,-0.285,51.68,45.33
"2025-04-20 04:30:00",13059,12.94,405,1,-0.301,-0.81,-1.22,-0.073,-0.109,-0.127,-0.28,53.82,45.79
"2025-04-20 05:00:00",13060,12.94,405,1,-0.303,-0.82,-1.22,-0.073,-0.109,-0.127,-0.287,52.51,45.06
"2025-04-20 05:30:00",13061,12.94,405,1,-0.31,-0.84,-1.25,-0.076,-0.111,-0.129,-0.283,52.82,45.89
"2025-04-20 06:00:00",13062,12.94,405,1,-0.298,-0.79,-1.22,-0.07,-0.109,-0.125,-0.278,53.39,45.63
"2025-04-20 06:30:00",13063,12.94,405,1,-0.317,-0.91,-1.22,-0.082,-0.109,-0.131,-0.285,53.23,45.21
"2025-04-20 07:00:00",13064,12.93,405,1,-0.274,-0.74,-1.11,-0.067,-0.099,-0.116,-0.276,55.01,45.05
"2025-04-20 07:30:00",13065,12.94,405,1,-0.258,-0.68,-1.06,-0.061,-0.095,-0.109,-0.267,54.69,46.25
"2025-04-20 08:00:00",13066,12.93,405,1,-0.232,-0.67,-0.89,-0.06,-0.08,-0.108,-0.256,55.55,47.53
"2025-04-20 08:30:00",13067,12.93,405,1,-0.181,-0.53,-0.69,-0.048,-0.062,-0.101,-0.246,55.18,47.58
"2025-04-20 09:00:00",13068,12.94,405,1,-0.138,-0.42,-0.51,-0.038,-0.046,-0.091,-0.232,55.97,47.95
"2025-04-20 09:30:00",13069,12.95,405,1,-0.094,-0.38,-0.25,-0.034,-0.023,-0.102,-0.224,54.21,47.03
"2025-04-20 10:00:00",13070,12.95,405,1,-0.062,-0.26,-0.16,-0.024,-0.015,-0.084,-0.219,56.75,48.31
"2025-04-20 10:30:00",13071,12.95,405,1,-0.084,-0.26,-0.31,-0.024,-0.028,-0.086,-0.228,55.1,48.75
"2025-04-20 11:00:00",13072,12.95,405,1,-0.054,-0.18,-0.19,-0.017,-0.018,-0.077,-0.227,57.55,48.55
"2025-04-20 11:30:00",13073,12.95,405,1,-0.028,-0.11,-0.08,-0.011,-0.008,-0.076,-0.215,55.66,47.39
"2025-04-20 12:00:00",13074,12.96,405,1,-0.056,-0.24,-0.14,-0.022,-0.013,-0.085,-0.221,55.41,47.13
"2025-04-20 12:30:00",13075,12.96,405,1,-0.039,-0.18,-0.08,-0.017,-0.008,-0.069,-0.22,56.26,47.98
"2025-04-20 13:00:00",13076,12.96,405,1,-0.081,-0.38,-0.16,-0.035,-0.015,-0.09,-0.216,55.34,47.33
"2025-04-20 13:30:00",13077,12.96,405,1,-0.046,-0.09,-0.23,-0.009,-0.021,-0.08,-0.232,53.54,45.51
"2025-04-20 14:00:00",13078,12.96,405,1,-0.045,-0.14,-0.17,-0.013,-0.016,-0.073,-0.232,54.76,46.59
"2025-04-20 14:30:00",13079,12.96,405,1,-0.043,-0.18,-0.11,-0.017,-0.01,-0.076,-0.227,54.34,48.41
"2025-04-20 15:00:00",13080,12.96,405,1,-0.065,-0.27,-0.17,-0.025,-0.016,-0.092,-0.231,54.45,48.11
"2025-04-20 15:30:00",13081,12.96,405,1,-0.12,-0.51,-0.29,-0.046,-0.026,-0.107,-0.237,53.63,47.02
"2025-04-20 16:00:00",13082,12.96,405,1,-0.109,-0.41,-0.32,-0.037,-0.029,-0.104,-0.241,53.29,46.52
"2025-04-20 16:30:00",13083,12.96,405,1,-0.098,-0.3,-0.36,-0.028,-0.032,-0.1,-0.251,53.47,44.47
"2025-04-20 17:00:00",13084,12.96,405,1,-0.105,-0.33,-0.38,-0.03,-0.035,-0.099,-0.25,52.84,47.75
"2025-04-20 17:30:00",13085,12.96,405,1,-0.211,-0.87,-0.53,-0.078,-0.048,-0.133,-0.252,51.97,46.19
"2025-04-20 18:00:00",13086,12.95,405,1,-0.24,-0.79,-0.82,-0.071,-0.073,-0.135,-0.28,50.82,45.04
"2025-04-20 18:30:00",13087,12.95,405,1,-0.249,-0.7,-0.98,-0.063,-0.088,-0.13,-0.286,51.29,44.78
"2025-04-20 19:00:00",13088,12.94,405,1,-0.246,-0.64,-1.02,-0.058,-0.091,-0.125,-0.292,50.96,44.45
"2025-04-20 19:30:00",13089,12.93,405,1,-0.311,-0.94,-1.15,-0.084,-0.102,-0.145,-0.292,52.28,44.26
"2025-04-20 20:00:00",13090,12.93,405,1,-0.28,-0.74,-1.15,-0.067,-0.102,-0.129,-0.295,51.94,43.76
"2025-04-20 20:30:00",13091,12.92,405,1,-0.306,-0.88,-1.18,-0.079,-0.105,-0.136,-0.293,51.45,44.84
"2025-04-20 21:00:00",13092,12.91,405,1,-0.286,-0.73,-1.2,-0.066,-0.107,-0.127,-0.295,52.29,44.11
"2025-04-20 21:30:00",13093,12.91,405,1,-0.324,-0.92,-1.26,-0.083,-0.113,-0.137,-0.295,51.73,45.21
"2025-04-20 22:00:00",13094,12.89,405,1,-0.307,-0.81,-1.26,-0.073,-0.113,-0.13,-0.293,51.92,45.15
"2025-04-20 22:30:00",13095,12.89,405,1,-0.31,-0.82,-1.27,-0.074,-0.113,-0.133,-0.291,51.63,45.53
"2025-04-20 23:00:00",13096,12.89,405,1,-0.312,-0.87,-1.23,-0.078,-0.11,-0.134,-0.291,52.47,45.01
"2025-04-20 23:30:00",13097,12.88,405,1,-0.319,-0.89,-1.26,-0.079,-0.112,-0.132,-0.29,52.86,44.57
"2025-04-21 00:00:00",13098,12.88,405,1,-0.324,-0.92,-1.26,-0.082,-0.112,-0.136,-0.288,52.4,45.63
"2025-04-21 00:30:00",13099,12.87,405,1,-0.331,-0.91,-1.32,-0.082,-0.118,-0.134,-0.291,51.97,44.52
"2025-04-21 01:00:00",13100,12.87,405,1,-0.324,-0.89,-1.29,-0.08,-0.115,-0.132,-0.29,52.46,44.43
"2025-04-21 01:30:00",13101,12.86,405,1,-0.324,-0.92,-1.26,-0.082,-0.112,-0.136,-0.289,52.26,44.91
"2025-04-21 02:00:00",13102,12.86,405,1,-0.306,-0.83,-1.23,-0.074,-0.11,-0.126,-0.281,53.57,44.97
"2025-04-21 02:30:00",13103,12.86,405,1,-0.304,-0.8,-1.25,-0.072,-0.112,-0.124,-0.282,53.4,45.11
"2025-04-21 03:00:00",13104,12.86,405,1,-0.314,-0.89,-1.22,-0.079,-0.109,-0.129,-0.281,52.82,45.63
"2025-04-21 03:30:00",13105,12.86,405,1,-0.333,-0.95,-1.29,-0.085,-0.115,-0.134,-0.283,52.77,45.58
"2025-04-21 04:00:00",13106,12.87,405,1,-0.33,-0.92,-1.3,-0.082,-0.116,-0.136,-0.287,52.3,44.84
"2025-04-21 04:30:00",13107,12.86,405,1,-0.328,-0.92,-1.29,-0.082,-0.115,-0.132,-0.281,52.72,45.11
"2025-04-21 05:00:00",13108,12.86,405,1,-0.319,-0.89,-1.26,-0.08,-0.112,-0.13,-0.283,53.53,45.93
"2025-04-21 05:30:00",13109,12.86,405,1,-0.318,-0.86,-1.28,-0.077,-0.114,-0.129,-0.282,53.7,45.26
"2025-04-21 06:00:00",13110,12.86,405,1,-0.319,-0.89,-1.26,-0.08,-0.112,-0.13,-0.282,53.27,45.92
"2025-04-21 06:30:00",13111,12.87,405,1,-0.301,-0.81,-1.22,-0.073,-0.109,-0.125,-0.282,53.28,44.58
"2025-04-21 07:00:00",13112,12.86,405,1,-0.268,-0.71,-1.1,-0.064,-0.098,-0.121,-0.277,53.24,45.9
"2025-04-21 07:30:00",13113,12.86,405,1,-0.258,-0.73,-1.01,-0.066,-0.09,-0.113,-0.263,54.42,46.82
"2025-04-21 08:00:00",13114,12.86,405,1,-0.181,-0.57,-0.65,-0.051,-0.058,-0.108,-0.244,54.68,46.92
"2025-04-21 08:30:00",13115,12.87,405,1,-0.125,-0.33,-0.52,-0.03,-0.047,-0.083,-0.235,57.36,47.52
"2025-04-21 09:00:00",13116,12.87,405,1,-0.166,-0.58,-0.53,-0.052,-0.048,-0.114,-0.241,52.12,47.02
"2025-04-21 09:30:00",13117,12.88,405,1,-0.203,-1.01,-0.33,-0.09,-0.03,-0.132,-0.221,54.95,48.45
"2025-04-21 10:00:00",13118,12.88,405,1,-0.148,-0.78,-0.19,-0.07,-0.018,-0.113,-0.213,54.08,47.57
"2025-04-21 10:30:00",13119,12.88,405,1,-0.019,-0.08,-0.05,-0.008,-0.005,-0.063,-0.204,58.31,49.63
"2025-04-21 11:00:00",13120,12.89,405,1,0.019,0.02,0.11,0.002,0.01,-0.056,-0.199,58.08,49.39
"2025-04-21 11:30:00",13121,12.89,405,1,-0.067,-0.17,-0.29,-0.016,-0.027,-0.087,-0.233,54.23,46.37
"2025-04-21 12:00:00",13122,12.89,405,1,-0.059,-0.21,-0.19,-0.02,-0.018,-0.085,-0.223,54.68,48.48
"2025-04-21 12:30:00",13123,12.9,405,1,-0.025,-0.01,-0.17,-0.002,-0.016,-0.065,-0.225,56.37,48.35
"2025-04-21 13:00:00",13124,12.9,405,1,-0.112,-0.55,-0.19,-0.049,-0.018,-0.108,-0.224,53.49,48.13
"2025-04-21 13:30:00",13125,12.9,405,1,-0.036,-0.09,-0.16,-0.008,-0.015,-0.066,-0.222,56.7,46.61
"2025-04-21 14:00:00",13126,12.9,405,1,-0.112,-0.47,-0.28,-0.042,-0.026,-0.102,-0.228,53.56,44.98
"2025-04-21 14:30:00",13127,12.9,405,1,-0.098,-0.43,-0.22,-0.039,-0.021,-0.096,-0.225,54.14,48.21
"2025-04-21 15:00:00",13128,12.9,405,1,-0.057,-0.25,-0.13,-0.023,-0.012,-0.075,-0.214,57.31,48.05
"2025-04-21 15:30:00",13129,12.91,405,1,-0.076,-0.26,-0.25,-0.024,-0.023,-0.086,-0.228,55.63,47.62
"2025-04-21 16:00:00",13130,12.91,405,1,-0.121,-0.44,-0.37,-0.04,-0.034,-0.095,-0.235,53.09,47
"2025-04-21 16:30:00",13131,12.91,405,1,-0.133,-0.48,-0.41,-0.043,-0.037,-0.103,-0.245,53.63,47.7
"2025-04-21 17:00:00",13132,12.9,405,1,-0.171,-0.64,-0.5,-0.058,-0.045,-0.115,-0.245,52.93,47.01
"2025-04-21 17:30:00",13133,12.9,405,1,-0.156,-0.51,-0.54,-0.046,-0.048,-0.106,-0.252,52.25,46.47
"2025-04-21 18:00:00",13134,12.9,405,1,-0.193,-0.53,-0.77,-0.048,-0.069,-0.115,-0.269,51.63,45.28
"2025-04-21 18:30:00",13135,12.9,405,1,-0.228,-0.71,-0.82,-0.063,-0.074,-0.127,-0.268,52.69,44.52
"2025-04-21 19:00:00",13136,12.89,405,1,-0.256,-0.73,-0.99,-0.066,-0.088,-0.125,-0.277,52.57,45.39
"2025-04-21 19:30:00",13137,12.89,405,1,-0.288,-0.82,-1.12,-0.073,-0.1,-0.13,-0.287,52.99,44.56
"2025-04-21 20:00:00",13138,12.88,405,1,-0.296,-0.84,-1.15,-0.075,-0.103,-0.134,-0.288,52.74,44.72
"2025-04-21 20:30:00",13139,12.88,405,1,-0.307,-0.83,-1.24,-0.074,-0.111,-0.129,-0.288,52.43,45.66
"2025-04-21 21:00:00",13140,12.87,405,1,-0.312,-0.83,-1.27,-0.075,-0.113,-0.131,-0.29,53.77,44.91
"2025-04-21 21:30:00",13141,12.87,405,1,-0.312,-0.83,-1.27,-0.074,-0.113,-0.13,-0.285,52.38,45.61
"2025-04-21 22:00:00",13142,12.86,405,1,-0.319,-0.88,-1.27,-0.079,-0.113,-0.129,-0.288,52.71,45.1
"2025-04-21 22:30:00",13143,12.86,405,1,-0.315,-0.88,-1.24,-0.079,-0.11,-0.131,-0.29,52.23,45.62
"2025-04-21 23:00:00",13144,12.86,405,1,-0.325,-0.9,-1.29,-0.081,-0.115,-0.13,-0.288,53.42,44.83
"2025-04-21 23:30:00",13145,12.86,405,1,-0.312,-0.87,-1.23,-0.078,-0.11,-0.13,-0.283,53.48,44.78
"2025-04-22 00:00:00",13146,12.85,405,1,-0.316,-0.87,-1.26,-0.078,-0.112,-0.132,-0.287,53.3,45.69
"2025-04-22 00:30:00",13147,12.85,405,1,-0.309,-0.82,-1.26,-0.073,-0.112,-0.128,-0.284,53.75,44.74
"2025-04-22 01:00:00",13148,12.85,405,1,-0.312,-0.86,-1.24,-0.077,-0.111,-0.127,-0.282,52.89,45.29
"2025-04-22 01:30:00",13149,12.85,405,1,-0.329,-0.93,-1.28,-0.083,-0.114,-0.133,-0.284,53.04,45.44
"2025-04-22 02:00:00",13150,12.85,405,1,-0.318,-0.86,-1.28,-0.077,-0.114,-0.127,-0.282,53.01,45.98
"2025-04-22 02:30:00",13151,12.85,405,1,-0.319,-0.87,-1.28,-0.078,-0.114,-0.13,-0.284,53.63,44.78
"2025-04-22 03:00:00",13152,12.85,405,1,-0.318,-0.88,-1.26,-0.079,-0.112,-0.133,-0.283,52.52,46.33
"2025-04-22 03:30:00",13153,12.85,405,1,-0.309,-0.86,-1.22,-0.077,-0.109,-0.127,-0.28,53.99,45.14
"2025-04-22 04:00:00",13154,12.84,405,1,-0.307,-0.82,-1.25,-0.073,-0.112,-0.126,-0.282,53.91,45.89
"2025-04-22 04:30:00",13155,12.84,405,1,-0.319,-0.86,-1.29,-0.077,-0.115,-0.132,-0.286,53.64,45.46
"2025-04-22 05:00:00",13156,12.84,405,1,-0.321,-0.89,-1.27,-0.079,-0.113,-0.132,-0.286,52.43,45.66
"2025-04-22 05:30:00",13157,12.84,405,1,-0.322,-0.88,-1.29,-0.079,-0.115,-0.131,-0.288,52.54,46.03
"2025-04-22 06:00:00",13158,12.84,405,1,-0.316,-0.87,-1.26,-0.078,-0.112,-0.13,-0.281,53.01,46.08
"2025-04-22 06:30:00",13159,12.84,405,1,-0.307,-0.84,-1.23,-0.076,-0.109,-0.128,-0.279,52.7,45.35
"2025-04-22 07:00:00",13160,12.83,405,1,-0.294,-0.79,-1.19,-0.071,-0.106,-0.124,-0.279,53.9,45.62
"2025-04-22 07:30:00",13161,12.83,405,1,-0.289,-0.79,-1.16,-0.071,-0.103,-0.123,-0.274,53.76,46.16
"2025-04-22 08:00:00",13162,12.84,405,1,-0.276,-0.73,-1.13,-0.065,-0.1,-0.116,-0.278,54.2,46.18
"2025-04-22 08:30:00",13163,12.83,405,1,-0.259,-0.66,-1.09,-0.059,-0.097,-0.115,-0.273,53.76,46.57
"2025-04-22 09:00:00",13164,12.83,405,1,-0.238,-0.67,-0.93,-0.06,-0.083,-0.115,-0.262,55.18,47.73
"2025-04-22 09:30:00",13165,12.83,405,1,-0.262,-0.98,-0.77,-0.088,-0.069,-0.129,-0.231,53.7,49.02
"2025-04-22 10:00:00",13166,12.83,405,1,0.258,1.81,-0.16,0.16,-0.015,-99,-0.217,-99,49.54
"2025-04-22 10:30:00",13167,12.84,405,1,-0.299,-1.32,-0.66,-0.118,-0.059,-0.17,-0.235,50.45,47.85
"2025-04-22 11:00:00",13168,12.84,405,1,0.081,0.57,-0.05,0.051,-0.005,-0.029,-0.228,57.19,46.67
"2025-04-22 11:30:00",13169,12.84,405,1,-0.074,-0.23,-0.27,-0.021,-0.024,-0.089,-0.234,52.82,46.89
"2025-04-22 12:00:00",13170,12.85,405,1,-0.103,-0.39,-0.3,-0.036,-0.027,-0.103,-0.241,52.63,47.53
"2025-04-22 12:30:00",13171,12.85,405,1,0.037,0.26,-0.02,0.023,-0.003,-0.044,-0.216,57.66,47.57
"2025-04-22 13:00:00",13172,12.85,405,1,-0.035,-0.02,-0.23,-0.002,-0.021,-0.079,-0.222,55.07,47.73
"2025-04-22 13:30:00",13173,12.85,405,1,-0.049,-0.22,-0.11,-0.021,-0.011,-0.09,-0.225,53.42,47.07
"2025-04-22 14:00:00",13174,12.85,405,1,-0.013,-0.07,-0.02,-0.007,-0.003,-0.076,-0.224,55.01,47.83
"2025-04-22 14:30:00",13175,12.85,405,1,-0.058,-0.25,-0.14,-0.023,-0.013,-0.087,-0.224,54.09,47.07
"2025-04-22 15:00:00",13176,12.85,405,1,-0.021,-0.14,0,-0.013,0,-0.072,-0.212,56.52,47.27
"2025-04-22 15:30:00",13177,12.85,405,1,-0.052,-0.19,-0.16,-0.018,-0.015,-0.078,-0.225,55.9,46.8
"2025-04-22 16:00:00",13178,12.86,405,1,-0.066,-0.22,-0.23,-0.02,-0.021,-0.084,-0.231,54.86,47.83
"2025-04-22 16:30:00",13179,12.85,405,1,-0.096,-0.26,-0.39,-0.024,-0.035,-0.099,-0.252,52.21,45.45
"2025-04-22 17:00:00",13180,12.85,405,1,-0.09,-0.25,-0.36,-0.023,-0.033,-0.097,-0.247,53.2,47.01
"2025-04-22 17:30:00",13181,12.85,405,1,-0.099,-0.31,-0.36,-0.028,-0.033,-0.1,-0.25,53.52,45.66
"2025-04-22 18:00:00",13182,12.85,405,1,-0.16,-0.47,-0.61,-0.042,-0.055,-0.106,-0.26,53.4,45.8
"2025-04-22 18:30:00",13183,12.85,405,1,-0.203,-0.56,-0.81,-0.05,-0.073,-0.114,-0.274,51.36,44.76
"2025-04-22 19:00:00",13184,12.84,405,1,-0.259,-0.74,-1,-0.067,-0.089,-0.129,-0.277,51.64,45.55
"2025-04-22 19:30:00",13185,12.84,405,1,-0.278,-0.77,-1.1,-0.069,-0.098,-0.129,-0.289,51.83,45.06
"2025-04-22 20:00:00",13186,12.83,405,1,-0.303,-0.88,-1.16,-0.078,-0.104,-0.133,-0.288,51.93,44.9
"2025-04-22 20:30:00",13187,12.83,405,1,-0.317,-0.94,-1.19,-0.084,-0.107,-0.139,-0.29,51.97,45.78
"2025-04-22 21:00:00",13188,12.82,405,1,-0.311,-0.87,-1.22,-0.078,-0.109,-0.135,-0.288,52.81,45.05
"2025-04-22 21:30:00",13189,12.82,405,1,-0.306,-0.81,-1.25,-0.073,-0.112,-0.13,-0.292,52.39,44.53
"2025-04-22 22:00:00",13190,12.82,405,1,-0.319,-0.85,-1.3,-0.076,-0.116,-0.132,-0.294,52.18,45.67
"2025-04-22 22:30:00",13191,12.81,405,1,-0.32,-0.9,-1.25,-0.08,-0.112,-0.135,-0.286,52.97,44.7
"2025-04-22 23:00:00",13192,12.81,405,1,-0.315,-0.87,-1.25,-0.078,-0.112,-0.131,-0.289,52.23,45.62
"2025-04-22 23:30:00",13193,12.81,405,1,-0.312,-0.89,-1.21,-0.08,-0.108,-0.13,-0.286,52.27,45.24
"2025-04-23 00:00:00",13194,12.81,405,1,-0.321,-0.9,-1.26,-0.08,-0.112,-0.133,-0.292,51.44,45.5
"2025-04-23 00:30:00",13195,12.8,405,1,-0.303,-0.85,-1.19,-0.076,-0.107,-0.133,-0.29,53.48,44.78
"2025-04-23 01:00:00",13196,12.8,405,1,-0.301,-0.81,-1.22,-0.072,-0.109,-0.128,-0.284,53.01,45.97
"2025-04-23 01:30:00",13197,12.8,405,1,-0.309,-0.85,-1.23,-0.076,-0.109,-0.129,-0.29,52.25,45.07
"2025-04-23 02:00:00",13198,12.79,405,1,-0.314,-0.88,-1.23,-0.079,-0.11,-0.129,-0.29,51.56,45.21
"2025-04-23 02:30:00",13199,12.79,405,1,-0.304,-0.82,-1.23,-0.073,-0.109,-0.129,-0.29,52.7,45.51
"2025-04-23 03:00:00",13200,12.79,405,1,-0.332,-0.94,-1.29,-0.084,-0.115,-0.136,-0.29,52.35,45.99
"2025-04-23 03:30:00",13201,12.79,405,1,-0.303,-0.82,-1.22,-0.073,-0.109,-0.127,-0.288,52.28,45.51
"2025-04-23 04:00:00",13202,12.79,405,1,-0.314,-0.88,-1.23,-0.079,-0.11,-0.134,-0.287,52.53,44.93
"2025-04-23 04:30:00",13203,12.78,405,1,-0.304,-0.82,-1.23,-0.073,-0.11,-0.129,-0.287,52.64,45.87
"2025-04-23 05:00:00",13204,12.78,405,1,-0.307,-0.84,-1.23,-0.075,-0.109,-0.129,-0.284,52.17,44.98
"2025-04-23 05:30:00",13205,12.78,405,1,-0.315,-0.85,-1.27,-0.076,-0.113,-0.136,-0.287,51.96,44.78
"2025-04-23 06:00:00",13206,12.78,405,1,-0.298,-0.78,-1.23,-0.07,-0.11,-0.124,-0.287,52.98,45.54
"2025-04-23 06:30:00",13207,12.78,405,1,-0.283,-0.72,-1.19,-0.064,-0.106,-0.12,-0.283,53.81,45.78
"2025-04-23 07:00:00",13208,12.77,405,1,-0.264,-0.75,-1.03,-0.068,-0.092,-0.121,-0.273,53.53,45.51
"2025-04-23 07:30:00",13209,12.77,405,1,-0.238,-0.67,-0.93,-0.061,-0.083,-0.119,-0.27,52.92,46.98
"2025-04-23 08:00:00",13210,12.77,405,1,-0.184,-0.51,-0.73,-0.046,-0.066,-0.102,-0.254,54.93,46.08
"2025-04-23 08:30:00",13211,12.77,405,1,-0.151,-0.45,-0.57,-0.041,-0.052,-0.099,-0.248,54.76,47.31
"2025-04-23 09:00:00",13212,12.77,405,1,-0.16,-0.48,-0.6,-0.043,-0.054,-0.1,-0.248,54.24,47.21
"2025-04-23 09:30:00",13213,12.77,405,1,-0.02,-0.05,-0.09,-0.006,-0.009,-99,-0.173,-99,52.86
"2025-04-23 10:00:00",13214,12.77,405,1,-0.234,-0.98,-0.57,-0.088,-0.051,-0.164,-0.244,50.04,47.7
"2025-04-23 10:30:00",13215,12.77,405,1,-0.165,-0.83,-0.26,-0.075,-0.024,-0.128,-0.227,51.62,47.92
"2025-04-23 11:00:00",13216,12.78,405,1,0.002,0.03,-0.02,0.002,-0.003,-0.072,-0.221,55.43,47.83
"2025-04-23 11:30:00",13217,12.78,405,1,-0.056,-0.29,-0.08,-0.026,-0.008,-0.096,-0.229,53.17,47.65
"2025-04-23 12:00:00",13218,12.78,405,1,-0.03,-0.18,-0.02,-0.016,-0.003,-0.086,-0.227,54.27,46.67
"2025-04-23 12:30:00",13219,12.78,405,1,0.064,0.27,0.15,0.024,0.013,-0.05,-0.212,56.51,47.4
"2025-04-23 13:00:00",13220,12.78,405,1,-0.065,-0.32,-0.11,-0.029,-0.011,-0.09,-0.222,54.37,48.43
"2025-04-23 13:30:00",13221,12.78,405,1,-0.042,-0.2,-0.08,-0.019,-0.008,-0.092,-0.228,52.59,47.07
"2025-04-23 14:00:00",13222,12.79,405,1,-0.002,0.03,-0.05,0.002,-0.005,-0.068,-0.226,55.07,47.89
"2025-04-23 14:30:00",13223,12.78,405,1,-0.021,-0.07,-0.08,-0.007,-0.008,-0.073,-0.221,56.35,47.25
"2025-04-23 15:00:00",13224,12.78,405,1,-0.075,-0.33,-0.17,-0.03,-0.016,-0.094,-0.228,53.55,47.2
"2025-04-23 15:30:00",13225,12.79,405,1,-0.075,-0.22,-0.29,-0.02,-0.026,-0.083,-0.229,55.97,47.12
"2025-04-23 16:00:00",13226,12.79,405,1,-0.088,-0.3,-0.29,-0.028,-0.027,-0.094,-0.239,54.3,46.7
"2025-04-23 16:30:00",13227,12.78,405,1,-0.098,-0.29,-0.37,-0.027,-0.034,-0.099,-0.245,51.61,45.68
"2025-04-23 17:00:00",13228,12.78,405,1,-0.132,-0.51,-0.37,-0.046,-0.034,-0.113,-0.245,51.67,46.57
"2025-04-23 17:30:00",13229,12.78,405,1,-0.144,-0.56,-0.4,-0.051,-0.036,-0.119,-0.252,52.14,45.79
"2025-04-23 18:00:00",13230,12.78,405,1,-0.143,-0.5,-0.46,-0.045,-0.041,-0.109,-0.251,53.41,45.65
"2025-04-23 18:30:00",13231,12.78,405,1,-0.169,-0.51,-0.63,-0.046,-0.056,-0.113,-0.263,52.19,46
"2025-04-23 19:00:00",13232,12.77,405,1,-0.191,-0.62,-0.66,-0.056,-0.06,-0.117,-0.266,51.86,45.35
"2025-04-23 19:30:00",13233,12.77,405,1,-0.256,-0.78,-0.94,-0.07,-0.084,-0.136,-0.284,50.86,44.93
"2025-04-23 20:00:00",13234,12.76,405,1,-0.261,-0.7,-1.06,-0.063,-0.095,-0.13,-0.293,51.13,44.78
"2025-04-23 20:30:00",13235,12.76,405,1,-0.295,-0.8,-1.19,-0.072,-0.106,-0.135,-0.295,51.71,44.79
"2025-04-23 21:00:00",13236,12.75,405,1,-0.308,-0.88,-1.19,-0.079,-0.106,-0.137,-0.295,51.57,44.8
"2025-04-23 21:30:00",13237,12.74,405,1,-0.306,-0.88,-1.18,-0.079,-0.105,-0.137,-0.292,52.29,44.26
"2025-04-23 22:00:00",13238,12.73,405,1,-0.36,-1.13,-1.28,-0.101,-0.114,-0.151,-0.297,50.93,44.57
"2025-04-23 22:30:00",13239,12.73,405,1,-0.312,-0.86,-1.24,-0.077,-0.111,-0.133,-0.29,52.31,45.54
"2025-04-23 23:00:00",13240,12.72,405,1,-0.34,-0.95,-1.34,-0.085,-0.119,-0.142,-0.295,52.3,45.37
"2025-04-23 23:30:00",13241,12.71,405,1,-0.325,-0.86,-1.33,-0.077,-0.118,-0.132,-0.291,52.48,45.96
"2025-04-24 00:00:00",13242,12.71,405,1,-0.315,-0.86,-1.26,-0.077,-0.112,-0.133,-0.288,52.15,44.96
"2025-04-24 00:30:00",13243,12.71,405,1,-0.325,-0.89,-1.3,-0.08,-0.116,-0.135,-0.29,52.22,44.35
"2025-04-24 01:00:00",13244,12.7,405,1,-0.328,-0.9,-1.31,-0.081,-0.117,-0.132,-0.288,52.3,45.11
"2025-04-24 01:30:00",13245,12.7,405,1,-0.311,-0.82,-1.28,-0.073,-0.114,-0.127,-0.29,53.56,44.86
"2025-04-24 02:00:00",13246,12.7,405,1,-0.358,-1.08,-1.32,-0.096,-0.118,-0.144,-0.291,51.88,44.85
"2025-04-24 02:30:00",13247,12.69,405,1,-0.365,-1.09,-1.36,-0.098,-0.121,-0.148,-0.297,51.15,44.38
"2025-04-24 03:00:00",13248,12.7,405,1,-0.293,-0.76,-1.22,-0.068,-0.109,-0.125,-0.288,53.24,45.06
"2025-04-24 03:30:00",13249,12.69,405,1,-0.312,-0.85,-1.25,-0.076,-0.112,-0.13,-0.288,52.66,44.9
"2025-04-24 04:00:00",13250,12.69,405,1,-0.34,-0.97,-1.32,-0.087,-0.118,-0.138,-0.29,52.74,45.12
"2025-04-24 04:30:00",13251,12.69,405,1,-0.399,-1.27,-1.4,-0.114,-0.125,-0.158,-0.295,50.2,44.68
"2025-04-24 05:00:00",13252,12.68,405,1,-0.319,-0.84,-1.31,-0.076,-0.117,-0.129,-0.286,52.74,45.96
"2025-04-24 05:30:00",13253,12.68,405,1,-0.357,-1.05,-1.35,-0.094,-0.12,-0.144,-0.291,52.28,44.93
"2025-04-24 06:00:00",13254,12.68,405,1,-0.325,-0.88,-1.31,-0.078,-0.117,-0.132,-0.286,52.31,44.44
"2025-04-24 06:30:00",13255,12.68,405,1,-0.308,-0.81,-1.27,-0.073,-0.113,-0.124,-0.285,52.36,46
"2025-04-24 07:00:00",13256,12.67,405,1,-0.313,-0.85,-1.26,-0.076,-0.112,-0.127,-0.282,53.69,46.07
"2025-04-24 07:30:00",13257,12.68,405,1,-0.298,-0.81,-1.2,-0.072,-0.107,-0.119,-0.276,54.12,46.26
"2025-04-24 08:00:00",13258,12.68,405,1,-0.138,0.02,-0.98,0.002,-0.088,-0.049,-0.256,61.22,46.94
"2025-04-24 08:30:00",13259,12.68,405,1,-0.217,-0.62,-0.84,-0.056,-0.076,-0.1,-0.246,57.03,47.34
"2025-04-24 09:00:00",13260,12.69,405,1,-0.315,-1.46,-0.62,-0.13,-0.056,-0.144,-0.198,58.94,51.75
"2025-04-24 09:30:00",13261,12.7,405,1,-0.071,-0.28,-0.2,-0.026,-0.018,-99,-99,-99,-99
"2025-04-24 10:00:00",13262,12.7,405,1,-0.423,-2.05,-0.73,-0.182,-0.066,-0.224,-0.232,47.97,48.02
"2025-04-24 10:30:00",13263,12.71,405,1,-0.264,-1.37,-0.36,-0.122,-0.032,-0.2,-0.234,47.23,47.12
"2025-04-24 11:00:00",13264,12.72,405,1,0.032,0.29,-0.09,0.026,-0.009,-0.074,-0.237,52.13,45.37
"2025-04-24 11:30:00",13265,12.73,405,1,-0.05,-0.28,-0.05,-0.026,-0.006,-0.106,-0.234,51.4,45.47
"2025-04-24 12:00:00",13266,12.73,405,1,-0.009,-0.02,-0.05,-0.002,-0.006,-0.077,-0.231,53.97,46.79
"2025-04-24 12:30:00",13267,12.74,405,1,0.065,0.44,-0.02,0.039,-0.003,-0.033,-0.224,57.15,47.88
"2025-04-24 13:00:00",13268,12.74,405,1,-0.1,-0.37,-0.3,-0.034,-0.027,-0.101,-0.238,52.82,46.31
"2025-04-24 13:30:00",13269,12.73,405,1,-0.051,-0.23,-0.11,-0.021,-0.011,-0.091,-0.226,53.91,46.73
"2025-04-24 14:00:00",13270,12.74,405,1,-0.042,-0.09,-0.2,-0.009,-0.019,-0.081,-0.231,54.81,47.2
"2025-04-24 14:30:00",13271,12.74,405,1,-0.067,-0.31,-0.14,-0.029,-0.013,-0.085,-0.223,56.35,48.59
"2025-04-24 15:00:00",13272,12.74,405,1,-0.04,-0.16,-0.11,-0.015,-0.011,-0.077,-0.226,55.98,47.39
"2025-04-24 15:30:00",13273,12.74,405,1,-0.047,-0.12,-0.2,-0.011,-0.019,-0.078,-0.235,54.7,47.52
"2025-04-24 16:00:00",13274,12.74,405,1,-0.078,-0.38,-0.14,-0.034,-0.013,-0.091,-0.227,52.97,47.61
"2025-04-24 16:30:00",13275,12.74,405,1,-0.139,-0.51,-0.42,-0.046,-0.038,-0.115,-0.248,51.5,46.82
"2025-04-24 17:00:00",13276,12.74,405,1,-0.133,-0.46,-0.43,-0.041,-0.039,-0.108,-0.251,52.07,45.57
"2025-04-24 17:30:00",13277,12.73,405,1,-0.114,-0.34,-0.43,-0.031,-0.039,-0.098,-0.253,53.95,46.09
"2025-04-24 18:00:00",13278,12.73,405,1,-0.137,-0.37,-0.56,-0.034,-0.05,-0.104,-0.258,52.29,46.62
"2025-04-24 18:30:00",13279,12.73,405,1,-0.169,-0.45,-0.69,-0.041,-0.062,-0.11,-0.265,53.38,46.2
"2025-04-24 19:00:00",13280,12.73,405,1,-0.205,-0.56,-0.82,-0.05,-0.074,-0.114,-0.267,53.51,45.07
"2025-04-24 19:30:00",13281,12.72,405,1,-0.248,-0.73,-0.94,-0.066,-0.084,-0.13,-0.282,51.32,44.56
"2025-04-24 20:00:00",13282,12.71,405,1,-0.285,-0.79,-1.13,-0.071,-0.101,-0.137,-0.291,50.66,44.72
"2025-04-24 20:30:00",13283,12.71,405,1,-0.3,-0.83,-1.19,-0.074,-0.106,-0.135,-0.293,50.91,44.55
"2025-04-24 21:00:00",13284,12.7,405,1,-0.307,-0.85,-1.22,-0.076,-0.108,-0.137,-0.297,52.02,44.67
"2025-04-24 21:30:00",13285,12.7,405,1,-0.306,-0.85,-1.21,-0.076,-0.108,-0.132,-0.293,52.42,44.82
"2025-04-24 22:00:00",13286,12.69,405,1,-0.316,-0.85,-1.28,-0.076,-0.114,-0.134,-0.295,51.69,43.67
"2025-04-24 22:30:00",13287,12.68,405,1,-0.329,-0.93,-1.28,-0.084,-0.114,-0.14,-0.295,52.16,43.98
"2025-04-24 23:00:00",13288,12.68,405,1,-0.318,-0.9,-1.24,-0.08,-0.111,-0.134,-0.29,51.2,45.11
"2025-04-24 23:30:00",13289,12.67,405,1,-0.321,-0.89,-1.27,-0.08,-0.113,-0.134,-0.293,51.77,45.26
"2025-04-25 00:00:00",13290,12.66,405,1,-0.33,-0.92,-1.3,-0.083,-0.116,-0.138,-0.295,52.56,45.1
"2025-04-25 00:30:00",13291,12.66,405,1,-0.326,-0.92,-1.27,-0.082,-0.113,-0.136,-0.288,52.74,45.12
"2025-04-25 01:00:00",13292,12.66,405,1,-0.316,-0.86,-1.27,-0.077,-0.113,-0.131,-0.288,52.76,45.57
"2025-04-25 01:30:00",13293,12.65,405,1,-0.319,-0.89,-1.26,-0.079,-0.113,-0.131,-0.29,52.48,45.29
"2025-04-25 02:00:00",13294,12.65,405,1,-0.333,-0.91,-1.33,-0.082,-0.118,-0.135,-0.29,52.91,45.14
"2025-04-25 02:30:00",13295,12.65,405,1,-0.325,-0.86,-1.33,-0.077,-0.118,-0.134,-0.288,52.98,44.53
"2025-04-25 03:00:00",13296,12.64,405,1,-0.328,-0.92,-1.29,-0.082,-0.115,-0.136,-0.288,51.77,44.99
"2025-04-25 03:30:00",13297,12.64,405,1,-0.336,-0.94,-1.32,-0.084,-0.118,-0.137,-0.29,52.69,45.08
"2025-04-25 04:00:00",13298,12.64,405,1,-0.322,-0.88,-1.29,-0.079,-0.115,-0.133,-0.288,52.48,44.87
"2025-04-25 04:30:00",13299,12.63,405,1,-0.327,-0.91,-1.29,-0.081,-0.115,-0.133,-0.288,52.45,44.58
"2025-04-25 05:00:00",13300,12.63,405,1,-0.327,-0.91,-1.29,-0.082,-0.115,-0.133,-0.288,53.49,44.62
"2025-04-25 05:30:00",13301,12.63,405,1,-0.313,-0.85,-1.26,-0.076,-0.112,-0.131,-0.286,53.11,45.5
"2025-04-25 06:00:00",13302,12.63,405,1,-0.331,-0.91,-1.32,-0.081,-0.118,-0.133,-0.288,52.52,46.16
"2025-04-25 06:30:00",13303,12.63,405,1,-0.324,-0.9,-1.28,-0.081,-0.114,-0.13,-0.285,52.38,44.35
"2025-04-25 07:00:00",13304,12.63,405,1,-0.308,-0.78,-1.3,-0.07,-0.116,-0.124,-0.284,53.59,45.14
"2025-04-25 07:30:00",13305,12.63,405,1,-0.295,-0.77,-1.22,-0.069,-0.109,-0.121,-0.278,54.47,46.02
"2025-04-25 08:00:00",13306,12.63,405,1,-0.074,0.31,-0.85,0.027,-0.076,-99,-0.248,-99,47.59
"2025-04-25 08:30:00",13307,12.63,405,1,-0.243,-0.66,-0.98,-0.059,-0.088,-0.107,-0.252,55.43,46.83
"2025-04-25 09:00:00",13308,12.63,405,1,-0.243,-1.02,-0.59,-0.091,-0.053,-0.105,-0.191,62.13,52.7
"2025-04-25 09:30:00",13309,12.64,405,1,-0.158,-0.82,-0.22,-0.073,-0.02,-0.085,-0.162,65.8,55.7
"2025-04-25 10:00:00",13310,12.65,405,1,-0.362,-1.91,-0.46,-0.17,-0.041,-0.187,-0.205,52.25,49.65
"2025-04-25 10:30:00",13311,12.66,405,1,-0.139,-0.67,-0.25,-0.061,-0.023,-0.123,-0.208,53.65,49.12
"2025-04-25 11:00:00",13312,12.67,405,1,-0.178,-0.82,-0.36,-0.073,-0.033,-0.136,-0.24,48.95,47.6
"2025-04-25 11:30:00",13313,12.67,405,1,-0.113,-0.54,-0.21,-0.049,-0.02,-0.12,-0.234,51.67,46.83
"2025-04-25 12:00:00",13314,12.68,405,1,-0.036,-0.07,-0.18,-0.007,-0.017,-0.074,-0.227,54.11,46.92
"2025-04-25 12:30:00",13315,12.68,405,1,0.03,0.14,0.06,0.013,0.005,-0.045,-0.212,57.44,48.18
"2025-04-25 13:00:00",13316,12.68,405,1,-0.092,-0.47,-0.14,-0.043,-0.013,-0.097,-0.219,54.86,48.25
"2025-04-25 13:30:00",13317,12.68,405,1,-0.081,-0.34,-0.2,-0.031,-0.019,-0.096,-0.232,54.4,46.81
"2025-04-25 14:00:00",13318,12.68,405,1,-0.074,-0.26,-0.24,-0.024,-0.022,-0.093,-0.236,53.88,45.86
"2025-04-25 14:30:00",13319,12.68,405,1,-0.081,-0.25,-0.3,-0.023,-0.027,-0.091,-0.235,53.47,47.13
"2025-04-25 15:00:00",13320,12.68,405,1,-0.062,-0.22,-0.2,-0.02,-0.019,-0.08,-0.228,55.12,47.11
"2025-04-25 15:30:00",13321,12.68,405,1,-0.1,-0.38,-0.29,-0.035,-0.027,-0.093,-0.231,54.28,47.36
"2025-04-25 16:00:00",13322,12.68,405,1,-0.079,-0.27,-0.26,-0.025,-0.024,-0.084,-0.231,55.8,47.94
"2025-04-25 16:30:00",13323,12.68,405,1,-0.111,-0.32,-0.43,-0.029,-0.039,-0.102,-0.25,52.82,47.46
"2025-04-25 17:00:00",13324,12.68,405,1,-0.11,-0.34,-0.4,-0.031,-0.036,-0.098,-0.251,53.33,46.3
"2025-04-25 17:30:00",13325,12.68,405,1,-0.136,-0.39,-0.53,-0.035,-0.047,-0.1,-0.253,53.55,45.7
"2025-04-25 18:00:00",13326,12.67,405,1,-0.167,-0.56,-0.56,-0.051,-0.05,-0.115,-0.253,52.11,45.76
"2025-04-25 18:30:00",13327,12.68,405,1,-0.227,-0.6,-0.93,-0.054,-0.083,-0.121,-0.274,51.89,45.39
"2025-04-25 19:00:00",13328,12.67,405,1,-0.251,-0.7,-0.99,-0.063,-0.089,-0.123,-0.28,51.42,45.9
"2025-04-25 19:30:00",13329,12.67,405,1,-0.29,-0.82,-1.13,-0.073,-0.101,-0.13,-0.288,52.95,45.35
"2025-04-25 20:00:00",13330,12.66,405,1,-0.294,-0.79,-1.19,-0.07,-0.106,-0.13,-0.29,52.37,44.61
"2025-04-25 20:30:00",13331,12.66,405,1,-0.311,-0.87,-1.22,-0.078,-0.109,-0.132,-0.288,52.61,44.6
"2025-04-25 21:00:00",13332,12.65,405,1,-0.306,-0.84,-1.22,-0.076,-0.109,-0.13,-0.289,52.38,45.03
"2025-04-25 21:30:00",13333,12.65,405,1,-0.317,-0.9,-1.23,-0.08,-0.11,-0.137,-0.29,51.86,45.09
"2025-04-25 22:00:00",13334,12.64,405,1,-0.313,-0.86,-1.25,-0.077,-0.111,-0.129,-0.288,52.18,45.67
"2025-04-25 22:30:00",13335,12.64,405,1,-0.315,-0.88,-1.24,-0.078,-0.111,-0.128,-0.286,52.9,45.98
"2025-04-25 23:00:00",13336,12.64,405,1,-0.315,-0.85,-1.27,-0.076,-0.113,-0.13,-0.285,52.35,45.58
"2025-04-25 23:30:00",13337,12.63,405,1,-0.312,-0.84,-1.26,-0.076,-0.113,-0.13,-0.282,53.16,45.3
"2025-04-26 00:00:00",13338,12.63,405,1,-0.315,-0.85,-1.27,-0.076,-0.113,-0.126,-0.285,52.92,44.9
"2025-04-26 00:30:00",13339,12.63,405,1,-0.307,-0.84,-1.23,-0.076,-0.11,-0.123,-0.282,54.08,45.91
"2025-04-26 01:00:00",13340,12.63,405,1,-0.321,-0.87,-1.29,-0.078,-0.115,-0.128,-0.282,54.15,45.71
"2025-04-26 01:30:00",13341,12.63,405,1,-0.323,-0.91,-1.26,-0.082,-0.113,-0.133,-0.285,53.35,45.33
"2025-04-26 02:00:00",13342,12.63,405,1,-0.31,-0.82,-1.27,-0.073,-0.113,-0.126,-0.283,52.6,45
"2025-04-26 02:30:00",13343,12.63,405,1,-0.323,-0.92,-1.25,-0.082,-0.112,-0.132,-0.281,53.24,47.04
"2025-04-26 03:00:00",13344,12.62,405,1,-0.319,-0.88,-1.27,-0.079,-0.113,-0.131,-0.286,53.25,46.32
"2025-04-26 03:30:00",13345,12.63,405,1,-0.324,-0.88,-1.3,-0.079,-0.116,-0.129,-0.286,53.56,45.96
"2025-04-26 04:00:00",13346,12.63,405,1,-0.318,-0.91,-1.23,-0.081,-0.11,-0.131,-0.286,52.1,44.66
"2025-04-26 04:30:00",13347,12.62,405,1,-0.314,-0.88,-1.23,-0.078,-0.11,-0.126,-0.281,52.46,44.44
"2025-04-26 05:00:00",13348,12.62,405,1,-0.319,-0.88,-1.27,-0.079,-0.113,-0.129,-0.284,53.14,45.54
"2025-04-26 05:30:00",13349,12.62,405,1,-0.33,-0.91,-1.31,-0.082,-0.116,-0.129,-0.287,53.18,44.59
"2025-04-26 06:00:00",13350,12.62,405,1,-0.321,-0.88,-1.28,-0.079,-0.114,-0.131,-0.285,53.77,46.17
"2025-04-26 06:30:00",13351,12.62,405,1,-0.319,-0.88,-1.27,-0.079,-0.113,-0.129,-0.284,52.52,45.6
"2025-04-26 07:00:00",13352,12.61,405,1,-0.305,-0.85,-1.2,-0.076,-0.107,-0.124,-0.279,52.43,46.75
"2025-04-26 07:30:00",13353,12.62,405,1,-0.278,-0.78,-1.09,-0.07,-0.097,-0.121,-0.27,53.46,46.85
"2025-04-26 08:00:00",13354,12.61,405,1,-0.275,-0.76,-1.09,-0.068,-0.097,-0.119,-0.272,52.31,46.11
"2025-04-26 08:30:00",13355,12.61,405,1,-0.269,-0.78,-1.03,-0.07,-0.092,-0.121,-0.272,53.75,44.9
"2025-04-26 09:00:00",13356,12.61,405,1,-0.158,-0.39,-0.68,-0.036,-0.061,-0.074,-0.243,58.98,49.3
"2025-04-26 09:30:00",13357,12.61,405,1,0.006,0.25,-0.23,0.022,-0.021,-99,-0.179,-99,52.85
"2025-04-26 10:00:00",13358,12.61,405,1,-0.642,-3.09,-1.13,-0.274,-0.1,-0.273,-0.251,47.34,49.73
"2025-04-26 10:30:00",13359,12.62,405,1,-0.203,-0.58,-0.79,-0.052,-0.071,-0.126,-0.274,50.36,45.83
"2025-04-26 11:00:00",13360,12.61,405,1,-0.11,-0.5,-0.23,-0.045,-0.022,-0.095,-0.225,55.44,47.84
"2025-04-26 11:30:00",13361,12.62,405,1,-0.134,-0.36,-0.55,-0.033,-0.049,-0.106,-0.258,52.13,46.35
"2025-04-26 12:00:00",13362,12.62,405,1,-0.099,-0.3,-0.37,-0.028,-0.034,-0.089,-0.24,54.62,48.27
"2025-04-26 12:30:00",13363,12.62,405,1,-0.136,-0.39,-0.53,-0.036,-0.048,-0.097,-0.255,53.75,45.33
"2025-04-26 13:00:00",13364,12.62,405,1,-0.216,-0.55,-0.91,-0.05,-0.082,-0.116,-0.276,52.22,45.46
"2025-04-26 13:30:00",13365,12.61,405,1,-0.179,-0.43,-0.78,-0.039,-0.07,-0.095,-0.262,55.02,46.33
"2025-04-26 14:00:00",13366,12.61,405,1,-0.05,-0.06,-0.29,-0.006,-0.027,-0.055,-0.229,59.76,47.01
"2025-04-26 14:30:00",13367,12.61,405,1,-0.079,-0.36,-0.17,-0.033,-0.016,-0.094,-0.22,54.7,48.51
"2025-04-26 15:00:00",13368,12.61,405,1,0,-0.06,0.06,-0.007,0.005,-0.069,-0.203,58.02,45.85
"2025-04-26 15:30:00",13369,12.62,405,1,-0.08,-0.55,0.03,-0.05,0.003,-0.101,-0.21,54.13,47.94
"2025-04-26 16:00:00",13370,12.62,405,1,-0.06,-0.26,-0.14,-0.024,-0.014,-0.09,-0.227,54.82,48.73
"2025-04-26 16:30:00",13371,12.62,405,1,-0.044,-0.15,-0.15,-0.014,-0.014,-0.084,-0.233,52.94,46.85
"2025-04-26 17:00:00",13372,12.62,405,1,-0.145,-0.44,-0.54,-0.04,-0.049,-0.107,-0.258,52.16,46.07
"2025-04-26 17:30:00",13373,12.62,405,1,-0.218,-0.63,-0.84,-0.057,-0.075,-0.118,-0.276,51.79,44.87
"2025-04-26 18:00:00",13374,12.61,405,1,-0.193,-0.58,-0.72,-0.052,-0.065,-0.113,-0.267,53.21,46.86
"2025-04-26 18:30:00",13375,12.61,405,1,-0.212,-0.7,-0.72,-0.063,-0.065,-0.121,-0.262,53.83,47.33
"2025-04-26 19:00:00",13376,12.61,405,1,-0.225,-0.71,-0.8,-0.063,-0.072,-0.129,-0.267,50.87,46.03
"2025-04-26 19:30:00",13377,12.61,405,1,-0.238,-0.69,-0.91,-0.062,-0.081,-0.125,-0.274,51.92,44.48
"2025-04-26 20:00:00",13378,12.6,405,1,-0.285,-0.81,-1.11,-0.073,-0.1,-0.133,-0.289,51.71,44.95
"2025-04-26 20:30:00",13379,12.6,405,1,-0.294,-0.8,-1.18,-0.071,-0.105,-0.129,-0.287,53.46,47.26
"2025-04-26 21:00:00",13380,12.59,405,1,-0.305,-0.87,-1.18,-0.078,-0.105,-0.138,-0.286,52.8,44.78
"2025-04-26 21:30:00",13381,12.59,405,1,-0.327,-0.96,-1.24,-0.086,-0.111,-0.143,-0.29,51.93,45.42
"2025-04-26 22:00:00",13382,12.59,405,1,-0.303,-0.83,-1.21,-0.074,-0.108,-0.132,-0.293,50.63,44.13
"2025-04-26 22:30:00",13383,12.58,405,1,-0.283,-0.73,-1.18,-0.066,-0.105,-0.129,-0.284,54.34,44.5
"2025-04-26 23:00:00",13384,12.58,405,1,-0.308,-0.78,-1.3,-0.07,-0.116,-0.129,-0.299,52,45.49
"2025-04-26 23:30:00",13385,12.57,405,1,-0.304,-0.79,-1.26,-0.071,-0.112,-0.129,-0.291,51.12,43.1
"2025-04-27 00:00:00",13386,12.57,405,1,-0.305,-0.78,-1.28,-0.07,-0.114,-0.124,-0.293,52.38,44.62
"2025-04-27 00:30:00",13387,12.56,405,1,-0.298,-0.8,-1.21,-0.072,-0.108,-0.13,-0.289,51.01,43.83
"2025-04-27 01:00:00",13388,12.56,405,1,-0.311,-0.8,-1.3,-0.072,-0.116,-0.127,-0.291,51.2,46.09
"2025-04-27 01:30:00",13389,12.56,405,1,-0.32,-0.83,-1.33,-0.075,-0.119,-0.128,-0.294,51.67,43.39
"2025-04-27 02:00:00",13390,12.55,405,1,-0.347,-1.02,-1.31,-0.091,-0.116,-0.141,-0.292,50.74,44.38
"2025-04-27 02:30:00",13391,12.55,405,1,-0.298,-0.79,-1.22,-0.071,-0.109,-0.124,-0.286,52.19,45.42
"2025-04-27 03:00:00",13392,12.55,405,1,-0.311,-0.8,-1.3,-0.072,-0.116,-0.123,-0.291,51.68,45.9
"2025-04-27 03:30:00",13393,12.54,405,1,-0.315,-0.86,-1.26,-0.077,-0.112,-0.132,-0.286,52.42,45.38
"2025-04-27 04:00:00",13394,12.54,405,1,-0.291,-0.77,-1.19,-0.069,-0.106,-0.127,-0.286,53.17,46.66
"2025-04-27 04:30:00",13395,12.54,405,1,-0.318,-0.88,-1.26,-0.079,-0.112,-0.131,-0.291,52.14,46.88
"2025-04-27 05:00:00",13396,12.53,405,1,-0.322,-0.88,-1.29,-0.079,-0.115,-0.129,-0.288,52.29,46.51
"2025-04-27 05:30:00",13397,12.54,405,1,-0.303,-0.82,-1.22,-0.073,-0.108,-0.122,-0.283,52.42,46.32
"2025-04-27 06:00:00",13398,12.53,405,1,-0.288,-0.76,-1.18,-0.068,-0.105,-0.119,-0.278,52.61,44.17
"2025-04-27 06:30:00",13399,12.53,405,1,-0.309,-0.84,-1.24,-0.075,-0.111,-0.126,-0.286,51.79,45.27
"2025-04-27 07:00:00",13400,12.53,405,1,-0.261,-0.69,-1.07,-0.062,-0.095,-0.114,-0.271,53.37,46.19
"2025-04-27 07:30:00",13401,12.53,405,1,-0.245,-0.69,-0.96,-0.062,-0.086,-0.12,-0.267,52.2,46.52
"2025-04-27 08:00:00",13402,12.53,405,1,-0.12,-0.09,-0.74,-0.009,-0.067,-0.059,-0.249,55.38,45.43
"2025-04-27 08:30:00",13403,12.53,405,1,-0.188,-0.54,-0.73,-0.048,-0.066,-0.105,-0.25,55,46.82
"2025-04-27 09:00:00",13404,12.53,405,1,0.277,1.42,0.39,0.126,0.034,-99,-0.153,-99,54.03
"2025-04-27 09:30:00",13405,12.53,405,1,-0.095,-0.37,-0.27,-0.033,-0.025,-0.062,-0.168,64.67,58.89
"2025-04-27 10:00:00",13406,12.53,405,1,-0.275,-1.63,-0.16,-0.145,-0.015,-0.139,-0.181,51.55,51.19
"2025-04-27 10:30:00",13407,12.53,405,1,-0.19,-0.44,-0.85,-0.04,-0.076,-0.155,-0.288,47.8,43.27
"2025-04-27 11:00:00",13408,12.54,405,1,-0.449,-2.47,-0.46,-0.22,-0.042,-0.221,-0.22,50.33,52.72
"2025-04-27 11:30:00",13409,12.53,405,1,-0.136,-0.35,-0.57,-0.032,-0.052,-0.128,-0.264,49.57,43.64
"2025-04-27 12:00:00",13410,12.54,405,1,-0.129,-0.82,-0.02,-0.073,-0.003,-0.123,-0.229,52.65,48.38
"2025-04-27 12:30:00",13411,12.54,405,1,0.122,0.58,0.22,0.051,0.019,-0.014,-0.199,61.3,47.3
"2025-04-27 13:00:00",13412,12.54,405,1,-0.105,-0.57,-0.12,-0.052,-0.011,-0.124,-0.225,51.84,48.82
"2025-04-27 13:30:00",13413,12.54,405,1,-0.037,-0.19,-0.06,-0.017,-0.006,-0.088,-0.232,53.56,45.54
"2025-04-27 14:00:00",13414,12.54,405,1,-0.044,-0.18,-0.12,-0.017,-0.011,-0.086,-0.225,54.66,46.07
"2025-04-27 14:30:00",13415,12.54,405,1,-0.035,-0.15,-0.09,-0.014,-0.008,-0.077,-0.212,55.5,48.58
"2025-04-27 15:00:00",13416,12.55,405,1,-0.032,-0.07,-0.15,-0.007,-0.014,-0.076,-0.225,55.84,49.07
"2025-04-27 15:30:00",13417,12.55,405,1,-0.066,-0.18,-0.27,-0.016,-0.025,-0.079,-0.233,55.39,50.7
"2025-04-27 16:00:00",13418,12.55,405,1,-0.097,-0.34,-0.31,-0.031,-0.028,-0.091,-0.236,54.92,48.15
"2025-04-27 16:30:00",13419,12.55,405,1,-0.101,-0.34,-0.34,-0.031,-0.031,-0.093,-0.238,53.04,46.01
"2025-04-27 17:00:00",13420,12.55,405,1,-0.099,-0.26,-0.41,-0.024,-0.037,-0.091,-0.242,54.03,48.93
"2025-04-27 17:30:00",13421,12.55,405,1,-0.15,-0.51,-0.5,-0.046,-0.045,-0.111,-0.249,54.34,44.92
"2025-04-27 18:00:00",13422,12.54,405,1,-0.149,-0.46,-0.54,-0.042,-0.049,-0.104,-0.25,51.59,47.32
"2025-04-27 18:30:00",13423,12.54,405,1,-0.171,-0.51,-0.64,-0.046,-0.057,-0.108,-0.255,51.36,45.43
"2025-04-27 19:00:00",13424,12.54,405,1,-0.199,-0.57,-0.77,-0.051,-0.069,-0.113,-0.267,52.54,45.35
"2025-04-27 19:30:00",13425,12.54,405,1,-0.25,-0.73,-0.95,-0.066,-0.085,-0.124,-0.279,51.42,45.49
"2025-04-27 20:00:00",13426,12.54,405,1,-0.281,-0.79,-1.1,-0.071,-0.098,-0.127,-0.288,51.52,44.6
"2025-04-27 20:30:00",13427,12.53,405,1,-0.286,-0.77,-1.16,-0.069,-0.104,-0.127,-0.288,51.84,44.5
"2025-04-27 21:00:00",13428,12.53,405,1,-0.297,-0.82,-1.18,-0.074,-0.105,-0.127,-0.285,52.22,44.77
"2025-04-27 21:30:00",13429,12.52,405,1,-0.304,-0.83,-1.22,-0.074,-0.108,-0.132,-0.285,52.79,43.94
"2025-04-27 22:00:00",13430,12.52,405,1,-0.303,-0.82,-1.22,-0.074,-0.108,-0.129,-0.287,52.27,45.76
"2025-04-27 22:30:00",13431,12.51,405,1,-0.315,-0.88,-1.24,-0.079,-0.111,-0.129,-0.287,52.42,45.49
"2025-04-27 23:00:00",13432,12.51,405,1,-0.344,-1.03,-1.28,-0.092,-0.114,-0.141,-0.287,52.72,45.53
"2025-04-27 23:30:00",13433,12.51,405,1,-0.307,-0.82,-1.25,-0.073,-0.112,-0.124,-0.286,53.08,45.64
"2025-04-28 00:00:00",13434,12.5,405,1,-0.375,-1.18,-1.33,-0.106,-0.119,-0.154,-0.292,50.44,44.76
"2025-04-28 00:30:00",13435,12.5,405,1,-0.31,-0.86,-1.23,-0.077,-0.11,-0.128,-0.29,52.03,44.02
"2025-04-28 01:00:00",13436,12.5,405,1,-0.346,-1.08,-1.24,-0.096,-0.111,-0.143,-0.292,50.59,44.65
"2025-04-28 01:30:00",13437,12.49,405,1,-0.327,-0.89,-1.31,-0.08,-0.116,-0.133,-0.29,51.76,44.15
"2025-04-28 02:00:00",13438,12.49,405,1,-0.319,-0.84,-1.31,-0.076,-0.117,-0.134,-0.292,52.53,44.93
"2025-04-28 02:30:00",13439,12.48,405,1,-0.307,-0.83,-1.24,-0.075,-0.111,-0.131,-0.294,52.26,44.24
"2025-04-28 03:00:00",13440,12.47,405,1,-0.302,-0.74,-1.3,-0.066,-0.116,-0.123,-0.29,52.38,45.35
"2025-04-28 03:30:00",13441,12.47,405,1,-0.405,-1.29,-1.42,-0.115,-0.126,-0.159,-0.298,50.56,44.21
"2025-04-28 04:00:00",13442,12.47,405,1,-0.29,-0.72,-1.24,-0.065,-0.111,-0.123,-0.29,51.85,44.66
"2025-04-28 04:30:00",13443,12.46,405,1,-0.299,-0.71,-1.31,-0.064,-0.116,-0.123,-0.29,53.34,44.9
"2025-04-28 05:00:00",13444,12.46,405,1,-0.317,-0.83,-1.31,-0.074,-0.116,-0.125,-0.289,51.96,44.51
"2025-04-28 05:30:00",13445,12.45,405,1,-0.333,-0.9,-1.34,-0.08,-0.12,-0.131,-0.292,51.72,44.37
"2025-04-28 06:00:00",13446,12.45,405,1,-0.333,-0.91,-1.33,-0.081,-0.119,-0.132,-0.287,52.29,44.84
"2025-04-28 06:30:00",13447,12.45,405,1,-0.314,-0.83,-1.29,-0.074,-0.115,-0.13,-0.286,52.35,44.9
"2025-04-28 07:00:00",13448,12.45,405,1,-0.282,-0.74,-1.16,-0.066,-0.104,-0.118,-0.275,53.86,46.25
"2025-04-28 07:30:00",13449,12.45,405,1,-0.3,-0.87,-1.15,-0.078,-0.103,-0.122,-0.272,53.85,45.83
"2025-04-28 08:00:00",13450,12.45,405,1,-0.026,0.58,-0.81,0.051,-0.073,-99,-0.242,-99,48.27
"2025-04-28 08:30:00",13451,12.45,405,1,-0.187,-0.59,-0.67,-0.053,-0.06,-0.105,-0.239,55.62,47.18
"2025-04-28 09:00:00",13452,12.46,405,1,0.257,1.18,0.51,0.105,0.045,-99,-0.118,-99,59.36
"2025-04-28 09:30:00",13453,12.47,405,1,-0.044,-0.16,-0.14,-0.015,-0.013,-99,-0.145,-99,56.66
"2025-04-28 10:00:00",13454,12.48,405,1,0.017,0.06,0.05,0.005,0.005,-99,-0.162,-99,53.46
"2025-04-28 10:30:00",13455,12.48,405,1,-0.354,-1.39,-0.96,-0.124,-0.086,-0.207,-0.283,45.68,45
"2025-04-28 11:00:00",13456,12.49,405,1,-0.029,-0.36,0.18,-0.032,0.016,-0.054,-0.145,63.37,55.77
"2025-04-28 11:30:00",13457,12.49,405,1,-0.078,0.03,-0.58,0.003,-0.052,-0.11,-0.27,50.36,45.94
"2025-04-28 12:00:00",13458,12.5,405,1,-0.183,-1.13,-0.06,-0.101,-0.006,-0.148,-0.24,50.12,45.85
"2025-04-28 12:30:00",13459,12.5,405,1,0.161,1.01,0.03,0.089,0.003,-99,-0.221,-99,47.83
"2025-04-28 13:00:00",13460,12.5,405,1,-0.232,-1.1,-0.43,-0.098,-0.039,-0.145,-0.236,50.84,46.99
"2025-04-28 13:30:00",13461,12.5,405,1,-0.093,-0.28,-0.35,-0.026,-0.032,-0.105,-0.251,51.82,45.73
"2025-04-28 14:00:00",13462,12.51,405,1,-0.081,-0.24,-0.31,-0.022,-0.029,-0.087,-0.242,54.64,45.79
"2025-04-28 14:30:00",13463,12.5,405,1,-0.076,-0.27,-0.24,-0.025,-0.022,-0.081,-0.227,55.65,47.48
"2025-04-28 15:00:00",13464,12.5,405,1,-0.093,-0.3,-0.33,-0.028,-0.03,-0.089,-0.231,55.84,48.66
"2025-04-28 15:30:00",13465,12.5,405,1,-0.1,-0.34,-0.33,-0.031,-0.031,-0.094,-0.238,54.33,46.32
"2025-04-28 16:00:00",13466,12.5,405,1,-0.097,-0.34,-0.31,-0.031,-0.028,-0.094,-0.234,52.69,46.19
"2025-04-28 16:30:00",13467,12.51,405,1,-0.124,-0.36,-0.48,-0.033,-0.044,-0.103,-0.256,51.71,46.46
"2025-04-28 17:00:00",13468,12.51,405,1,-0.121,-0.43,-0.38,-0.039,-0.035,-0.102,-0.248,54.07,46.47
"2025-04-28 17:30:00",13469,12.5,405,1,-0.141,-0.44,-0.51,-0.04,-0.046,-0.108,-0.256,53.1,45.09
"2025-04-28 18:00:00",13470,12.5,405,1,-0.159,-0.49,-0.58,-0.044,-0.052,-0.107,-0.258,52.43,45.5
"2025-04-28 18:30:00",13471,12.5,405,1,-0.169,-0.49,-0.65,-0.044,-0.058,-0.111,-0.261,52.24,45.73
"2025-04-28 19:00:00",13472,12.5,405,1,-0.189,-0.55,-0.72,-0.049,-0.064,-0.114,-0.267,53.21,45.18
"2025-04-28 19:30:00",13473,12.49,405,1,-0.239,-0.68,-0.93,-0.061,-0.083,-0.126,-0.279,51.13,45.2
"2025-04-28 20:00:00",13474,12.49,405,1,-0.268,-0.71,-1.1,-0.064,-0.098,-0.133,-0.293,51.4,44.9
"2025-04-28 20:30:00",13475,12.48,405,1,-0.289,-0.78,-1.17,-0.07,-0.105,-0.132,-0.297,51.59,44.66
"2025-04-28 21:00:00",13476,12.48,405,1,-0.301,-0.8,-1.23,-0.072,-0.11,-0.128,-0.296,52.33,44.72
"2025-04-28 21:30:00",13477,12.46,405,1,-0.309,-0.82,-1.26,-0.074,-0.112,-0.13,-0.296,51.37,44.6
"2025-04-28 22:00:00",13478,12.46,405,1,-0.298,-0.79,-1.22,-0.07,-0.109,-0.131,-0.293,52.81,44.21
"2025-04-28 22:30:00",13479,12.45,405,1,-0.318,-0.88,-1.26,-0.079,-0.112,-0.135,-0.294,51.58,45.22
"2025-04-28 23:00:00",13480,12.44,405,1,-0.32,-0.9,-1.25,-0.081,-0.112,-0.137,-0.291,51.83,44.9
"2025-04-28 23:30:00",13481,12.45,405,1,-0.319,-0.87,-1.28,-0.078,-0.114,-0.131,-0.293,52,43.81
"2025-04-29 00:00:00",13482,12.44,405,1,-0.355,-1.07,-1.31,-0.095,-0.117,-0.146,-0.291,52.56,44.54
"2025-04-29 00:30:00",13483,12.43,405,1,-0.327,-0.89,-1.31,-0.08,-0.116,-0.133,-0.29,52.14,44.95
"2025-04-29 01:00:00",13484,12.43,405,1,-0.328,-0.9,-1.31,-0.08,-0.117,-0.134,-0.291,52.22,45.04
"2025-04-29 01:30:00",13485,12.42,405,1,-0.318,-0.87,-1.27,-0.077,-0.114,-0.129,-0.291,52.92,45.47
"2025-04-29 02:00:00",13486,12.42,405,1,-0.321,-0.89,-1.27,-0.079,-0.113,-0.13,-0.29,52.39,44.78
"2025-04-29 02:30:00",13487,12.42,405,1,-0.327,-0.89,-1.31,-0.08,-0.116,-0.133,-0.288,52.6,45
"2025-04-29 03:00:00",13488,12.42,405,1,-0.316,-0.83,-1.3,-0.074,-0.116,-0.13,-0.288,52.38,44.1
"2025-04-29 03:30:00",13489,12.41,405,1,-0.324,-0.88,-1.3,-0.079,-0.116,-0.128,-0.288,52.08,44.48
"2025-04-29 04:00:00",13490,12.41,405,1,-0.322,-0.88,-1.29,-0.079,-0.115,-0.13,-0.284,52.82,45.63
"2025-04-29 04:30:00",13491,12.41,405,1,-0.322,-0.88,-1.29,-0.079,-0.115,-0.13,-0.287,52,45.64
"2025-04-29 05:00:00",13492,12.41,405,1,-0.342,-0.97,-1.33,-0.086,-0.118,-0.135,-0.287,52.89,45.28
"2025-04-29 05:30:00",13493,12.41,405,1,-0.318,-0.85,-1.29,-0.076,-0.115,-0.127,-0.286,53.15,44.96
"2025-04-29 06:00:00",13494,12.41,405,1,-0.33,-0.9,-1.32,-0.081,-0.117,-0.132,-0.283,51.69,45.48
"2025-04-29 06:30:00",13495,12.41,405,1,-0.307,-0.83,-1.24,-0.075,-0.111,-0.124,-0.28,53.49,46.15
"2025-04-29 07:00:00",13496,12.41,405,1,-0.276,-0.75,-1.11,-0.067,-0.099,-0.114,-0.266,54.49,46.31
"2025-04-29 07:30:00",13497,12.41,405,1,-0.231,-0.64,-0.92,-0.057,-0.082,-0.099,-0.25,57.06,46.7
"2025-04-29 08:00:00",13498,12.41,405,1,-0.121,-0.21,-0.62,-0.019,-0.056,-0.064,-0.23,60.7,48.52
"2025-04-29 08:30:00",13499,12.42,405,1,-0.193,-0.6,-0.7,-0.054,-0.063,-0.103,-0.239,54.81,48.04
"2025-04-29 09:00:00",13500,12.42,405,1,0.044,0.33,-0.05,0.03,-0.005,-99,-0.17,-99,53.48
"2025-04-29 09:30:00",13501,12.43,405,1,-0.099,-0.31,-0.36,-0.028,-0.032,-0.059,-0.177,60.88,54.95
"2025-04-29 10:00:00",13502,12.43,405,1,-0.237,-1.29,-0.26,-0.115,-0.024,-0.141,-0.209,52.87,48.34
"2025-04-29 10:30:00",13503,12.44,405,1,-0.256,-1.04,-0.66,-0.093,-0.059,-0.159,-0.263,50.13,44.62
"2025-04-29 11:00:00",13504,12.44,405,1,-0.31,-1.64,-0.39,-0.146,-0.035,-0.173,-0.2,52.73,50.13
"2025-04-29 11:30:00",13505,12.44,405,1,-0.233,-0.94,-0.61,-0.084,-0.055,-0.16,-0.265,48.51,45.65
"2025-04-29 12:00:00",13506,12.45,405,1,-0.142,-0.65,-0.29,-0.058,-0.026,-0.121,-0.241,52.81,46.05
"2025-04-29 12:30:00",13507,12.45,405,1,0.159,0.94,0.09,0.083,0.008,0.024,-0.21,63.41,49.57
"2025-04-29 13:00:00",13508,12.45,405,1,-0.205,-0.91,-0.45,-0.081,-0.041,-0.13,-0.236,52.89,46.28
"2025-04-29 13:30:00",13509,12.45,405,1,-0.069,-0.16,-0.31,-0.015,-0.028,-0.09,-0.244,53.16,46.81
"2025-04-29 14:00:00",13510,12.45,405,1,-0.08,-0.23,-0.31,-0.021,-0.028,-0.085,-0.231,56.17,46.75
"2025-04-29 14:30:00",13511,12.46,405,1,-0.107,-0.36,-0.36,-0.032,-0.033,-0.089,-0.231,55.49,47.22
"2025-04-29 15:00:00",13512,12.45,405,1,-0.084,-0.26,-0.31,-0.024,-0.028,-0.084,-0.23,54.31,47.55
"2025-04-29 15:30:00",13513,12.45,405,1,-0.129,-0.5,-0.36,-0.045,-0.033,-0.1,-0.231,53.16,48.06
"2025-04-29 16:00:00",13514,12.45,405,1,-0.138,-0.46,-0.47,-0.042,-0.042,-0.105,-0.244,52.84,46.49
"2025-04-29 16:30:00",13515,12.46,405,1,-0.101,-0.31,-0.37,-0.028,-0.034,-0.084,-0.236,56.17,45.66
"2025-04-29 17:00:00",13516,12.45,405,1,-0.112,-0.32,-0.44,-0.029,-0.04,-0.098,-0.248,53.18,46.67
"2025-04-29 17:30:00",13517,12.46,405,1,-0.144,-0.46,-0.51,-0.042,-0.046,-0.104,-0.25,53.52,47.33
"2025-04-29 18:00:00",13518,12.45,405,1,-0.149,-0.46,-0.54,-0.042,-0.049,-0.102,-0.247,52.58,46.8
"2025-04-29 18:30:00",13519,12.45,405,1,-0.182,-0.58,-0.64,-0.052,-0.058,-0.113,-0.256,53.35,46.16
"2025-04-29 19:00:00",13520,12.45,405,1,-0.214,-0.62,-0.82,-0.056,-0.073,-0.121,-0.269,52.13,46.62
"2025-04-29 19:30:00",13521,12.45,405,1,-0.272,-0.79,-1.04,-0.07,-0.093,-0.13,-0.284,51.64,45.71
"2025-04-29 20:00:00",13522,12.44,405,1,-0.277,-0.75,-1.12,-0.067,-0.1,-0.129,-0.291,50.88,43.85
"2025-04-29 20:30:00",13523,12.44,405,1,-0.291,-0.79,-1.17,-0.071,-0.105,-0.127,-0.287,52.68,44.93
"2025-04-29 21:00:00",13524,12.43,405,1,-0.282,-0.74,-1.16,-0.066,-0.103,-0.123,-0.285,52.81,45.21
"2025-04-29 21:30:00",13525,12.43,405,1,-0.304,-0.83,-1.22,-0.074,-0.108,-0.124,-0.287,52.41,45.8
"2025-04-29 22:00:00",13526,12.42,405,1,-0.32,-0.94,-1.21,-0.084,-0.108,-0.133,-0.279,53.02,45.84
"2025-04-29 22:30:00",13527,12.42,405,1,-0.306,-0.88,-1.18,-0.079,-0.105,-0.133,-0.283,52.25,45.48
"2025-04-29 23:00:00",13528,12.42,405,1,-0.318,-0.87,-1.27,-0.078,-0.113,-0.127,-0.284,52.3,45.12
"2025-04-29 23:30:00",13529,12.42,405,1,-0.313,-0.86,-1.25,-0.077,-0.111,-0.131,-0.281,52.73,45.54
"2025-04-30 00:00:00",13530,12.41,405,1,-0.314,-0.89,-1.22,-0.08,-0.109,-0.132,-0.281,52.77,45.02
"2025-04-30 00:30:00",13531,12.41,405,1,-0.309,-0.86,-1.22,-0.077,-0.109,-0.131,-0.286,52.64,44.62
"2025-04-30 01:00:00",13532,12.41,405,1,-0.318,-0.92,-1.22,-0.082,-0.109,-0.136,-0.286,50.99,45.21
"2025-04-30 01:30:00",13533,12.41,405,1,-0.322,-0.85,-1.32,-0.076,-0.117,-0.129,-0.288,52.36,46.01
"2025-04-30 02:00:00",13534,12.41,405,1,-0.314,-0.89,-1.22,-0.079,-0.108,-0.131,-0.279,52.91,45.73
"2025-04-30 02:30:00",13535,12.4,405,1,-0.313,-0.87,-1.24,-0.078,-0.111,-0.13,-0.283,53.43,44.58
"2025-04-30 03:00:00",13536,12.4,405,1,-0.32,-0.91,-1.24,-0.081,-0.111,-0.128,-0.278,53.01,46.09
"2025-04-30 03:30:00",13537,12.4,405,1,-0.32,-0.91,-1.24,-0.082,-0.111,-0.135,-0.281,53.07,44.64
"2025-04-30 04:00:00",13538,12.4,405,1,-0.316,-0.88,-1.25,-0.079,-0.111,-0.131,-0.283,52.84,45.66
"2025-04-30 04:30:00",13539,12.4,405,1,-0.31,-0.83,-1.26,-0.075,-0.112,-0.127,-0.283,52.56,44.55
"2025-04-30 05:00:00",13540,12.4,405,1,-0.325,-0.9,-1.29,-0.08,-0.115,-0.13,-0.285,52.23,44.79
"2025-04-30 05:30:00",13541,12.4,405,1,-0.307,-0.85,-1.22,-0.076,-0.109,-0.126,-0.282,53.28,45.11
"2025-04-30 06:00:00",13542,12.4,405,1,-0.311,-0.82,-1.28,-0.074,-0.114,-0.126,-0.288,53.32,44.89
"2025-04-30 06:30:00",13543,12.39,405,1,-0.297,-0.82,-1.18,-0.073,-0.105,-0.126,-0.279,52.76,44.75
"2025-04-30 07:00:00",13544,12.39,405,1,-0.291,-0.79,-1.17,-0.071,-0.105,-0.119,-0.279,53.55,45.54
"2025-04-30 07:30:00",13545,12.39,405,1,-0.251,-0.69,-1,-0.062,-0.089,-0.11,-0.264,54.97,46.95
"2025-04-30 08:00:00",13546,12.39,405,1,-0.224,-0.62,-0.89,-0.056,-0.08,-0.109,-0.255,54.08,46.48
"2025-04-30 08:30:00",13547,12.39,405,1,-0.226,-0.65,-0.87,-0.058,-0.078,-0.111,-0.261,53.45,47.09
"2025-04-30 09:00:00",13548,12.39,405,1,-0.208,-0.71,-0.68,-0.064,-0.061,-0.111,-0.244,53.71,48.19
"2025-04-30 09:30:00",13549,12.39,405,1,-0.32,-1.24,-0.89,-0.111,-0.08,-0.163,-0.25,50.42,47.4
"2025-04-30 10:00:00",13550,12.39,405,1,0.054,0.2,0.16,0.017,0.014,-99,-0.145,-99,57.48
"2025-04-30 10:30:00",13551,12.39,405,1,-0.234,-0.76,-0.81,-0.069,-0.072,-0.151,-0.271,49.26,45.83
"2025-04-30 11:00:00",13552,12.39,405,1,0.435,2.43,0.4,0.215,0.035,-99,-0.188,-99,48.88
"2025-04-30 11:30:00",13553,12.39,405,1,-0.14,-0.74,-0.18,-0.067,-0.017,-0.122,-0.223,52.5,46.41
"2025-04-30 12:00:00",13554,12.4,405,1,0.132,0.59,0.28,0.052,0.025,-0.008,-0.201,59.8,48.2
"2025-04-30 12:30:00",13555,12.4,405,1,0.087,0.39,0.18,0.034,0.016,-0.012,-0.197,58.36,49.36
"2025-04-30 13:00:00",13556,12.4,405,1,-0.112,-0.56,-0.18,-0.05,-0.017,-0.103,-0.224,54.52,48.18
"2025-04-30 13:30:00",13557,12.4,405,1,-0.074,-0.22,-0.28,-0.02,-0.026,-0.091,-0.236,52.32,46.8
"2025-04-30 14:00:00",13558,12.41,405,1,-0.049,-0.21,-0.12,-0.019,-0.011,-0.084,-0.229,53.76,47.57
"2025-04-30 14:30:00",13559,12.4,405,1,-0.053,-0.21,-0.15,-0.019,-0.014,-0.086,-0.228,54.11,47.51
"2025-04-30 15:00:00",13560,12.4,405,1,-0.035,-0.12,-0.12,-0.012,-0.011,-0.078,-0.223,55.99,47.3
"2025-04-30 15:30:00",13561,12.4,405,1,-0.061,-0.26,-0.15,-0.024,-0.014,-0.083,-0.221,54.11,48.19
"2025-04-30 16:00:00",13562,12.41,405,1,-0.072,-0.24,-0.25,-0.022,-0.023,-0.089,-0.239,53.67,46.33
"2025-04-30 16:30:00",13563,12.41,405,1,-0.082,-0.3,-0.25,-0.027,-0.023,-0.094,-0.244,53.93,46.91
"2025-04-30 17:00:00",13564,12.41,405,1,-0.097,-0.33,-0.32,-0.03,-0.029,-0.1,-0.249,53.04,46.28
"2025-04-30 17:30:00",13565,12.4,405,1,-0.111,-0.36,-0.39,-0.032,-0.035,-0.099,-0.251,53.08,45.74
"2025-04-30 18:00:00",13566,12.4,405,1,-0.12,-0.36,-0.45,-0.033,-0.041,-0.1,-0.254,52.56,45.8
"2025-04-30 18:30:00",13567,12.4,405,1,-0.134,-0.48,-0.42,-0.043,-0.038,-0.107,-0.25,52.47,45.7
"2025-04-30 19:00:00",13568,12.4,405,1,-0.184,-0.57,-0.67,-0.052,-0.06,-0.116,-0.267,51.84,45.33
"2025-04-30 19:30:00",13569,12.4,405,1,-0.242,-0.71,-0.92,-0.063,-0.082,-0.127,-0.285,50.6,44.83
"2025-04-30 20:00:00",13570,12.39,405,1,-0.29,-0.87,-1.08,-0.078,-0.096,-0.138,-0.293,50.04,44.94
"2025-04-30 20:30:00",13571,12.39,405,1,-0.291,-0.82,-1.14,-0.074,-0.102,-0.134,-0.294,51.09,44.89
"2025-04-30 21:00:00",13572,12.38,405,1,-0.3,-0.88,-1.14,-0.079,-0.102,-0.134,-0.296,51.42,44.82
"2025-04-30 21:30:00",13573,12.37,405,1,-0.301,-0.82,-1.21,-0.073,-0.108,-0.131,-0.294,51.2,44.59
"2025-04-30 22:00:00",13574,12.37,405,1,-0.3,-0.81,-1.21,-0.073,-0.108,-0.131,-0.294,51.35,44.17
"2025-04-30 22:30:00",13575,12.36,405,1,-0.304,-0.84,-1.21,-0.075,-0.108,-0.133,-0.291,52.82,45.06
"2025-04-30 23:00:00",13576,12.36,405,1,-0.312,-0.85,-1.25,-0.076,-0.112,-0.129,-0.291,51.82,45.47
"2025-04-30 23:30:00",13577,12.36,405,1,-0.327,-0.93,-1.27,-0.083,-0.113,-0.138,-0.292,52.06,45.29
"2025-05-01 00:00:00",13578,12.35,405,1,-0.327,-0.93,-1.27,-0.083,-0.113,-0.136,-0.294,52.31,45.55
"2025-05-01 00:30:00",13579,12.35,405,1,-0.303,-0.8,-1.24,-0.072,-0.111,-0.128,-0.294,51.46,44.69
"2025-05-01 01:00:00",13580,12.35,405,1,-0.321,-0.86,-1.3,-0.077,-0.116,-0.133,-0.294,51.51,45.32
"2025-05-01 01:30:00",13581,12.34,405,1,-0.333,-0.93,-1.31,-0.083,-0.117,-0.136,-0.297,51.62,45.27
"2025-05-01 02:00:00",13582,12.34,405,1,-0.325,-0.9,-1.29,-0.081,-0.115,-0.131,-0.288,52.58,44.57
"2025-05-01 02:30:00",13583,12.33,405,1,-0.307,-0.8,-1.27,-0.072,-0.114,-0.122,-0.286,53.14,45.69
"2025-05-01 03:00:00",13584,12.33,405,1,-0.307,-0.8,-1.27,-0.071,-0.113,-0.12,-0.283,53.4,45.8
"2025-05-01 03:30:00",13585,12.34,405,1,-0.309,-0.84,-1.24,-0.076,-0.111,-0.129,-0.284,51.97,45.47
"2025-05-01 04:00:00",13586,12.33,405,1,-0.318,-0.88,-1.26,-0.079,-0.112,-0.129,-0.283,52.4,44.8
"2025-05-01 04:30:00",13587,12.33,405,1,-0.324,-0.87,-1.31,-0.077,-0.116,-0.128,-0.286,52.72,45.12
"2025-05-01 05:00:00",13588,12.33,405,1,-0.31,-0.85,-1.24,-0.076,-0.111,-0.129,-0.287,52.97,45.53
"2025-05-01 05:30:00",13589,12.33,405,1,-0.305,-0.78,-1.28,-0.07,-0.114,-0.119,-0.284,53.68,45.81
"2025-05-01 06:00:00",13590,12.33,405,1,-0.318,-0.87,-1.27,-0.078,-0.113,-0.13,-0.286,53.19,45.02
"2025-05-01 06:30:00",13591,12.33,405,1,-0.311,-0.8,-1.3,-0.072,-0.116,-0.121,-0.283,53.24,45.79
"2025-05-01 07:00:00",13592,12.33,405,1,-0.288,-0.82,-1.12,-0.074,-0.1,-0.124,-0.273,53.77,46.02
"2025-05-01 07:30:00",13593,12.33,405,1,-0.258,-0.67,-1.07,-0.06,-0.096,-0.111,-0.267,54.33,45.9
"2025-05-01 08:00:00",13594,12.33,405,1,-0.167,-0.25,-0.89,-0.023,-0.08,-0.079,-0.256,58.5,46.99
"2025-05-01 08:30:00",13595,12.33,405,1,-0.225,-0.62,-0.9,-0.056,-0.081,-0.113,-0.259,53.2,47
"2025-05-01 09:00:00",13596,12.33,405,1,0.309,1.7,0.31,0.151,0.028,-99,-0.161,-99,53.7
"2025-05-01 09:30:00",13597,12.33,405,1,-0.153,-0.72,-0.29,-0.065,-0.027,-0.081,-0.158,64.17,58.4
"2025-05-01 10:00:00",13598,12.34,405,1,-0.006,-0.28,0.25,-0.026,0.022,-0.045,-0.164,63.04,51.71
"2025-05-01 10:30:00",13599,12.34,405,1,-0.212,-0.73,-0.69,-0.065,-0.062,-0.146,-0.269,49.27,44.58
"2025-05-01 11:00:00",13600,12.34,405,1,-0.028,-0.11,-0.08,-0.011,-0.008,-0.052,-0.184,61.24,52.4
"2025-05-01 11:30:00",13601,12.34,405,1,-0.52,-2.61,-0.8,-0.232,-0.072,-0.252,-0.267,46.63,45.85
"2025-05-01 12:00:00",13602,12.34,405,1,-0.015,-0.13,0.03,-0.012,0.003,-0.077,-0.235,53.89,46.72
"2025-05-01 12:30:00",13603,12.34,405,1,-0.04,-0.18,-0.09,-0.017,-0.009,-0.082,-0.23,54.21,47.19
"2025-05-01 13:00:00",13604,12.35,405,1,-0.01,0.08,-0.16,0.007,-0.015,-0.06,-0.238,57.54,46.21
"2025-05-01 13:30:00",13605,12.35,405,1,-0.091,-0.35,-0.26,-0.032,-0.024,-0.092,-0.241,53.94,46.35
"2025-05-01 14:00:00",13606,12.35,405,1,-0.048,-0.1,-0.23,-0.01,-0.021,-0.084,-0.24,53.68,46.66
"2025-05-01 14:30:00",13607,12.35,405,1,-0.096,-0.43,-0.21,-0.039,-0.02,-0.099,-0.228,54.83,47.65
"2025-05-01 15:00:00",13608,12.34,405,1,-0.07,-0.26,-0.21,-0.024,-0.02,-0.083,-0.229,55.67,47.67
"2025-05-01 15:30:00",13609,12.35,405,1,-0.068,-0.21,-0.25,-0.019,-0.023,-0.079,-0.232,54.58,47.98
"2025-05-01 16:00:00",13610,12.35,405,1,-0.154,-0.42,-0.62,-0.038,-0.056,-0.115,-0.269,51.92,44.75
"2025-05-01 16:30:00",13611,12.35,405,1,-0.203,-0.55,-0.82,-0.05,-0.073,-0.114,-0.278,52.7,44.7
"2025-05-01 17:00:00",13612,12.34,405,1,-0.16,-0.49,-0.59,-0.045,-0.053,-0.104,-0.257,53.77,46.33
"2025-05-01 17:30:00",13613,12.34,405,1,-0.233,-0.66,-0.91,-0.06,-0.081,-0.119,-0.274,51.93,44.91
"2025-05-01 18:00:00",13614,12.34,405,1,-0.232,-0.68,-0.88,-0.061,-0.078,-0.12,-0.276,51.83,45.64
"2025-05-01 18:30:00",13615,12.34,405,1,-0.239,-0.66,-0.95,-0.06,-0.085,-0.121,-0.276,52.72,44.71
"2025-05-01 19:00:00",13616,12.33,405,1,-0.223,-0.66,-0.84,-0.059,-0.076,-0.121,-0.268,51.96,45.35
"2025-05-01 19:30:00",13617,12.33,405,1,-0.263,-0.77,-1,-0.069,-0.089,-0.131,-0.284,51.45,44.53
"2025-05-01 20:00:00",13618,12.33,405,1,-0.285,-0.77,-1.15,-0.069,-0.103,-0.133,-0.291,50.66,43.9
"2025-05-01 20:30:00",13619,12.32,405,1,-0.283,-0.76,-1.15,-0.068,-0.102,-0.129,-0.288,52.18,44.17
"2025-05-01 21:00:00",13620,12.32,405,1,-0.297,-0.8,-1.2,-0.072,-0.107,-0.13,-0.292,52.11,45.61
"2025-05-01 21:30:00",13621,12.31,405,1,-0.305,-0.87,-1.18,-0.078,-0.105,-0.126,-0.285,53.55,46.11
"2025-05-01 22:00:00",13622,12.31,405,1,-0.306,-0.84,-1.22,-0.075,-0.109,-0.129,-0.285,53.94,44.68
"2025-05-01 22:30:00",13623,12.31,405,1,-0.307,-0.82,-1.25,-0.073,-0.111,-0.127,-0.288,53.27,45
"2025-05-01 23:00:00",13624,12.31,405,1,-0.315,-0.88,-1.24,-0.079,-0.111,-0.129,-0.286,52.99,45.55
"2025-05-01 23:30:00",13625,12.3,405,1,-0.303,-0.84,-1.2,-0.075,-0.107,-0.126,-0.283,52.76,46.83
"2025-05-02 00:00:00",13626,12.3,405,1,-0.3,-0.81,-1.21,-0.073,-0.108,-0.124,-0.284,53.16,45.14
"2025-05-02 00:30:00",13627,12.3,405,1,-0.313,-0.86,-1.25,-0.077,-0.111,-0.13,-0.288,51.3,45.21
"2025-05-02 01:00:00",13628,12.3,405,1,-0.312,-0.84,-1.26,-0.075,-0.112,-0.131,-0.291,52.64,44.21
"2025-05-02 01:30:00",13629,12.3,405,1,-0.316,-0.83,-1.3,-0.075,-0.116,-0.131,-0.292,54.03,45.76
"2025-05-02 02:00:00",13630,12.3,405,1,-0.315,-0.89,-1.23,-0.08,-0.11,-0.128,-0.289,52.14,44.8
"2025-05-02 02:30:00",13631,12.29,405,1,-0.3,-0.83,-1.19,-0.075,-0.107,-0.128,-0.288,51.45,45.52
"2025-05-02 03:00:00",13632,12.29,405,1,-0.303,-0.82,-1.22,-0.073,-0.109,-0.129,-0.286,53.01,45.41
"2025-05-02 03:30:00",13633,12.29,405,1,-0.313,-0.86,-1.25,-0.077,-0.112,-0.133,-0.291,52.22,45.04
"2025-05-02 04:00:00",13634,12.29,405,1,-0.3,-0.8,-1.22,-0.071,-0.109,-0.123,-0.285,52.13,46.04
"2025-05-02 04:30:00",13635,12.29,405,1,-0.314,-0.83,-1.29,-0.074,-0.115,-0.128,-0.286,53.38,45.63
"2025-05-02 05:00:00",13636,12.29,405,1,-0.294,-0.8,-1.18,-0.071,-0.106,-0.125,-0.281,53.08,45.63
"2025-05-02 05:30:00",13637,12.29,405,1,-0.307,-0.84,-1.23,-0.075,-0.11,-0.127,-0.283,52.27,45.5
"2025-05-02 06:00:00",13638,12.28,405,1,-0.305,-0.86,-1.19,-0.077,-0.106,-0.13,-0.284,52.43,44
"2025-05-02 06:30:00",13639,12.28,405,1,-0.261,-0.68,-1.08,-0.061,-0.096,-0.118,-0.274,53.78,44.93
"2025-05-02 07:00:00",13640,12.28,405,1,-0.252,-0.67,-1.03,-0.06,-0.092,-0.114,-0.274,53.83,47.64
"2025-05-02 07:30:00",13641,12.28,405,1,-0.238,-0.67,-0.93,-0.06,-0.083,-0.11,-0.266,52.28,47.02
"2025-05-02 08:00:00",13642,12.28,405,1,-0.141,-0.15,-0.82,-0.014,-0.074,-0.075,-0.261,57.02,46.51
"2025-05-02 08:30:00",13643,12.28,405,1,-0.219,-0.68,-0.79,-0.061,-0.071,-0.116,-0.257,53.9,46.15
"2025-05-02 09:00:00",13644,12.28,405,1,0.335,1.99,0.18,0.176,0.016,-99,-0.187,-99,51
"2025-05-02 09:30:00",13645,12.28,405,1,-0.134,-0.57,-0.32,-0.051,-0.029,-0.076,-0.181,64.64,52.62
"2025-05-02 10:00:00",13646,12.28,405,1,-0.22,-1.2,-0.24,-0.108,-0.022,-0.129,-0.208,55.49,46.91
"2025-05-02 10:30:00",13647,12.28,405,1,-0.124,-0.3,-0.54,-0.027,-0.049,-0.103,-0.261,52.45,46.11
"2025-05-02 11:00:00",13648,12.28,405,1,-0.116,-0.38,-0.4,-0.034,-0.037,-0.101,-0.25,52.07,45.31
"2025-05-02 11:30:00",13649,12.28,405,1,-0.322,-1.68,-0.43,-0.149,-0.039,-0.188,-0.228,50.1,48.49
"2025-05-02 12:00:00",13650,12.28,405,1,0.065,0.23,0.2,0.02,0.017,-0.041,-0.206,60.6,49
"2025-05-02 12:30:00",13651,12.28,405,1,0.174,0.89,0.25,0.078,0.022,-99,-0.201,-99,47.91
"2025-05-02 13:00:00",13652,12.28,405,1,-0.155,-0.8,-0.22,-0.072,-0.02,-0.125,-0.224,53.77,48
"2025-05-02 13:30:00",13653,12.28,405,1,-0.075,-0.34,-0.16,-0.031,-0.015,-0.098,-0.231,51.47,45.95
"2025-05-02 14:00:00",13654,12.29,405,1,-0.012,0,-0.09,0,-0.009,-0.066,-0.231,55.07,46.38
"2025-05-02 14:30:00",13655,12.29,405,1,-0.071,-0.38,-0.09,-0.034,-0.009,-0.092,-0.221,53.64,46.21
"2025-05-02 15:00:00",13656,12.29,405,1,-0.045,-0.28,-0.02,-0.026,-0.003,-0.083,-0.219,55.45,47.86
"2025-05-02 15:30:00",13657,12.29,405,1,-0.032,-0.13,-0.09,-0.012,-0.009,-0.075,-0.225,54.45,47.54
"2025-05-02 16:00:00",13658,12.29,405,1,-0.104,-0.47,-0.22,-0.042,-0.021,-0.111,-0.237,51.93,47.41
"2025-05-02 16:30:00",13659,12.29,405,1,-0.047,-0.13,-0.19,-0.012,-0.018,-0.081,-0.237,54.57,46.56
"2025-05-02 17:00:00",13660,12.29,405,1,-0.086,-0.32,-0.26,-0.029,-0.024,-0.098,-0.244,52.78,45.44
