"TOA5","CR200Series_601","CR200X","No_SN","CR200X.Std.02","Sapflux2sensors1.CR2","63887","Table2"
"TIMESTAMP","RECORD","BattV_Min","id","SDI1","SapFlwTot1","VhOut1","VhIn1","AlphaOut1","AlphaIn1","BetaOut1","BetaIn1","tMaxTout1","tMaxTin1"
"TS","RN","Volts","","","unit","unit","unit","unit","unit","unit","unit","unit","unit"
"","","Min","Smp","Smp","Smp","Smp","Smp","Smp","Smp","Smp","Smp","Smp","Smp"
"2024-08-03 12:00:00",5145,13.26229,601,1,5.043,8.99,6.75,0.70519,0.52972,0.40146,0.13394,38.127,28.463
"2024-08-03 12:30:00",5146,13.24718,601,1,4.927,8.76,6.62,0.6873,0.51896,0.4039,0.1353,38.086,28.415
"2024-08-03 13:00:00",5147,13.24886,601,1,5.305,9.6,6.95,0.75271,0.54489,0.41113,0.13353,37.541,29.269
"2024-08-03 13:30:00",5148,13.24802,601,1,5.047,9.05,6.7,0.70933,0.52542,0.40064,0.12346,38.194,28.941
"2024-08-03 14:00:00",5149,13.25474,601,1,5.137,9.22,6.81,0.7233,0.5338,0.41257,0.1268,38.723,28.374
"2024-08-03 14:30:00",5150,13.2539,601,1,5.091,9.24,6.64,0.72427,0.52081,0.39981,0.1239,37.485,28.228
"2024-08-03 15:00:00",5151,13.25138,601,1,5.002,8.99,6.62,0.70519,0.51927,0.40464,0.12705,38.105,28.016
"2024-08-03 15:30:00",5152,13.26229,601,1,4.914,8.92,6.41,0.69929,0.50238,0.38448,0.12054,37.995,27.907
"2024-08-03 16:00:00",5153,13.26062,601,1,4.807,8.79,6.2,0.68904,0.48638,0.3747,0.11402,37.127,27.866
"2024-08-03 16:30:00",5154,13.24802,601,1,4.515,8.27,5.81,0.64887,0.456,0.3512,0.1025,38.107,27.34
"2024-08-03 17:00:00",5155,13.24802,601,1,4.22,7.73,5.43,0.60582,0.42554,0.33146,0.09209,38.474,26.72
"2024-08-03 17:30:00",5156,13.2539,601,1,4412.851,7.4,14206.62,0.57998,0.39127,0.30842,1.13541,38.232,3.011
"2024-08-03 18:00:00",5157,13.24718,601,1,3.484,6.3,4.57,0.4941,0.35842,0.2513,0.06766,37.02,27.084
"2024-08-03 18:30:00",5158,13.2539,601,1,2.635,5.14,3.06,0.40294,0.23988,0.1933,0.03816,35.663,26.405
"2024-08-03 19:00:00",5159,13.24467,601,1,1.842,3.63,2.1,0.28495,0.16484,0.13162,0.01546,36.065,26.136
"2024-08-03 19:30:00",5160,13.24718,601,1,1.463,2.9,1.65,0.22721,0.12919,0.10168,0.00569,34.932,25.52
"2024-08-03 20:00:00",5161,13.24131,601,1,1.113,2.26,1.2,0.17694,0.09436,0.07694,-0.00559,34.78,24.691
"2024-08-03 20:30:00",5162,13.23375,601,1,0.789,1.62,0.83,0.12729,0.0651,0.05148,0.55489,35.144,3.01
"2024-08-03 21:00:00",5163,13.23291,601,1,0.605,1.25,0.63,0.09804,0.04939,0.04032,-0.01657,33.946,25.105
"2024-08-03 21:30:00",5164,13.2304,601,1,0.47,0.99,0.47,0.07768,0.03688,0.0313,-0.02017,33.998,25.313
"2024-08-03 22:00:00",5165,13.22788,601,1,0.405,0.82,0.44,0.06431,0.03416,0.02279,-0.01863,34.882,24.791
"2024-08-03 22:30:00",5166,13.21948,601,1,0.33,0.74,0.28,0.05814,0.02191,0.02059,-0.02261,33.839,25
"2024-08-03 23:00:00",5167,13.21277,601,1,0.31,0.68,0.28,0.0531,0.02202,0.01618,-0.02467,33.746,25.164
"2024-08-03 23:30:00",5168,13.21696,601,1,0.282,0.66,0.21,0.05156,0.01617,0.01182,-0.02525,33.797,25.109
"2024-08-04 00:00:00",5169,13.20773,601,1,0.297,0.68,0.24,0.0531,0.01882,0.01603,-0.02435,34.524,24.848
"2024-08-04 00:30:00",5170,13.21529,601,1,0.272,0.64,0.2,0.0502,0.01572,0.01608,-0.02451,33.589,24.903
"2024-08-04 01:00:00",5171,13.21613,601,1,0.293,0.63,0.28,0.0496,0.02178,0.01134,-0.02225,33.533,24.951
"2024-08-04 01:30:00",5172,13.21361,601,1,0.278,0.62,0.24,0.04878,0.01846,0.01342,-0.02381,34.255,24.582
"2024-08-04 02:00:00",5173,13.20689,601,1,0.249,0.58,0.19,0.04517,0.01519,0.01103,-0.02357,34.304,24.891
"2024-08-04 02:30:00",5174,13.20605,601,1,0.284,0.65,0.23,0.05114,0.01824,0.01772,-0.02189,34.612,24.941
"2024-08-04 03:00:00",5175,13.20605,601,1,0.278,0.66,0.2,0.05168,0.01533,0.0157,-0.02391,34.358,25.101
"2024-08-04 03:30:00",5176,13.20185,601,1,0.26,0.65,0.15,0.05098,0.01212,0.01774,-0.02361,33.787,24.791
"2024-08-04 04:00:00",5177,13.19346,601,1,0.278,0.66,0.2,0.05168,0.01533,0.0157,-0.02203,34.509,24.999
"2024-08-04 04:30:00",5178,13.19094,601,1,0.259,0.64,0.16,0.05036,0.01258,0.01606,-0.02261,33.783,24.791
"2024-08-04 05:00:00",5179,13.18507,601,1,0.308,0.75,0.2,0.05881,0.0157,0.02062,-0.02249,34.255,24.738
"2024-08-04 05:30:00",5180,13.19598,601,1,0.273,0.68,0.16,0.05324,0.0127,0.01384,-0.02277,34.058,24.798
"2024-08-04 06:00:00",5181,13.19598,601,1,0.263,0.65,0.16,0.05124,0.01284,0.01404,-0.02299,34.002,24.745
"2024-08-04 06:30:00",5182,13.18255,601,1,0.358,0.79,0.32,0.0622,0.02538,0.01848,-0.01899,34.254,25.414
"2024-08-04 07:00:00",5183,13.18926,601,1,0.606,1.26,0.62,0.09909,0.0486,0.03999,0.2436,34.054,3.011
"2024-08-04 07:30:00",5184,13.18758,601,1,0.796,1.66,0.81,0.13011,0.06391,0.0555,-0.01097,35.3,25.367
"2024-08-04 08:00:00",5185,13.18758,601,1,1.673,3.21,2,0.252,0.15698,0.12093,0.02033,36.452,25.529
"2024-08-04 08:30:00",5186,13.17919,601,1,1.979,3.84,2.32,0.3012,0.18172,0.14744,0.02816,36.143,25.634
"2024-08-04 09:00:00",5187,13.18842,601,1,2.174,4.18,2.59,0.32778,0.20292,0.16063,0.40415,37.656,3.011
"2024-08-04 09:30:00",5188,13.18674,601,1,2.917,5.49,3.6,0.43036,0.28209,0.22111,0.05758,37.742,26.407
"2024-08-04 10:00:00",5189,13.18003,601,1,2.902,5.5,3.54,0.43132,0.2774,0.22209,0.42106,37.657,3.011
"2024-08-04 10:30:00",5190,13.18339,601,1,3.879,7.25,4.84,0.5687,0.37991,0.297,0.08848,38.473,27.291
"2024-08-04 11:00:00",5191,13.18758,601,1,4.507,8.17,5.89,0.64092,0.46188,0.3509,0.11908,39.043,26.876
"2024-08-04 11:30:00",5192,13.18758,601,1,4.673,8.28,6.31,0.64896,0.49448,0.36985,0.12938,37.851,27.762
"2024-08-04 12:00:00",5193,13.18591,601,1,4.744,8.42,6.39,0.66054,0.50076,0.37712,0.1291,38.733,27.551
"2024-08-04 12:30:00",5194,13.18423,601,1,4.969,9.01,6.49,0.70681,0.50914,0.39556,0.13325,38.005,28.331
"2024-08-04 13:00:00",5195,13.18842,601,1,5.093,9.22,6.67,0.72318,0.52277,0.39646,0.13424,37.323,27.808
"2024-08-04 13:30:00",5196,13.18926,601,1,4.621,8.47,5.94,0.66447,0.46546,0.3533,0.11604,37.749,27.66
"2024-08-04 14:00:00",5197,13.18842,601,1,4.769,8.57,6.31,0.6717,0.49518,0.3758,0.12378,39.307,27.135
"2024-08-04 14:30:00",5198,13.17835,601,1,4.744,8.61,6.19,0.6755,0.4858,0.3719,0.12231,37.912,27.403
"2024-08-04 15:00:00",5199,13.18758,601,1,4.033,7.5,5.07,0.58778,0.39773,0.30842,0.08922,38.146,26.659
"2024-08-04 15:30:00",5200,13.18339,601,1,3.61,6.73,4.52,0.52771,0.35442,0.27754,0.07736,39.067,27.319
"2024-08-04 16:00:00",5201,13.18171,601,1,3.913,7.38,4.81,0.57848,0.37682,0.29342,0.08264,36.752,27.08
"2024-08-04 16:30:00",5202,13.18003,601,1,3.974,7.34,5.05,0.57538,0.39641,0.30711,0.09146,38.149,26.661
"2024-08-04 17:00:00",5203,13.18087,601,1,3.88,7.11,4.99,0.55794,0.3912,0.29837,0.09019,38.094,26.759
"2024-08-04 17:30:00",5204,13.17835,601,1,2.612,5.06,3.07,0.39697,0.24112,0.19358,0.04162,37.475,27.385
"2024-08-04 18:00:00",5205,13.17667,601,1,1.781,3.54,2,0.27723,0.15652,0.12752,0.0198,36.855,24.426
"2024-08-04 18:30:00",5206,13.16912,601,1,0.854,1.78,0.87,0.1393,0.06808,0.05364,-0.01907,34.304,25.204
"2024-08-04 19:00:00",5207,13.17247,601,1,0.522,1.1,0.52,0.08598,0.04064,0.02941,-0.02781,35.136,24.893
"2024-08-04 19:30:00",5208,13.15485,601,1,0.346,0.79,0.28,0.06171,0.02202,0.01353,-0.03353,33.832,24.839
"2024-08-04 20:00:00",5209,13.15233,601,1,0.246,0.56,0.2,0.04376,0.01572,0.00453,-0.03779,33.944,25.105
"2024-08-04 20:30:00",5210,13.16072,601,1,0.169,0.44,0.08,0.03485,0.0062,0,-0.03947,34.465,25.469
"2024-08-04 21:00:00",5211,13.15065,601,1,0.144,0.4,0.04,0.03161,0.0031,0.00226,-0.04323,34.892,25.789
"2024-08-04 21:30:00",5212,13.15736,601,1,0.099,0.33,-0.03,0.02611,-0.00317,-0.00915,-0.04929,34.942,26.514
"2024-08-04 22:00:00",5213,13.15485,601,1,0.124,0.34,0.04,0.02648,0.00313,0.26622,-0.04975,3.01,26.197
"2024-08-04 22:30:00",5214,13.15401,601,1,0.092,0.31,-0.03,0.02408,-0.00327,-0.01417,-0.05287,34.524,25.94
"2024-08-04 23:00:00",5215,13.14477,601,1,0.089,0.3,-0.03,0.02373,-0.00327,-0.01175,-0.05071,34.976,25.982
"2024-08-04 23:30:00",5216,13.14309,601,1,0.066,0.23,-0.03,0.01786,-0.00321,-0.01167,-0.06229,34.933,25.937
"2024-08-05 00:00:00",5217,13.14142,601,1,0.124,0.34,0.04,0.02689,0.0032,0.19852,-0.04665,3.01,25.364
"2024-08-05 00:30:00",5218,13.14058,601,1,0.079,0.27,-0.03,0.0211,-0.00329,-0.00951,-0.04917,34.251,26.088
"2024-08-05 01:00:00",5219,13.14729,601,1,0.067,0.27,-0.07,0.0211,-0.00649,-0.00475,-0.05273,34.446,25.766
"2024-08-05 01:30:00",5220,13.14729,601,1,0.089,0.3,-0.03,0.02364,-0.00321,-0.00703,-0.05409,34.514,25.934
"2024-08-05 02:00:00",5221,13.14058,601,1,0.038,0.23,-0.12,0.01804,-0.00981,-0.01187,-0.05705,35.079,25.981
"2024-08-05 02:30:00",5222,13.14142,601,1,0.05,0.22,-0.07,0.0174,-0.00633,-0.00929,-0.05625,34.824,26.245
"2024-08-05 03:00:00",5223,13.14142,601,1,0.051,0.26,-0.11,0.02052,-0.00951,-0.00929,-0.06007,34.98,26.142
"2024-08-05 03:30:00",5224,13.13638,601,1,0.064,0.3,-0.11,0.02377,-0.00971,-0.00475,-0.06101,33.947,26.197
"2024-08-05 04:00:00",5225,13.14142,601,1,0.039,0.27,-0.16,0.02117,-0.01297,-0.00953,-0.05957,35.251,26.149
"2024-08-05 04:30:00",5226,13.14058,601,1,0.054,0.27,-0.11,0.02105,-0.00979,0.13442,-0.06163,3.01,26.043
"2024-08-05 05:00:00",5227,13.14142,601,1,0.093,0.35,-0.07,0.0275,-0.00663,0.00487,-0.05831,34.972,26.134
"2024-08-05 05:30:00",5228,13.1389,601,1,0.09,0.38,-0.11,0.0298,-0.00969,-0.00233,-0.06079,35.182,26.605
"2024-08-05 06:00:00",5229,13.13134,601,1,4411.283,0.38,14208.98,0.02948,-0.00953,0,2.08804,34.321,3.01
"2024-08-05 06:30:00",5230,13.13806,601,1,0.099,0.33,-0.03,0.02624,-0.00317,-0.00465,-0.06157,34.359,26.349
"2024-08-05 07:00:00",5231,13.13722,601,1,4410.56,0.41,14206.62,0.0318,-0.00629,-0.00235,1.99471,34.159,3.011
"2024-08-05 07:30:00",5232,13.12882,601,1,0.266,0.66,0.16,0.05184,0.01248,0.00914,-0.05173,34.726,26.146
"2024-08-05 08:00:00",5233,13.13974,601,1,0.542,1.16,0.52,0.09108,0.04106,0.03032,-0.04487,34.819,26.397
"2024-08-05 08:30:00",5234,13.13386,601,1,0.884,1.76,0.99,0.13785,0.07776,0.0623,-0.05807,37.379,29.371
"2024-08-05 09:00:00",5235,13.12714,601,1,1.548,2.81,2.02,0.22048,0.15846,0.10146,-0.02317,36.073,27.911
"2024-08-05 09:30:00",5236,13.12463,601,1,2.103,3.81,2.75,0.29892,0.21546,0.13412,-0.01161,39.245,32.329
"2024-08-05 10:00:00",5237,13.1347,601,1,2.013,3.83,2.44,0.30073,0.19106,0.18524,0.00195,3.01,28.44
"2024-08-05 10:30:00",5238,13.12379,601,1,2.771,5.28,3.35,0.4139,0.26294,0.2113,0.03118,39.722,27.554
"2024-08-05 11:00:00",5239,13.13638,601,1,3.796,6.94,4.9,0.54448,0.38454,0.3018,0.06202,38.521,31.344
"2024-08-05 11:30:00",5240,13.12547,601,1,4412.868,7.45,14206.62,0.58434,0.41722,0.3372,2.1624,40.568,3.011
"2024-08-05 12:00:00",5241,13.1347,601,1,4.567,8.24,6.01,0.6464,0.47104,0.36582,0.0921,39.42,29.328
"2024-08-05 12:30:00",5242,13.13722,601,1,4.642,8.46,6.02,0.66352,0.47213,0.56746,0.08425,3.01,29.117
"2024-08-05 13:00:00",5243,13.12966,601,1,4413.382,9.02,14206.62,0.70731,0.48812,0.3832,2.44976,38.48,3.011
"2024-08-05 13:30:00",5244,13.13974,601,1,4.874,8.75,6.46,0.68628,0.50646,0.57006,0.07626,3.01,31.765
"2024-08-05 14:00:00",5245,13.12882,601,1,4.972,8.67,6.86,0.67966,0.53829,0.39176,0.08933,37.118,32.281
"2024-08-05 14:30:00",5246,13.13554,601,1,4.914,8.93,6.4,0.70017,0.50196,0.38486,0.1097,38.978,29.152
"2024-08-05 15:00:00",5247,13.12882,601,1,4413.997,8.66,14208.98,0.67938,0.49148,0.37946,2.73684,38.472,3.01
"2024-08-05 15:30:00",5248,13.12966,601,1,4.666,8.54,6.01,0.66938,0.47166,-0.15749,0.06813,38.542,30.53
"2024-08-05 16:00:00",5249,13.12882,601,1,4.449,8.22,5.65,0.64468,0.44306,0.3462,0.06372,38.417,29.993
"2024-08-05 16:30:00",5250,13.13302,601,1,4.184,7.82,5.22,0.61324,0.40958,0.32136,0.04922,38.874,29.465
"2024-08-05 17:00:00",5251,13.12379,601,1,3.526,6.74,4.24,0.52817,0.33244,-0.06535,0.02016,37.845,29.837
"2024-08-05 17:30:00",5252,13.13386,601,1,2.813,5.53,3.22,0.43351,0.25213,-0.04917,-0.00811,38.432,29.015
"2024-08-05 18:00:00",5253,13.12798,601,1,4412.817,5.06,14208.98,0.39654,0.21796,0.19472,2.63096,38.219,3.01
"2024-08-05 18:30:00",5254,13.12798,601,1,1.864,3.82,1.97,0.29928,0.15464,-0.03897,-0.04439,36.861,28.436
"2024-08-05 19:00:00",5255,13.12714,601,1,4411.304,2.68,14206.62,0.21001,0.09213,0.09302,2.58694,36.137,3.011
"2024-08-05 19:30:00",5256,13.11791,601,1,0.742,1.94,0.34,0.15178,0.02667,0.06882,-0.09609,34.939,29.166
"2024-08-05 20:00:00",5257,13.11539,601,1,4411.617,1.4,14208.98,0.11018,0.03296,0.04062,2.59391,34.155,3.01
"2024-08-05 20:30:00",5258,13.11959,601,1,0.537,1.24,0.42,0.09701,0.03264,0.0354,-0.06587,35.821,26.979
"2024-08-05 21:00:00",5259,13.11959,601,1,0.405,0.96,0.29,0.07496,0.02254,0.02106,-0.06721,34.573,27.241
"2024-08-05 21:30:00",5260,13.12127,601,1,0.394,0.9,0.32,0.07019,0.02497,0.29462,-0.06743,3.01,27.447
"2024-08-05 22:00:00",5261,13.10868,601,1,0.334,0.8,0.23,0.06286,0.01834,0.01787,-0.07159,34.83,27.081
"2024-08-05 22:30:00",5262,13.11623,601,1,4411.398,0.73,14208.98,0.05712,0.00923,0.0112,2.60533,33.89,3.01
"2024-08-05 23:00:00",5263,13.10532,601,1,0.229,0.66,0.04,0.0514,0.0031,0.0112,-0.07567,34.833,27.082
"2024-08-05 23:30:00",5264,13.10364,601,1,0.228,0.62,0.08,0.04888,0.0062,0.2576,-0.07471,3.01,27.196
"2024-08-06 00:00:00",5265,13.11455,601,1,0.206,0.59,0.04,0.04598,0.0031,0.00908,-0.07651,34.691,26.94
"2024-08-06 00:30:00",5266,13.11203,601,1,0.18,0.55,0,0.04301,0,0.00678,-0.07993,35.146,27.396
"2024-08-06 01:00:00",5267,13.107,601,1,0.171,0.55,-0.03,0.04301,-0.00309,0.00221,-0.08357,34.31,27.133
"2024-08-06 01:30:00",5268,13.10784,601,1,0.133,0.51,-0.11,0.0402,-0.00929,0.22896,-0.08357,3.011,27.709
"2024-08-06 02:00:00",5269,13.09608,601,1,0.109,0.55,-0.23,0.04301,-0.01863,0.23168,-0.09699,3.011,27.04
"2024-08-06 02:30:00",5270,13.107,601,1,0.123,0.44,-0.07,0.03419,-0.00615,0.00221,-0.07919,34.955,28.036
"2024-08-06 03:00:00",5271,13.09608,601,1,0.136,0.48,-0.07,0.03748,-0.00619,0.00448,-0.07767,34.271,27.352
"2024-08-06 03:30:00",5272,13.09525,601,1,0.136,0.48,-0.07,0.03795,-0.00629,0.00458,-0.07899,34.781,27.446
"2024-08-06 04:00:00",5273,13.10196,601,1,0.144,0.44,0,0.03457,0,0.00226,-0.07809,34.473,27.555
"2024-08-06 04:30:00",5274,13.09273,601,1,0.124,0.52,-0.15,0.04094,-0.01247,0.00686,-0.08223,34.007,26.985
"2024-08-06 05:00:00",5275,13.0986,601,1,0.123,0.48,-0.11,0.0374,-0.00929,0.00453,-0.08005,34.157,27.656
"2024-08-06 05:30:00",5276,13.0986,601,1,0.18,0.51,0.04,0.04032,0.0031,0.00448,-0.07409,34.939,26.773
"2024-08-06 06:00:00",5277,13.10028,601,1,0.197,0.63,-0.03,0.04946,-0.00315,0.00912,-0.07643,34.687,27.507
"2024-08-06 06:30:00",5278,13.09608,601,1,0.182,0.66,-0.11,0.05202,-0.00929,0.01356,-0.07583,35.087,27.339
"2024-08-06 07:00:00",5279,13.09776,601,1,0.3,0.84,0.08,0.06561,0.00613,0.01797,-0.07177,34.465,26.875
"2024-08-06 07:30:00",5280,13.09692,601,1,0.631,1.45,0.5,0.1134,0.03954,0.21066,-0.06225,3.01,27.714
"2024-08-06 08:00:00",5281,13.09273,601,1,1.173,2.46,1.18,0.19287,0.09266,0.08386,-0.04595,36.501,27.918
"2024-08-06 08:30:00",5282,13.08433,601,1,1.99,3.94,2.25,0.309,0.17654,0.15023,-0.02157,38.44,28.918
"2024-08-06 09:00:00",5283,13.09441,601,1,2.979,5.81,3.46,0.45536,0.27126,0.2302,0.00771,37.85,28.85
"2024-08-06 09:30:00",5284,13.09357,601,1,3.97,7.45,4.92,0.58396,0.3861,0.42486,0.05145,3.01,29.786
"2024-08-06 10:00:00",5285,13.09441,601,1,4.371,8.01,5.62,0.62832,0.44072,0.38311,0.0773,42.327,30.415
"2024-08-06 10:30:00",5286,13.08182,601,1,4413.689,7.72,14208.98,0.60572,0.42352,0.33014,2.94083,38.885,3.01
"2024-08-06 11:00:00",5287,13.09441,601,1,4.234,7.66,5.55,0.60067,0.43504,0.33644,0.06742,39.036,29.624
"2024-08-06 11:30:00",5288,13.09776,601,1,4.021,7.37,5.17,0.57808,0.40544,0.17972,0.05639,39.35,30.093
"2024-08-06 12:00:00",5289,13.09525,601,1,4.479,8.34,5.62,0.65424,0.4404,0.35178,0.06896,38.868,29.875
"2024-08-06 12:30:00",5290,13.08769,601,1,4.598,8.2,6.15,0.64296,0.4824,0.10795,0.08978,38.262,32.593
"2024-08-06 13:00:00",5291,13.09944,601,1,4.705,8.84,5.82,0.69315,0.45674,0.37016,0.07001,37.778,30.188
"2024-08-06 13:30:00",5292,13.08853,601,1,4.273,7.94,5.38,0.62286,0.42216,0.33979,0.06004,38.546,29.712
"2024-08-06 14:00:00",5293,13.09441,601,1,4.448,8.33,5.53,0.653,0.43395,0.34125,0.06004,38.779,30.356
"2024-08-06 14:30:00",5294,13.09357,601,1,4.104,7.47,5.33,0.58607,0.41828,0.3314,0.06024,40.268,31.276
"2024-08-06 15:00:00",5295,13.09357,601,1,4.5,8.5,5.52,0.66658,0.43317,0.3506,0.05886,38.822,30.66
"2024-08-06 15:30:00",5296,13.09357,601,1,4.674,8.66,5.91,0.67946,0.46323,0.35533,0.06488,37.57,29.98
"2024-08-06 16:00:00",5297,13.08098,601,1,4.685,8.58,6.03,0.67301,0.47261,0.36223,0.07236,38.524,29.943
"2024-08-06 16:30:00",5298,13.09441,601,1,4.82,9.04,5.98,0.70921,0.46892,0.37807,0.07098,38.726,29.729
"2024-08-06 17:00:00",5299,13.08769,601,1,4.248,8.11,5.12,0.63627,0.40144,0.12618,0.04392,39.091,29.68
"2024-08-06 17:30:00",5300,13.07846,601,1,3.263,6.42,3.73,0.50309,0.2922,0.25301,0.00762,38.818,29.408
"2024-08-06 18:00:00",5301,13.08853,601,1,3.13,6.12,3.62,0.48014,0.28404,0.23972,0.0019,37.533,28.849
"2024-08-06 18:30:00",5302,13.08769,601,1,2.486,5.11,2.61,0.40049,0.20481,0.18814,-0.02495,38.045,29.051
"2024-08-06 19:00:00",5303,13.07258,601,1,1.889,3.84,2.03,0.30138,0.15944,0.13592,-0.03441,37.31,28.057
"2024-08-06 19:30:00",5304,13.07594,601,1,1.37,2.89,1.36,0.22644,0.10671,0.3736,-0.05775,3.011,27.45
"2024-08-06 20:00:00",5305,13.08014,601,1,0.877,2.03,0.68,0.15913,0.05301,0.04532,-0.07103,35.087,27.495
"2024-08-06 20:30:00",5306,13.07174,601,1,0.576,1.34,0.44,0.10532,0.03416,0.03886,-0.08053,35.085,27.078
"2024-08-06 21:00:00",5307,13.06838,601,1,0.391,1.04,0.16,0.08191,0.01236,0.02504,-0.08987,34.875,27.959
"2024-08-06 21:30:00",5308,13.08014,601,1,0.304,0.89,0.04,0.06998,0.0031,0.01356,-0.09515,34.357,27.856
"2024-08-06 22:00:00",5309,13.0751,601,1,0.252,0.73,0.04,0.0576,0.00304,0.01354,-0.09103,34.719,27.543
"2024-08-06 22:30:00",5310,13.07342,601,1,0.109,0.36,-0.03,0.02831,-0.00309,-0.00449,-0.09677,34.711,28.214
"2024-08-06 23:00:00",5311,13.07342,601,1,0.144,0.44,0,0.03438,0,0.3209,-0.09317,3.009,27.859
"2024-08-06 23:30:00",5312,13.07342,601,1,0.123,0.48,-0.11,0.0376,-0.00929,0.00453,-0.09567,34.438,27.528
"2024-08-07 00:00:00",5313,13.05999,601,1,0.11,0.44,-0.11,0.03457,-0.00925,0.00448,-0.09713,34.613,27.437
"2024-08-07 00:30:00",5314,13.06503,601,1,0.123,0.44,-0.07,0.03444,-0.00613,0.00226,-0.09753,34.657,27.484
"2024-08-07 01:00:00",5315,13.06587,601,1,0.087,0.37,-0.11,0.02898,-0.00929,-0.01135,-0.10213,34.502,28.836
"2024-08-07 01:30:00",5316,13.06838,601,1,0.159,0.59,-0.11,0.04648,-0.00929,0.01136,-0.09975,34.451,28.37
"2024-08-07 02:00:00",5317,13.06671,601,1,0.113,0.45,-0.11,0.03506,-0.00937,0.0023,-0.10233,34.607,28.264
"2024-08-07 02:30:00",5318,13.06251,601,1,0.062,0.33,-0.15,0.026,-0.01245,-0.00915,-0.10233,34.607,27.849
"2024-08-07 03:00:00",5319,13.06503,601,1,0.064,0.26,-0.07,0.02004,-0.00619,-0.00457,-0.10189,34.748,27.835
"2024-08-07 03:30:00",5320,13.06671,601,1,0.036,0.29,-0.19,0.0228,-0.01539,-0.00455,-0.10155,34.092,27.593
"2024-08-07 04:00:00",5321,13.06251,601,1,0.123,0.48,-0.11,0.03784,-0.00935,0.00453,-0.09995,34.76,27.846
"2024-08-07 04:30:00",5322,13.05327,601,1,4411.414,0.78,14208.98,0.0615,-0.01237,0.01374,3.19221,34.471,3.01
"2024-08-07 05:00:00",5323,13.05999,601,1,0.187,0.75,-0.19,0.05845,-0.01545,0.00453,-0.10373,35.034,28.117
"2024-08-07 05:30:00",5324,13.06083,601,1,0.175,0.6,-0.07,0.0469,-0.00621,0.3358,-0.09975,3.01,27.86
"2024-08-07 06:00:00",5325,13.05999,601,1,0.184,0.59,-0.03,0.04626,-0.00309,0.00448,-0.10115,34.656,27.898
"2024-08-07 06:30:00",5326,13.06167,601,1,0.181,0.58,-0.03,0.04583,-0.00315,0.00903,-0.09753,34.826,27.907
"2024-08-07 07:00:00",5327,13.04908,601,1,4411.584,1.3,14208.98,0.10224,0.00924,0.02732,3.16392,34.877,3.01
"2024-08-07 07:30:00",5328,13.05831,601,1,0.441,1.09,0.27,0.0855,0.0213,0.0292,-0.09117,35.177,27.745
"2024-08-07 08:00:00",5329,13.05495,601,1,0.587,1.42,0.39,0.11105,0.03059,0.03586,-0.08765,35.753,28.58
"2024-08-07 08:30:00",5330,13.05495,601,1,0.909,2.11,0.7,0.16536,0.05502,0.0657,-0.08223,36.129,28.12
"2024-08-07 09:00:00",5331,13.04488,601,1,0.989,2.24,0.82,0.17596,0.06431,0.07243,-0.08237,35.287,28.944
"2024-08-07 09:30:00",5332,13.04236,601,1,1.097,2.38,1.02,0.18656,0.08027,0.07728,-0.07703,35.849,28.675
"2024-08-07 10:00:00",5333,13.04068,601,1,1.413,3.08,1.3,0.24138,0.1021,0.10415,-0.07131,36.911,29.062
"2024-08-07 10:30:00",5334,13.05327,601,1,1.671,3.44,1.75,0.26957,0.13762,0.12961,-0.05743,37.79,29.107
"2024-08-07 11:00:00",5335,13.05327,601,1,2.359,4.77,2.56,0.37444,0.20038,0.1794,-0.04045,38.79,29.948
"2024-08-07 11:30:00",5336,13.05327,601,1,2.584,5.22,2.81,0.4092,0.22032,0.18943,-0.03499,37.803,28.126
"2024-08-07 12:00:00",5337,13.04236,601,1,2.223,4.49,2.42,0.35178,0.1897,0.17324,-0.04045,38.314,29.471
"2024-08-07 12:30:00",5338,13.05411,601,1,2.463,4.9,2.76,0.38409,0.21621,0.19215,-0.03267,38.102,29.677
"2024-08-07 13:00:00",5339,13.05243,601,1,2.888,5.76,3.22,0.45162,0.25248,0.21762,-0.01931,39.35,29.521
"2024-08-07 13:30:00",5340,13.05747,601,1,3.06,6.03,3.49,0.47276,0.2733,0.23556,-0.01341,39.203,30.36
"2024-08-07 14:00:00",5341,13.05411,601,1,3.52,6.92,4.03,0.5428,0.31639,0.03874,0,39.098,29.686
"2024-08-07 14:30:00",5342,13.05243,601,1,2.984,5.94,3.34,0.46614,0.2621,0.2277,-0.01933,37.476,29.47
"2024-08-07 15:00:00",5343,13.05411,601,1,2.67,5.54,2.75,0.43441,0.21603,0.20365,-0.03499,38.26,29.262
"2024-08-07 15:30:00",5344,13.04068,601,1,2.174,4.5,2.25,0.35262,0.17645,0.16026,-0.05113,37.533,29.681
"2024-08-07 16:00:00",5345,13.04908,601,1,1.765,3.82,1.65,0.29928,0.12961,0.1294,-0.06749,37.688,28.847
"2024-08-07 16:30:00",5346,13.04152,601,1,1.591,3.46,1.47,0.27156,0.11504,0.1119,-0.07513,36.908,28.901
"2024-08-07 17:00:00",5347,13.04824,601,1,1.323,2.88,1.22,0.22588,0.0956,0.0937,-0.08381,37.172,29.009
"2024-08-07 17:30:00",5348,13.04656,601,1,1.008,2.28,0.84,0.17886,0.0662,0.07015,-0.09161,36.073,28.325
"2024-08-07 18:00:00",5349,13.0474,601,1,0.903,2.1,0.69,0.16443,0.05386,0.05881,-0.09123,36.013,28.681
"2024-08-07 18:30:00",5350,13.03397,601,1,0.607,1.53,0.34,0.12034,0.02636,0.04332,-0.09161,36.134,28.124
"2024-08-07 19:00:00",5351,13.03732,601,1,0.457,1.27,0.13,0.09973,0.00992,0.02422,-0.08527,34.879,27.547
"2024-08-07 19:30:00",5352,13.03817,601,1,0.328,1.03,-0.03,0.08076,-0.00333,0.0193,-0.08931,35.34,26.916
"2024-08-07 20:00:00",5353,13.04068,601,1,0.276,0.87,-0.03,0.0681,-0.00333,0.0145,-0.09147,33.931,27.173
"2024-08-07 20:30:00",5354,13.039,601,1,0.209,0.75,-0.12,0.05852,-0.00989,0.01195,-0.08865,35.869,26.612
"2024-08-07 21:00:00",5355,13.04152,601,1,0.18,0.7,-0.16,0.05471,-0.01305,0.00948,-0.09003,34.414,26.665
"2024-08-07 21:30:00",5356,13.039,601,1,0.147,0.6,-0.16,0.04692,-0.01317,0.00487,-0.09281,34.929,26.351
"2024-08-07 22:00:00",5357,13.02389,601,1,0.103,0.54,-0.24,0.04269,-0.01965,0.00238,-0.09437,33.991,26.817
"2024-08-07 22:30:00",5358,13.03481,601,1,0.055,0.47,-0.32,0.03647,-0.02605,-0.00479,-0.09399,33.315,26.971
"2024-08-07 23:00:00",5359,13.03481,601,1,0.015,0.35,-0.32,0.02714,-0.02595,-0.00945,-0.09379,35.274,26.439
"2024-08-07 23:30:00",5360,13.03481,601,1,4410.501,0.23,14206.62,0.0182,-0.02941,-0.00951,2.3478,34.16,3.011
"2024-08-08 00:00:00",5361,13.03145,601,1,-0.05,0.28,-0.46,0.0218,-0.03679,-0.00971,-0.10385,34.304,26.971
"2024-08-08 00:30:00",5362,13.02641,601,1,-0.035,0.24,-0.37,0.01846,-0.02977,-0.01445,-0.10109,34.082,26.911
"2024-08-08 01:00:00",5363,13.02809,601,1,-0.14,0.08,-0.54,0.00606,-0.04297,-0.01431,-0.10583,33.884,27.123
"2024-08-08 01:30:00",5364,13.01886,601,1,-0.114,0.16,-0.54,0.01231,-0.04327,0.73299,-0.10645,3.01,27.707
"2024-08-08 02:00:00",5365,13.02893,601,1,-0.14,0.12,-0.58,0.00908,-0.04597,-0.01901,-0.10877,35.352,26.25
"2024-08-08 02:30:00",5366,13.02641,601,1,-0.135,0.04,-0.48,0.00298,-0.03849,-0.01865,-0.10265,34.722,26.557
"2024-08-08 03:00:00",5367,13.02557,601,1,-0.138,0.04,-0.49,0.00298,-0.03897,-0.01417,-0.10435,35.398,26.557
"2024-08-08 03:30:00",5368,13.02222,601,1,-0.163,0.04,-0.57,0.00298,-0.04561,-0.02131,-0.10833,34.978,27.126
"2024-08-08 04:00:00",5369,13.02473,601,1,-0.16,0,-0.52,0,-0.04191,-0.02341,-0.11101,33.995,27.651
"2024-08-08 04:30:00",5370,13.02473,601,1,-0.076,0.23,-0.49,0.01804,-0.03909,-0.01173,-0.11401,34.046,26.87
"2024-08-08 05:00:00",5371,13.02306,601,1,-0.087,0.12,-0.41,0.00912,-0.03271,-0.01895,-0.10623,33.791,26.77
"2024-08-08 05:30:00",5372,13.02137,601,1,-0.076,0.19,-0.45,0.01522,-0.03617,-0.01429,-0.11091,35.09,26.926
"2024-08-08 06:00:00",5373,13.02306,601,1,-0.073,0.19,-0.44,0.01506,-0.03535,-0.00937,-0.11019,34.25,27.075
"2024-08-08 06:30:00",5374,13.01046,601,1,-0.1,0.11,-0.44,0.00898,-0.03535,-0.01867,-0.11035,33.354,28.102
"2024-08-08 07:00:00",5375,13.02054,601,1,-0.087,0.27,-0.57,0.0211,-0.04561,-0.01173,-0.11941,33.944,26.925
"2024-08-08 07:30:00",5376,13.01886,601,1,-0.087,0.27,-0.57,0.02105,-0.04535,-0.01411,-0.12087,33.841,27.758
"2024-08-08 08:00:00",5377,13.01886,601,1,-0.123,0.19,-0.6,0.01474,-0.04817,-0.01399,-0.12035,34.829,27.238
"2024-08-08 08:30:00",5378,13.01802,601,1,-0.162,0.11,-0.64,0.00876,-0.05097,0.47456,-0.12803,3.01,27.03
"2024-08-08 09:00:00",5379,13.01466,601,1,-0.124,0.15,-0.56,0.01174,-0.04445,0.40088,-0.12523,3.01,27.603
"2024-08-08 09:30:00",5380,13.00459,601,1,-0.072,0.26,-0.51,0.02028,-0.04109,-0.00915,-0.12541,34.256,27.494
"2024-08-08 10:00:00",5381,13.01298,601,1,-0.023,0.38,-0.48,0.02956,-0.03821,-0.00465,-0.12775,34.003,27.242
"2024-08-08 10:30:00",5382,13.00459,601,1,0.037,0.53,-0.44,0.04154,-0.03541,0,-0.12641,34.828,27.235
"2024-08-08 11:00:00",5383,13.00543,601,1,0.116,0.62,-0.28,0.04834,-0.02287,0.0047,-0.12443,34.513,27.755
"2024-08-08 11:30:00",5384,13.0071,601,1,0.226,0.88,-0.2,0.06878,-0.01635,0.01644,-0.12161,34.63,28.701
"2024-08-08 12:00:00",5385,13.01382,601,1,0.653,1.68,0.33,0.13154,0.02605,0.05198,-0.10599,37.591,28.751
"2024-08-08 12:30:00",5386,13.01466,601,1,0.989,2.27,0.79,0.17788,0.06177,0.0755,-0.08701,38.258,27.339
"2024-08-08 13:00:00",5387,13.01298,601,1,4411.912,2.3,14208.98,0.18013,0.06256,0.07336,2.57686,37.39,3.01
"2024-08-08 13:30:00",5388,13.01466,601,1,1.425,3.04,1.38,0.2385,0.10846,0.10835,-0.07561,37.493,28.391
"2024-08-08 14:00:00",5389,13.01382,601,1,2.081,4.35,2.11,0.34125,0.16539,0.1567,-0.05717,37.181,26.413
"2024-08-08 14:30:00",5390,13.01298,601,1,2.249,4.69,2.29,0.36743,0.17984,0.61942,-0.05615,3.011,27.873
"2024-08-08 15:00:00",5391,13.01046,601,1,2.223,4.67,2.23,0.36621,0.17483,0.59362,-0.05873,3.01,28.957
"2024-08-08 15:30:00",5392,13.01214,601,1,1.944,4.15,1.88,0.3256,0.14778,0.1485,-0.06931,37.272,28.431
"2024-08-08 16:00:00",5393,13.01382,601,1,1.584,3.45,1.46,0.27057,0.11458,0.122,-0.07873,36.387,27.545
"2024-08-08 16:30:00",5394,13.00123,601,1,1.282,2.87,1.1,0.22519,0.08642,0.09734,-0.08649,35.442,28.841
"2024-08-08 17:00:00",5395,13.00207,601,1,1.274,2.91,1.03,0.22806,0.08109,0.09414,-0.08543,36.499,27.657
"2024-08-08 17:30:00",5396,13.00627,601,1,1.327,2.94,1.17,0.23084,0.09172,0.62448,-0.07969,3.01,28.702
"2024-08-08 18:00:00",5397,13.00627,601,1,1.276,2.88,1.07,0.22588,0.08406,0.09599,-0.08701,37.634,29.055
"2024-08-08 18:30:00",5398,12.99955,601,1,0.932,2.2,0.68,0.17218,0.05348,0.06947,-0.09929,37.482,28.902
"2024-08-08 19:00:00",5399,13.0071,601,1,0.68,1.79,0.3,0.14064,0.02364,0.62345,-0.10449,3.01,27.603
"2024-08-08 19:30:00",5400,13.00543,601,1,0.467,1.3,0.13,0.1021,0.01002,0.03136,-0.10949,35.349,28.432
"2024-08-08 20:00:00",5401,13.0071,601,1,0.4,1.06,0.17,0.08296,0.01318,0,-0.08201,37.478,28.063
"2024-08-08 20:30:00",5402,13.00543,601,1,0.273,0.91,-0.08,0.07135,-0.00667,0.01944,-0.09495,34.261,29.424
"2024-08-08 21:00:00",5403,13.00543,601,1,0.183,0.71,-0.16,0.05606,-0.01343,0,-0.22793,34.26,28.069
"2024-08-08 21:30:00",5404,12.99871,601,1,0.144,0.59,-0.16,0.04648,-0.01329,0,-0.10363,35.602,28.426
"2024-08-08 22:00:00",5405,12.99283,601,1,0.134,0.56,-0.16,0.04356,-0.01331,-0.00741,-0.28771,33.987,29.154
"2024-08-08 22:30:00",5406,12.98864,601,1,0.064,0.47,-0.29,0.03712,-0.02315,-0.00739,-0.11367,36.07,27.489
"2024-08-08 23:00:00",5407,12.99871,601,1,0.068,0.51,-0.32,0.03993,-0.02619,-0.20659,-0.11633,35.553,28.22
"2024-08-08 23:30:00",5408,12.99199,601,1,0.055,0.47,-0.32,0.03688,-0.02619,-0.00491,-0.12803,35.031,29.105
"2024-08-09 00:00:00",5409,12.99116,601,1,0.093,0.55,-0.28,0.04344,-0.02311,-0.00739,-0.42385,33.729,28.635
"2024-08-09 00:30:00",5410,12.98612,601,1,-0.101,0.2,-0.54,0.01559,-0.04345,-0.04487,-1.01589,37.752,32.498
"2024-08-09 01:00:00",5411,12.99535,601,1,-0.182,0.16,-0.76,0.01246,-0.06067,-0.05261,-0.24011,39.444,34.349
"2024-08-09 01:30:00",5412,12.98024,601,1,-0.23,0.12,-0.87,0.0097,-0.06927,-0.69709,-0.26239,36.49,35.553
"2024-08-09 02:00:00",5413,12.99451,601,1,-0.236,0.12,-0.89,0.00978,-0.07047,-0.29705,-0.26669,37.271,33.423
"2024-08-09 02:30:00",5414,12.9794,601,1,-0.232,0.16,-0.92,0.01282,-0.07311,-0.21575,-0.27367,37.366,34.35
"2024-08-09 03:00:00",5415,12.97688,601,1,-0.245,0.12,-0.92,0.00962,-0.07311,-0.62475,-0.95513,37.05,35.543
"2024-08-09 03:30:00",5416,12.9794,601,1,-0.27,0.12,-1,0.00956,-0.07923,-0.73297,-0.28107,36.778,33.192
"2024-08-09 04:00:00",5417,12.97605,601,1,-0.276,0.12,-1.02,0.00933,-0.08091,-0.15999,-0.28835,37.842,33.838
"2024-08-09 04:30:00",5418,12.97269,601,1,4657.965,14208.98,-1.03,0.00632,-0.08139,2.23644,-0.28969,3.01,34.107
"2024-08-09 05:00:00",5419,12.98864,601,1,-0.023,0.23,-0.32,0.01836,-0.02625,-0.75261,0.10959,32.749,32.645
"2024-08-09 05:30:00",5420,12.97772,601,1,-0.24,0.08,-0.86,0.00627,-0.06785,-0.06019,-0.23523,37.52,32.271
"2024-08-09 06:00:00",5421,12.9794,601,1,-0.176,0.2,-0.78,0.01596,-0.06193,-0.04823,-0.22319,35.903,31.07
"2024-08-09 06:30:00",5422,12.98528,601,1,-0.176,0.16,-0.74,0.0129,-0.05879,-0.04853,-0.20565,36.744,31.91
"2024-08-09 07:00:00",5423,12.98528,601,1,-0.118,0.32,-0.72,0.02514,-0.05757,-0.61195,-0.20533,36.647,31.967
"2024-08-09 07:30:00",5424,12.98696,601,1,0,0.56,-0.59,0.04356,-0.04737,-0.02519,-0.21369,36.532,31.592
"2024-08-09 08:00:00",5425,12.98024,601,1,0.636,1.78,0.17,0.13988,0.01356,-0.00255,-0.19173,37.745,31.66
"2024-08-09 08:30:00",5426,12.97269,601,1,1.071,2.68,0.62,0.20988,0.0486,-1.52952,-0.18315,37.447,32.764
"2024-08-09 09:00:00",5427,12.9794,601,1,0.51,1.67,-0.12,0.13132,-0.01053,-0.45061,-0.80469,36.512,32.661
"2024-08-09 09:30:00",5428,12.98276,601,1,0.703,2.02,0.13,0.15814,0.01032,-0.58589,-0.20857,37.88,33.617
"2024-08-09 10:00:00",5429,12.97353,601,1,1.394,3.21,1.1,0.2517,0.08618,0.02756,-0.14685,39.397,31.389
"2024-08-09 10:30:00",5430,12.98108,601,1,1.885,4.12,1.72,0.32346,0.1352,-0.02769,-0.13083,38.823,32.326
"2024-08-09 11:00:00",5431,12.96933,601,1,2.372,5,2.36,0.3919,0.1853,0.09466,-0.11529,41.178,33.43
"2024-08-09 11:30:00",5432,12.9794,601,1,2.643,5.58,2.62,0.43762,0.20534,0.00656,-0.11373,40.295,34.625
"2024-08-09 12:00:00",5433,12.97856,601,1,2.257,5,1.99,0.39214,0.15571,-0.01135,-0.13937,38.88,34.202
"2024-08-09 12:30:00",5434,12.96849,601,1,2.552,5.55,2.36,0.43504,0.1848,-0.05519,-0.71293,39.404,33.892
"2024-08-09 13:00:00",5435,12.97605,601,1,2.792,5.94,2.72,0.46546,0.2133,0.11093,-0.12451,41.429,34.827
"2024-08-09 13:30:00",5436,12.96765,601,1,3.224,6.7,3.31,0.52548,0.25996,-0.00437,-0.11003,39.923,34.827
"2024-08-09 14:00:00",5437,12.96513,601,1,3.394,7.02,3.52,0.55036,0.2757,0.04135,-0.10793,41.171,35.658
"2024-08-09 14:30:00",5438,12.97437,601,1,3.776,7.72,4.01,0.60573,0.31428,0.10679,-0.09663,39.721,37.276
"2024-08-09 15:00:00",5439,12.96597,601,1,4659.806,14208.98,4.9,0.69072,0.38394,1.98873,-0.06397,3.01,37.436
"2024-08-09 15:30:00",5440,12.97437,601,1,3.934,8.04,4.18,0.63046,0.32764,0.08037,-0.09139,40.608,36.603
"2024-08-09 16:00:00",5441,12.97605,601,1,2.784,6.03,2.6,0.47296,0.20398,-0.12743,-0.61325,40.827,35.572
"2024-08-09 16:30:00",5442,12.97353,601,1,4658.977,14208.98,2.23,0.43735,0.17507,1.96517,-0.16077,3.01,34.939
"2024-08-09 17:00:00",5443,12.97521,601,1,2.073,4.79,1.62,0.3756,0.12726,0.0899,-0.63489,39.41,34.573
"2024-08-09 17:30:00",5444,12.97353,601,1,2.054,4.74,1.61,0.37142,0.1265,-0.40471,-0.19241,39.144,34.879
"2024-08-09 18:00:00",5445,12.97353,601,1,2.475,5.39,2.28,0.42286,0.17846,-1.07857,-0.16933,38.837,34.99
"2024-08-09 18:30:00",5446,12.97353,601,1,3.115,6.66,3,0.52246,0.23513,0.02306,-0.15171,40.868,36.448
"2024-08-09 19:00:00",5447,12.97101,601,1,4659.008,14208.98,2.33,0.45816,0.18233,1.99222,-0.16863,3.01,34.788
"2024-08-09 19:30:00",5448,12.96849,601,1,1.237,3.27,0.53,0.25678,0.04192,-0.25687,-99,38.887,3.011
"2024-08-09 20:00:00",5449,12.96933,601,1,0.613,2.03,-0.17,0.15926,-0.01407,0.02831,-0.24615,37.845,33.841
"2024-08-09 20:30:00",5450,12.96429,601,1,0.288,1.37,-0.52,0.10707,-0.04153,-0.04989,-0.25219,36.697,33.682
"2024-08-09 21:00:00",5451,12.9601,601,1,4658.055,14208.98,-0.74,0.08106,-0.05859,1.94449,-0.26079,3.01,34.507
"2024-08-09 21:30:00",5452,12.96933,601,1,0,0.74,-0.78,0.0579,-0.06171,-0.42329,-0.26217,36.223,33.623
"2024-08-09 22:00:00",5453,12.96429,601,1,-0.078,0.66,-0.95,0.05146,-0.07567,-0.02807,-0.26997,36.541,33.786
"2024-08-09 22:30:00",5454,12.9559,601,1,-0.082,0.57,-0.87,0.04503,-0.06879,-0.03315,-0.26601,36.121,33.106
"2024-08-09 23:00:00",5455,12.9517,601,1,-0.146,0.49,-0.99,0.03828,-0.07843,-0.03795,-0.26817,36.123,33.367
"2024-08-09 23:30:00",5456,12.96346,601,1,-0.16,0.41,-0.95,0.03214,-0.07515,-0.39337,-0.27331,36.221,34.037
"2024-08-10 00:00:00",5457,12.96177,601,1,-0.188,0.37,-1,0.02906,-0.07947,-0.10093,-0.27259,35.437,33.255
"2024-08-10 00:30:00",5458,12.9601,601,1,-0.162,0.46,-1.01,0.03572,-0.07981,-0.03821,-0.26797,36.948,33.36
"2024-08-10 01:00:00",5459,12.95926,601,1,-0.176,0.37,-0.96,0.02906,-0.07595,-0.29417,-99,36.236,3.01
"2024-08-10 01:30:00",5460,12.95758,601,1,-0.188,0.36,-0.99,0.02842,-0.07813,-0.03995,-0.26829,35.657,33.317
"2024-08-10 02:00:00",5461,12.95758,601,1,-0.214,0.32,-1.03,0.02523,-0.08139,-0.04259,-0.27147,35.294,33.37
"2024-08-10 02:30:00",5462,12.9559,601,1,-0.186,0.33,-0.95,0.0256,-0.07515,-0.40895,-0.26817,35.387,33.879
"2024-08-10 03:00:00",5463,12.9559,601,1,-0.198,0.36,-1.02,0.02834,-0.08115,-0.32445,-0.27027,35.807,33.623
"2024-08-10 03:30:00",5464,12.95254,601,1,-0.217,0.32,-1.04,0.02472,-0.08269,-0.08163,-0.26933,36.263,33.247
"2024-08-10 04:00:00",5465,12.95002,601,1,-0.221,0.28,-1.01,0.0218,-0.08005,-0.08429,-0.27171,35.432,33.508
"2024-08-10 04:30:00",5466,12.94666,601,1,-0.249,0.24,-1.06,0.0186,-0.08355,-0.04677,-0.27171,35.957,33.928
"2024-08-10 05:00:00",5467,12.95086,601,1,-0.236,0.32,-1.1,0.02497,-0.08731,-0.03959,-0.27485,35.478,33.297
"2024-08-10 05:30:00",5468,12.94834,601,1,-0.209,0.24,-0.93,0.01894,-0.07409,-0.33727,-0.26963,35.807,33.052
"2024-08-10 06:00:00",5469,12.95254,601,1,4657.981,14208.98,-0.98,0.02219,-0.07789,1.80891,-0.27219,3.01,34.099
"2024-08-10 06:30:00",5470,12.93827,601,1,-0.225,0.24,-0.98,0.01884,-0.07789,-0.39013,-0.27027,36.217,33.878
"2024-08-10 07:00:00",5471,12.9475,601,1,-0.251,0.16,-0.98,0.01243,-0.07761,-0.07323,-0.27027,35.993,33.655
"2024-08-10 07:30:00",5472,12.94499,601,1,-0.221,0.24,-0.97,0.0187,-0.07711,-0.06361,-0.27355,36.096,33.499
"2024-08-10 08:00:00",5473,12.93911,601,1,-0.147,0.39,-0.89,0.03094,-0.07019,-0.03701,-0.26901,35.712,34.203
"2024-08-10 08:30:00",5474,12.94666,601,1,0.182,1,-0.47,0.07875,-0.03751,-0.01509,-0.25743,37.263,33.831
"2024-08-10 09:00:00",5475,12.93827,601,1,1.18,2.86,0.78,0.22453,0.0614,-0.03779,-0.21603,38.763,35.176
"2024-08-10 09:30:00",5476,12.93659,601,1,2.771,5.81,2.79,0.45536,0.21849,0.11749,-0.15099,40.062,36.631
"2024-08-10 10:00:00",5477,12.94247,601,1,4.049,8.09,4.5,0.63476,0.35271,0.20143,-0.10265,39.442,37.26
"2024-08-10 10:30:00",5478,12.93575,601,1,4.11,8,4.79,0.6276,0.3758,0.0356,-0.08807,40.286,36.593
"2024-08-10 11:00:00",5479,12.93911,601,1,4.386,8.54,5.11,0.66967,0.40078,0.14546,-0.08269,41.062,37.631
"2024-08-10 11:30:00",5480,12.94834,601,1,4.615,9.01,5.35,0.70681,0.41944,-0.28991,-0.07047,39.537,36.939
"2024-08-10 12:00:00",5481,12.94666,601,1,4.503,8.68,5.34,0.68108,0.41859,0.33566,-0.07495,39.914,37.576
"2024-08-10 12:30:00",5482,12.9475,601,1,4.225,8.01,5.15,0.6283,0.40402,0.17434,-0.67827,39.832,38.74
"2024-08-10 13:00:00",5483,12.94499,601,1,4.82,9.37,5.63,0.735,0.44146,-0.14299,-0.65573,39.002,36.816
"2024-08-10 13:30:00",5484,12.94666,601,1,4.868,9.09,6.08,0.71314,0.47642,-0.71801,-0.05387,39.67,37.9
"2024-08-10 14:00:00",5485,12.94583,601,1,4.381,8.62,5.01,0.67602,0.39256,0.24556,-0.08813,39.818,37.062
"2024-08-10 14:30:00",5486,12.94583,601,1,4.667,9,5.53,0.70558,0.43368,0.24784,-0.66407,39.249,37.483
"2024-08-10 15:00:00",5487,12.94499,601,1,4.937,9.35,6.03,0.73351,0.47288,-0.21077,-0.05099,39.568,38.891
"2024-08-10 15:30:00",5488,12.94163,601,1,4.576,8.94,5.3,0.70077,0.41586,-0.11825,-0.68623,39.576,38.225
"2024-08-10 16:00:00",5489,12.93827,601,1,4.28,8.49,4.82,0.66594,0.37791,-0.10513,-0.65191,38.732,37.64
"2024-08-10 16:30:00",5490,12.94079,601,1,4659.502,14208.98,3.92,0.56759,0.30726,1.95787,-0.12663,3.01,37.016
"2024-08-10 17:00:00",5491,12.94163,601,1,3.843,7.65,4.3,0.60006,0.3376,0.27886,-0.11551,40.741,36.894
"2024-08-10 17:30:00",5492,12.94331,601,1,3.335,6.83,3.53,0.5354,0.27664,0.10508,-0.14357,39.61,36.178
"2024-08-10 18:00:00",5493,12.92904,601,1,2.746,5.83,2.69,0.45757,0.21075,0.06598,-0.16889,39.461,35.768
"2024-08-10 18:30:00",5494,12.93995,601,1,4658.865,14208.98,1.87,0.36386,0.14626,1.93289,-0.19779,3.01,36.186
"2024-08-10 19:00:00",5495,12.94079,601,1,1.405,3.33,1.01,0.261,0.07948,-0.23989,-0.22021,39.131,34.868
"2024-08-10 19:30:00",5496,12.93323,601,1,4658.338,14208.98,0.17,0.18004,0.01328,1.92651,-0.25275,3.01,34.763
"2024-08-10 20:00:00",5497,12.93407,601,1,0.447,1.59,-0.24,0.12478,-0.01989,0.01204,-0.26183,36.487,34.148
"2024-08-10 20:30:00",5498,12.93491,601,1,0.166,0.98,-0.5,0.07681,-0.03989,-0.25375,-0.27247,35.81,34.456
"2024-08-10 21:00:00",5499,12.93323,601,1,0.023,0.77,-0.74,0.0604,-0.05869,-0.19305,-0.53819,36.089,34.321
"2024-08-10 21:30:00",5500,12.93072,601,1,-0.077,0.5,-0.78,0.03886,-0.06163,-0.70157,-0.27651,35.774,33.435
"2024-08-10 22:00:00",5501,12.93239,601,1,-0.115,0.46,-0.86,0.03569,-0.06815,-0.03299,-0.27713,35.505,34.152
"2024-08-10 22:30:00",5502,12.92568,601,1,-0.179,0.34,-0.94,0.02672,-0.07463,-0.03769,-0.50987,35.671,34.318
"2024-08-10 23:00:00",5503,12.92736,601,1,-0.167,0.34,-0.9,0.02689,-0.07103,-0.04005,-0.49435,35.507,33.894
"2024-08-10 23:30:00",5504,12.91645,601,1,-0.189,0.31,-0.94,0.024,-0.07485,-0.03795,-0.49015,35.667,34.159
"2024-08-11 00:00:00",5505,12.92652,601,1,-0.178,0.39,-0.99,0.03036,-0.07873,-0.03587,-0.28457,35.667,34.16
"2024-08-11 00:30:00",5506,12.91477,601,1,-0.237,0.24,-1.02,0.01848,-0.08057,-0.25023,-0.29157,35.556,33.632
"2024-08-11 01:00:00",5507,12.91225,601,1,-0.195,0.32,-0.97,0.0248,-0.07711,-0.65265,-0.29611,37.011,33.995
"2024-08-11 01:30:00",5508,12.91812,601,1,-0.211,0.31,-1.01,0.02469,-0.08029,-0.04127,-0.29285,35.907,33.983
"2024-08-11 02:00:00",5509,12.924,601,1,-0.236,0.28,-1.06,0.02168,-0.08381,-0.03899,-0.29031,36.161,34.135
"2024-08-11 02:30:00",5510,12.91141,601,1,-0.24,0.27,-1.06,0.02142,-0.08355,-0.04127,-0.29089,35.499,33.992
"2024-08-11 03:00:00",5511,12.91393,601,1,-0.237,0.23,-1.01,0.01824,-0.07981,-0.03869,-0.28967,36.277,34.354
"2024-08-11 03:30:00",5512,12.91477,601,1,-0.263,0.19,-1.05,0.01522,-0.08327,-0.26527,-0.29735,35.399,34.464
"2024-08-11 04:00:00",5513,12.90889,601,1,-0.221,0.27,-1,0.02121,-0.07925,-0.04085,-0.29283,35.753,34.245
"2024-08-11 04:30:00",5514,12.90637,601,1,-0.274,0.23,-1.13,0.01824,-0.08965,-0.04349,-99,35.29,3.01
"2024-08-11 05:00:00",5515,12.90134,601,1,-0.247,0.19,-1,0.01524,-0.07949,-0.25135,-0.29797,35.798,33.874
"2024-08-11 05:30:00",5516,12.90721,601,1,4657.999,14208.98,-0.92,0.02447,-0.07313,1.90102,-0.28455,3.01,34.511
"2024-08-11 06:00:00",5517,12.91309,601,1,-0.195,0.32,-0.97,0.0248,-0.07711,-0.03665,-0.29157,36.273,33.674
"2024-08-11 06:30:00",5518,12.91225,601,1,-0.224,0.28,-1.02,0.02168,-0.08091,-0.03679,-0.29549,35.641,34.133
"2024-08-11 07:00:00",5519,12.90385,601,1,-0.195,0.31,-0.96,0.02439,-0.07635,-0.04105,-0.29157,36.426,34.243
"2024-08-11 07:30:00",5520,12.90553,601,1,-0.172,0.39,-0.97,0.03087,-0.07687,-0.03655,-0.29221,35.071,33.978
"2024-08-11 08:00:00",5521,12.90469,601,1,-0.037,0.66,-0.82,0.05146,-0.06477,-0.59117,-0.28967,35.5,34.41
"2024-08-11 08:30:00",5522,12.90889,601,1,1.115,2.73,0.71,0.21384,0.05552,-0.48609,-0.23631,37.852,33.847
"2024-08-11 09:00:00",5523,12.90134,601,1,2.731,5.67,2.81,0.4447,0.22,0.19208,-0.17485,39.229,36.891
"2024-08-11 09:30:00",5524,12.90553,601,1,4.161,8.1,4.85,0.63545,0.38036,0.30582,-0.10371,40.201,37.03
"2024-08-11 10:00:00",5525,12.90805,601,1,5.107,9.82,6.08,0.77009,0.47658,0.35606,-0.06977,37.819,37.974
"2024-08-11 10:30:00",5526,12.90805,601,1,5.179,9.66,6.48,0.75763,0.50792,-0.05143,-0.05171,37.869,37.35
"2024-08-11 11:00:00",5527,12.89714,601,1,5.307,9.89,6.65,0.77565,0.52161,0.40053,-0.04511,39.448,37.109
"2024-08-11 11:30:00",5528,12.90805,601,1,5.181,9.62,6.53,0.75407,0.5118,0.39335,-0.05121,39.287,38.923
"2024-08-11 12:00:00",5529,12.9005,601,1,5.193,9.6,6.59,0.75281,0.51688,0.22718,-0.05599,38.928,38.666
"2024-08-11 12:30:00",5530,12.89714,601,1,4.622,8.52,5.89,0.66794,0.46162,0.28448,-0.06673,39.816,39.14
"2024-08-11 13:00:00",5531,12.90805,601,1,5.522,10.33,6.88,0.81027,0.5394,-0.10865,-0.04929,38.307,37.943
"2024-08-11 13:30:00",5532,12.89882,601,1,4.983,9.3,6.23,0.72905,0.48832,0.39035,-0.07055,39.356,38.99
"2024-08-11 14:00:00",5533,12.90134,601,1,5.233,10.09,6.2,0.79142,0.48587,-0.29163,-0.08993,37.92,38.908
"2024-08-11 14:30:00",5534,12.89882,601,1,5.165,9.61,6.49,0.75344,0.50892,0.36446,-0.05363,38.68,38.421
"2024-08-11 15:00:00",5535,12.90134,601,1,4.952,9.28,6.15,0.72753,0.48226,-0.23447,-0.06729,38.884,38.208
"2024-08-11 15:30:00",5536,12.90805,601,1,5.005,9.48,6.11,0.7434,0.47932,-0.15641,-0.06455,39.306,37.536
"2024-08-11 16:00:00",5537,12.89462,601,1,4.806,9.13,5.84,0.71571,0.45831,-0.11891,-99,39.31,3.01
"2024-08-11 16:30:00",5538,12.90385,601,1,4.67,8.97,5.57,0.70344,0.43718,-0.20533,-0.08329,38.729,37.221
"2024-08-11 17:00:00",5539,12.9005,601,1,4.159,8.18,4.76,0.64186,0.37304,0.15932,-0.10985,39.604,37.003
"2024-08-11 17:30:00",5540,12.90385,601,1,3.408,6.92,3.67,0.54262,0.28766,0.25558,-0.27801,38.841,36.812
"2024-08-11 18:00:00",5541,12.89294,601,1,2.591,5.46,2.58,0.42815,0.2021,-0.11159,-0.33615,39.975,36.803
"2024-08-11 18:30:00",5542,12.89966,601,1,2.55,5.41,2.5,0.42394,0.19612,0.18361,-0.19009,39.238,36.067
"2024-08-11 19:00:00",5543,12.89882,601,1,4658.657,14208.98,1.2,0.29426,0.09392,1.94967,-0.23693,3.01,35.351
"2024-08-11 19:30:00",5544,12.89714,601,1,0.82,2.33,0.18,0.18288,0.01379,0.05167,-0.27127,37.349,34.75
"2024-08-11 20:00:00",5545,12.88371,601,1,0.441,1.59,-0.26,0.12492,-0.02101,0.01747,-0.29173,36.105,34.754
"2024-08-11 20:30:00",5546,12.89546,601,1,0.257,1.21,-0.45,0.09499,-0.03587,0.01021,-0.29869,35.655,34.564
"2024-08-11 21:00:00",5547,12.88623,601,1,0.09,0.88,-0.64,0.0694,-0.05079,-0.00261,-0.29117,35.502,34.411
"2024-08-11 21:30:00",5548,12.89462,601,1,0.111,0.84,-0.53,0.06556,-0.04259,-0.00259,-0.25511,35.23,32.891
"2024-08-11 22:00:00",5549,12.88958,601,1,-0.029,0.59,-0.72,0.04589,-0.05717,-0.04783,-0.27485,34.715,32.792
"2024-08-11 22:30:00",5550,12.88958,601,1,-0.085,0.42,-0.72,0.03321,-0.05717,-0.02061,-0.26685,34.967,32.784
"2024-08-11 23:00:00",5551,12.8879,601,1,-0.073,0.54,-0.81,0.04252,-0.06455,-0.02051,-0.27961,35.757,33.156
"2024-08-11 23:30:00",5552,12.88874,601,1,-0.042,0.58,-0.75,0.04528,-0.05999,-0.01267,-0.26781,34.868,32.111
"2024-08-12 00:00:00",5553,12.88623,601,1,-0.058,0.53,-0.75,0.04168,-0.05979,-0.00755,-0.25701,35.667,32.806
"2024-08-12 00:30:00",5554,12.88287,601,1,-0.1,0.42,-0.77,0.03258,-0.06085,-0.01789,-0.25893,35.401,32.228
"2024-08-12 01:00:00",5555,12.88539,601,1,4657.282,14206.62,-0.74,0.03972,-0.05847,1.52502,-0.24539,3.011,32.034
"2024-08-12 01:30:00",5556,12.88119,601,1,4658.043,14208.98,-0.78,0.03972,-0.06197,1.51235,-0.24745,3.01,32.032
"2024-08-12 02:00:00",5557,12.88119,601,1,-0.115,0.45,-0.85,0.03528,-0.06729,-0.03749,-0.25453,35.088,31.916
"2024-08-12 02:30:00",5558,12.87699,601,1,-0.087,0.49,-0.8,0.03816,-0.06321,-0.01761,-0.24449,35.447,32.015
"2024-08-12 03:00:00",5559,12.86944,601,1,-0.124,0.33,-0.75,0.0256,-0.05979,-0.02519,-0.24245,35.445,31.859
"2024-08-12 03:30:00",5560,12.87699,601,1,-0.046,0.5,-0.68,0.03946,-0.05389,-0.02073,-0.23615,35.453,31.605
"2024-08-12 04:00:00",5561,12.87363,601,1,0.025,0.54,-0.49,0.04269,-0.03925,-0.01793,-0.21399,35.179,30.918
"2024-08-12 04:30:00",5562,12.87363,601,1,4658.176,14208.98,-0.35,0.04574,-0.02837,1.78193,-0.17499,3.01,29.788
"2024-08-12 05:00:00",5563,12.87363,601,1,0.109,0.54,-0.22,0.04269,-0.01785,-0.00773,-0.16385,35.188,29.674
"2024-08-12 05:30:00",5564,12.87447,601,1,0.108,0.66,-0.35,0.0521,-0.02831,-0.00519,-0.17377,35.648,29.306
"2024-08-12 06:00:00",5565,12.86944,601,1,0.015,0.34,-0.31,0.02667,-0.02499,-0.03119,-0.16761,34.869,30.034
"2024-08-12 06:30:00",5566,12.86944,601,1,0.128,0.76,-0.39,0.05987,-0.03103,0,-0.16927,35.34,29.414
"2024-08-12 07:00:00",5567,12.8686,601,1,0.274,0.95,-0.12,0.07428,-0.01025,0.01222,-0.16279,35.954,29.458
"2024-08-12 07:30:00",5568,12.86608,601,1,0.815,2.04,0.47,0.16034,0.03722,0.05354,-0.14327,36.715,29.953
"2024-08-12 08:00:00",5569,12.86356,601,1,1.608,3.38,1.61,0.26511,0.12664,0.11516,-0.11497,37.27,30.249
"2024-08-12 08:30:00",5570,12.86608,601,1,2.81,5.58,3.16,0.43746,0.24774,0.20814,-0.07531,38.117,30.783
"2024-08-12 09:00:00",5571,12.8686,601,1,3.789,7.23,4.57,0.5671,0.35877,0.2982,-0.03273,38.273,31.77
"2024-08-12 09:30:00",5572,12.87028,601,1,4.261,7.94,5.34,0.62235,0.41881,0.31088,-0.00225,38.946,33.174
"2024-08-12 10:00:00",5573,12.86944,601,1,4.913,9.19,6.12,0.72083,0.47956,0.36422,0.01533,37.8,32.547
"2024-08-12 10:30:00",5574,12.86356,601,1,4660.278,14208.98,6.42,0.71516,0.50322,1.13205,0.0325,3.01,33.11
"2024-08-12 11:00:00",5575,12.86188,601,1,4414.191,9.25,14208.98,0.7256,0.51948,0.39571,2.89523,37.644,3.01
"2024-08-12 11:30:00",5576,12.8728,601,1,5.063,9.08,6.72,0.71208,0.52698,0.40828,0.04508,38.316,33.064
"2024-08-12 12:00:00",5577,12.86524,601,1,5.302,9.62,6.92,0.75465,0.54268,0.42366,0.0472,38.736,33.067
"2024-08-12 12:30:00",5578,12.87531,601,1,5.158,9.35,6.74,0.73355,0.5283,0.42647,0.06096,38.474,33.794
"2024-08-12 13:00:00",5579,12.86776,601,1,5.504,9.99,7.18,0.78319,0.56296,0.424,0.06439,39.041,33.529
"2024-08-12 13:30:00",5580,12.87531,601,1,4660.461,14208.98,7.01,0.76835,0.5495,1.59349,0.0569,3.01,32.436
"2024-08-12 14:00:00",5581,12.87531,601,1,5.366,9.75,6.99,0.76451,0.548,0.4196,0.0596,37.844,32.747
"2024-08-12 14:30:00",5582,12.8686,601,1,5.389,9.79,7.02,0.76744,0.5506,0.42384,0.06084,37.798,32.544
"2024-08-12 15:00:00",5583,12.87363,601,1,5.086,9.35,6.51,0.73293,0.5108,0.40348,0.0383,38.616,32.116
"2024-08-12 15:30:00",5584,12.86524,601,1,5.363,9.74,6.99,0.76383,0.54783,0.42184,0.05436,37.894,32.381
"2024-08-12 16:00:00",5585,12.87195,601,1,5.137,9.42,6.6,0.73871,0.51752,0.07316,0.03626,38.265,32.336
"2024-08-12 16:30:00",5586,12.87028,601,1,4.475,8.47,5.47,0.66402,0.42898,0.35466,0.0021,38.83,31.913
"2024-08-12 17:00:00",5587,12.8686,601,1,4.308,8.14,5.28,0.6387,0.41416,0.34248,-0.00425,38.983,31.39
"2024-08-12 17:30:00",5588,12.86188,601,1,4659.62,14208.98,4.3,0.56154,0.33706,1.2811,-0.02159,3.01,30.772
"2024-08-12 18:00:00",5589,12.86776,601,1,3.435,6.69,4,0.52454,0.31351,0.27206,-0.03723,38.779,31.03
"2024-08-12 18:30:00",5590,12.8602,601,1,3.166,6.19,3.66,0.48552,0.28666,0.25102,-0.04747,39.241,30.818
"2024-08-12 19:00:00",5591,12.8686,601,1,2.459,5,2.64,0.3919,0.2074,0.19008,-0.06749,38.355,29.932
"2024-08-12 19:30:00",5592,12.85769,601,1,1.405,3.14,1.21,0.24592,0.0946,0.11066,-0.11343,36.277,29.362
"2024-08-12 20:00:00",5593,12.86356,601,1,0.881,2.09,0.63,0.16428,0.04928,0.06582,-0.12653,35.289,28.944
"2024-08-12 20:30:00",5594,12.86188,601,1,0.609,1.64,0.23,0.12864,0.01783,0.046,-0.14123,35.186,29.519
"2024-08-12 21:00:00",5595,12.8602,601,1,0.432,1.27,0.05,0.09973,0.00357,0.03586,-0.14631,35.031,29.103
"2024-08-12 21:30:00",5596,12.85769,601,1,0.344,1.05,0,0.08213,0,0.02816,-0.15449,35.66,29.472
"2024-08-12 22:00:00",5597,12.84845,601,1,0.236,0.88,-0.17,0.06872,-0.01437,0.01776,-0.16033,34.712,29.358
"2024-08-12 22:30:00",5598,12.85265,601,1,0.162,0.74,-0.26,0.0577,-0.02109,0.00999,-0.15755,34.757,29.248
"2024-08-12 23:00:00",5599,12.85349,601,1,0.121,0.69,-0.34,0.05386,-0.02769,0.01473,-0.16347,34.798,28.614
"2024-08-12 23:30:00",5600,12.84509,601,1,0.117,0.68,-0.34,0.05368,-0.02769,0.0148,-0.16413,34.975,29.047
"2024-08-13 00:00:00",5601,12.84929,601,1,0.092,0.65,-0.39,0.0511,-0.03147,0.01246,-0.16597,34.447,29.094
"2024-08-13 00:30:00",5602,12.85013,601,1,0.11,0.62,-0.3,0.0483,-0.02461,0.4996,-0.15755,3.01,29.106
"2024-08-13 01:00:00",5603,12.83922,601,1,0.038,0.57,-0.48,0.04474,-0.03869,0.01002,-0.16869,33.885,28.946
"2024-08-13 01:30:00",5604,12.84509,601,1,0.037,0.53,-0.44,0.04168,-0.03535,0.00752,-0.16983,34.347,28.837
"2024-08-13 02:00:00",5605,12.85013,601,1,0.077,0.69,-0.48,0.05386,-0.03833,0.01488,-0.16725,34.243,28.576
"2024-08-13 02:30:00",5606,12.8367,601,1,0.066,0.61,-0.43,0.04754,-0.03489,0.01246,-0.16797,33.982,29.149
"2024-08-13 03:00:00",5607,12.83334,601,1,0.076,0.65,-0.44,0.05077,-0.03501,0.01246,-0.16833,35.026,28.528
"2024-08-13 03:30:00",5608,12.84341,601,1,0.063,0.6,-0.43,0.04708,-0.03449,0.00738,-0.16387,34.665,28.738
"2024-08-13 04:00:00",5609,12.8409,601,1,0.092,0.64,-0.38,0.05014,-0.03089,0.00738,-0.16545,34.759,28.834
"2024-08-13 04:30:00",5610,12.84174,601,1,0.092,0.65,-0.39,0.05077,-0.03135,0.00992,-0.16291,33.937,28.27
"2024-08-13 05:00:00",5611,12.84006,601,1,0.117,0.68,-0.34,0.05301,-0.02743,0.00978,-0.16077,34.099,28.43
"2024-08-13 05:30:00",5612,12.8409,601,1,0.115,0.7,-0.37,0.05471,-0.03009,0.01428,-0.15833,34.5,28.73
"2024-08-13 06:00:00",5613,12.84006,601,1,0.112,0.74,-0.42,0.05764,-0.03337,0.01428,-0.15833,34.667,28.74
"2024-08-13 06:30:00",5614,12.82998,601,1,0.156,0.75,-0.29,0.05852,-0.02361,0.01206,-0.15611,34.345,28.576
"2024-08-13 07:00:00",5615,12.83922,601,1,0.367,1.12,0,0.0881,0,0.03226,-0.14107,34.658,28.991
"2024-08-13 07:30:00",5616,12.8367,601,1,0.888,2.12,0.62,0.16624,0.04842,0.07186,-0.12161,35.062,28.724
"2024-08-13 08:00:00",5617,12.82663,601,1,1.23,2.73,1.08,0.2142,0.08432,0.09666,-0.11429,35.633,29.554
"2024-08-13 08:30:00",5618,12.82998,601,1,2.394,4.84,2.6,0.37986,0.20409,0.19338,-0.07243,38.342,29.663
"2024-08-13 09:00:00",5619,12.84258,601,1,3.091,6.03,3.59,0.47254,0.28167,0.2482,-0.04535,39.06,29.809
"2024-08-13 09:30:00",5620,12.83082,601,1,2.335,4.82,2.43,0.3778,0.19054,0.18906,-0.07777,38.343,29.507
"2024-08-13 10:00:00",5621,12.84006,601,1,1.643,3.6,1.49,0.28218,0.11698,0.1253,-0.10333,36.518,29.348
"2024-08-13 10:30:00",5622,12.83754,601,1,1.369,3.02,1.22,0.23712,0.0956,0.11256,-0.10491,37.115,28.691
"2024-08-13 11:00:00",5623,12.8325,601,1,2.853,5.72,3.15,0.4482,0.24686,0.22257,-0.05243,38.169,30.002
"2024-08-13 11:30:00",5624,12.83838,601,1,3.896,7.51,4.62,0.58882,0.36234,0.3121,-0.01323,38.724,30.301
"2024-08-13 12:00:00",5625,12.83082,601,1,4.496,8.25,5.77,0.6468,0.45236,0.37231,0.03032,39.147,31.554
"2024-08-13 12:30:00",5626,12.82914,601,1,4.616,8.75,5.63,0.68638,0.44155,0.38674,0.02526,38.575,32.645
"2024-08-13 13:00:00",5627,12.84509,601,1,4.495,8.74,5.25,0.68528,0.41151,0.85227,-0.00217,3.01,31.438
"2024-08-13 13:30:00",5628,12.83166,601,1,4.494,8.65,5.34,0.67804,0.41881,0.35319,0.00214,38.423,31.244
"2024-08-13 14:00:00",5629,12.84425,601,1,4.922,9.18,6.16,0.72029,0.48334,0.3986,0.02588,37.841,32.746
"2024-08-13 14:30:00",5630,12.84341,601,1,5.034,9.02,6.69,0.70764,0.52502,0.40258,0.04648,38.197,32.272
"2024-08-13 15:00:00",5631,12.84341,601,1,5.045,9.28,6.45,0.72767,0.50614,0.40448,0.03566,38.152,32.486
"2024-08-13 15:30:00",5632,12.83418,601,1,3.896,7.48,4.65,0.5868,0.36448,0.31212,-0.02305,38.357,31.444
"2024-08-13 16:00:00",5633,12.84006,601,1,4.09,7.77,4.97,0.60898,0.38958,0.33006,-0.01473,39.196,32.019
"2024-08-13 16:30:00",5634,12.84341,601,1,3.859,7.49,4.52,0.58728,0.35455,0.3052,-0.02781,37.418,31.077
"2024-08-13 17:00:00",5635,12.83334,601,1,3.457,6.7,4.06,0.52572,0.31806,0.27662,-0.04287,38.996,30.83
"2024-08-13 17:30:00",5636,12.83082,601,1,3.711,7.18,4.37,0.56338,0.34306,0.29751,-0.03015,38.57,31.394
"2024-08-13 18:00:00",5637,12.8367,601,1,3.063,6.03,3.5,0.4725,0.27473,0.24981,-0.05089,38.518,30.511
"2024-08-13 18:30:00",5638,12.83754,601,1,2.575,5.24,2.76,0.4107,0.21621,0.2053,-0.07445,37.067,30.983
"2024-08-13 19:00:00",5639,12.83754,601,1,1.917,4.03,1.92,0.31609,0.15044,0.15,-0.10183,36.447,29.945
"2024-08-13 19:30:00",5640,12.83754,601,1,1.18,2.68,0.97,0.21031,0.07613,0.09573,-0.12439,34.936,29.008
"2024-08-13 20:00:00",5641,12.83334,601,1,0.682,1.74,0.36,0.13659,0.02816,0.05282,-0.14175,34.362,29.107
"2024-08-13 20:30:00",5642,12.83586,601,1,0.442,1.3,0.05,0.10186,0.00357,0.69701,-0.15111,3.01,28.696
"2024-08-13 21:00:00",5643,12.83502,601,1,0.249,0.92,-0.17,0.07189,-0.01429,0.01272,-0.15653,34.558,28.632
"2024-08-13 21:30:00",5644,12.82914,601,1,0.178,0.75,-0.22,0.059,-0.01777,0.0102,-0.15181,34.61,28.942
"2024-08-13 22:00:00",5645,12.8283,601,1,0.068,0.54,-0.35,0.04238,-0.02847,0.00762,-0.15419,34.195,28.267
"2024-08-13 22:30:00",5646,12.81655,601,1,0.039,0.46,-0.36,0.03586,-0.02863,-0.00259,-0.14973,34.571,28.642
"2024-08-13 23:00:00",5647,12.82327,601,1,0.04,0.54,-0.44,0.04197,-0.03551,0.01008,-0.15349,34.671,28.743
"2024-08-13 23:30:00",5648,12.82327,601,1,0.011,0.47,-0.46,0.03698,-0.03653,0.00522,-0.15521,34.258,28.332
"2024-08-14 00:00:00",5649,12.82075,601,1,0,0.38,-0.4,0.02973,-0.03247,0.00256,-0.14245,34.098,28.013
"2024-08-14 00:30:00",5650,12.80816,601,1,-0.015,0.33,-0.4,0.02586,-0.03179,-0.00253,-0.13503,33.785,27.703
"2024-08-14 01:00:00",5651,12.81739,601,1,0.014,0.42,-0.4,0.03286,-0.03209,0.00256,-0.13381,33.771,28.104
"2024-08-14 01:30:00",5652,12.81739,601,1,0.012,0.33,-0.31,0.02605,-0.02489,-0.00259,-0.13323,33.729,27.647
"2024-08-14 02:00:00",5653,12.81152,601,1,0.028,0.34,-0.27,0.02628,-0.02159,0,-0.12535,34.258,27.498
"2024-08-14 02:30:00",5654,12.8132,601,1,0.083,0.46,-0.22,0.03598,-0.01773,0.00252,-0.11963,34.311,27.551
"2024-08-14 03:00:00",5655,12.81152,601,1,0.055,0.46,-0.31,0.03635,-0.02525,0.00512,-0.12355,34.036,27.693
"2024-08-14 03:30:00",5656,12.81068,601,1,0.067,0.46,-0.27,0.03635,-0.02163,0.00771,-0.12535,33.834,27.647
"2024-08-14 04:00:00",5657,12.80648,601,1,0.08,0.5,-0.27,0.03956,-0.02159,0.00771,-0.12299,33.73,27.231
"2024-08-14 04:30:00",5658,12.80648,601,1,0.081,0.54,-0.31,0.04252,-0.02505,0.00764,-0.12271,34.712,27.8
"2024-08-14 05:00:00",5659,12.80312,601,1,0.093,0.53,-0.26,0.04168,-0.02119,0.00752,-0.11905,34.294,27.952
"2024-08-14 05:30:00",5660,12.79557,601,1,0.096,0.54,-0.26,0.04238,-0.02131,0.0102,-0.11551,34.144,27.541
"2024-08-14 06:00:00",5661,12.8048,601,1,0.109,0.54,-0.22,0.04238,-0.01777,0.00764,-0.11805,34.362,27.186
"2024-08-14 06:30:00",5662,12.79641,601,1,0.136,0.66,-0.26,0.05178,-0.02123,0.01014,-0.11727,34.503,27.07
"2024-08-14 07:00:00",5663,12.79641,601,1,0.353,0.99,0.09,0.07764,0.00714,0.03318,-0.10745,34.182,27.011
"2024-08-14 07:30:00",5664,12.8006,601,1,1.151,2.48,1.09,0.19414,0.08512,0.09166,-0.08343,36.069,28.063
"2024-08-14 08:00:00",5665,12.8006,601,1,2.05,4.14,2.23,0.32458,0.17464,0.15721,-0.05409,37.596,28.753
"2024-08-14 08:30:00",5666,12.80396,601,1,2.905,5.67,3.37,0.44446,0.26395,0.2338,-0.02413,37.844,29.005
"2024-08-14 09:00:00",5667,12.79892,601,1,3.471,6.59,4.22,0.51678,0.33102,0.28052,0.00434,39.298,29.781
"2024-08-14 09:30:00",5668,12.78969,601,1,4.066,7.43,5.25,0.58295,0.41136,0.56625,0.03271,3.01,29.683
"2024-08-14 10:00:00",5669,12.80312,601,1,4.496,8.25,5.77,0.6471,0.45284,0.35696,0.04628,38.432,30.005
"2024-08-14 10:30:00",5670,12.80312,601,1,4.793,8.75,6.2,0.68593,0.48587,0.39742,0.05912,39.56,30.718
"2024-08-14 11:00:00",5671,12.8048,601,1,4.848,8.68,6.45,0.68048,0.5059,0.39424,0.06788,37.85,30.674
"2024-08-14 11:30:00",5672,12.79809,601,1,4414.105,8.99,14208.98,0.70473,0.50988,0.42868,2.19372,39.159,3.01
"2024-08-14 12:00:00",5673,12.79976,601,1,4413.212,8.5,14206.62,0.66635,0.49578,0.40544,2.21972,39.143,3.011
"2024-08-14 12:30:00",5674,12.80396,601,1,4.998,9.25,6.33,0.72517,0.49667,0.78919,0.07254,3.01,32.025
"2024-08-14 13:00:00",5675,12.81068,601,1,5.141,9.3,6.74,0.72932,0.52859,0.41046,0.067,36.954,31.443
"2024-08-14 13:30:00",5676,12.80144,601,1,4.776,8.49,6.42,0.66618,0.50309,0.40048,0.0585,37.857,30.939
"2024-08-14 14:00:00",5677,12.81152,601,1,5.102,9.36,6.55,0.73435,0.51364,0.41244,0.0638,37.599,31.669
"2024-08-14 14:30:00",5678,12.81152,601,1,4414.2,9.28,14208.98,0.72765,0.51766,0.40544,2.25494,38.89,3.01
"2024-08-14 15:00:00",5679,12.80144,601,1,4.823,8.68,6.37,0.6806,0.49916,0.39734,0.05942,38.271,31.507
"2024-08-14 15:30:00",5680,12.81152,601,1,4.419,8.3,5.47,0.65058,0.42884,0.34303,0.03366,38.329,29.902
"2024-08-14 16:00:00",5681,12.8048,601,1,4.154,7.85,5.09,0.61558,0.39924,0.32472,0.0222,38.334,30.32
"2024-08-14 16:30:00",5682,12.80984,601,1,4413.437,6.95,14208.98,0.54528,0.3384,0.27932,2.1455,38.332,3.01
"2024-08-14 17:00:00",5683,12.80984,601,1,3.063,6.03,3.5,0.47323,0.2741,0.63812,-0.02157,3.01,28.695
"2024-08-14 17:30:00",5684,12.80648,601,1,4413.365,6.73,14208.98,0.52796,0.32902,0.26432,2.12831,37.656,3.01
"2024-08-14 18:00:00",5685,12.80648,601,1,3.165,6.13,3.72,0.48072,0.29164,0.24346,-0.01243,37.909,28.65
"2024-08-14 18:30:00",5686,12.79725,601,1,2.563,5.09,2.88,0.3989,0.22622,0.19779,-0.03743,37.45,28.76
"2024-08-14 19:00:00",5687,12.79557,601,1,1.817,3.78,1.86,0.2968,0.14578,0.55551,-0.06415,3.01,27.611
"2024-08-14 19:30:00",5688,12.80228,601,1,1.104,2.43,0.99,0.19028,0.07735,0.08425,-0.08417,35.338,27.749
"2024-08-14 20:00:00",5689,12.79053,601,1,0.673,1.56,0.52,0.12217,0.04048,0.04854,-0.09687,35.349,27.081
"2024-08-14 20:30:00",5690,12.79809,601,1,0.508,1.34,0.22,0.105,0.01701,0.03662,-0.10537,33.94,27.18
"2024-08-14 21:00:00",5691,12.79557,601,1,0.385,1.05,0.13,0.08258,0.01021,0.02942,-0.10341,34.246,26.656
"2024-08-14 21:30:00",5692,12.78633,601,1,0.254,0.85,-0.08,0.06656,-0.00693,0.02212,-0.10207,33.838,27.494
"2024-08-14 22:00:00",5693,12.78298,601,1,0.211,0.72,-0.08,0.05656,-0.00687,0.01951,-0.10601,34.259,27.084
"2024-08-14 22:30:00",5694,12.78969,601,1,0.172,0.6,-0.08,0.04721,-0.00681,0.01463,-0.10363,34.148,26.817
"2024-08-14 23:00:00",5695,12.78969,601,1,0.186,0.72,-0.16,0.05642,-0.01361,0.01944,-0.10537,34.405,27.075
"2024-08-14 23:30:00",5696,12.78801,601,1,0.121,0.52,-0.16,0.04064,-0.01363,0.01209,-0.10321,33.779,26.605
"2024-08-15 00:00:00",5697,12.78465,601,1,0.077,0.51,-0.29,0.04016,-0.02357,0.0096,-0.10625,34.247,27.333
"2024-08-15 00:30:00",5698,12.78298,601,1,0.116,0.59,-0.25,0.04664,-0.02023,0.0145,-0.10429,34.097,26.662
"2024-08-15 01:00:00",5699,12.78214,601,1,0.09,0.51,-0.25,0.04028,-0.02023,0.01924,-0.10255,3.01,26.455
"2024-08-15 01:30:00",5700,12.7813,601,1,0.054,0.44,-0.29,0.03416,-0.02361,0.01206,-0.10475,33.374,26.875
"2024-08-15 02:00:00",5701,12.77626,601,1,0.115,0.55,-0.21,0.04344,-0.01691,0.01204,-0.10235,33.409,26.809
"2024-08-15 02:30:00",5702,12.7771,601,1,0.157,0.63,-0.16,0.04952,-0.01341,0.0168,-0.10219,33.458,26.701
"2024-08-15 03:00:00",5703,12.77962,601,1,0.134,0.56,-0.16,0.04356,-0.01341,0.00966,-0.10219,33.93,26.341
"2024-08-15 03:30:00",5704,12.77458,601,1,0.17,0.67,-0.16,0.05238,-0.01341,0.02154,-0.10365,33.988,26.138
"2024-08-15 04:00:00",5705,12.76451,601,1,0.144,0.59,-0.16,0.04592,-0.01343,0.01668,-0.10175,33.571,26.553
"2024-08-15 04:30:00",5706,12.7729,601,1,0.154,0.62,-0.16,0.0486,-0.01337,0.01428,-0.10129,34.019,26.278
"2024-08-15 05:00:00",5707,12.76451,601,1,0.139,0.66,-0.25,0.0519,-0.02001,0.01678,-0.10583,33.148,26.651
"2024-08-15 05:30:00",5708,12.7729,601,1,0.128,0.58,-0.2,0.0458,-0.01669,0.01914,-0.10195,33.866,26.695
"2024-08-15 06:00:00",5709,12.76954,601,1,0.128,0.58,-0.2,0.0458,-0.01657,0.01668,-0.10129,33.994,27.233
"2024-08-15 06:30:00",5710,12.7687,601,1,0.139,0.65,-0.24,0.05114,-0.01989,0.02136,-0.09939,34.289,26.546
"2024-08-15 07:00:00",5711,12.76787,601,1,0.305,0.96,-0.03,0.07564,-0.00333,0.02852,-0.09959,34.66,26.498
"2024-08-15 07:30:00",5712,12.7687,601,1,0.802,1.86,0.62,0.14586,0.04888,0.0685,-0.07861,35.129,27.124
"2024-08-15 08:00:00",5713,12.76954,601,1,1.482,3.1,1.5,0.24304,0.11739,0.1197,-0.06067,36.227,27.648
"2024-08-15 08:30:00",5714,12.7687,601,1,4412.699,4.7,14208.98,0.36878,0.21872,0.19294,1.87637,38.057,3.01
"2024-08-15 09:00:00",5715,12.76283,601,1,4413.188,6.19,14208.98,0.48552,0.30194,0.25952,1.92992,38.069,3.01
"2024-08-15 09:30:00",5716,12.76954,601,1,3.851,7.24,4.76,0.56812,0.37318,0.31966,0.0299,39.152,29.061
"2024-08-15 10:00:00",5717,12.7687,601,1,4.292,7.93,5.45,0.62204,0.42761,0.34426,0.046,38.304,29.881
"2024-08-15 10:30:00",5718,12.7729,601,1,4.556,8.46,5.74,0.6637,0.45,0.37555,0.05828,38.616,28.789
"2024-08-15 11:00:00",5719,12.77458,601,1,4413.856,8.23,14208.98,0.64559,0.47324,0.3745,2.05825,38.21,3.01
"2024-08-15 11:30:00",5720,12.77458,601,1,4.625,8.37,6.06,0.65645,0.4754,0.39253,0.06926,38.98,30.973
"2024-08-15 12:00:00",5721,12.76787,601,1,4.629,8.39,6.05,0.65804,0.47446,0.39326,0.06911,39.035,30.614
"2024-08-15 12:30:00",5722,12.77542,601,1,4.724,8.69,6.04,0.68162,0.47371,0.39232,0.0687,39.16,30.73
"2024-08-15 13:00:00",5723,12.77794,601,1,4.928,9.02,6.35,0.70764,0.49817,0.39401,0.06881,37.174,30.412
"2024-08-15 13:30:00",5724,12.7771,601,1,4.84,8.78,6.32,0.68855,0.49586,0.39531,0.06336,36.911,31.137
"2024-08-15 14:00:00",5725,12.77962,601,1,4.928,8.99,6.38,0.70502,0.5001,0.79102,0.06843,3.01,30.353
"2024-08-15 14:30:00",5726,12.7771,601,1,4.956,9.16,6.29,0.71821,0.4935,0.39095,0.06731,37.364,30.45
"2024-08-15 15:00:00",5727,12.77374,601,1,4.793,8.75,6.2,0.68593,0.4862,0.38633,0.06344,37.984,29.979
"2024-08-15 15:30:00",5728,12.7729,601,1,4.816,8.81,6.21,0.6906,0.48729,0.38178,0.06072,37.573,30.399
"2024-08-15 16:00:00",5729,12.7729,601,1,4.779,8.84,6.06,0.69315,0.47506,0.37273,0.06108,37.831,30.085
"2024-08-15 16:30:00",5730,12.77374,601,1,4.539,8.41,5.74,0.65936,0.45039,0.35608,0.05124,37.85,29.84
"2024-08-15 17:00:00",5731,12.7813,601,1,4.207,7.87,5.24,0.61724,0.41118,0.32726,0.03882,38.307,29.469
"2024-08-15 17:30:00",5732,12.76954,601,1,3.846,7.28,4.7,0.57092,0.36838,0.30008,0.02268,38.272,28.857
"2024-08-15 18:00:00",5733,12.77962,601,1,3.347,6.47,3.95,0.50744,0.30986,0.26257,0.00208,38.002,29.006
"2024-08-15 18:30:00",5734,12.7771,601,1,2.724,5.43,3.04,0.42546,0.23864,0.21441,-0.02513,38.163,28.751
"2024-08-15 19:00:00",5735,12.77542,601,1,4411.596,3.57,14206.62,0.2803,0.13993,0.13905,1.89182,36.673,3.011
"2024-08-15 19:30:00",5736,12.76367,601,1,4411.955,2.43,14208.98,0.19046,0.08194,0.0906,1.84677,34.998,3.01
"2024-08-15 20:00:00",5737,12.76451,601,1,0.774,1.86,0.53,0.1456,0.0418,0.25274,-0.08687,3.01,27.037
"2024-08-15 20:30:00",5738,12.76115,601,1,0.522,1.29,0.32,0.10122,0.02478,0.04544,-0.09023,35.516,26.672
"2024-08-15 21:00:00",5739,12.77038,601,1,0.43,1.14,0.18,0.08928,0.01424,0.03843,-0.09327,34.374,26.779
"2024-08-15 21:30:00",5740,12.76535,601,1,0.285,0.87,0,0.06828,0,0.01762,-0.09595,34.252,26.661
"2024-08-15 22:00:00",5741,12.75779,601,1,0.207,0.67,-0.04,0.05261,-0.00359,0.01524,-0.09639,34.272,26.834
"2024-08-15 22:30:00",5742,12.75527,601,1,0.18,0.71,-0.17,0.05529,-0.01405,0.01508,-0.10183,33.426,26.822
"2024-08-15 23:00:00",5743,12.75024,601,1,0.178,0.62,-0.08,0.04847,-0.00707,0.01506,-0.09979,34.365,26.614
"2024-08-15 23:30:00",5744,12.75527,601,1,0.124,0.54,-0.17,0.04225,-0.01415,0.0177,-0.10291,33.425,26.508
"2024-08-16 00:00:00",5745,12.74604,601,1,0.109,0.54,-0.22,0.04252,-0.01765,0.01512,-0.10041,34.162,26.983
"2024-08-16 00:30:00",5746,12.75191,601,1,4410.589,0.5,14206.62,0.03882,-0.01765,0.01512,1.73039,33.909,3.011
"2024-08-16 01:00:00",5747,12.75191,601,1,0.095,0.49,-0.21,0.03868,-0.01753,0.01007,-0.09799,34.213,26.357
"2024-08-16 01:30:00",5748,12.74436,601,1,4411.322,0.5,14208.98,0.03918,-0.01785,0.01783,1.68867,33.909,3.01
"2024-08-16 02:00:00",5749,12.7494,601,1,0.068,0.5,-0.31,0.03946,-0.02499,0.01282,-0.09737,34.669,26.245
"2024-08-16 02:30:00",5750,12.7494,601,1,0.07,0.46,-0.26,0.03609,-0.02137,0.01282,-0.09509,34.001,26.408
"2024-08-16 03:00:00",5751,12.74604,601,1,0.096,0.5,-0.22,0.03956,-0.01789,0.01026,-0.09529,33.993,26.245
"2024-08-16 03:30:00",5752,12.74604,601,1,0.109,0.54,-0.22,0.04238,-0.01777,0.01529,-0.09247,34.519,25.833
"2024-08-16 04:00:00",5753,12.74604,601,1,4411.322,0.5,14208.98,0.03918,-0.01415,0.01271,1.55791,33.904,3.01
"2024-08-16 04:30:00",5754,12.74352,601,1,0.141,0.59,-0.17,0.04589,-0.01429,0.02047,-0.08605,33.951,26.356
"2024-08-16 05:00:00",5755,12.74268,601,1,0.154,0.63,-0.17,0.04908,-0.01423,0.01787,-0.08367,33.682,26.662
"2024-08-16 05:30:00",5756,12.74352,601,1,0.128,0.55,-0.17,0.04282,-0.01429,0.01797,-0.07749,33.854,25.841
"2024-08-16 06:00:00",5757,12.741,601,1,0.152,0.54,-0.08,0.04269,-0.00709,0.01524,-0.07431,33.316,25.985
"2024-08-16 06:30:00",5758,12.73932,601,1,0.15,0.62,-0.17,0.04878,-0.01415,0.01783,-0.07243,34.68,25.837
"2024-08-16 07:00:00",5759,12.7368,601,1,0.11,0.45,-0.12,0.03518,-0.01051,0.01762,-0.06755,33.735,25.311
"2024-08-16 07:30:00",5760,12.72505,601,1,0.121,0.53,-0.17,0.04118,-0.01377,0.01506,-0.06727,34.156,25.575
"2024-08-16 08:00:00",5761,12.73597,601,1,0.346,0.97,0.09,0.07574,0.0069,0.03524,-0.06345,34.521,26.249
"2024-08-16 08:30:00",5762,12.73513,601,1,1.307,2.65,1.41,0.2076,0.11042,0.10247,-0.03393,36.442,26.615
"2024-08-16 09:00:00",5763,12.7368,601,1,3.002,5.69,3.66,0.44608,0.28666,0.24034,0.01908,37.959,27.191
"2024-08-16 09:30:00",5764,12.73597,601,1,3.667,6.8,4.63,0.53306,0.36288,0.30238,0.04641,38.624,28.38
"2024-08-16 10:00:00",5765,12.73597,601,1,4.278,7.87,5.47,0.61694,0.42859,0.34473,0.06926,38.938,28.849
"2024-08-16 10:30:00",5766,12.73849,601,1,4.431,8.11,5.71,0.6357,0.4475,0.36478,0.07126,38.321,28.906
"2024-08-16 11:00:00",5767,12.72925,601,1,4.623,8.4,6.02,0.65893,0.47222,0.38725,0.08388,39.309,29.218
"2024-08-16 11:30:00",5768,12.7368,601,1,4413.905,8.38,14208.98,0.65745,0.5071,0.39864,1.80572,38.233,3.01
"2024-08-16 12:00:00",5769,12.73009,601,1,4413.445,9.21,14206.62,0.72252,0.54582,0.42562,1.83567,37.906,3.011
