"TOA5","CR300Series_503","CR300","27025","CR300-RF407.Std.10.03","CPU:CR300_sapflow.CR300","8254","Table2"
"TIMESTAMP","RECORD","BattV_Min","id","SDI1","SapFlwTot1","VhOuter1","VhInner1","AlphaOut1","AlphaIn1","BetaOut1","BetaIn1","tMaxTout1","tMaxTin1"
"TS","RN","Volts","","","literPerHour","heatVelocity","heatVelocity","logTRatio","logTRatio","logTRatio","logTRatio","second","second"
"","","Min","Smp","Smp","Smp","Smp","Smp","Smp","Smp","Smp","Smp","Smp","Smp"
"2024-08-04 18:00:00",10063,13.16,503,1,10.53,1.88,14.1,0.16,1.204,0.083,0.806,62.44,53.99
"2024-08-04 18:30:00",10064,13.13,503,1,9.68,1.6,13.09,0.137,1.117,0.062,0.742,63.11,54.25
"2024-08-04 19:00:00",10065,13.12,503,1,5.972,0.36,8.73,0.031,0.745,-0.034,0.469,62.8,57.79
"2024-08-04 19:30:00",10066,13.1,503,1,3.584,-0.46,5.94,-0.04,0.507,-0.094,0.288,60.65,59.32
"2024-08-04 20:00:00",10067,13.09,503,1,2.341,-0.88,4.48,-0.076,0.383,-0.121,0.186,60.65,59.88
"2024-08-04 20:30:00",10068,13.09,503,1,1.284,-1.2,3.2,-0.103,0.274,-0.143,0.097,60.08,59.98
"2024-08-04 21:00:00",10069,13.08,503,1,0.135,-1.54,1.8,-0.133,0.154,-0.165,0.003,59.5,57.91
"2024-08-04 21:30:00",10070,13.08,503,1,-0.572,-1.77,0.96,-0.152,0.082,-0.184,-0.06,59.02,59.17
"2024-08-04 22:00:00",10071,13.07,503,1,-1.093,-1.91,0.31,-0.164,0.026,-0.193,-0.108,59.52,58.03
"2024-08-04 22:30:00",10072,13.06,503,1,-1.366,-2.05,0.04,-0.176,0.003,-0.2,-0.129,58.49,58.39
"2024-08-04 23:00:00",10073,13.06,503,1,-1.59,-2.09,-0.26,-0.179,-0.023,-0.205,-0.148,58.3,57.79
"2024-08-04 23:30:00",10074,13.05,503,1,-1.86,-2.15,-0.61,-0.184,-0.053,-0.21,-0.172,57.96,58.12
"2024-08-05 00:00:00",10075,13.04,503,1,-2.005,-2.18,-0.8,-0.187,-0.069,-0.215,-0.185,58.76,58
"2024-08-05 00:30:00",10076,13.03,503,1,-2.13,-2.18,-0.99,-0.187,-0.086,-0.208,-0.202,57.62,57.92
"2024-08-05 01:00:00",10077,13.04,503,1,-2.256,-2.25,-1.11,-0.193,-0.096,-0.216,-0.215,57.92,59.04
"2024-08-05 01:30:00",10078,13.03,503,1,-2.374,-2.27,-1.27,-0.195,-0.109,-0.216,-0.222,59.38,59.02
"2024-08-05 02:00:00",10079,13.03,503,1,-2.401,-2.27,-1.31,-0.194,-0.112,-0.215,-0.225,58.18,57.51
"2024-08-05 02:30:00",10080,13.02,503,1,-2.454,-2.31,-1.35,-0.198,-0.116,-0.219,-0.229,57.5,57.14
"2024-08-05 03:00:00",10081,13.02,503,1,-2.454,-2.31,-1.35,-0.198,-0.116,-0.219,-0.231,58.33,57.15
"2024-08-05 03:30:00",10082,13.02,503,1,-2.46,-2.28,-1.39,-0.195,-0.119,-0.219,-0.229,58.01,56.83
"2024-08-05 04:00:00",10083,13.01,503,1,-2.44,-2.25,-1.39,-0.193,-0.119,-0.214,-0.229,58.23,56.9
"2024-08-05 04:30:00",10084,13.01,503,1,-2.46,-2.28,-1.39,-0.195,-0.119,-0.214,-0.236,58.52,58.01
"2024-08-05 05:00:00",10085,13,503,1,-2.46,-2.28,-1.39,-0.196,-0.119,-0.217,-0.232,57.92,57.25
"2024-08-05 05:30:00",10086,13,503,1,-2.46,-2.28,-1.39,-0.196,-0.119,-0.217,-0.232,59.57,57.26
"2024-08-05 06:00:00",10087,13,503,1,-2.413,-2.25,-1.35,-0.193,-0.116,-0.217,-0.229,58.86,56.96
"2024-08-05 06:30:00",10088,12.99,503,1,-2.426,-2.23,-1.39,-0.191,-0.119,-0.215,-0.233,58.81,57.89
"2024-08-05 07:00:00",10089,12.99,503,1,-2.36,-2.21,-1.31,-0.19,-0.113,-0.211,-0.226,58.38,58.84
"2024-08-05 07:30:00",10090,12.99,503,1,-1.931,-2.11,-0.76,-0.181,-0.066,-0.201,-0.185,58.83,58.32
"2024-08-05 08:00:00",10091,12.99,503,1,-0.565,-1.77,0.97,-0.152,0.082,-0.181,-0.054,58.87,59.17
"2024-08-05 08:30:00",10092,12.99,503,1,2.638,-0.8,4.85,-0.069,0.414,-0.11,0.213,61.89,60.55
"2024-08-05 09:00:00",10093,12.98,503,1,6.396,0.27,9.47,0.023,0.808,-0.029,0.531,62.96,58.51
"2024-08-05 09:30:00",10094,12.98,503,1,9.92,1.57,13.5,0.134,1.152,0.066,0.789,64.25,53.49
"2024-08-05 10:00:00",10095,12.98,503,1,13,2.48,16.2,0.211,1.382,0.14,0.979,61.61,48.8
"2024-08-05 10:30:00",10096,12.98,503,1,14.53,3.68,18.33,0.314,1.523,0.251,1.122,65.96,45.54
"2024-08-05 11:00:00",10097,12.99,503,1,18.88,5.03,23.57,0.43,1.542,0.356,1.183,67.07,42.82
"2024-08-05 11:30:00",10098,12.99,503,1,20.98,4.04,27.8,0.345,1.737,0.228,1.25,54.55,40.68
"2024-08-05 12:00:00",10099,12.99,503,1,23.35,3.98,31.47,0.339,1.792,0.256,1.31,55.78,38.88
"2024-08-05 12:30:00",10100,12.99,503,1,20.49,3.95,27.14,0.337,1.755,0.248,1.251,56.68,41.01
"2024-08-05 13:00:00",10101,12.99,503,1,20.39,3.89,27.05,0.332,1.714,0.24,1.235,58.09,41.05
"2024-08-05 13:30:00",10102,12.98,503,1,18.74,3.72,23.74,0.349,1.724,0.234,1.194,57.02,42.73
"2024-08-05 14:00:00",10103,12.98,503,1,17.34,3.87,22.43,0.33,1.703,0.234,1.185,59.34,43.42
"2024-08-05 14:30:00",10104,12.98,503,1,13.54,3.28,18.36,0.305,1.615,0.206,1.112,60.22,45.52
"2024-08-05 15:00:00",10105,12.98,503,1,11.52,3.04,14.41,0.259,1.531,0.17,1.042,61.09,47.48
"2024-08-05 15:30:00",10106,12.97,503,1,12.85,2.69,16.8,0.23,1.434,0.147,0.981,61.63,49.65
"2024-08-05 16:00:00",10107,12.97,503,1,16.48,3.15,21.86,0.269,1.6,0.187,1.134,60.46,43.71
"2024-08-05 16:30:00",10108,12.97,503,1,16.7,3.46,21.87,0.295,1.667,0.207,1.16,59.65,43.72
"2024-08-05 17:00:00",10109,12.96,503,1,14.52,3.32,18.7,0.284,1.588,0.192,1.113,60.86,45.35
"2024-08-05 17:30:00",10110,12.97,503,1,13.82,3.22,17.73,0.275,1.586,0.188,1.102,60.68,45.83
"2024-08-05 18:00:00",10111,12.96,503,1,13.59,3.04,17.56,0.259,1.564,0.171,1.065,61.2,45.93
"2024-08-05 18:30:00",10112,12.96,503,1,12.62,2.6,16.54,0.222,1.412,0.137,0.958,60.78,50.02
"2024-08-05 19:00:00",10113,12.95,503,1,10.72,1.88,14.39,0.16,1.229,0.079,0.818,63.3,53.1
"2024-08-05 19:30:00",10114,12.95,503,1,7.875,0.94,11.03,0.08,0.942,0.009,0.614,62.75,57.58
"2024-08-05 20:00:00",10115,12.95,503,1,4.576,-0.16,7.14,-0.015,0.609,-0.07,0.367,61.25,59.51
"2024-08-05 20:30:00",10116,12.94,503,1,2.566,-0.79,4.73,-0.069,0.404,-0.115,0.206,60.45,59.27
"2024-08-05 21:00:00",10117,12.94,503,1,1.323,-1.23,3.29,-0.106,0.281,-0.149,0.102,59.88,59.37
"2024-08-05 21:30:00",10118,12.93,503,1,0.623,-1.43,2.43,-0.123,0.207,-0.159,0.045,59.67,59.72
"2024-08-05 22:00:00",10119,12.93,503,1,0.028,-1.63,1.73,-0.14,0.147,-0.175,-0.003,59.81,58.32
"2024-08-05 22:30:00",10120,12.93,503,1,-0.342,-1.75,1.29,-0.15,0.11,-0.18,-0.034,58.63,57.7
"2024-08-05 23:00:00",10121,12.92,503,1,-0.58,-1.84,1.02,-0.158,0.087,-0.187,-0.055,58.47,58.62
"2024-08-05 23:30:00",10122,12.92,503,1,-0.849,-1.86,0.63,-0.16,0.053,-0.189,-0.083,58.63,58.94
"2024-08-06 00:00:00",10123,12.91,503,1,-1.12,-1.95,0.31,-0.167,0.027,-0.194,-0.101,57.84,58.31
"2024-08-06 00:30:00",10124,12.91,503,1,-1.338,-2.01,0.04,-0.172,0.003,-0.197,-0.123,59.38,58.04
"2024-08-06 01:00:00",10125,12.91,503,1,-1.483,-2.04,-0.15,-0.175,-0.013,-0.199,-0.141,58.41,59.69
"2024-08-06 01:30:00",10126,12.9,503,1,-1.622,-2.06,-0.34,-0.177,-0.03,-0.201,-0.15,59.22,59.12
"2024-08-06 02:00:00",10127,12.9,503,1,-1.76,-2.07,-0.54,-0.178,-0.047,-0.205,-0.164,59.53,59.02
"2024-08-06 02:30:00",10128,12.9,503,1,-1.799,-2.09,-0.58,-0.18,-0.05,-0.202,-0.169,57.85,56.52
"2024-08-06 03:00:00",10129,12.9,503,1,-1.932,-2.13,-0.74,-0.182,-0.064,-0.207,-0.179,58.9,57.72
"2024-08-06 03:30:00",10130,12.89,503,1,-1.957,-2.1,-0.81,-0.18,-0.07,-0.207,-0.186,59.13,59.44
"2024-08-06 04:00:00",10131,12.89,503,1,-1.984,-2.13,-0.82,-0.182,-0.071,-0.205,-0.186,59.52,57.37
"2024-08-06 04:30:00",10132,12.89,503,1,-1.957,-2.1,-0.81,-0.18,-0.07,-0.202,-0.185,58.35,58.66
"2024-08-06 05:00:00",10133,12.89,503,1,-1.991,-2.14,-0.82,-0.183,-0.071,-0.205,-0.189,57.99,58.45
"2024-08-06 05:30:00",10134,12.89,503,1,-1.924,-2.08,-0.78,-0.179,-0.067,-0.203,-0.183,58.01,57.65
"2024-08-06 06:00:00",10135,12.89,503,1,-1.977,-2.12,-0.82,-0.181,-0.071,-0.204,-0.186,59.11,59
"2024-08-06 06:30:00",10136,12.88,503,1,-1.937,-2.06,-0.82,-0.176,-0.071,-0.203,-0.186,58.59,58.89
"2024-08-06 07:00:00",10137,12.88,503,1,-1.6,-1.99,-0.38,-0.171,-0.034,-0.198,-0.155,59.79,58.46
"2024-08-06 07:30:00",10138,12.88,503,1,-0.637,-1.74,0.83,-0.15,0.071,-0.182,-0.065,59.83,58.5
"2024-08-06 08:00:00",10139,12.88,503,1,1.621,-1.08,3.59,-0.093,0.306,-0.132,0.134,61.53,60.46
"2024-08-06 08:30:00",10140,12.88,503,1,4.364,-0.24,6.9,-0.022,0.589,-0.07,0.359,63.35,59.31
"2024-08-06 09:00:00",10141,12.88,503,1,7.376,0.64,10.58,0.054,0.903,-0.005,0.6,64.05,57.8
"2024-08-06 09:30:00",10142,12.87,503,1,10.15,1.62,13.02,0.118,1.111,0.054,0.758,64.19,54.92
"2024-08-06 10:00:00",10143,12.87,503,1,11.7,2.2,15.55,0.187,1.327,0.114,0.938,62.3,50.58
"2024-08-06 10:30:00",10144,12.87,503,1,12.05,3.14,15.11,0.268,1.502,0.19,1.069,63.47,47.14
"2024-08-06 11:00:00",10145,12.87,503,1,15.97,3.35,20.87,0.286,1.538,0.218,1.141,61.13,44.25
"2024-08-06 11:30:00",10146,12.88,503,1,18.74,3.56,24.87,0.304,1.667,0.203,1.206,57.16,42.17
"2024-08-06 12:00:00",10147,12.87,503,1,18.56,3.68,24.48,0.314,1.726,0.225,1.226,57.22,42.37
"2024-08-06 12:30:00",10148,12.88,503,1,20.84,4.03,27.59,0.344,1.732,0.25,1.234,58.07,40.78
"2024-08-06 13:00:00",10149,12.87,503,1,22.14,4,29.61,0.341,1.766,0.25,1.281,56.27,39.79
"2024-08-06 13:30:00",10150,12.87,503,1,21.17,3.96,28.17,0.338,1.764,0.248,1.266,57.53,40.48
"2024-08-06 14:00:00",10151,12.87,503,1,22.84,3.95,30.73,0.337,1.764,0.252,1.29,57.09,39.23
"2024-08-06 14:30:00",10152,12.87,503,1,22.26,4.01,29.78,0.343,1.783,0.254,1.29,56.42,39.69
"2024-08-06 15:00:00",10153,12.87,503,1,22.14,3.98,30.29,0.341,1.77,0.252,1.285,56.75,39.45
"2024-08-06 15:30:00",10154,12.87,503,1,21.05,3.9,28.05,0.333,1.758,0.243,1.262,57.04,40.55
"2024-08-06 16:00:00",10155,12.87,503,1,20.08,3.78,26.69,0.322,1.702,0.233,1.222,58.68,41.23
"2024-08-06 16:30:00",10156,12.86,503,1,18.19,3.63,23.96,0.31,1.686,0.216,1.186,58.94,42.62
"2024-08-06 17:00:00",10157,12.86,503,1,15.15,3.49,19.48,0.298,1.632,0.206,1.141,59.8,44.95
"2024-08-06 17:30:00",10158,12.86,503,1,13.02,3.1,16.63,0.265,1.536,0.176,1.059,61.08,46.38
"2024-08-06 18:00:00",10159,12.85,503,1,12.33,2.46,16.24,0.21,1.386,0.125,0.943,61.94,49.81
"2024-08-06 18:30:00",10160,12.85,503,1,9.9,1.61,13.42,0.137,1.146,0.062,0.771,62.55,53.18
"2024-08-06 19:00:00",10161,12.85,503,1,7.073,0.6,10.16,0.051,0.867,-0.016,0.569,63.15,56.91
"2024-08-06 19:30:00",10162,12.84,503,1,4.785,-0.19,7.49,-0.017,0.64,-0.068,0.39,60.77,57.8
"2024-08-06 20:00:00",10163,12.84,503,1,3.405,-0.57,5.78,-0.05,0.493,-0.1,0.279,61.05,59.15
"2024-08-06 20:30:00",10164,12.84,503,1,2.292,-1.01,4.54,-0.087,0.387,-0.129,0.191,60.47,58.98
"2024-08-06 21:00:00",10165,12.83,503,1,1.572,-1.22,3.66,-0.105,0.312,-0.143,0.134,60.08,59.16
"2024-08-06 21:30:00",10166,12.83,503,1,0.965,-1.39,2.91,-0.119,0.248,-0.155,0.083,59.77,58.44
"2024-08-06 22:00:00",10167,12.83,503,1,0.245,-1.6,2.03,-0.137,0.173,-0.173,0.025,60,59.07
"2024-08-06 22:30:00",10168,12.82,503,1,-0.269,-1.74,1.39,-0.15,0.119,-0.182,-0.022,59.33,60.2
"2024-08-06 23:00:00",10169,12.82,503,1,-0.593,-1.83,0.99,-0.157,0.085,-0.187,-0.053,58.82,59.13
"2024-08-06 23:30:00",10170,12.82,503,1,-0.831,-1.92,0.72,-0.165,0.061,-0.187,-0.075,59.11,59.01
"2024-08-07 00:00:00",10171,12.82,503,1,-0.989,-1.92,0.48,-0.165,0.041,-0.192,-0.09,58.61,58.25
"2024-08-07 00:30:00",10172,12.81,503,1,-1.108,-1.98,0.36,-0.17,0.031,-0.195,-0.097,58.68,59.25
"2024-08-07 01:00:00",10173,12.81,503,1,-1.366,-2.05,0.04,-0.175,0.003,-0.2,-0.119,59.37,58.04
"2024-08-07 01:30:00",10174,12.8,503,1,-1.562,-2.04,-0.27,-0.175,-0.024,-0.2,-0.144,58.37,57.19
"2024-08-07 02:00:00",10175,12.8,503,1,1,-1.635,-2.07,-0.35,-0.177,-0.031,-0.202,-0.153,58.88
"2024-08-07 02:30:00",10176,12.81,503,1,1,-1.721,-2.08,-0.47,-0.178,-0.041,-0.208,-0.16,57.81
"2024-08-07 03:00:00",10177,12.8,503,1,-1.767,-2.11,-0.51,-0.181,-0.044,-0.208,-0.167,58.24,57.73
"2024-08-07 03:30:00",10178,12.8,503,1,-1.767,-2.11,-0.51,-0.181,-0.044,-0.203,-0.163,57.89,59.02
"2024-08-07 04:00:00",10179,12.8,503,1,-1.773,-2.08,-0.55,-0.178,-0.048,-0.203,-0.166,59.61,58.95
"2024-08-07 04:30:00",10180,12.79,503,1,-1.767,-2.11,-0.51,-0.181,-0.045,-0.206,-0.164,58.52,59.5
"2024-08-07 05:00:00",10181,12.79,503,1,-1.84,-2.14,-0.59,-0.183,-0.051,-0.208,-0.17,58.83,57.35
"2024-08-07 05:30:00",10182,12.79,503,1,-1.786,-2.06,-0.59,-0.176,-0.052,-0.201,-0.174,58.74,57.56
"2024-08-07 06:00:00",10183,12.79,503,1,-1.853,-2.12,-0.63,-0.182,-0.055,-0.207,-0.171,58.32,58.21
"2024-08-07 06:30:00",10184,12.78,503,1,-1.892,-2.14,-0.67,-0.184,-0.058,-0.208,-0.18,57.5,57.81
"2024-08-07 07:00:00",10185,12.78,503,1,-1.712,-1.99,-0.55,-0.171,-0.048,-0.197,-0.167,58.89,58.23
"2024-08-07 07:30:00",10186,12.78,503,1,1,-1.95,-0.27,-0.167,-0.024,-0.195,-0.142,60.08,58.33
"2024-08-07 08:00:00",10187,12.78,503,1,-1.17,-1.84,0.12,-0.158,0.01,-0.186,-0.113,59.11,59.83
"2024-08-07 08:30:00",10188,12.78,503,1,-0.788,-1.74,0.6,-0.149,0.051,-0.178,-0.078,59.67,58.75
"2024-08-07 09:00:00",10189,12.78,503,1,-0.02,-1.45,1.47,-0.124,0.126,-0.156,-0.019,61.21,60.54
"2024-08-07 09:30:00",10190,12.78,503,1,5.03,-0.1,7.77,-0.01,0.663,-0.061,0.415,63.8,59.44
"2024-08-07 10:00:00",10191,12.78,503,1,8.56,1.16,11.85,0.099,1.012,0.036,0.689,63.49,55.59
"2024-08-07 10:30:00",10192,12.78,503,1,10.53,1.75,14.23,0.15,1.215,0.076,0.828,63.06,53.12
"2024-08-07 11:00:00",10193,12.78,503,1,11.05,1.93,14.84,0.165,1.267,0.09,0.868,61.96,52.43
"2024-08-07 11:30:00",10194,12.77,503,1,11.1,2.06,14.79,0.176,1.262,0.095,0.859,62.92,51.75
"2024-08-07 12:00:00",10195,12.77,503,1,11.45,2.68,14.68,0.229,1.478,0.152,1.052,60.8,47.32
"2024-08-07 12:30:00",10196,12.77,503,1,16.09,3.37,21.03,0.288,1.601,0.192,1.15,59.25,44.14
"2024-08-07 13:00:00",10197,12.77,503,1,12.34,2.55,16.17,0.217,1.38,0.144,0.939,63.01,50.35
"2024-08-07 13:30:00",10198,12.77,503,1,11.37,2.33,14.92,0.199,1.274,0.099,0.849,61.17,51.64
"2024-08-07 14:00:00",10199,12.77,503,1,4.091,-0.11,6.35,-0.01,0.542,-0.071,0.312,61.24,59.08
"2024-08-07 14:30:00",10200,12.77,503,1,0.751,-1.29,2.48,-0.111,0.211,-0.153,0.041,58.47,58.21
"2024-08-07 15:00:00",10201,12.76,503,1,-0.463,-1.59,0.94,-0.137,0.08,-0.168,-0.067,59.73,58.39
"2024-08-07 15:30:00",10202,12.76,503,1,-1.33,-1.93,-0.03,-0.166,-0.003,-0.196,-0.133,58.66,58.3
"2024-08-07 16:00:00",10203,12.76,503,1,-1.799,-2.07,-0.6,-0.178,-0.052,-0.201,-0.175,58.84,57.77
"2024-08-07 16:30:00",10204,12.75,503,1,-2.083,-2.14,-0.96,-0.184,-0.083,-0.204,-0.191,58.18,58.23
"2024-08-07 17:00:00",10205,12.75,503,1,-2.162,-2.18,-1.04,-0.187,-0.09,-0.21,-0.201,57.71,56.94
"2024-08-07 17:30:00",10206,12.75,503,1,-2.216,-2.22,-1.08,-0.191,-0.093,-0.211,-0.2,58.27,56.94
"2024-08-07 18:00:00",10207,12.74,503,1,-2.368,-2.29,-1.24,-0.196,-0.106,-0.213,-0.216,59.07,60.2
"2024-08-07 18:30:00",10208,12.74,503,1,-2.48,-2.3,-1.4,-0.197,-0.121,-0.214,-0.226,57.8,58.52
"2024-08-07 19:00:00",10209,12.75,503,1,1,-2.566,-2.34,-1.49,-0.201,-0.128,-0.22,-0.233,56.94
"2024-08-07 19:30:00",10210,12.74,503,1,-2.651,-2.31,-1.65,-0.198,-0.142,-0.218,-0.246,58.74,58.48
"2024-08-07 20:00:00",10211,12.74,503,1,-2.631,-2.28,-1.65,-0.196,-0.142,-0.218,-0.246,58.15,58.05
"2024-08-07 20:30:00",10212,12.74,503,1,-2.717,-2.32,-1.74,-0.199,-0.149,-0.221,-0.253,58.15,57.07
"2024-08-07 21:00:00",10213,12.73,503,1,-2.724,-2.34,-1.73,-0.201,-0.148,-0.223,-0.255,57.23,56.87
"2024-08-07 21:30:00",10214,12.73,503,1,-2.797,-2.37,-1.81,-0.203,-0.156,-0.22,-0.255,57.68,57.43
"2024-08-07 22:00:00",10215,12.73,503,1,-2.776,-2.34,-1.81,-0.201,-0.156,-0.22,-0.263,56.83,57.96
"2024-08-07 22:30:00",10216,12.73,503,1,-2.769,-2.32,-1.82,-0.199,-0.156,-0.221,-0.256,58.11,58.42
"2024-08-07 23:00:00",10217,12.73,503,1,-2.757,-2.34,-1.78,-0.2,-0.153,-0.22,-0.253,58.36,57.44
"2024-08-07 23:30:00",10218,12.73,503,1,-2.796,-2.35,-1.83,-0.202,-0.157,-0.224,-0.264,57.96,59.09
"2024-08-08 00:00:00",10219,12.72,503,1,-2.75,-2.32,-1.79,-0.199,-0.154,-0.217,-0.261,56.97,55.89
"2024-08-08 00:30:00",10220,12.73,503,1,-2.743,-2.32,-1.78,-0.199,-0.153,-0.216,-0.257,57.72,56.8
"2024-08-08 01:00:00",10221,12.72,503,1,-2.802,-2.32,-1.87,-0.199,-0.16,-0.216,-0.257,58.56,57.79
"2024-08-08 01:30:00",10222,12.72,503,1,-2.822,-2.32,-1.9,-0.199,-0.163,-0.219,-0.264,58.98,55.6
"2024-08-08 02:00:00",10223,12.72,503,1,-2.842,-2.35,-1.9,-0.201,-0.163,-0.217,-0.267,57.77,57.51
"2024-08-08 02:30:00",10224,12.71,503,1,-2.768,-2.28,-1.86,-0.196,-0.16,-0.216,-0.257,58.73,57.4
"2024-08-08 03:00:00",10225,12.72,503,1,-2.769,-2.32,-1.82,-0.199,-0.156,-0.217,-0.264,59.06,57.57
"2024-08-08 03:30:00",10226,12.71,503,1,-2.814,-2.27,-1.94,-0.195,-0.167,-0.213,-0.266,58.28,58.58
"2024-08-08 04:00:00",10227,12.71,503,1,-2.769,-2.32,-1.82,-0.199,-0.156,-0.219,-0.26,58.67,57.34
"2024-08-08 04:30:00",10228,12.7,503,1,1,-2.775,-2.29,-1.86,-0.196,-0.16,-0.217,-0.257,59.01
"2024-08-08 05:00:00",10229,12.7,503,1,-2.768,-2.28,-1.86,-0.196,-0.16,-0.214,-0.253,57.8,58.36
"2024-08-08 05:30:00",10230,12.7,503,1,-2.822,-2.32,-1.9,-0.199,-0.163,-0.219,-0.261,57.36,57.41
"2024-08-08 06:00:00",10231,12.71,503,1,-2.789,-2.31,-1.86,-0.198,-0.16,-0.218,-0.26,58.03,56.29
"2024-08-08 06:30:00",10232,12.7,503,1,-2.809,-2.33,-1.87,-0.2,-0.16,-0.217,-0.261,57.52,58.24
"2024-08-08 07:00:00",10233,12.7,503,1,-2.822,-2.32,-1.9,-0.199,-0.163,-0.217,-0.264,58.67,57.18
"2024-08-08 07:30:00",10234,12.7,503,1,-2.768,-2.28,-1.86,-0.196,-0.16,-0.214,-0.257,58.77,57.7
"2024-08-08 08:00:00",10235,12.69,503,1,-2.794,-2.25,-1.93,-0.193,-0.166,-0.211,-0.266,59.24,58.47
"2024-08-08 08:30:00",10236,12.69,503,1,-2.696,-2.26,-1.77,-0.194,-0.152,-0.214,-0.247,60.14,58.81
"2024-08-08 09:00:00",10237,12.69,503,1,-2.407,-2.25,-1.34,-0.193,-0.115,-0.213,-0.223,57.69,57.02
"2024-08-08 09:30:00",10238,12.69,503,1,-1.706,-2.04,-0.49,-0.175,-0.042,-0.201,-0.165,58.73,58.22
"2024-08-08 10:00:00",10239,12.69,503,1,-0.769,-1.77,0.66,-0.152,0.056,-0.183,-0.077,59.85,57.7
"2024-08-08 10:30:00",10240,12.68,503,1,0.267,-1.5,1.96,-0.129,0.167,-0.164,0.016,59.29,58.93
"2024-08-08 11:00:00",10241,12.69,503,1,-0.437,-1.62,1.01,-0.139,0.086,-0.169,-0.045,59.13,59.03
"2024-08-08 11:30:00",10242,12.68,503,1,-1.533,-1.92,-0.35,-0.165,-0.031,-0.191,-0.153,59.44,59.33
"2024-08-08 12:00:00",10243,12.69,503,1,-1.955,-1.99,-0.92,-0.171,-0.079,-0.197,-0.189,58.14,57.88
"2024-08-08 12:30:00",10244,12.68,503,1,-2.266,-2.13,-1.25,-0.182,-0.108,-0.205,-0.216,58.76,57.27
"2024-08-08 13:00:00",10245,12.68,503,1,-2.485,-2.21,-1.5,-0.189,-0.129,-0.208,-0.238,58.56,57.64
"2024-08-08 13:30:00",10246,12.68,503,1,-2.57,-2.23,-1.61,-0.191,-0.139,-0.212,-0.24,58.56,58.05
"2024-08-08 14:00:00",10247,12.67,503,1,-2.458,-2.21,-1.46,-0.189,-0.125,-0.213,-0.232,59.18,56.36
"2024-08-08 14:30:00",10248,12.68,503,1,-2.168,-2.14,-1.09,-0.184,-0.094,-0.207,-0.209,58.69,58.18
"2024-08-08 15:00:00",10249,12.68,503,1,-2.036,-2.11,-0.92,-0.181,-0.08,-0.204,-0.189,60.99,61.87
"2024-08-08 15:30:00",10250,12.67,503,1,-1.839,-2.09,-0.64,-0.179,-0.056,-0.203,-0.161,57.56,56.63
"2024-08-08 16:00:00",10251,12.67,503,1,-1.916,-2.04,-0.81,-0.175,-0.07,-0.196,-0.181,58.18,57.67
"2024-08-08 16:30:00",10252,12.67,503,1,-2.076,-2.12,-0.97,-0.182,-0.084,-0.208,-0.19,59.89,59.94
"2024-08-08 17:00:00",10253,12.67,503,1,-2.134,-2.08,-1.1,-0.178,-0.094,-0.202,-0.2,58.4,57.63
"2024-08-08 17:30:00",10254,12.67,503,1,"NAN","NAN","NAN","NAN","NAN","NAN","NAN","NAN","NAN"
"2024-08-08 18:00:00",10255,12.66,503,1,-2.392,-2.19,-1.38,-0.187,-0.119,-0.203,-0.223,58.41,58.57
"2024-08-08 18:30:00",10256,12.66,503,1,-2.431,-2.16,-1.47,-0.185,-0.126,-0.209,-0.233,59.65,58.58
"2024-08-08 19:00:00",10257,12.66,503,1,1,-2.49,-2.17,-1.55,-0.186,-0.133,-0.209,-0.243,58.5
"2024-08-08 19:30:00",10258,12.66,503,1,-2.563,-2.2,-1.63,-0.188,-0.14,-0.212,-0.244,58.35,57.84
"2024-08-08 20:00:00",10259,12.66,503,1,-2.595,-2.17,-1.71,-0.186,-0.147,-0.204,-0.25,59.12,56.97
"2024-08-08 20:30:00",10260,12.66,503,1,-2.648,-2.2,-1.76,-0.189,-0.151,-0.209,-0.256,58.29,58.19
"2024-08-08 21:00:00",10261,12.65,503,1,-2.595,-2.17,-1.71,-0.186,-0.147,-0.207,-0.25,58.74,56.99
"2024-08-08 21:30:00",10262,12.65,503,1,-2.733,-2.17,-1.92,-0.186,-0.165,-0.209,-0.26,58.16,56.83
"2024-08-08 22:00:00",10263,12.65,503,1,-2.733,-2.17,-1.92,-0.186,-0.165,-0.207,-0.27,59.31,58.8
"2024-08-08 22:30:00",10264,12.65,503,1,-2.753,-2.2,-1.92,-0.188,-0.165,-0.209,-0.266,59.43,56.87
"2024-08-08 23:00:00",10265,12.65,503,1,-2.694,-2.18,-1.85,-0.187,-0.159,-0.208,-0.261,58.78,57.29
"2024-08-08 23:30:00",10266,12.65,503,1,-2.727,-2.2,-1.88,-0.188,-0.162,-0.212,-0.26,58.78,57.7
"2024-08-09 00:00:00",10267,12.64,503,1,-2.66,-2.14,-1.84,-0.183,-0.158,-0.206,-0.266,58.11,58.01
"2024-08-09 00:30:00",10268,12.64,503,1,-2.747,-2.19,-1.88,-0.186,-0.162,-0.206,-0.263,58.68,57.35
"2024-08-09 01:00:00",10269,12.64,503,1,-2.707,-2.18,-1.87,-0.187,-0.16,-0.21,-0.256,58.45,56.87
"2024-08-09 01:30:00",10270,12.64,503,1,-2.628,-2.15,-1.78,-0.185,-0.153,-0.208,-0.252,59.64,55.7
"2024-08-09 02:00:00",10271,12.64,503,1,-2.721,-2.2,-1.87,-0.188,-0.161,-0.212,-0.269,58.54,57.36
"2024-08-09 02:30:00",10272,12.63,503,1,-2.68,-2.13,-1.88,-0.183,-0.161,-0.201,-0.257,59.18,58.11
"2024-08-09 03:00:00",10273,12.63,503,1,-2.548,-2.1,-1.71,-0.18,-0.147,-0.201,-0.247,59.43,59.33
"2024-08-09 03:30:00",10274,12.63,503,1,-2.621,-2.17,-1.75,-0.186,-0.15,-0.206,-0.25,58.65,58.14
"2024-08-09 04:00:00",10275,12.63,503,1,-2.521,-2.1,-1.67,-0.18,-0.143,-0.201,-0.246,59.79,56.41
"2024-08-09 04:30:00",10276,12.63,503,1,-2.542,-2.13,-1.67,-0.183,-0.143,-0.204,-0.23,59.6,58.83
"2024-08-09 05:00:00",10277,12.63,503,1,-2.522,-2.14,-1.63,-0.184,-0.14,-0.202,-0.241,56.89,55.97
"2024-08-09 05:30:00",10278,12.63,503,1,-2.476,-2.11,-1.59,-0.181,-0.137,-0.202,-0.237,58.31,58.21
"2024-08-09 06:00:00",10279,12.63,503,1,-2.298,-2.08,-1.35,-0.178,-0.116,-0.199,-0.223,58.87,55.74
"2024-08-09 06:30:00",10280,12.62,503,1,-2.133,-2.04,-1.14,-0.175,-0.098,-0.196,-0.208,59.54,58.77
"2024-08-09 07:00:00",10281,12.62,503,1,-1.452,-1.83,-0.32,-0.157,-0.028,-0.184,-0.142,58.94,57.61
"2024-08-09 07:30:00",10282,12.62,503,1,-1.222,-1.8,0,-0.154,0,-0.186,-0.126,59.9,59.95
"2024-08-09 08:00:00",10283,12.62,503,1,-1.32,-1.79,-0.16,-0.153,-0.014,-0.182,-0.146,57.99,57.33
"2024-08-09 08:30:00",10284,12.62,503,1,-0.224,-1.49,1.2,-0.128,0.102,-0.161,-0.032,59.62,59.1
"2024-08-09 09:00:00",10285,12.62,503,1,1,1.418,-1.08,3.28,-0.093,0.28,-0.129,0.136,60.49
"2024-08-09 09:30:00",10286,12.62,503,1,7.066,0.56,10.19,0.048,0.87,-0.012,0.569,61.1,59.36
"2024-08-09 10:00:00",10287,12.62,503,1,8.19,1.08,11.37,0.092,0.97,0.026,0.661,64.94,55.57
"2024-08-09 10:30:00",10288,12.62,503,1,8.93,1.32,12.24,0.112,1.044,0.043,0.728,63.71,54.59
"2024-08-09 11:00:00",10289,12.61,503,1,9.83,1.74,12.95,0.129,1.105,0.057,0.751,64.6,53.85
"2024-08-09 11:30:00",10290,12.61,503,1,11.33,2.19,15,0.187,1.281,0.106,0.888,63.81,50.75
"2024-08-09 12:00:00",10291,12.61,503,1,12.29,2.47,16.17,0.211,1.38,0.123,0.957,64.31,49.3
"2024-08-09 12:30:00",10292,12.61,503,1,11.94,2.35,15.76,0.201,1.345,0.12,0.921,62.67,51.5
"2024-08-09 13:00:00",10293,12.61,503,1,10.74,2.06,14.23,0.176,1.215,0.093,0.819,63.66,54.7
"2024-08-09 13:30:00",10294,12.61,503,1,1,10.44,1.86,13.98,0.159,1.193,0.078,0.804,63.29
"2024-08-09 14:00:00",10295,12.6,503,1,11.01,2.01,14.7,0.171,1.255,0.097,0.851,63.27,52.52
"2024-08-09 14:30:00",10296,12.6,503,1,12.66,2.54,16.66,0.216,1.422,0.134,0.975,61.78,51.02
"2024-08-09 15:00:00",10297,12.6,503,1,11.68,2.81,14.9,0.24,1.505,0.156,1.057,61.29,47.25
"2024-08-09 15:30:00",10298,12.6,503,1,12.96,2.73,16.92,0.233,1.444,0.143,0.99,61.65,50.89
"2024-08-09 16:00:00",10299,12.6,503,1,9.06,1.45,12.3,0.124,1.05,0.046,0.7,63.73,55.68
"2024-08-09 16:30:00",10300,12.6,503,1,5.372,0.24,7.94,0.02,0.678,-0.039,0.43,63.93,58.91
"2024-08-09 17:00:00",10301,12.6,503,1,8.1,0.93,11.39,0.079,0.972,0.01,0.639,62.41,56.72
"2024-08-09 17:30:00",10302,12.6,503,1,8.53,1.14,11.82,0.097,1.009,0.027,0.676,63.24,55.35
"2024-08-09 18:00:00",10303,12.59,503,1,6.131,0.42,8.91,0.036,0.76,-0.027,0.491,62.27,57.91
"2024-08-09 18:30:00",10304,12.59,503,1,4.413,-0.11,6.84,-0.01,0.583,-0.064,0.354,63.39,59.19
"2024-08-09 19:00:00",10305,12.59,503,1,3.038,-0.53,5.18,-0.046,0.442,-0.096,0.24,61.24,59.9
"2024-08-09 19:30:00",10306,12.59,503,1,2.013,-0.87,3.97,-0.075,0.339,-0.117,0.163,60.14,59.78
"2024-08-09 20:00:00",10307,12.59,503,1,0.838,-1.2,2.52,-0.103,0.215,-0.142,0.058,60.9,59.82
"2024-08-09 20:30:00",10308,12.58,503,1,-0.026,-1.44,1.45,-0.124,0.124,-0.157,-0.019,59.11,61.32
"2024-08-09 21:00:00",10309,12.58,503,1,-0.773,-1.66,0.54,-0.143,0.046,-0.17,-0.081,58.98,60.68
"2024-08-09 21:30:00",10310,12.57,503,1,-1.202,-1.81,0.04,-0.155,0.003,-0.185,-0.117,58.46,59.44
"2024-08-09 22:00:00",10311,12.57,503,1,-1.354,-1.84,-0.16,-0.158,-0.014,-0.19,-0.134,59.06,60.03
"2024-08-09 22:30:00",10312,12.57,503,1,-1.5,-1.9,-0.32,-0.163,-0.028,-0.192,-0.15,58.92,59.89
"2024-08-09 23:00:00",10313,12.57,503,1,-1.684,-1.93,-0.57,-0.166,-0.049,-0.19,-0.17,59.02,59.33
"2024-08-09 23:30:00",10314,12.57,503,1,-1.776,-1.94,-0.7,-0.166,-0.06,-0.192,-0.173,59.48,58.97
"2024-08-10 00:00:00",10315,12.56,503,1,-1.829,-1.94,-0.78,-0.167,-0.068,-0.193,-0.184,59.06,58.39
"2024-08-10 00:30:00",10316,12.57,503,1,-1.882,-1.98,-0.82,-0.169,-0.071,-0.193,-0.184,59.15,57.67
"2024-08-10 01:00:00",10317,12.56,503,1,-1.921,-1.95,-0.91,-0.167,-0.078,-0.193,-0.187,59.38,57.89
"2024-08-10 01:30:00",10318,12.56,503,1,1,-1.888,-1.95,-0.86,-0.168,-0.075,-0.189,-0.184,58.44
"2024-08-10 02:00:00",10319,12.56,503,1,-1.815,-1.92,-0.78,-0.165,-0.068,-0.194,-0.184,58.79,59.24
"2024-08-10 02:30:00",10320,12.56,503,1,-1.868,-1.95,-0.83,-0.168,-0.072,-0.194,-0.188,58.97,58.05
"2024-08-10 03:00:00",10321,12.55,503,1,-1.874,-1.92,-0.87,-0.165,-0.075,-0.192,-0.185,58.27,58.01
"2024-08-10 03:30:00",10322,12.55,503,1,-1.9,-1.92,-0.91,-0.165,-0.079,-0.186,-0.191,58.44,58.49
"2024-08-10 04:00:00",10323,12.55,503,1,-1.947,-1.95,-0.95,-0.167,-0.082,-0.191,-0.198,59.58,58.81
"2024-08-10 04:30:00",10324,12.55,503,1,-2,-1.95,-1.03,-0.167,-0.089,-0.191,-0.197,59.62,58.85
"2024-08-10 05:00:00",10325,12.55,503,1,-2.059,-1.95,-1.12,-0.168,-0.097,-0.192,-0.208,59.32,57.42
"2024-08-10 05:30:00",10326,12.54,503,1,-2.112,-1.99,-1.16,-0.17,-0.1,-0.194,-0.208,59.44,56.88
"2024-08-10 06:00:00",10327,12.54,503,1,-2.145,-1.99,-1.21,-0.171,-0.104,-0.197,-0.212,58.42,58.73
"2024-08-10 06:30:00",10328,12.54,503,1,-2.178,-2,-1.25,-0.171,-0.108,-0.195,-0.219,59.59,58.66
"2024-08-10 07:00:00",10329,12.54,503,1,-1.901,-1.96,-0.87,-0.168,-0.075,-0.189,-0.188,58.71,57.94
"2024-08-10 07:30:00",10330,12.54,503,1,-0.211,-1.49,1.22,-0.128,0.104,-0.161,-0.04,59.34,60.06
"2024-08-10 08:00:00",10331,12.54,503,1,2.177,-0.88,4.23,-0.076,0.361,-0.123,0.179,59.79,59.94
"2024-08-10 08:30:00",10332,12.53,503,1,2.938,-0.6,5.1,-0.052,0.435,-0.097,0.245,61.95,61.03
"2024-08-10 09:00:00",10333,12.53,503,1,7.509,0.74,10.68,0.063,0.911,0.002,0.613,62.02,57.41
"2024-08-10 09:30:00",10334,12.53,503,1,11.5,2.04,15.42,0.174,1.316,0.099,0.915,63.83,51.02
"2024-08-10 10:00:00",10335,12.53,503,1,13.93,3.02,18.11,0.258,1.543,0.174,1.128,60.93,45.65
"2024-08-10 10:30:00",10336,12.53,503,1,16.03,3.39,20.92,0.29,1.622,0.215,1.182,61.11,44.2
"2024-08-10 11:00:00",10337,12.53,503,1,16.06,1.72,22.7,0.146,1.403,0.106,1.173,59.37,43.29
"2024-08-10 11:30:00",10338,12.53,503,1,19.12,2.91,26.13,0.248,1.616,0.163,1.237,56.36,41.51
"2024-08-10 12:00:00",10339,12.53,503,1,20.61,3.86,27.42,0.33,1.783,0.231,1.283,57.34,40.85
"2024-08-10 12:30:00",10340,12.53,503,1,21.89,4.21,29.01,0.359,1.776,0.272,1.291,59.67,40.07
"2024-08-10 13:00:00",10341,12.53,503,1,23.02,4.05,30.89,0.346,1.794,0.271,1.322,58.38,39.17
"2024-08-10 13:30:00",10342,12.53,503,1,23.67,4.08,31.86,0.348,1.768,0.259,1.331,56.42,38.7
"2024-08-10 14:00:00",10343,12.53,503,1,23.74,4,32.04,0.342,1.746,0.253,1.307,57.57,38.61
"2024-08-10 14:30:00",10344,12.53,503,1,21.95,3.92,29.39,0.334,1.755,0.246,1.305,56.94,39.88
"2024-08-10 15:00:00",10345,12.53,503,1,21.73,3.92,29.06,0.334,1.762,0.245,1.296,57.2,40.04
"2024-08-10 15:30:00",10346,12.52,503,1,20.71,3.79,27.64,0.324,1.737,0.234,1.267,58.07,40.76
"2024-08-10 16:00:00",10347,12.53,503,1,19.89,3.68,26.51,0.314,1.697,0.229,1.246,59.32,41.33
"2024-08-10 16:30:00",10348,12.52,503,1,17.54,3.59,23.02,0.306,1.679,0.213,1.198,58.53,43.11
"2024-08-10 17:00:00",10349,12.52,503,1,15.22,3.26,19.82,0.278,1.62,0.19,1.15,60.2,44.79
"2024-08-10 17:30:00",10350,12.52,503,1,12.25,3,15.57,0.256,1.533,0.169,1.077,60.29,46.91
"2024-08-10 18:00:00",10351,12.52,503,1,12.38,2.43,16.36,0.207,1.397,0.124,0.957,61.9,49.77
"2024-08-10 18:30:00",10352,12.51,503,1,11.35,2.08,15.14,0.178,1.292,0.094,0.887,62.18,51.42
"2024-08-10 19:00:00",10353,12.51,503,1,9.51,1.44,13,0.123,1.11,0.046,0.755,62.6,54.71
"2024-08-10 19:30:00",10354,12.51,503,1,6.909,0.57,9.94,0.049,0.849,-0.015,0.567,63.56,58.54
"2024-08-10 20:00:00",10355,12.51,503,1,4.397,-0.23,6.94,-0.021,0.593,-0.072,0.364,60.75,60.24
"2024-08-10 20:30:00",10356,12.51,503,1,2.48,-0.82,4.63,-0.071,0.395,-0.115,0.206,60.59,58.85
"2024-08-10 21:00:00",10357,12.51,503,1,1.139,-1.24,3.02,-0.107,0.258,-0.148,0.097,60.14,60.29
"2024-08-10 21:30:00",10358,12.5,503,1,0.38,-1.43,2.06,-0.123,0.176,-0.161,0.029,59.49,59.39
"2024-08-10 22:00:00",10359,12.49,503,1,-0.182,-1.65,1.43,-0.142,0.122,-0.172,-0.017,59.25,59.41
"2024-08-10 22:30:00",10360,12.49,503,1,-0.405,-1.66,1.1,-0.142,0.094,-0.17,-0.043,59.7,59.03
"2024-08-10 23:00:00",10361,12.49,503,1,-0.551,-1.71,0.93,-0.147,0.079,-0.177,-0.053,60.23,58.89
"2024-08-10 23:30:00",10362,12.49,503,1,-0.756,-1.81,0.72,-0.155,0.062,-0.182,-0.066,58.89,57.71
"2024-08-11 00:00:00",10363,12.48,503,1,-0.868,-1.81,0.55,-0.155,0.047,-0.187,-0.083,59.42,57.68
"2024-08-11 00:30:00",10364,12.48,503,1,-0.9,-1.77,0.46,-0.152,0.04,-0.179,-0.093,59.76,59.5
"2024-08-11 01:00:00",10365,12.48,503,1,-1.105,-1.87,0.25,-0.16,0.022,-0.187,-0.103,59.5,58.83
"2024-08-11 01:30:00",10366,12.48,503,1,-1.21,-1.86,0.08,-0.159,0.007,-0.184,-0.113,58.02,58.99
"2024-08-11 02:00:00",10367,12.47,503,1,-1.006,-1.81,0.34,-0.155,0.029,-0.185,-0.096,57.61,56.68
"2024-08-11 02:30:00",10368,12.47,503,1,-1.216,-1.83,0.04,-0.157,0.004,-0.184,-0.125,58.06,56.16
"2024-08-11 03:00:00",10369,12.47,503,1,-1.327,-1.8,-0.16,-0.154,-0.015,-0.181,-0.135,59.41,58.08
"2024-08-11 03:30:00",10370,12.46,503,1,-1.48,-1.9,-0.29,-0.163,-0.026,-0.193,-0.148,59.18,57.69
"2024-08-11 04:00:00",10371,12.46,503,1,-1.487,-1.91,-0.29,-0.164,-0.026,-0.191,-0.147,58.41,57.9
"2024-08-11 04:30:00",10372,12.46,503,1,-1.521,-1.96,-0.29,-0.168,-0.026,-0.195,-0.152,58.38,59.1
"2024-08-11 05:00:00",10373,12.46,503,1,-1.466,-1.84,-0.33,-0.158,-0.029,-0.183,-0.144,59.22,58.3
"2024-08-11 05:30:00",10374,12.46,503,1,-1.486,-1.87,-0.33,-0.16,-0.029,-0.185,-0.151,60.02,58.28
"2024-08-11 06:00:00",10375,12.45,503,1,-1.235,-1.79,-0.03,-0.154,-0.004,-0.181,-0.125,60.24,58.24
"2024-08-11 06:30:00",10376,12.45,503,1,-1.11,-1.8,0.17,-0.155,0.015,-0.185,-0.108,59.39,57.9
"2024-08-11 07:00:00",10377,12.45,503,1,-0.146,-1.5,1.33,-0.129,0.113,-0.163,-0.024,60.88,59.29
"2024-08-11 07:30:00",10378,12.45,503,1,0.62,-1.27,2.26,-0.109,0.193,-0.146,0.043,60.01,59.9
"2024-08-11 08:00:00",10379,12.45,503,1,1.551,-0.99,3.39,-0.086,0.29,-0.123,0.125,61.83,60.24
"2024-08-11 08:30:00",10380,12.44,503,1,5.769,0.09,8.7,0.008,0.743,-0.039,0.49,62.64,59.67
"2024-08-11 09:00:00",10381,12.44,503,1,6.175,0.36,9.04,0.031,0.771,-0.027,0.514,62.62,58.16
"2024-08-11 09:30:00",10382,12.45,503,1,10.05,1.52,13.75,0.13,1.174,0.064,0.825,63.39,53.44
"2024-08-11 10:00:00",10383,12.44,503,1,11.92,2.58,15.5,0.22,1.458,0.145,1.065,61.81,46.94
"2024-08-11 10:30:00",10384,12.44,503,1,15.36,3.23,20.07,0.276,1.578,0.202,1.161,62.36,44.63
"2024-08-11 11:00:00",10385,12.44,503,1,14.92,1.6,21.09,0.137,1.403,0.101,1.163,58.42,44.12
"2024-08-11 11:30:00",10386,12.44,503,1,18.62,3.48,24.77,0.297,1.609,0.216,1.222,58.47,42.22
"2024-08-11 12:00:00",10387,12.44,503,1,20.3,3.62,27.2,0.309,1.688,0.227,1.265,57.63,40.98
"2024-08-11 12:30:00",10388,12.44,503,1,21.46,3.57,29.02,0.304,1.706,0.219,1.273,56.98,40.07
"2024-08-11 13:00:00",10389,12.45,503,1,21.31,3.26,29.1,0.278,1.63,0.233,1.298,58.83,40.04
"2024-08-11 13:30:00",10390,12.44,503,1,22.08,3.85,29.66,0.329,1.735,0.245,1.299,57.88,39.75
"2024-08-11 14:00:00",10391,12.45,503,1,23.48,3.75,31.9,0.32,1.741,0.243,1.324,57.23,38.68
"2024-08-11 14:30:00",10392,12.44,503,1,21.92,3.79,29.48,0.324,1.737,0.243,1.309,57.99,39.85
"2024-08-11 15:00:00",10393,12.44,503,1,21.62,3.88,28.93,0.331,1.751,0.239,1.282,57.84,40.11
"2024-08-11 15:30:00",10394,12.44,503,1,19.46,3.66,25.87,0.313,1.708,0.227,1.238,59.78,41.64
"2024-08-11 16:00:00",10395,12.44,503,1,17.56,3.47,23.17,0.297,1.666,0.209,1.202,58.99,43.06
"2024-08-11 16:30:00",10396,12.44,503,1,16.02,3.37,20.93,0.288,1.645,0.198,1.167,61.11,44.2
"2024-08-11 17:00:00",10397,12.44,503,1,13.3,3.02,17.15,0.258,1.576,0.173,1.109,61,46.14
"2024-08-11 17:30:00",10398,12.43,503,1,10.09,2.77,12.51,0.237,1.501,0.153,1.054,61.55,48.33
"2024-08-11 18:00:00",10399,12.43,503,1,12.36,2.38,16.37,0.204,1.397,0.119,0.962,62.1,50.36
"2024-08-11 18:30:00",10400,12.43,503,1,10.67,1.78,14.42,0.152,1.231,0.076,0.84,62.83,52.88
"2024-08-11 19:00:00",10401,12.43,503,1,8.73,1.12,12.15,0.096,1.038,0.027,0.691,63.13,55.9
"2024-08-11 19:30:00",10402,12.43,503,1,6.134,0.28,9.06,0.024,0.773,-0.038,0.509,62.08,58.54
"2024-08-11 20:00:00",10403,12.42,503,1,3.887,-0.43,6.37,-0.037,0.543,-0.089,0.322,62.1,60.11
"2024-08-11 20:30:00",10404,12.42,503,1,2.334,-0.93,4.52,-0.08,0.386,-0.122,0.198,60.01,60.06
"2024-08-11 21:00:00",10405,12.42,503,1,1.309,-1.24,3.28,-0.107,0.28,-0.148,0.11,59.19,60.73
"2024-08-11 21:30:00",10406,12.41,503,1,0.563,-1.46,2.37,-0.125,0.203,-0.161,0.053,59.83,59.32
"2024-08-11 22:00:00",10407,12.41,503,1,0.161,-1.55,1.85,-0.133,0.158,-0.166,0.013,59.56,59.05
"2024-08-11 22:30:00",10408,12.4,503,1,-0.176,-1.68,1.47,-0.145,0.126,-0.172,-0.02,59.57,58.65
"2024-08-11 23:00:00",10409,12.4,503,1,-0.294,-1.68,1.29,-0.144,0.11,-0.174,-0.03,59.01,59.48
"2024-08-11 23:30:00",10410,12.4,503,1,-0.446,-1.74,1.12,-0.15,0.096,-0.18,-0.044,60.01,59.24
"2024-08-12 00:00:00",10411,12.4,503,1,-0.572,-1.76,0.95,-0.151,0.081,-0.181,-0.054,60.55,58.55
"2024-08-12 00:30:00",10412,12.39,503,1,-0.756,-1.78,0.69,-0.152,0.059,-0.185,-0.071,59.07,60.61
"2024-08-12 01:00:00",10413,12.39,503,1,-0.854,-1.76,0.52,-0.151,0.044,-0.179,-0.085,60.06,58.57
"2024-08-12 01:30:00",10414,12.39,503,1,-0.972,-1.77,0.35,-0.152,0.03,-0.18,-0.099,59.76,60.07
"2024-08-12 02:00:00",10415,12.39,503,1,-1.065,-1.82,0.26,-0.157,0.022,-0.184,-0.105,59.73,59.48
"2024-08-12 02:30:00",10416,12.38,503,1,-0.992,-1.8,0.35,-0.154,0.029,-0.185,-0.095,59.47,59.37
"2024-08-12 03:00:00",10417,12.38,503,1,-0.874,-1.79,0.52,-0.154,0.044,-0.182,-0.088,60.03,59.92
"2024-08-12 03:30:00",10418,12.38,503,1,-0.742,-1.76,0.69,-0.151,0.059,-0.181,-0.068,59.29,59.34
"2024-08-12 04:00:00",10419,12.37,503,1,-0.505,-1.71,1,-0.147,0.085,-0.175,-0.048,59.15,59.87
"2024-08-12 04:30:00",10420,12.37,503,1,-0.43,-1.6,1,-0.137,0.085,-0.168,-0.048,58.6,58.76
"2024-08-12 05:00:00",10421,12.37,503,1,-0.531,-1.71,0.96,-0.147,0.082,-0.178,-0.055,60.1,58.76
"2024-08-12 05:30:00",10422,12.37,503,1,-0.641,-1.66,0.74,-0.142,0.063,-0.171,-0.065,60.85,58.13
"2024-08-12 06:00:00",10423,12.37,503,1,-0.822,-1.8,0.61,-0.155,0.052,-0.182,-0.075,59.1,59.82
"2024-08-12 06:30:00",10424,12.37,503,1,-0.159,-1.5,1.31,-0.129,0.112,-0.165,-0.027,59.61,58.95
"2024-08-12 07:00:00",10425,12.37,503,1,2.071,-0.95,4.14,-0.082,0.354,-0.12,0.171,62.12,60.53
"2024-08-12 07:30:00",10426,12.36,503,1,4.277,-0.32,6.85,-0.029,0.584,-0.078,0.367,63.42,59.21
"2024-08-12 08:00:00",10427,12.36,503,1,1,5.896,0.21,8.77,0.018,0.749,-0.032,0.497,64.69
"2024-08-12 08:30:00",10428,12.36,503,1,7.662,0.82,10.83,0.07,0.925,0.014,0.644,65.56,57.66
"2024-08-12 09:00:00",10429,12.36,503,1,10.25,1.58,13.99,0.135,1.195,0.074,0.854,64.89,52.89
"2024-08-12 09:30:00",10430,12.36,503,1,8.39,2.35,10.35,0.2,1.382,0.126,1.002,62.24,49.27
"2024-08-12 10:00:00",10431,12.36,503,1,12.3,2.79,15.86,0.238,1.477,0.163,1.091,62.6,46.77
"2024-08-12 10:30:00",10432,12.36,503,1,14,3.05,18.18,0.26,1.513,0.19,1.136,61.3,45.61
"2024-08-12 11:00:00",10433,12.36,503,1,14.34,1.41,20.4,0.12,1.376,0.105,1.163,62.76,44.47
"2024-08-12 11:30:00",10434,12.36,503,1,18.26,3.53,24.18,0.301,1.552,0.229,1.221,59.84,42.52
"2024-08-12 12:00:00",10435,12.36,503,1,19.15,3.54,25.53,0.302,1.616,0.216,1.235,59.14,41.82
"2024-08-12 12:30:00",10436,12.36,503,1,19.99,3.4,26.95,0.29,1.632,0.21,1.253,58.84,41.12
"2024-08-12 13:00:00",10437,12.37,503,1,19.48,3.28,26.3,0.28,1.605,0.242,1.258,62.59,41.43
"2024-08-12 13:30:00",10438,12.36,503,1,19.12,3.81,25.19,0.325,1.695,0.229,1.243,58.62,41.97
"2024-08-12 14:00:00",10439,12.36,503,1,19.94,3.61,26.65,0.309,1.683,0.227,1.27,58.32,41.27
"2024-08-12 14:30:00",10440,12.37,503,1,17.9,3.65,23.51,0.311,1.684,0.214,1.218,58.52,42.85
"2024-08-12 15:00:00",10441,12.36,503,1,18.98,3.4,25.41,0.29,1.67,0.21,1.241,59.46,41.89
"2024-08-12 15:30:00",10442,12.36,503,1,18.77,3.48,25.01,0.297,1.697,0.211,1.242,58.43,42.09
"2024-08-12 16:00:00",10443,12.36,503,1,17.61,3.41,23.31,0.291,1.672,0.204,1.202,59.6,42.96
"2024-08-12 16:30:00",10444,12.37,503,1,15.66,3.24,20.52,0.276,1.634,0.182,1.151,59.41,44.4
"2024-08-12 17:00:00",10445,12.36,503,1,12.59,2.91,16.17,0.248,1.545,0.159,1.086,61.88,46.61
"2024-08-12 17:30:00",10446,12.36,503,1,10.73,2.74,13.51,0.234,1.488,0.15,1.042,62.19,47.89
"2024-08-12 18:00:00",10447,12.36,503,1,12.23,2.29,16.27,0.196,1.388,0.115,0.96,62.83,49.76
"2024-08-12 18:30:00",10448,12.35,503,1,10.88,1.82,14.7,0.156,1.255,0.079,0.859,63.48,51.73
"2024-08-12 19:00:00",10449,12.35,503,1,8.86,1.14,12.33,0.097,1.053,0.025,0.713,62.38,55.15
"2024-08-12 19:30:00",10450,12.35,503,1,6.305,0.31,9.29,0.026,0.793,-0.038,0.519,62.45,58.65
"2024-08-12 20:00:00",10451,12.34,503,1,3.96,-0.4,6.45,-0.035,0.55,-0.085,0.334,60.55,60.29
"2024-08-12 20:30:00",10452,12.34,503,1,2.248,-0.93,4.39,-0.081,0.375,-0.124,0.187,59.39,60.78
"2024-08-12 21:00:00",10453,12.34,503,1,1.23,-1.25,3.17,-0.107,0.271,-0.15,0.104,60.36,60.26
"2024-08-12 21:30:00",10454,12.33,503,1,0.588,-1.5,2.45,-0.129,0.209,-0.166,0.051,60.49,60.23
"2024-08-12 22:00:00",10455,12.33,503,1,0.114,-1.6,1.83,-0.138,0.156,-0.169,0.01,59.84,58.5
"2024-08-12 22:30:00",10456,12.33,503,1,-0.355,-1.75,1.27,-0.15,0.108,-0.179,-0.031,59.93,59.98
"2024-08-12 23:00:00",10457,12.33,503,1,-0.565,-1.76,0.96,-0.151,0.082,-0.179,-0.051,59.43,58.91
"2024-08-12 23:30:00",10458,12.33,503,1,-0.665,-1.82,0.87,-0.156,0.074,-0.184,-0.058,59.15,59.05
"2024-08-13 00:00:00",10459,12.32,503,1,-0.73,-1.79,0.74,-0.154,0.064,-0.182,-0.069,58.84,58.99
"2024-08-13 00:30:00",10460,12.32,503,1,-0.803,-1.82,0.66,-0.156,0.056,-0.184,-0.072,59.61,59.76
"2024-08-13 01:00:00",10461,12.31,503,1,-0.829,-1.81,0.61,-0.155,0.052,-0.186,-0.075,58.82,59.95
"2024-08-13 01:30:00",10462,12.31,503,1,-0.894,-1.82,0.52,-0.156,0.045,-0.184,-0.079,59.48,58.96
"2024-08-13 02:00:00",10463,12.31,503,1,-1.013,-1.83,0.35,-0.157,0.03,-0.187,-0.096,59.62,60.08
"2024-08-13 02:30:00",10464,12.3,503,1,-1.179,-1.91,0.18,-0.164,0.015,-0.186,-0.11,59.29,57.95
"2024-08-13 03:00:00",10465,12.3,503,1,-1.119,-1.9,0.26,-0.163,0.023,-0.191,-0.104,58.33,59.04
"2024-08-13 03:30:00",10466,12.3,503,1,-1.158,-1.88,0.18,-0.162,0.015,-0.187,-0.114,59.09,58.84
"2024-08-13 04:00:00",10467,12.3,503,1,-1.157,-1.83,0.13,-0.157,0.011,-0.187,-0.11,60.27,58.11
"2024-08-13 04:30:00",10468,12.3,503,1,-1.244,-1.92,0.09,-0.165,0.007,-0.192,-0.12,60.4,58.81
"2024-08-13 05:00:00",10469,12.29,503,1,-1.112,-1.85,0.22,-0.158,0.019,-0.189,-0.103,59.01,58.5
"2024-08-13 05:30:00",10470,12.29,503,1,-1.23,-1.85,0.04,-0.159,0.004,-0.187,-0.117,58.61,59.17
"2024-08-13 06:00:00",10471,12.29,503,1,-1.449,-1.97,-0.17,-0.169,-0.015,-0.191,-0.135,59.68,59.01
"2024-08-13 06:30:00",10472,12.29,503,1,-1.44,-1.88,-0.25,-0.161,-0.022,-0.187,-0.138,58.97,58.05
"2024-08-13 07:00:00",10473,12.29,503,1,-1.171,-1.85,0.13,-0.159,0.011,-0.185,-0.11,59.1,58.58
"2024-08-13 07:30:00",10474,12.28,503,1,-0.358,-1.62,1.13,-0.139,0.097,-0.168,-0.038,60,60.15
"2024-08-13 08:00:00",10475,12.28,503,1,1.8,-1.03,3.81,-0.088,0.325,-0.121,0.161,62.35,61.42
"2024-08-13 08:30:00",10476,12.28,503,1,3.491,-0.51,5.85,-0.044,0.499,-0.091,0.304,62.48,60.48
"2024-08-13 09:00:00",10477,12.28,503,1,5.029,-0.11,7.78,-0.01,0.664,-0.055,0.444,63.36,60.23
"2024-08-13 09:30:00",10478,12.28,503,1,8.1,0.88,11.44,0.075,0.977,0.024,0.686,64.01,56.93
"2024-08-13 10:00:00",10479,12.28,503,1,7.466,2.25,9.05,0.192,1.357,0.13,1.008,64.58,49.7
"2024-08-13 10:30:00",10480,12.28,503,1,12.44,2.82,16.04,0.241,1.5,0.173,1.113,63.05,46.67
"2024-08-13 11:00:00",10481,12.28,503,1,12.97,1,18.74,0.086,1.388,0.073,1.133,61.43,45.33
"2024-08-13 11:30:00",10482,12.28,503,1,16.76,3.21,22.22,0.274,1.543,0.186,1.184,59.45,43.51
"2024-08-13 12:00:00",10483,12.29,503,1,17.28,3.36,22.86,0.287,1.556,0.2,1.178,59.72,43.21
"2024-08-13 12:30:00",10484,12.28,503,1,15.8,3.31,20.65,0.282,1.55,0.201,1.18,60.83,44.33
"2024-08-13 13:00:00",10485,12.29,503,1,15.96,3.31,20.9,0.282,1.524,0.245,1.182,68.36,44.22
"2024-08-13 13:30:00",10486,12.29,503,1,1,17.38,3.41,22.96,0.291,1.625,0.198,1.199,58.7
"2024-08-13 14:00:00",10487,12.28,503,1,1,17.63,3.4,23.35,0.29,1.625,0.202,1.195,59.46
"2024-08-13 14:30:00",10488,12.28,503,1,16.95,3.34,22.37,0.285,1.621,0.201,1.188,60.62,43.45
"2024-08-13 15:00:00",10489,12.28,503,1,1,17.3,3.33,22.92,0.285,1.651,0.198,1.201,59.67
"2024-08-13 15:30:00",10490,12.29,503,1,17.37,3.33,23.02,0.284,1.648,0.196,1.183,60.44,43.11
"2024-08-13 16:00:00",10491,12.28,503,1,16.52,3.25,21.81,0.277,1.634,0.192,1.19,59.43,43.74
"2024-08-13 16:30:00",10492,12.29,503,1,1,15.18,3.18,19.85,0.272,1.612,0.186,1.155,60.46
"2024-08-13 17:00:00",10493,12.28,503,1,12.92,3,16.59,0.256,1.538,0.161,1.084,60.43,46.4
"2024-08-13 17:30:00",10494,12.28,503,1,9.24,2.61,11.38,0.223,1.463,0.137,1.011,61.65,48.84
"2024-08-13 18:00:00",10495,12.28,503,1,11.77,2.2,15.66,0.188,1.337,0.104,0.92,62.83,51.1
"2024-08-13 18:30:00",10496,12.28,503,1,10.37,1.65,14.1,0.141,1.204,0.065,0.821,63.51,53.16
"2024-08-13 19:00:00",10497,12.27,503,1,8.08,0.9,11.38,0.076,0.971,0.008,0.65,63.4,55.66
"2024-08-13 19:30:00",10498,12.27,503,1,5.289,0.03,8.03,0.003,0.685,-0.056,0.442,62.6,58.8
"2024-08-13 20:00:00",10499,12.27,503,1,3.1,-0.69,5.44,-0.059,0.464,-0.107,0.264,60.1,59.59
"2024-08-13 20:30:00",10500,12.26,503,1,1.641,-1.1,3.64,-0.095,0.31,-0.138,0.135,60.94,60.43
"2024-08-13 21:00:00",10501,12.26,503,1,0.591,-1.38,2.33,-0.119,0.199,-0.156,0.048,60,60.16
"2024-08-13 21:30:00",10502,12.26,503,1,-0.103,-1.64,1.54,-0.141,0.131,-0.172,-0.01,59.36,59.67
"2024-08-13 22:00:00",10503,12.26,503,1,-0.513,-1.78,1.06,-0.152,0.09,-0.186,-0.041,58.83,58.16
"2024-08-13 22:30:00",10504,12.25,503,1,-0.771,-1.86,0.75,-0.16,0.064,-0.188,-0.066,58.57,59.14
"2024-08-13 23:00:00",10505,12.25,503,1,-1.001,-1.9,0.44,-0.163,0.038,-0.191,-0.086,59.58,59.22
"2024-08-13 23:30:00",10506,12.24,503,1,-1.219,-1.97,0.18,-0.169,0.015,-0.195,-0.108,59.08,58
"2024-08-14 00:00:00",10507,12.25,503,1,-1.278,-1.97,0.09,-0.169,0.008,-0.197,-0.118,59.14,57.55
"2024-08-14 00:30:00",10508,12.24,503,1,-1.332,-2,0.04,-0.171,0.004,-0.199,-0.118,59.22,58.3
"2024-08-14 01:00:00",10509,12.24,503,1,-1.324,-1.95,0,-0.168,0,-0.196,-0.118,59.04,58.69
"2024-08-14 01:30:00",10510,12.24,503,1,-1.398,-2.03,-0.03,-0.174,-0.004,-0.197,-0.122,58.76,58.91
"2024-08-14 02:00:00",10511,12.23,503,1,-1.383,-1.96,-0.08,-0.168,-0.008,-0.194,-0.125,59.25,59.41
"2024-08-14 02:30:00",10512,12.23,503,1,-1.37,-1.94,-0.08,-0.166,-0.008,-0.194,-0.129,59.63,59.53
"2024-08-14 03:00:00",10513,12.23,503,1,-1.404,-1.99,-0.08,-0.171,-0.008,-0.199,-0.129,59.49,58.31
"2024-08-14 03:30:00",10514,12.23,503,1,-1.297,-1.91,0,-0.164,0,-0.192,-0.122,59.04,57.71
"2024-08-14 04:00:00",10515,12.22,503,1,-1.217,-1.88,0.09,-0.161,0.008,-0.19,-0.115,59.43,59.73
"2024-08-14 04:30:00",10516,12.23,503,1,-1.184,-1.87,0.13,-0.16,0.011,-0.186,-0.115,59.82,58.23
"2024-08-14 05:00:00",10517,12.22,503,1,1,-1.184,-1.87,0.13,-0.16,0.011,-0.186,-0.108,59.58
"2024-08-14 05:30:00",10518,12.22,503,1,-1.191,-1.88,0.13,-0.161,0.011,-0.187,-0.111,59.48,58.3
"2024-08-14 06:00:00",10519,12.21,503,1,-1.191,-1.88,0.13,-0.161,0.011,-0.187,-0.115,59.78,60.09
"2024-08-14 06:30:00",10520,12.21,503,1,-1.131,-1.84,0.18,-0.158,0.015,-0.184,-0.108,59.86,57.45
"2024-08-14 07:00:00",10521,12.21,503,1,-0.326,-1.63,1.19,-0.14,0.102,-0.172,-0.028,59.95,60.11
"2024-08-14 07:30:00",10522,12.21,503,1,1.37,-1.19,3.32,-0.103,0.283,-0.138,0.12,60.73,60.62
"2024-08-14 08:00:00",10523,12.21,503,1,3.576,-0.55,6.02,-0.048,0.514,-0.089,0.312,62,60.92
"2024-08-14 08:30:00",10524,12.2,503,1,5.472,0.03,8.31,0.003,0.709,-0.043,0.48,64.17,60.53
"2024-08-14 09:00:00",10525,12.2,503,1,7.701,0.78,10.93,0.067,0.933,0.012,0.649,64.51,57.01
"2024-08-14 09:30:00",10526,12.2,503,1,10.22,1.61,13.91,0.138,1.188,0.071,0.84,63.23,53.28
"2024-08-14 10:00:00",10527,12.21,503,1,10,2.01,15.31,0.172,1.307,0.11,0.956,63.87,50.23
"2024-08-14 10:30:00",10528,12.21,503,1,9.86,2.62,12.32,0.224,1.41,0.154,1.033,63.14,48.43
"2024-08-14 11:00:00",10529,12.21,503,1,12.16,2.06,16.4,0.176,1.419,0.13,1.093,62.34,46.5
"2024-08-14 11:30:00",10530,12.21,503,1,15.53,3.06,20.5,0.261,1.482,0.18,1.14,60.1,44.42
"2024-08-14 12:00:00",10531,12.21,503,1,17.31,3.47,22.79,0.296,1.587,0.216,1.21,60.81,43.23
"2024-08-14 12:30:00",10532,12.21,503,1,18.73,3.61,24.81,0.308,1.603,0.228,1.223,60.34,42.19
"2024-08-14 13:00:00",10533,12.21,503,1,20,3.66,26.69,0.313,1.626,0.257,1.252,64.03,41.23
"2024-08-14 13:30:00",10534,12.22,503,1,20.16,3.79,26.8,0.323,1.677,0.237,1.256,58.49,41.17
"2024-08-14 14:00:00",10535,12.21,503,1,18.47,3.52,24.5,0.301,1.652,0.214,1.23,58.86,42.36
"2024-08-14 14:30:00",10536,12.21,503,1,19.84,3.57,26.55,0.305,1.677,0.221,1.245,59.01,41.29
"2024-08-14 15:00:00",10537,12.21,503,1,19.86,3.57,26.57,0.305,1.713,0.219,1.246,59.01,41.28
"2024-08-14 15:30:00",10538,12.21,503,1,18.55,3.5,24.65,0.298,1.697,0.212,1.227,59.18,42.27
"2024-08-14 16:00:00",10539,12.21,503,1,17.47,3.39,23.12,0.289,1.668,0.201,1.191,59.14,43.05
"2024-08-14 16:30:00",10540,12.21,503,1,15.29,3.15,20.05,0.269,1.605,0.184,1.143,60.77,44.67
"2024-08-14 17:00:00",10541,12.2,503,1,12.67,2.89,16.32,0.247,1.541,0.163,1.087,61.14,46.53
"2024-08-14 17:30:00",10542,12.21,503,1,9.23,2.55,11.43,0.218,1.445,0.134,1.008,61.35,48.79
"2024-08-14 18:00:00",10543,12.2,503,1,11.6,2.11,15.5,0.18,1.323,0.098,0.914,62.46,51.03
"2024-08-14 18:30:00",10544,12.2,503,1,9.76,1.46,13.37,0.125,1.141,0.048,0.781,63.76,53.82
"2024-08-14 19:00:00",10545,12.2,503,1,7.508,0.69,10.73,0.059,0.916,-0.003,0.614,63.66,56.18
"2024-08-14 19:30:00",10546,12.2,503,1,5.274,-0.02,8.06,-0.003,0.688,-0.06,0.444,62.54,59.15
"2024-08-14 20:00:00",10547,12.19,503,1,2.914,-0.79,5.26,-0.068,0.449,-0.113,0.257,60.81,58.25
"2024-08-14 20:30:00",10548,12.19,503,1,1.407,-1.27,3.46,-0.109,0.295,-0.147,0.13,59.48,60.35
"2024-08-14 21:00:00",10549,12.19,503,1,0.576,-1.47,2.4,-0.126,0.205,-0.158,0.055,60.83,59.34
"2024-08-14 21:30:00",10550,12.18,503,1,0.014,-1.66,1.74,-0.142,0.148,-0.174,0.007,59.41,60.13
"2024-08-14 22:00:00",10551,12.18,503,1,-0.348,-1.76,1.29,-0.151,0.11,-0.177,-0.031,59.51,60.08
"2024-08-14 22:30:00",10552,12.18,503,1,-0.658,-1.83,0.89,-0.157,0.076,-0.185,-0.056,59.67,58.33
"2024-08-14 23:00:00",10553,12.17,503,1,1,-0.837,-1.88,0.67,-0.161,0.057,-0.187,-0.07,58.69
"2024-08-14 23:30:00",10554,12.17,503,1,-1.022,-1.94,0.45,-0.167,0.038,-0.19,-0.091,58.64,58.28
"2024-08-15 00:00:00",10555,12.17,503,1,-1.2,-1.98,0.22,-0.17,0.019,-0.192,-0.105,58.44,58.75
"2024-08-15 00:30:00",10556,12.17,503,1,-1.298,-1.95,0.04,-0.168,0.004,-0.196,-0.112,57.83,58.8
"2024-08-15 01:00:00",10557,12.16,503,1,-1.371,-1.99,-0.03,-0.171,-0.004,-0.199,-0.123,58.63,58.53
"2024-08-15 01:30:00",10558,12.16,503,1,1,-1.39,-1.97,-0.08,-0.169,-0.008,-0.192,-0.127,58.86
"2024-08-15 02:00:00",10559,12.15,503,1,-1.483,-2.02,-0.17,-0.173,-0.015,-0.193,-0.137,58.39,58.7
"2024-08-15 02:30:00",10560,12.15,503,1,-1.508,-1.97,-0.26,-0.169,-0.023,-0.198,-0.142,59.47,57.72
"2024-08-15 03:00:00",10561,12.15,503,1,-1.522,-1.99,-0.26,-0.171,-0.023,-0.191,-0.142,59.14,58.63
"2024-08-15 03:30:00",10562,12.15,503,1,-1.516,-2.02,-0.22,-0.173,-0.019,-0.196,-0.138,59.53,58.04
"2024-08-15 04:00:00",10563,12.14,503,1,-1.482,-1.97,-0.22,-0.169,-0.019,-0.195,-0.138,59.14,58.88
"2024-08-15 04:30:00",10564,12.15,503,1,-1.469,-2,-0.17,-0.172,-0.015,-0.198,-0.134,58.99,58.63
"2024-08-15 05:00:00",10565,12.14,503,1,-1.436,-1.99,-0.13,-0.171,-0.012,-0.191,-0.131,59.77,59.41
"2024-08-15 05:30:00",10566,12.14,503,1,-1.541,-1.97,-0.31,-0.169,-0.027,-0.195,-0.142,59.44,59.34
"2024-08-15 06:00:00",10567,12.13,503,1,-1.547,-1.94,-0.35,-0.167,-0.031,-0.195,-0.149,58.01,59.55
"2024-08-15 06:30:00",10568,12.14,503,1,-1.64,-1.99,-0.44,-0.171,-0.038,-0.194,-0.152,59.16,59.06
"2024-08-15 07:00:00",10569,12.13,503,1,-1.368,-1.89,-0.13,-0.162,-0.012,-0.188,-0.127,58.82,59.54
"2024-08-15 07:30:00",10570,12.12,503,1,-0.182,-1.65,1.43,-0.142,0.122,-0.171,-0.007,59.37,59.27
"2024-08-15 08:00:00",10571,12.13,503,1,2.486,-0.87,4.69,-0.075,0.401,-0.114,0.216,61.04,61.2
"2024-08-15 08:30:00",10572,12.12,503,1,5.253,-0.08,8.09,-0.008,0.69,-0.054,0.459,63.91,59.55
"2024-08-15 09:00:00",10573,12.13,503,1,1,7.527,0.64,10.81,0.054,0.922,0,0.642,64.67
"2024-08-15 09:30:00",10574,12.12,503,1,9.76,1.43,13.39,0.122,1.143,0.064,0.822,64.96,55.01
"2024-08-15 10:00:00",10575,12.12,503,1,11.38,1.98,15.3,0.169,1.306,0.114,0.976,63.87,50.07
"2024-08-15 10:30:00",10576,12.13,503,1,11.05,2.83,13.91,0.242,1.455,0.166,1.063,62.85,47.72
"2024-08-15 11:00:00",10577,12.13,503,1,11.76,1.59,16.28,0.135,1.399,0.095,1.106,61.68,46.56
"2024-08-15 11:30:00",10578,12.13,503,1,16.01,3.02,21.28,0.258,1.515,0.174,1.167,59.28,44.01
"2024-08-15 12:00:00",10579,12.13,503,1,19.28,3.45,25.82,0.295,1.628,0.214,1.229,59.83,41.69
"2024-08-15 12:30:00",10580,12.14,503,1,20.72,3.8,27.65,0.324,1.638,0.242,1.247,60.93,40.75
"2024-08-15 13:00:00",10581,12.13,503,1,20.46,3.34,27.73,0.285,1.591,0.248,1.261,63.5,40.71
"2024-08-15 13:30:00",10582,12.14,503,1,1,20.79,3.92,27.63,0.335,1.702,0.243,1.266,58.33
"2024-08-15 14:00:00",10583,12.13,503,1,19.91,3.6,26.62,0.307,1.676,0.223,1.263,57.9,41.27
"2024-08-15 14:30:00",10584,12.14,503,1,1,19.87,3.64,26.52,0.311,1.701,0.225,1.254,58.47
"2024-08-15 15:00:00",10585,12.13,503,1,19.23,3.56,25.62,0.304,1.708,0.218,1.242,58.94,41.78
"2024-08-15 15:30:00",10586,12.13,503,1,17.9,3.43,23.73,0.293,1.677,0.206,1.208,59.39,42.75
"2024-08-15 16:00:00",10587,12.13,503,1,16.68,3.29,22.02,0.281,1.642,0.195,1.185,59.29,43.62
"2024-08-15 16:30:00",10588,12.13,503,1,14.93,3.16,19.48,0.27,1.621,0.183,1.146,60.36,44.95
"2024-08-15 17:00:00",10589,12.13,503,1,13.89,2.96,18.1,0.253,1.576,0.17,1.119,61.45,45.62
"2024-08-15 17:30:00",10590,12.12,503,1,12.21,2.73,15.79,0.233,1.503,0.148,1.05,61.27,46.82
"2024-08-15 18:00:00",10591,12.13,503,1,4,2.23,16.14,0.19,1.377,0.109,0.951,62.34,49.94
"2024-08-15 18:30:00",10592,12.12,503,1,10.59,1.67,14.41,0.143,1.23,0.069,0.837,62.45,53.18
"2024-08-15 19:00:00",10593,12.12,503,1,8.49,1.01,11.9,0.087,1.016,0.015,0.686,62.72,55.65
"2024-08-15 19:30:00",10594,12.11,503,1,5.413,0,8.25,0,0.704,-0.058,0.458,62.41,59.44
"2024-08-15 20:00:00",10595,12.11,503,1,3.548,-0.6,6.03,-0.052,0.515,-0.101,0.307,62.46,60.31
"2024-08-15 20:30:00",10596,12.11,503,1,1.771,-1.16,3.9,-0.1,0.333,-0.136,0.16,61.17,60.81
"2024-08-15 21:00:00",10597,12.11,503,1,0.872,-1.41,2.79,-0.121,0.238,-0.154,0.084,60.65,60.8
"2024-08-15 21:30:00",10598,12.1,503,1,0.178,-1.64,1.97,-0.141,0.168,-0.173,0.025,58.69,60.23
"2024-08-15 22:00:00",10599,12.1,503,1,-0.223,-1.72,1.44,-0.148,0.123,-0.177,-0.014,60.15,59.64
"2024-08-15 22:30:00",10600,12.09,503,1,-0.527,-1.82,1.08,-0.156,0.092,-0.185,-0.042,59.26,59.41
"2024-08-15 23:00:00",10601,12.1,503,1,-0.804,-1.88,0.72,-0.161,0.062,-0.19,-0.067,59.27,58.09
"2024-08-15 23:30:00",10602,12.09,503,1,-0.944,-1.96,0.59,-0.168,0.05,-0.197,-0.078,58.68,59.8
"2024-08-16 00:00:00",10603,12.08,503,1,-1.022,-1.94,0.45,-0.166,0.039,-0.19,-0.089,59.38,59.02
"2024-08-16 00:30:00",10604,12.08,503,1,-1.226,-1.98,0.18,-0.17,0.015,-0.196,-0.107,59.11,58.6
"2024-08-16 01:00:00",10605,12.08,503,1,1,-1.265,-1.95,0.09,-0.168,0.008,-0.197,-0.121,59.03
"2024-08-16 01:30:00",10606,12.08,503,1,-1.292,-1.99,0.09,-0.171,0.008,-0.194,-0.114,59.11,59.42
"2024-08-16 02:00:00",10607,12.07,503,1,1,-1.351,-1.99,0,-0.171,0,-0.197,-0.121,58.96
"2024-08-16 02:30:00",10608,12.07,503,1,-1.285,-1.98,0.09,-0.17,0.008,-0.193,-0.114,57.98,59.11
"2024-08-16 03:00:00",10609,12.07,503,1,-1.185,-1.92,0.18,-0.165,0.016,-0.191,-0.111,59.11,58.75
"2024-08-16 03:30:00",10610,12.07,503,1,-1.225,-1.94,0.14,-0.166,0.012,-0.195,-0.111,58.21,58.93
"2024-08-16 04:00:00",10611,12.06,503,1,-1.165,-1.89,0.18,-0.162,0.016,-0.191,-0.111,59.79,58.87
"2024-08-16 04:30:00",10612,12.07,503,1,-1.132,-1.89,0.23,-0.162,0.019,-0.189,-0.107,59.19,59.34
"2024-08-16 05:00:00",10613,12.06,503,1,-1.244,-1.92,0.09,-0.165,0.008,-0.194,-0.115,59.24,59.55
"2024-08-16 05:30:00",10614,12.06,503,1,-1.271,-1.92,0.05,-0.165,0.004,-0.197,-0.111,59.84,58.5
"2024-08-16 06:00:00",10615,12.05,503,1,-1.357,-1.96,-0.04,-0.168,-0.004,-0.195,-0.122,59.09,58.99
"2024-08-16 06:30:00",10616,12.06,503,1,-1.43,-1.98,-0.13,-0.17,-0.012,-0.194,-0.133,58.88,58.78
"2024-08-16 07:00:00",10617,12.05,503,1,-1.171,-1.86,0.14,-0.16,0.012,-0.184,-0.107,59.73,59.48
"2024-08-16 07:30:00",10618,12.05,503,1,-0.538,-1.71,0.95,-0.146,0.081,-0.174,-0.05,61.24,60.47
"2024-08-16 08:00:00",10619,12.05,503,1,0.901,-1.33,2.75,-0.115,0.234,-0.148,0.084,62.09,61.16
"2024-08-16 08:30:00",10620,12.04,503,1,3.291,-0.65,5.69,-0.057,0.486,-0.099,0.293,61.85,61.34
"2024-08-16 09:00:00",10621,12.05,503,1,5.644,0.06,8.54,0.005,0.729,-0.043,0.495,64.94,59.5
"2024-08-16 09:30:00",10622,12.04,503,1,8.9,1.12,12.41,0.096,1.059,0.042,0.758,65.14,55.46
"2024-08-16 10:00:00",10623,12.05,503,1,8.44,2.18,10.61,0.186,1.354,0.122,1.022,62.76,49.13
"2024-08-16 10:30:00",10624,12.05,503,1,13.2,3,17.02,0.256,1.487,0.182,1.106,62.04,46.2
"2024-08-16 11:00:00",10625,12.05,503,1,17.36,1.87,24.52,0.159,1.451,0.126,1.199,60.73,42.34
"2024-08-16 11:30:00",10626,12.05,503,1,20.53,4.1,27.04,0.35,1.688,0.255,1.262,60.15,41.05
"2024-08-16 12:00:00",10627,12.05,503,1,21.09,3.57,28.45,0.305,1.641,0.227,1.278,58.23,40.35
"2024-08-16 12:30:00",10628,12.06,503,1,19.86,3.64,26.5,0.311,1.661,0.232,1.261,58.82,41.35
"2024-08-16 13:00:00",10629,12.05,503,1,20.5,2.79,28.35,0.239,1.586,0.216,1.275,62.8,40.41
"2024-08-16 13:30:00",10630,12.05,503,1,21.41,3.79,28.71,0.323,1.685,0.239,1.269,58.92,40.23
"2024-08-16 14:00:00",10631,12.05,503,1,1,20.13,3.59,26.96,0.307,1.644,0.224,1.249,58.67
"2024-08-16 14:30:00",10632,12.05,503,1,20.44,3.58,27.44,0.306,1.711,0.216,1.255,58.42,40.85
"2024-08-16 15:00:00",10633,12.05,503,1,19.88,3.53,26.65,0.301,1.698,0.219,1.242,58.01,41.26
"2024-08-16 15:30:00",10634,12.05,503,1,17.8,3.51,23.49,0.3,1.68,0.198,1.185,58.7,42.87
"2024-08-16 16:00:00",10635,12.05,503,1,15.34,3.2,20.06,0.273,1.623,0.19,1.162,59.93,44.66
"2024-08-16 16:30:00",10636,12.05,503,1,13.3,3.13,17.03,0.267,1.596,0.176,1.129,60.81,46.2
"2024-08-16 17:00:00",10637,12.04,503,1,13.64,2.88,17.81,0.246,1.552,0.16,1.087,60.08,45.78
"2024-08-16 17:30:00",10638,12.04,503,1,12.17,2.35,16.11,0.201,1.375,0.12,0.965,62.43,50.03
"2024-08-16 18:00:00",10639,12.04,503,1,10.12,1.55,13.82,0.132,1.18,0.059,0.814,64.64,53.88
