"TOA5","CR300Series_403","CR300","27029","CR300-RF407.Std.10.03","CPU:CR300_sapflow.CR300","32345","Table1"
"TIMESTAMP","RECORD","BattV_Min","id","SDI0","SapFlwTot0","VhOuter0","VhInner0","AlphaOut0","AlphaIn0","BetaOut0","BetaIn0","tMaxTout0","tMaxTin0"
"TS","RN","Volts","","","literPerHour","heatVelocity","heatVelocity","logTRatio","logTRatio","logTRatio","logTRatio","second","second"
"","","Min","Smp","Smp","Smp","Smp","Smp","Smp","Smp","Smp","Smp","Smp","Smp"
"2024-12-05 11:30:00",10457,13.1,403,0,0.978,1.01,3.32,0.089,0.294,0.082,0.2,54.74,37.21
"2024-12-05 12:00:00",10458,13.02,403,0,1.264,1.31,4.29,0.116,0.38,0.107,0.253,56.12,37.61
"2024-12-05 12:30:00",10459,13,403,0,1.491,1.67,4.93,0.148,0.436,0.132,0.287,55.26,41.4
"2024-12-05 13:00:00",10460,12.99,403,0,1.496,1.65,4.97,0.146,0.44,0.129,0.298,52.25,37.57
"2024-12-05 13:30:00",10461,12.98,403,0,1.501,1.73,4.91,0.153,0.435,0.135,0.288,54.03,37.41
"2024-12-05 14:00:00",10462,12.98,403,0,1.379,1.59,4.51,0.14,0.399,0.121,0.265,53.42,38.18
"2024-12-05 14:30:00",10463,12.97,403,0,1.249,1.37,4.16,0.121,0.368,0.108,0.245,52.58,39.39
"2024-12-05 15:00:00",10464,12.96,403,0,1.008,1.11,3.35,0.098,0.297,0.085,0.204,52.08,35.87
"2024-12-05 15:30:00",10465,12.95,403,0,0.754,0.73,2.61,0.064,0.231,0.061,0.159,52.2,36.15
"2024-12-05 16:00:00",10466,12.94,403,0,0.561,0.51,1.98,0.045,0.176,0.045,0.121,52.29,35.82
"2024-12-05 16:30:00",10467,12.93,403,0,0.398,0.3,1.47,0.027,0.13,0.028,0.093,53.91,35.15
"2024-12-05 17:00:00",10468,12.93,403,0,0.263,0.18,0.99,0.016,0.088,0.017,0.07,52.24,34.81
"2024-12-05 17:30:00",10469,12.92,403,0,0.179,0.02,0.78,0.002,0.069,0.009,0.053,50.18,34.39
"2024-12-05 18:00:00",10470,12.91,403,0,0.113,-0.09,0.6,-0.009,0.053,0,0.045,49.68,35.52
"2024-12-05 18:30:00",10471,12.91,403,0,0.095,-0.14,0.57,-0.013,0.051,-0.006,0.043,53.47,35.78
"2024-12-05 19:00:00",10472,12.91,403,0,0.081,-0.14,0.51,-0.013,0.045,-0.006,0.041,53.83,36.55
"2024-12-05 19:30:00",10473,12.9,403,0,0.103,-0.02,0.48,-0.002,0.043,0.004,0.036,53.35,34.59
"2024-12-05 20:00:00",10474,12.9,403,0,0.08,-0.06,0.42,-0.007,0.037,0.004,0.038,52.03,35.16
"2024-12-05 20:30:00",10475,12.89,403,0,0.064,-0.09,0.38,-0.009,0.034,-0.002,0.032,53.32,35.78
"2024-12-05 21:00:00",10476,12.89,403,0,0.05,-0.12,0.35,-0.011,0.031,-0.004,0.033,53.14,35.2
"2024-12-05 21:30:00",10477,12.88,403,0,0.05,-0.12,0.35,-0.011,0.031,-0.002,0.031,51.21,34.9
"2024-12-05 22:00:00",10478,12.88,403,0,0.039,-0.14,0.32,-0.013,0.029,-0.004,0.029,51.88,35.83
"2024-12-05 22:30:00",10479,12.87,403,0,0.034,-0.14,0.3,-0.013,0.026,-0.004,0.027,52.35,33.84
"2024-12-05 23:00:00",10480,12.88,403,0,0.022,-0.24,0.35,-0.022,0.031,-0.011,0.034,50.57,34.92
"2024-12-05 23:30:00",10481,12.87,403,0,0.046,-0.11,0.32,-0.011,0.029,-0.006,0.029,51.27,35.47
"2024-12-06 00:00:00",10482,12.87,403,0,0.016,-0.19,0.27,-0.018,0.023,-0.011,0.029,53.31,33.31
"2024-12-06 00:30:00",10483,12.87,403,0,0.009,-0.19,0.24,-0.018,0.021,-0.008,0.025,53.11,34.76
"2024-12-06 01:00:00",10484,12.86,403,0,0.039,-0.11,0.29,-0.011,0.026,-0.004,0.029,51.54,34.51
"2024-12-06 01:30:00",10485,12.87,403,0,0.032,-0.14,0.29,-0.013,0.026,-0.004,0.03,53.32,34.81
"2024-12-06 02:00:00",10486,12.87,403,0,0.009,-0.16,0.21,-0.015,0.018,-0.004,0.027,52.19,35.32
"2024-12-06 02:30:00",10487,12.87,403,0,0.016,-0.16,0.24,-0.015,0.021,-0.011,0.023,52.5,34.96
"2024-12-06 03:00:00",10488,12.87,403,0,0.016,-0.19,0.27,-0.018,0.023,-0.008,0.025,51.94,34.4
"2024-12-06 03:30:00",10489,12.86,403,0,0.009,-0.19,0.24,-0.018,0.021,-0.008,0.025,50.91,34.19
"2024-12-06 04:00:00",10490,12.87,403,0,0.016,-0.19,0.27,-0.018,0.023,-0.011,0.025,52.58,34.89
"2024-12-06 04:30:00",10491,12.86,403,0,0.023,-0.16,0.27,-0.015,0.023,-0.008,0.025,52.03,35.31
"2024-12-06 05:00:00",10492,12.87,403,0,0.007,-0.16,0.2,-0.015,0.018,-0.006,0.023,52.09,35.07
"2024-12-06 05:30:00",10493,12.87,403,0,0.032,-0.14,0.29,-0.013,0.026,-0.002,0.029,53.2,33.88
"2024-12-06 06:00:00",10494,12.87,403,0,0.009,-0.19,0.24,-0.018,0.021,-0.006,0.023,52.02,35.97
"2024-12-06 06:30:00",10495,12.87,403,0,0.016,-0.16,0.24,-0.015,0.021,-0.008,0.027,52.69,34.59
"2024-12-06 07:00:00",10496,12.87,403,0,0.023,-0.16,0.27,-0.015,0.024,-0.004,0.027,51.96,34.28
"2024-12-06 07:30:00",10497,12.87,403,0,0.002,-0.19,0.21,-0.018,0.018,-0.006,0.025,51.68,34.81
"2024-12-06 08:00:00",10498,12.87,403,0,0,-0.19,0.2,-0.017,0.018,-0.008,0.025,52.97,34.46
"2024-12-06 08:30:00",10499,12.87,403,0,0.009,-0.18,0.23,-0.017,0.021,-0.01,0.025,53.62,34.7
"2024-12-06 09:00:00",10500,12.88,403,0,-0.132,-0.75,0.19,-0.067,0.017,-0.049,0.024,51.88,35.26
"2024-12-06 09:30:00",10501,12.88,403,0,0.052,-0.16,0.4,-0.015,0.035,-0.006,0.035,53.19,35.48
"2024-12-06 10:00:00",10502,12.89,403,0,0.146,0.1,0.55,0.009,0.048,0.015,0.042,53.21,35.09
"2024-12-06 10:30:00",10503,12.89,403,0,0.13,-0.19,0.78,-0.018,0.069,-0.01,0.057,55.44,35.69
"2024-12-06 11:00:00",10504,12.9,403,0,0.298,0.35,0.97,0.031,0.086,0.032,0.069,52.68,35.13
"2024-12-06 11:30:00",10505,12.91,403,0,0.331,0.29,1.18,0.026,0.104,0.025,0.078,54.88,34.57
"2024-12-06 12:00:00",10506,12.91,403,0,0.353,0.21,1.36,0.018,0.12,0.02,0.089,55.93,35.38
"2024-12-06 12:30:00",10507,12.92,403,0,0.424,0.39,1.49,0.034,0.132,0.035,0.098,53.13,35.02
"2024-12-06 13:00:00",10508,12.92,403,0,0.424,0.42,1.46,0.037,0.129,0.036,0.09,54.19,35.68
"2024-12-06 13:30:00",10509,12.93,403,0,0.377,0.22,1.46,0.02,0.129,0.027,0.093,52.92,36.04
"2024-12-06 14:00:00",10510,12.93,403,0,0.438,0.44,1.5,0.039,0.132,0.039,0.094,51.99,35.27
"2024-12-06 14:30:00",10511,12.92,403,0,0.441,0.55,1.4,0.049,0.124,0.047,0.091,53.87,35.77
"2024-12-06 15:00:00",10512,12.93,403,0,0.34,0.3,1.21,0.026,0.107,0.027,0.076,52.04,35.58
"2024-12-06 15:30:00",10513,12.92,403,0,0.242,0.1,0.98,0.009,0.087,0.015,0.066,51.23,35.17
"2024-12-06 16:00:00",10514,12.92,403,0,0.133,-0.14,0.74,-0.013,0.065,-0.002,0.055,51.95,35.07
"2024-12-06 16:30:00",10515,12.91,403,0,0.15,0.05,0.62,0.004,0.055,0.011,0.044,51.89,34.6
"2024-12-06 17:00:00",10516,12.91,403,0,0.102,-0.04,0.5,-0.004,0.044,0.004,0.04,52.25,34.3
"2024-12-06 17:30:00",10517,12.9,403,0,0.045,-0.14,0.35,-0.013,0.031,-0.004,0.029,51.88,34.85
"2024-12-06 18:00:00",10518,12.9,403,0,0.052,-0.14,0.38,-0.013,0.034,-0.004,0.034,52.59,34.5
"2024-12-06 18:30:00",10519,12.88,403,0,0.028,-0.14,0.27,-0.013,0.024,-0.004,0.029,52.3,34.6
"2024-12-06 19:00:00",10520,12.88,403,0,0.032,-0.14,0.29,-0.013,0.026,-0.004,0.027,51.72,34.85
"2024-12-06 19:30:00",10521,12.88,403,0,0.005,-0.21,0.24,-0.02,0.021,-0.011,0.025,52.1,34.82
"2024-12-06 20:00:00",10522,12.87,403,0,0.007,-0.17,0.21,-0.016,0.018,-0.006,0.023,52.13,34.59
"2024-12-06 20:30:00",10523,12.87,403,0,0.009,-0.19,0.24,-0.018,0.021,-0.011,0.023,52.23,34.54
"2024-12-06 21:00:00",10524,12.86,403,0,0,-0.17,0.18,-0.016,0.016,-0.004,0.021,52.54,34.44
"2024-12-06 21:30:00",10525,12.86,403,0,0.002,-0.19,0.21,-0.018,0.018,-0.006,0.023,52.59,34.65
"2024-12-06 22:00:00",10526,12.86,403,0,-0.003,-0.19,0.18,-0.018,0.016,-0.009,0.019,50.91,35.11
"2024-12-06 22:30:00",10527,12.86,403,0,-0.003,-0.19,0.18,-0.018,0.016,-0.004,0.019,52.27,34.18
"2024-12-06 23:00:00",10528,12.86,403,0,-0.01,-0.22,0.18,-0.02,0.016,-0.013,0.021,52.53,33.62
"2024-12-06 23:30:00",10529,12.85,403,0,-0.003,-0.19,0.18,-0.018,0.016,-0.009,0.023,52.5,34.96
"2024-12-07 00:00:00",10530,12.85,403,0,-0.003,-0.19,0.18,-0.018,0.016,-0.009,0.023,52.45,34.76
"2024-12-07 00:30:00",10531,12.85,403,0,-0.017,-0.19,0.12,-0.018,0.011,-0.011,0.019,51.85,34.56
"2024-12-07 01:00:00",10532,12.85,403,0,-0.01,-0.19,0.15,-0.018,0.013,-0.011,0.019,52.16,34.61
"2024-12-07 01:30:00",10533,12.85,403,0,-0.022,-0.27,0.18,-0.024,0.016,-0.013,0.021,52.33,34.08
"2024-12-07 02:00:00",10534,12.85,403,0,-0.003,-0.19,0.18,-0.018,0.016,-0.011,0.021,52.66,34.71
"2024-12-07 02:30:00",10535,12.85,403,0,-0.022,-0.24,0.15,-0.022,0.013,-0.011,0.019,52.7,33.94
"2024-12-07 03:00:00",10536,12.85,403,0,-0.017,-0.19,0.12,-0.018,0.01,-0.011,0.019,52.34,33.83
"2024-12-07 03:30:00",10537,12.85,403,0,-0.01,-0.19,0.15,-0.018,0.013,-0.009,0.019,52.72,34.62
"2024-12-07 04:00:00",10538,12.84,403,0,-0.017,-0.22,0.15,-0.02,0.013,-0.011,0.019,51.22,34.91
"2024-12-07 04:30:00",10539,12.85,403,0,-0.01,-0.19,0.15,-0.018,0.013,-0.011,0.017,52.51,34.4
"2024-12-07 05:00:00",10540,12.85,403,0,-0.015,-0.24,0.18,-0.022,0.016,-0.013,0.019,52.37,34.11
"2024-12-07 05:30:00",10541,12.85,403,0,-0.015,-0.21,0.15,-0.019,0.013,-0.01,0.017,52.2,33.94
"2024-12-07 06:00:00",10542,12.85,403,0,0.007,-0.17,0.21,-0.016,0.018,-0.011,0.021,52.78,34.42
"2024-12-07 06:30:00",10543,12.85,403,0,0.002,-0.19,0.21,-0.018,0.018,-0.009,0.021,52.68,33.91
"2024-12-07 07:00:00",10544,12.85,403,0,0.014,-0.17,0.24,-0.016,0.021,-0.004,0.021,51.49,35.17
"2024-12-07 07:30:00",10545,12.85,403,0,0.014,-0.17,0.24,-0.016,0.021,-0.006,0.023,52.66,34.15
"2024-12-07 08:00:00",10546,12.85,403,0,0.002,-0.21,0.23,-0.019,0.021,-0.01,0.025,54.05,34.97
"2024-12-07 08:30:00",10547,12.85,403,0,0.011,-0.26,0.32,-0.024,0.028,-0.013,0.027,52.51,34.82
"2024-12-07 09:00:00",10548,12.86,403,0,-0.103,-0.79,0.36,-0.071,0.031,-0.053,0.035,53.54,36
"2024-12-07 09:30:00",10549,12.85,403,0,0.161,-0.01,0.73,-0.002,0.065,0.004,0.054,53.49,35.64
"2024-12-07 10:00:00",10550,12.87,403,0,0.365,0.34,1.28,0.03,0.113,0.031,0.085,53.34,36.62
"2024-12-07 10:30:00",10551,12.87,403,0,0.475,0.32,1.79,0.029,0.158,0.03,0.115,54.99,36.72
"2024-12-07 11:00:00",10552,12.88,403,0,0.672,0.85,2.12,0.076,0.188,0.067,0.137,54.63,37.18
"2024-12-07 11:30:00",10553,12.89,403,0,0.675,0.73,2.26,0.064,0.2,0.06,0.146,53.81,37.34
"2024-12-07 12:00:00",10554,12.9,403,0,0.847,0.94,2.81,0.083,0.249,0.076,0.174,54.64,36.93
"2024-12-07 12:30:00",10555,12.91,403,0,0.956,1.04,3.19,0.092,0.282,0.082,0.195,54.39,36.68
"2024-12-07 13:00:00",10556,12.92,403,0,0.974,1.07,3.24,0.095,0.287,0.086,0.196,53.5,37.18
"2024-12-07 13:30:00",10557,12.92,403,0,0.969,1.02,3.27,0.09,0.289,0.082,0.196,53.32,36.99
"2024-12-07 14:00:00",10558,12.92,403,0,0.969,1.05,3.24,0.093,0.287,0.086,0.193,53.98,37.34
"2024-12-07 14:30:00",10559,12.92,403,0,0.892,0.98,2.97,0.087,0.263,0.079,0.182,54.18,37.03
"2024-12-07 15:00:00",10560,12.91,403,0,0.817,0.86,2.76,0.076,0.244,0.072,0.167,53.31,36.99
"2024-12-07 15:30:00",10561,12.91,403,0,0.772,0.75,2.67,0.066,0.237,0.059,0.163,53.49,36.46
"2024-12-07 16:00:00",10562,12.91,403,0,0.74,0.74,2.54,0.066,0.225,0.063,0.152,52.48,36.41
"2024-12-07 16:30:00",10563,12.9,403,0,0.632,0.65,2.15,0.057,0.191,0.052,0.131,52.52,35.64
"2024-12-07 17:00:00",10564,12.9,403,0,0.402,0.26,1.53,0.023,0.135,0.024,0.097,52.26,35.38
"2024-12-07 17:30:00",10565,12.89,403,0,0.238,0.13,0.93,0.011,0.082,0.017,0.062,51.75,34.87
"2024-12-07 18:00:00",10566,12.88,403,0,0.132,0.02,0.57,0.002,0.05,0.008,0.044,51.84,34.56
"2024-12-07 18:30:00",10567,12.87,403,0,0.098,-0.04,0.48,-0.004,0.042,0.004,0.038,51.75,35.29
"2024-12-07 19:00:00",10568,12.86,403,0,0.068,-0.14,0.45,-0.013,0.039,-0.004,0.036,51.77,34.63
"2024-12-07 19:30:00",10569,12.86,403,0,0.046,-0.12,0.33,-0.011,0.029,0,0.03,51.31,34.98
"2024-12-07 20:00:00",10570,12.85,403,0,0.055,-0.11,0.36,-0.011,0.031,-0.004,0.03,51.55,34.82
"2024-12-07 20:30:00",10571,12.85,403,0,0.023,-0.18,0.29,-0.017,0.026,-0.01,0.027,54.46,34.87
"2024-12-07 21:00:00",10572,12.85,403,0,0.009,-0.21,0.26,-0.019,0.023,-0.01,0.025,54.33,34.57
"2024-12-07 21:30:00",10573,12.84,403,0,0.002,-0.21,0.23,-0.02,0.021,-0.008,0.023,52.74,34.37
"2024-12-07 22:00:00",10574,12.85,403,0,0.022,-0.21,0.32,-0.02,0.028,-0.011,0.029,52.75,34.89
"2024-12-07 22:30:00",10575,12.84,403,0,0.021,-0.16,0.26,-0.015,0.023,-0.008,0.025,53.47,34.53
"2024-12-07 23:00:00",10576,12.84,403,0,0.002,-0.21,0.23,-0.02,0.021,-0.013,0.025,51.23,34.74
"2024-12-07 23:30:00",10577,12.85,403,0,0.016,-0.21,0.29,-0.019,0.026,-0.01,0.027,53.49,35.11
"2024-12-08 00:00:00",10578,12.85,403,0,0.011,-0.23,0.29,-0.022,0.026,-0.012,0.027,53.33,34.39
"2024-12-08 00:30:00",10579,12.86,403,0,0.027,-0.19,0.32,-0.017,0.028,-0.01,0.029,52.26,34.54
"2024-12-08 01:00:00",10580,12.86,403,0,0.05,-0.14,0.37,-0.013,0.033,-0.004,0.029,53,34.88
"2024-12-08 01:30:00",10581,12.86,403,0,0.031,-0.23,0.38,-0.022,0.033,-0.012,0.031,52.39,34.27
"2024-12-08 02:00:00",10582,12.85,403,0,0.054,-0.16,0.41,-0.015,0.036,-0.006,0.031,53.21,34.84
"2024-12-08 02:30:00",10583,12.86,403,0,0.054,-0.16,0.41,-0.015,0.036,-0.006,0.033,53.37,34.59
"2024-12-08 03:00:00",10584,12.85,403,0,0.066,-0.11,0.41,-0.011,0.036,-0.004,0.035,51.8,35.33
"2024-12-08 03:30:00",10585,12.86,403,0,0.047,-0.19,0.41,-0.018,0.036,-0.008,0.035,53.56,35.03
"2024-12-08 04:00:00",10586,12.85,403,0,0.047,-0.16,0.38,-0.015,0.033,-0.006,0.033,52.63,35.33
"2024-12-08 04:30:00",10587,12.85,403,0,0.054,-0.19,0.44,-0.017,0.039,-0.008,0.036,52.36,34.92
"2024-12-08 05:00:00",10588,12.86,403,0,0.07,-0.14,0.46,-0.013,0.041,-0.004,0.035,52,35.12
"2024-12-08 05:30:00",10589,12.86,403,0,0.091,-0.06,0.47,-0.007,0.041,0,0.04,52.31,35.02
"2024-12-08 06:00:00",10590,12.85,403,0,0.084,-0.11,0.49,-0.011,0.044,-0.002,0.04,52.38,35.09
"2024-12-08 06:30:00",10591,12.85,403,0,0.111,-0.06,0.56,-0.007,0.049,0,0.042,52.12,35.24
"2024-12-08 07:00:00",10592,12.85,403,0,0.095,-0.09,0.52,-0.009,0.046,-0.002,0.042,51.45,35.39
"2024-12-08 07:30:00",10593,12.85,403,0,0.12,-0.04,0.58,-0.004,0.051,0.002,0.044,53.65,34.72
"2024-12-08 08:00:00",10594,12.85,403,0,0.146,-0.09,0.75,-0.009,0.066,-0.002,0.054,53.16,34.63
"2024-12-08 08:30:00",10595,12.85,403,0,0.303,0.12,1.23,0.011,0.109,0.015,0.081,53.72,35.34
"2024-12-08 09:00:00",10596,12.85,403,0,0.455,-0.01,2.05,-0.002,0.182,0.006,0.134,55.42,37.71
"2024-12-08 09:30:00",10597,12.85,403,0,1.01,1.1,3.37,0.097,0.298,0.089,0.207,53.58,37.51
"2024-12-08 10:00:00",10598,12.86,403,0,1.15,1.26,3.83,0.112,0.339,0.101,0.239,53.79,37.97
"2024-12-08 10:30:00",10599,12.87,403,0,1.22,1.35,4.05,0.12,0.359,0.112,0.252,55.84,37.72
"2024-12-08 11:00:00",10600,12.88,403,0,1.371,1.66,4.4,0.147,0.389,0.129,0.276,55.46,38.98
"2024-12-08 11:30:00",10601,12.88,403,0,1.549,1.84,5.01,0.163,0.444,0.149,0.309,55.89,38.59
"2024-12-08 12:00:00",10602,12.89,403,0,1.711,1.97,5.6,0.174,0.495,0.154,0.338,56.44,38.32
"2024-12-08 12:30:00",10603,12.9,403,0,1.822,2.1,5.96,0.186,0.528,0.167,0.364,56.61,39.46
"2024-12-08 13:00:00",10604,12.91,403,0,1.931,2.25,6.29,0.2,0.557,0.179,0.381,55.62,38.99
"2024-12-08 13:30:00",10605,12.91,403,0,2.032,2.36,6.63,0.209,0.587,0.187,0.395,55.69,39.2
"2024-12-08 14:00:00",10606,12.91,403,0,1.953,2.28,6.36,0.202,0.563,0.177,0.385,56.95,39.24
"2024-12-08 14:30:00",10607,12.92,403,0,1.872,2.21,6.07,0.196,0.537,0.174,0.365,55.35,39.03
"2024-12-08 15:00:00",10608,12.91,403,0,1.739,2.05,5.64,0.182,0.499,0.165,0.336,54.99,39.33
"2024-12-08 15:30:00",10609,12.91,403,0,1.471,1.62,4.89,0.144,0.433,0.127,0.29,54.64,38.16
"2024-12-08 16:00:00",10610,12.91,403,0,1.219,1.44,3.95,0.128,0.35,0.113,0.237,54.27,37.78
"2024-12-08 16:30:00",10611,12.91,403,0,0.833,0.81,2.88,0.072,0.255,0.069,0.174,53.06,37.4
"2024-12-08 17:00:00",10612,12.89,403,0,0.537,0.48,1.9,0.043,0.168,0.041,0.115,52.24,36.17
"2024-12-08 17:30:00",10613,12.89,403,0,0.361,0.33,1.27,0.029,0.112,0.032,0.079,53,35.29
"2024-12-08 18:00:00",10614,12.88,403,0,0.235,0.05,1,0.005,0.088,0.011,0.064,51.41,34.68
"2024-12-08 18:30:00",10615,12.88,403,0,0.197,0,0.88,0,0.078,0.009,0.058,52.23,34.53
"2024-12-08 19:00:00",10616,12.87,403,0,0.144,-0.07,0.72,-0.007,0.064,0.002,0.049,52.65,35.1
"2024-12-08 19:30:00",10617,12.86,403,0,0.158,-0.07,0.78,-0.007,0.069,0.002,0.054,53.15,34.89
"2024-12-08 20:00:00",10618,12.86,403,0,0.12,-0.07,0.61,-0.007,0.054,0.002,0.045,52.53,35.65
"2024-12-08 20:30:00",10619,12.85,403,0,0.101,-0.15,0.61,-0.014,0.054,-0.004,0.043,51.71,34.98
"2024-12-08 21:00:00",10620,12.84,403,0,0.074,-0.17,0.51,-0.016,0.046,-0.004,0.041,51.88,34.99
"2024-12-08 21:30:00",10621,12.84,403,0,0.088,-0.14,0.54,-0.014,0.048,-0.004,0.039,51.35,34.73
"2024-12-08 22:00:00",10622,12.84,403,0,0.079,-0.12,0.48,-0.011,0.043,-0.004,0.039,52.63,34.93
"2024-12-08 22:30:00",10623,12.83,403,0,0.081,-0.14,0.51,-0.014,0.046,-0.007,0.041,52.32,34.62
"2024-12-08 23:00:00",10624,12.83,403,0,0.061,-0.17,0.45,-0.016,0.04,-0.009,0.035,52.58,34.47
"2024-12-08 23:30:00",10625,12.82,403,0,0.049,-0.2,0.43,-0.019,0.038,-0.009,0.035,51.8,34.77
"2024-12-09 00:00:00",10626,12.82,403,0,0.054,-0.17,0.42,-0.016,0.037,-0.004,0.032,51.91,35.85
"2024-12-09 00:30:00",10627,12.82,403,0,0.043,-0.2,0.4,-0.018,0.035,-0.009,0.032,52.21,34.66
"2024-12-09 01:00:00",10628,12.81,403,0,0.054,-0.17,0.42,-0.016,0.037,-0.009,0.034,53.02,34.66
"2024-12-09 01:30:00",10629,12.8,403,0,0.054,-0.17,0.42,-0.016,0.037,-0.009,0.032,52.78,35.33
"2024-12-09 02:00:00",10630,12.81,403,0,0.061,-0.17,0.45,-0.016,0.04,-0.007,0.035,51.6,34.56
"2024-12-09 02:30:00",10631,12.8,403,0,0.059,-0.12,0.39,-0.011,0.035,-0.002,0.032,52.06,34.77
"2024-12-09 03:00:00",10632,12.81,403,0,0.054,-0.17,0.42,-0.016,0.037,-0.007,0.035,52.88,34.36
"2024-12-09 03:30:00",10633,12.81,403,0,0.027,-0.2,0.33,-0.018,0.03,-0.009,0.028,51.45,34.57
"2024-12-09 04:00:00",10634,12.8,403,0,0.054,-0.17,0.42,-0.016,0.038,-0.009,0.033,51.98,34.94
"2024-12-09 04:30:00",10635,12.8,403,0,0.063,-0.14,0.43,-0.014,0.038,-0.004,0.033,52.27,35.14
"2024-12-09 05:00:00",10636,12.79,403,0,0.034,-0.17,0.33,-0.016,0.03,-0.007,0.03,52.32,34.47
"2024-12-09 05:30:00",10637,12.79,403,0,0.043,-0.19,0.39,-0.018,0.035,-0.009,0.03,53.26,34.73
"2024-12-09 06:00:00",10638,12.79,403,0,0.047,-0.17,0.39,-0.016,0.035,-0.006,0.032,52.33,34.88
"2024-12-09 06:30:00",10639,12.79,403,0,0.043,-0.19,0.39,-0.018,0.035,-0.009,0.032,52.42,34.31
"2024-12-09 07:00:00",10640,12.79,403,0,0.029,-0.22,0.36,-0.02,0.032,-0.011,0.028,52.73,34.06
"2024-12-09 07:30:00",10641,12.79,403,0,0.036,-0.19,0.36,-0.018,0.032,-0.009,0.03,52.63,34.93
"2024-12-09 08:00:00",10642,12.8,403,0,0.099,-0.11,0.56,-0.011,0.05,-0.004,0.041,53.82,35.44
"2024-12-09 08:30:00",10643,12.8,403,0,0.203,0,0.91,0,0.081,0.004,0.062,54.23,36.11
"2024-12-09 09:00:00",10644,12.8,403,0,0.335,0.17,1.32,0.015,0.117,0.017,0.086,54.54,36.42
"2024-12-09 09:30:00",10645,12.81,403,0,0.404,0.22,1.58,0.02,0.14,0.025,0.104,53.83,36.12
"2024-12-09 10:00:00",10646,12.81,403,0,0.474,0.26,1.85,0.023,0.164,0.027,0.118,55.21,35.87
"2024-12-09 10:30:00",10647,12.82,403,0,0.678,0.58,2.43,0.051,0.215,0.052,0.152,54.74,37.59
"2024-12-09 11:00:00",10648,12.82,403,0,1.083,1.1,3.7,0.098,0.328,0.087,0.228,55.32,37.2
"2024-12-09 11:30:00",10649,12.83,403,0,1.033,0.99,3.59,0.088,0.318,0.083,0.224,55.17,38.02
"2024-12-09 12:00:00",10650,12.83,403,0,0.962,0.99,3.27,0.088,0.289,0.08,0.2,53.23,37.15
"2024-12-09 12:30:00",10651,12.83,403,0,0.704,0.68,2.44,0.06,0.216,0.057,0.15,53.63,37.15
"2024-12-09 13:00:00",10652,12.82,403,0,0.507,0.48,1.77,0.042,0.157,0.045,0.112,54.39,36.12
"2024-12-09 13:30:00",10653,12.82,403,0,0.344,0.19,1.34,0.017,0.119,0.021,0.085,56.03,35.3
"2024-12-09 14:00:00",10654,12.83,403,0,0.388,0.2,1.53,0.018,0.135,0.021,0.098,54.39,35.6
"2024-12-09 14:30:00",10655,12.83,403,0,0.518,0.39,1.91,0.035,0.169,0.036,0.117,54.86,35.92
"2024-12-09 15:00:00",10656,12.83,403,0,0.587,0.61,1.99,0.054,0.176,0.052,0.126,53.73,36.43
"2024-12-09 15:30:00",10657,12.83,403,0,0.634,0.58,2.23,0.051,0.198,0.051,0.139,53.59,37.1
"2024-12-09 16:00:00",10658,12.83,403,0,0.699,0.64,2.46,0.056,0.218,0.054,0.152,53.53,36.64
"2024-12-09 16:30:00",10659,12.83,403,0,0.62,0.57,2.18,0.05,0.193,0.048,0.134,52.55,36.06
"2024-12-09 17:00:00",10660,12.83,403,0,0.443,0.34,1.63,0.03,0.145,0.031,0.106,51.78,36.12
"2024-12-09 17:30:00",10661,12.82,403,0,0.271,0.1,1.11,0.009,0.098,0.013,0.071,52.66,35.51
"2024-12-09 18:00:00",10662,12.82,403,0,0.158,-0.07,0.78,-0.007,0.069,0.002,0.058,52.46,35.31
"2024-12-09 18:30:00",10663,12.82,403,0,0.12,-0.09,0.63,-0.009,0.056,0,0.045,52.05,35.56
"2024-12-09 19:00:00",10664,12.81,403,0,0.081,-0.14,0.51,-0.014,0.045,-0.004,0.041,52.2,34.23
"2024-12-09 19:30:00",10665,12.81,403,0,0.086,-0.12,0.51,-0.011,0.045,-0.002,0.039,53.89,35.1
"2024-12-09 20:00:00",10666,12.81,403,0,0.074,-0.14,0.48,-0.013,0.042,-0.004,0.039,52.82,35.11
"2024-12-09 20:30:00",10667,12.8,403,0,0.054,-0.17,0.42,-0.016,0.037,-0.004,0.032,52.75,35.6
"2024-12-09 21:00:00",10668,12.8,403,0,0.041,-0.17,0.36,-0.016,0.032,-0.007,0.03,53.22,34.53
"2024-12-09 21:30:00",10669,12.8,403,0,0.043,-0.19,0.39,-0.018,0.035,-0.009,0.032,53.64,35.26
"2024-12-09 22:00:00",10670,12.8,403,0,0.04,-0.2,0.39,-0.018,0.035,-0.011,0.035,52.91,34.79
"2024-12-09 22:30:00",10671,12.8,403,0,0.041,-0.14,0.33,-0.014,0.029,-0.004,0.03,53.67,35.3
"2024-12-09 23:00:00",10672,12.8,403,0,0.041,-0.17,0.36,-0.016,0.032,-0.007,0.033,53.82,34.89
"2024-12-09 23:30:00",10673,12.79,403,0,0.034,-0.2,0.36,-0.018,0.032,-0.009,0.032,52.74,35.44
"2024-12-10 00:00:00",10674,12.79,403,0,0.015,-0.25,0.33,-0.023,0.029,-0.011,0.028,52.74,34.88
"2024-12-10 00:30:00",10675,12.79,403,0,0.034,-0.2,0.36,-0.018,0.032,-0.007,0.03,52.59,35.45
"2024-12-10 01:00:00",10676,12.78,403,0,0.02,-0.2,0.3,-0.018,0.027,-0.009,0.028,51.98,35.09
"2024-12-10 01:30:00",10677,12.78,403,0,0.02,-0.2,0.3,-0.018,0.027,-0.009,0.028,51.35,34.72
"2024-12-10 02:00:00",10678,12.78,403,0,0.02,-0.2,0.3,-0.018,0.027,-0.007,0.03,52.19,34.89
"2024-12-10 02:30:00",10679,12.78,403,0,0.027,-0.17,0.3,-0.016,0.027,-0.009,0.026,52.43,35.14
"2024-12-10 03:00:00",10680,12.78,403,0,0.021,-0.17,0.27,-0.016,0.024,-0.007,0.028,52.3,34.61
"2024-12-10 03:30:00",10681,12.77,403,0,0.023,-0.17,0.28,-0.016,0.024,-0.004,0.026,51.91,35.03
"2024-12-10 04:00:00",10682,12.77,403,0,0.007,-0.2,0.24,-0.018,0.021,-0.009,0.024,53.25,34.98
"2024-12-10 04:30:00",10683,12.77,403,0,0.021,-0.17,0.27,-0.016,0.024,-0.007,0.026,53.05,35.19
"2024-12-10 05:00:00",10684,12.77,403,0,0.007,-0.2,0.24,-0.018,0.021,-0.009,0.024,52.75,35.04
"2024-12-10 05:30:00",10685,12.76,403,0,0,-0.17,0.18,-0.016,0.016,-0.007,0.02,51.68,33.97
"2024-12-10 06:00:00",10686,12.76,403,0,-0.006,-0.23,0.21,-0.021,0.019,-0.011,0.022,52.09,34.38
"2024-12-10 06:30:00",10687,12.76,403,0,-0.031,-0.28,0.15,-0.025,0.014,-0.013,0.022,52.28,34.58
"2024-12-10 07:00:00",10688,12.76,403,0,-0.017,-0.25,0.18,-0.023,0.016,-0.011,0.022,52.44,34.32
"2024-12-10 07:30:00",10689,12.75,403,0,-0.01,-0.22,0.18,-0.021,0.016,-0.011,0.022,51.64,35.02
"2024-12-10 08:00:00",10690,12.75,403,0,-0.027,-0.29,0.18,-0.027,0.016,-0.017,0.02,53.37,35.1
"2024-12-10 08:30:00",10691,12.75,403,0,-0.03,-0.22,0.09,-0.02,0.008,-0.013,0.015,52.91,34.79
"2024-12-10 09:00:00",10692,12.75,403,0,-0.028,-0.24,0.12,-0.022,0.011,-0.013,0.017,53.61,35.5
"2024-12-10 09:30:00",10693,12.75,403,0,-0.047,-0.29,0.09,-0.027,0.008,-0.015,0.013,52.53,35.49
"2024-12-10 10:00:00",10694,12.76,403,0,-0.035,-0.24,0.09,-0.022,0.008,-0.015,0.013,53.88,34.69
"2024-12-10 10:30:00",10695,12.76,403,0,-0.06,-0.29,0.03,-0.027,0.003,-0.017,0.013,52.85,34.89
"2024-12-10 11:00:00",10696,12.76,403,0,-0.047,-0.29,0.09,-0.027,0.008,-0.017,0.015,53.52,34.99
"2024-12-10 11:30:00",10697,12.76,403,0,-0.049,-0.27,0.06,-0.025,0.005,-0.013,0.015,53.72,34.63
"2024-12-10 12:00:00",10698,12.77,403,0,-0.063,-0.39,0.12,-0.036,0.01,-0.022,0.015,52.52,35.62
"2024-12-10 12:30:00",10699,12.77,403,0,-0.022,-0.27,0.18,-0.025,0.016,-0.015,0.017,53.15,35.45
"2024-12-10 13:00:00",10700,12.77,403,0,0.021,-0.17,0.27,-0.016,0.024,-0.007,0.024,53.07,34.95
"2024-12-10 13:30:00",10701,12.77,403,0,0.029,-0.19,0.33,-0.018,0.029,-0.011,0.028,53.57,35.2
"2024-12-10 14:00:00",10702,12.77,403,0,0.072,-0.14,0.47,-0.013,0.042,-0.004,0.039,53.73,35.2
"2024-12-10 14:30:00",10703,12.77,403,0,0.161,-0.02,0.74,-0.002,0.066,0.006,0.054,53.03,35.57
"2024-12-10 15:00:00",10704,12.77,403,0,0.283,0.15,1.11,0.013,0.098,0.017,0.071,53.6,35.88
"2024-12-10 15:30:00",10705,12.77,403,0,0.303,0.15,1.2,0.014,0.106,0.02,0.08,53.69,35.57
"2024-12-10 16:00:00",10706,12.77,403,0,0.208,0.03,0.9,0.002,0.08,0.009,0.063,52.83,35.52
"2024-12-10 16:30:00",10707,12.77,403,0,0.113,-0.09,0.6,-0.009,0.053,0.002,0.045,53.22,35.25
"2024-12-10 17:00:00",10708,12.77,403,0,0.079,-0.12,0.48,-0.011,0.043,-0.004,0.039,52.21,34.75
"2024-12-10 17:30:00",10709,12.77,403,0,0.071,-0.07,0.39,-0.007,0.034,0,0.032,53.38,34.85
"2024-12-10 18:00:00",10710,12.77,403,0,0.009,-0.25,0.3,-0.023,0.026,-0.009,0.026,53.28,35.97
"2024-12-10 18:30:00",10711,12.77,403,0,0.023,-0.16,0.27,-0.015,0.023,-0.006,0.026,54.61,34.85
"2024-12-10 19:00:00",10712,12.77,403,0,-0.015,-0.27,0.21,-0.025,0.018,-0.013,0.022,53.79,35.67
"2024-12-10 19:30:00",10713,12.76,403,0,-0.01,-0.22,0.18,-0.02,0.016,-0.006,0.019,54.26,35.31
"2024-12-10 20:00:00",10714,12.77,403,0,-0.022,-0.27,0.18,-0.024,0.016,-0.015,0.019,54.29,35.1
"2024-12-10 20:30:00",10715,12.76,403,0,0.007,-0.14,0.18,-0.014,0.016,-0.007,0.019,53.04,36.29
"2024-12-10 21:00:00",10716,12.77,403,0,-0.042,-0.3,0.12,-0.027,0.011,-0.02,0.015,52.36,34.49
"2024-12-10 21:30:00",10717,12.77,403,0,-0.114,-0.49,0,-0.044,0,-0.029,0.011,53.19,35.21
"2024-12-10 22:00:00",10718,12.76,403,0,-0.005,-0.14,0.12,-0.013,0.011,-0.006,0.015,54.19,34.84
"2024-12-10 22:30:00",10719,12.76,403,0,-0.072,-0.4,0.09,-0.037,0.008,-0.022,0.015,53.23,35.26
"2024-12-10 23:00:00",10720,12.76,403,0,-0.038,-0.28,0.12,-0.025,0.011,-0.02,0.015,53.89,35.36
"2024-12-10 23:30:00",10721,12.77,403,0,0.001,-0.14,0.15,-0.014,0.013,-0.004,0.02,53.61,34.25
"2024-12-11 00:00:00",10722,12.77,403,0,-0.035,-0.27,0.12,-0.025,0.011,-0.013,0.017,52.06,35.73
"2024-12-11 00:30:00",10723,12.77,403,0,-0.005,-0.17,0.15,-0.016,0.013,-0.009,0.017,53.45,35.06
"2024-12-11 01:00:00",10724,12.76,403,0,0.006,-0.09,0.12,-0.009,0.011,-0.002,0.017,54.13,35.43
"2024-12-11 01:30:00",10725,12.76,403,0,-0.042,-0.3,0.12,-0.028,0.011,-0.013,0.017,52.32,35.01
"2024-12-11 02:00:00",10726,12.76,403,0,-0.052,-0.34,0.12,-0.031,0.01,-0.019,0.017,53.65,35.11
"2024-12-11 02:30:00",10727,12.76,403,0,-0.03,-0.22,0.09,-0.02,0.008,-0.013,0.017,55.81,35.63
"2024-12-11 03:00:00",10728,12.76,403,0,-0.03,-0.22,0.09,-0.02,0.008,-0.011,0.015,54.16,34.39
"2024-12-11 03:30:00",10729,12.76,403,0,-0.038,-0.31,0.15,-0.028,0.013,-0.016,0.017,54.57,35.06
"2024-12-11 04:00:00",10730,12.76,403,0,0.005,-0.15,0.18,-0.014,0.016,-0.004,0.02,52.65,34.77
"2024-12-11 04:30:00",10731,12.76,403,0,-0.068,-0.44,0.15,-0.04,0.013,-0.023,0.022,52.17,35.12
"2024-12-11 05:00:00",10732,12.76,403,0,-0.01,-0.22,0.18,-0.02,0.016,-0.007,0.022,54.18,35.64
"2024-12-11 05:30:00",10733,12.76,403,0,0.033,-0.09,0.24,-0.009,0.021,0,0.024,55.52,35.49
"2024-12-11 06:00:00",10734,12.76,403,0,-0.006,-0.23,0.21,-0.021,0.019,-0.009,0.022,54.01,35.47
"2024-12-11 06:30:00",10735,12.76,403,0,0.039,-0.09,0.27,-0.009,0.024,0,0.026,55.13,34.7
"2024-12-11 07:00:00",10736,12.76,403,0,0.03,-0.1,0.24,-0.009,0.022,0.004,0.026,50.99,34.25
"2024-12-11 07:30:00",10737,12.75,403,0,0.012,-0.15,0.21,-0.014,0.019,0,0.026,53.23,34.69
"2024-12-11 08:00:00",10738,12.75,403,0,0.044,-0.07,0.27,-0.007,0.024,0.004,0.031,53.76,35.22
"2024-12-11 08:30:00",10739,12.75,403,0,0.096,-0.02,0.45,-0.002,0.04,0.007,0.035,53.78,34.67
"2024-12-11 09:00:00",10740,12.75,403,0,0.143,0,0.64,0,0.056,0.007,0.053,52.38,34.66
"2024-12-11 09:30:00",10741,12.75,403,0,0.206,0.1,0.82,0.009,0.073,0.016,0.062,54.4,36.28
"2024-12-11 10:00:00",10742,12.75,403,0,0.183,-0.02,0.84,-0.002,0.075,0.011,0.068,52.87,36.64
"2024-12-11 10:30:00",10743,12.75,403,0,0.251,0.11,1.01,0.009,0.09,0.018,0.077,54.28,36.56
"2024-12-11 11:00:00",10744,12.75,403,0,0.186,0.08,0.75,0.007,0.067,0.02,0.057,53.15,34.76
"2024-12-11 11:30:00",10745,12.75,403,0,0.137,-0.15,0.77,-0.015,0.068,0.005,0.06,51.3,35.22
"2024-12-11 12:00:00",10746,12.74,403,0,0.125,0.03,0.53,0.002,0.047,0.011,0.047,53.09,34.4
"2024-12-11 12:30:00",10747,12.74,403,0,0.1,-0.02,0.47,-0.002,0.041,0.009,0.045,51.05,35.53
"2024-12-11 13:00:00",10748,12.74,403,0,0.08,-0.07,0.43,-0.007,0.038,0.004,0.04,53.13,35.42
"2024-12-11 13:30:00",10749,12.74,403,0,0.073,-0.07,0.4,-0.007,0.036,0.007,0.038,51.44,34.14
"2024-12-11 14:00:00",10750,12.73,403,0,0.073,-0.07,0.4,-0.007,0.036,0.005,0.04,52.77,35.05
"2024-12-11 14:30:00",10751,12.73,403,0,0.066,-0.1,0.4,-0.01,0.036,0.002,0.038,53.24,34.86
"2024-12-11 15:00:00",10752,12.73,403,0,0.08,-0.04,0.4,-0.005,0.036,0.009,0.038,52.38,34.5
"2024-12-11 15:30:00",10753,12.73,403,0,0.066,-0.07,0.37,-0.007,0.033,0.002,0.038,52.43,35.12
"2024-12-11 16:00:00",10754,12.72,403,0,0.059,-0.1,0.37,-0.009,0.033,0.004,0.036,54.13,33.95
"2024-12-11 16:30:00",10755,12.72,403,0,0.053,-0.1,0.34,-0.009,0.03,0.004,0.036,53.4,35.53
"2024-12-11 17:00:00",10756,12.72,403,0,0.017,-0.34,0.43,-0.031,0.038,0.005,0.044,47.77,35.22
"2024-12-11 17:30:00",10757,12.72,403,0,0.157,0.11,0.59,0.01,0.052,0.021,0.046,53.54,34.86
"2024-12-11 18:00:00",10758,12.71,403,0,0.157,0.11,0.59,0.01,0.052,0.021,0.048,53.16,34.36
"2024-12-11 18:30:00",10759,12.7,403,0,0.123,0,0.55,0,0.049,0.012,0.045,52.78,34.09
"2024-12-11 19:00:00",10760,12.69,403,0,0.132,0.03,0.56,0.003,0.049,0.016,0.039,52.98,33.47
"2024-12-11 19:30:00",10761,12.69,403,0,0.118,0,0.53,0,0.046,0.014,0.043,53.29,34.9
"2024-12-11 20:00:00",10762,12.68,403,0,0.121,0.03,0.51,0.002,0.045,0.016,0.045,51.9,34.19
"2024-12-11 20:30:00",10763,12.67,403,0,0.124,0.08,0.47,0.007,0.042,0.018,0.04,52.15,35
"2024-12-11 21:00:00",10764,12.66,403,0,0.101,0.03,0.42,0.003,0.037,0.012,0.039,50.37,34.29
"2024-12-11 21:30:00",10765,12.66,403,0,0.077,-0.07,0.42,-0.007,0.037,0.007,0.036,53.38,34.44
"2024-12-11 22:00:00",10766,12.66,403,0,0.063,-0.13,0.42,-0.012,0.037,0.007,0.039,49.84,34.18
"2024-12-11 22:30:00",10767,12.66,403,0,0.036,-0.19,0.36,-0.017,0.031,-0.002,0.036,52.96,33.61
"2024-12-11 23:00:00",10768,12.65,403,0,0.108,0.03,0.45,0.002,0.04,0.011,0.039,52.73,33.54
"2024-12-11 23:30:00",10769,12.65,403,0,0.107,0,0.48,0,0.043,0.012,0.043,52.7,35.15
"2024-12-12 00:00:00",10770,12.64,403,0,0.092,0,0.41,0,0.037,0.011,0.038,53.11,35.65
"2024-12-12 00:30:00",10771,12.64,403,0,0.089,-0.05,0.45,-0.005,0.04,0.007,0.045,52.42,34.46
"2024-12-12 01:00:00",10772,12.64,403,0,0.056,-0.16,0.42,-0.015,0.037,0.002,0.041,51.45,34.97
"2024-12-12 01:30:00",10773,12.64,403,0,0.108,0.03,0.45,0.002,0.039,0.009,0.038,51.05,34.73
"2024-12-12 02:00:00",10774,12.64,403,0,0.091,-0.04,0.45,-0.005,0.04,0.007,0.043,50.8,34.89
"2024-12-12 02:30:00",10775,12.63,403,0,0.13,0.08,0.5,0.007,0.045,0.014,0.04,52.54,34.99
"2024-12-12 03:00:00",10776,12.62,403,0,0.105,0,0.47,0,0.042,0.007,0.043,52.24,34.79
"2024-12-12 03:30:00",10777,12.63,403,0,0.096,-0.04,0.47,-0.005,0.042,0.007,0.041,53.09,35.8
"2024-12-12 04:00:00",10778,12.63,403,0,0.089,-0.07,0.47,-0.007,0.042,0.007,0.045,52.53,35.39
"2024-12-12 04:30:00",10779,12.62,403,0,0.112,0,0.5,0,0.045,0.011,0.047,52.7,34.58
"2024-12-12 05:00:00",10780,12.63,403,0,0.128,0.03,0.54,0.002,0.047,0.014,0.045,53.31,34.53
"2024-12-12 05:30:00",10781,12.61,403,0,0.128,0.06,0.51,0.005,0.045,0.014,0.048,53.01,34.89
"2024-12-12 06:00:00",10782,12.62,403,0,0.114,0,0.51,0,0.045,0.011,0.045,51.61,34.57
"2024-12-12 06:30:00",10783,12.61,403,0,0.124,0.08,0.47,0.007,0.042,0.016,0.045,53.44,34.77
"2024-12-12 07:00:00",10784,12.61,403,0,0.11,0.05,0.44,0.005,0.039,0.011,0.043,52.73,34.37
"2024-12-12 07:30:00",10785,12.61,403,0,0.098,0,0.44,0,0.039,0.009,0.043,53.15,35.03
"2024-12-12 08:00:00",10786,12.6,403,0,0.132,0.03,0.56,0.002,0.05,0.009,0.047,53.03,34.77
"2024-12-12 08:30:00",10787,12.61,403,0,0.238,0.16,0.9,0.014,0.08,0.02,0.072,52.53,35.65
"2024-12-12 09:00:00",10788,12.6,403,0,0.28,-0.14,1.4,-0.013,0.124,0.002,0.097,54.17,37.28
"2024-12-12 09:30:00",10789,12.62,403,0,0.591,0.52,2.1,0.046,0.186,0.047,0.141,53.64,37.15
"2024-12-12 10:00:00",10790,12.62,403,0,0.9,1.06,2.92,0.094,0.259,0.09,0.187,54.79,37.73
"2024-12-12 10:30:00",10791,12.62,403,0,1.08,1.39,3.38,0.123,0.299,0.11,0.21,55.96,38.24
"2024-12-12 11:00:00",10792,12.63,403,0,1.116,1.47,3.46,0.13,0.306,0.121,0.223,55.82,38.09
"2024-12-12 11:30:00",10793,12.63,403,0,1.169,1.42,3.75,0.126,0.332,0.114,0.239,55.88,38.56
"2024-12-12 12:00:00",10794,12.63,403,0,1.298,1.57,4.17,0.139,0.369,0.128,0.258,54.82,37.1
"2024-12-12 12:30:00",10795,12.63,403,0,1.338,1.54,4.38,0.136,0.387,0.126,0.273,53.18,38.08
"2024-12-12 13:00:00",10796,12.64,403,0,1.438,1.71,4.65,0.151,0.411,0.141,0.286,55.23,37.92
"2024-12-12 13:30:00",10797,12.64,403,0,1.527,1.83,4.92,0.162,0.436,0.146,0.299,55.18,38.12
"2024-12-12 14:00:00",10798,12.64,403,0,1.58,1.84,5.15,0.163,0.456,0.147,0.315,53.34,37.67
"2024-12-12 14:30:00",10799,12.64,403,0,1.64,2,5.25,0.177,0.465,0.159,0.319,54.11,37.36
"2024-12-12 15:00:00",10800,12.63,403,0,1.694,2.04,5.45,0.18,0.482,0.164,0.331,54.05,39.2
"2024-12-12 15:30:00",10801,12.64,403,0,1.678,1.99,5.43,0.176,0.48,0.162,0.33,53.83,38.16
"2024-12-12 16:00:00",10802,12.64,403,0,1.572,1.89,5.06,0.167,0.448,0.153,0.307,54.04,37.56
"2024-12-12 16:30:00",10803,12.62,403,0,1.424,1.67,4.63,0.148,0.41,0.134,0.283,54.51,37.62
"2024-12-12 17:00:00",10804,12.62,403,0,1.243,1.45,4.05,0.129,0.359,0.119,0.25,54.19,36.88
"2024-12-12 17:30:00",10805,12.61,403,0,1.031,1.19,3.37,0.105,0.298,0.101,0.21,53.53,36.07
"2024-12-12 18:00:00",10806,12.61,403,0,0.829,0.91,2.76,0.08,0.245,0.077,0.178,53.11,36.07
"2024-12-12 18:30:00",10807,12.6,403,0,0.723,0.81,2.39,0.071,0.211,0.071,0.156,53.35,35.65
"2024-12-12 19:00:00",10808,12.61,403,0,0.646,0.7,2.16,0.062,0.192,0.064,0.145,53.84,35.57
"2024-12-12 19:30:00",10809,12.6,403,0,0.587,0.62,1.98,0.055,0.176,0.057,0.134,53.92,35.96
"2024-12-12 20:00:00",10810,12.6,403,0,0.512,0.47,1.8,0.041,0.159,0.046,0.123,51.77,35.7
"2024-12-12 20:30:00",10811,12.59,403,0,0.494,0.49,1.7,0.043,0.15,0.048,0.116,53.36,35.4
"2024-12-12 21:00:00",10812,12.59,403,0,0.518,0.64,1.65,0.057,0.146,0.056,0.115,52.49,35.6
"2024-12-12 21:30:00",10813,12.58,403,0,0.444,0.43,1.54,0.038,0.136,0.041,0.107,52.39,35.5
"2024-12-12 22:00:00",10814,12.57,403,0,0.433,0.41,1.51,0.036,0.134,0.041,0.105,53.21,35.75
"2024-12-12 22:30:00",10815,12.58,403,0,0.419,0.38,1.48,0.034,0.131,0.039,0.103,52.27,35.64
"2024-12-12 23:00:00",10816,12.57,403,0,0.367,0.27,1.36,0.024,0.12,0.032,0.096,52.37,34.52
"2024-12-12 23:30:00",10817,12.57,403,0,0.337,0.22,1.28,0.019,0.114,0.028,0.089,52.39,35.5
"2024-12-13 00:00:00",10818,12.57,403,0,0.343,0.33,1.19,0.029,0.106,0.032,0.087,53.09,35.39
"2024-12-13 00:30:00",10819,12.56,403,0,0.302,0.24,1.1,0.022,0.097,0.028,0.083,52.13,35.65
"2024-12-13 01:00:00",10820,12.56,403,0,0.297,0.22,1.1,0.019,0.097,0.028,0.08,52.25,34.97
"2024-12-13 01:30:00",10821,12.56,403,0,0.282,0.25,1,0.022,0.088,0.028,0.076,52.36,34.82
"2024-12-13 02:00:00",10822,12.55,403,0,0.261,0.19,0.97,0.017,0.086,0.021,0.073,52.93,35.23
"2024-12-13 02:30:00",10823,12.55,403,0,0.233,0.11,0.93,0.01,0.082,0.016,0.073,52.93,35.23
"2024-12-13 03:00:00",10824,12.55,403,0,0.229,0.11,0.91,0.01,0.08,0.016,0.069,52.83,34.57
"2024-12-13 03:30:00",10825,12.54,403,0,0.251,0.27,0.84,0.024,0.075,0.029,0.067,52.16,34.46
"2024-12-13 04:00:00",10826,12.55,403,0,0.198,0.11,0.77,0.009,0.068,0.018,0.067,53.45,34.93
"2024-12-13 04:30:00",10827,12.54,403,0,0.191,0.11,0.74,0.009,0.065,0.02,0.06,53.11,35.42
"2024-12-13 05:00:00",10828,12.54,403,0,0.164,0.08,0.65,0.007,0.057,0.018,0.055,52.15,34.2
"2024-12-13 05:30:00",10829,12.53,403,0,0.101,0.03,0.42,0.002,0.037,0.014,0.041,52.21,34.77
"2024-12-13 06:00:00",10830,12.54,403,0,0.051,-0.02,0.25,-0.002,0.023,0.009,0.032,52.27,34
"2024-12-13 06:30:00",10831,12.53,403,0,-0.002,-0.1,0.09,-0.01,0.008,0.002,0.023,52.62,34.51
"2024-12-13 07:00:00",10832,12.53,403,0,-0.009,-0.13,0.09,-0.012,0.008,0,0.025,52.11,34.56
"2024-12-13 07:30:00",10833,12.53,403,0,0.031,-0.02,0.16,-0.002,0.014,0.007,0.027,52.68,34.56
"2024-12-13 08:00:00",10834,12.52,403,0,0.089,0,0.4,0,0.036,0.011,0.04,53.95,34.87
"2024-12-13 08:30:00",10835,12.53,403,0,0.223,0.16,0.83,0.014,0.074,0.02,0.067,52.91,35.22
"2024-12-13 09:00:00",10836,12.53,403,0,0.317,0.02,1.4,0.002,0.124,0.013,0.097,55.49,35.34
"2024-12-13 09:30:00",10837,12.53,403,0,0.618,0.54,2.2,0.048,0.194,0.051,0.147,54.83,36.31
"2024-12-13 10:00:00",10838,12.54,403,0,0.948,1.16,3.03,0.103,0.268,0.1,0.198,55.99,37.46
"2024-12-13 10:30:00",10839,12.55,403,0,1.153,1.38,3.72,0.122,0.329,0.114,0.232,54.8,37.09
"2024-12-13 11:00:00",10840,12.54,403,0,1.166,1.28,3.88,0.113,0.344,0.106,0.257,56.38,38.68
"2024-12-13 11:30:00",10841,12.56,403,0,1.302,1.53,4.23,0.136,0.374,0.124,0.269,55,38.11
"2024-12-13 12:00:00",10842,12.56,403,0,1.396,1.72,4.45,0.152,0.394,0.138,0.281,56.18,38.06
"2024-12-13 12:30:00",10843,12.57,403,0,1.431,1.66,4.67,0.147,0.413,0.138,0.292,55.06,38.17
"2024-12-13 13:00:00",10844,12.57,403,0,1.572,1.92,5.03,0.17,0.446,0.153,0.309,54.45,38.79
"2024-12-13 13:30:00",10845,12.59,403,0,1.578,1.85,5.13,0.164,0.454,0.149,0.311,54.46,38.23
"2024-12-13 14:00:00",10846,12.59,403,0,1.562,1.85,5.06,0.164,0.448,0.151,0.308,55.78,38.07
"2024-12-13 14:30:00",10847,12.59,403,0,1.562,1.84,5.07,0.163,0.448,0.144,0.307,55.38,38.33
"2024-12-13 15:00:00",10848,12.57,403,0,1.529,1.81,4.95,0.16,0.438,0.146,0.301,54.66,37.92
"2024-12-13 15:30:00",10849,12.57,403,0,1.443,1.71,4.67,0.152,0.414,0.138,0.284,54.18,38.26
"2024-12-13 16:00:00",10850,12.58,403,0,1.254,1.42,4.13,0.125,0.366,0.117,0.252,53.41,37.9
"2024-12-13 16:30:00",10851,12.58,403,0,0.994,1.13,3.27,0.1,0.289,0.09,0.203,53.01,36.78
"2024-12-13 17:00:00",10852,12.56,403,0,0.705,0.8,2.32,0.071,0.205,0.069,0.149,52.68,35.39
"2024-12-13 17:30:00",10853,12.56,403,0,0.465,0.47,1.59,0.041,0.14,0.044,0.108,51.9,35.43
"2024-12-13 18:00:00",10854,12.55,403,0,0.312,0.19,1.2,0.017,0.106,0.026,0.09,52.52,34.97
"2024-12-13 18:30:00",10855,12.54,403,0,0.246,0.06,1.04,0.005,0.092,0.016,0.074,51.96,34.92
"2024-12-13 19:00:00",10856,12.53,403,0,0.231,0.13,0.9,0.012,0.079,0.018,0.066,53.65,35.39
"2024-12-13 19:30:00",10857,12.54,403,0,0.191,0.08,0.77,0.007,0.068,0.016,0.062,52.52,34.82
"2024-12-13 20:00:00",10858,12.53,403,0,0.168,0.08,0.67,0.007,0.06,0.016,0.055,52.02,34.72
"2024-12-13 20:30:00",10859,12.53,403,0,0.166,0.03,0.71,0.002,0.063,0.012,0.055,52.99,34.73
"2024-12-13 21:00:00",10860,12.52,403,0,0.127,-0.04,0.61,-0.005,0.054,0.005,0.051,52.68,34.97
"2024-12-13 21:30:00",10861,12.52,403,0,0.099,-0.1,0.55,-0.01,0.048,0.002,0.048,52.77,34.67
"2024-12-13 22:00:00",10862,12.52,403,0,0.113,-0.04,0.55,-0.005,0.048,0.004,0.048,52.7,34.58
"2024-12-13 22:30:00",10863,12.51,403,0,0.123,0,0.55,0,0.049,0.007,0.048,52.37,34.41
"2024-12-13 23:00:00",10864,12.51,403,0,0.116,0,0.52,0,0.046,0.011,0.044,52.69,34.31
"2024-12-13 23:30:00",10865,12.51,403,0,0.105,-0.04,0.51,-0.005,0.045,0.007,0.048,53.26,35.14
"2024-12-14 00:00:00",10866,12.5,403,0,0.1,-0.02,0.47,-0.002,0.042,0.009,0.043,53.15,34.47
"2024-12-14 00:30:00",10867,12.49,403,0,0.1,-0.02,0.47,-0.002,0.042,0.007,0.043,52.23,35.34
"2024-12-14 01:00:00",10868,12.5,403,0,0.082,-0.04,0.41,-0.005,0.036,0.005,0.041,52.27,34.98
"2024-12-14 01:30:00",10869,12.49,403,0,0.069,-0.04,0.35,-0.005,0.031,0.002,0.034,52.68,34.83
"2024-12-14 02:00:00",10870,12.5,403,0,0.076,-0.04,0.38,-0.005,0.034,0.007,0.036,52.53,34.42
"2024-12-14 02:30:00",10871,12.49,403,0,0.068,-0.07,0.38,-0.007,0.034,0.005,0.038,52.17,34.21
"2024-12-14 03:00:00",10872,12.48,403,0,0.048,-0.1,0.32,-0.01,0.028,0.004,0.034,52.62,35.59
"2024-12-14 03:30:00",10873,12.49,403,0,0.069,-0.04,0.35,-0.005,0.031,0.005,0.034,51.76,34.46
"2024-12-14 04:00:00",10874,12.49,403,0,0.048,-0.07,0.29,-0.007,0.025,0.005,0.032,53.66,34.47
"2024-12-14 04:30:00",10875,12.49,403,0,0.026,-0.1,0.22,-0.01,0.02,0.002,0.027,52.4,35.12
"2024-12-14 05:00:00",10876,12.49,403,0,0.007,-0.15,0.19,-0.014,0.017,-0.005,0.029,52.02,34.72
"2024-12-14 05:30:00",10877,12.49,403,0,0,-0.13,0.13,-0.012,0.011,0.002,0.023,51.84,34.4
"2024-12-14 06:00:00",10878,12.48,403,0,-0.012,-0.15,0.1,-0.014,0.008,-0.005,0.023,51.1,33.96
"2024-12-14 06:30:00",10879,12.48,403,0,-0.027,-0.15,0.03,-0.014,0.003,-0.002,0.018,52.07,34.78
"2024-12-14 07:00:00",10880,12.48,403,0,-0.068,-0.21,-0.09,-0.019,-0.008,-0.007,0.011,52.05,34.51
"2024-12-14 07:30:00",10881,12.47,403,0,-0.079,-0.2,-0.15,-0.019,-0.014,-0.005,0.005,52.16,34.31
"2024-12-14 08:00:00",10882,12.47,403,0,-0.05,-0.2,-0.02,-0.019,-0.003,-0.009,0.014,52.72,34.36
"2024-12-14 08:30:00",10883,12.48,403,0,-0.003,-0.2,0.19,-0.019,0.017,-0.009,0.023,52,34.3
"2024-12-14 09:00:00",10884,12.48,403,0,0.045,-0.38,0.6,-0.034,0.053,-0.023,0.051,55.3,35.96
"2024-12-14 09:30:00",10885,12.47,403,0,0.244,0.26,0.82,0.023,0.072,0.027,0.062,53.88,35.5
"2024-12-14 10:00:00",10886,12.49,403,0,0.437,0.55,1.38,0.048,0.122,0.049,0.094,54.04,36.74
"2024-12-14 10:30:00",10887,12.49,403,0,0.488,0.54,1.62,0.047,0.143,0.05,0.109,55.61,36.52
"2024-12-14 11:00:00",10888,12.5,403,0,0.488,0.55,1.61,0.049,0.143,0.045,0.109,54.87,37
"2024-12-14 11:30:00",10889,12.49,403,0,0.599,0.7,1.95,0.062,0.172,0.06,0.133,53.72,37.38
"2024-12-14 12:00:00",10890,12.51,403,0,0.743,0.83,2.46,0.074,0.218,0.071,0.16,55.11,36.74
"2024-12-14 12:30:00",10891,12.52,403,0,0.804,0.82,2.74,0.073,0.243,0.068,0.178,54.47,36.6
"2024-12-14 13:00:00",10892,12.53,403,0,0.94,1.02,3.14,0.09,0.278,0.087,0.198,54.19,37.56
"2024-12-14 13:30:00",10893,12.53,403,0,1.045,1.24,3.38,0.109,0.299,0.1,0.213,53.48,37.82
"2024-12-14 14:00:00",10894,12.53,403,0,1.064,1.13,3.58,0.1,0.317,0.097,0.223,55.63,37.76
"2024-12-14 14:30:00",10895,12.54,403,0,1.103,1.26,3.62,0.112,0.32,0.105,0.224,54.86,36.9
"2024-12-14 15:00:00",10896,12.53,403,0,1.071,1.22,3.52,0.108,0.311,0.096,0.216,53.05,37.38
"2024-12-14 15:30:00",10897,12.53,403,0,0.971,1.06,3.24,0.094,0.287,0.087,0.201,53.69,37.2
"2024-12-14 16:00:00",10898,12.53,403,0,0.813,0.87,2.73,0.077,0.242,0.071,0.174,53.88,36.43
"2024-12-14 16:30:00",10899,12.52,403,0,0.648,0.65,2.22,0.058,0.196,0.058,0.142,52.62,36.39
"2024-12-14 17:00:00",10900,12.51,403,0,0.51,0.49,1.77,0.043,0.157,0.046,0.117,53.53,36.64
"2024-12-14 17:30:00",10901,12.52,403,0,0.372,0.33,1.32,0.029,0.117,0.035,0.092,52.9,35.75
"2024-12-14 18:00:00",10902,12.51,403,0,0.293,0.24,1.06,0.022,0.094,0.025,0.076,52.79,35.34
"2024-12-14 18:30:00",10903,12.5,403,0,0.252,0.19,0.93,0.017,0.083,0.021,0.066,52.8,34.83
"2024-12-14 19:00:00",10904,12.5,403,0,0.184,0.08,0.74,0.007,0.066,0.016,0.058,52.54,34.68
"2024-12-14 19:30:00",10905,12.5,403,0,0.166,0.06,0.68,0.005,0.06,0.014,0.053,52.39,35.35
"2024-12-14 20:00:00",10906,12.49,403,0,0.159,0.06,0.65,0.005,0.057,0.012,0.053,51.54,35.08
"2024-12-14 20:30:00",10907,12.49,403,0,0.115,-0.07,0.59,-0.007,0.052,0.005,0.046,51.6,34.72
"2024-12-14 21:00:00",10908,12.49,403,0,0.113,-0.04,0.55,-0.005,0.049,0.005,0.049,51.24,34.93
"2024-12-14 21:30:00",10909,12.48,403,0,0.1,-0.04,0.49,-0.005,0.043,0.005,0.044,51.81,34.93
"2024-12-14 22:00:00",10910,12.48,403,0,0.103,-0.02,0.48,-0.002,0.043,0.007,0.044,52.11,34
"2024-12-14 22:30:00",10911,12.46,403,0,0.082,-0.04,0.41,-0.005,0.037,0.007,0.039,52.07,34.62
"2024-12-14 23:00:00",10912,12.47,403,0,0.094,-0.02,0.44,-0.002,0.039,0.007,0.039,52.28,34.73
"2024-12-14 23:30:00",10913,12.47,403,0,0.089,-0.04,0.44,-0.005,0.039,0.007,0.041,52.13,35.24
"2024-12-15 00:00:00",10914,12.46,403,0,0.087,-0.02,0.41,-0.002,0.036,0.009,0.043,52.44,34.89
"2024-12-15 00:30:00",10915,12.45,403,0,0.041,-0.13,0.32,-0.012,0.028,-0.002,0.034,52.74,34.22
"2024-12-15 01:00:00",10916,12.46,403,0,0.08,-0.02,0.38,-0.002,0.034,0.005,0.036,51.51,34.37
"2024-12-15 01:30:00",10917,12.45,403,0,0.055,-0.1,0.35,-0.01,0.031,0.002,0.034,52.39,34.68
"2024-12-15 02:00:00",10918,12.45,403,0,0.062,-0.07,0.35,-0.007,0.031,0.002,0.034,51.98,34.94
"2024-12-15 02:30:00",10919,12.45,403,0,0.076,-0.04,0.38,-0.005,0.034,0.005,0.036,53,34.47
"2024-12-15 03:00:00",10920,12.45,403,0,0.055,-0.1,0.35,-0.009,0.031,0,0.034,52.35,34.48
"2024-12-15 03:30:00",10921,12.45,403,0,0.041,-0.13,0.32,-0.012,0.028,0,0.032,52.9,34.63
"2024-12-15 04:00:00",10922,12.44,403,0,0.055,-0.07,0.32,-0.007,0.028,0.002,0.034,52.13,35.09
"2024-12-15 04:30:00",10923,12.45,403,0,0.05,-0.12,0.35,-0.012,0.031,-0.002,0.034,52.27,34.17
"2024-12-15 05:00:00",10924,12.45,403,0,0.041,-0.13,0.32,-0.012,0.028,-0.005,0.032,51.5,34.88
"2024-12-15 05:30:00",10925,12.43,403,0,0.05,-0.12,0.35,-0.012,0.031,-0.002,0.036,52.62,34.76
"2024-12-15 06:00:00",10926,12.44,403,0,0.068,-0.1,0.41,-0.01,0.036,0,0.036,51.76,35.54
"2024-12-15 06:30:00",10927,12.43,403,0,0.061,-0.1,0.38,-0.01,0.034,0,0.036,53.37,34.45
"2024-12-15 07:00:00",10928,12.43,403,0,0.075,-0.1,0.44,-0.009,0.039,0,0.039,53.23,34.15
"2024-12-15 07:30:00",10929,12.44,403,0,0.061,-0.1,0.38,-0.009,0.033,0,0.036,53.47,35.12
"2024-12-15 08:00:00",10930,12.44,403,0,0.082,-0.07,0.44,-0.007,0.039,0,0.043,53.55,35.03
"2024-12-15 08:30:00",10931,12.44,403,0,0.102,-0.04,0.5,-0.005,0.044,0.002,0.045,53.6,35.49
"2024-12-15 09:00:00",10932,12.43,403,0,0.085,-0.19,0.58,-0.018,0.051,-0.007,0.049,55.18,35.18
"2024-12-15 09:30:00",10933,12.44,403,0,0.19,0.05,0.8,0.005,0.071,0.011,0.058,53.56,35.6
"2024-12-15 10:00:00",10934,12.45,403,0,0.269,0.1,1.1,0.009,0.098,0.015,0.081,54.23,35.7
"2024-12-15 10:30:00",10935,12.45,403,0,0.407,0.31,1.5,0.028,0.133,0.031,0.105,53.67,36.22
"2024-12-15 11:00:00",10936,12.45,403,0,0.514,0.47,1.81,0.042,0.16,0.042,0.121,54.38,36.26
"2024-12-15 11:30:00",10937,12.46,403,0,0.658,0.59,2.33,0.052,0.206,0.051,0.152,55.78,37.1
"2024-12-15 12:00:00",10938,12.46,403,0,0.833,0.81,2.88,0.072,0.255,0.071,0.186,54.77,37.47
"2024-12-15 12:30:00",10939,12.46,403,0,1.041,1.13,3.48,0.1,0.308,0.093,0.217,55.1,38.04
"2024-12-15 13:00:00",10940,12.47,403,0,1.222,1.33,4.08,0.118,0.361,0.107,0.252,54.36,37.46
"2024-12-15 13:30:00",10941,12.48,403,0,1.401,1.55,4.65,0.137,0.411,0.124,0.288,58.5,37.9
"2024-12-15 14:00:00",10942,12.48,403,0,1.479,1.59,4.96,0.141,0.439,0.13,0.306,56.37,38.5
"2024-12-15 14:30:00",10943,12.48,403,0,1.506,1.61,5.06,0.142,0.447,0.13,0.31,54.62,37.72
"2024-12-15 15:00:00",10944,12.47,403,0,1.485,1.74,4.83,0.154,0.428,0.138,0.294,54.93,38.59
"2024-12-15 15:30:00",10945,12.48,403,0,1.374,1.57,4.51,0.139,0.4,0.126,0.276,55.36,37.65
"2024-12-15 16:00:00",10946,12.48,403,0,1.213,1.33,4.04,0.118,0.357,0.108,0.245,53.65,37.16
"2024-12-15 16:30:00",10947,12.47,403,0,1.047,1.21,3.42,0.107,0.303,0.096,0.211,54.32,37.83
"2024-12-15 17:00:00",10948,12.47,403,0,0.815,0.84,2.77,0.074,0.245,0.071,0.177,53.7,36.8
"2024-12-15 17:30:00",10949,12.47,403,0,0.654,0.65,2.25,0.057,0.199,0.055,0.142,53.24,35.78
"2024-12-15 18:00:00",10950,12.47,403,0,0.519,0.51,1.79,0.045,0.158,0.046,0.115,53.74,36.03
"2024-12-15 18:30:00",10951,12.45,403,0,0.417,0.35,1.5,0.031,0.133,0.037,0.101,52.92,36.03
"2024-12-15 19:00:00",10952,12.46,403,0,0.349,0.24,1.31,0.021,0.116,0.025,0.09,54.15,36.03
"2024-12-15 19:30:00",10953,12.46,403,0,0.308,0.19,1.18,0.017,0.105,0.023,0.083,53.54,35.26
"2024-12-15 20:00:00",10954,12.46,403,0,0.29,0.21,1.08,0.019,0.096,0.02,0.078,52.8,35.5
"2024-12-15 20:30:00",10955,12.45,403,0,0.24,0.08,0.99,0.007,0.087,0.016,0.073,53.24,35.78
"2024-12-15 21:00:00",10956,12.45,403,0,0.233,0.08,0.96,0.007,0.085,0.016,0.071,53.54,35.41
"2024-12-15 21:30:00",10957,12.45,403,0,0.24,0.11,0.96,0.01,0.085,0.021,0.069,53.17,35.87
"2024-12-15 22:00:00",10958,12.45,403,0,0.243,0.16,0.92,0.014,0.082,0.018,0.067,54.15,36.03
"2024-12-15 22:30:00",10959,12.46,403,0,0.204,0.08,0.83,0.007,0.073,0.014,0.062,53.35,35.79
"2024-12-15 23:00:00",10960,12.44,403,0,0.161,-0.02,0.74,-0.002,0.065,0.009,0.058,52.98,34.86
"2024-12-15 23:30:00",10961,12.45,403,0,0.132,-0.02,0.61,-0.002,0.054,0.007,0.051,53.95,35.57
"2024-12-16 00:00:00",10962,12.44,403,0,0.091,-0.07,0.48,-0.007,0.043,0.002,0.041,53.24,35.11
"2024-12-16 00:30:00",10963,12.45,403,0,0.091,-0.04,0.45,-0.005,0.04,0.002,0.039,53.4,34.86
"2024-12-16 01:00:00",10964,12.45,403,0,0.062,-0.07,0.35,-0.007,0.031,0,0.037,52.32,34.75
"2024-12-16 01:30:00",10965,12.44,403,0,0.048,-0.1,0.32,-0.01,0.028,0,0.037,53.1,34.3
"2024-12-16 02:00:00",10966,12.45,403,0,0,-0.21,0.22,-0.019,0.02,-0.007,0.03,53.29,35.42
"2024-12-16 02:30:00",10967,12.44,403,0,0,-0.21,0.22,-0.019,0.02,-0.009,0.03,53.5,34.81
"2024-12-16 03:00:00",10968,12.45,403,0,-0.004,-0.23,0.22,-0.021,0.02,-0.011,0.028,52.27,34.96
"2024-12-16 03:30:00",10969,12.44,403,0,-0.01,-0.23,0.19,-0.022,0.017,-0.009,0.025,53.24,34.45
"2024-12-16 04:00:00",10970,12.44,403,0,0.044,-0.02,0.22,-0.002,0.02,0.005,0.028,52.42,35.27
"2024-12-16 04:30:00",10971,12.45,403,0,-0.01,-0.23,0.19,-0.021,0.017,-0.009,0.028,53.5,34.14
"2024-12-16 05:00:00",10972,12.45,403,0,0.021,-0.12,0.22,-0.012,0.02,0,0.028,53.6,34.66
"2024-12-16 05:30:00",10973,12.43,403,0,-0.004,-0.23,0.22,-0.022,0.02,-0.009,0.028,53.7,35.42
"2024-12-16 06:00:00",10974,12.43,403,0,0.021,-0.15,0.25,-0.014,0.022,-0.002,0.028,52.99,35.02
"2024-12-16 06:30:00",10975,12.43,403,0,0.002,-0.23,0.25,-0.022,0.022,-0.009,0.028,54.03,35.08
"2024-12-16 07:00:00",10976,12.44,403,0,0.021,-0.16,0.26,-0.015,0.023,-0.005,0.03,51.66,35.01
"2024-12-16 07:30:00",10977,12.44,403,0,0.014,-0.16,0.23,-0.015,0.02,-0.005,0.03,52.28,34.3
"2024-12-16 08:00:00",10978,12.44,403,0,0.057,-0.1,0.36,-0.01,0.032,0,0.033,51.59,34.95
"2024-12-16 08:30:00",10979,12.43,403,0,0.027,-0.16,0.29,-0.015,0.026,-0.002,0.03,52.67,34.7
"2024-12-16 09:00:00",10980,12.43,403,0,0.023,-0.15,0.26,-0.015,0.023,-0.002,0.03,53.22,35.1
"2024-12-16 09:30:00",10981,12.43,403,0,0.007,-0.21,0.25,-0.019,0.023,-0.007,0.028,53.33,35.21
"2024-12-16 10:00:00",10982,12.42,403,0,0.028,-0.12,0.25,-0.012,0.023,-0.005,0.028,52.83,34.96
"2024-12-16 10:30:00",10983,12.42,403,0,-0.005,-0.18,0.16,-0.017,0.014,-0.005,0.021,52.88,34.5
"2024-12-16 11:00:00",10984,12.42,403,0,-0.033,-0.23,0.09,-0.022,0.008,-0.009,0.023,52.26,35.36
"2024-12-16 11:30:00",10985,12.43,403,0,-0.026,-0.24,0.13,-0.022,0.011,-0.009,0.023,53.13,34.6
"2024-12-16 12:00:00",10986,12.42,403,0,-0.051,-0.31,0.09,-0.029,0.008,-0.019,0.021,53.63,34.95
"2024-12-16 12:30:00",10987,12.42,403,0,-0.024,-0.26,0.16,-0.024,0.014,-0.012,0.025,52.46,35.16
"2024-12-16 13:00:00",10988,12.43,403,0,-0.049,-0.34,0.13,-0.031,0.011,-0.018,0.023,52.87,35.82
"2024-12-16 13:30:00",10989,12.43,403,0,0.012,-0.16,0.22,-0.015,0.02,-0.005,0.025,52.07,35.17
"2024-12-16 14:00:00",10990,12.43,403,0,-0.006,-0.21,0.19,-0.02,0.017,-0.007,0.026,52.71,34.59
"2024-12-16 14:30:00",10991,12.43,403,0,-0.001,-0.19,0.19,-0.017,0.017,-0.007,0.026,51.65,34.6
"2024-12-16 15:00:00",10992,12.43,403,0,-0.008,-0.19,0.16,-0.018,0.014,-0.005,0.026,52.31,35.26
"2024-12-16 15:30:00",10993,12.42,403,0,-0.019,-0.24,0.16,-0.022,0.014,-0.009,0.026,52.91,34.94
"2024-12-16 16:00:00",10994,12.42,403,0,-0.012,-0.21,0.16,-0.02,0.014,-0.007,0.021,52.09,34.79
"2024-12-16 16:30:00",10995,12.42,403,0,-0.014,-0.19,0.13,-0.017,0.011,-0.005,0.021,52.16,34.86
"2024-12-16 17:00:00",10996,12.41,403,0,-0.012,-0.21,0.16,-0.02,0.014,-0.007,0.026,52.92,34.79
"2024-12-16 17:30:00",10997,12.4,403,0,-0.012,-0.21,0.16,-0.02,0.014,-0.007,0.026,53.16,34.63
"2024-12-16 18:00:00",10998,12.4,403,0,-0.033,-0.24,0.1,-0.022,0.009,-0.012,0.023,52.9,34.79
"2024-12-16 18:30:00",10999,12.4,403,0,-0.012,-0.18,0.13,-0.017,0.011,-0.007,0.023,52.6,34.74
"2024-12-16 19:00:00",11000,12.41,403,0,-0.038,-0.29,0.13,-0.027,0.011,-0.012,0.023,53.01,34.63
"2024-12-16 19:30:00",11001,12.41,403,0,-0.012,-0.15,0.1,-0.014,0.008,-0.005,0.023,53.62,34.69
"2024-12-16 20:00:00",11002,12.41,403,0,-0.053,-0.29,0.06,-0.027,0.006,-0.016,0.023,52.46,35.41
"2024-12-16 20:30:00",11003,12.41,403,0,-0.019,-0.21,0.13,-0.019,0.011,-0.009,0.021,54.14,35.35
"2024-12-16 21:00:00",11004,12.41,403,0,0.001,-0.12,0.13,-0.012,0.011,-0.005,0.023,54.11,35.57
"2024-12-16 21:30:00",11005,12.41,403,0,-0.042,-0.24,0.06,-0.022,0.006,-0.009,0.021,54.05,35.67
"2024-12-16 22:00:00",11006,12.41,403,0,0,-0.13,0.13,-0.012,0.011,-0.005,0.026,54.16,35.78
"2024-12-16 22:30:00",11007,12.41,403,0,-0.026,-0.21,0.1,-0.019,0.008,-0.009,0.021,53.66,33.89
"2024-12-16 23:00:00",11008,12.41,403,0,-0.019,-0.21,0.13,-0.019,0.011,-0.007,0.023,53.9,35.21
"2024-12-16 23:30:00",11009,12.4,403,0,-0.037,-0.26,0.1,-0.024,0.008,-0.012,0.023,51.89,35.65
"2024-12-17 00:00:00",11010,12.41,403,0,-0.051,-0.32,0.1,-0.029,0.008,-0.014,0.023,52.78,35.06
"2024-12-17 00:30:00",11011,12.41,403,0,-0.014,-0.19,0.13,-0.017,0.011,-0.002,0.023,52.75,34.77
"2024-12-17 01:00:00",11012,12.41,403,0,0.005,-0.13,0.16,-0.012,0.014,0,0.026,53,34.87
"2024-12-17 01:30:00",11013,12.4,403,0,-0.007,-0.16,0.13,-0.015,0.011,-0.002,0.023,51.5,34.6
"2024-12-17 02:00:00",11014,12.4,403,0,-0.026,-0.24,0.13,-0.022,0.011,-0.009,0.026,52.69,34.56
"2024-12-17 02:30:00",11015,12.4,403,0,0.012,-0.1,0.16,-0.01,0.014,0,0.026,54.08,34.47
"2024-12-17 03:00:00",11016,12.4,403,0,-0.014,-0.19,0.13,-0.017,0.011,-0.005,0.026,52.27,34.71
"2024-12-17 03:30:00",11017,12.4,403,0,-0.012,-0.18,0.13,-0.017,0.011,-0.007,0.026,53.04,35.17
"2024-12-17 04:00:00",11018,12.39,403,0,-0.038,-0.29,0.13,-0.027,0.011,-0.012,0.026,53.32,35.18
"2024-12-17 04:30:00",11019,12.39,403,0,-0.019,-0.21,0.13,-0.019,0.011,-0.007,0.026,53.62,34.51
"2024-12-17 05:00:00",11020,12.39,403,0,-0.007,-0.16,0.13,-0.015,0.011,-0.005,0.026,52.8,34.41
"2024-12-17 05:30:00",11021,12.39,403,0,-0.014,-0.19,0.13,-0.017,0.011,-0.005,0.028,53.39,34.17
"2024-12-17 06:00:00",11022,12.39,403,0,0,-0.13,0.13,-0.012,0.011,-0.002,0.023,53.06,35.9
"2024-12-17 06:30:00",11023,12.39,403,0,0.006,-0.1,0.13,-0.01,0.011,0,0.026,53.08,35.11
"2024-12-17 07:00:00",11024,12.39,403,0,-0.001,-0.16,0.16,-0.015,0.014,-0.002,0.028,51.63,35.13
"2024-12-17 07:30:00",11025,12.39,403,0,-0.006,-0.21,0.19,-0.02,0.017,-0.007,0.028,53.88,35.33
"2024-12-17 08:00:00",11026,12.39,403,0,0.005,-0.16,0.19,-0.015,0.017,-0.005,0.026,53.45,35.32
"2024-12-17 08:30:00",11027,12.38,403,0,0.021,-0.16,0.26,-0.015,0.023,0,0.028,52.63,34.65
"2024-12-17 09:00:00",11028,12.39,403,0,0.124,-0.09,0.65,-0.009,0.057,0,0.053,57.48,35.93
"2024-12-17 09:30:00",11029,12.39,403,0,0.091,-0.07,0.48,-0.007,0.043,0.005,0.047,53.83,35.85
"2024-12-17 10:00:00",11030,12.38,403,0,0.163,0.03,0.7,0.002,0.062,0.009,0.058,54.73,34.81
"2024-12-17 10:30:00",11031,12.38,403,0,0.4,0.48,1.29,0.042,0.114,0.043,0.095,56.44,35.85
"2024-12-17 11:00:00",11032,12.39,403,0,0.493,0.55,1.63,0.049,0.145,0.052,0.114,53.91,36.04
"2024-12-17 11:30:00",11033,12.4,403,0,0.828,0.82,2.85,0.072,0.253,0.07,0.192,55.12,37.39
"2024-12-17 12:00:00",11034,12.4,403,0,1.206,1.28,4.06,0.114,0.359,0.108,0.26,55.67,38.36
"2024-12-17 12:30:00",11035,12.41,403,0,1.578,1.8,5.18,0.159,0.458,0.147,0.328,56.21,39.04
"2024-12-17 13:00:00",11036,12.4,403,0,1.849,2.17,6.01,0.192,0.532,0.175,0.374,55.37,39.28
"2024-12-17 13:30:00",11037,12.41,403,0,2.072,2.48,6.68,0.219,0.591,0.198,0.408,54.4,38.46
"2024-12-17 14:00:00",11038,12.42,403,0,1.881,2.18,6.14,0.193,0.544,0.181,0.379,55.99,38.68
"2024-12-17 14:30:00",11039,12.4,403,0,1.759,2.04,5.74,0.181,0.508,0.167,0.351,55.85,38.53
"2024-12-17 15:00:00",11040,12.41,403,0,1.723,2.02,5.6,0.179,0.496,0.167,0.347,55.23,38.57
"2024-12-17 15:30:00",11041,12.4,403,0,1.653,1.97,5.34,0.174,0.473,0.16,0.329,54.78,38.84
"2024-12-17 16:00:00",11042,12.41,403,0,1.323,1.54,4.31,0.136,0.381,0.128,0.268,54.76,38.26
"2024-12-17 16:30:00",11043,12.39,403,0,0.877,0.98,2.9,0.086,0.257,0.085,0.187,54.19,36.47
"2024-12-17 17:00:00",11044,12.4,403,0,0.535,0.54,1.83,0.048,0.162,0.051,0.128,52.91,35.33
"2024-12-17 17:30:00",11045,12.39,403,0,0.356,0.28,1.3,0.025,0.115,0.034,0.097,52.7,35.54
"2024-12-17 18:00:00",11046,12.39,403,0,0.285,0.17,1.1,0.015,0.097,0.024,0.08,53.17,35.31
"2024-12-17 18:30:00",11047,12.38,403,0,0.218,0.11,0.86,0.01,0.076,0.022,0.071,52.84,35.12
"2024-12-17 19:00:00",11048,12.37,403,0,0.177,0.06,0.73,0.005,0.065,0.017,0.062,52.01,34.96
"2024-12-17 19:30:00",11049,12.37,403,0,0.154,0.03,0.66,0.003,0.059,0.012,0.057,53.08,34.13
"2024-12-17 20:00:00",11050,12.37,403,0,0.134,0,0.6,0,0.053,0.01,0.052,53.23,34.7
"2024-12-17 20:30:00",11051,12.35,403,0,0.107,-0.02,0.5,-0.003,0.044,0.01,0.047,53.54,35.42
"2024-12-17 21:00:00",11052,12.35,403,0,0.098,-0.05,0.49,-0.005,0.044,0.007,0.05,52.73,35.42
"2024-12-17 21:30:00",11053,12.35,403,0,0.098,-0.05,0.49,-0.005,0.044,0.009,0.045,53.59,34.5
"2024-12-17 22:00:00",11054,12.35,403,0,0.093,-0.07,0.49,-0.007,0.043,0.002,0.047,54.41,35.06
"2024-12-17 22:30:00",11055,12.35,403,0,0.086,-0.07,0.46,-0.007,0.04,0.007,0.045,52.79,35.63
"2024-12-17 23:00:00",11056,12.35,403,0,0.077,-0.08,0.43,-0.008,0.038,0.007,0.047,51.9,34.6
"2024-12-17 23:30:00",11057,12.34,403,0,0.077,-0.08,0.43,-0.008,0.038,0.007,0.048,52.73,35.42
"2024-12-18 00:00:00",11058,12.35,403,0,0.05,-0.13,0.36,-0.012,0.032,-0.002,0.04,53.13,34.34
"2024-12-18 00:30:00",11059,12.35,403,0,0.057,-0.1,0.36,-0.01,0.032,0.002,0.043,52.89,34.76
"2024-12-18 01:00:00",11060,12.34,403,0,0.062,-0.08,0.36,-0.008,0.032,0.002,0.04,52.68,34.55
"2024-12-18 01:30:00",11061,12.34,403,0,0.091,-0.02,0.43,-0.003,0.038,0.01,0.048,52.03,34.87
"2024-12-18 02:00:00",11062,12.34,403,0,0.057,-0.1,0.36,-0.01,0.032,0.002,0.043,51.97,35.07
"2024-12-18 02:30:00",11063,12.34,403,0,0.062,-0.08,0.36,-0.008,0.032,0.005,0.04,51.72,35.64
"2024-12-18 03:00:00",11064,12.33,403,0,0.05,-0.1,0.33,-0.01,0.029,0.002,0.038,52.22,35.17
"2024-12-18 03:30:00",11065,12.32,403,0,0.055,-0.08,0.33,-0.008,0.029,0.007,0.04,53.1,35.13
"2024-12-18 04:00:00",11066,12.33,403,0,0.043,-0.16,0.36,-0.015,0.032,0,0.04,53.15,34.87
"2024-12-18 04:30:00",11067,12.33,403,0,0.064,-0.07,0.36,-0.007,0.032,0.005,0.043,53.61,34.81
"2024-12-18 05:00:00",11068,12.31,403,0,0.084,-0.05,0.43,-0.005,0.038,0.01,0.045,53.14,35.17
"2024-12-18 05:30:00",11069,12.32,403,0,0.098,-0.02,0.46,-0.003,0.041,0.01,0.045,52.95,34.82
"2024-12-18 06:00:00",11070,12.32,403,0,0.093,-0.05,0.47,-0.005,0.041,0.007,0.045,52.33,34.35
"2024-12-18 06:30:00",11071,12.32,403,0,0.116,-0.02,0.54,-0.003,0.047,0.007,0.05,52.27,35.11
"2024-12-18 07:00:00",11072,12.32,403,0,0.098,-0.02,0.46,-0.003,0.041,0.01,0.048,53.43,34.75
"2024-12-18 07:30:00",11073,12.3,403,0,0.107,-0.05,0.53,-0.005,0.047,0.007,0.05,52.12,34.81
"2024-12-18 08:00:00",11074,12.3,403,0,0.177,0.06,0.73,0.005,0.065,0.014,0.062,53.19,34.66
"2024-12-18 08:30:00",11075,12.31,403,0,0.244,0.08,1.01,0.007,0.089,0.014,0.08,54.07,35.37
"2024-12-18 09:00:00",11076,12.31,403,0,0.45,0.33,1.67,0.029,0.147,0.035,0.116,53.49,35.62
"2024-12-18 09:30:00",11077,12.31,403,0,0.767,0.72,2.68,0.064,0.237,0.064,0.176,55.96,37.17
"2024-12-18 10:00:00",11078,12.32,403,0,1.148,1.27,3.81,0.112,0.337,0.109,0.244,55.81,37.42
"2024-12-18 10:30:00",11079,12.32,403,0,1.453,1.66,4.77,0.147,0.422,0.134,0.299,55.19,37.47
"2024-12-18 11:00:00",11080,12.32,403,0,1.6,1.78,5.3,0.158,0.469,0.149,0.343,55.66,38.91
"2024-12-18 11:30:00",11081,12.32,403,0,1.828,2.08,6.01,0.184,0.532,0.172,0.38,56.02,39.12
"2024-12-18 12:00:00",11082,12.34,403,0,2.035,2.4,6.6,0.213,0.584,0.197,0.419,55.44,39.77
"2024-12-18 12:30:00",11083,12.34,403,0,2.269,2.75,7.28,0.243,0.645,0.224,0.455,57.18,38.8
"2024-12-18 13:00:00",11084,12.35,403,0,2.388,2.85,7.71,0.252,0.683,0.232,0.483,56.21,39.31
"2024-12-18 13:30:00",11085,12.34,403,0,2.467,2.88,8.03,0.255,0.71,0.235,0.5,55.18,39.36
"2024-12-18 14:00:00",11086,12.35,403,0,2.476,2.97,7.98,0.263,0.706,0.243,0.493,55.46,39.22
"2024-12-18 14:30:00",11087,12.35,403,0,2.257,2.68,7.3,0.237,0.646,0.218,0.454,55.97,38.82
"2024-12-18 15:00:00",11088,12.35,403,0,1.949,2.29,6.33,0.203,0.561,0.187,0.398,58.28,40.3
"2024-12-18 15:30:00",11089,12.34,403,0,1.754,2.02,5.74,0.179,0.508,0.169,0.358,56.07,38.76
"2024-12-18 16:00:00",11090,12.34,403,0,1.515,1.84,4.86,0.163,0.43,0.149,0.304,53.84,37.75
"2024-12-18 16:30:00",11091,12.35,403,0,1.067,1.21,3.51,0.107,0.311,0.1,0.225,53.77,37.53
"2024-12-18 17:00:00",11092,12.35,403,0,0.709,0.71,2.43,0.063,0.215,0.065,0.159,52.79,36.3
"2024-12-18 17:30:00",11093,12.34,403,0,0.494,0.46,1.73,0.041,0.153,0.046,0.121,52.8,35.9
"2024-12-18 18:00:00",11094,12.34,403,0,0.374,0.29,1.37,0.026,0.122,0.032,0.1,53.04,35.48
"2024-12-18 18:30:00",11095,12.34,403,0,0.279,0.17,1.07,0.015,0.095,0.027,0.081,52.28,35.23
"2024-12-18 19:00:00",11096,12.33,403,0,0.211,0.08,0.86,0.007,0.076,0.014,0.071,54.68,34.66
"2024-12-18 19:30:00",11097,12.32,403,0,0.165,0,0.74,0,0.066,0.011,0.061,54.6,34.98
"2024-12-18 20:00:00",11098,12.32,403,0,0.163,0.03,0.7,0.003,0.062,0.012,0.06,53.22,34.92
"2024-12-18 20:30:00",11099,12.32,403,0,0.163,0,0.73,0,0.065,0.012,0.062,52.82,35.5
"2024-12-18 21:00:00",11100,12.32,403,0,0.147,0,0.66,0,0.058,0.01,0.057,53.08,35.78
"2024-12-18 21:30:00",11101,12.32,403,0,0.108,-0.1,0.59,-0.01,0.052,0.002,0.052,53.78,34.82
"2024-12-18 22:00:00",11102,12.32,403,0,0.12,-0.02,0.56,-0.003,0.05,0.01,0.053,52.6,34.88
"2024-12-18 22:30:00",11103,12.31,403,0,0.113,-0.05,0.56,-0.005,0.05,0.01,0.053,53.21,35.33
"2024-12-18 23:00:00",11104,12.31,403,0,0.128,0.03,0.54,0.003,0.047,0.015,0.053,52.08,34.77
"2024-12-18 23:30:00",11105,12.3,403,0,0.1,-0.08,0.53,-0.008,0.047,0.005,0.05,53.62,34.82
"2024-12-19 00:00:00",11106,12.31,403,0,0.121,0,0.54,0,0.047,0.01,0.05,52.13,35.48
"2024-12-19 00:30:00",11107,12.3,403,0,0.123,-0.02,0.57,-0.003,0.051,0.005,0.053,52.46,34.98
"2024-12-19 01:00:00",11108,12.3,403,0,0.152,0.03,0.65,0.003,0.057,0.015,0.053,52.64,35.33
"2024-12-19 01:30:00",11109,12.3,403,0,0.136,0,0.61,0,0.054,0.012,0.056,51.97,34.66
"2024-12-19 02:00:00",11110,12.29,403,0,0.123,-0.02,0.57,-0.003,0.051,0.012,0.056,52.59,35.12
"2024-12-19 02:30:00",11111,12.29,403,0,0.15,0.06,0.61,0.005,0.054,0.015,0.056,51.62,34.87
"2024-12-19 03:00:00",11112,12.29,403,0,0.132,-0.02,0.61,-0.003,0.054,0.012,0.053,52.33,34.2
"2024-12-19 03:30:00",11113,12.28,403,0,0.121,0,0.54,0,0.048,0.01,0.048,52.85,34.87
"2024-12-19 04:00:00",11114,12.28,403,0,0.123,-0.02,0.57,-0.003,0.051,0.007,0.053,52.9,35.18
"2024-12-19 04:30:00",11115,12.27,403,0,0.136,0,0.61,0,0.054,0.012,0.058,53.09,34.71
"2024-12-19 05:00:00",11116,12.27,403,0,0.173,0.09,0.68,0.008,0.06,0.015,0.058,52.65,35.33
"2024-12-19 05:30:00",11117,12.26,403,0,0.173,0.09,0.68,0.008,0.06,0.02,0.058,53.1,34.82
"2024-12-19 06:00:00",11118,12.27,403,0,0.105,-0.17,0.65,-0.016,0.058,0.003,0.056,52.62,34.09
"2024-12-19 06:30:00",11119,12.25,403,0,0.168,0.03,0.72,0.003,0.064,0.012,0.061,53.34,34.96
"2024-12-19 07:00:00",11120,12.26,403,0,0.159,0.06,0.65,0.005,0.058,0.017,0.061,52.67,34.96
"2024-12-19 07:30:00",11121,12.26,403,0,0.196,0.12,0.75,0.01,0.067,0.017,0.063,52.38,35.48
"2024-12-19 08:00:00",11122,12.25,403,0,0.195,0.06,0.81,0.005,0.072,0.015,0.068,53.87,35.59
"2024-12-19 08:30:00",11123,12.25,403,0,0.31,0.17,1.21,0.015,0.107,0.024,0.087,52.7,35.4
"2024-12-19 09:00:00",11124,12.25,403,0,0.619,0.7,2.04,0.062,0.181,0.061,0.135,58.3,36.64
"2024-12-19 09:30:00",11125,12.24,403,0,0.883,0.92,2.99,0.081,0.265,0.078,0.198,55.63,38.33
"2024-12-19 10:00:00",11126,12.25,403,0,1.242,1.33,4.17,0.117,0.369,0.109,0.265,53.78,38.52
"2024-12-19 10:30:00",11127,12.24,403,0,1.549,1.88,4.97,0.167,0.44,0.151,0.308,55.83,38.26
"2024-12-19 11:00:00",11128,12.26,403,0,1.638,2.02,5.22,0.179,0.462,0.163,0.334,56.87,39.54
"2024-12-19 11:30:00",11129,12.26,403,0,1.775,2.05,5.8,0.182,0.513,0.17,0.367,55.56,39.07
"2024-12-19 12:00:00",11130,12.26,403,0,1.859,2.21,6.01,0.196,0.532,0.179,0.38,55.87,39.38
"2024-12-19 12:30:00",11131,12.27,403,0,1.901,2.17,6.24,0.192,0.552,0.179,0.384,55.86,38.96
"2024-12-19 13:00:00",11132,12.27,403,0,1.957,2.24,6.42,0.198,0.568,0.181,0.397,54.42,38.34
"2024-12-19 13:30:00",11133,12.27,403,0,1.987,2.26,6.53,0.2,0.578,0.179,0.399,55.71,39.06
"2024-12-19 14:00:00",11134,12.28,403,0,2.001,2.34,6.51,0.207,0.576,0.19,0.397,56.54,39.63
"2024-12-19 14:30:00",11135,12.27,403,0,2.058,2.47,6.63,0.219,0.586,0.197,0.402,54.27,38.85
"2024-12-19 15:00:00",11136,12.27,403,0,1.982,2.25,6.52,0.199,0.577,0.181,0.394,54.98,38.65
"2024-12-19 15:30:00",11137,12.27,403,0,1.913,2.22,6.24,0.197,0.553,0.178,0.377,54.99,38.09
"2024-12-19 16:00:00",11138,12.27,403,0,1.77,2.09,5.74,0.185,0.508,0.165,0.345,55.23,38.18
"2024-12-19 16:30:00",11139,12.25,403,0,1.496,1.71,4.91,0.151,0.434,0.136,0.296,53.58,37.66
"2024-12-19 17:00:00",11140,12.26,403,0,1.182,1.32,3.91,0.117,0.346,0.108,0.237,53.43,36.95
"2024-12-19 17:30:00",11141,12.25,403,0,0.89,0.96,2.98,0.085,0.264,0.081,0.185,53.38,36.33
"2024-12-19 18:00:00",11142,12.23,403,0,0.654,0.63,2.27,0.056,0.201,0.056,0.146,52.78,36.13
"2024-12-19 18:30:00",11143,12.23,403,0,0.473,0.37,1.73,0.033,0.153,0.039,0.116,53.9,36.03
"2024-12-19 19:00:00",11144,12.24,403,0,0.41,0.32,1.5,0.028,0.133,0.034,0.102,53.24,35.36
"2024-12-19 19:30:00",11145,12.22,403,0,0.349,0.26,1.29,0.023,0.114,0.029,0.09,52.81,35.1
"2024-12-19 20:00:00",11146,12.23,403,0,0.292,0.17,1.13,0.015,0.1,0.025,0.078,51.6,35.67
"2024-12-19 20:30:00",11147,12.23,403,0,0.263,0.17,1,0.015,0.088,0.022,0.076,52.81,34.84
"2024-12-19 21:00:00",11148,12.22,403,0,0.236,0.12,0.93,0.01,0.082,0.02,0.068,51.97,35.07
"2024-12-19 21:30:00",11149,12.21,403,0,0.22,0.12,0.86,0.01,0.076,0.02,0.066,52.45,35.3
"2024-12-19 22:00:00",11150,12.21,403,0,0.19,0.06,0.79,0.005,0.07,0.012,0.064,53.52,34.99
"2024-12-19 22:30:00",11151,12.21,403,0,0.158,-0.05,0.76,-0.005,0.067,0.007,0.061,51.79,35.15
"2024-12-19 23:00:00",11152,12.19,403,0,0.183,0.03,0.79,0.003,0.07,0.01,0.064,53.93,34.33
"2024-12-19 23:30:00",11153,12.2,403,0,0.182,0.06,0.75,0.005,0.066,0.012,0.058,52.26,34.95
"2024-12-20 00:00:00",11154,12.2,403,0,0.183,0.03,0.79,0.003,0.07,0.012,0.064,52.06,35.17
"2024-12-20 00:30:00",11155,12.18,403,0,0.181,0.03,0.78,0.003,0.069,0.012,0.061,53.41,34.87
"2024-12-20 01:00:00",11156,12.19,403,0,0.175,0.06,0.72,0.005,0.064,0.015,0.056,52.67,35.52
"2024-12-20 01:30:00",11157,12.19,403,0,0.14,-0.08,0.71,-0.008,0.063,0.002,0.058,53.13,35.41
"2024-12-20 02:00:00",11158,12.18,403,0,0.133,-0.08,0.68,-0.008,0.06,0.005,0.056,51.94,35.46
"2024-12-20 02:30:00",11159,12.19,403,0,0.126,-0.11,0.68,-0.01,0.06,0,0.058,52.84,35.12
"2024-12-20 03:00:00",11160,12.18,403,0,0.15,0,0.67,0,0.06,0.007,0.058,52.96,35.25
"2024-12-20 03:30:00",11161,12.19,403,0,0.213,0.11,0.84,0.01,0.075,0.015,0.063,52.82,35.67
"2024-12-20 04:00:00",11162,12.2,403,0,0.207,0.11,0.81,0.01,0.071,0.017,0.063,53.28,34.9
"2024-12-20 04:30:00",11163,12.2,403,0,0.229,0.11,0.91,0.01,0.08,0.014,0.07,53.08,35.62
"2024-12-20 05:00:00",11164,12.2,403,0,0.213,0.08,0.87,0.008,0.077,0.014,0.07,52.54,35.79
"2024-12-20 05:30:00",11165,12.2,403,0,0.224,0.09,0.91,0.008,0.081,0.017,0.071,52.31,35.41
"2024-12-20 06:00:00",11166,12.2,403,0,0.226,0.03,0.98,0.003,0.086,0.012,0.073,51.29,35.88
"2024-12-20 06:30:00",11167,12.19,403,0,0.226,0.06,0.95,0.005,0.084,0.012,0.073,52.58,35.27
"2024-12-20 07:00:00",11168,12.19,403,0,0.245,0.11,0.98,0.01,0.087,0.017,0.075,54.02,35.22
"2024-12-20 07:30:00",11169,12.18,403,0,0.251,0.11,1.01,0.01,0.09,0.019,0.073,54.12,34.91
"2024-12-20 08:00:00",11170,12.19,403,0,0.244,0.08,1.01,0.008,0.089,0.012,0.075,53.19,36.14
"2024-12-20 08:30:00",11171,12.18,403,0,0.296,0.14,1.18,0.012,0.104,0.022,0.085,53.31,35.6
"2024-12-20 09:00:00",11172,12.18,403,0,0.353,0.23,1.34,0.02,0.119,0.024,0.092,53.79,36.08
"2024-12-20 09:30:00",11173,12.19,403,0,0.425,0.31,1.58,0.027,0.139,0.034,0.104,53.76,35.37
"2024-12-20 10:00:00",11174,12.19,403,0,0.436,0.28,1.66,0.025,0.147,0.029,0.113,53.45,36.55
