"TOA5","CR300Series_311","CR300","3917","CR300.Std.11.00","CPU:CR300_sapflow.CR300","32345","Table1"
"TIMESTAMP","RECORD","BattV_Min","id","SDI0","SapFlwTot0","VhOuter0","VhInner0","AlphaOut0","AlphaIn0","BetaOut0","BetaIn0","tMaxTout0","tMaxTin0"
"TS","RN","Volts","","","literPerHour","heatVelocity","heatVelocity","logTRatio","logTRatio","logTRatio","logTRatio","second","second"
"","","Min","Smp","Smp","Smp","Smp","Smp","Smp","Smp","Smp","Smp","Smp","Smp"
"2025-05-29 17:00:00",16566,12.98,311,0,2.853,2.99,6.01,0.264,0.532,0.302,0.698,51.29,31.66
"2025-05-29 17:30:00",16567,12.97,311,0,2.81,3.07,5.79,0.272,0.513,0.313,0.681,50.46,31.4
"2025-05-29 18:00:00",16568,12.97,311,0,2.693,2.95,5.54,0.261,0.49,0.301,0.665,50.98,31.77
"2025-05-29 18:30:00",16569,12.97,311,0,2.585,2.85,5.3,0.252,0.469,0.288,0.649,51.7,30.99
"2025-05-29 19:00:00",16570,12.97,311,0,2.529,2.83,5.14,0.251,0.455,0.295,0.641,51.45,30.99
"2025-05-29 19:30:00",16571,12.97,311,0,2.446,2.76,4.95,0.244,0.438,0.288,0.633,51.78,30.89
"2025-05-29 20:00:00",16572,12.97,311,0,2.329,2.63,4.71,0.232,0.417,0.279,0.616,51.5,31.46
"2025-05-29 20:30:00",16573,12.96,311,0,2.263,2.57,4.56,0.228,0.403,0.273,0.604,51.04,30.99
"2025-05-29 21:00:00",16574,12.96,311,0,2.222,2.55,4.45,0.225,0.394,0.27,0.598,51.59,30.72
"2025-05-29 21:30:00",16575,12.96,311,0,2.168,2.51,4.32,0.222,0.382,0.265,0.592,52.17,30.46
"2025-05-29 22:00:00",16576,12.96,311,0,2.14,2.51,4.23,0.222,0.375,0.265,0.584,51.59,30.87
"2025-05-29 22:30:00",16577,12.95,311,0,2.083,2.44,4.12,0.216,0.365,0.262,0.578,51.51,31.04
"2025-05-29 23:00:00",16578,12.95,311,0,2.08,2.45,4.1,0.217,0.363,0.262,0.575,50.74,30.84
"2025-05-29 23:30:00",16579,12.95,311,0,2.067,2.43,4.08,0.215,0.361,0.26,0.575,51.83,30.53
"2025-05-30 00:00:00",16580,12.95,311,0,2.051,2.44,4.02,0.216,0.355,0.26,0.566,51.04,30.58
"2025-05-30 00:30:00",16581,12.95,311,0,2.026,2.4,3.98,0.213,0.352,0.256,0.566,50.68,30.63
"2025-05-30 01:00:00",16582,12.95,311,0,2.007,2.39,3.93,0.211,0.348,0.257,0.564,50.69,30.48
"2025-05-30 01:30:00",16583,12.94,311,0,1.994,2.36,3.92,0.208,0.347,0.254,0.561,50.81,30.59
"2025-05-30 02:00:00",16584,12.94,311,0,1.991,2.36,3.91,0.209,0.346,0.253,0.559,50.76,30.96
"2025-05-30 02:30:00",16585,12.94,311,0,1.959,2.33,3.84,0.206,0.34,0.252,0.555,51.33,30.02
"2025-05-30 03:00:00",16586,12.94,311,0,1.969,2.36,3.84,0.208,0.34,0.255,0.558,50.95,30.48
"2025-05-30 03:30:00",16587,12.94,311,0,1.947,2.33,3.8,0.206,0.336,0.25,0.555,51.12,30.64
"2025-05-30 04:00:00",16588,12.94,311,0,1.95,2.36,3.78,0.208,0.334,0.255,0.553,50.96,30.64
"2025-05-30 04:30:00",16589,12.94,311,0,1.953,2.32,3.83,0.206,0.339,0.252,0.553,50.96,30.49
"2025-05-30 05:00:00",16590,12.93,311,0,1.94,2.31,3.8,0.204,0.336,0.251,0.552,50.93,30.44
"2025-05-30 05:30:00",16591,12.93,311,0,1.943,2.32,3.8,0.206,0.336,0.25,0.553,51.05,30.58
"2025-05-30 06:00:00",16592,12.93,311,0,1.94,2.33,3.78,0.206,0.334,0.252,0.553,51.08,30.6
"2025-05-30 06:30:00",16593,12.93,311,0,1.918,2.27,3.77,0.201,0.334,0.241,0.548,51.43,30.39
"2025-05-30 07:00:00",16594,12.93,311,0,1.902,2.29,3.7,0.202,0.328,0.246,0.542,51.36,30.22
"2025-05-30 07:30:00",16595,12.93,311,0,1.915,2.3,3.73,0.203,0.33,0.248,0.544,51.58,30.28
"2025-05-30 08:00:00",16596,12.93,311,0,1.941,2.36,3.75,0.209,0.332,0.247,0.542,52.89,31.17
"2025-05-30 08:30:00",16597,12.93,311,0,2.016,2.42,3.93,0.214,0.348,0.255,0.557,52.06,30.91
"2025-05-30 09:00:00",16598,12.93,311,0,2.076,2.44,4.1,0.216,0.363,0.264,0.571,51.05,31.15
"2025-05-30 09:30:00",16599,12.93,311,0,2.043,2.27,4.17,0.201,0.369,0.245,0.571,52.48,30.78
"2025-05-30 10:00:00",16600,12.93,311,0,2.28,2.75,4.43,0.244,0.392,0.283,0.592,52.03,31.57
"2025-05-30 10:30:00",16601,12.93,311,0,2.225,2.6,4.41,0.23,0.391,0.249,0.571,55.72,31.93
"2025-05-30 11:00:00",16602,12.93,311,0,2.449,2.72,5,0.241,0.443,0.259,0.614,56.44,31.82
"2025-05-30 11:30:00",16603,12.93,311,0,2.722,2.98,5.6,0.263,0.496,0.313,0.676,49.25,31.69
"2025-05-30 12:00:00",16604,12.93,311,0,2.95,3.24,6.06,0.286,0.537,0.318,0.699,52.64,31.61
"2025-05-30 12:30:00",16605,12.93,311,0,3.039,3.09,6.5,0.273,0.576,0.309,0.722,51.66,32.19
"2025-05-30 13:00:00",16606,12.93,311,0,3.243,3.32,6.91,0.294,0.612,0.327,0.754,52.13,32.34
"2025-05-30 13:30:00",16607,12.93,311,0,3.35,3.36,7.21,0.298,0.639,0.324,0.767,52.81,32.76
"2025-05-30 14:00:00",16608,12.93,311,0,3.394,3.37,7.34,0.298,0.65,0.332,0.778,52.88,32.27
"2025-05-30 14:30:00",16609,12.93,311,0,3.396,3.31,7.41,0.293,0.656,0.323,0.787,53.43,33.4
"2025-05-30 15:00:00",16610,12.93,311,0,3.45,3.39,7.5,0.3,0.664,0.327,0.788,54.58,32.89
"2025-05-30 15:30:00",16611,12.93,311,0,3.486,3.51,7.49,0.31,0.663,0.338,0.784,53.48,32.21
"2025-05-30 16:00:00",16612,12.92,311,0,3.285,3.16,7.21,0.28,0.638,0.311,0.77,53.52,33.49
"2025-05-30 16:30:00",16613,12.92,311,0,3.229,3.19,7,0.283,0.62,0.324,0.76,50.74,32.37
"2025-05-30 17:00:00",16614,12.92,311,0,3.182,3.26,6.78,0.289,0.6,0.317,0.744,53.09,32.07
"2025-05-30 17:30:00",16615,12.92,311,0,2.961,3.07,6.27,0.272,0.555,0.308,0.709,51.07,31.29
"2025-05-30 18:00:00",16616,12.92,311,0,2.832,3.06,5.87,0.271,0.52,0.309,0.688,51.65,31.35
"2025-05-30 18:30:00",16617,12.92,311,0,2.683,2.93,5.53,0.259,0.489,0.298,0.664,51.83,31.39
"2025-05-30 19:00:00",16618,12.92,311,0,2.592,2.86,5.31,0.253,0.47,0.29,0.652,51.58,30.98
"2025-05-30 19:30:00",16619,12.91,311,0,2.494,2.78,5.08,0.246,0.449,0.285,0.636,51.7,31.81
"2025-05-30 20:00:00",16620,12.91,311,0,2.348,2.62,4.78,0.232,0.423,0.272,0.615,50.4,30.77
"2025-05-30 20:30:00",16621,12.91,311,0,2.288,2.63,4.58,0.232,0.405,0.272,0.606,51.09,31.04
"2025-05-30 21:00:00",16622,12.9,311,0,2.288,2.6,4.61,0.231,0.408,0.274,0.609,51.69,31.47
"2025-05-30 21:30:00",16623,12.9,311,0,2.282,2.58,4.61,0.229,0.408,0.273,0.606,49.65,31.26
"2025-05-30 22:00:00",16624,12.9,311,0,2.438,2.86,4.82,0.253,0.427,0.298,0.624,51.09,30.78
"2025-05-30 22:30:00",16625,12.9,311,0,2.333,2.66,4.69,0.236,0.415,0.274,0.623,50.92,31.27
"2025-05-30 23:00:00",16626,12.89,311,0,2.266,2.62,4.52,0.232,0.4,0.274,0.601,50.9,31.83
"2025-05-30 23:30:00",16627,12.89,311,0,2.231,2.55,4.48,0.226,0.397,0.273,0.609,49.87,31.06
"2025-05-31 00:00:00",16628,12.89,311,0,2.273,2.68,4.48,0.237,0.397,0.281,0.602,51.75,30.44
"2025-05-31 00:30:00",16629,12.88,311,0,2.269,2.62,4.53,0.231,0.401,0.273,0.604,51.97,30.66
"2025-05-31 01:00:00",16630,12.89,311,0,2.254,2.61,4.49,0.231,0.398,0.273,0.598,51.07,31.43
"2025-05-31 01:30:00",16631,12.88,311,0,2.25,2.58,4.51,0.229,0.399,0.274,0.596,48.32,30.75
"2025-05-31 02:00:00",16632,12.88,311,0,2.225,2.53,4.48,0.224,0.397,0.268,0.599,50.59,31.61
"2025-05-31 02:30:00",16633,12.88,311,0,2.254,2.63,4.47,0.233,0.395,0.275,0.605,51.02,32.45
"2025-05-31 03:00:00",16634,12.87,311,0,2.237,2.54,4.51,0.225,0.399,0.272,0.602,51.59,30
"2025-05-31 03:30:00",16635,12.87,311,0,2.238,2.64,4.41,0.233,0.39,0.276,0.596,49.95,30.56
"2025-05-31 04:00:00",16636,12.87,311,0,2.27,2.69,4.46,0.238,0.395,0.274,0.604,53.64,31.34
"2025-05-31 04:30:00",16637,12.87,311,0,2.239,2.67,4.38,0.237,0.388,0.28,0.591,49.37,31.23
"2025-05-31 05:00:00",16638,12.87,311,0,2.181,2.58,4.29,0.229,0.379,0.272,0.586,52.75,29.77
"2025-05-31 05:30:00",16639,12.87,311,0,2.241,2.64,4.42,0.233,0.391,0.274,0.606,51.49,31
"2025-05-31 06:00:00",16640,12.86,311,0,2.339,2.67,4.7,0.236,0.416,0.277,0.607,53.39,29.32
"2025-05-31 06:30:00",16641,12.86,311,0,2.403,2.78,4.79,0.246,0.424,0.284,0.613,52.94,30.78
"2025-05-31 07:00:00",16642,12.86,311,0,2.558,2.89,5.17,0.255,0.458,0.293,0.645,52.42,31.66
"2025-05-31 07:30:00",16643,12.86,311,0,2.68,2.9,5.55,0.257,0.492,0.292,0.661,52.12,32.04
"2025-05-31 08:00:00",16644,12.86,311,0,2.74,2.98,5.66,0.263,0.501,0.296,0.666,53.49,31.75
"2025-05-31 08:30:00",16645,12.86,311,0,2.859,3.23,5.78,0.286,0.512,0.311,0.674,54.5,33.2
"2025-05-31 09:00:00",16646,12.86,311,0,2.581,2.4,5.75,0.213,0.509,0.254,0.676,50.72,32.74
"2025-05-31 09:30:00",16647,12.86,311,0,3.164,3.6,6.37,0.318,0.564,0.327,0.703,57.27,33.46
"2025-05-31 10:00:00",16648,12.86,311,0,2.813,2.69,6.19,0.238,0.548,0.282,0.701,50.59,33.44
"2025-05-31 10:30:00",16649,12.87,311,0,3.221,3.38,6.78,0.299,0.6,0.341,0.74,50.41,31.85
"2025-05-31 11:00:00",16650,12.87,311,0,3.112,3.16,6.66,0.28,0.589,0.306,0.728,55.77,31.7
"2025-05-31 11:30:00",16651,12.87,311,0,3.273,3.55,6.77,0.314,0.599,0.328,0.733,55.98,31.77
"2025-05-31 12:00:00",16652,12.87,311,0,3.253,3.39,6.87,0.3,0.608,0.327,0.756,52.75,32.97
"2025-05-31 12:30:00",16653,12.87,311,0,3.27,3.26,7.06,0.288,0.625,0.322,0.754,51.36,32.82
"2025-05-31 13:00:00",16654,12.87,311,0,3.367,3.5,7.12,0.31,0.631,0.337,0.765,54.09,32.96
"2025-05-31 13:30:00",16655,12.87,311,0,3.26,3.15,7.14,0.279,0.632,0.311,0.761,52.73,33.11
"2025-05-31 14:00:00",16656,12.86,311,0,3.404,3.44,7.3,0.305,0.646,0.337,0.783,51.7,32.91
"2025-05-31 14:30:00",16657,12.87,311,0,3.42,3.48,7.31,0.308,0.647,0.329,0.773,54.77,32.65
"2025-05-31 15:00:00",16658,12.87,311,0,3.493,3.59,7.43,0.318,0.658,0.351,0.788,51.87,31.82
"2025-05-31 15:30:00",16659,12.87,311,0,2.926,3.02,6.21,0.267,0.55,0.29,0.701,55.04,32.24
"2025-05-31 16:00:00",16660,12.87,311,0,2.923,3.35,5.86,0.297,0.518,0.314,0.673,56.73,32.26
"2025-05-31 16:30:00",16661,12.86,311,0,2.824,2.9,6.01,0.257,0.532,0.28,0.687,54.68,32.29
"2025-05-31 17:00:00",16662,12.86,311,0,3.253,3.38,6.88,0.299,0.609,0.331,0.745,52.82,31.94
"2025-05-31 17:30:00",16663,12.86,311,0,3.22,3.25,6.91,0.288,0.612,0.318,0.748,52.39,32.6
"2025-05-31 18:00:00",16664,12.86,311,0,3.214,3.31,6.83,0.293,0.605,0.327,0.748,50.94,32.14
"2025-05-31 18:30:00",16665,12.86,311,0,3.148,3.24,6.69,0.287,0.592,0.327,0.742,52.04,31.73
"2025-05-31 19:00:00",16666,12.86,311,0,3.021,3.11,6.42,0.275,0.568,0.315,0.724,50.39,32.41
"2025-05-31 19:30:00",16667,12.86,311,0,2.921,3.13,6.08,0.277,0.538,0.315,0.703,52.01,31.95
"2025-05-31 20:00:00",16668,12.85,311,0,2.801,3.07,5.76,0.272,0.509,0.312,0.682,51.47,31.42
"2025-05-31 20:30:00",16669,12.85,311,0,2.643,2.94,5.39,0.26,0.477,0.302,0.659,51.01,30.95
"2025-05-31 21:00:00",16670,12.85,311,0,2.513,2.87,5.05,0.254,0.447,0.295,0.638,51.28,31.38
"2025-05-31 21:30:00",16671,12.84,311,0,2.435,2.82,4.85,0.249,0.429,0.292,0.628,51.03,31.12
"2025-05-31 22:00:00",16672,12.84,311,0,2.33,2.68,4.66,0.237,0.412,0.278,0.611,51.61,30.45
"2025-05-31 22:30:00",16673,12.83,311,0,2.301,2.62,4.63,0.232,0.41,0.28,0.613,50.66,31.02
"2025-05-31 23:00:00",16674,12.83,311,0,2.33,2.73,4.61,0.242,0.408,0.285,0.609,50.58,30.24
"2025-05-31 23:30:00",16675,12.83,311,0,2.295,2.65,4.58,0.235,0.405,0.28,0.606,50.31,30.5
"2025-06-01 00:00:00",16676,12.82,311,0,2.283,2.68,4.51,0.237,0.399,0.278,0.6,50.9,30.82
"2025-06-01 00:30:00",16677,12.82,311,0,2.196,2.45,4.47,0.216,0.395,0.265,0.603,50.42,30.77
"2025-06-01 01:00:00",16678,12.82,311,0,2.147,2.35,4.42,0.208,0.391,0.258,0.597,50.84,30.93
"2025-06-01 01:30:00",16679,12.82,311,0,2.229,2.61,4.41,0.231,0.39,0.276,0.59,50.18,31.09
"2025-06-01 02:00:00",16680,12.81,311,0,2.213,2.58,4.39,0.228,0.389,0.272,0.592,50.74,31.65
"2025-06-01 02:30:00",16681,12.81,311,0,2.222,2.59,4.41,0.229,0.39,0.273,0.594,51.47,30.41
"2025-06-01 03:00:00",16682,12.81,311,0,2.226,2.65,4.36,0.235,0.386,0.28,0.592,51.28,30.78
"2025-06-01 03:30:00",16683,12.81,311,0,2.232,2.64,4.39,0.233,0.389,0.277,0.595,50.44,30.78
"2025-06-01 04:00:00",16684,12.81,311,0,2.226,2.64,4.37,0.234,0.387,0.281,0.595,50.52,30.85
"2025-06-01 04:30:00",16685,12.81,311,0,2.219,2.63,4.36,0.232,0.386,0.277,0.59,50.31,31.05
"2025-06-01 05:00:00",16686,12.8,311,0,2.22,2.66,4.33,0.235,0.383,0.281,0.59,51.29,30.37
"2025-06-01 05:30:00",16687,12.8,311,0,2.217,2.66,4.32,0.236,0.382,0.281,0.589,50.5,30.58
"2025-06-01 06:00:00",16688,12.8,311,0,2.235,2.62,4.42,0.232,0.391,0.276,0.593,51.44,30.53
"2025-06-01 06:30:00",16689,12.8,311,0,2.209,2.58,4.38,0.228,0.388,0.272,0.594,50.71,30.63
"2025-06-01 07:00:00",16690,12.79,311,0,2.206,2.58,4.37,0.229,0.387,0.27,0.588,51.81,30.89
"2025-06-01 07:30:00",16691,12.79,311,0,2.25,2.57,4.52,0.228,0.4,0.268,0.593,52.58,31.51
"2025-06-01 08:00:00",16692,12.79,311,0,2.332,2.65,4.7,0.235,0.416,0.268,0.602,52.15,31.24
"2025-06-01 08:30:00",16693,12.79,311,0,2.536,2.94,5.05,0.26,0.447,0.286,0.62,54.03,31.89
"2025-06-01 09:00:00",16694,12.79,311,0,2.468,2.38,5.41,0.21,0.479,0.249,0.652,52.79,32.06
"2025-06-01 09:30:00",16695,12.8,311,0,2.947,3.23,6.06,0.286,0.537,0.308,0.692,54.28,32.41
"2025-06-01 10:00:00",16696,12.8,311,0,2.9,2.98,6.17,0.263,0.546,0.285,0.692,55.32,33.19
"2025-06-01 10:30:00",16697,12.81,311,0,3.209,3.4,6.72,0.301,0.594,0.328,0.736,52.13,32.91
"2025-06-01 11:00:00",16698,12.81,311,0,3.361,3.52,7.08,0.312,0.626,0.334,0.759,54.78,32.81
"2025-06-01 11:30:00",16699,12.81,311,0,3.34,3.37,7.17,0.298,0.635,0.33,0.769,52.1,33.31
"2025-06-01 12:00:00",16700,12.82,311,0,3.441,3.42,7.44,0.302,0.659,0.34,0.794,51.37,32.82
"2025-06-01 12:30:00",16701,12.82,311,0,3.475,3.38,7.59,0.299,0.672,0.331,0.8,51.99,33.03
"2025-06-01 13:00:00",16702,12.82,311,0,3.584,3.61,7.7,0.32,0.681,0.347,0.804,52.22,32.99
"2025-06-01 13:30:00",16703,12.82,311,0,3.582,3.68,7.62,0.326,0.674,0.348,0.795,53.88,32.83
"2025-06-01 14:00:00",16704,12.82,311,0,3.442,3.47,7.39,0.307,0.654,0.334,0.786,53.99,33.53
"2025-06-01 14:30:00",16705,12.82,311,0,3.406,3.38,7.37,0.299,0.652,0.325,0.777,52.65,32.44
"2025-06-01 15:00:00",16706,12.82,311,0,3.432,3.48,7.35,0.308,0.65,0.333,0.778,52.9,33.12
"2025-06-01 15:30:00",16707,12.82,311,0,3.417,3.48,7.3,0.308,0.646,0.336,0.778,52.94,32.75
"2025-06-01 16:00:00",16708,12.82,311,0,3.411,3.55,7.21,0.314,0.638,0.342,0.772,53.25,31.7
"2025-06-01 16:30:00",16709,12.82,311,0,3.306,3.4,7.03,0.301,0.622,0.336,0.759,51.91,31.45
"2025-06-01 17:00:00",16710,12.82,311,0,3.294,3.48,6.91,0.308,0.612,0.345,0.753,52.19,31.98
"2025-06-01 17:30:00",16711,12.82,311,0,3.225,3.44,6.73,0.305,0.596,0.338,0.742,51.84,32.04
"2025-06-01 18:00:00",16712,12.82,311,0,3.051,3.26,6.36,0.289,0.563,0.328,0.721,51.66,32.44
"2025-06-01 18:30:00",16713,12.81,311,0,2.857,3.02,5.99,0.267,0.53,0.31,0.696,52.03,31.15
"2025-06-01 19:00:00",16714,12.81,311,0,2.766,3.02,5.7,0.268,0.504,0.312,0.68,50.99,31.77
"2025-06-01 19:30:00",16715,12.81,311,0,2.668,2.99,5.42,0.265,0.48,0.305,0.659,51.28,31.64
"2025-06-01 20:00:00",16716,12.81,311,0,2.522,2.83,5.12,0.251,0.453,0.293,0.641,51.32,31.26
"2025-06-01 20:30:00",16717,12.8,311,0,2.434,2.76,4.91,0.245,0.434,0.29,0.627,50.76,31.12
"2025-06-01 21:00:00",16718,12.8,311,0,2.342,2.69,4.69,0.238,0.415,0.283,0.613,50.35,31.12
"2025-06-01 21:30:00",16719,12.79,311,0,2.295,2.66,4.57,0.235,0.404,0.281,0.603,50.82,31.33
"2025-06-01 22:00:00",16720,12.79,311,0,2.247,2.61,4.47,0.231,0.395,0.276,0.598,51.02,30.96
"2025-06-01 22:30:00",16721,12.78,311,0,2.2,2.57,4.36,0.227,0.386,0.273,0.589,50.55,30.91
"2025-06-01 23:00:00",16722,12.78,311,0,2.169,2.57,4.26,0.227,0.377,0.271,0.584,51.66,30.5
"2025-06-01 23:30:00",16723,12.78,311,0,2.159,2.56,4.24,0.227,0.376,0.27,0.582,50.76,30.7
"2025-06-02 00:00:00",16724,12.78,311,0,2.121,2.53,4.15,0.224,0.367,0.268,0.579,50.66,30.6
"2025-06-02 00:30:00",16725,12.78,311,0,2.111,2.49,4.16,0.221,0.368,0.265,0.579,51.02,30.96
"2025-06-02 01:00:00",16726,12.78,311,0,2.095,2.47,4.13,0.219,0.366,0.263,0.573,50.62,30.71
"2025-06-02 01:30:00",16727,12.77,311,0,2.108,2.49,4.15,0.22,0.367,0.266,0.578,51.02,30.7
"2025-06-02 02:00:00",16728,12.77,311,0,2.105,2.53,4.1,0.224,0.362,0.268,0.577,50.66,30.86
"2025-06-02 02:30:00",16729,12.77,311,0,2.067,2.48,4.03,0.22,0.356,0.262,0.57,51.2,30.87
"2025-06-02 03:00:00",16730,12.77,311,0,2.071,2.5,4.02,0.221,0.355,0.263,0.566,51.14,31.07
"2025-06-02 03:30:00",16731,12.77,311,0,2.08,2.48,4.07,0.22,0.36,0.264,0.57,50.71,30.49
"2025-06-02 04:00:00",16732,12.77,311,0,2.067,2.49,4.02,0.22,0.356,0.266,0.571,50.78,30.45
"2025-06-02 04:30:00",16733,12.77,311,0,2.064,2.47,4.03,0.219,0.356,0.262,0.564,51.56,30.66
"2025-06-02 05:00:00",16734,12.77,311,0,2.08,2.52,4.03,0.223,0.357,0.27,0.57,50.01,30.35
"2025-06-02 05:30:00",16735,12.77,311,0,2.096,2.54,4.06,0.225,0.359,0.272,0.571,49.96,31.14
"2025-06-02 06:00:00",16736,12.76,311,0,2.08,2.49,4.06,0.221,0.359,0.267,0.572,50.9,30.67
"2025-06-02 06:30:00",16737,12.76,311,0,2.071,2.52,4,0.223,0.354,0.269,0.567,51.2,30.45
"2025-06-02 07:00:00",16738,12.76,311,0,2.105,2.53,4.1,0.224,0.363,0.268,0.573,51.41,30.77
"2025-06-02 07:30:00",16739,12.76,311,0,2.165,2.52,4.3,0.223,0.38,0.267,0.583,52.19,30.04
"2025-06-02 08:00:00",16740,12.76,311,0,2.459,2.79,4.96,0.247,0.439,0.281,0.621,52.39,31.49
"2025-06-02 08:30:00",16741,12.76,311,0,2.881,3.26,5.82,0.289,0.515,0.307,0.676,53.59,32.27
"2025-06-02 09:00:00",16742,12.76,311,0,2.416,1.94,5.7,0.171,0.504,0.218,0.67,51.03,33.46
"2025-06-02 09:30:00",16743,12.76,311,0,3.247,3.7,6.53,0.327,0.578,0.336,0.714,57.72,33.24
"2025-06-02 10:00:00",16744,12.76,311,0,2.953,2.95,6.37,0.261,0.564,-99,0.702,58.32,33.85
"2025-06-02 10:30:00",16745,12.77,311,0,3.212,3.36,6.77,0.297,0.599,0.324,0.736,53.55,33.1
"2025-06-02 11:00:00",16746,12.77,311,0,3.325,3.38,7.11,0.299,0.629,0.33,0.766,52.63,33
"2025-06-02 11:30:00",16747,12.77,311,0,3.427,3.56,7.25,0.315,0.641,0.343,0.778,52.17,32.7
"2025-06-02 12:00:00",16748,12.78,311,0,3.445,3.48,7.39,0.308,0.654,0.342,0.782,51.22,32.84
"2025-06-02 12:30:00",16749,12.78,311,0,3.493,3.54,7.48,0.313,0.662,0.348,0.787,52.07,32.28
"2025-06-02 13:00:00",16750,12.78,311,0,3.55,3.64,7.56,0.322,0.67,0.354,0.794,51.34,32.39
"2025-06-02 13:30:00",16751,12.78,311,0,3.576,3.69,7.59,0.326,0.672,0.353,0.792,54.52,32.96
"2025-06-02 14:00:00",16752,12.77,311,0,3.423,3.46,7.34,0.306,0.65,0.331,0.777,54.77,32.91
"2025-06-02 14:30:00",16753,12.77,311,0,3.455,3.52,7.38,0.311,0.653,0.338,0.783,54.15,33.95
"2025-06-02 15:00:00",16754,12.77,311,0,3.493,3.62,7.4,0.32,0.655,0.347,0.785,53.5,33.05
"2025-06-02 15:30:00",16755,12.77,311,0,3.336,3.3,7.23,0.292,0.64,0.33,0.774,52.94,33.16
"2025-06-02 16:00:00",16756,12.77,311,0,3.369,3.4,7.23,0.301,0.64,0.333,0.769,53.2,33.16
"2025-06-02 16:30:00",16757,12.77,311,0,3.437,3.62,7.22,0.32,0.639,0.352,0.77,52.63,32.85
"2025-06-02 17:00:00",16758,12.77,311,0,3.45,3.67,7.21,0.325,0.638,0.355,0.774,51.9,32.54
"2025-06-02 17:30:00",16759,12.77,311,0,3.373,3.51,7.13,0.311,0.631,0.344,0.769,52.16,32.95
"2025-06-02 18:00:00",16760,12.77,311,0,3.29,3.33,7.05,0.295,0.624,0.332,0.761,50.86,32.48
"2025-06-02 18:30:00",16761,12.77,311,0,3.234,3.39,6.81,0.3,0.603,0.333,0.751,51.6,32.54
"2025-06-02 19:00:00",16762,12.76,311,0,3.162,3.38,6.59,0.299,0.583,0.337,0.733,51.45,31.98
"2025-06-02 19:30:00",16763,12.76,311,0,3.022,3.21,6.32,0.284,0.559,0.327,0.716,51.05,32.4
"2025-06-02 20:00:00",16764,12.76,311,0,2.934,3.19,6.06,0.283,0.536,0.326,0.703,50.82,31.44
"2025-06-02 20:30:00",16765,12.76,311,0,2.824,3.14,5.76,0.278,0.51,0.319,0.688,51.2,31.7
"2025-06-02 21:00:00",16766,12.75,311,0,2.669,3.01,5.4,0.267,0.478,0.311,0.662,51.11,31.45
"2025-06-02 21:30:00",16767,12.75,311,0,2.548,2.91,5.12,0.258,0.453,0.302,0.64,50.91,31.25
"2025-06-02 22:00:00",16768,12.74,311,0,2.454,2.83,4.9,0.25,0.434,0.297,0.626,50.76,31.52
"2025-06-02 22:30:00",16769,12.74,311,0,2.428,2.81,4.84,0.248,0.428,0.295,0.621,51.13,30.64
"2025-06-02 23:00:00",16770,12.73,311,0,2.365,2.75,4.7,0.244,0.416,0.291,0.61,49.98,31.15
"2025-06-02 23:30:00",16771,12.73,311,0,2.305,2.68,4.58,0.237,0.405,0.282,0.608,50.96,30.73
"2025-06-03 00:00:00",16772,12.73,311,0,2.28,2.7,4.48,0.239,0.396,0.284,0.602,50.4,30.89
"2025-06-03 00:30:00",16773,12.72,311,0,2.216,2.58,4.4,0.228,0.39,0.276,0.592,51.24,31.15
"2025-06-03 01:00:00",16774,12.72,311,0,2.226,2.64,4.37,0.234,0.386,0.281,0.592,51.18,31.51
"2025-06-03 01:30:00",16775,12.72,311,0,2.226,2.64,4.37,0.234,0.386,0.28,0.592,50.33,30.67
"2025-06-03 02:00:00",16776,12.72,311,0,2.213,2.63,4.34,0.233,0.384,0.28,0.594,51.17,30.68
"2025-06-03 02:30:00",16777,12.72,311,0,2.197,2.6,4.32,0.23,0.382,0.277,0.591,50.48,30.82
"2025-06-03 03:00:00",16778,12.71,311,0,2.191,2.6,4.3,0.23,0.381,0.28,0.589,50.77,30.84
"2025-06-03 03:30:00",16779,12.71,311,0,2.188,2.62,4.27,0.232,0.378,0.275,0.586,50.66,30.58
"2025-06-03 04:00:00",16780,12.71,311,0,2.169,2.6,4.23,0.23,0.374,0.277,0.581,51.13,30.64
"2025-06-03 04:30:00",16781,12.71,311,0,2.149,2.54,4.23,0.225,0.374,0.273,0.581,51.24,30.32
"2025-06-03 05:00:00",16782,12.71,311,0,2.156,2.56,4.23,0.226,0.374,0.272,0.581,50.72,31.05
"2025-06-03 05:30:00",16783,12.71,311,0,2.153,2.56,4.22,0.226,0.373,0.272,0.58,51.6,31.37
"2025-06-03 06:00:00",16784,12.71,311,0,2.163,2.6,4.21,0.23,0.372,0.276,0.581,50.72,31.05
"2025-06-03 06:30:00",16785,12.7,311,0,2.188,2.59,4.3,0.23,0.38,0.273,0.58,51.39,31.05
"2025-06-03 07:00:00",16786,12.7,311,0,2.197,2.58,4.34,0.228,0.384,0.268,0.585,52.06,30.73
"2025-06-03 07:30:00",16787,12.7,311,0,2.238,2.58,4.47,0.228,0.396,0.266,0.588,52.24,31.49
"2025-06-03 08:00:00",16788,12.71,311,0,2.269,2.59,4.56,0.229,0.403,0.263,0.592,53.54,32.07
"2025-06-03 08:30:00",16789,12.71,311,0,2.351,2.65,4.76,0.235,0.421,0.264,0.603,53.83,31.95
"2025-06-03 09:00:00",16790,12.71,311,0,2.08,1.89,4.68,0.167,0.415,0.208,0.596,52.82,32.35
"2025-06-03 09:30:00",16791,12.71,311,0,2.916,3.25,5.94,0.288,0.525,0.304,0.673,56.66,33.7
"2025-06-03 10:00:00",16792,12.72,311,0,2.912,2.87,6.32,0.254,0.559,0.281,0.701,55.12,33
"2025-06-03 10:30:00",16793,12.72,311,0,3.249,3.35,6.9,0.296,0.61,0.322,0.744,53.29,33.52
"2025-06-03 11:00:00",16794,12.72,311,0,3.368,3.37,7.26,0.299,0.643,0.327,0.774,53.8,33.62
"2025-06-03 11:30:00",16795,12.73,311,0,3.518,3.61,7.49,0.319,0.663,0.347,0.787,53.02,32.73
"2025-06-03 12:00:00",16796,12.73,311,0,3.533,3.49,7.66,0.309,0.678,0.344,0.803,51.11,33.15
"2025-06-03 12:30:00",16797,12.73,311,0,3.638,3.65,7.83,0.323,0.693,0.354,0.813,52.93,33.46
"2025-06-03 13:00:00",16798,12.73,311,0,3.721,3.78,7.96,0.334,0.705,0.362,0.82,53.05,33.42
"2025-06-03 13:30:00",16799,12.73,311,0,3.65,3.62,7.9,0.32,0.699,0.348,0.821,53.67,33.37
"2025-06-03 14:00:00",16800,12.73,311,0,3.634,3.6,7.87,0.318,0.697,0.345,0.816,52.83,32.79
"2025-06-03 14:30:00",16801,12.73,311,0,3.597,3.63,7.72,0.321,0.684,0.35,0.802,53.29,33.52
"2025-06-03 15:00:00",16802,12.73,311,0,3.571,3.59,7.68,0.318,0.68,0.345,0.801,53.49,33.72
"2025-06-03 15:30:00",16803,12.73,311,0,3.508,3.54,7.53,0.314,0.666,0.339,0.791,53.51,33.21
"2025-06-03 16:00:00",16804,12.72,311,0,3.429,3.46,7.36,0.306,0.652,0.337,0.779,54.61,32.93
"2025-06-03 16:30:00",16805,12.73,311,0,3.518,3.6,7.5,0.318,0.664,0.348,0.789,52.95,32.67
"2025-06-03 17:00:00",16806,12.73,311,0,3.449,3.58,7.3,0.317,0.646,0.344,0.774,52.42,32.95
"2025-06-03 17:30:00",16807,12.73,311,0,3.401,3.52,7.21,0.312,0.638,0.345,0.771,52.72,32.43
"2025-06-03 18:00:00",16808,12.73,311,0,3.396,3.6,7.11,0.318,0.629,0.355,0.77,51.56,32.08
"2025-06-03 18:30:00",16809,12.72,311,0,3.262,3.42,6.87,0.303,0.608,0.34,0.748,52.07,32.18
"2025-06-03 19:00:00",16810,12.72,311,0,3.091,3.26,6.49,0.289,0.574,0.327,0.723,50.86,31.63
"2025-06-03 19:30:00",16811,12.72,311,0,2.924,3.15,6.07,0.279,0.537,0.319,0.7,50.42,32.45
"2025-06-03 20:00:00",16812,12.72,311,0,2.725,2.99,5.6,0.265,0.496,0.307,0.675,51.12,31.89
"2025-06-03 20:30:00",16813,12.72,311,0,2.611,2.9,5.33,0.256,0.472,0.304,0.657,50.39,30.75
"2025-06-03 21:00:00",16814,12.71,311,0,2.516,2.83,5.1,0.25,0.451,0.296,0.637,50.75,30.69
"2025-06-03 21:30:00",16815,12.71,311,0,2.408,2.72,4.87,0.241,0.431,0.285,0.626,50.69,31.21
"2025-06-03 22:00:00",16816,12.7,311,0,2.352,2.68,4.73,0.237,0.419,0.281,0.613,51.44,30.96
"2025-06-03 22:30:00",16817,12.7,311,0,2.288,2.64,4.57,0.234,0.404,0.276,0.605,51.48,30.59
"2025-06-03 23:00:00",16818,12.7,311,0,2.248,2.63,4.45,0.233,0.394,0.275,0.597,50.85,31.47
"2025-06-03 23:30:00",16819,12.69,311,0,2.238,2.62,4.43,0.232,0.392,0.276,0.594,50.54,30.9
"2025-06-04 00:00:00",16820,12.69,311,0,2.216,2.6,4.38,0.23,0.388,0.276,0.593,51.68,30.8
"2025-06-04 00:30:00",16821,12.69,311,0,2.219,2.6,4.39,0.23,0.389,0.272,0.59,51.33,31.01
"2025-06-04 01:00:00",16822,12.69,311,0,2.206,2.57,4.38,0.228,0.388,0.276,0.588,51.23,31.17
"2025-06-04 01:30:00",16823,12.69,311,0,2.168,2.55,4.28,0.225,0.379,0.272,0.587,51.18,30.7
"2025-06-04 02:00:00",16824,12.69,311,0,2.181,2.58,4.29,0.228,0.38,0.275,0.584,50.34,30.86
"2025-06-04 02:30:00",16825,12.68,311,0,2.19,2.55,4.35,0.226,0.385,0.272,0.59,50.41,30.76
"2025-06-04 03:00:00",16826,12.68,311,0,2.2,2.6,4.33,0.23,0.383,0.275,0.587,51.85,30.96
"2025-06-04 03:30:00",16827,12.68,311,0,2.184,2.57,4.31,0.228,0.382,0.274,0.584,50.57,30.76
"2025-06-04 04:00:00",16828,12.68,311,0,2.165,2.54,4.28,0.225,0.379,0.274,0.584,51.18,31.12
"2025-06-04 04:30:00",16829,12.68,311,0,2.175,2.57,4.28,0.227,0.379,0.274,0.582,51,31.18
"2025-06-04 05:00:00",16830,12.68,311,0,2.165,2.57,4.25,0.228,0.376,0.274,0.582,51.45,30.4
"2025-06-04 05:30:00",16831,12.68,311,0,2.165,2.57,4.25,0.227,0.376,0.272,0.582,50.64,30.57
"2025-06-04 06:00:00",16832,12.67,311,0,2.194,2.61,4.3,0.231,0.381,0.277,0.585,51.05,30.98
"2025-06-04 06:30:00",16833,12.67,311,0,2.232,2.63,4.4,0.232,0.39,0.273,0.592,52.13,31.24
"2025-06-04 07:00:00",16834,12.67,311,0,2.276,2.63,4.54,0.232,0.402,0.273,0.594,51.96,31.33
"2025-06-04 07:30:00",16835,12.67,311,0,2.304,2.62,4.64,0.232,0.411,0.269,0.604,53.16,31.43
"2025-06-04 08:00:00",16836,12.67,311,0,2.38,2.68,4.82,0.237,0.427,0.27,0.609,53.26,31.69
"2025-06-04 08:30:00",16837,12.67,311,0,2.477,2.69,5.12,0.238,0.453,0.271,0.629,52.91,31.62
"2025-06-04 09:00:00",16838,12.67,311,0,2.342,2.05,5.35,0.181,0.474,0.227,0.642,51.43,32.8
"2025-06-04 09:30:00",16839,12.67,311,0,3.195,3.59,6.48,0.318,0.573,0.334,0.706,58.08,33.05
"2025-06-04 10:00:00",16840,12.68,311,0,2.917,2.76,6.45,0.244,0.571,0.265,0.709,55.55,33.86
"2025-06-04 10:30:00",16841,12.68,311,0,3.179,3.22,6.81,0.285,0.603,0.311,0.738,54.14,33.13
"2025-06-04 11:00:00",16842,12.68,311,0,3.401,3.5,7.23,0.31,0.64,0.334,0.772,52.74,32.87
"2025-06-04 11:30:00",16843,12.68,311,0,3.458,3.51,7.4,0.311,0.655,0.339,0.78,52.69,33.34
"2025-06-04 12:00:00",16844,12.69,311,0,3.648,3.7,7.81,0.328,0.691,0.357,0.809,50.83,33.03
"2025-06-04 12:30:00",16845,12.69,311,0,3.574,3.51,7.77,0.31,0.687,0.341,0.811,53.16,32.88
"2025-06-04 13:00:00",16846,12.69,311,0,3.574,3.54,7.74,0.314,0.685,0.344,0.804,53.16,32.88
"2025-06-04 13:30:00",16847,12.69,311,0,3.53,3.55,7.59,0.314,0.672,0.341,0.794,53.68,32.83
"2025-06-04 14:00:00",16848,12.68,311,0,3.54,3.58,7.59,0.317,0.672,0.342,0.792,52.67,33.9
"2025-06-04 14:30:00",16849,12.68,311,0,3.417,3.49,7.29,0.309,0.645,0.337,0.767,54.12,34.1
"2025-06-04 15:00:00",16850,12.68,311,0,3.429,3.45,7.37,0.306,0.653,0.336,0.779,54.13,33.85
"2025-06-04 15:30:00",16851,12.68,311,0,3.416,3.45,7.33,0.305,0.649,0.336,0.769,52.3,33.79
"2025-06-04 16:00:00",16852,12.68,311,0,3.518,3.58,7.52,0.317,0.666,0.345,0.795,52.19,33.42
"2025-06-04 16:30:00",16853,12.68,311,0,3.398,3.49,7.23,0.309,0.64,0.341,0.769,51.44,34.32
"2025-06-04 17:00:00",16854,12.68,311,0,3.379,3.45,7.21,0.306,0.638,0.336,0.77,51.48,32.03
"2025-06-04 17:30:00",16855,12.68,311,0,3.335,3.43,7.09,0.304,0.628,0.338,0.765,51.13,33.6
"2025-06-04 18:00:00",16856,12.68,311,0,3.287,3.38,6.99,0.299,0.619,0.335,0.757,51.84,32.79
"2025-06-04 18:30:00",16857,12.68,311,0,3.24,3.36,6.86,0.298,0.607,0.338,0.747,51.2,32.26
"2025-06-04 19:00:00",16858,12.68,311,0,3.17,3.31,6.69,0.293,0.592,0.331,0.739,50.03,31.8
"2025-06-04 19:30:00",16859,12.68,311,0,3.031,3.22,6.34,0.285,0.561,0.322,0.717,51.23,31.19
"2025-06-04 20:00:00",16860,12.67,311,0,2.797,3.02,5.8,0.267,0.514,0.306,0.686,51.39,32.18
"2025-06-04 20:30:00",16861,12.67,311,0,2.646,2.91,5.43,0.258,0.48,0.299,0.663,51.89,30.85
"2025-06-04 21:00:00",16862,12.67,311,0,2.468,2.73,5.05,0.242,0.447,0.284,0.633,51.08,30.78
"2025-06-04 21:30:00",16863,12.67,311,0,2.376,2.65,4.84,0.235,0.428,0.279,0.623,51.32,31.13
"2025-06-04 22:00:00",16864,12.66,311,0,2.326,2.66,4.67,0.236,0.413,0.281,0.604,50.98,30.94
"2025-06-04 22:30:00",16865,12.66,311,0,2.253,2.58,4.52,0.228,0.4,0.273,0.604,50.91,31.13
"2025-06-04 23:00:00",16866,12.65,311,0,2.247,2.56,4.52,0.227,0.4,0.274,0.599,50.29,31.09
"2025-06-04 23:30:00",16867,12.65,311,0,2.232,2.6,4.43,0.23,0.392,0.277,0.594,50.66,30.78
"2025-06-05 00:00:00",16868,12.65,311,0,2.229,2.61,4.41,0.231,0.391,0.274,0.594,51.31,31.41
"2025-06-05 00:30:00",16869,12.65,311,0,2.225,2.6,4.41,0.23,0.391,0.275,0.592,51.24,30.78
"2025-06-05 01:00:00",16870,12.65,311,0,2.231,2.56,4.47,0.227,0.395,0.272,0.595,50.99,30.53
"2025-06-05 01:30:00",16871,12.65,311,0,2.209,2.53,4.43,0.224,0.392,0.269,0.592,50.51,30.47
"2025-06-05 02:00:00",16872,12.64,311,0,2.19,2.55,4.35,0.226,0.385,0.269,0.586,51.15,30.69
"2025-06-05 02:30:00",16873,12.64,311,0,2.197,2.56,4.36,0.227,0.386,0.272,0.591,50.93,30.62
"2025-06-05 03:00:00",16874,12.64,311,0,2.203,2.54,4.4,0.225,0.39,0.272,0.589,51.39,30.78
"2025-06-05 03:30:00",16875,12.64,311,0,2.19,2.56,4.34,0.227,0.384,0.272,0.592,51.07,31.45
"2025-06-05 04:00:00",16876,12.64,311,0,2.175,2.55,4.3,0.226,0.381,0.271,0.584,51.07,30.62
"2025-06-05 04:30:00",16877,12.64,311,0,2.178,2.57,4.29,0.227,0.379,0.273,0.584,51.18,31.14
"2025-06-05 05:00:00",16878,12.63,311,0,2.162,2.53,4.28,0.224,0.378,0.269,0.583,51.63,31.6
"2025-06-05 05:30:00",16879,12.64,311,0,2.143,2.53,4.22,0.224,0.374,0.272,0.581,50.67,30.62
"2025-06-05 06:00:00",16880,12.63,311,0,2.172,2.56,4.28,0.226,0.378,0.269,0.583,51.35,31.04
"2025-06-05 06:30:00",16881,12.63,311,0,2.168,2.53,4.3,0.224,0.381,0.267,0.585,51.94,31.23
"2025-06-05 07:00:00",16882,12.63,311,0,2.187,2.55,4.34,0.225,0.384,0.267,0.584,52.79,31.09
"2025-06-05 07:30:00",16883,12.63,311,0,2.228,2.53,4.49,0.224,0.398,0.263,0.592,52.77,30.82
"2025-06-05 08:00:00",16884,12.63,311,0,2.291,2.58,4.64,0.229,0.411,0.266,0.6,53.46,31.19
"2025-06-05 08:30:00",16885,12.63,311,0,2.389,2.63,4.9,0.233,0.434,0.27,0.616,52.24,31.64
"2025-06-05 09:00:00",16886,12.63,311,0,2.496,2.7,5.17,0.239,0.458,0.272,0.63,52.44,31.84
"2025-06-05 09:30:00",16887,12.63,311,0,2.713,3.01,5.54,0.266,0.49,0.292,0.654,54.92,32
"2025-06-05 10:00:00",16888,12.63,311,0,2.656,2.66,5.72,0.235,0.506,0.261,0.663,54.26,32.16
"2025-06-05 10:30:00",16889,12.63,311,0,2.993,3.15,6.29,0.279,0.557,0.301,0.701,54.79,32.7
"2025-06-05 11:00:00",16890,12.63,311,0,3.231,3.43,6.76,0.304,0.598,0.325,0.736,53.53,32.93
"2025-06-05 11:30:00",16891,12.63,311,0,3.218,3.39,6.76,0.3,0.599,0.338,0.743,52.42,33.23
"2025-06-05 12:00:00",16892,12.64,311,0,3.222,3.41,6.75,0.302,0.597,0.334,0.744,50.35,32.56
"2025-06-05 12:30:00",16893,12.64,311,0,3.024,3.08,6.46,0.273,0.571,0.303,0.719,53.01,32.98
"2025-06-05 13:00:00",16894,12.64,311,0,3.062,3.11,6.55,0.275,0.579,0.302,0.726,53.22,32.23
"2025-06-05 13:30:00",16895,12.63,311,0,3.297,3.46,6.94,0.306,0.614,0.338,0.748,52.67,32.08
"2025-06-05 14:00:00",16896,12.64,311,0,3.211,3.27,6.86,0.289,0.607,0.318,0.748,54.02,32.76
"2025-06-05 14:30:00",16897,12.64,311,0,3.321,3.35,7.13,0.297,0.631,0.326,0.763,51.74,33.8
"2025-06-05 15:00:00",16898,12.64,311,0,3.418,3.56,7.22,0.315,0.639,0.344,0.774,53.71,33.02
"2025-06-05 15:30:00",16899,12.64,311,0,3.335,3.43,7.09,0.304,0.628,0.335,0.764,52.06,33.28
"2025-06-05 16:00:00",16900,12.64,311,0,3.3,3.39,7.02,0.3,0.621,0.334,0.757,52.48,32.88
"2025-06-05 16:30:00",16901,12.64,311,0,3.195,3.28,6.8,0.29,0.602,0.326,0.75,51.64,32.45
"2025-06-05 17:00:00",16902,12.64,311,0,3.148,3.29,6.64,0.291,0.588,0.322,0.728,51.17,31.56
"2025-06-05 17:30:00",16903,12.63,311,0,3.03,3.12,6.44,0.276,0.57,0.312,0.725,52.27,32.67
"2025-06-05 18:00:00",16904,12.63,311,0,2.929,3.01,6.23,0.266,0.552,0.303,0.71,52.48,32.87
"2025-06-05 18:30:00",16905,12.63,311,0,2.898,3.05,6.09,0.27,0.539,0.311,0.705,53.22,31.95
"2025-06-05 19:00:00",16906,12.63,311,0,2.81,3.01,5.85,0.266,0.518,0.307,0.681,51.71,31.68
"2025-06-05 19:30:00",16907,12.63,311,0,2.67,2.85,5.57,0.253,0.493,0.293,0.67,52.05,31.44
"2025-06-05 20:00:00",16908,12.62,311,0,2.572,2.81,5.3,0.249,0.469,0.29,0.648,51.48,31.29
"2025-06-05 20:30:00",16909,12.62,311,0,2.449,2.71,5.01,0.24,0.443,0.283,0.63,51.03,31.4
"2025-06-05 21:00:00",16910,12.62,311,0,2.364,2.66,4.79,0.236,0.424,0.275,0.615,51.13,31.09
"2025-06-05 21:30:00",16911,12.62,311,0,2.304,2.59,4.67,0.229,0.413,0.271,0.606,50.82,31.19
"2025-06-05 22:00:00",16912,12.62,311,0,2.25,2.59,4.5,0.229,0.399,0.271,0.6,51.78,31.05
"2025-06-05 22:30:00",16913,12.62,311,0,2.234,2.55,4.49,0.226,0.397,0.271,0.6,51.54,31.09
"2025-06-05 23:00:00",16914,12.62,311,0,2.206,2.52,4.43,0.223,0.392,0.265,0.598,51.36,31.05
"2025-06-05 23:30:00",16915,12.62,311,0,2.158,2.49,4.31,0.221,0.382,0.261,0.587,51.72,30.84
"2025-06-06 00:00:00",16916,12.61,311,0,2.168,2.49,4.34,0.22,0.384,0.264,0.584,51.22,30.92
"2025-06-06 00:30:00",16917,12.61,311,0,2.177,2.52,4.34,0.223,0.384,0.261,0.588,51.91,31.3
"2025-06-06 01:00:00",16918,12.61,311,0,2.174,2.52,4.33,0.223,0.383,0.267,0.588,51.49,31.03
"2025-06-06 01:30:00",16919,12.61,311,0,2.152,2.52,4.26,0.223,0.377,0.267,0.582,51.52,30.9
"2025-06-06 02:00:00",16920,12.61,311,0,2.121,2.51,4.17,0.222,0.369,0.268,0.574,51.64,30.51
"2025-06-06 02:30:00",16921,12.61,311,0,2.054,2.43,4.04,0.215,0.358,0.259,0.571,50.87,31.5
"2025-06-06 03:00:00",16922,12.6,311,0,2.067,2.43,4.08,0.215,0.361,0.262,0.567,50.43,30.97
"2025-06-06 03:30:00",16923,12.6,311,0,2.051,2.42,4.04,0.214,0.358,0.258,0.567,51.55,30.94
"2025-06-06 04:00:00",16924,12.6,311,0,2.028,2.35,4.04,0.208,0.358,0.254,0.569,51.38,31.32
"2025-06-06 04:30:00",16925,12.6,311,0,1.978,2.35,3.88,0.208,0.343,0.25,0.561,51.77,30.22
"2025-06-06 05:00:00",16926,12.6,311,0,2.019,2.4,3.96,0.212,0.35,0.257,0.561,49.46,30.67
"2025-06-06 05:30:00",16927,12.6,311,0,2.013,2.42,3.92,0.214,0.347,0.257,0.559,51.33,30.87
"2025-06-06 06:00:00",16928,12.6,311,0,1.985,2.37,3.88,0.21,0.343,0.252,0.557,51.64,30.62
"2025-06-06 06:30:00",16929,12.6,311,0,1.985,2.37,3.88,0.21,0.343,0.253,0.557,51.35,30.89
"2025-06-06 07:00:00",16930,12.6,311,0,1.972,2.35,3.86,0.208,0.342,0.251,0.55,51.07,30.77
"2025-06-06 07:30:00",16931,12.6,311,0,1.972,2.39,3.82,0.211,0.338,0.252,0.552,52.33,30.88
"2025-06-06 08:00:00",16932,12.6,311,0,1.924,2.3,3.76,0.204,0.333,0.245,0.544,51.81,30.93
"2025-06-06 08:30:00",16933,12.59,311,0,1.981,2.37,3.87,0.21,0.342,0.248,0.546,51.72,30.84
"2025-06-06 09:00:00",16934,12.59,311,0,2.065,2.52,3.98,0.223,0.352,0.254,0.553,53.38,31.26
"2025-06-06 09:30:00",16935,12.59,311,0,2.05,2.32,4.14,0.206,0.367,0.253,0.565,52.14,30.84
"2025-06-06 10:00:00",16936,12.59,311,0,2.279,2.66,4.52,0.235,0.4,0.276,0.595,52.08,31.2
"2025-06-06 10:30:00",16937,12.59,311,0,2.286,2.68,4.52,0.237,0.4,-99,0.575,57.67,31.81
"2025-06-06 11:00:00",16938,12.59,311,0,2.334,2.51,4.85,0.222,0.429,0.254,0.606,52.99,31.7
"2025-06-06 11:30:00",16939,12.59,311,0,2.504,2.57,5.33,0.227,0.471,0.272,0.646,51.37,31.9
"2025-06-06 12:00:00",16940,12.6,311,0,2.73,2.86,5.75,0.253,0.509,0.288,0.673,53.67,31.97
"2025-06-06 12:30:00",16941,12.59,311,0,2.758,2.85,5.85,0.252,0.518,0.285,0.678,51.83,32.05
"2025-06-06 13:00:00",16942,12.59,311,0,2.877,3.1,5.97,0.275,0.528,0.323,0.693,50.44,32.49
"2025-06-06 13:30:00",16943,12.6,311,0,2.69,2.91,5.57,0.257,0.493,0.287,0.661,53.71,31.86
"2025-06-06 14:00:00",16944,12.6,311,0,2.616,2.76,5.49,0.244,0.486,0.284,0.656,52.3,32.01
"2025-06-06 14:30:00",16945,12.6,311,0,2.784,3.25,5.52,0.288,0.488,0.31,0.661,53.89,31.53
"2025-06-06 15:00:00",16946,12.59,311,0,2.826,3.1,5.81,0.274,0.514,0.307,0.678,52.49,32.31
"2025-06-06 15:30:00",16947,12.59,311,0,3.053,3.52,6.1,0.312,0.54,0.331,0.697,54.57,32.47
"2025-06-06 16:00:00",16948,12.59,311,0,2.966,3.28,6.07,0.29,0.537,0.331,0.703,51.1,32.31
"2025-06-06 16:30:00",16949,12.59,311,0,2.777,2.91,5.85,0.258,0.517,0.298,0.686,50.98,31.93
"2025-06-06 17:00:00",16950,12.59,311,0,2.543,2.67,5.35,0.236,0.474,0.272,0.651,52.94,31.5
"2025-06-06 17:30:00",16951,12.59,311,0,2.436,2.62,5.06,0.232,0.448,0.267,0.63,51.9,31.45
"2025-06-06 18:00:00",16952,12.59,311,0,2.413,2.59,5.02,0.23,0.444,0.272,0.629,51.33,31.55
"2025-06-06 18:30:00",16953,12.59,311,0,2.399,2.67,4.89,0.236,0.433,0.277,0.622,51.89,31.44
"2025-06-06 19:00:00",16954,12.58,311,0,2.335,2.64,4.72,0.233,0.418,0.274,0.614,51.35,31.3
"2025-06-06 19:30:00",16955,12.58,311,0,2.266,2.59,4.55,0.229,0.403,0.268,0.599,51.16,30.87
"2025-06-06 20:00:00",16956,12.58,311,0,2.253,2.57,4.53,0.228,0.401,0.27,0.602,51.05,30.87
"2025-06-06 20:30:00",16957,12.58,311,0,2.215,2.54,4.44,0.225,0.393,0.27,0.597,50.51,30.89
"2025-06-06 21:00:00",16958,12.58,311,0,2.162,2.53,4.28,0.224,0.379,0.269,0.588,51.04,30.58
"2025-06-06 21:30:00",16959,12.58,311,0,2.13,2.47,4.24,0.219,0.375,0.264,0.584,51.51,30.63
"2025-06-06 22:00:00",16960,12.58,311,0,2.095,2.46,4.14,0.218,0.366,0.263,0.575,51.2,30.32
"2025-06-06 22:30:00",16961,12.57,311,0,2.064,2.44,4.06,0.216,0.359,0.258,0.572,51.8,30.91
"2025-06-06 23:00:00",16962,12.57,311,0,2.067,2.48,4.03,0.219,0.357,0.264,0.572,51.46,30.58
"2025-06-06 23:30:00",16963,12.57,311,0,2.029,2.39,4,0.212,0.354,0.257,0.564,51.27,30.8
"2025-06-07 00:00:00",16964,12.57,311,0,2.02,2.43,3.93,0.215,0.348,0.262,0.564,51.57,31.26
"2025-06-07 00:30:00",16965,12.57,311,0,1.991,2.35,3.92,0.208,0.347,0.251,0.559,50.34,30.96
"2025-06-07 01:00:00",16966,12.56,311,0,2,2.39,3.91,0.211,0.346,0.257,0.561,51.92,31.02
"2025-06-07 01:30:00",16967,12.56,311,0,2.013,2.39,3.95,0.212,0.349,0.257,0.564,51.06,30.59
"2025-06-07 02:00:00",16968,12.56,311,0,2.019,2.4,3.96,0.213,0.35,0.26,0.562,51.26,30.53
"2025-06-07 02:30:00",16969,12.56,311,0,2.026,2.42,3.96,0.214,0.35,0.259,0.56,51.86,31.12
"2025-06-07 03:00:00",16970,12.56,311,0,2.013,2.42,3.92,0.214,0.347,0.257,0.559,51.98,30.68
"2025-06-07 03:30:00",16971,12.56,311,0,1.994,2.37,3.91,0.209,0.346,0.257,0.563,51.79,31.32
"2025-06-07 04:00:00",16972,12.56,311,0,2.02,2.44,3.92,0.216,0.347,0.259,0.557,51.42,30.28
"2025-06-07 04:30:00",16973,12.56,311,0,1.972,2.38,3.83,0.211,0.339,0.252,0.555,51.51,30.63
"2025-06-07 05:00:00",16974,12.56,311,0,1.979,2.39,3.84,0.211,0.34,0.255,0.554,51.33,31.11
"2025-06-07 05:30:00",16975,12.56,311,0,1.975,2.38,3.84,0.211,0.34,0.254,0.556,51.56,30.42
"2025-06-07 06:00:00",16976,12.56,311,0,1.966,2.37,3.82,0.21,0.338,0.251,0.556,51.8,30.75
"2025-06-07 06:30:00",16977,12.55,311,0,1.976,2.42,3.8,0.214,0.336,0.253,0.547,52.12,30.54
"2025-06-07 07:00:00",16978,12.55,311,0,1.934,2.33,3.76,0.206,0.333,0.247,0.548,52.01,31.12
"2025-06-07 07:30:00",16979,12.55,311,0,1.861,2.2,3.66,0.194,0.324,0.232,0.531,52.96,31.25
"2025-06-07 08:00:00",16980,12.55,311,0,1.905,2.24,3.76,0.199,0.332,0.236,0.54,53.19,31.24
"2025-06-07 08:30:00",16981,12.55,311,0,2.073,2.43,4.1,0.215,0.363,0.256,0.564,52.04,31.6
"2025-06-07 09:00:00",16982,12.55,311,0,2.123,2.42,4.27,0.215,0.378,0.251,0.573,51.99,31.54
"2025-06-07 09:30:00",16983,12.55,311,0,2.224,2.43,4.58,0.216,0.405,0.253,0.592,51.49,31.71
"2025-06-07 10:00:00",16984,12.55,311,0,2.176,2.07,4.8,0.183,0.425,-99,0.588,57.49,32.47
"2025-06-07 10:30:00",16985,12.55,311,0,2.554,2.54,5.52,0.225,0.489,0.253,0.642,55.57,32.63
"2025-06-07 11:00:00",16986,12.55,311,0,3.186,3.28,6.77,0.291,0.599,0.313,0.735,55.12,33.03
"2025-06-07 11:30:00",16987,12.55,311,0,3.439,3.49,7.36,0.309,0.652,0.336,0.779,53.52,33.34
"2025-06-07 12:00:00",16988,12.56,311,0,3.707,3.62,8.08,0.321,0.715,0.351,0.83,51.86,33.76
"2025-06-07 12:30:00",16989,12.56,311,0,3.678,3.55,8.06,0.314,0.713,0.343,0.832,51.54,33.59
"2025-06-07 13:00:00",16990,12.56,311,0,3.812,3.83,8.2,0.339,0.725,0.359,0.842,53.92,32.81
"2025-06-07 13:30:00",16991,12.56,311,0,3.702,3.73,7.95,0.331,0.704,0.361,0.823,51.54,32.76
"2025-06-07 14:00:00",16992,12.56,311,0,3.492,3.74,7.27,0.331,0.643,0.356,0.775,52.01,32.56
"2025-06-07 14:30:00",16993,12.56,311,0,3.157,2.9,7.07,0.256,0.625,0.288,0.762,52.31,32.97
"2025-06-07 15:00:00",16994,12.55,311,0,3.387,3.31,7.38,0.293,0.653,0.325,0.782,51.24,33.55
"2025-06-07 15:30:00",16995,12.55,311,0,3.332,3.16,7.36,0.279,0.651,0.316,0.782,52.26,33.33
"2025-06-07 16:00:00",16996,12.55,311,0,3.442,3.49,7.37,0.309,0.652,0.342,0.783,51.95,32.35
"2025-06-07 16:30:00",16997,12.55,311,0,3.256,3.43,6.84,0.304,0.605,0.338,0.746,52.27,32.4
"2025-06-07 17:00:00",16998,12.55,311,0,3.031,3.17,6.39,0.281,0.566,0.317,0.719,51.48,32.29
"2025-06-07 17:30:00",16999,12.55,311,0,2.773,3.1,5.64,0.275,0.499,0.306,0.674,52.94,31.24
"2025-06-07 18:00:00",17000,12.55,311,0,2.499,2.64,5.24,0.234,0.464,0.278,0.641,51.43,31.96
"2025-06-07 18:30:00",17001,12.55,311,0,2.55,2.79,5.25,0.247,0.465,0.291,0.651,51.53,31.75
"2025-06-07 19:00:00",17002,12.55,311,0,2.56,2.83,5.24,0.251,0.464,0.291,0.644,51.32,31.28
"2025-06-07 19:30:00",17003,12.54,311,0,2.499,2.71,5.17,0.24,0.458,0.282,0.645,51.96,31.5
"2025-06-07 20:00:00",17004,12.54,311,0,2.437,2.72,4.96,0.241,0.439,0.283,0.629,51.27,31.23
"2025-06-07 20:30:00",17005,12.54,311,0,2.399,2.74,4.82,0.243,0.426,0.285,0.627,52.53,31.08
"2025-06-07 21:00:00",17006,12.54,311,0,2.339,2.67,4.7,0.236,0.416,0.279,0.615,51.45,30.99
"2025-06-07 21:30:00",17007,12.54,311,0,2.266,2.61,4.53,0.231,0.401,0.271,0.6,50.88,30.83
"2025-06-07 22:00:00",17008,12.53,311,0,2.203,2.54,4.4,0.225,0.389,0.268,0.591,50.81,31.03
"2025-06-07 22:30:00",17009,12.53,311,0,2.178,2.57,4.29,0.227,0.38,0.268,0.588,51.1,30.79
"2025-06-07 23:00:00",17010,12.53,311,0,2.098,2.42,4.19,0.214,0.371,0.256,0.58,51.6,31.41
"2025-06-07 23:30:00",17011,12.53,311,0,2.114,2.48,4.18,0.219,0.37,0.262,0.58,51.31,30.69
"2025-06-08 00:00:00",17012,12.53,311,0,2.111,2.45,4.2,0.217,0.372,0.261,0.581,50.99,30.79
"2025-06-08 00:30:00",17013,12.52,311,0,2.108,2.48,4.16,0.219,0.368,0.262,0.576,51.73,30.43
"2025-06-08 01:00:00",17014,12.52,311,0,2.127,2.5,4.2,0.221,0.372,0.262,0.578,50.75,30.96
"2025-06-08 01:30:00",17015,12.52,311,0,2.073,2.47,4.06,0.218,0.359,0.264,0.571,51.77,31.15
"2025-06-08 02:00:00",17016,12.52,311,0,2.051,2.44,4.02,0.216,0.356,0.261,0.566,51.11,30.64
"2025-06-08 02:30:00",17017,12.52,311,0,2.051,2.44,4.02,0.216,0.356,0.259,0.568,51.32,30.85
"2025-06-08 03:00:00",17018,12.52,311,0,2.023,2.43,3.94,0.215,0.349,0.256,0.563,51.36,31.05
"2025-06-08 03:30:00",17019,12.52,311,0,2.029,2.41,3.98,0.213,0.352,0.259,0.563,51.86,30.31
"2025-06-08 04:00:00",17020,12.52,311,0,2.01,2.43,3.9,0.215,0.346,0.258,0.56,52.08,30.37
"2025-06-08 04:30:00",17021,12.52,311,0,2.022,2.39,3.98,0.212,0.352,0.259,0.561,51.26,30.79
"2025-06-08 05:00:00",17022,12.51,311,0,2.026,2.45,3.93,0.217,0.347,0.26,0.558,50.52,30.22
"2025-06-08 05:30:00",17023,12.51,311,0,2.007,2.39,3.93,0.212,0.348,0.257,0.56,51.68,30.38
"2025-06-08 06:00:00",17024,12.51,311,0,1.988,2.38,3.88,0.211,0.344,0.256,0.559,52.46,30.32
"2025-06-08 06:30:00",17025,12.51,311,0,1.991,2.37,3.9,0.21,0.345,0.256,0.556,51.22,31.16
"2025-06-08 07:00:00",17026,12.51,311,0,1.984,2.34,3.91,0.207,0.346,0.248,0.554,51.56,31.1
"2025-06-08 07:30:00",17027,12.51,311,0,1.997,2.39,3.9,0.212,0.345,0.253,0.553,52.78,31.05
"2025-06-08 08:00:00",17028,12.51,311,0,2.007,2.42,3.9,0.214,0.345,0.258,0.552,51.48,30.59
"2025-06-08 08:30:00",17029,12.51,311,0,1.972,2.38,3.83,0.211,0.339,0.246,0.547,52.76,31.62
"2025-06-08 09:00:00",17030,12.51,311,0,1.995,2.42,3.86,0.214,0.342,0.252,0.549,51.89,30.74
"2025-06-08 09:30:00",17031,12.51,311,0,2.026,2.41,3.97,0.213,0.351,0.253,0.556,51.45,31.14
"2025-06-08 10:00:00",17032,12.51,311,0,2.083,2.49,4.07,0.22,0.36,0.257,0.565,52.06,31.45
"2025-06-08 10:30:00",17033,12.51,311,0,2.084,2.3,4.27,0.204,0.378,0.239,0.569,52.89,32.02
"2025-06-08 11:00:00",17034,12.51,311,0,2.212,2.54,4.43,0.225,0.392,0.272,0.592,51.07,30.78
"2025-06-08 11:30:00",17035,12.51,311,0,2.291,2.61,4.61,0.231,0.408,0.266,0.599,53.73,31.19
"2025-06-08 12:00:00",17036,12.51,311,0,2.236,2.46,4.59,0.217,0.407,0.257,0.593,51.94,31.62
"2025-06-08 12:30:00",17037,12.51,311,0,2.27,2.41,4.75,0.214,0.42,0.255,0.598,52.24,31.36
"2025-06-08 13:00:00",17038,12.5,311,0,2.591,3.08,5.08,0.272,0.45,0.3,0.629,53.79,31.25
"2025-06-08 13:30:00",17039,12.51,311,0,2.646,2.91,5.43,0.257,0.481,0.289,0.658,52.75,31.61
"2025-06-08 14:00:00",17040,12.5,311,0,2.727,2.89,5.71,0.256,0.506,0.288,0.671,52.01,32.38
"2025-06-08 14:30:00",17041,12.5,311,0,2.94,3.21,6.06,0.285,0.536,0.315,0.695,54.1,32.25
"2025-06-08 15:00:00",17042,12.51,311,0,2.836,2.86,6.09,0.253,0.539,0.291,0.695,52.9,32.46
"2025-06-08 15:30:00",17043,12.51,311,0,2.837,2.92,6.03,0.259,0.533,0.303,0.7,50.12,32.16
"2025-06-08 16:00:00",17044,12.51,311,0,2.698,2.82,5.69,0.25,0.503,0.292,0.673,51.7,31.92
"2025-06-08 16:30:00",17045,12.51,311,0,2.696,2.96,5.54,0.262,0.491,0.302,0.667,51.05,31.41
"2025-06-08 17:00:00",17046,12.51,311,0,2.624,2.95,5.32,0.261,0.47,0.297,0.647,51.66,31.77
"2025-06-08 17:30:00",17047,12.5,311,0,2.404,2.63,4.95,0.233,0.438,0.273,0.628,51.38,30.93
"2025-06-08 18:00:00",17048,12.5,311,0,2.418,2.75,4.87,0.243,0.431,0.28,0.617,52.68,30.97
"2025-06-08 18:30:00",17049,12.5,311,0,2.339,2.66,4.71,0.235,0.417,0.277,0.608,53.93,31.14
"2025-06-08 19:00:00",17050,12.5,311,0,2.32,2.68,4.63,0.237,0.41,0.28,0.605,51.95,31.24
"2025-06-08 19:30:00",17051,12.5,311,0,2.266,2.59,4.55,0.229,0.403,0.272,0.603,51.19,31.71
"2025-06-08 20:00:00",17052,12.5,311,0,2.145,2.44,4.32,0.216,0.382,0.261,0.588,51.27,30.66
"2025-06-08 20:30:00",17053,12.49,311,0,2.149,2.52,4.25,0.223,0.376,0.266,0.588,51.8,30.51
"2025-06-08 21:00:00",17054,12.49,311,0,2.108,2.45,4.19,0.217,0.371,0.261,0.578,50.29,31.08
"2025-06-08 21:30:00",17055,12.49,311,0,2.086,2.45,4.12,0.217,0.365,0.26,0.571,51.54,31.09
"2025-06-08 22:00:00",17056,12.49,311,0,2.051,2.43,4.03,0.215,0.357,0.257,0.568,51.54,30.67
"2025-06-08 22:30:00",17057,12.49,311,0,2.023,2.43,3.94,0.215,0.349,0.256,0.561,51.6,30.72
"2025-06-08 23:00:00",17058,12.49,311,0,2.026,2.44,3.94,0.216,0.349,0.26,0.563,51.32,30.87
"2025-06-08 23:30:00",17059,12.49,311,0,2,2.35,3.95,0.208,0.35,0.255,0.56,51.18,30.47
"2025-06-09 00:00:00",17060,12.49,311,0,2.01,2.39,3.94,0.212,0.349,0.256,0.561,50.62,30.99
"2025-06-09 00:30:00",17061,12.49,311,0,2.01,2.43,3.9,0.215,0.346,0.259,0.56,51.49,30.36
"2025-06-09 01:00:00",17062,12.48,311,0,2.001,2.41,3.89,0.213,0.344,0.255,0.558,50.3,30.67
"2025-06-09 01:30:00",17063,12.48,311,0,2.013,2.36,3.98,0.209,0.352,0.253,0.563,52.01,30.99
"2025-06-09 02:00:00",17064,12.48,311,0,2.013,2.4,3.94,0.212,0.349,0.258,0.558,51.39,31.09
"2025-06-09 02:30:00",17065,12.48,311,0,2.02,2.41,3.95,0.213,0.35,0.255,0.559,51.4,30.26
"2025-06-09 03:00:00",17066,12.48,311,0,1.978,2.35,3.88,0.208,0.344,0.252,0.555,51.56,30.68
"2025-06-09 03:30:00",17067,12.48,311,0,1.991,2.37,3.9,0.21,0.346,0.254,0.56,51.21,31.18
"2025-06-09 04:00:00",17068,12.48,311,0,2.061,2.49,4,0.22,0.354,0.262,0.569,51.38,30.77
"2025-06-09 04:30:00",17069,12.48,311,0,2.039,2.44,3.98,0.216,0.352,0.26,0.566,51.07,31.03
"2025-06-09 05:00:00",17070,12.48,311,0,2.071,2.49,4.03,0.22,0.356,0.264,0.571,50.93,30.47
"2025-06-09 05:30:00",17071,12.48,311,0,2.061,2.49,4,0.22,0.354,0.264,0.564,50.72,30.52
"2025-06-09 06:00:00",17072,12.47,311,0,2.061,2.49,4,0.22,0.354,0.264,0.565,50.62,30.57
"2025-06-09 06:30:00",17073,12.47,311,0,2.032,2.44,3.96,0.216,0.351,0.258,0.564,51.77,30.48
"2025-06-09 07:00:00",17074,12.47,311,0,2.077,2.47,4.07,0.218,0.36,0.26,0.568,52.04,31.42
"2025-06-09 07:30:00",17075,12.47,311,0,2.098,2.43,4.18,0.215,0.37,0.252,0.57,51.84,30.98
"2025-06-09 08:00:00",17076,12.47,311,0,2.227,2.46,4.56,0.218,0.403,0.251,0.588,52.27,31.81
"2025-06-09 08:30:00",17077,12.47,311,0,2.573,2.91,5.2,0.258,0.46,0.285,0.633,53.61,32.33
"2025-06-09 09:00:00",17078,12.47,311,0,2.218,1.89,5.12,0.167,0.453,0.212,0.632,51.76,32.72
"2025-06-09 09:30:00",17079,12.47,311,0,3.124,3.72,6.12,0.329,0.542,0.34,0.691,55.71,32.2
"2025-06-09 10:00:00",17080,12.47,311,0,3.007,3.24,6.24,0.287,0.552,0.323,0.714,50.48,32.37
"2025-06-09 10:30:00",17081,12.47,311,0,3.151,3.59,6.34,0.317,0.561,0.339,0.712,54.43,32.74
"2025-06-09 11:00:00",17082,12.47,311,0,3.033,3.09,6.48,0.274,0.573,0.31,0.724,51.51,32.31
"2025-06-09 11:30:00",17083,12.47,311,0,3.13,3.33,6.54,0.295,0.578,0.321,0.724,53.21,32.77
"2025-06-09 12:00:00",17084,12.47,311,0,3.173,3.3,6.71,0.292,0.594,0.331,0.743,51.24,32.72
"2025-06-09 12:30:00",17085,12.47,311,0,3.263,3.46,6.83,0.306,0.604,0.332,0.743,54.46,32.36
"2025-06-09 13:00:00",17086,12.47,311,0,3.267,3.25,7.06,0.288,0.624,0.322,0.76,52.22,32.61
"2025-06-09 13:30:00",17087,12.47,311,0,3.397,3.35,7.37,0.296,0.653,0.327,0.786,52.43,32.82
"2025-06-09 14:00:00",17088,12.47,311,0,3.377,3.28,7.38,0.29,0.653,0.323,0.781,53.05,32.61
"2025-06-09 14:30:00",17089,12.47,311,0,3.598,3.68,7.67,0.326,0.679,0.344,0.797,56.5,33.17
"2025-06-09 15:00:00",17090,12.47,311,0,3.421,3.26,7.54,0.288,0.667,0.315,0.796,52.4,32.8
"2025-06-09 15:30:00",17091,12.47,311,0,3.792,3.99,7.97,0.353,0.705,0.371,0.819,54.99,33.99
"2025-06-09 16:00:00",17092,12.46,311,0,3.709,3.87,7.83,0.343,0.693,0.374,0.814,51.92,33.31
"2025-06-09 16:30:00",17093,12.47,311,0,3.367,3.23,7.4,0.286,0.655,0.318,0.782,53.67,32.82
"2025-06-09 17:00:00",17094,12.47,311,0,3.477,3.58,7.39,0.317,0.654,0.348,0.785,53.78,33.5
"2025-06-09 17:30:00",17095,12.47,311,0,3.394,3.42,7.29,0.303,0.646,0.331,0.77,52.62,32.03
"2025-06-09 18:00:00",17096,12.47,311,0,3.28,3.33,7.02,0.295,0.621,0.331,0.754,51.64,32.29
"2025-06-09 18:30:00",17097,12.47,311,0,3.253,3.39,6.87,0.3,0.608,0.332,0.751,52.06,31.63
"2025-06-09 19:00:00",17098,12.47,311,0,3.196,3.35,6.73,0.296,0.595,0.329,0.746,51.4,32.46
"2025-06-09 19:30:00",17099,12.47,311,0,3.063,3.21,6.45,0.284,0.571,0.318,0.721,50.3,31.78
"2025-06-09 20:00:00",17100,12.46,311,0,2.942,3.09,6.19,0.273,0.548,0.314,0.707,51.86,31.84
"2025-06-09 20:30:00",17101,12.46,311,0,2.787,2.96,5.83,0.262,0.516,0.302,0.683,51.21,31.44
"2025-06-09 21:00:00",17102,12.46,311,0,2.563,2.77,5.31,0.245,0.47,0.284,0.648,51.27,31.91
"2025-06-09 21:30:00",17103,12.46,311,0,2.395,2.68,4.87,0.238,0.431,0.276,0.621,51.76,31.56
"2025-06-09 22:00:00",17104,12.45,311,0,2.348,2.67,4.73,0.236,0.418,0.275,0.614,51.32,30.71
"2025-06-09 22:30:00",17105,12.45,311,0,2.298,2.61,4.63,0.231,0.41,0.273,0.606,51.97,30.83
"2025-06-09 23:00:00",17106,12.45,311,0,2.266,2.55,4.59,0.226,0.407,0.27,0.611,50.66,31.04
"2025-06-09 23:30:00",17107,12.45,311,0,2.24,2.53,4.53,0.224,0.401,0.264,0.599,51.94,30.82
"2025-06-10 00:00:00",17108,12.45,311,0,2.228,2.53,4.49,0.224,0.397,0.265,0.599,51.11,31.07
"2025-06-10 00:30:00",17109,12.45,311,0,2.225,2.57,4.44,0.227,0.393,0.269,0.589,50.89,30.86
"2025-06-10 01:00:00",17110,12.45,311,0,2.177,2.48,4.38,0.219,0.388,0.259,0.589,52.14,31.28
"2025-06-10 01:30:00",17111,12.44,311,0,2.222,2.56,4.44,0.227,0.393,0.27,0.592,50.7,31.08
"2025-06-10 02:00:00",17112,12.45,311,0,2.244,2.59,4.48,0.229,0.396,0.266,0.597,51.41,30.55
"2025-06-10 02:30:00",17113,12.44,311,0,2.234,2.55,4.49,0.226,0.397,0.265,0.596,52.15,30.87
"2025-06-10 03:00:00",17114,12.44,311,0,2.237,2.53,4.52,0.224,0.4,0.268,0.598,51.2,30.91
"2025-06-10 03:30:00",17115,12.44,311,0,2.266,2.61,4.53,0.231,0.401,0.268,0.597,51.13,31.76
"2025-06-10 04:00:00",17116,12.44,311,0,2.238,2.59,4.46,0.23,0.395,0.271,0.589,52.66,31.13
"2025-06-10 04:30:00",17117,12.44,311,0,2.231,2.53,4.5,0.224,0.398,0.266,0.597,51.18,31.14
"2025-06-10 05:00:00",17118,12.44,311,0,2.282,2.62,4.57,0.232,0.404,0.271,0.599,52.47,31.44
"2025-06-10 05:30:00",17119,12.44,311,0,2.307,2.64,4.63,0.234,0.41,0.275,0.606,51.47,31.44
"2025-06-10 06:00:00",17120,12.44,311,0,2.329,2.65,4.69,0.235,0.415,0.274,0.604,52.31,31.19
"2025-06-10 06:30:00",17121,12.44,311,0,2.38,2.67,4.83,0.236,0.428,0.273,0.613,52.01,30.88
"2025-06-10 07:00:00",17122,12.44,311,0,2.276,2.64,4.53,0.234,0.401,0.273,0.6,51.35,31.33
"2025-06-10 07:30:00",17123,12.43,311,0,2.225,2.59,4.42,0.229,0.392,0.269,0.591,51.3,31.27
"2025-06-10 08:00:00",17124,12.43,311,0,2.2,2.53,4.4,0.224,0.389,0.259,0.585,53.79,30.59
"2025-06-10 08:30:00",17125,12.43,311,0,2.356,2.78,4.64,0.246,0.411,0.27,0.591,56.6,31.33
"2025-06-10 09:00:00",17126,12.43,311,0,2.408,2.7,4.89,0.239,0.432,0.286,0.63,50.68,30.65
"2025-06-10 09:30:00",17127,12.43,311,0,2.686,2.83,5.64,0.25,0.499,0.286,0.659,51.92,32.05
"2025-06-10 10:00:00",17128,12.43,311,0,2.84,2.91,6.05,0.258,0.536,0.29,0.688,51.06,31.72
"2025-06-10 10:30:00",17129,12.43,311,0,2.954,3.03,6.29,0.268,0.556,0.296,0.709,54.57,32.31
"2025-06-10 11:00:00",17130,12.43,311,0,3.046,3.13,6.48,0.277,0.573,0.308,0.717,51.56,33.2
"2025-06-10 11:30:00",17131,12.43,311,0,3.195,3.26,6.82,0.288,0.604,0.316,0.742,54.41,33.4
"2025-06-10 12:00:00",17132,12.43,311,0,3.315,3.38,7.08,0.299,0.627,0.33,0.76,51.76,32.31
"2025-06-10 12:30:00",17133,12.43,311,0,3.372,3.38,7.26,0.299,0.642,0.327,0.769,53.49,33.04
"2025-06-10 13:00:00",17134,12.43,311,0,3.418,3.35,7.44,0.297,0.659,0.325,0.785,53.14,32.27
"2025-06-10 13:30:00",17135,12.43,311,0,3.622,3.65,7.78,0.323,0.689,0.346,0.807,53.25,33.23
"2025-06-10 14:00:00",17136,12.43,311,0,3.753,3.82,8.02,0.338,0.71,0.361,0.816,52.69,32.66
"2025-06-10 14:30:00",17137,12.42,311,0,3.73,3.71,8.06,0.328,0.714,0.354,0.827,53.71,34.68
"2025-06-10 15:00:00",17138,12.42,311,0,3.774,3.76,8.15,0.333,0.722,0.348,0.83,53.37,33.36
"2025-06-10 15:30:00",17139,12.42,311,0,3.816,3.84,8.2,0.34,0.726,0.365,0.838,53.53,33.1
"2025-06-10 16:00:00",17140,12.43,311,0,3.796,3.8,8.18,0.336,0.724,0.363,0.835,51.72,34.2
"2025-06-10 16:30:00",17141,12.43,311,0,3.79,3.77,8.19,0.334,0.725,0.359,0.836,51.22,33.01
"2025-06-10 17:00:00",17142,12.43,311,0,3.66,3.62,7.93,0.321,0.701,0.351,0.816,51.37,33.01
"2025-06-10 17:30:00",17143,12.43,311,0,3.673,3.69,7.9,0.326,0.699,0.354,0.816,51.64,32.87
"2025-06-10 18:00:00",17144,12.43,311,0,3.499,3.54,7.5,0.314,0.664,0.348,0.792,52.21,32.19
"2025-06-10 18:30:00",17145,12.43,311,0,3.211,3.29,6.84,0.291,0.605,0.325,0.751,52.35,32.17
"2025-06-10 19:00:00",17146,12.43,311,0,2.993,3.11,6.33,0.275,0.56,0.313,0.721,52.02,32.25
"2025-06-10 19:30:00",17147,12.43,311,0,2.801,3.03,5.8,0.268,0.513,0.308,0.684,51,31.54
"2025-06-10 20:00:00",17148,12.42,311,0,2.659,2.97,5.41,0.263,0.479,0.304,0.663,51.85,31.14
"2025-06-10 20:30:00",17149,12.42,311,0,2.557,2.86,5.2,0.253,0.46,0.298,0.644,50.4,31.35
"2025-06-10 21:00:00",17150,12.42,311,0,2.379,2.65,4.85,0.234,0.43,0.28,0.623,51.22,31.03
"2025-06-10 21:30:00",17151,12.41,311,0,2.304,2.6,4.66,0.23,0.413,0.274,0.61,52.54,31.25
"2025-06-10 22:00:00",17152,12.41,311,0,2.247,2.57,4.51,0.227,0.399,0.269,0.599,51.22,31.45
"2025-06-10 22:30:00",17153,12.41,311,0,2.25,2.58,4.51,0.228,0.399,0.272,0.599,51.69,30.57
"2025-06-10 23:00:00",17154,12.41,311,0,2.196,2.5,4.42,0.221,0.391,0.264,0.594,51.29,30.83
"2025-06-10 23:30:00",17155,12.41,311,0,2.184,2.5,4.38,0.222,0.388,0.264,0.594,51,30.69
"2025-06-11 00:00:00",17156,12.4,311,0,2.121,2.49,4.19,0.22,0.371,0.264,0.578,51.79,30.9
"2025-06-11 00:30:00",17157,12.4,311,0,2.104,2.44,4.19,0.216,0.371,0.26,0.578,51.15,30.68
"2025-06-11 01:00:00",17158,12.4,311,0,2.098,2.43,4.18,0.215,0.37,0.26,0.576,51.09,30.63
"2025-06-11 01:30:00",17159,12.4,311,0,2.089,2.44,4.14,0.216,0.367,0.256,0.571,51.88,30.43
"2025-06-11 02:00:00",17160,12.4,311,0,2.07,2.42,4.1,0.214,0.363,0.257,0.574,51.25,30.78
"2025-06-11 02:30:00",17161,12.4,311,0,2.083,2.47,4.09,0.219,0.362,0.259,0.574,50.45,30.83
"2025-06-11 03:00:00",17162,12.4,311,0,2.076,2.46,4.08,0.218,0.361,0.26,0.571,52.55,31.25
"2025-06-11 03:30:00",17163,12.4,311,0,2.08,2.49,4.06,0.221,0.359,0.263,0.569,51.8,30.51
"2025-06-11 04:00:00",17164,12.39,311,0,2.064,2.47,4.03,0.219,0.357,0.264,0.566,50.81,30.36
"2025-06-11 04:30:00",17165,12.39,311,0,2.086,2.46,4.11,0.218,0.364,0.263,0.577,51.02,30.98
"2025-06-11 05:00:00",17166,12.39,311,0,2.038,2.39,4.03,0.212,0.357,0.256,0.564,52.16,30.72
"2025-06-11 05:30:00",17167,12.4,311,0,2.051,2.45,4.01,0.217,0.355,0.256,0.564,51.24,30.94
"2025-06-11 06:00:00",17168,12.39,311,0,2.048,2.43,4.02,0.215,0.356,0.258,0.567,50.93,30.89
"2025-06-11 06:30:00",17169,12.39,311,0,2.07,2.47,4.05,0.219,0.358,0.259,0.573,50.71,30.83
"2025-06-11 07:00:00",17170,12.39,311,0,2.064,2.45,4.05,0.217,0.359,0.256,0.57,51.35,31.04
"2025-06-11 07:30:00",17171,12.39,311,0,2.098,2.43,4.18,0.215,0.37,0.256,0.57,52.94,31.24
"2025-06-11 08:00:00",17172,12.39,311,0,2.193,2.48,4.43,0.219,0.392,0.253,0.589,52.43,30.98
"2025-06-11 08:30:00",17173,12.39,311,0,2.581,2.99,5.14,0.264,0.455,0.282,0.622,54.72,31.38
"2025-06-11 09:00:00",17174,12.39,311,0,2.609,2.73,5.5,0.242,0.487,0.276,0.652,52.85,32.98
"2025-06-11 09:30:00",17175,12.39,311,0,3.15,3.48,6.45,0.308,0.571,0.33,0.721,53.73,32.88
"2025-06-11 10:00:00",17176,12.39,311,0,3.133,3.06,6.83,0.27,0.604,-99,0.733,59.22,34.22
"2025-06-11 10:30:00",17177,12.39,311,0,3.656,3.91,7.62,0.346,0.675,0.36,0.798,55.59,33.9
"2025-06-11 11:00:00",17178,12.39,311,0,3.664,3.44,8.13,0.304,0.72,0.332,0.83,53.19,33.75
"2025-06-11 11:30:00",17179,12.39,311,0,3.644,3.62,7.88,0.321,0.697,0.34,0.811,56.25,34.31
"2025-06-11 12:00:00",17180,12.39,311,0,3.644,3.6,7.9,0.318,0.699,0.348,0.818,53.68,33.42
"2025-06-11 12:30:00",17181,12.39,311,0,3.758,3.74,8.12,0.331,0.718,0.359,0.833,52.82,33.64
"2025-06-11 13:00:00",17182,12.39,311,0,3.803,3.88,8.12,0.344,0.719,0.367,0.826,53.11,32.83
"2025-06-11 13:30:00",17183,12.39,311,0,3.68,3.43,8.19,0.304,0.725,0.336,0.84,51.69,32.92
"2025-06-11 14:00:00",17184,12.39,311,0,3.669,3.65,7.93,0.323,0.702,0.35,0.822,53.34,32.24
"2025-06-11 14:30:00",17185,12.39,311,0,3.662,3.59,7.97,0.318,0.706,0.345,0.825,53.66,33.91
"2025-06-11 15:00:00",17186,12.39,311,0,3.739,3.71,8.09,0.328,0.716,0.351,0.831,52.89,33.7
"2025-06-11 15:30:00",17187,12.39,311,0,3.608,3.49,7.9,0.309,0.699,0.333,0.814,53.97,33.28
"2025-06-11 16:00:00",17188,12.39,311,0,3.555,3.53,7.69,0.313,0.681,0.337,0.8,54.15,32.88
"2025-06-11 16:30:00",17189,12.39,311,0,3.451,3.48,7.41,0.308,0.656,0.338,0.784,52.76,32.49
"2025-06-11 17:00:00",17190,12.39,311,0,3.436,3.5,7.34,0.31,0.649,0.336,0.778,52.29,33.37
"2025-06-11 17:30:00",17191,12.39,311,0,3.502,3.58,7.47,0.317,0.661,0.343,0.791,50.96,32.6
"2025-06-11 18:00:00",17192,12.39,311,0,3.445,3.52,7.35,0.311,0.651,0.343,0.786,51.42,32.66
"2025-06-11 18:30:00",17193,12.39,311,0,3.337,3.37,7.16,0.298,0.634,0.329,0.77,52.86,32.69
"2025-06-11 19:00:00",17194,12.39,311,0,3.176,3.22,6.8,0.285,0.602,0.323,0.748,52.29,32.28
"2025-06-11 19:30:00",17195,12.38,311,0,2.999,3.13,6.33,0.277,0.56,0.315,0.713,51.42,32.23
"2025-06-11 20:00:00",17196,12.39,311,0,2.797,2.96,5.86,0.262,0.519,0.298,0.686,51.03,31.68
"2025-06-11 20:30:00",17197,12.38,311,0,2.617,2.85,5.4,0.252,0.478,0.293,0.661,51.92,31.07
"2025-06-11 21:00:00",17198,12.38,311,0,2.541,2.78,5.23,0.246,0.462,0.29,0.644,50.98,31.21
"2025-06-11 21:30:00",17199,12.37,311,0,2.415,2.7,4.91,0.239,0.434,0.28,0.628,51.57,30.71
"2025-06-11 22:00:00",17200,12.37,311,0,2.335,2.63,4.73,0.232,0.419,0.274,0.618,50.61,30.72
"2025-06-11 22:30:00",17201,12.37,311,0,2.269,2.56,4.59,0.226,0.407,0.27,0.606,50.8,31.18
"2025-06-11 23:00:00",17202,12.37,311,0,2.218,2.54,4.45,0.225,0.393,0.267,0.594,51.14,30.93
"2025-06-11 23:30:00",17203,12.37,311,0,2.184,2.53,4.35,0.224,0.385,0.268,0.588,51.69,30.66
"2025-06-12 00:00:00",17204,12.37,311,0,2.168,2.49,4.34,0.221,0.384,0.265,0.59,51.6,30.73
"2025-06-12 00:30:00",17205,12.36,311,0,2.162,2.53,4.28,0.224,0.379,0.266,0.583,50.57,30.94
"2025-06-12 01:00:00",17206,12.36,311,0,2.127,2.47,4.23,0.219,0.374,0.263,0.585,50.55,30.51
"2025-06-12 01:30:00",17207,12.36,311,0,2.121,2.49,4.19,0.221,0.371,0.265,0.585,51.11,30.4
"2025-06-12 02:00:00",17208,12.36,311,0,2.092,2.45,4.14,0.217,0.366,0.26,0.576,51.08,31.04
"2025-06-12 02:30:00",17209,12.36,311,0,2.095,2.46,4.14,0.218,0.366,0.262,0.576,50.67,30.78
"2025-06-12 03:00:00",17210,12.35,311,0,2.111,2.5,4.15,0.221,0.367,0.265,0.575,51.39,31.09
"2025-06-12 03:30:00",17211,12.35,311,0,2.099,2.49,4.12,0.221,0.365,0.265,0.576,51.3,31.1
"2025-06-12 04:00:00",17212,12.35,311,0,2.076,2.43,4.11,0.215,0.364,0.26,0.573,51.69,30.54
"2025-06-12 04:30:00",17213,12.35,311,0,2.08,2.47,4.08,0.219,0.361,0.263,0.569,50.24,31.17
"2025-06-12 05:00:00",17214,12.35,311,0,2.067,2.46,4.05,0.218,0.359,0.26,0.571,51.21,30.74
"2025-06-12 05:30:00",17215,12.35,311,0,2.086,2.5,4.07,0.221,0.36,0.266,0.573,51.31,30.58
"2025-06-12 06:00:00",17216,12.35,311,0,2.061,2.48,4.01,0.219,0.355,0.261,0.568,51.83,30.95
"2025-06-12 06:30:00",17217,12.35,311,0,2.026,2.43,3.95,0.215,0.35,0.256,0.556,51.99,30.85
"2025-06-12 07:00:00",17218,12.35,311,0,2.026,2.4,3.98,0.213,0.353,0.255,0.562,51.35,31.05
"2025-06-12 07:30:00",17219,12.35,311,0,2.076,2.45,4.09,0.216,0.362,0.251,0.561,54,30.89
"2025-06-12 08:00:00",17220,12.35,311,0,2.057,2.35,4.13,0.208,0.366,0.242,0.562,52.55,31.83
"2025-06-12 08:30:00",17221,12.35,311,0,2.347,2.88,4.51,0.255,0.399,0.267,0.58,57.04,32.18
"2025-06-12 09:00:00",17222,12.35,311,0,2.334,2.5,4.86,0.222,0.43,0.258,0.604,53.18,32.05
"2025-06-12 09:30:00",17223,12.35,311,0,3.201,3.82,6.26,0.339,0.554,0.343,0.704,58.04,33.03
"2025-06-12 10:00:00",17224,12.35,311,0,3.038,2.99,6.6,0.265,0.584,-99,0.718,57.91,34.16
"2025-06-12 10:30:00",17225,12.35,311,0,3.256,3.13,7.15,0.277,0.633,0.311,0.766,52.37,32.92
"2025-06-12 11:00:00",17226,12.35,311,0,3.691,3.61,8.04,0.32,0.712,0.353,0.819,53.11,33.26
"2025-06-12 11:30:00",17227,12.35,311,0,3.589,3.43,7.9,0.304,0.699,0.33,0.82,53.33,33.17
"2025-06-12 12:00:00",17228,12.36,311,0,3.828,3.87,8.21,0.342,0.727,0.368,0.835,52.66,34.05
"2025-06-12 12:30:00",17229,12.35,311,0,3.833,3.69,8.41,0.327,0.744,0.358,0.852,52.45,33.84
"2025-06-12 13:00:00",17230,12.36,311,0,3.919,3.81,8.56,0.337,0.758,0.365,0.855,53.35,33.59
"2025-06-12 13:30:00",17231,12.35,311,0,3.804,3.66,8.35,0.324,0.739,0.355,0.849,52.35,33.01
"2025-06-12 14:00:00",17232,12.35,311,0,3.833,3.75,8.35,0.332,0.739,0.356,0.843,52.9,33.72
"2025-06-12 14:30:00",17233,12.35,311,0,3.675,3.58,8.02,0.317,0.71,0.343,0.826,53.97,33.4
"2025-06-12 15:00:00",17234,12.35,311,0,3.738,3.64,8.16,0.322,0.722,0.346,0.836,53.62,33.62
"2025-06-12 15:30:00",17235,12.35,311,0,3.784,3.78,8.16,0.335,0.722,0.356,0.83,53.62,32.79
"2025-06-12 16:00:00",17236,12.35,311,0,3.793,3.78,8.19,0.334,0.725,0.357,0.836,53.55,32.71
"2025-06-12 16:30:00",17237,12.35,311,0,3.877,3.99,8.24,0.353,0.73,0.378,0.832,53.09,32.82
"2025-06-12 17:00:00",17238,12.35,311,0,3.731,3.56,8.22,0.315,0.727,0.346,0.84,51.97,33.62
"2025-06-12 17:30:00",17239,12.35,311,0,3.727,3.76,8,0.333,0.708,0.36,0.824,52.5,32.91
"2025-06-12 18:00:00",17240,12.35,311,0,3.733,3.73,8.05,0.331,0.713,0.364,0.825,52.22,32.35
"2025-06-12 18:30:00",17241,12.35,311,0,3.61,3.68,7.71,0.326,0.682,0.357,0.805,53.05,33.03
"2025-06-12 19:00:00",17242,12.35,311,0,3.397,3.42,7.3,0.303,0.646,0.341,0.777,51.48,33.12
"2025-06-12 19:30:00",17243,12.35,311,0,3.173,3.27,6.74,0.29,0.597,0.326,0.747,52.54,32.09
"2025-06-12 20:00:00",17244,12.35,311,0,2.885,3.03,6.07,0.268,0.537,0.307,0.704,51.1,32.16
"2025-06-12 20:30:00",17245,12.35,311,0,2.69,2.91,5.57,0.258,0.493,0.299,0.668,51.52,30.92
"2025-06-12 21:00:00",17246,12.34,311,0,2.532,2.81,5.17,0.249,0.458,0.291,0.642,50.13,31.34
"2025-06-12 21:30:00",17247,12.34,311,0,2.456,2.73,5.01,0.242,0.443,0.286,0.635,51.73,31.7
"2025-06-12 22:00:00",17248,12.34,311,0,2.376,2.64,4.85,0.234,0.43,0.278,0.621,51.18,31.4
"2025-06-12 22:30:00",17249,12.33,311,0,2.326,2.61,4.72,0.231,0.418,0.274,0.614,51.23,31.45
"2025-06-12 23:00:00",17250,12.33,311,0,2.272,2.57,4.59,0.228,0.407,0.27,0.605,51.9,31.45
"2025-06-12 23:30:00",17251,12.33,311,0,2.25,2.56,4.53,0.226,0.401,0.271,0.602,51.82,30.94
"2025-06-13 00:00:00",17252,12.33,311,0,2.222,2.54,4.46,0.225,0.395,0.27,0.595,51.52,31.21
"2025-06-13 00:30:00",17253,12.33,311,0,2.212,2.51,4.46,0.222,0.395,0.267,0.593,51.67,31.36
"2025-06-13 01:00:00",17254,12.33,311,0,2.219,2.56,4.43,0.226,0.392,0.271,0.59,51.88,31.42
"2025-06-13 01:30:00",17255,12.32,311,0,2.19,2.54,4.36,0.225,0.386,0.268,0.59,51.31,31.26
"2025-06-13 02:00:00",17256,12.32,311,0,2.212,2.54,4.43,0.225,0.392,0.268,0.598,51.67,30.79
"2025-06-13 02:30:00",17257,12.32,311,0,2.209,2.54,4.42,0.225,0.391,0.267,0.593,51.58,31.37
"2025-06-13 03:00:00",17258,12.32,311,0,2.174,2.51,4.34,0.222,0.384,0.265,0.586,50.42,30.63
"2025-06-13 03:30:00",17259,12.32,311,0,2.177,2.52,4.34,0.223,0.384,0.265,0.585,52.05,31.32
"2025-06-13 04:00:00",17260,12.32,311,0,2.184,2.53,4.35,0.224,0.385,0.269,0.59,50.74,30.94
"2025-06-13 04:30:00",17261,12.31,311,0,2.193,2.55,4.36,0.226,0.386,0.269,0.593,51.04,31.65
"2025-06-13 05:00:00",17262,12.31,311,0,2.197,2.6,4.32,0.23,0.383,0.27,0.583,51.27,31.21
"2025-06-13 05:30:00",17263,12.32,311,0,2.206,2.59,4.36,0.229,0.386,0.269,0.588,50.7,30.9
"2025-06-13 06:00:00",17264,12.32,311,0,2.197,2.56,4.36,0.227,0.386,0.265,0.588,51.32,30.69
"2025-06-13 06:30:00",17265,12.31,311,0,2.209,2.55,4.41,0.226,0.39,0.262,0.585,51.95,30.9
"2025-06-13 07:00:00",17266,12.31,311,0,2.231,2.54,4.49,0.225,0.397,0.259,0.591,52.59,32.13
"2025-06-13 07:30:00",17267,12.31,311,0,2.316,2.59,4.71,0.229,0.417,0.26,0.602,53.83,31.86
"2025-06-13 08:00:00",17268,12.31,311,0,2.493,2.75,5.11,0.244,0.452,0.281,0.636,52,31.97
"2025-06-13 08:30:00",17269,12.31,311,0,2.713,3.08,5.47,0.272,0.484,0.294,0.653,54.02,32.32
"2025-06-13 09:00:00",17270,12.31,311,0,2.762,2.95,5.76,0.261,0.509,0.291,0.674,53.94,32.5
"2025-06-13 09:30:00",17271,12.31,311,0,3.049,3.12,6.5,0.276,0.576,0.299,0.721,54.71,32.61
"2025-06-13 10:00:00",17272,12.31,311,0,2.976,2.72,6.68,0.24,0.591,-99,0.725,55.06,33.95
"2025-06-13 10:30:00",17273,12.31,311,0,3.227,3.04,7.15,0.269,0.633,0.304,0.764,52.52,33.33
"2025-06-13 11:00:00",17274,12.31,311,0,3.658,3.81,7.73,0.337,0.684,0.37,0.802,50.49,32.81
"2025-06-13 11:30:00",17275,12.31,311,0,3.7,3.84,7.83,0.34,0.693,0.364,0.816,52.92,32.23
"2025-06-13 12:00:00",17276,12.31,311,0,3.498,3.42,7.62,0.303,0.674,0.335,0.803,52.57,33.38
"2025-06-13 12:30:00",17277,12.32,311,0,3.812,3.83,8.2,0.339,0.726,0.361,0.841,53.18,33.58
"2025-06-13 13:00:00",17278,12.31,311,0,3.722,3.61,8.14,0.319,0.72,0.343,0.832,54.55,33.7
"2025-06-13 13:30:00",17279,12.31,311,0,3.849,3.77,8.38,0.333,0.742,0.362,0.846,52.15,33.79
"2025-06-13 14:00:00",17280,12.31,311,0,3.837,3.81,8.3,0.337,0.735,0.354,0.845,54.8,33.12
"2025-06-13 14:30:00",17281,12.31,311,0,3.779,3.68,8.25,0.326,0.731,0.349,0.84,54.13,33.46
"2025-06-13 15:00:00",17282,12.31,311,0,3.869,3.88,8.33,0.344,0.738,0.368,0.847,51.7,33.93
"2025-06-13 15:30:00",17283,12.31,311,0,3.859,3.81,8.37,0.337,0.741,0.368,0.847,52.8,32.79
"2025-06-13 16:00:00",17284,12.31,311,0,3.697,3.58,8.09,0.317,0.716,0.344,0.829,54.81,33.15
"2025-06-13 16:30:00",17285,12.31,311,0,3.521,3.52,7.59,0.312,0.672,0.339,0.798,53.04,33.46
"2025-06-13 17:00:00",17286,12.31,311,0,3.361,3.25,7.36,0.288,0.651,0.317,0.778,49.94,33.26
"2025-06-13 17:30:00",17287,12.31,311,0,3.536,3.52,7.64,0.312,0.676,0.343,0.802,54.08,32.84
"2025-06-13 18:00:00",17288,12.31,311,0,3.593,3.53,7.81,0.312,0.691,0.341,0.809,52.58,31.07
"2025-06-13 18:30:00",17289,12.3,311,0,3.61,3.63,7.76,0.321,0.687,0.352,0.809,51.44,32.26
"2025-06-13 19:00:00",17290,12.31,311,0,3.461,3.5,7.42,0.309,0.656,0.345,0.784,51.65,32.48
"2025-06-13 19:30:00",17291,12.31,311,0,3.293,3.37,7.02,0.299,0.621,0.335,0.768,52.05,31.36
"2025-06-13 20:00:00",17292,12.3,311,0,3.04,3.14,6.45,0.278,0.571,0.314,0.722,51.25,32.23
"2025-06-13 20:30:00",17293,12.3,311,0,2.787,2.98,5.81,0.264,0.514,0.302,0.684,50.5,31.98
"2025-06-13 21:00:00",17294,12.3,311,0,2.614,2.84,5.4,0.252,0.478,0.289,0.659,51.81,31.11
"2025-06-13 21:30:00",17295,12.3,311,0,2.487,2.74,5.1,0.243,0.452,0.281,0.636,52.23,31.37
"2025-06-13 22:00:00",17296,12.3,311,0,2.363,2.61,4.84,0.231,0.428,0.272,0.622,51.85,31.16
"2025-06-13 22:30:00",17297,12.29,311,0,2.31,2.56,4.72,0.227,0.418,0.27,0.61,51.61,31.43
"2025-06-13 23:00:00",17298,12.29,311,0,2.278,2.52,4.66,0.223,0.413,0.266,0.61,50.6,31.15
"2025-06-13 23:30:00",17299,12.29,311,0,2.256,2.53,4.58,0.224,0.405,0.265,0.602,50.92,31.88
"2025-06-14 00:00:00",17300,12.29,311,0,2.177,2.47,4.39,0.219,0.389,0.26,0.591,50.97,30.8
"2025-06-14 00:30:00",17301,12.29,311,0,2.19,2.52,4.38,0.223,0.387,0.264,0.587,50.92,30.07
"2025-06-14 01:00:00",17302,12.28,311,0,2.171,2.52,4.32,0.223,0.382,0.268,0.589,50.93,31.17
"2025-06-14 01:30:00",17303,12.28,311,0,2.159,2.52,4.28,0.223,0.379,0.266,0.58,50.72,31.11
"2025-06-14 02:00:00",17304,12.28,311,0,2.165,2.53,4.29,0.224,0.38,0.266,0.586,51.1,31.07
"2025-06-14 02:30:00",17305,12.28,311,0,2.139,2.45,4.29,0.216,0.38,0.262,0.589,51.67,30.81
"2025-06-14 03:00:00",17306,12.28,311,0,2.139,2.45,4.29,0.216,0.38,0.262,0.582,51.25,31.22
"2025-06-14 03:30:00",17307,12.28,311,0,2.146,2.47,4.29,0.219,0.38,0.261,0.587,52.1,30.56
"2025-06-14 04:00:00",17308,12.28,311,0,2.108,2.43,4.21,0.215,0.373,0.259,0.577,51.4,31.22
"2025-06-14 04:30:00",17309,12.28,311,0,2.13,2.47,4.24,0.219,0.375,0.267,0.58,50.83,30.65
"2025-06-14 05:00:00",17310,12.28,311,0,2.127,2.47,4.23,0.219,0.374,0.26,0.58,51.41,31.38
"2025-06-14 05:30:00",17311,12.28,311,0,2.111,2.46,4.19,0.218,0.371,0.261,0.577,51.02,30.98
"2025-06-14 06:00:00",17312,12.27,311,0,2.13,2.45,4.26,0.217,0.377,0.256,0.577,51.62,30.76
"2025-06-14 06:30:00",17313,12.27,311,0,2.171,2.53,4.31,0.224,0.382,0.265,0.582,52.07,30.8
"2025-06-14 07:00:00",17314,12.27,311,0,2.218,2.54,4.45,0.225,0.393,0.264,0.589,51.91,31.05
"2025-06-14 07:30:00",17315,12.27,311,0,2.222,2.54,4.46,0.225,0.395,0.262,0.591,52.4,31.41
"2025-06-14 08:00:00",17316,12.27,311,0,2.295,2.64,4.59,0.234,0.407,0.266,0.593,51.85,31
"2025-06-14 08:30:00",17317,12.27,311,0,2.389,2.7,4.83,0.239,0.428,0.272,0.608,52.53,31.68
"2025-06-14 09:00:00",17318,12.27,311,0,2.502,2.64,5.25,0.233,0.465,0.274,0.642,51.88,31.71
"2025-06-14 09:30:00",17319,12.27,311,0,2.862,3.23,5.79,0.286,0.512,0.313,0.675,53.51,31.65
"2025-06-14 10:00:00",17320,12.27,311,0,2.832,3.01,5.92,0.266,0.524,0.306,0.688,51.6,32.67
"2025-06-14 10:30:00",17321,12.27,311,0,2.813,3.03,5.84,0.269,0.517,0.311,0.682,50.76,32.14
"2025-06-14 11:00:00",17322,12.27,311,0,2.738,3.09,5.54,0.274,0.49,0.304,0.661,54.98,32.05
"2025-06-14 11:30:00",17323,12.27,311,0,3,3.49,5.96,0.309,0.528,0.32,0.674,58.06,32.08
"2025-06-14 12:00:00",17324,12.27,311,0,3.067,3.03,6.65,0.268,0.589,0.305,0.73,51.42,32.5
"2025-06-14 12:30:00",17325,12.27,311,0,3.403,3.41,7.33,0.301,0.649,0.328,0.776,53.48,33.21
"2025-06-14 13:00:00",17326,12.27,311,0,3.538,3.34,7.83,0.296,0.693,0.326,0.817,52.13,33.21
"2025-06-14 13:30:00",17327,12.27,311,0,3.735,3.65,8.14,0.323,0.721,0.349,0.831,54.15,33.57
"2025-06-14 14:00:00",17328,12.27,311,0,3.786,3.76,8.19,0.333,0.725,0.359,0.833,53.82,33.4
"2025-06-14 14:30:00",17329,12.27,311,0,3.76,3.59,8.28,0.318,0.733,0.342,0.845,54,33.99
"2025-06-14 15:00:00",17330,12.27,311,0,3.837,3.8,8.31,0.336,0.735,0.359,0.847,54.5,33.67
"2025-06-14 15:30:00",17331,12.27,311,0,3.883,3.96,8.29,0.35,0.734,0.373,0.846,52.63,33.2
"2025-06-14 16:00:00",17332,12.27,311,0,3.732,3.64,8.14,0.322,0.72,0.346,0.832,54.67,33.42
"2025-06-14 16:30:00",17333,12.27,311,0,3.719,3.57,8.17,0.316,0.723,0.351,0.837,51.8,33.46
"2025-06-14 17:00:00",17334,12.27,311,0,3.739,3.73,8.07,0.33,0.714,0.357,0.83,53.76,32.94
"2025-06-14 17:30:00",17335,12.27,311,0,3.7,3.58,8.1,0.316,0.717,0.345,0.827,52.93,32.93
"2025-06-14 18:00:00",17336,12.27,311,0,3.612,3.59,7.81,0.318,0.691,0.352,0.812,51.09,32.32
"2025-06-14 18:30:00",17337,12.27,311,0,3.353,3.42,7.16,0.303,0.634,0.338,0.772,51.26,32.34
"2025-06-14 19:00:00",17338,12.27,311,0,3.024,3.14,6.4,0.278,0.567,0.314,0.726,52.45,32.44
"2025-06-14 19:30:00",17339,12.27,311,0,2.829,3.04,5.88,0.269,0.52,0.312,0.688,50.85,30.84
"2025-06-14 20:00:00",17340,12.27,311,0,2.728,2.95,5.65,0.261,0.5,0.303,0.679,50.37,32.27
"2025-06-14 20:30:00",17341,12.26,311,0,2.626,2.85,5.43,0.253,0.481,0.294,0.664,50.64,31.59
"2025-06-14 21:00:00",17342,12.26,311,0,2.477,2.72,5.09,0.241,0.45,0.284,0.639,50.54,30.92
"2025-06-14 21:30:00",17343,12.26,311,0,2.373,2.63,4.85,0.233,0.429,0.279,0.621,51.2,31.17
"2025-06-14 22:00:00",17344,12.25,311,0,2.323,2.61,4.71,0.231,0.417,0.274,0.611,50.74,30.45
"2025-06-14 22:30:00",17345,12.25,311,0,2.265,2.5,4.64,0.222,0.41,0.271,0.611,51.13,30.53
"2025-06-14 23:00:00",17346,12.25,311,0,2.163,2.38,4.44,0.211,0.393,0.259,0.595,50.19,31.24
"2025-06-14 23:30:00",17347,12.25,311,0,2.19,2.53,4.37,0.224,0.387,0.272,0.593,51.27,31.08
"2025-06-15 00:00:00",17348,12.24,311,0,2.148,2.45,4.32,0.217,0.382,0.263,0.584,52.31,31.03
"2025-06-15 00:30:00",17349,12.25,311,0,2.117,2.42,4.25,0.214,0.376,0.26,0.581,51.14,29.71
"2025-06-15 01:00:00",17350,12.24,311,0,2.085,2.38,4.19,0.21,0.371,0.259,0.581,50.83,30.39
"2025-06-15 01:30:00",17351,12.24,311,0,2.108,2.46,4.18,0.217,0.37,0.263,0.579,50.89,31.12
"2025-06-15 02:00:00",17352,12.24,311,0,2.066,2.33,4.18,0.206,0.37,0.255,0.577,51.82,30.39
"2025-06-15 02:30:00",17353,12.24,311,0,2.076,2.39,4.15,0.212,0.368,0.253,0.571,51.42,30.29
"2025-06-15 03:00:00",17354,12.24,311,0,2.053,2.36,4.11,0.208,0.364,0.254,0.579,51.77,30.08
"2025-06-15 03:30:00",17355,12.24,311,0,2.07,2.42,4.1,0.214,0.363,0.261,0.571,50.48,30.86
"2025-06-15 04:00:00",17356,12.24,311,0,1.995,2.18,4.11,0.193,0.364,0.242,0.575,49.87,31.34
"2025-06-15 04:30:00",17357,12.23,311,0,2.032,2.39,4.01,0.212,0.355,0.256,0.572,50.29,30.67
"2025-06-15 05:00:00",17358,12.23,311,0,1.997,2.31,3.98,0.205,0.353,0.252,0.565,50.76,30.98
"2025-06-15 05:30:00",17359,12.23,311,0,2.041,2.36,4.07,0.208,0.36,0.255,0.569,50.19,31.4
"2025-06-15 06:00:00",17360,12.23,311,0,1.993,2.28,4,0.202,0.354,0.25,0.567,51.18,30.99
"2025-06-15 06:30:00",17361,12.23,311,0,2.015,2.3,4.05,0.204,0.358,0.248,0.567,51.3,30.86
"2025-06-15 07:00:00",17362,12.23,311,0,2.058,2.47,4.01,0.219,0.355,0.261,0.567,50.8,30.51
"2025-06-15 07:30:00",17363,12.23,311,0,1.964,2.2,3.99,0.195,0.353,0.243,0.566,50.38,30.76
"2025-06-15 08:00:00",17364,12.23,311,0,2.032,2.38,4.02,0.21,0.356,0.252,0.561,51.07,31.03
"2025-06-15 08:30:00",17365,12.22,311,0,2.009,2.31,4.02,0.204,0.356,0.251,0.564,50.19,30.98
"2025-06-15 09:00:00",17366,12.22,311,0,2.009,2.32,4.01,0.206,0.355,0.25,0.566,51.53,30.66
"2025-06-15 09:30:00",17367,12.22,311,0,2.032,2.37,4.03,0.21,0.356,0.254,0.564,51.85,30.98
"2025-06-15 10:00:00",17368,12.22,311,0,2.137,2.58,4.15,0.228,0.367,0.263,0.57,52.88,30.93
"2025-06-15 10:30:00",17369,12.22,311,0,2.133,2.5,4.22,0.221,0.373,0.263,0.577,51.68,31.49
"2025-06-15 11:00:00",17370,12.22,311,0,2.146,2.53,4.23,0.224,0.374,0.264,0.575,52.27,31.14
"2025-06-15 11:30:00",17371,12.22,311,0,2.213,2.61,4.36,0.231,0.386,0.274,0.584,50.71,31.09
"2025-06-15 12:00:00",17372,12.22,311,0,2.196,2.54,4.38,0.225,0.388,0.262,0.579,51.15,31.12
"2025-06-15 12:30:00",17373,12.22,311,0,2.266,2.6,4.54,0.23,0.402,0.267,0.598,51.97,31.53
"2025-06-15 13:00:00",17374,12.22,311,0,2.397,2.78,4.77,0.246,0.422,0.283,0.61,50.98,31.37
"2025-06-15 13:30:00",17375,12.22,311,0,2.28,2.47,4.72,0.218,0.418,0.258,0.608,51.85,31.68
"2025-06-15 14:00:00",17376,12.22,311,0,2.241,2.34,4.73,0.207,0.419,0.256,0.613,49.87,31.67
"2025-06-15 14:30:00",17377,12.22,311,0,2.356,2.52,4.91,0.223,0.435,0.264,0.625,50.52,31.32
"2025-06-15 15:00:00",17378,12.22,311,0,2.322,2.56,4.76,0.227,0.421,0.268,0.613,51.19,31.43
"2025-06-15 15:30:00",17379,12.22,311,0,2.344,2.6,4.79,0.231,0.424,0.274,0.616,50.96,32.01
"2025-06-15 16:00:00",17380,12.22,311,0,2.21,2.32,4.65,0.205,0.412,0.259,0.61,49.71,31.49
"2025-06-15 16:30:00",17381,12.22,311,0,2.275,2.59,4.58,0.229,0.405,0.269,0.6,52.26,31.55
"2025-06-15 17:00:00",17382,12.22,311,0,2.214,2.44,4.54,0.216,0.402,0.268,0.605,51.11,30.82
"2025-06-15 17:30:00",17383,12.22,311,0,2.192,2.45,4.46,0.217,0.394,0.261,0.598,49.57,30.77
"2025-06-15 18:00:00",17384,12.22,311,0,2.1,2.3,4.32,0.204,0.382,0.252,0.591,51.34,30.88
"2025-06-15 18:30:00",17385,12.21,311,0,2.168,2.53,4.3,0.224,0.381,0.268,0.589,50.76,31.55
"2025-06-15 19:00:00",17386,12.21,311,0,2.139,2.44,4.3,0.216,0.381,0.258,0.587,50.97,29.69
"2025-06-15 19:30:00",17387,12.21,311,0,2.097,2.36,4.25,0.209,0.376,0.252,0.581,50.47,30.42
"2025-06-15 20:00:00",17388,12.21,311,0,2.117,2.46,4.21,0.217,0.372,0.262,0.577,51.09,30.06
"2025-06-15 20:30:00",17389,12.21,311,0,2.102,2.48,4.14,0.22,0.366,0.261,0.574,51.66,30.63
"2025-06-15 21:00:00",17390,12.21,311,0,2.002,2.24,4.07,0.198,0.36,0.247,0.575,49.22,31.09
"2025-06-15 21:30:00",17391,12.21,311,0,2.092,2.49,4.1,0.22,0.363,0.262,0.57,51.41,30.52
"2025-06-15 22:00:00",17392,12.21,311,0,2.032,2.37,4.03,0.21,0.357,0.255,0.563,50.71,30.91
"2025-06-15 22:30:00",17393,12.21,311,0,1.9,2.07,3.92,0.183,0.347,0.231,0.563,49.87,30.8
"2025-06-15 23:00:00",17394,12.2,311,0,1.994,2.33,3.95,0.206,0.35,0.25,0.563,52.53,30.23
"2025-06-15 23:30:00",17395,12.2,311,0,1.942,2.19,3.93,0.194,0.348,0.245,0.558,50.5,30.86
"2025-06-16 00:00:00",17396,12.2,311,0,2.006,2.33,3.99,0.206,0.353,0.252,0.562,51.27,30.8
"2025-06-16 00:30:00",17397,12.2,311,0,1.997,2.4,3.89,0.212,0.345,0.254,0.556,52.65,31.36
"2025-06-16 01:00:00",17398,12.2,311,0,1.997,2.4,3.89,0.212,0.345,0.25,0.56,51.29,30.83
"2025-06-16 01:30:00",17399,12.2,311,0,1.904,2.14,3.86,0.189,0.342,0.241,0.556,50.55,30.91
"2025-06-16 02:00:00",17400,12.2,311,0,1.911,2.26,3.76,0.2,0.332,0.248,0.546,51.81,30.52
"2025-06-16 02:30:00",17401,12.2,311,0,1.937,2.32,3.78,0.205,0.335,0.25,0.549,50.94,31.31
"2025-06-16 03:00:00",17402,12.2,311,0,1.928,2.31,3.76,0.204,0.332,0.251,0.554,51.55,30.26
"2025-06-16 03:30:00",17403,12.2,311,0,1.921,2.29,3.76,0.203,0.332,0.248,0.551,50.86,30.67
"2025-06-16 04:00:00",17404,12.2,311,0,1.953,2.31,3.84,0.205,0.34,0.25,0.552,52.53,30.41
"2025-06-16 04:30:00",17405,12.19,311,0,1.966,2.41,3.78,0.214,0.334,0.256,0.554,51.36,30.89
"2025-06-16 05:00:00",17406,12.19,311,0,1.943,2.3,3.82,0.203,0.338,0.248,0.549,51.18,29.89
"2025-06-16 05:30:00",17407,12.19,311,0,1.972,2.41,3.8,0.213,0.336,0.258,0.547,52.44,31.41
"2025-06-16 06:00:00",17408,12.19,311,0,1.995,2.47,3.81,0.218,0.337,0.261,0.551,52.37,31.08
"2025-06-16 06:30:00",17409,12.19,311,0,1.966,2.38,3.81,0.211,0.337,0.256,0.554,51.79,30.35
"2025-06-16 07:00:00",17410,12.19,311,0,1.96,2.39,3.78,0.212,0.335,0.252,0.552,51.02,30.56
"2025-06-16 07:30:00",17411,12.19,311,0,1.944,2.4,3.72,0.212,0.329,0.252,0.547,50.77,30.99
"2025-06-16 08:00:00",17412,12.19,311,0,1.902,2.28,3.71,0.201,0.328,0.242,0.546,52.38,30.68
"2025-06-16 08:30:00",17413,12.19,311,0,1.899,2.25,3.73,0.2,0.33,0.244,0.548,50.69,30.66
"2025-06-16 09:00:00",17414,12.18,311,0,1.893,2.29,3.67,0.203,0.324,0.248,0.541,50.78,30.73
"2025-06-16 09:30:00",17415,12.19,311,0,1.909,2.3,3.71,0.204,0.328,0.245,0.544,51.41,30.27
"2025-06-16 10:00:00",17416,12.18,311,0,1.96,2.43,3.74,0.215,0.331,0.256,0.549,51.66,29.95
"2025-06-16 10:30:00",17417,12.18,311,0,1.908,2.25,3.76,0.199,0.333,0.245,0.544,51.44,30.57
"2025-06-16 11:00:00",17418,12.18,311,0,1.937,2.29,3.81,0.203,0.337,0.236,0.542,52.44,30.57
"2025-06-16 11:30:00",17419,12.18,311,0,1.936,2.22,3.88,0.196,0.344,0.24,0.545,51.28,30.26
"2025-06-16 12:00:00",17420,12.18,311,0,2.125,2.62,4.07,0.231,0.361,0.269,0.567,51.9,31.03
"2025-06-16 12:30:00",17421,12.18,311,0,2.069,2.35,4.17,0.208,0.369,0.249,0.574,52.12,30.67
"2025-06-16 13:00:00",17422,12.18,311,0,2.188,2.64,4.25,0.234,0.376,0.269,0.581,51.83,30.82
"2025-06-16 13:30:00",17423,12.18,311,0,2.155,2.45,4.34,0.217,0.384,0.256,0.58,53.24,31.13
"2025-06-16 14:00:00",17424,12.18,311,0,2.169,2.35,4.49,0.208,0.397,0.256,0.59,50.75,31.13
"2025-06-16 14:30:00",17425,12.18,311,0,2.409,2.81,4.78,0.249,0.423,0.274,0.606,52.93,31.23
"2025-06-16 15:00:00",17426,12.18,311,0,2.425,2.78,4.86,0.246,0.43,0.274,0.614,53.73,30.8
"2025-06-16 15:30:00",17427,12.18,311,0,2.442,2.63,5.07,0.233,0.449,0.272,0.631,51.25,31.64
"2025-06-16 16:00:00",17428,12.18,311,0,2.611,2.91,5.32,0.258,0.471,0.297,0.653,51.52,30.92
"2025-06-16 16:30:00",17429,12.18,311,0,2.555,2.9,5.15,0.257,0.455,0.293,0.646,50.11,31.74
"2025-06-16 17:00:00",17430,12.18,311,0,2.417,2.62,5,0.232,0.443,0.276,0.637,51.8,30.93
"2025-06-16 17:30:00",17431,12.18,311,0,2.409,2.74,4.85,0.243,0.429,0.284,0.617,51.58,31.13
"2025-06-16 18:00:00",17432,12.18,311,0,2.307,2.62,4.65,0.232,0.412,0.273,0.61,51.49,31.19
"2025-06-16 18:30:00",17433,12.18,311,0,2.247,2.58,4.5,0.228,0.398,0.274,0.601,51.07,30.61
"2025-06-16 19:00:00",17434,12.18,311,0,2.197,2.56,4.36,0.226,0.386,0.27,0.59,51.07,31.44
"2025-06-16 19:30:00",17435,12.17,311,0,2.155,2.5,4.29,0.221,0.379,0.263,0.584,50.9,30.61
"2025-06-16 20:00:00",17436,12.17,311,0,2.101,2.44,4.18,0.216,0.37,0.261,0.582,51.6,30.47
"2025-06-16 20:30:00",17437,12.17,311,0,2.067,2.43,4.08,0.215,0.361,0.26,0.578,52.07,31.04
"2025-06-16 21:00:00",17438,12.17,311,0,2.055,2.46,4.01,0.218,0.355,0.261,0.569,51.37,30.9
"2025-06-16 21:30:00",17439,12.17,311,0,2.022,2.34,4.03,0.207,0.356,0.255,0.566,51.14,30.42
"2025-06-16 22:00:00",17440,12.16,311,0,2.032,2.4,4,0.213,0.354,0.257,0.569,51.92,29.95
"2025-06-16 22:30:00",17441,12.16,311,0,2.013,2.41,3.93,0.213,0.348,0.254,0.561,51.25,30.21
"2025-06-16 23:00:00",17442,12.16,311,0,2.01,2.44,3.89,0.216,0.344,0.256,0.561,51.78,30.5
"2025-06-16 23:30:00",17443,12.16,311,0,1.978,2.38,3.85,0.211,0.341,0.256,0.557,52.14,30.71
"2025-06-17 00:00:00",17444,12.16,311,0,2.01,2.44,3.89,0.216,0.344,0.256,0.555,51.72,30.86
"2025-06-17 00:30:00",17445,12.16,311,0,1.978,2.34,3.89,0.207,0.344,0.254,0.561,50.6,30.98
"2025-06-17 01:00:00",17446,12.16,311,0,1.982,2.39,3.85,0.212,0.341,0.254,0.555,51.74,30.88
"2025-06-17 01:30:00",17447,12.16,311,0,1.972,2.39,3.82,0.212,0.338,0.254,0.559,51.44,30.98
"2025-06-17 02:00:00",17448,12.16,311,0,1.946,2.28,3.85,0.202,0.341,0.249,0.555,50.96,30.66
"2025-06-17 02:30:00",17449,12.16,311,0,1.956,2.38,3.78,0.211,0.334,0.249,0.55,51.39,30.68
"2025-06-17 03:00:00",17450,12.16,311,0,1.959,2.36,3.81,0.209,0.337,0.25,0.554,50.66,30.77
"2025-06-17 03:30:00",17451,12.15,311,0,1.946,2.31,3.82,0.205,0.338,0.248,0.55,52.01,30.46
"2025-06-17 04:00:00",17452,12.15,311,0,1.969,2.36,3.84,0.208,0.34,0.252,0.551,50.98,30.53
"2025-06-17 04:30:00",17453,12.15,311,0,1.959,2.36,3.81,0.208,0.337,0.252,0.557,51.45,30.84
"2025-06-17 05:00:00",17454,12.15,311,0,1.972,2.36,3.85,0.209,0.341,0.25,0.555,51.93,30.48
"2025-06-17 05:30:00",17455,12.15,311,0,1.966,2.37,3.82,0.209,0.338,0.252,0.557,50.3,30.67
"2025-06-17 06:00:00",17456,12.15,311,0,1.972,2.36,3.85,0.208,0.341,0.252,0.555,51.42,30.69
"2025-06-17 06:30:00",17457,12.15,311,0,1.975,2.38,3.84,0.211,0.34,0.254,0.552,51.66,30.36
"2025-06-17 07:00:00",17458,12.15,311,0,1.95,2.38,3.76,0.211,0.332,0.248,0.545,51.8,30.36
"2025-06-17 07:30:00",17459,12.15,311,0,1.972,2.35,3.86,0.208,0.341,0.244,0.551,51.23,30.61
"2025-06-17 08:00:00",17460,12.15,311,0,1.991,2.36,3.91,0.209,0.346,0.25,0.556,52.64,30.93
"2025-06-17 08:30:00",17461,12.14,311,0,2.035,2.39,4.02,0.212,0.356,0.252,0.566,52.1,30.56
"2025-06-17 09:00:00",17462,12.14,311,0,2.106,2.54,4.09,0.225,0.362,0.259,0.565,52.74,31.04
"2025-06-17 09:30:00",17463,12.15,311,0,2.114,2.47,4.19,0.219,0.37,0.257,0.571,51.11,30.4
"2025-06-17 10:00:00",17464,12.15,311,0,2.204,2.64,4.3,0.234,0.381,0.269,0.589,51.76,30.63
"2025-06-17 10:30:00",17465,12.15,311,0,2.152,2.44,4.34,0.216,0.384,0.252,0.579,52.38,30.96
"2025-06-17 11:00:00",17466,12.14,311,0,2.254,2.68,4.42,0.238,0.391,0.267,0.583,53.51,31.4
"2025-06-17 11:30:00",17467,12.14,311,0,2.132,2.35,4.37,0.208,0.387,0.236,0.58,53.52,30.98
"2025-06-17 12:00:00",17468,12.14,311,0,2.193,2.19,4.73,0.193,0.418,0.243,0.607,51.57,31.54
"2025-06-17 12:30:00",17469,12.15,311,0,2.561,2.89,5.18,0.256,0.459,0.293,0.639,52.04,31.18
"2025-06-17 13:00:00",17470,12.14,311,0,2.602,2.96,5.24,0.262,0.464,0.289,0.641,53.76,31.24
"2025-06-17 13:30:00",17471,12.14,311,0,2.53,2.91,5.06,0.258,0.448,0.291,0.632,52.89,31.35
"2025-06-17 14:00:00",17472,12.14,311,0,2.605,2.95,5.26,0.261,0.465,0.293,0.644,52.89,32.02
"2025-06-17 14:30:00",17473,12.14,311,0,2.656,3.02,5.35,0.267,0.473,0.294,0.65,53.46,32.33
"2025-06-17 15:00:00",17474,12.14,311,0,2.668,2.99,5.42,0.265,0.48,0.298,0.653,52.14,31.43
"2025-06-17 15:30:00",17475,12.14,311,0,2.479,2.54,5.28,0.225,0.468,0.261,0.64,52,32.12
"2025-06-17 16:00:00",17476,12.14,311,0,2.609,2.72,5.51,0.241,0.488,0.278,0.662,52.1,31.24
"2025-06-17 16:30:00",17477,12.14,311,0,2.613,2.83,5.41,0.25,0.479,0.29,0.653,52.73,31.18
"2025-06-17 17:00:00",17478,12.14,311,0,2.617,2.83,5.42,0.25,0.48,0.288,0.659,51.96,31.5
"2025-06-17 17:30:00",17479,12.14,311,0,2.573,2.86,5.25,0.253,0.465,0.292,0.648,51.69,31.09
"2025-06-17 18:00:00",17480,12.14,311,0,2.455,2.63,5.11,0.233,0.453,0.275,0.639,52.39,31.78
"2025-06-17 18:30:00",17481,12.14,311,0,2.402,2.74,4.83,0.243,0.428,0.282,0.62,51.96,31.09
"2025-06-17 19:00:00",17482,12.14,311,0,2.266,2.56,4.58,0.227,0.405,0.272,0.603,51.39,30.93
"2025-06-17 19:30:00",17483,12.14,311,0,2.149,2.47,4.3,0.219,0.381,0.264,0.588,51.6,30.88
"2025-06-17 20:00:00",17484,12.14,311,0,2.085,2.42,4.15,0.214,0.367,0.257,0.579,52,31.13
"2025-06-17 20:30:00",17485,12.14,311,0,2.051,2.41,4.05,0.214,0.358,0.257,0.567,51.6,30.57
"2025-06-17 21:00:00",17486,12.13,311,0,2.006,2.35,3.97,0.208,0.351,0.251,0.565,51.17,30.72
"2025-06-17 21:30:00",17487,12.13,311,0,1.994,2.38,3.9,0.21,0.345,0.253,0.562,52.59,30.47
"2025-06-17 22:00:00",17488,12.13,311,0,1.987,2.32,3.94,0.206,0.349,0.251,0.564,51.02,30.41
"2025-06-17 22:30:00",17489,12.13,311,0,1.975,2.32,3.9,0.205,0.345,0.249,0.56,51.24,30.93
"2025-06-17 23:00:00",17490,12.13,311,0,1.978,2.35,3.88,0.208,0.344,0.253,0.56,51.21,30.6
"2025-06-17 23:30:00",17491,12.13,311,0,1.963,2.36,3.82,0.209,0.339,0.252,0.558,51.29,29.74
"2025-06-18 00:00:00",17492,12.12,311,0,1.963,2.36,3.82,0.209,0.339,0.252,0.554,51.38,30.67
"2025-06-18 00:30:00",17493,12.12,311,0,1.956,2.34,3.82,0.207,0.339,0.25,0.556,51.87,30.73
"2025-06-18 01:00:00",17494,12.12,311,0,1.962,2.33,3.85,0.207,0.341,0.25,0.556,51.39,30.26
"2025-06-18 01:30:00",17495,12.12,311,0,1.972,2.36,3.85,0.209,0.341,0.252,0.554,51.4,30.94
"2025-06-18 02:00:00",17496,12.12,311,0,1.95,2.33,3.81,0.207,0.338,0.25,0.551,51.02,30.56
"2025-06-18 02:30:00",17497,12.12,311,0,1.94,2.33,3.78,0.207,0.335,0.25,0.554,51.19,30.88
"2025-06-18 03:00:00",17498,12.12,311,0,1.956,2.35,3.81,0.208,0.338,0.251,0.551,51.68,30.24
"2025-06-18 03:30:00",17499,12.12,311,0,1.943,2.32,3.8,0.205,0.336,0.246,0.549,51.55,30.83
"2025-06-18 04:00:00",17500,12.12,311,0,1.949,2.31,3.83,0.205,0.339,0.246,0.554,51.82,30.52
"2025-06-18 04:30:00",17501,12.12,311,0,1.95,2.35,3.79,0.208,0.335,0.251,0.551,51.36,30.22
"2025-06-18 05:00:00",17502,12.11,311,0,1.978,2.36,3.87,0.209,0.343,0.25,0.558,51.22,30.36
"2025-06-18 05:30:00",17503,12.11,311,0,1.959,2.36,3.81,0.209,0.338,0.25,0.55,51.54,30.67
"2025-06-18 06:00:00",17504,12.11,311,0,1.981,2.34,3.9,0.207,0.345,0.253,0.556,51.58,30.87
"2025-06-18 06:30:00",17505,12.11,311,0,2.061,2.46,4.03,0.217,0.357,0.252,0.562,52.41,30.87
"2025-06-18 07:00:00",17506,12.11,311,0,2.079,2.36,4.19,0.209,0.371,0.243,0.569,52.42,30.72
"2025-06-18 07:30:00",17507,12.11,311,0,2.335,2.55,4.81,0.226,0.426,0.257,0.607,53.18,31.49
"2025-06-18 08:00:00",17508,12.11,311,0,2.746,2.93,5.73,0.26,0.507,0.289,0.671,52.75,32.98
"2025-06-18 08:30:00",17509,12.11,311,0,3.029,3.25,6.3,0.288,0.557,0.31,0.704,53.36,32.92
"2025-06-18 09:00:00",17510,12.11,311,0,3.055,3.06,6.58,0.271,0.582,0.295,0.727,52.34,34.39
"2025-06-18 09:30:00",17511,12.11,311,0,3.425,3.39,7.42,0.3,0.657,0.329,0.784,51.8,33.85
"2025-06-18 10:00:00",17512,12.11,311,0,3.522,3.65,7.46,0.323,0.66,0.335,0.788,57.95,33.12
