"TOA5","CR300Series_424","CR300","4258","CR300.Std.11.00","CPU:CR300_sapflow.CR300","47433","Table1"
"TIMESTAMP","RECORD","BattV_Min","id","SDI0","SapFlwTot0","VhOuter0","VhInner0","AlphaOut0","AlphaIn0","BetaOut0","BetaIn0","tMaxTout0","tMaxTin0"
"TS","RN","Volts","","","literPerHour","heatVelocity","heatVelocity","logTRatio","logTRatio","logTRatio","logTRatio","second","second"
"","","Min","Smp","Smp","Smp","Smp","Smp","Smp","Smp","Smp","Smp","Smp","Smp"
"2025-05-30 16:30:00",0,13.09,424,0,0.189,2.83,6.26,0.234,0.517,0.244,0.488,84.5,69.15
"2025-05-30 17:00:00",1,13.1,424,0,0.17,2.72,5.42,0.224,0.448,0.228,0.425,79.61,68.31
"2025-05-30 17:30:00",2,13.08,424,0,0.148,2.42,4.64,0.2,0.383,0.211,0.362,82.8,66.92
"2025-05-30 18:00:00",3,13.1,424,0,0.128,2.16,3.94,0.178,0.326,0.187,0.314,80.6,67.75
"2025-05-30 18:30:00",4,13.1,424,0,0.095,1.53,3.04,0.127,0.251,0.132,0.241,76.49,66.71
"2025-05-30 19:00:00",5,13.08,424,0,0.072,1.2,2.24,0.099,0.185,0.102,0.179,77.25,64.95
"2025-05-30 19:30:00",6,13.1,424,0,0.055,0.9,1.72,0.074,0.143,0.077,0.137,77.99,63.17
"2025-05-30 20:00:00",7,13.1,424,0,0.041,0.57,1.41,0.047,0.117,0.047,0.116,71.94,63.93
"2025-05-30 20:30:00",8,13.1,424,0,0.036,0.56,1.2,0.046,0.1,0.049,0.099,78.1,62.78
"2025-05-30 21:00:00",9,13.09,424,0,0.033,0.52,1.09,0.043,0.09,0.038,0.089,73.62,62.33
"2025-05-30 21:30:00",10,13.1,424,0,0.053,1.23,1.18,0.102,0.097,0.104,0.091,73.73,61.44
"2025-05-30 22:00:00",11,13.09,424,0,0.042,1.09,0.8,0.09,0.066,0.088,0.06,87.9,59.74
"2025-05-30 22:30:00",12,13.09,424,0,0.031,0.66,0.77,0.054,0.064,0.05,0.063,78.02,61.94
"2025-05-30 23:00:00",13,13.09,424,0,0.025,0.46,0.74,0.038,0.062,0.041,0.061,72.35,62.32
"2025-05-30 23:30:00",14,13.08,424,0,0.027,0.52,0.78,0.043,0.064,0.043,0.06,64.9,64.96
"2025-05-31 00:00:00",15,13.08,424,0,0.023,0.35,0.77,0.029,0.063,0.043,0.058,96.4,60.93
"2025-05-31 00:30:00",16,13.08,424,0,0.036,0.66,1.05,0.055,0.087,0.058,0.085,79.82,60.73
"2025-05-31 01:00:00",17,13.07,424,0,0.031,0.5,1.01,0.041,0.083,0.051,0.082,61.35,62.67
"2025-05-31 01:30:00",18,13.07,424,0,0.037,0.77,0.95,0.064,0.078,0.059,0.07,73.89,62.36
"2025-05-31 02:00:00",19,13.07,424,0,0.031,0.52,0.99,0.043,0.082,0.049,0.077,90.3,61.34
"2025-05-31 02:30:00",20,13.06,424,0,0.025,0.27,0.98,0.022,0.081,0.029,0.076,83.3,65.7
"2025-05-31 03:00:00",21,13.05,424,0,0.026,0.31,1.01,0.025,0.083,0.025,0.079,72.38,63.37
"2025-05-31 03:30:00",22,13.06,424,0,0.024,0.29,0.9,0.024,0.074,0.024,0.07,78.3,66.01
"2025-05-31 04:00:00",23,13.06,424,0,0.019,0.29,0.64,0.024,0.054,0.02,0.053,72.68,61.15
"2025-05-31 04:30:00",24,13.06,424,0,0.022,0.35,0.73,0.029,0.06,0.031,0.059,81.4,62.55
"2025-05-31 05:00:00",25,13.06,424,0,0.024,0.38,0.81,0.031,0.067,0.031,0.063,79.56,67.78
"2025-05-31 05:30:00",26,13.06,424,0,0.023,0.29,0.87,0.025,0.071,0.028,0.067,77.81,60.48
"2025-05-31 06:00:00",27,13.06,424,0,0.024,0.21,1.04,0.018,0.086,0.021,0.085,77.74,62.93
"2025-05-31 06:30:00",28,13.06,424,0,0.025,0.34,0.9,0.028,0.074,0.028,0.077,79.12,62.55
"2025-05-31 07:00:00",29,13.04,424,0,0.037,0.55,1.25,0.046,0.103,0.045,0.099,80.9,65.32
"2025-05-31 07:30:00",30,13.05,424,0,0.047,0.63,1.67,0.052,0.138,0.057,0.133,84,67.89
"2025-05-31 08:00:00",31,13.05,424,0,0.056,0.78,1.95,0.065,0.16,0.07,0.155,84.3,70.74
"2025-05-31 08:30:00",32,13.04,424,0,0.067,0.9,2.38,0.074,0.196,0.084,0.188,93.6,70.5
"2025-05-31 09:00:00",33,13.05,424,0,0.085,1.4,2.65,0.115,0.218,0.128,0.217,88.9,72.34
"2025-05-31 09:30:00",34,13.05,424,0,0.096,1.46,3.15,0.12,0.26,0.121,0.251,83.7,66.61
"2025-05-31 10:00:00",35,13.06,424,0,0.115,1.77,3.78,0.146,0.312,0.156,0.306,82.9,73.41
"2025-05-31 10:30:00",36,13.06,424,0,0.133,2.03,4.4,0.168,0.364,0.181,0.361,90.8,73.42
"2025-05-31 11:00:00",37,13.06,424,0,0.158,2.76,4.71,0.227,0.388,0.239,0.367,77.5,68.74
"2025-05-31 11:30:00",38,13.07,424,0,0.14,2.23,4.47,0.184,0.369,0.194,0.358,84.8,68.52
"2025-05-31 12:00:00",39,13.07,424,0,0.143,2.19,4.69,0.181,0.387,0.193,0.376,88,70.71
"2025-05-31 12:30:00",40,13.07,424,0,0.177,2.73,5.8,0.225,0.479,0.244,0.462,94.3,71.92
"2025-05-31 13:00:00",41,13.07,424,0,0.198,3.11,6.37,0.258,0.526,0.276,0.509,88.8,73.27
"2025-05-31 13:30:00",42,13.08,424,0,0.201,3.18,6.44,0.263,0.533,0.278,0.505,85.8,68.71
"2025-05-31 14:00:00",43,13.08,424,0,0.231,4.43,6.4,0.366,0.528,0.368,0.511,75.41,70.94
"2025-05-31 14:30:00",44,13.07,424,0,0.192,2.8,6.49,0.232,0.536,0.248,0.526,90.5,75.45
"2025-05-31 15:00:00",45,13.07,424,0,0.477,13.39,7.48,1.107,0.618,0.605,0.541,58.86,64.73
"2025-05-31 15:30:00",46,13.08,424,0,0.149,2.69,4.33,0.222,0.358,0.239,0.344,89.9,67.75
"2025-05-31 16:00:00",47,13.08,424,0,0.147,2.4,4.64,0.198,0.383,0.209,0.371,84.9,69.83
"2025-05-31 16:30:00",48,13.08,424,0,0.143,2.41,4.41,0.2,0.365,0.207,0.349,83.1,69.49
"2025-05-31 17:00:00",49,13.06,424,0,0.143,2.42,4.38,0.201,0.363,0.208,0.352,79.34,69.82
"2025-05-31 17:30:00",50,13.07,424,0,0.143,2.33,4.52,0.192,0.374,0.199,0.355,78.64,66.34
"2025-05-31 18:00:00",51,13.07,424,0,0.125,2.13,3.84,0.176,0.317,0.187,0.314,84.2,66.33
"2025-05-31 18:30:00",52,13.06,424,0,0.134,2.34,4.03,0.193,0.333,0.197,0.326,77.06,65.02
"2025-05-31 19:00:00",53,13.07,424,0,0.116,1.82,3.77,0.151,0.311,0.153,0.299,76.18,65.89
"2025-05-31 19:30:00",54,13.06,424,0,0.102,1.64,3.28,0.135,0.271,0.137,0.26,75.98,66.96
"2025-05-31 20:00:00",55,13.06,424,0,0.091,1.5,2.84,0.123,0.235,0.13,0.221,77.24,64.44
"2025-05-31 20:30:00",56,13.05,424,0,0.074,1.25,2.28,0.103,0.189,0.102,0.178,74.58,64.8
"2025-05-31 21:00:00",57,13.05,424,0,0.067,1.12,2.09,0.092,0.173,0.094,0.167,77.36,65.31
"2025-05-31 21:30:00",58,13.05,424,0,0.056,0.9,1.81,0.074,0.15,0.076,0.144,80.4,64.03
"2025-05-31 22:00:00",59,13.04,424,0,0.053,0.88,1.67,0.073,0.138,0.076,0.137,76.82,64.02
"2025-05-31 22:30:00",60,13.04,424,0,0.047,0.71,1.57,0.059,0.13,0.058,0.125,78.58,64.53
"2025-05-31 23:00:00",61,13.04,424,0,0.05,0.83,1.58,0.068,0.13,0.068,0.125,74.04,63.01
"2025-05-31 23:30:00",62,13.04,424,0,0.048,0.83,1.48,0.068,0.122,0.07,0.125,79.64,62.81
"2025-06-01 00:00:00",63,13.03,424,0,0.037,0.52,1.32,0.043,0.108,0.043,0.099,67.73,60.99
"2025-06-01 00:30:00",64,13.03,424,0,0.04,0.53,1.43,0.044,0.118,0.043,0.109,72.95,64.69
"2025-06-01 01:00:00",65,13.03,424,0,0.051,0.97,1.44,0.079,0.119,0.082,0.117,79.31,63.5
"2025-06-01 01:30:00",66,13.03,424,0,0.037,0.52,1.32,0.043,0.109,0.046,0.107,82.2,66.14
"2025-06-01 02:00:00",67,13.01,424,0,0.036,0.48,1.3,0.039,0.108,0.042,0.111,76.49,64.45
"2025-06-01 02:30:00",68,13.01,424,0,0.033,0.38,1.26,0.032,0.105,0.034,0.1,79.46,64.39
"2025-06-01 03:00:00",69,13.01,424,0,0.032,0.39,1.2,0.033,0.1,0.025,0.103,73.64,64.38
"2025-06-01 03:30:00",70,13.01,424,0,0.027,0.21,1.2,0.018,0.1,0.017,0.099,79,66.71
"2025-06-01 04:00:00",71,13.01,424,0,0.035,0.43,1.3,0.036,0.108,0.035,0.107,79.94,65.63
"2025-06-01 04:30:00",72,13.01,424,0,0.043,0.76,1.3,0.062,0.108,0.065,0.107,77.86,65.07
"2025-06-01 05:00:00",73,13,424,0,0.044,0.8,1.3,0.066,0.108,0.069,0.107,81.1,64.26
"2025-06-01 05:30:00",74,13,424,0,0.032,0.39,1.2,0.032,0.1,0.032,0.103,76.54,65.01
"2025-06-01 06:00:00",75,13.01,424,0,0.038,0.46,1.44,0.038,0.119,0.044,0.118,81.4,67.64
"2025-06-01 06:30:00",76,13,424,0,0.048,0.77,1.57,0.064,0.13,0.066,0.129,79.37,66.58
"2025-06-01 07:00:00",77,12.99,424,0,0.055,0.73,1.99,0.061,0.164,0.062,0.163,84,69.92
"2025-06-01 07:30:00",78,13,424,0,0.072,1.06,2.41,0.088,0.199,0.092,0.198,84.3,69.5
"2025-06-01 08:00:00",79,13.01,424,0,0.087,1.3,2.91,0.108,0.24,0.114,0.239,88.8,70.44
"2025-06-01 08:30:00",80,13.01,424,0,0.109,1.64,3.63,0.135,0.3,0.141,0.298,85.5,72.72
"2025-06-01 09:00:00",81,13.01,424,0,0.113,1.67,3.82,0.138,0.315,0.148,0.313,91,73.68
"2025-06-01 09:30:00",82,13.01,424,0,0.137,2.14,4.44,0.177,0.367,0.186,0.364,85.4,72.05
"2025-06-01 10:00:00",83,13.01,424,0,0.126,1.58,4.62,0.131,0.382,0.138,0.379,88.1,74.08
"2025-06-01 10:30:00",84,13.02,424,0,0.157,2.52,5.02,0.208,0.414,0.222,0.41,89.3,72.44
"2025-06-01 11:00:00",85,13.02,424,0,0.174,2.79,5.55,0.231,0.459,0.253,0.454,90.8,71.69
"2025-06-01 11:30:00",86,13,424,0,0.174,2.77,5.58,0.229,0.46,0.242,0.457,87.7,74.89
"2025-06-01 12:00:00",87,13.01,424,0,0.182,2.87,5.83,0.237,0.482,0.26,0.476,90.6,76.53
"2025-06-01 12:30:00",88,13.03,424,0,0.192,3,6.21,0.248,0.513,0.261,0.5,84.8,74.26
"2025-06-01 13:00:00",89,13.03,424,0,0.218,3.75,6.58,0.31,0.544,0.317,0.528,80.7,71.93
"2025-06-01 13:30:00",90,13.03,424,0,0.204,3.31,6.43,0.273,0.531,0.29,0.518,84.8,72.7
"2025-06-01 14:00:00",91,13.04,424,0,0.223,3.67,6.95,0.304,0.574,0.326,0.56,91.9,73.52
"2025-06-01 14:30:00",92,13.04,424,0,0.22,3.56,6.96,0.294,0.575,0.314,0.561,86.6,73.77
"2025-06-01 15:00:00",93,13.04,424,0,0.223,3.77,6.85,0.311,0.566,0.325,0.552,82.1,71.58
"2025-06-01 15:30:00",94,13.04,424,0,0.235,4.2,6.88,0.348,0.568,0.358,0.538,88.8,69.17
"2025-06-01 16:00:00",95,13.04,424,0,0.261,5.51,6.54,0.454,0.54,0.447,0.511,74.14,67.63
"2025-06-01 16:30:00",96,13.04,424,0,0.198,3.05,6.46,0.253,0.533,0.269,0.509,90,72.13
"2025-06-01 17:00:00",97,13.04,424,0,0.2,3.45,6.05,0.284,0.5,0.291,0.476,76.48,69.22
"2025-06-01 17:30:00",98,13.03,424,0,0.171,2.96,5.18,0.244,0.428,0.251,0.407,77.04,67.51
"2025-06-01 18:00:00",99,13.03,424,0,0.15,2.55,4.58,0.21,0.378,0.211,0.366,75.54,68.78
"2025-06-01 18:30:00",100,13.03,424,0,0.124,1.93,4.02,0.159,0.332,0.167,0.318,83.1,67.76
"2025-06-01 19:00:00",101,13.03,424,0,0.101,1.64,3.22,0.136,0.266,0.136,0.255,81.1,67.3
"2025-06-01 19:30:00",102,13.02,424,0,0.092,1.67,2.68,0.137,0.221,0.144,0.21,77.76,66.72
"2025-06-01 20:00:00",103,13.02,424,0,0.062,0.9,2.13,0.075,0.176,0.073,0.17,81.2,63.84
"2025-06-01 20:30:00",104,13.01,424,0,0.057,0.91,1.85,0.076,0.152,0.075,0.146,77.87,62.8
"2025-06-01 21:00:00",105,13.01,424,0,0.043,0.59,1.54,0.049,0.127,0.052,0.126,77.92,63.1
"2025-06-01 21:30:00",106,13.01,424,0,0.043,0.66,1.41,0.055,0.117,0.054,0.112,78.62,64.31
"2025-06-01 22:00:00",107,13,424,0,0.039,0.59,1.32,0.049,0.109,0.048,0.108,78.06,64.75
"2025-06-01 22:30:00",108,13,424,0,0.039,0.67,1.18,0.056,0.097,0.062,0.096,78.68,64.62
"2025-06-01 23:00:00",109,13,424,0,0.033,0.49,1.12,0.041,0.093,0.044,0.096,79.5,63.42
"2025-06-01 23:30:00",110,12.99,424,0,0.032,0.49,1.06,0.04,0.088,0.047,0.087,79.48,63.66
"2025-06-02 00:00:00",111,12.99,424,0,0.025,0.31,0.97,0.026,0.079,0.025,0.078,80.8,65.18
"2025-06-02 00:30:00",112,12.99,424,0,0.03,0.49,0.95,0.04,0.079,0.043,0.078,79.24,64.67
"2025-06-02 01:00:00",113,12.98,424,0,0.031,0.55,0.92,0.045,0.076,0.048,0.075,79.67,64.86
"2025-06-02 01:30:00",114,12.98,424,0,0.031,0.59,0.88,0.049,0.073,0.044,0.072,79.03,62.71
"2025-06-02 02:00:00",115,12.98,424,0,0.034,0.76,0.83,0.062,0.068,0.062,0.068,74.74,63.45
"2025-06-02 02:30:00",116,12.98,424,0,0.024,0.41,0.78,0.034,0.064,0.033,0.06,80.4,63.58
"2025-06-02 03:00:00",117,12.97,424,0,0.023,0.41,0.73,0.033,0.06,0.032,0.063,80,63.45
"2025-06-02 03:30:00",118,12.97,424,0,0.015,0.13,0.63,0.01,0.052,0.01,0.051,83.6,63.96
"2025-06-02 04:00:00",119,12.96,424,0,0.02,0.35,0.62,0.029,0.051,0.024,0.055,88.8,62.62
"2025-06-02 04:30:00",120,12.96,424,0,0.02,0.36,0.59,0.03,0.048,0.03,0.052,79.45,64.89
"2025-06-02 05:00:00",121,12.96,424,0,0.019,0.27,0.69,0.022,0.056,0.025,0.056,80.6,64.32
"2025-06-02 05:30:00",122,12.96,424,0,0.025,0.46,0.74,0.038,0.061,0.041,0.065,76.68,63.89
"2025-06-02 06:00:00",123,12.95,424,0,0.021,0.27,0.78,0.022,0.065,0.025,0.068,81.5,65.14
"2025-06-02 06:30:00",124,12.95,424,0,0.026,0.45,0.83,0.037,0.068,0.04,0.071,82.5,64.64
"2025-06-02 07:00:00",125,12.95,424,0,0.027,0.41,0.92,0.033,0.076,0.032,0.076,84.3,66.47
"2025-06-02 07:30:00",126,12.95,424,0,0.03,0.36,1.15,0.03,0.095,0.029,0.095,89.7,67.87
"2025-06-02 08:00:00",127,12.95,424,0,0.058,0.83,2.02,0.068,0.167,0.069,0.162,89.5,71.11
"2025-06-02 08:30:00",128,12.95,424,0,0.104,1.54,3.47,0.127,0.287,0.133,0.284,89,72.18
"2025-06-02 09:00:00",129,12.95,424,0,0.116,1.79,3.77,0.148,0.312,0.148,0.314,92.2,74.35
"2025-06-02 09:30:00",130,12.96,424,0,0.133,2.06,4.33,0.17,0.358,0.177,0.351,83.2,72.16
"2025-06-02 10:00:00",131,12.97,424,0,0.141,2.02,4.79,0.167,0.396,0.182,0.393,96.4,70.7
"2025-06-02 10:30:00",132,12.98,424,0,0.164,2.48,5.42,0.205,0.447,0.224,0.444,88.9,74.3
"2025-06-02 11:00:00",133,12.99,424,0,0.182,2.84,5.87,0.235,0.484,0.254,0.472,88.2,74.12
"2025-06-02 11:30:00",134,13,424,0,0.173,2.49,5.87,0.206,0.485,0.225,0.484,93,75.39
"2025-06-02 12:00:00",135,13,424,0,0.204,3.29,6.46,0.272,0.534,0.291,0.528,93.3,74.15
"2025-06-02 12:30:00",136,13.01,424,0,0.197,3.11,6.32,0.257,0.522,0.27,0.516,82.3,75.54
"2025-06-02 13:00:00",137,13.01,424,0,0.233,3.84,7.28,0.317,0.602,0.334,0.582,85.2,72.38
"2025-06-02 13:30:00",138,13.02,424,0,0.211,3.35,6.75,0.276,0.558,0.3,0.548,93.3,75.48
"2025-06-02 14:00:00",139,13.02,424,0,0.236,4.15,7,0.343,0.579,0.361,0.568,83.1,75.36
"2025-06-02 14:30:00",140,13.01,424,0,0.221,3.59,6.99,0.296,0.578,0.319,0.57,95.4,74.55
"2025-06-02 15:00:00",141,13.01,424,0,0.234,3.91,7.21,0.323,0.597,0.341,0.582,86.6,73.28
"2025-06-02 15:30:00",142,13.01,424,0,0.25,4.29,7.58,0.354,0.627,0.367,0.607,85.3,75.26
"2025-06-02 16:00:00",143,13.01,424,0,0.252,4.34,7.59,0.359,0.628,0.375,0.602,81.3,71.77
"2025-06-02 16:30:00",144,13.01,424,0,0.245,3.96,7.75,0.327,0.64,0.345,0.603,83.1,72.51
"2025-06-02 17:00:00",145,13.02,424,0,0.222,3.54,7.09,0.293,0.585,0.308,0.56,81.8,71.76
"2025-06-02 17:30:00",146,13.02,424,0,0.216,3.43,6.93,0.283,0.572,0.3,0.547,82.5,70.93
"2025-06-02 18:00:00",147,13.02,424,0,0.183,2.93,5.84,0.242,0.483,0.257,0.459,80.3,69.03
"2025-06-02 18:30:00",148,13.01,424,0,0.165,2.61,5.32,0.215,0.439,0.229,0.421,84.2,69.4
"2025-06-02 19:00:00",149,13.01,424,0,0.16,2.63,4.99,0.217,0.412,0.225,0.394,79.89,67.33
"2025-06-02 19:30:00",150,13.01,424,0,0.13,2.03,4.22,0.167,0.349,0.176,0.332,79.93,66.87
"2025-06-02 20:00:00",151,13,424,0,0.108,1.81,3.32,0.15,0.274,0.156,0.262,75.5,65.21
"2025-06-02 20:30:00",152,12.99,424,0,0.081,1.32,2.59,0.109,0.214,0.108,0.202,74.29,64.51
"2025-06-02 21:00:00",153,12.99,424,0,0.074,1.33,2.17,0.11,0.179,0.113,0.171,74.39,63.61
"2025-06-02 21:30:00",154,12.98,424,0,0.052,0.7,1.86,0.057,0.154,0.053,0.148,78.86,62.27
"2025-06-02 22:00:00",155,12.97,424,0,0.057,1.02,1.71,0.084,0.141,0.088,0.135,78.49,62.91
"2025-06-02 22:30:00",156,12.98,424,0,0.036,0.34,1.48,0.028,0.123,0.024,0.117,83.8,64.22
"2025-06-02 23:00:00",157,12.97,424,0,0.042,0.66,1.37,0.054,0.114,0.053,0.113,79.22,65.42
"2025-06-02 23:30:00",158,12.97,424,0,0.051,1.04,1.36,0.085,0.112,0.079,0.111,83.2,62.58
"2025-06-03 00:00:00",159,12.97,424,0,0.033,0.48,1.16,0.039,0.096,0.039,0.095,78.76,64.96
"2025-06-03 00:30:00",160,12.96,424,0,0.036,0.57,1.15,0.047,0.095,0.046,0.094,73.61,63.58
"2025-06-03 01:00:00",161,12.96,424,0,0.029,0.43,1.01,0.036,0.084,0.035,0.087,70.33,64.85
"2025-06-03 01:30:00",162,12.96,424,0,0.025,0.25,1.01,0.021,0.083,0.017,0.082,79.4,66.1
"2025-06-03 02:00:00",163,12.95,424,0,0.027,0.35,0.97,0.029,0.079,0.025,0.075,80.5,64.9
"2025-06-03 02:30:00",164,12.95,424,0,0.026,0.38,0.91,0.032,0.075,0.028,0.075,78.76,65.21
"2025-06-03 03:00:00",165,12.95,424,0,0.024,0.35,0.81,0.029,0.067,0.024,0.067,81.6,64.28
"2025-06-03 03:30:00",166,12.95,424,0,0.022,0.27,0.81,0.022,0.067,0.021,0.066,81.4,65.03
"2025-06-03 04:00:00",167,12.95,424,0,0.025,0.35,0.9,0.029,0.074,0.028,0.074,80.2,64.34
"2025-06-03 04:30:00",168,12.95,424,0,0.019,0.13,0.85,0.011,0.071,0.011,0.07,80.5,64.21
"2025-06-03 05:00:00",169,12.95,424,0,0.027,0.39,0.92,0.033,0.076,0.036,0.075,80.7,65.41
"2025-06-03 05:30:00",170,12.94,424,0,0.024,0.31,0.91,0.025,0.076,0.025,0.075,83.1,66.03
"2025-06-03 06:00:00",171,12.94,424,0,0.028,0.45,0.9,0.037,0.074,0.033,0.074,78.78,65.98
"2025-06-03 06:30:00",172,12.94,424,0,0.037,0.6,1.16,0.05,0.096,0.05,0.095,74.82,64.79
"2025-06-03 07:00:00",173,12.94,424,0,0.04,0.59,1.37,0.049,0.113,0.054,0.109,87,68.94
"2025-06-03 07:30:00",174,12.94,424,0,0.05,0.81,1.61,0.067,0.133,0.071,0.133,89.8,70.73
"2025-06-03 08:00:00",175,12.94,424,0,0.06,0.88,2.03,0.073,0.168,0.073,0.171,89,72.45
"2025-06-03 08:30:00",176,12.94,424,0,0.09,1.36,2.97,0.113,0.245,0.128,0.244,96.9,73.47
"2025-06-03 09:00:00",177,12.94,424,0,0.116,1.54,4.12,0.127,0.341,0.135,0.343,101.3,75.62
"2025-06-03 09:30:00",178,12.94,424,0,0.166,2.82,5.06,0.233,0.418,0.239,0.418,79.74,74
"2025-06-03 10:00:00",179,12.93,424,0,0.157,2.24,5.35,0.185,0.442,0.203,0.442,89.9,74.09
"2025-06-03 10:30:00",180,12.95,424,0,0.185,2.87,6.02,0.238,0.497,0.255,0.492,89.4,75.03
"2025-06-03 11:00:00",181,12.95,424,0,0.185,2.89,5.98,0.239,0.494,0.255,0.489,88.9,76.29
"2025-06-03 11:30:00",182,12.96,424,0,0.192,2.86,6.42,0.236,0.53,0.256,0.529,92.4,76
"2025-06-03 12:00:00",183,12.97,424,0,0.23,3.91,7.02,0.323,0.58,0.342,0.576,87.8,76.77
"2025-06-03 12:30:00",184,12.97,424,0,0.242,3.89,7.69,0.321,0.636,0.343,0.629,88.8,74.95
"2025-06-03 13:00:00",185,12.98,424,0,0.256,4.15,8.1,0.343,0.669,0.374,0.652,90.4,73.24
"2025-06-03 13:30:00",186,12.99,424,0,0.248,3.85,8.06,0.319,0.665,0.342,0.655,95,76.33
"2025-06-03 14:00:00",187,12.99,424,0,0.289,4.92,8.81,0.407,0.727,0.43,0.709,87.5,73.44
"2025-06-03 14:30:00",188,13,424,0,0.27,4.4,8.49,0.363,0.701,0.382,0.683,88.3,75.52
"2025-06-03 15:00:00",189,12.99,424,0,0.287,4.78,8.9,0.394,0.735,0.416,0.711,85,75.97
"2025-06-03 15:30:00",190,12.98,424,0,0.285,4.82,8.74,0.398,0.723,0.422,0.696,89.9,74.03
"2025-06-03 16:00:00",191,12.98,424,0,0.288,5.3,8.22,0.438,0.68,0.462,0.653,92,73.33
"2025-06-03 16:30:00",192,12.98,424,0,0.272,4.45,8.53,0.368,0.705,0.38,0.665,84.2,72.12
"2025-06-03 17:00:00",193,12.98,424,0,0.265,4.36,8.25,0.359,0.681,0.374,0.647,83.6,72.31
"2025-06-03 17:30:00",194,12.98,424,0,0.249,4.15,7.73,0.342,0.639,0.359,0.602,83.4,70.08
"2025-06-03 18:00:00",195,12.95,424,0,0.213,3.57,6.58,0.295,0.545,0.305,0.524,81.4,71.6
"2025-06-03 18:30:00",196,12.95,424,0,0.17,2.52,5.7,0.208,0.471,0.206,0.446,75.31,68.81
"2025-06-03 19:00:00",197,12.94,424,0,0.146,2.42,4.57,0.2,0.377,0.202,0.359,76.36,67.59
"2025-06-03 19:30:00",198,12.95,424,0,0.119,2.06,3.6,0.17,0.298,0.178,0.284,75.24,65.71
"2025-06-03 20:00:00",199,12.95,424,0,0.086,1.36,2.8,0.113,0.231,0.111,0.223,75.84,65.55
"2025-06-03 20:30:00",200,12.95,424,0,0.067,0.88,2.38,0.073,0.197,0.076,0.186,76.1,64.8
"2025-06-03 21:00:00",201,12.97,424,0,0.075,1.36,2.21,0.112,0.183,0.109,0.175,80.5,62.14
"2025-06-03 21:30:00",202,12.96,424,0,0.055,0.78,1.89,0.065,0.157,0.068,0.15,75.63,65.1
"2025-06-03 22:00:00",203,12.96,424,0,0.052,0.84,1.68,0.069,0.139,0.072,0.137,77.83,64.77
"2025-06-03 22:30:00",204,12.96,424,0,0.05,0.83,1.55,0.068,0.128,0.067,0.126,78.45,64.89
"2025-06-03 23:00:00",205,12.96,424,0,0.046,0.74,1.48,0.061,0.123,0.06,0.122,76.81,64.26
"2025-06-03 23:30:00",206,12.95,424,0,0.045,0.73,1.43,0.06,0.118,0.063,0.121,74.29,65.27
"2025-06-04 00:00:00",207,12.95,424,0,0.043,0.7,1.37,0.058,0.113,0.057,0.112,79.42,66.1
"2025-06-04 00:30:00",208,12.95,424,0,0.04,0.62,1.32,0.051,0.109,0.057,0.104,84.6,63.68
"2025-06-04 01:00:00",209,12.94,424,0,0.04,0.66,1.26,0.055,0.104,0.05,0.103,80,64.71
"2025-06-04 01:30:00",210,12.94,424,0,0.028,0.29,1.12,0.025,0.092,0.028,0.095,82.8,64.2
"2025-06-04 02:00:00",211,12.94,424,0,0.035,0.55,1.16,0.045,0.096,0.044,0.095,81.5,64.89
"2025-06-04 02:30:00",212,12.94,424,0,0.034,0.49,1.18,0.041,0.097,0.044,0.092,78.32,64.76
"2025-06-04 03:00:00",213,12.94,424,0,0.036,0.59,1.18,0.048,0.097,0.051,0.1,80.3,65.46
"2025-06-04 03:30:00",214,12.93,424,0,0.034,0.53,1.12,0.044,0.093,0.04,0.092,79.39,64.06
"2025-06-04 04:00:00",215,12.93,424,0,0.033,0.55,1.06,0.045,0.088,0.044,0.088,78.19,63.62
"2025-06-04 04:30:00",216,12.93,424,0,0.029,0.38,1.04,0.032,0.086,0.031,0.089,75.15,63.35
"2025-06-04 05:00:00",217,12.93,424,0,0.03,0.45,1.04,0.037,0.085,0.04,0.085,73.51,64.74
"2025-06-04 05:30:00",218,12.93,424,0,0.025,0.31,0.92,0.026,0.076,0.022,0.076,76.6,64.55
"2025-06-04 06:00:00",219,12.92,424,0,0.022,0.13,1.01,0.011,0.084,0.011,0.083,80.7,66.13
"2025-06-04 06:30:00",220,12.92,424,0,0.031,0.43,1.11,0.036,0.092,0.036,0.095,83.2,67.59
"2025-06-04 07:00:00",221,12.92,424,0,0.04,0.55,1.41,0.046,0.117,0.048,0.116,83.1,67.78
"2025-06-04 07:30:00",222,12.92,424,0,0.067,1.02,2.21,0.085,0.183,0.085,0.178,92.3,70.13
"2025-06-04 08:00:00",223,12.92,424,0,0.103,1.75,3.17,0.144,0.261,0.144,0.263,81,75.51
"2025-06-04 08:30:00",224,12.89,424,0,0.134,2.19,4.2,0.181,0.348,0.188,0.345,80.4,72.11
"2025-06-04 09:00:00",225,12.91,424,0,0.13,1.63,4.76,0.134,0.393,0.118,0.39,91,76.15
"2025-06-04 09:30:00",226,12.92,424,0,0.182,3.01,5.69,0.249,0.47,0.256,0.465,82.6,72.83
"2025-06-04 10:00:00",227,12.93,424,0,0.186,2.77,6.21,0.23,0.513,0.237,0.507,84.4,73.58
"2025-06-04 10:30:00",228,12.94,424,0,0.226,3.95,6.77,0.326,0.559,0.335,0.548,86,74.73
"2025-06-04 11:00:00",229,12.94,424,0,0.224,3.53,7.19,0.292,0.594,0.328,0.584,109.4,74.88
"2025-06-04 11:30:00",230,12.94,424,0,0.226,3.57,7.24,0.295,0.599,0.307,0.6,78.68,76.98
"2025-06-04 12:00:00",231,12.95,424,0,0.251,4.13,7.84,0.341,0.648,0.363,0.631,109.7,75.71
"2025-06-04 12:30:00",232,12.95,424,0,0.25,3.99,7.94,0.33,0.656,0.35,0.651,87.2,75.1
"2025-06-04 13:00:00",233,12.95,424,0,0.261,4.2,8.29,0.347,0.685,0.38,0.666,93.9,75.49
"2025-06-04 13:30:00",234,12.95,424,0,0.26,4.22,8.2,0.348,0.677,0.359,0.667,79.65,74.41
"2025-06-04 14:00:00",235,12.94,424,0,0.291,5.2,8.56,0.43,0.707,0.46,0.682,93,73.09
"2025-06-04 14:30:00",236,12.92,424,0,0.318,6.25,8.59,0.517,0.709,0.529,0.682,85.1,73.29
"2025-06-04 15:00:00",237,12.96,424,0,0.315,5.81,8.98,0.48,0.742,0.49,0.717,87.9,73.55
"2025-06-04 15:30:00",238,12.96,424,0,0.315,5.79,9.01,0.478,0.744,0.506,0.704,98.4,73.17
"2025-06-04 16:00:00",239,12.95,424,0,0.318,5.94,8.95,0.491,0.74,0.505,0.699,79.18,70.9
"2025-06-04 16:30:00",240,12.98,424,0,0.31,5.58,9.02,0.461,0.746,0.439,0.693,69.35,69.92
"2025-06-04 17:00:00",241,12.97,424,0,0.279,4.73,8.5,0.391,0.702,0.402,0.662,79.15,71.63
"2025-06-04 17:30:00",242,12.98,424,0,0.258,4.44,7.79,0.367,0.643,0.377,0.599,83.2,70.93
"2025-06-04 18:00:00",243,12.97,424,0,0.224,3.89,6.72,0.322,0.556,0.333,0.524,79.7,68.9
"2025-06-04 18:30:00",244,12.96,424,0,0.182,3,5.69,0.248,0.47,0.257,0.445,76.92,69.65
"2025-06-04 19:00:00",245,12.96,424,0,0.168,2.89,5.1,0.239,0.421,0.243,0.397,75.2,67.18
"2025-06-04 19:30:00",246,12.96,424,0,0.137,2.4,4.09,0.198,0.338,0.206,0.315,78.1,65.03
"2025-06-04 20:00:00",247,12.95,424,0,0.1,1.72,3.03,0.142,0.25,0.153,0.232,84.3,62.34
"2025-06-04 20:30:00",248,12.95,424,0,0.081,1.39,2.49,0.114,0.206,0.113,0.194,66.89,63.17
"2025-06-04 21:00:00",249,12.95,424,0,0.064,1.04,2.05,0.086,0.169,0.088,0.163,79.27,64.18
"2025-06-04 21:30:00",250,12.94,424,0,0.048,0.59,1.79,0.048,0.148,0.047,0.146,83.4,63.78
"2025-06-04 22:00:00",251,12.94,424,0,0.055,0.94,1.68,0.078,0.139,0.076,0.134,81.5,65.62
"2025-06-04 22:30:00",252,12.93,424,0,0.042,0.6,1.46,0.05,0.121,0.053,0.119,80.8,65.42
"2025-06-04 23:00:00",253,12.93,424,0,0.039,0.6,1.32,0.05,0.108,0.05,0.107,78.86,65.54
"2025-06-04 23:30:00",254,12.93,424,0,0.045,0.85,1.26,0.07,0.104,0.07,0.103,72.8,65.29
"2025-06-05 00:00:00",255,12.92,424,0,0.033,0.45,1.2,0.037,0.1,0.037,0.103,79.81,65.24
"2025-06-05 00:30:00",256,12.92,424,0,0.03,0.38,1.09,0.032,0.091,0.027,0.09,86.4,65.3
"2025-06-05 01:00:00",257,12.92,424,0,0.035,0.59,1.08,0.049,0.089,0.051,0.088,77.23,64.16
"2025-06-05 01:30:00",258,12.92,424,0,0.036,0.62,1.09,0.051,0.09,0.054,0.089,78.5,64.93
"2025-06-05 02:00:00",259,12.92,424,0,0.032,0.49,1.05,0.04,0.087,0.04,0.086,79.94,64.6
"2025-06-05 02:30:00",260,12.91,424,0,0.032,0.55,0.99,0.046,0.082,0.046,0.085,75.96,64.16
"2025-06-05 03:00:00",261,12.91,424,0,0.033,0.59,0.99,0.049,0.082,0.048,0.082,78.6,64.28
"2025-06-05 03:30:00",262,12.91,424,0,0.03,0.53,0.9,0.044,0.074,0.043,0.077,74.07,65.3
"2025-06-05 04:00:00",263,12.91,424,0,0.034,0.64,0.99,0.053,0.082,0.052,0.081,77.36,64.04
"2025-06-05 04:30:00",264,12.91,424,0,0.03,0.57,0.84,0.048,0.069,0.046,0.072,86.9,66.25
"2025-06-05 05:00:00",265,12.91,424,0,0.027,0.46,0.83,0.038,0.068,0.033,0.068,81.8,64.67
"2025-06-05 05:30:00",266,12.91,424,0,0.028,0.53,0.83,0.044,0.069,0.039,0.068,76.91,64.6
"2025-06-05 06:00:00",267,12.91,424,0,0.027,0.42,0.88,0.035,0.073,0.035,0.072,81.1,66.05
"2025-06-05 06:30:00",268,12.91,424,0,0.028,0.42,0.97,0.035,0.079,0.034,0.079,80.1,66.81
"2025-06-05 07:00:00",269,12.91,424,0,0.038,0.64,1.19,0.053,0.098,0.056,0.097,78.37,67.33
"2025-06-05 07:30:00",270,12.91,424,0,0.05,0.81,1.6,0.067,0.133,0.07,0.128,78.51,67.96
"2025-06-05 08:00:00",271,12.92,424,0,0.063,1.06,1.95,0.088,0.161,0.093,0.16,81.7,69.16
"2025-06-05 08:30:00",272,12.91,424,0,0.078,1.29,2.45,0.106,0.202,0.118,0.201,86.8,69.74
"2025-06-05 09:00:00",273,12.92,424,0,0.102,1.55,3.36,0.128,0.278,0.141,0.276,90.7,72.08
"2025-06-05 09:30:00",274,12.92,424,0,0.142,2.42,4.34,0.2,0.359,0.209,0.352,77.64,72.65
"2025-06-05 10:00:00",275,12.91,424,0,0.161,2.79,4.88,0.23,0.402,0.242,0.398,89.3,71.14
"2025-06-05 10:30:00",276,12.91,424,0,0.165,2.49,5.46,0.206,0.451,0.222,0.443,88.6,72.97
"2025-06-05 11:00:00",277,12.93,424,0,0.206,3.46,6.32,0.286,0.522,0.303,0.508,88.9,73.05
"2025-06-05 11:30:00",278,12.93,424,0,0.224,3.84,6.77,0.317,0.559,0.338,0.539,85.6,72.74
"2025-06-05 12:00:00",279,12.93,424,0,0.226,3.84,6.92,0.318,0.571,0.328,0.555,77.03,72.3
"2025-06-05 12:30:00",280,12.93,424,0,0.22,3.8,6.65,0.313,0.55,0.338,0.533,90.4,70.96
"2025-06-05 13:00:00",281,12.93,424,0,0.242,4.29,7.17,0.355,0.593,0.354,0.564,80.1,70.34
"2025-06-05 13:30:00",282,12.93,424,0,0.227,4.05,6.7,0.334,0.553,0.354,0.528,81.8,69.95
"2025-06-05 14:00:00",283,12.93,424,0,0.213,3.75,6.3,0.31,0.52,0.32,0.495,85.6,71.53
"2025-06-05 14:30:00",284,12.93,424,0,0.196,3.21,6.14,0.265,0.507,0.28,0.487,90.7,71.28
"2025-06-05 15:00:00",285,12.93,424,0,0.265,4.75,7.75,0.392,0.64,0.417,0.613,84.2,72.62
"2025-06-05 15:30:00",286,12.93,424,0,0.257,4.38,7.8,0.362,0.644,0.384,0.627,85.1,74.53
"2025-06-05 16:00:00",287,12.93,424,0,0.264,4.65,7.83,0.384,0.647,0.38,0.617,74.4,73.2
"2025-06-05 16:30:00",288,12.93,424,0,0.221,3.73,6.81,0.307,0.563,0.326,0.537,87.9,71.04
"2025-06-05 17:00:00",289,12.93,424,0,0.201,3.32,6.28,0.275,0.519,0.287,0.5,92.5,73.31
"2025-06-05 17:30:00",290,12.94,424,0,0.198,3.29,6.12,0.272,0.506,0.284,0.486,83.7,71.35
"2025-06-05 18:00:00",291,12.93,424,0,0.199,3.42,6.05,0.282,0.5,0.295,0.481,84.7,71.6
"2025-06-05 18:30:00",292,12.93,424,0,0.161,2.84,4.76,0.235,0.394,0.246,0.381,80.6,70.01
"2025-06-05 19:00:00",293,12.93,424,0,0.126,2.1,3.91,0.174,0.322,0.183,0.31,81.3,68.5
"2025-06-05 19:30:00",294,12.92,424,0,0.093,1.55,2.9,0.128,0.239,0.126,0.228,73.22,64.7
"2025-06-05 20:00:00",295,12.93,424,0,0.062,0.91,2.12,0.076,0.175,0.074,0.168,82.1,63.93
"2025-06-05 20:30:00",296,12.92,424,0,0.051,0.76,1.74,0.063,0.143,0.066,0.141,72.77,65.26
"2025-06-05 21:00:00",297,12.92,424,0,0.037,0.45,1.4,0.037,0.116,0.037,0.115,79.57,63.48
"2025-06-05 21:30:00",298,12.92,424,0,0.037,0.5,1.3,0.042,0.108,0.045,0.107,79.96,64.87
"2025-06-05 22:00:00",299,12.91,424,0,0.043,0.84,1.18,0.07,0.097,0.073,0.096,76.06,62.74
"2025-06-05 22:30:00",300,12.91,424,0,0.025,0.22,1.06,0.019,0.088,0.015,0.087,80.2,65.11
"2025-06-05 23:00:00",301,12.91,424,0,0.027,0.38,0.98,0.031,0.081,0.027,0.08,76.98,63.92
"2025-06-05 23:30:00",302,12.91,424,0,0.023,0.27,0.88,0.023,0.073,0.026,0.073,80.4,65.55
"2025-06-06 00:00:00",303,12.91,424,0,0.019,0.14,0.84,0.011,0.069,0.004,0.068,82.5,65.43
"2025-06-06 00:30:00",304,12.91,424,0,0.018,0.18,0.74,0.015,0.061,0.015,0.064,80.6,65.56
"2025-06-06 01:00:00",305,12.9,424,0,0.018,0.18,0.74,0.015,0.062,0.011,0.065,80.8,65.93
"2025-06-06 01:30:00",306,12.9,424,0,0.022,0.32,0.76,0.027,0.062,0.031,0.066,75.08,63.03
"2025-06-06 02:00:00",307,12.9,424,0,0.021,0.32,0.7,0.027,0.058,0.022,0.061,78.11,65.3
"2025-06-06 02:30:00",308,12.9,424,0,0.011,-0.02,0.66,-0.004,0.054,-0.007,0.054,81.5,64.92
"2025-06-06 03:00:00",309,12.9,424,0,0.017,0.22,0.64,0.019,0.053,0.018,0.057,79.57,64.74
"2025-06-06 03:30:00",310,12.9,424,0,0.011,0,0.6,0,0.049,-0.004,0.049,77.35,66.3
"2025-06-06 04:00:00",311,12.89,424,0,0.02,0.36,0.59,0.03,0.049,0.03,0.048,74.82,65.8
"2025-06-06 04:30:00",312,12.89,424,0,0.017,0.27,0.59,0.022,0.048,0.022,0.048,81.4,66.87
"2025-06-06 05:00:00",313,12.89,424,0,0.02,0.38,0.59,0.031,0.049,0.023,0.048,83,65.92
"2025-06-06 05:30:00",314,12.89,424,0,0.008,-0.06,0.53,-0.007,0.044,-0.011,0.048,82.1,65.74
"2025-06-06 06:00:00",315,12.89,424,0,0.009,-0.02,0.55,-0.004,0.045,-0.011,0.044,80.6,64.53
"2025-06-06 06:30:00",316,12.89,424,0,0.019,0.38,0.53,0.031,0.044,0.031,0.044,74.52,64.99
"2025-06-06 07:00:00",317,12.89,424,0,0.012,0.08,0.53,0.007,0.044,0.004,0.048,83.5,68.14
"2025-06-06 07:30:00",318,12.89,424,0,0.012,0.08,0.53,0.007,0.044,0.004,0.048,80.6,66.81
"2025-06-06 08:00:00",319,12.88,424,0,0.013,0.14,0.53,0.011,0.044,0.007,0.048,81,66.89
"2025-06-06 08:30:00",320,12.89,424,0,0.014,0.08,0.67,0.007,0.055,0,0.055,81.7,69.16
"2025-06-06 09:00:00",321,12.89,424,0,0.02,0.22,0.77,0.019,0.064,0.022,0.063,82.2,66.89
"2025-06-06 09:30:00",322,12.89,424,0,0.024,0.36,0.83,0.031,0.068,0.022,0.068,84.8,66.98
"2025-06-06 10:00:00",323,12.89,424,0,0.023,0.28,0.87,0.024,0.072,0.024,0.068,77.07,65.77
"2025-06-06 10:30:00",324,12.89,424,0,0.014,0,0.77,0,0.063,-0.003,0.067,85.2,67.1
"2025-06-06 11:00:00",325,12.89,424,0,0.025,0.29,0.97,0.024,0.08,0.024,0.079,81.7,67.66
"2025-06-06 11:30:00",326,12.9,424,0,0.028,0.42,0.94,0.035,0.077,0.035,0.076,68.42,67.47
"2025-06-06 12:00:00",327,12.89,424,0,0.026,0.46,0.78,0.038,0.064,0.041,0.068,80,67.47
"2025-06-06 12:30:00",328,12.9,424,0,0.016,0.1,0.74,0.008,0.062,0.004,0.061,74.47,64.18
"2025-06-06 13:00:00",329,12.89,424,0,0.026,0.41,0.87,0.033,0.072,0.029,0.076,83.7,67.6
"2025-06-06 13:30:00",330,12.89,424,0,0.023,0.34,0.8,0.028,0.066,0.021,0.066,83.6,69.49
"2025-06-06 14:00:00",331,12.89,424,0,0.038,0.73,1.08,0.06,0.089,0.063,0.093,81.3,67.23
"2025-06-06 14:30:00",332,12.89,424,0,0.031,0.41,1.11,0.034,0.092,0.033,0.091,75.17,67.66
"2025-06-06 15:00:00",333,12.89,424,0,0.111,1.89,3.38,0.156,0.278,0.169,0.275,96.6,73.95
"2025-06-06 15:30:00",334,12.9,424,0,0.093,1.5,2.96,0.124,0.244,0.123,0.238,73.86,68.36
"2025-06-06 16:00:00",335,12.89,424,0,0.062,0.94,2.09,0.077,0.173,0.079,0.167,82.7,69.11
"2025-06-06 16:30:00",336,12.9,424,0,0.043,0.52,1.61,0.043,0.133,0.047,0.132,82.6,67.03
"2025-06-06 17:00:00",337,12.9,424,0,0.054,0.8,1.84,0.066,0.152,0.065,0.147,80.4,68.29
"2025-06-06 17:30:00",338,12.89,424,0,0.072,1.12,2.35,0.093,0.194,0.095,0.193,76.88,68.11
"2025-06-06 18:00:00",339,12.89,424,0,0.056,0.8,1.95,0.066,0.16,0.069,0.159,77.95,68.67
"2025-06-06 18:30:00",340,12.89,424,0,0.069,1.08,2.26,0.089,0.187,0.094,0.185,84.3,69.17
"2025-06-06 19:00:00",341,12.89,424,0,0.047,0.69,1.58,0.056,0.131,0.06,0.13,74.16,65.64
"2025-06-06 19:30:00",342,12.89,424,0,0.031,0.38,1.16,0.032,0.096,0.031,0.1,79.02,64.18
"2025-06-06 20:00:00",343,12.89,424,0,0.022,0.22,0.91,0.019,0.075,0.019,0.075,80.6,66.51
"2025-06-06 20:30:00",344,12.89,424,0,0.021,0.2,0.87,0.016,0.071,0.015,0.071,74.54,66.27
"2025-06-06 21:00:00",345,12.89,424,0,0.018,0.18,0.76,0.015,0.062,0.015,0.062,78.39,66.33
"2025-06-06 21:30:00",346,12.89,424,0,0.017,0.2,0.66,0.016,0.055,0.015,0.063,79.59,67.02
"2025-06-06 22:00:00",347,12.88,424,0,0.011,0,0.62,0,0.051,-0.004,0.054,80,64.93
"2025-06-06 22:30:00",348,12.88,424,0,0.013,0.1,0.56,0.008,0.046,0.004,0.046,77.68,64.36
"2025-06-06 23:00:00",349,12.88,424,0,0.011,0.04,0.56,0.004,0.046,0.007,0.046,80.8,66.19
"2025-06-06 23:30:00",350,12.88,424,0,0.008,0,0.45,0,0.037,0,0.037,81.9,66.82
"2025-06-07 00:00:00",351,12.88,424,0,0.022,0.5,0.55,0.041,0.046,0.041,0.045,79.77,64.68
"2025-06-07 00:30:00",352,12.88,424,0,0.011,0.14,0.45,0.011,0.037,0.007,0.037,79.96,64.88
"2025-06-07 01:00:00",353,12.88,424,0,0.01,0.04,0.5,0.004,0.041,0,0.041,80.7,64.56
"2025-06-07 01:30:00",354,12.88,424,0,0.018,0.39,0.45,0.032,0.038,0.032,0.041,78.43,64.86
"2025-06-07 02:00:00",355,12.88,424,0,0.01,0.1,0.45,0.008,0.037,0.004,0.037,79.27,66.46
"2025-06-07 02:30:00",356,12.88,424,0,0.01,0.1,0.45,0.008,0.037,0.004,0.037,80.9,67.32
"2025-06-07 03:00:00",357,12.87,424,0,0.007,0,0.41,0,0.033,-0.004,0.033,78.99,66.43
"2025-06-07 03:30:00",358,12.87,424,0,0.01,0.1,0.45,0.008,0.038,0,0.041,78.8,65.74
"2025-06-07 04:00:00",359,12.87,424,0,0.008,0.04,0.41,0.004,0.033,0,0.033,80.1,65.99
"2025-06-07 04:30:00",360,12.87,424,0,0.008,0.04,0.41,0.004,0.033,0,0.037,80.6,65.54
"2025-06-07 05:00:00",361,12.87,424,0,0.007,0,0.41,0,0.033,-0.007,0.033,79.88,64.29
"2025-06-07 05:30:00",362,12.87,424,0,0.015,0.29,0.41,0.024,0.033,0.023,0.033,79.25,66.44
"2025-06-07 06:00:00",363,12.87,424,0,0.01,0.1,0.41,0.008,0.033,0.008,0.041,79.93,64.85
"2025-06-07 06:30:00",364,12.87,424,0,0.01,0.1,0.41,0.008,0.033,0.004,0.033,80.7,65.87
"2025-06-07 07:00:00",365,12.87,424,0,0.009,0.08,0.39,0.007,0.033,0,0.032,81.8,68.46
"2025-06-07 07:30:00",366,12.87,424,0,0.008,0.04,0.39,0.004,0.033,-0.004,0.037,79.57,68.27
"2025-06-07 08:00:00",367,12.87,424,0,0.012,0.14,0.49,0.011,0.041,0.007,0.041,81,67.39
"2025-06-07 08:30:00",368,12.87,424,0,0.016,0.14,0.69,0.011,0.057,0.007,0.053,83.4,67.01
"2025-06-07 09:00:00",369,12.87,424,0,0.02,0.22,0.78,0.018,0.064,0.018,0.064,80.8,66.21
"2025-06-07 09:30:00",370,12.87,424,0,0.028,0.29,1.11,0.025,0.092,0.02,0.091,90.1,70.25
"2025-06-07 10:00:00",371,12.87,424,0,0.07,1.22,2.13,0.101,0.176,0.102,0.179,85.3,70.49
"2025-06-07 10:30:00",372,12.87,424,0,0.113,1.82,3.6,0.15,0.298,0.168,0.299,85.2,76.18
"2025-06-07 11:00:00",373,12.88,424,0,0.163,2.51,5.34,0.207,0.44,0.223,0.435,90.6,76.05
"2025-06-07 11:30:00",374,12.88,424,0,0.174,2.79,5.55,0.23,0.459,0.252,0.453,88.1,75.07
"2025-06-07 12:00:00",375,12.87,424,0,0.178,2.97,5.51,0.246,0.455,0.253,0.45,82.1,73.09
"2025-06-07 12:30:00",376,12.88,424,0,0.186,3.04,5.84,0.251,0.483,0.265,0.482,82.9,75.89
"2025-06-07 13:00:00",377,12.89,424,0,0.234,4.01,7.09,0.331,0.585,0.345,0.565,80.4,75.9
"2025-06-07 13:30:00",378,12.89,424,0,0.246,4.16,7.54,0.344,0.623,0.364,0.61,83.1,76.35
"2025-06-07 14:00:00",379,12.89,424,0,0.237,3.91,7.38,0.323,0.609,0.357,0.608,100.7,78.75
"2025-06-07 14:30:00",380,12.88,424,0,0.248,4.17,7.63,0.345,0.631,0.364,0.621,84.3,75.73
"2025-06-07 15:00:00",381,12.89,424,0,0.25,4.43,7.41,0.366,0.612,0.388,0.603,85.9,74.87
"2025-06-07 15:30:00",382,12.9,424,0,0.244,4.09,7.54,0.338,0.623,0.361,0.613,88.9,76.05
"2025-06-07 16:00:00",383,12.87,424,0,0.263,4.9,7.42,0.405,0.614,0.405,0.587,75.53,72.56
"2025-06-07 16:30:00",384,12.91,424,0,0.286,5.24,8.21,0.433,0.678,0.431,0.631,76.86,71.62
"2025-06-07 17:00:00",385,12.9,424,0,0.174,2.84,5.49,0.235,0.453,0.242,0.434,80.4,69.83
"2025-06-07 17:30:00",386,12.9,424,0,0.2,3.18,6.42,0.263,0.53,0.282,0.513,87.6,73.25
"2025-06-07 18:00:00",387,12.9,424,0,0.191,2.91,6.25,0.241,0.516,0.256,0.505,85.2,72.1
"2025-06-07 18:30:00",388,12.89,424,0,0.182,2.84,5.87,0.235,0.485,0.248,0.471,85.9,72.29
"2025-06-07 19:00:00",389,12.89,424,0,0.166,2.63,5.32,0.218,0.439,0.229,0.425,83.5,71.65
"2025-06-07 19:30:00",390,12.89,424,0,0.131,2.17,4.09,0.179,0.338,0.189,0.33,79.66,68.11
"2025-06-07 20:00:00",391,12.89,424,0,0.089,1.32,3,0.108,0.248,0.11,0.245,77.06,66.01
"2025-06-07 20:30:00",392,12.88,424,0,0.062,0.78,2.28,0.065,0.189,0.068,0.182,78.56,63.98
"2025-06-07 21:00:00",393,12.88,424,0,0.049,0.5,1.93,0.042,0.16,0.041,0.158,74.32,63.53
"2025-06-07 21:30:00",394,12.88,424,0,0.038,0.36,1.58,0.03,0.131,0.026,0.13,84.6,64.98
"2025-06-07 22:00:00",395,12.87,424,0,0.035,0.39,1.36,0.032,0.112,0.031,0.111,78.16,64.6
"2025-06-07 22:30:00",396,12.87,424,0,0.033,0.48,1.13,0.039,0.094,0.038,0.093,77.78,63.71
"2025-06-07 23:00:00",397,12.87,424,0,0.029,0.39,1.04,0.032,0.086,0.035,0.085,78.54,67.5
"2025-06-07 23:30:00",398,12.86,424,0,0.025,0.29,0.98,0.024,0.081,0.019,0.076,80.6,65.48
"2025-06-08 00:00:00",399,12.86,424,0,0.021,0.24,0.83,0.02,0.069,0.016,0.072,80.8,64.72
"2025-06-08 00:30:00",400,12.86,424,0,0.021,0.24,0.83,0.02,0.068,0.016,0.067,81.3,65.23
"2025-06-08 01:00:00",401,12.86,424,0,0.018,0.18,0.71,0.016,0.059,0.008,0.063,78.66,65.34
"2025-06-08 01:30:00",402,12.86,424,0,0.015,0.1,0.71,0.008,0.059,0.004,0.059,81.5,64.67
"2025-06-08 02:00:00",403,12.86,424,0,0.013,0.04,0.66,0.004,0.055,0,0.054,80.4,64.54
"2025-06-08 02:30:00",404,12.86,424,0,0.017,0.2,0.66,0.016,0.055,0.012,0.054,78.62,65.56
"2025-06-08 03:00:00",405,12.85,424,0,0.017,0.29,0.56,0.024,0.046,0.02,0.046,77.1,66.31
"2025-06-08 03:30:00",406,12.85,424,0,0.009,0,0.5,0,0.042,-0.004,0.046,78.93,64.35
"2025-06-08 04:00:00",407,12.85,424,0,0.022,0.41,0.67,0.034,0.056,0.034,0.055,74.39,64.35
"2025-06-08 04:30:00",408,12.85,424,0,0.01,0.04,0.52,0.004,0.043,-0.004,0.042,80.7,66.13
"2025-06-08 05:00:00",409,12.85,424,0,0.013,0.1,0.56,0.008,0.046,0.004,0.05,80.2,65.86
"2025-06-08 05:30:00",410,12.85,424,0,0.016,0.2,0.62,0.016,0.051,0.008,0.051,81.4,64.6
"2025-06-08 06:00:00",411,12.85,424,0,0.009,-0.02,0.56,-0.004,0.046,-0.008,0.05,81.7,66.38
"2025-06-08 06:30:00",412,12.85,424,0,0.015,0.14,0.66,0.011,0.054,0.007,0.054,80.1,65.24
"2025-06-08 07:00:00",413,12.85,424,0,0.02,0.21,0.83,0.018,0.068,0.014,0.072,83.2,67.83
"2025-06-08 07:30:00",414,12.85,424,0,0.02,0.22,0.81,0.019,0.067,0.018,0.071,80.8,66.69
"2025-06-08 08:00:00",415,12.84,424,0,0.017,0.14,0.74,0.011,0.062,0.004,0.066,82.7,66.82
"2025-06-08 08:30:00",416,12.84,424,0,0.017,0.18,0.7,0.015,0.058,0.015,0.061,81.5,67.14
"2025-06-08 09:00:00",417,12.84,424,0,0.022,0.24,0.9,0.019,0.074,0.015,0.073,81,68.21
"2025-06-08 09:30:00",418,12.84,424,0,0.029,0.27,1.23,0.022,0.102,0.024,0.097,88.5,70.62
"2025-06-08 10:00:00",419,12.84,424,0,0.05,0.77,1.64,0.064,0.136,0.066,0.139,84.4,67.26
"2025-06-08 10:30:00",420,12.84,424,0,0.081,1.2,2.72,0.1,0.225,0.099,0.223,88.1,72.77
"2025-06-08 11:00:00",421,12.85,424,0,0.116,1.7,3.91,0.14,0.323,0.153,0.32,91.5,74.42
"2025-06-08 11:30:00",422,12.85,424,0,0.158,2.4,5.23,0.198,0.431,0.214,0.431,91.9,75.51
"2025-06-08 12:00:00",423,12.85,424,0,0.181,2.59,6.16,0.214,0.51,0.228,0.512,104.1,77.66
"2025-06-08 12:30:00",424,12.85,424,0,0.217,3.75,6.56,0.31,0.541,0.322,0.535,87.3,75.01
"2025-06-08 13:00:00",425,12.85,424,0,0.252,4.09,7.94,0.338,0.656,0.357,0.656,87.2,77.62
"2025-06-08 13:30:00",426,12.85,424,0,0.255,4.31,7.8,0.356,0.645,0.373,0.632,88.2,77.42
"2025-06-08 14:00:00",427,12.84,424,0,0.321,6.16,8.83,0.51,0.729,0.492,0.717,80.3,75.81
"2025-06-08 14:30:00",428,12.84,424,0,0.287,5.17,8.35,0.427,0.69,0.441,0.67,81.3,74.78
"2025-06-08 15:00:00",429,12.86,424,0,0.242,3.57,8.11,0.295,0.67,0.319,0.653,95.8,75.11
"2025-06-08 15:30:00",430,12.85,424,0,0.25,3.96,7.99,0.327,0.659,0.346,0.63,86.6,72.25
"2025-06-08 16:00:00",431,12.86,424,0,0.293,5.16,8.69,0.425,0.718,0.458,0.707,92.7,76.81
"2025-06-08 16:30:00",432,12.86,424,0,0.301,4.99,9.36,0.412,0.773,0.42,0.736,77.25,73.01
"2025-06-08 17:00:00",433,12.86,424,0,0.308,5.63,8.84,0.465,0.73,0.466,0.687,80.1,73.07
"2025-06-08 17:30:00",434,12.86,424,0,0.203,3.35,6.33,0.276,0.523,0.289,0.489,81.3,69.78
"2025-06-08 18:00:00",435,12.85,424,0,0.162,2.61,5.16,0.215,0.426,0.221,0.4,83.5,69.96
"2025-06-08 18:30:00",436,12.85,424,0,0.136,2.24,4.24,0.185,0.35,0.191,0.331,82.1,66.29
"2025-06-08 19:00:00",437,12.86,424,0,0.105,1.81,3.17,0.149,0.262,0.147,0.249,70.58,64.33
"2025-06-08 19:30:00",438,12.85,424,0,0.072,1.08,2.41,0.089,0.199,0.097,0.191,86,64.57
"2025-06-08 20:00:00",439,12.85,424,0,0.052,0.74,1.79,0.061,0.148,0.068,0.147,68.85,65.63
"2025-06-08 20:30:00",440,12.84,424,0,0.036,0.31,1.5,0.026,0.124,0.025,0.123,83.5,66.4
"2025-06-08 21:00:00",441,12.84,424,0,0.036,0.49,1.3,0.04,0.108,0.039,0.111,79.83,65
"2025-06-08 21:30:00",442,12.84,424,0,0.023,0.14,1.05,0.012,0.087,0.011,0.087,84.1,63.72
"2025-06-08 22:00:00",443,12.84,424,0,0.025,0.24,1.02,0.019,0.084,0.015,0.084,70.67,62.4
"2025-06-08 22:30:00",444,12.83,424,0,0.018,0.1,0.84,0.008,0.07,0.008,0.073,65.18,64.23
"2025-06-08 23:00:00",445,12.83,424,0,0.015,0,0.8,0,0.066,0.004,0.07,84.3,65.69
"2025-06-08 23:30:00",446,12.83,424,0,0.018,0.14,0.78,0.012,0.065,0.008,0.064,82.7,64.87
"2025-06-09 00:00:00",447,12.85,424,0,0.003,-0.33,0.64,-0.029,0.053,-0.024,0.057,87,64.55
"2025-06-09 00:30:00",448,12.85,424,0,0.013,0,0.7,0,0.058,0,0.057,86.2,65.06
"2025-06-09 01:00:00",449,12.85,424,0,0.013,0.04,0.64,0.004,0.054,-0.004,0.053,82.7,66.82
"2025-06-09 01:30:00",450,12.84,424,0,0.013,0.1,0.6,0.008,0.05,0,0.049,82,66.13
"2025-06-09 02:00:00",451,12.84,424,0,0.013,0.08,0.6,0.008,0.049,0.004,0.049,80.2,66.88
"2025-06-09 02:30:00",452,12.84,424,0,0.022,0.41,0.66,0.034,0.055,0.025,0.054,83,66.12
"2025-06-09 03:00:00",453,12.84,424,0,0.006,-0.12,0.5,-0.011,0.041,-0.014,0.045,84.2,64.79
"2025-06-09 03:30:00",454,12.84,424,0,0.009,0,0.49,0,0.041,-0.007,0.041,79.89,66.57
"2025-06-09 04:00:00",455,12.84,424,0,0.01,0,0.55,0,0.045,0,0.044,80.2,67.64
"2025-06-09 04:30:00",456,12.84,424,0,0.011,0.04,0.55,0.004,0.046,0,0.045,79.95,65.87
"2025-06-09 05:00:00",457,12.84,424,0,0.008,-0.02,0.5,-0.004,0.041,-0.007,0.045,78.61,66.56
"2025-06-09 05:30:00",458,12.84,424,0,0.009,0,0.49,0,0.041,0,0.041,82.2,68.39
"2025-06-09 06:00:00",459,12.84,424,0,0.007,-0.02,0.45,-0.004,0.037,-0.004,0.041,78.67,66.87
"2025-06-09 06:30:00",460,12.83,424,0,0.014,0.22,0.45,0.019,0.037,0.019,0.036,76.58,66.3
"2025-06-09 07:00:00",461,12.84,424,0,0.01,0.08,0.43,0.007,0.036,0.004,0.036,84.9,67.5
"2025-06-09 07:30:00",462,12.83,424,0,0.009,0.04,0.45,0.004,0.037,0,0.04,79.82,67.77
"2025-06-09 08:00:00",463,12.83,424,0,0.008,-0.02,0.49,-0.004,0.04,-0.011,0.044,83.9,69.59
"2025-06-09 08:30:00",464,12.83,424,0,0.012,0,0.69,0,0.057,-0.004,0.052,81,68.39
"2025-06-09 09:00:00",465,12.83,424,0,0.025,0.32,0.92,0.027,0.076,0.026,0.08,78.89,67.59
"2025-06-09 09:30:00",466,12.83,424,0,0.047,0.66,1.67,0.054,0.137,0.056,0.14,87.1,73.28
"2025-06-09 10:00:00",467,12.84,424,0,0.08,1.18,2.7,0.097,0.223,0.101,0.226,85.3,72.21
"2025-06-09 10:30:00",468,12.84,424,0,0.091,1.36,3.03,0.112,0.25,0.12,0.252,83.6,73.29
"2025-06-09 11:00:00",469,12.84,424,0,0.107,1.6,3.57,0.132,0.296,0.142,0.293,87.9,74.61
"2025-06-09 11:30:00",470,12.82,424,0,0.15,2.31,4.89,0.191,0.404,0.202,0.404,83.2,77.48
"2025-06-09 12:00:00",471,12.84,424,0,0.167,2.63,5.35,0.217,0.442,0.227,0.436,77.34,74.37
"2025-06-09 12:30:00",472,12.84,424,0,0.176,2.73,5.72,0.226,0.472,0.241,0.466,85.7,75.19
"2025-06-09 13:00:00",473,12.84,424,0,0.188,2.93,6.12,0.242,0.506,0.263,0.5,90.2,76.4
"2025-06-09 13:30:00",474,12.84,424,0,0.196,3.22,6.12,0.266,0.506,0.284,0.494,81.6,74.57
"2025-06-09 14:00:00",475,12.84,424,0,0.223,3.75,6.85,0.31,0.567,0.323,0.554,83.1,75.85
"2025-06-09 14:30:00",476,12.84,424,0,0.214,3.46,6.78,0.286,0.56,0.295,0.548,101.6,74.84
"2025-06-09 15:00:00",477,12.84,424,0,0.186,3.14,5.7,0.26,0.471,0.267,0.459,80.4,70.11
"2025-06-09 15:30:00",478,12.85,424,0,0.222,3.88,6.65,0.32,0.549,0.348,0.543,94.1,79.48
"2025-06-09 16:00:00",479,12.85,424,0,0.24,4.09,7.3,0.338,0.603,0.358,0.585,81.6,77.07
"2025-06-09 16:30:00",480,12.85,424,0,0.21,3.17,6.96,0.261,0.575,0.283,0.563,92.2,75.6
"2025-06-09 17:00:00",481,12.86,424,0,0.247,4.23,7.48,0.349,0.619,0.364,0.591,84.8,73.71
"2025-06-09 17:30:00",482,12.86,424,0,0.205,3.36,6.43,0.277,0.532,0.292,0.511,78.75,71.23
"2025-06-09 18:00:00",483,12.85,424,0,0.217,3.73,6.56,0.308,0.542,0.323,0.53,81.5,72
"2025-06-09 18:30:00",484,12.85,424,0,0.201,3.42,6.15,0.282,0.509,0.292,0.494,83.9,73.82
"2025-06-09 19:00:00",485,12.85,424,0,0.157,2.44,5.11,0.202,0.423,0.21,0.404,83.3,70.98
"2025-06-09 19:30:00",486,12.85,424,0,0.116,1.79,3.8,0.148,0.313,0.154,0.301,82.2,69.65
"2025-06-09 20:00:00",487,12.85,424,0,0.084,1.25,2.83,0.103,0.234,0.106,0.226,79.75,65.66
"2025-06-09 20:30:00",488,12.84,424,0,0.052,0.59,2,0.048,0.166,0.051,0.163,78.34,65.53
"2025-06-09 21:00:00",489,12.84,424,0,0.043,0.5,1.63,0.042,0.134,0.037,0.132,64.18,64.24
"2025-06-09 21:30:00",490,12.84,424,0,0.035,0.42,1.32,0.035,0.109,0.034,0.108,75.35,66.07
"2025-06-09 22:00:00",491,12.84,424,0,0.033,0.43,1.18,0.036,0.098,0.039,0.092,75.72,66.19
"2025-06-09 22:30:00",492,12.83,424,0,0.023,0.14,1.08,0.012,0.089,0.012,0.088,81.2,65.06
"2025-06-09 23:00:00",493,12.83,424,0,0.021,0.1,1.02,0.008,0.084,0.008,0.083,75.41,65.88
"2025-06-09 23:30:00",494,12.83,424,0,0.021,0.1,1.02,0.008,0.084,0.011,0.088,80,64.68
"2025-06-10 00:00:00",495,12.83,424,0,0.018,0.04,0.92,0.004,0.076,0,0.076,78.77,64.44
"2025-06-10 00:30:00",496,12.83,424,0,0.018,0.14,0.81,0.012,0.067,0.008,0.071,79.52,65.7
"2025-06-10 01:00:00",497,12.83,424,0,0.015,0,0.8,0,0.066,-0.008,0.07,78.38,65.31
"2025-06-10 01:30:00",498,12.82,424,0,0.014,0.04,0.7,0.004,0.058,0,0.062,83.2,68.16
"2025-06-10 02:00:00",499,12.82,424,0,0.013,0,0.7,0,0.058,0,0.062,81.4,66.78
"2025-06-10 02:30:00",500,12.82,424,0,0.014,0.04,0.7,0.004,0.058,0,0.062,82.2,67.4
"2025-06-10 03:00:00",501,12.82,424,0,0.013,0.04,0.66,0.004,0.054,0.004,0.058,79.97,66.39
"2025-06-10 03:30:00",502,12.82,424,0,0.013,0.04,0.66,0.004,0.055,0.004,0.054,80.5,65.19
"2025-06-10 04:00:00",503,12.82,424,0,0.012,0.04,0.59,0.004,0.049,-0.011,0.048,86.3,68.4
"2025-06-10 04:30:00",504,12.82,424,0,0.012,0.04,0.59,0.004,0.049,0.008,0.053,83.4,67.02
"2025-06-10 05:00:00",505,12.82,424,0,0.01,-0.02,0.59,-0.004,0.049,-0.004,0.049,78.27,66.72
"2025-06-10 05:30:00",506,12.82,424,0,0.018,0.24,0.64,0.02,0.053,0.015,0.053,81,68.17
"2025-06-10 06:00:00",507,12.82,424,0,0.02,0.29,0.69,0.024,0.057,0.02,0.061,81,67.93
"2025-06-10 06:30:00",508,12.81,424,0,0.015,0.1,0.7,0.008,0.058,0.004,0.057,77.9,68.12
"2025-06-10 07:00:00",509,12.82,424,0,0.018,0.2,0.7,0.016,0.058,0.008,0.058,80.7,66.92
"2025-06-10 07:30:00",510,12.82,424,0,0.026,0.31,0.98,0.025,0.081,0.025,0.081,74.5,65.47
"2025-06-10 08:00:00",511,12.82,424,0,0.018,0.15,0.78,0.013,0.065,0.008,0.068,72.91,65.9
"2025-06-10 08:30:00",512,12.82,424,0,0.019,0.18,0.77,0.015,0.064,0.015,0.064,84.4,67.03
"2025-06-10 09:00:00",513,12.81,424,0,0.01,-0.02,0.6,-0.004,0.049,-0.007,0.049,84.2,66.84
"2025-06-10 09:30:00",514,12.82,424,0,0.02,0.14,0.91,0.011,0.075,0.011,0.078,80.9,66.86
"2025-06-10 10:00:00",515,12.81,424,0,0.047,0.7,1.6,0.058,0.132,0.056,0.136,88.8,70.21
"2025-06-10 10:30:00",516,12.81,424,0,0.068,1.04,2.23,0.086,0.185,0.088,0.184,79.62,69.33
"2025-06-10 11:00:00",517,12.81,424,0,0.083,1.23,2.79,0.102,0.231,0.108,0.225,80.8,67.99
"2025-06-10 11:30:00",518,12.82,424,0,0.11,1.64,3.68,0.135,0.304,0.143,0.305,90.9,74.82
"2025-06-10 12:00:00",519,12.8,424,0,0.154,2.24,5.2,0.185,0.43,0.198,0.438,107.2,79.45
"2025-06-10 12:30:00",520,12.81,424,0,0.211,3.18,6.98,0.263,0.576,0.288,0.58,91.1,81.1
"2025-06-10 13:00:00",521,12.81,424,0,0.248,3.84,8.04,0.317,0.664,0.347,0.659,94,76.82
"2025-06-10 13:30:00",522,12.8,424,0,0.249,3.85,8.08,0.318,0.668,0.343,0.644,89.3,74.42
"2025-06-10 14:00:00",523,12.82,424,0,0.296,5.41,8.53,0.446,0.704,0.485,0.696,92.4,76.52
"2025-06-10 14:30:00",524,12.82,424,0,0.282,4.66,8.76,0.385,0.724,0.405,0.696,85.1,75.55
"2025-06-10 15:00:00",525,12.82,424,0,0.28,4.44,8.97,0.367,0.741,0.403,0.716,98.8,78.18
"2025-06-10 15:30:00",526,12.82,424,0,0.291,5.18,8.57,0.428,0.708,0.441,0.681,80.2,74.49
"2025-06-10 16:00:00",527,12.83,424,0,0.272,4.5,8.46,0.371,0.699,0.391,0.666,82.6,73.34
"2025-06-10 16:30:00",528,12.82,424,0,0.164,2.72,5.09,0.224,0.42,0.222,0.4,72.63,68.65
"2025-06-10 17:00:00",529,12.82,424,0,0.08,1.01,2.94,0.083,0.243,0.094,0.236,88.6,68.68
"2025-06-10 17:30:00",530,12.82,424,0,0.07,0.85,2.61,0.07,0.215,0.072,0.205,84,67.43
"2025-06-10 18:00:00",531,12.81,424,0,0.048,0.55,1.82,0.045,0.151,0.044,0.15,86.1,68.45
"2025-06-10 18:30:00",532,12.81,424,0,0.053,0.69,1.91,0.057,0.158,0.056,0.156,79.81,67.49
"2025-06-10 19:00:00",533,12.81,424,0,0.048,0.62,1.74,0.051,0.144,0.051,0.143,81.1,68.31
"2025-06-10 19:30:00",534,12.8,424,0,0.037,0.43,1.41,0.036,0.117,0.035,0.117,81.9,64.78
"2025-06-10 20:00:00",535,12.8,424,0,0.027,0.24,1.15,0.02,0.095,0.023,0.094,81.9,67.61
"2025-06-10 20:30:00",536,12.8,424,0,0.023,0.2,1.01,0.016,0.083,0.012,0.082,77.38,65.83
"2025-06-10 21:00:00",537,12.8,424,0,0.021,0.14,0.97,0.012,0.08,0.008,0.079,82.1,65.7
"2025-06-10 21:30:00",538,12.79,424,0,0.025,0.34,0.92,0.028,0.076,0.027,0.076,79.36,65.03
"2025-06-10 22:00:00",539,12.8,424,0,0.027,0.34,1.04,0.028,0.086,0.02,0.085,80.7,64.89
"2025-06-10 22:30:00",540,12.79,424,0,0.022,0.2,0.91,0.016,0.075,0.02,0.074,78.79,64.2
"2025-06-10 23:00:00",541,12.79,424,0,0.018,0.14,0.8,0.012,0.066,0.012,0.065,79.47,65.89
"2025-06-10 23:30:00",542,12.79,424,0,0.016,0.1,0.74,0.008,0.062,0.008,0.061,75.55,66.52
"2025-06-11 00:00:00",543,12.78,424,0,0.015,0.1,0.69,0.008,0.057,0.004,0.057,80.6,65.71
"2025-06-11 00:30:00",544,12.79,424,0,0.016,0.15,0.69,0.013,0.057,0.008,0.056,78.96,65.89
"2025-06-11 01:00:00",545,12.78,424,0,0.013,0.04,0.64,0.004,0.053,0,0.052,78.82,66.26
"2025-06-11 01:30:00",546,12.78,424,0,0.013,0.1,0.57,0.008,0.048,0.004,0.052,81.7,66.33
"2025-06-11 02:00:00",547,12.78,424,0,0.012,0.04,0.59,0.004,0.048,0.004,0.048,80.3,65.95
"2025-06-11 02:30:00",548,12.78,424,0,0.011,0.04,0.53,0.004,0.043,0,0.048,80.3,67.27
"2025-06-11 03:00:00",549,12.78,424,0,0.007,0,0.42,0,0.035,-0.004,0.039,80.2,65.32
"2025-06-11 03:30:00",550,12.77,424,0,0.004,-0.12,0.42,-0.012,0.034,-0.015,0.039,79.78,65.95
"2025-06-11 04:00:00",551,12.77,424,0,0.006,-0.12,0.5,-0.011,0.042,-0.018,0.042,84.7,69.37
"2025-06-11 04:30:00",552,12.77,424,0,0.018,0.31,0.57,0.026,0.048,0.026,0.052,77.14,67.35
"2025-06-11 05:00:00",553,12.77,424,0,0.011,0.1,0.49,0.008,0.04,0.004,0.044,76.49,65.19
"2025-06-11 05:30:00",554,12.76,424,0,0.005,-0.16,0.53,-0.015,0.043,-0.019,0.043,83.7,67.59
"2025-06-11 06:00:00",555,12.78,424,0,0.01,-0.07,0.66,-0.008,0.054,-0.011,0.054,83.7,69.12
"2025-06-11 06:30:00",556,12.78,424,0,0.016,0.04,0.83,0.004,0.068,0,0.072,82.6,70.01
"2025-06-11 07:00:00",557,12.78,424,0,0.025,0.24,1.05,0.02,0.086,0.019,0.086,82.6,67.29
"2025-06-11 07:30:00",558,12.78,424,0,0.035,0.32,1.44,0.027,0.119,0.026,0.122,82.9,69.12
"2025-06-11 08:00:00",559,12.78,424,0,0.056,0.63,2.14,0.053,0.177,0.059,0.175,86.5,71.46
"2025-06-11 08:30:00",560,12.78,424,0,0.103,1.46,3.54,0.12,0.293,0.128,0.286,88.2,74.12
"2025-06-11 09:00:00",561,12.78,424,0,0.145,2.17,4.85,0.179,0.4,0.191,0.392,91.9,75
"2025-06-11 09:30:00",562,12.78,424,0,0.161,2.31,5.46,0.191,0.451,0.207,0.451,87.5,77.41
"2025-06-11 10:00:00",563,12.78,424,0,0.218,3.45,7.02,0.284,0.58,0.297,0.567,84.2,77.48
"2025-06-11 10:30:00",564,12.78,424,0,0.239,3.91,7.51,0.323,0.62,0.35,0.61,93.5,75.91
"2025-06-11 11:00:00",565,12.77,424,0,0.245,3.99,7.7,0.33,0.637,0.358,0.632,94.8,77.69
"2025-06-11 11:30:00",566,12.73,424,0,0.253,4.13,7.94,0.341,0.656,0.36,0.651,91.8,79.21
"2025-06-11 12:00:00",567,12.8,424,0,0.269,4.5,8.29,0.371,0.685,0.396,0.679,94.3,79.92
"2025-06-11 12:30:00",568,12.8,424,0,0.262,4.27,8.22,0.353,0.679,0.386,0.674,92.4,78.02
"2025-06-11 13:00:00",569,12.8,424,0,0.288,4.99,8.67,0.412,0.717,0.437,0.702,86.9,77.15
"2025-06-11 13:30:00",570,12.8,424,0,0.28,4.65,8.67,0.385,0.716,0.413,0.702,93,76.9
"2025-06-11 14:00:00",571,12.81,424,0,0.27,4.59,8.22,0.38,0.679,0.418,0.677,96.5,78.87
"2025-06-11 14:30:00",572,12.81,424,0,0.278,4.71,8.49,0.389,0.702,0.417,0.693,94,77.36
"2025-06-11 15:00:00",573,12.81,424,0,0.278,4.9,8.25,0.405,0.682,0.428,0.671,87.7,78.88
"2025-06-11 15:30:00",574,12.8,424,0,0.281,4.89,8.42,0.404,0.696,0.427,0.678,85.5,76.98
"2025-06-11 16:00:00",575,12.82,424,0,0.276,4.83,8.25,0.399,0.681,0.413,0.655,82.6,75.13
"2025-06-11 16:30:00",576,12.82,424,0,0.275,4.52,8.57,0.374,0.709,0.391,0.672,83,73.68
"2025-06-11 17:00:00",577,12.81,424,0,0.287,4.9,8.7,0.405,0.718,0.426,0.678,84.4,72.85
"2025-06-11 17:30:00",578,12.81,424,0,0.257,4.43,7.76,0.366,0.641,0.381,0.612,84.5,72.91
"2025-06-11 18:00:00",579,12.81,424,0,0.227,3.88,6.89,0.32,0.57,0.334,0.551,81.2,73.22
"2025-06-11 18:30:00",580,12.81,424,0,0.212,3.63,6.42,0.3,0.53,0.318,0.509,85.4,72.08
"2025-06-11 19:00:00",581,12.8,424,0,0.177,2.87,5.59,0.237,0.462,0.245,0.447,79.14,73.65
"2025-06-11 19:30:00",582,12.8,424,0,0.131,2.07,4.19,0.171,0.346,0.177,0.337,82.4,70.04
"2025-06-11 20:00:00",583,12.8,424,0,0.09,1.29,3.1,0.106,0.255,0.113,0.248,80.9,67.31
"2025-06-11 20:30:00",584,12.79,424,0,0.077,1.2,2.52,0.1,0.209,0.099,0.202,78.12,64.79
"2025-06-11 21:00:00",585,12.79,424,0,0.057,0.73,2.07,0.06,0.171,0.055,0.165,78.35,65.78
"2025-06-11 21:30:00",586,12.78,424,0,0.047,0.52,1.84,0.042,0.151,0.037,0.145,76.12,65.32
"2025-06-11 22:00:00",587,12.78,424,0,0.046,0.62,1.63,0.05,0.135,0.041,0.138,82.9,64.82
"2025-06-11 22:30:00",588,12.77,424,0,0.027,0.06,1.39,0.004,0.115,0,0.118,77.06,65
"2025-06-11 23:00:00",589,12.77,424,0,0.033,0.29,1.39,0.025,0.115,0.02,0.114,78,64.68
"2025-06-11 23:30:00",590,12.77,424,0,0.023,-0.03,1.29,-0.004,0.106,-0.012,0.105,79.39,65.82
"2025-06-12 00:00:00",591,12.76,424,0,0.024,0.15,1.11,0.013,0.092,0.004,0.091,79.58,63.74
"2025-06-12 00:30:00",592,12.76,424,0,0.027,0.31,1.04,0.025,0.086,0.021,0.085,79.77,66.45
"2025-06-12 01:00:00",593,12.76,424,0,0.022,0.2,0.92,0.016,0.076,0.012,0.075,82.7,66.57
"2025-06-12 01:30:00",594,12.76,424,0,0.017,0.1,0.81,0.008,0.067,-0.004,0.066,80.1,65.01
"2025-06-12 02:00:00",595,12.76,424,0,0.015,0.04,0.76,0.004,0.062,-0.004,0.066,81.8,66.7
"2025-06-12 02:30:00",596,12.76,424,0,0.015,0.1,0.7,0.008,0.057,0.004,0.061,82.2,65.82
"2025-06-12 03:00:00",597,12.76,424,0,0.012,0.04,0.63,0.004,0.052,0,0.056,81.5,66.95
"2025-06-12 03:30:00",598,12.76,424,0,0.012,0.04,0.63,0.004,0.052,0,0.052,81.3,67.51
"2025-06-12 04:00:00",599,12.75,424,0,0.011,0.04,0.57,0.004,0.047,0,0.047,83.3,66.75
"2025-06-12 04:30:00",600,12.75,424,0,0.011,0,0.63,0,0.052,-0.004,0.051,82.6,67.02
"2025-06-12 05:00:00",601,12.75,424,0,0.015,0.1,0.69,0.008,0.057,0.004,0.052,80.4,67.33
"2025-06-12 05:30:00",602,12.75,424,0,0.012,0,0.64,0,0.053,-0.008,0.048,81.7,66.89
"2025-06-12 06:00:00",603,12.75,424,0,0.01,-0.02,0.59,-0.004,0.048,-0.012,0.048,81.5,68.22
"2025-06-12 06:30:00",604,12.75,424,0,0.009,-0.02,0.52,-0.004,0.043,-0.007,0.043,81.8,68.47
"2025-06-12 07:00:00",605,12.75,424,0,0.004,-0.12,0.41,-0.011,0.034,-0.018,0.038,85.8,68.68
"2025-06-12 07:30:00",606,12.75,424,0,0.013,0,0.74,0,0.061,-0.007,0.061,86.7,72.91
"2025-06-12 08:00:00",607,12.75,424,0,0.042,0.48,1.61,0.04,0.134,0.031,0.132,88.7,73.37
"2025-06-12 08:30:00",608,12.75,424,0,0.069,0.83,2.61,0.069,0.215,0.073,0.218,88.2,76.15
"2025-06-12 09:00:00",609,12.76,424,0,0.101,1.5,3.38,0.124,0.278,0.133,0.281,93.5,78.62
"2025-06-12 09:30:00",610,12.76,424,0,0.12,1.86,3.92,0.154,0.324,0.157,0.326,84.8,75.23
"2025-06-12 10:00:00",611,12.76,424,0,0.152,2.33,5,0.192,0.414,0.206,0.414,84.3,75.55
"2025-06-12 10:30:00",612,12.77,424,0,0.187,3,5.95,0.247,0.492,0.263,0.491,86.5,75.73
"2025-06-12 11:00:00",613,12.77,424,0,0.202,3.12,6.56,0.258,0.541,0.277,0.535,88.9,79.08
"2025-06-12 11:30:00",614,12.76,424,0,0.202,3.15,6.51,0.26,0.538,0.279,0.539,89.2,78.41
"2025-06-12 12:00:00",615,12.77,424,0,0.237,3.88,7.42,0.32,0.613,0.336,0.614,91.5,79.67
"2025-06-12 12:30:00",616,12.77,424,0,0.282,4.96,8.39,0.41,0.693,0.439,0.682,88.1,77.54
"2025-06-12 13:00:00",617,12.78,424,0,0.279,4.76,8.46,0.393,0.699,0.413,0.679,89.4,76.34
"2025-06-12 13:30:00",618,12.79,424,0,0.272,4.34,8.64,0.359,0.714,0.386,0.696,92,76.15
"2025-06-12 14:00:00",619,12.79,424,0,0.281,4.89,8.42,0.404,0.696,0.447,0.693,99.3,77.37
"2025-06-12 14:30:00",620,12.77,424,0,0.263,4.48,8.01,0.37,0.662,0.391,0.656,91.3,77.68
"2025-06-12 15:00:00",621,12.8,424,0,0.283,4.93,8.46,0.407,0.699,0.432,0.69,90.2,78.15
"2025-06-12 15:30:00",622,12.79,424,0,0.279,4.88,8.32,0.402,0.687,0.425,0.67,85.9,76.06
"2025-06-12 16:00:00",623,12.8,424,0,0.269,4.83,7.86,0.399,0.649,0.415,0.639,81,74.71
"2025-06-12 16:30:00",624,12.79,424,0,0.257,4.31,7.9,0.356,0.653,0.37,0.629,81.5,74.45
"2025-06-12 17:00:00",625,12.79,424,0,0.272,4.89,7.92,0.404,0.654,0.413,0.612,76.66,71.41
"2025-06-12 17:30:00",626,12.79,424,0,0.245,4.17,7.44,0.345,0.615,0.36,0.592,83.1,72.3
"2025-06-12 18:00:00",627,12.79,424,0,0.224,3.84,6.77,0.317,0.56,0.327,0.537,81.1,73.29
"2025-06-12 18:30:00",628,12.79,424,0,0.193,3.19,6,0.263,0.496,0.273,0.474,82.6,70.01
"2025-06-12 19:00:00",629,12.78,424,0,0.172,2.94,5.21,0.243,0.431,0.25,0.416,83.7,72.41
"2025-06-12 19:30:00",630,12.78,424,0,0.129,2.1,4.06,0.174,0.336,0.176,0.316,77.19,68.66
"2025-06-12 20:00:00",631,12.77,424,0,0.088,1.29,2.96,0.107,0.244,0.113,0.237,80.8,67.01
"2025-06-12 20:30:00",632,12.76,424,0,0.073,1.13,2.38,0.094,0.197,0.097,0.19,75.9,66.11
"2025-06-12 21:00:00",633,12.75,424,0,0.065,0.97,2.17,0.08,0.18,0.078,0.173,78.34,66.28
"2025-06-12 21:30:00",634,12.76,424,0,0.047,0.56,1.78,0.046,0.147,0.046,0.15,78.04,64.46
"2025-06-12 22:00:00",635,12.76,424,0,0.05,0.71,1.72,0.059,0.143,0.059,0.141,76.7,65.15
"2025-06-12 22:30:00",636,12.76,424,0,0.044,0.6,1.54,0.05,0.127,0.049,0.126,78.53,66.72
"2025-06-12 23:00:00",637,12.75,424,0,0.04,0.5,1.47,0.041,0.122,0.036,0.121,79.43,66.61
"2025-06-12 23:30:00",638,12.75,424,0,0.034,0.35,1.36,0.028,0.112,0.024,0.111,84.3,65.65
"2025-06-13 00:00:00",639,12.75,424,0,0.029,0.29,1.19,0.025,0.098,0.02,0.102,77.78,67.24
"2025-06-13 00:30:00",640,12.74,424,0,0.03,0.39,1.12,0.032,0.093,0.024,0.092,81.4,67.6
"2025-06-13 01:00:00",641,12.74,424,0,0.029,0.35,1.08,0.028,0.089,0.02,0.093,79.04,67.48
"2025-06-13 01:30:00",642,12.74,424,0,0.024,0.24,0.99,0.02,0.082,0.008,0.082,82.7,67.61
"2025-06-13 02:00:00",643,12.74,424,0,0.026,0.34,0.94,0.028,0.077,0.015,0.081,86.4,69.01
"2025-06-13 02:30:00",644,12.73,424,0,0.024,0.31,0.88,0.025,0.073,0.016,0.077,83.9,67.75
"2025-06-13 03:00:00",645,12.72,424,0,0.023,0.25,0.9,0.021,0.074,0.017,0.074,82.1,66.48
"2025-06-13 03:30:00",646,12.73,424,0,0.02,0.15,0.87,0.013,0.071,0.013,0.071,72.55,64.28
"2025-06-13 04:00:00",647,12.64,424,0,0.021,0.25,0.8,0.021,0.066,0.016,0.07,78.54,64.96
"2025-06-13 04:30:00",648,12.73,424,0,0.013,-0.07,0.81,-0.008,0.067,-0.012,0.066,78.93,66.61
"2025-06-13 05:00:00",649,12.73,424,0,0.023,0.31,0.81,0.026,0.068,0.017,0.067,76.76,65.21
"2025-06-13 05:30:00",650,12.73,424,0,0.022,0.29,0.81,0.025,0.068,0.02,0.067,79.67,65.08
"2025-06-13 06:00:00",651,12.73,424,0,0.021,0.24,0.81,0.02,0.067,0.008,0.067,78.65,66.59
"2025-06-13 06:30:00",652,12.73,424,0,0.018,0.14,0.8,0.012,0.066,0.004,0.07,83,65.14
"2025-06-13 07:00:00",653,12.73,424,0,0.023,0.22,0.94,0.019,0.078,0.015,0.077,82.6,67.02
"2025-06-13 07:30:00",654,12.73,424,0,0.042,0.49,1.61,0.041,0.134,0.036,0.137,88.8,71.71
"2025-06-13 08:00:00",655,12.73,424,0,0.062,0.88,2.14,0.073,0.177,0.074,0.176,89.5,75.21
"2025-06-13 08:30:00",656,12.73,424,0,0.081,1.29,2.59,0.107,0.214,0.11,0.217,95.4,74.71
"2025-06-13 09:00:00",657,12.73,424,0,0.09,1.29,3.07,0.106,0.253,0.108,0.248,80.2,75.98
"2025-06-13 09:30:00",658,12.73,424,0,0.115,1.89,3.59,0.157,0.296,0.164,0.299,87.3,73.7
"2025-06-13 10:00:00",659,12.74,424,0,0.136,2.19,4.33,0.18,0.357,0.191,0.354,87.2,73.9
"2025-06-13 10:30:00",660,12.72,424,0,0.189,3.11,5.88,0.257,0.486,0.269,0.488,85.3,77.25
"2025-06-13 11:00:00",661,12.75,424,0,0.246,4.2,7.47,0.348,0.617,0.362,0.612,84.7,78.98
"2025-06-13 11:30:00",662,12.75,424,0,0.238,4.12,7.19,0.34,0.593,0.358,0.592,103.1,82.2
"2025-06-13 12:00:00",663,12.76,424,0,0.254,4.47,7.55,0.37,0.624,0.384,0.625,81.6,79.89
"2025-06-13 12:30:00",664,12.77,424,0,0.242,4.05,7.45,0.334,0.616,0.351,0.617,88.1,79.08
"2025-06-13 13:00:00",665,12.77,424,0,0.27,4.72,8.07,0.389,0.667,0.398,0.656,81.2,75.92
"2025-06-13 13:30:00",666,12.76,424,0,0.263,4.55,7.89,0.376,0.651,0.393,0.634,84.1,78.63
"2025-06-13 14:00:00",667,12.77,424,0,0.302,5.66,8.5,0.468,0.702,0.49,0.679,82.7,76.68
"2025-06-13 14:30:00",668,12.76,424,0,0.299,5.41,8.69,0.446,0.717,0.468,0.69,87,78.7
"2025-06-13 15:00:00",669,12.77,424,0,0.321,6.18,8.83,0.511,0.729,0.531,0.696,84.4,74.9
"2025-06-13 15:30:00",670,12.77,424,0,0.257,4.57,7.59,0.378,0.627,0.386,0.595,80.8,72.03
"2025-06-13 16:00:00",671,12.77,424,0,0.253,4.4,7.59,0.363,0.627,0.373,0.602,79.77,75.53
"2025-06-13 16:30:00",672,12.77,424,0,0.243,4.3,7.16,0.356,0.592,0.363,0.564,78.67,73.43
"2025-06-13 17:00:00",673,12.77,424,0,0.276,5.07,7.9,0.419,0.652,0.429,0.616,79.43,72.67
"2025-06-13 17:30:00",674,12.77,424,0,0.265,4.69,7.82,0.388,0.646,0.402,0.611,84,72.67
"2025-06-13 18:00:00",675,12.77,424,0,0.185,3.11,5.72,0.257,0.473,0.266,0.458,81.3,73.29
"2025-06-13 18:30:00",676,12.77,424,0,0.169,2.79,5.28,0.23,0.436,0.246,0.416,81.4,69.05
"2025-06-13 19:00:00",677,12.76,424,0,0.134,2.24,4.16,0.185,0.343,0.182,0.33,73.09,68.85
"2025-06-13 19:30:00",678,12.76,424,0,0.087,1.37,2.83,0.114,0.234,0.113,0.227,70.48,68.78
"2025-06-13 20:00:00",679,12.74,424,0,0.066,1.06,2.12,0.088,0.175,0.092,0.168,64.47,66.3
"2025-06-13 20:30:00",680,12.75,424,0,0.052,0.69,1.85,0.057,0.153,0.056,0.151,69.03,65.3
"2025-06-13 21:00:00",681,12.74,424,0,0.048,0.74,1.58,0.062,0.131,0.063,0.134,86,65.56
"2025-06-13 21:30:00",682,12.74,424,0,0.046,0.7,1.53,0.058,0.126,0.057,0.12,74.65,65.11
"2025-06-13 22:00:00",683,12.74,424,0,0.039,0.57,1.33,0.048,0.11,0.046,0.11,86.3,67.45
"2025-06-13 22:30:00",684,12.74,424,0,0.031,0.35,1.22,0.029,0.101,0.024,0.1,80.4,66.06
"2025-06-13 23:00:00",685,12.73,424,0,0.039,0.69,1.19,0.057,0.098,0.052,0.097,75.91,65.36
"2025-06-13 23:30:00",686,12.74,424,0,0.024,0.2,1.06,0.016,0.088,0.008,0.092,79.63,66.56
"2025-06-14 00:00:00",687,12.73,424,0,0.03,0.41,1.09,0.033,0.091,0.029,0.09,76.71,63.39
"2025-06-14 00:30:00",688,12.73,424,0,0.028,0.35,1.02,0.029,0.085,0.029,0.084,73.24,65.21
"2025-06-14 01:00:00",689,12.73,424,0,0.03,0.42,1.05,0.035,0.087,0.034,0.082,79.49,63.38
"2025-06-14 01:30:00",690,12.72,424,0,0.017,0.1,0.81,0.008,0.068,0,0.067,79.93,66.1
"2025-06-14 02:00:00",691,12.72,424,0,0.026,0.42,0.87,0.035,0.072,0.034,0.076,76.77,62.94
"2025-06-14 02:30:00",692,12.72,424,0,0.018,0.2,0.7,0.016,0.058,0.008,0.062,79.3,66.98
"2025-06-14 03:00:00",693,12.72,424,0,0.02,0.29,0.7,0.024,0.057,0.016,0.061,78.15,66.09
"2025-06-14 03:30:00",694,12.72,424,0,0.016,0.14,0.69,0.012,0.057,0.004,0.057,79.87,68.56
"2025-06-14 04:00:00",695,12.72,424,0,0.019,0.24,0.74,0.02,0.061,0.008,0.056,84.3,66.66
"2025-06-14 04:30:00",696,12.72,424,0,0.018,0.24,0.69,0.02,0.056,0.012,0.056,80.4,66.6
"2025-06-14 05:00:00",697,12.72,424,0,0.017,0.2,0.69,0.016,0.057,0.008,0.056,83,64.84
"2025-06-14 05:30:00",698,12.72,424,0,0.016,0.14,0.69,0.012,0.057,0.004,0.052,82.5,67.11
"2025-06-14 06:00:00",699,12.72,424,0,0.016,0.14,0.69,0.012,0.057,0.008,0.061,81.7,67.11
"2025-06-14 06:30:00",700,12.71,424,0,0.021,0.35,0.69,0.029,0.057,0.02,0.061,80.2,67.11
"2025-06-14 07:00:00",701,12.72,424,0,0.016,0.1,0.73,0.008,0.061,0,0.064,82.7,67.57
"2025-06-14 07:30:00",702,12.71,424,0,0.031,0.41,1.13,0.034,0.093,0.029,0.088,89,70.34
"2025-06-14 08:00:00",703,12.72,424,0,0.06,0.84,2.07,0.07,0.172,0.071,0.171,79.82,73.81
"2025-06-14 08:30:00",704,12.72,424,0,0.059,0.8,2.07,0.066,0.171,0.064,0.174,90.4,74.59
"2025-06-14 09:00:00",705,12.72,424,0,0.075,1.12,2.52,0.093,0.209,0.091,0.203,84.8,72.43
"2025-06-14 09:30:00",706,12.72,424,0,0.097,1.53,3.15,0.126,0.261,0.128,0.263,80.1,72.37
"2025-06-14 10:00:00",707,12.72,424,0,0.095,1.47,3.11,0.121,0.257,0.123,0.255,93.3,72.63
"2025-06-14 10:30:00",708,12.71,424,0,0.131,2.1,4.17,0.174,0.345,0.186,0.346,92.1,75.99
"2025-06-14 11:00:00",709,12.73,424,0,0.166,2.72,5.23,0.225,0.432,0.235,0.435,92.5,79.46
"2025-06-14 11:30:00",710,12.73,424,0,0.177,2.9,5.58,0.239,0.461,0.258,0.459,90.6,81.3
"2025-06-14 12:00:00",711,12.73,424,0,0.2,3.39,6.14,0.281,0.507,0.295,0.512,91.1,82.3
"2025-06-14 12:30:00",712,12.74,424,0,0.215,3.54,6.7,0.293,0.553,0.312,0.549,88,79.49
"2025-06-14 13:00:00",713,12.73,424,0,0.239,4.24,7.06,0.351,0.583,0.374,0.568,87.8,78.3
"2025-06-14 13:30:00",714,12.74,424,0,0.219,3.57,6.86,0.295,0.568,0.311,0.549,82,76.54
"2025-06-14 14:00:00",715,12.74,424,0,0.231,3.8,7.21,0.314,0.596,0.353,0.586,95.2,80.6
"2025-06-14 14:30:00",716,12.74,424,0,0.235,4.26,6.82,0.352,0.564,0.374,0.56,90,79.2
"2025-06-14 15:00:00",717,12.74,424,0,0.25,4.51,7.3,0.373,0.603,0.398,0.596,90.8,78.71
"2025-06-14 15:30:00",718,12.75,424,0,0.254,4.55,7.44,0.376,0.615,0.395,0.605,84.2,78.44
"2025-06-14 16:00:00",719,12.75,424,0,0.26,4.55,7.73,0.376,0.639,0.399,0.619,88.3,78.04
"2025-06-14 16:30:00",720,12.75,424,0,0.261,4.76,7.52,0.394,0.621,0.407,0.592,81.9,74.63
"2025-06-14 17:00:00",721,12.75,424,0,0.248,4.38,7.34,0.362,0.607,0.379,0.578,84.9,73.37
"2025-06-14 17:30:00",722,12.74,424,0,0.18,3.17,5.38,0.262,0.444,0.268,0.42,76.24,69.73
"2025-06-14 18:00:00",723,12.74,424,0,0.136,2.24,4.23,0.185,0.35,0.201,0.332,86.2,69.29
"2025-06-14 18:30:00",724,12.74,424,0,0.095,1.41,3.18,0.117,0.262,0.124,0.25,81.7,65.87
"2025-06-14 19:00:00",725,12.74,424,0,0.075,1.08,2.56,0.09,0.212,0.088,0.205,84.4,66.31
"2025-06-14 19:30:00",726,12.73,424,0,0.062,0.97,2.02,0.08,0.167,0.079,0.165,73.64,67.14
"2025-06-14 20:00:00",727,12.73,424,0,0.046,0.55,1.75,0.045,0.145,0.053,0.143,85.9,64.52
"2025-06-14 20:30:00",728,12.73,424,0,0.047,0.74,1.53,0.062,0.127,0.06,0.125,84,62.82
"2025-06-14 21:00:00",729,12.73,424,0,0.042,0.62,1.41,0.051,0.117,0.05,0.115,71.58,61.8
"2025-06-14 21:30:00",730,12.72,424,0,0.035,0.41,1.32,0.034,0.108,0.042,0.107,88,61.59
"2025-06-14 22:00:00",731,12.72,424,0,0.035,0.55,1.16,0.046,0.097,0.036,0.096,77.51,63.43
"2025-06-14 22:30:00",732,12.72,424,0,0.031,0.42,1.09,0.035,0.091,0.027,0.09,83.3,65.2
"2025-06-14 23:00:00",733,12.71,424,0,0.032,0.46,1.11,0.038,0.091,0.045,0.099,108.1,64.19
"2025-06-14 23:30:00",734,12.7,424,0,0.024,0.34,0.83,0.028,0.069,0.023,0.077,72.24,65.74
"2025-06-15 00:00:00",735,12.7,424,0,0.026,0.36,0.92,0.03,0.077,0.037,0.076,84.8,65.69
"2025-06-15 00:30:00",736,12.7,424,0,0.017,0.11,0.77,0.009,0.063,0.009,0.063,88.8,64.87
"2025-06-15 01:00:00",737,12.7,424,0,0.032,0.67,0.84,0.056,0.07,0.055,0.073,76.28,63.97
"2025-06-15 01:30:00",738,12.69,424,0,0.021,0.28,0.76,0.023,0.063,0.013,0.063,81.6,64.79
"2025-06-15 02:00:00",739,12.69,424,0,0.023,0.36,0.74,0.031,0.062,0.026,0.061,85.7,65.81
"2025-06-15 02:30:00",740,12.69,424,0,0.013,0,0.73,0,0.06,0,0.059,94.3,66.05
"2025-06-15 03:00:00",741,12.68,424,0,0.012,-0.02,0.7,-0.004,0.058,-0.012,0.062,80.5,65.37
"2025-06-15 03:30:00",742,12.68,424,0,0.015,0.14,0.64,0.012,0.053,0.008,0.053,79.51,68.22
"2025-06-15 04:00:00",743,12.68,424,0,0.012,0,0.64,0,0.054,-0.004,0.053,85.8,66.44
"2025-06-15 04:30:00",744,12.67,424,0,0.019,0.28,0.66,0.023,0.055,0.018,0.058,74.27,65.75
"2025-06-15 05:00:00",745,12.67,424,0,0.011,-0.03,0.66,-0.004,0.055,-0.012,0.054,78.5,67.96
"2025-06-15 05:30:00",746,12.68,424,0,0.018,0.24,0.66,0.02,0.054,0.012,0.054,79.32,66.76
"2025-06-15 06:00:00",747,12.67,424,0,0.016,0.18,0.64,0.015,0.053,0.008,0.053,81.9,66.32
"2025-06-15 06:30:00",748,12.67,424,0,0.007,-0.17,0.64,-0.017,0.054,-0.016,0.053,88.5,66.63
"2025-06-15 07:00:00",749,12.68,424,0,0.017,0.2,0.69,0.016,0.057,0.008,0.057,78.06,67.52
"2025-06-15 07:30:00",750,12.67,424,0,0.021,0.29,0.76,0.024,0.063,0.024,0.062,66.7,66.76
"2025-06-15 08:00:00",751,12.67,424,0,0.023,0.34,0.78,0.028,0.065,0.023,0.064,84.4,68.03
"2025-06-15 08:30:00",752,12.67,424,0,0.021,0.24,0.84,0.02,0.069,0.015,0.073,86.8,70.24
"2025-06-15 09:00:00",753,12.67,424,0,0.026,0.24,1.08,0.019,0.089,0.019,0.084,87.4,72.52
"2025-06-15 09:30:00",754,12.67,424,0,0.042,0.66,1.36,0.054,0.112,0.049,0.112,83.7,69.1
"2025-06-15 10:00:00",755,12.67,424,0,0.056,0.88,1.82,0.073,0.15,0.072,0.153,72.26,73.59
"2025-06-15 10:30:00",756,12.67,424,0,0.065,0.99,2.13,0.082,0.176,0.079,0.17,84,71.71
"2025-06-15 11:00:00",757,12.68,424,0,0.073,1.2,2.3,0.099,0.19,0.105,0.188,85.5,73.22
"2025-06-15 11:30:00",758,12.67,424,0,0.082,1.37,2.52,0.114,0.208,0.112,0.207,85,72.21
"2025-06-15 12:00:00",759,12.68,424,0,0.104,1.61,3.42,0.133,0.282,0.143,0.287,86.3,79.54
"2025-06-15 12:30:00",760,12.68,424,0,0.128,2.13,3.96,0.176,0.327,0.187,0.336,87.8,79.24
"2025-06-15 13:00:00",761,12.68,424,0,0.13,2.03,4.19,0.168,0.346,0.184,0.351,88.7,77.39
"2025-06-15 13:30:00",762,12.68,424,0,0.132,2.14,4.15,0.177,0.343,0.182,0.34,82.7,73.17
"2025-06-15 14:00:00",763,12.68,424,0,0.132,2.27,3.98,0.187,0.328,0.194,0.326,84.5,76.02
"2025-06-15 14:30:00",764,12.68,424,0,0.134,2.23,4.15,0.184,0.343,0.19,0.34,88,75.39
"2025-06-15 15:00:00",765,12.69,424,0,0.171,2.98,5.11,0.247,0.422,0.259,0.426,84.3,79.82
"2025-06-15 15:30:00",766,12.69,424,0,0.175,3.03,5.25,0.25,0.434,0.262,0.437,86.8,79.25
"2025-06-15 16:00:00",767,12.67,424,0,0.14,2.37,4.29,0.195,0.354,0.202,0.351,85.6,75.01
"2025-06-15 16:30:00",768,12.69,424,0,0.111,1.86,3.42,0.154,0.282,0.156,0.271,79.3,69.51
"2025-06-15 17:00:00",769,12.68,424,0,0.09,1.44,2.9,0.12,0.24,0.118,0.232,70.89,69.94
"2025-06-15 17:30:00",770,12.69,424,0,0.072,1.12,2.35,0.093,0.195,0.094,0.189,81.2,67.34
"2025-06-15 18:00:00",771,12.69,424,0,0.065,0.99,2.17,0.082,0.179,0.084,0.177,83.5,68.41
"2025-06-15 18:30:00",772,12.69,424,0,0.063,0.95,2.07,0.079,0.171,0.081,0.165,83.7,68.41
"2025-06-15 19:00:00",773,12.68,424,0,0.052,0.76,1.79,0.063,0.148,0.066,0.146,82.7,67.58
"2025-06-15 19:30:00",774,12.67,424,0,0.039,0.55,1.39,0.046,0.115,0.041,0.114,73.07,68.33
"2025-06-15 20:00:00",775,12.67,424,0,0.029,0.29,1.18,0.024,0.097,0.02,0.096,84.6,67.5
"2025-06-15 20:30:00",776,12.67,424,0,0.033,0.53,1.05,0.044,0.087,0.043,0.091,75.13,65.86
"2025-06-15 21:00:00",777,12.66,424,0,0.015,0,0.84,0,0.069,-0.004,0.073,75.77,66.75
"2025-06-15 21:30:00",778,12.66,424,0,0.021,0.24,0.83,0.02,0.068,0.008,0.063,84.7,65.6
"2025-06-15 22:00:00",779,12.67,424,0,0.017,0.14,0.76,0.012,0.063,0.004,0.063,82.3,69.2
"2025-06-15 22:30:00",780,12.66,424,0,0.021,0.29,0.77,0.025,0.064,0.02,0.063,84.9,67.81
"2025-06-15 23:00:00",781,12.66,424,0,0.018,0.18,0.73,0.016,0.06,0.008,0.064,83.2,66.85
"2025-06-15 23:30:00",782,12.66,424,0,0.015,0.1,0.7,0.008,0.058,0.004,0.058,75.19,67.68
"2025-06-16 00:00:00",783,12.65,424,0,0.015,0.15,0.6,0.012,0.049,0.008,0.053,82.8,66.74
"2025-06-16 00:30:00",784,12.66,424,0,0.013,0.06,0.64,0.004,0.053,0.004,0.053,84.4,66.3
"2025-06-16 01:00:00",785,12.66,424,0,0.019,0.25,0.7,0.02,0.058,0.008,0.053,85.7,66.86
"2025-06-16 01:30:00",786,12.66,424,0,0.017,0.21,0.64,0.017,0.054,0.017,0.053,79.79,67.74
"2025-06-16 02:00:00",787,12.66,424,0,0.016,0.2,0.59,0.017,0.048,0.008,0.052,83.9,67.57
"2025-06-16 02:30:00",788,12.66,424,0,0.013,0.1,0.59,0.008,0.048,0,0.048,82.3,68.7
"2025-06-16 03:00:00",789,12.66,424,0,0.015,0.2,0.57,0.016,0.048,0.008,0.043,82.8,67.24
"2025-06-16 03:30:00",790,12.66,424,0,0.011,0.06,0.53,0.004,0.044,-0.004,0.048,85.7,65.86
"2025-06-16 04:00:00",791,12.66,424,0,0.013,0.1,0.59,0.008,0.048,0.004,0.052,78.48,69.71
"2025-06-16 04:30:00",792,12.66,424,0,0.013,0.14,0.53,0.012,0.044,0,0.048,83.9,69.28
"2025-06-16 05:00:00",793,12.66,424,0,0.013,0.1,0.57,0.008,0.048,0,0.048,79.23,67.68
"2025-06-16 05:30:00",794,12.66,424,0,0.013,0.1,0.59,0.008,0.049,0,0.044,82.3,67.49
"2025-06-16 06:00:00",795,12.66,424,0,0.011,0.06,0.53,0.004,0.044,-0.004,0.044,80.7,68.7
"2025-06-16 06:30:00",796,12.65,424,0,0.011,0.04,0.53,0.004,0.044,0,0.048,81.9,68.56
"2025-06-16 07:00:00",797,12.65,424,0,0.013,0.1,0.59,0.008,0.049,-0.004,0.048,84.2,69.39
"2025-06-16 07:30:00",798,12.65,424,0,0.011,0,0.59,0,0.049,-0.004,0.049,81.1,68.83
"2025-06-16 08:00:00",799,12.63,424,0,0.02,0.25,0.76,0.021,0.062,0.012,0.066,88.7,70.08
"2025-06-16 08:30:00",800,12.65,424,0,0.021,0.14,0.94,0.012,0.077,0.004,0.072,86.8,70.22
"2025-06-16 09:00:00",801,12.66,424,0,0.027,0.38,0.94,0.031,0.078,0.03,0.077,84.9,69.28
"2025-06-16 09:30:00",802,12.66,424,0,0.031,0.48,1.05,0.039,0.087,0.03,0.087,84.9,71.81
"2025-06-16 10:00:00",803,12.66,424,0,0.034,0.56,1.11,0.046,0.091,0.042,0.091,80.8,70.48
"2025-06-16 10:30:00",804,12.66,424,0,0.038,0.52,1.34,0.043,0.112,0.042,0.111,88.5,69.61
"2025-06-16 11:00:00",805,12.66,424,0,0.056,0.88,1.82,0.072,0.15,0.07,0.153,89.8,74.16
"2025-06-16 11:30:00",806,12.66,424,0,0.055,0.81,1.88,0.067,0.155,0.073,0.153,83.9,71.62
"2025-06-16 12:00:00",807,12.66,424,0,0.069,1.11,2.2,0.091,0.182,0.092,0.185,87.5,74.97
"2025-06-16 12:30:00",808,12.66,424,0,0.107,1.72,3.4,0.143,0.281,0.148,0.293,108.9,82.2
"2025-06-16 13:00:00",809,12.67,424,0,0.136,2.37,4.09,0.195,0.338,0.211,0.347,85.9,79.43
"2025-06-16 13:30:00",810,12.67,424,0,0.144,2.41,4.43,0.199,0.366,0.216,0.37,88.3,76.26
"2025-06-16 14:00:00",811,12.67,424,0,0.128,2.13,3.98,0.176,0.328,0.187,0.326,85.4,73.82
"2025-06-16 14:30:00",812,12.66,424,0,0.111,1.81,3.49,0.149,0.288,0.159,0.285,82.1,72.29
"2025-06-16 15:00:00",813,12.66,424,0,0.099,1.6,3.12,0.132,0.258,0.141,0.256,84.8,73.24
"2025-06-16 15:30:00",814,12.66,424,0,0.087,1.33,2.87,0.11,0.238,0.118,0.236,84.3,75.25
"2025-06-16 16:00:00",815,12.66,424,0,0.088,1.39,2.87,0.114,0.237,0.12,0.24,84,71.72
"2025-06-16 16:30:00",816,12.66,424,0,0.081,1.26,2.62,0.104,0.216,0.105,0.215,81.2,70.63
"2025-06-16 17:00:00",817,12.66,424,0,0.077,1.22,2.51,0.101,0.207,0.102,0.206,83,72.47
"2025-06-16 17:30:00",818,12.66,424,0,0.07,1.02,2.37,0.085,0.196,0.083,0.194,80.7,71.15
"2025-06-16 18:00:00",819,12.64,424,0,0.06,0.84,2.09,0.07,0.172,0.073,0.171,81.2,70.89
"2025-06-16 18:30:00",820,12.65,424,0,0.055,0.81,1.86,0.067,0.153,0.073,0.157,82.4,69.87
"2025-06-16 19:00:00",821,12.63,424,0,0.052,0.77,1.75,0.064,0.145,0.059,0.144,81.2,69.42
"2025-06-16 19:30:00",822,12.64,424,0,0.04,0.56,1.4,0.047,0.116,0.046,0.111,81.9,67.78
"2025-06-16 20:00:00",823,12.63,424,0,0.031,0.46,1.05,0.039,0.087,0.033,0.087,79.9,67.84
"2025-06-16 20:30:00",824,12.64,424,0,0.026,0.32,0.95,0.026,0.079,0.026,0.078,80.5,65.89
"2025-06-16 21:00:00",825,12.65,424,0,0.024,0.29,0.88,0.025,0.073,0.02,0.068,80.4,67.58
"2025-06-16 21:30:00",826,12.65,424,0,0.018,0.15,0.77,0.012,0.063,0.012,0.063,72.81,67.32
"2025-06-16 22:00:00",827,12.65,424,0,0.016,0.1,0.76,0.008,0.063,0.008,0.067,85,67.65
"2025-06-16 22:30:00",828,12.65,424,0,0.02,0.24,0.77,0.02,0.063,0.012,0.063,83.6,68.03
"2025-06-16 23:00:00",829,12.65,424,0,0.018,0.2,0.7,0.016,0.058,0.012,0.058,79.89,67.58
"2025-06-16 23:30:00",830,12.64,424,0,0.019,0.31,0.64,0.025,0.054,0.021,0.053,81.1,67.01
"2025-06-17 00:00:00",831,12.64,424,0,0.012,0.04,0.6,0.004,0.05,0,0.054,83.3,67.5
"2025-06-17 00:30:00",832,12.64,424,0,0.011,0,0.6,0,0.049,-0.008,0.049,80.7,66.87
"2025-06-17 01:00:00",833,12.64,424,0,0.016,0.2,0.6,0.017,0.05,0.008,0.05,80.9,66.87
"2025-06-17 01:30:00",834,12.64,424,0,0.013,0.06,0.66,0.004,0.055,0,0.05,80.9,68.57
"2025-06-17 02:00:00",835,12.64,424,0,0.018,0.27,0.6,0.022,0.05,0.013,0.049,85.4,67.5
"2025-06-17 02:30:00",836,12.64,424,0,0.01,0,0.55,0,0.045,-0.008,0.045,83.4,68.57
"2025-06-17 03:00:00",837,12.64,424,0,0.011,0.1,0.49,0.008,0.04,0,0.04,81.8,70.47
"2025-06-17 03:30:00",838,12.63,424,0,0.01,0.04,0.49,0.004,0.04,0,0.044,83.5,69.66
"2025-06-17 04:00:00",839,12.63,424,0,0.011,0.06,0.55,0.004,0.045,0.004,0.049,77.94,66.64
"2025-06-17 04:30:00",840,12.63,424,0,0.011,0.1,0.49,0.008,0.041,0.004,0.045,79.5,70.48
"2025-06-17 05:00:00",841,12.63,424,0,0.01,0.04,0.48,0.004,0.04,-0.004,0.04,82.6,70.79
"2025-06-17 05:30:00",842,12.63,424,0,0.011,0.1,0.49,0.008,0.04,0,0.04,82.6,67.56
"2025-06-17 06:00:00",843,12.63,424,0,0.014,0.15,0.55,0.012,0.045,0.004,0.049,81.8,69.02
"2025-06-17 06:30:00",844,12.63,424,0,0.011,0.04,0.55,0.004,0.045,0,0.044,77.98,68.7
"2025-06-17 07:00:00",845,12.63,424,0,0.014,0.15,0.59,0.012,0.049,0.004,0.049,82,67.89
"2025-06-17 07:30:00",846,12.63,424,0,0.016,0.14,0.7,0.012,0.058,0.004,0.053,81.3,68.78
"2025-06-17 08:00:00",847,12.63,424,0,0.019,0.14,0.84,0.012,0.07,0.008,0.065,85.1,70.01
"2025-06-17 08:30:00",848,12.63,424,0,0.032,0.42,1.15,0.035,0.095,0.034,0.099,84.9,72.83
"2025-06-17 09:00:00",849,12.63,424,0,0.05,0.78,1.65,0.065,0.136,0.063,0.14,88.5,73.15
"2025-06-17 09:30:00",850,12.63,424,0,0.064,0.91,2.23,0.076,0.185,0.076,0.188,93.5,75.88
"2025-06-17 10:00:00",851,12.63,424,0,0.096,1.54,3.07,0.128,0.253,0.137,0.26,85,75.96
"2025-06-17 10:30:00",852,12.64,424,0,0.16,2.59,5.07,0.214,0.419,0.226,0.425,85,79.5
"2025-06-17 11:00:00",853,12.64,424,0,0.182,3.25,5.35,0.268,0.442,0.276,0.453,97,83.7
"2025-06-17 11:30:00",854,12.65,424,0,0.202,3.57,5.97,0.296,0.493,0.312,0.498,97.1,81.5
"2025-06-17 12:00:00",855,12.64,424,0,0.17,2.91,5.18,0.241,0.428,0.251,0.426,84,77.73
"2025-06-17 12:30:00",856,12.63,424,0,0.155,2.56,4.83,0.212,0.4,0.224,0.391,83.9,74.08
"2025-06-17 13:00:00",857,12.66,424,0,0.131,2.12,4.16,0.175,0.344,0.189,0.344,93.1,76.99
"2025-06-17 13:30:00",858,12.66,424,0,0.13,2.16,4.03,0.178,0.334,0.189,0.326,84.1,76.11
"2025-06-17 14:00:00",859,12.65,424,0,0.141,2.38,4.34,0.197,0.359,0.209,0.359,87.3,78.5
"2025-06-17 14:30:00",860,12.66,424,0,0.175,3.04,5.28,0.251,0.436,0.274,0.443,90.7,83.1
"2025-06-17 15:00:00",861,12.66,424,0,0.18,3.15,5.39,0.26,0.446,0.277,0.44,84,77.25
"2025-06-17 15:30:00",862,12.64,424,0,0.153,2.59,4.69,0.214,0.388,0.225,0.388,83.5,75.27
