"TOA5","CR300Series_501","CR300","27030","CR300-RF407.Std.10.03","CPU:CR300_sapflow.CR300","32345","Table2"
"TIMESTAMP","RECORD","BattV_Min","id","SDI1","SapFlwTot1","VhOuter1","VhInner1","AlphaOut1","AlphaIn1","BetaOut1","BetaIn1","tMaxTout1","tMaxTin1"
"TS","RN","Volts","","","literPerHour","heatVelocity","heatVelocity","logTRatio","logTRatio","logTRatio","logTRatio","second","second"
"","","Min","Smp","Smp","Smp","Smp","Smp","Smp","Smp","Smp","Smp","Smp","Smp"
"2024-10-31 16:00:00",8203,13.04,1,1,3.582,4.88,6.38,0.432,0.565,0.358,0.307,54.9,44.01
"2024-10-31 16:30:00",8204,12.94,1,1,3.382,4.63,6,0.41,0.531,0.339,0.283,53.95,42.89
"2024-10-31 17:00:00",8205,12.93,1,1,2.965,4.02,5.3,0.355,0.469,0.293,0.245,54.65,42.66
"2024-10-31 17:30:00",8206,12.94,1,1,2.542,3.46,4.53,0.306,0.401,0.252,0.205,55.68,42.55
"2024-10-31 18:00:00",8207,12.94,1,1,2.023,2.72,3.64,0.241,0.323,0.194,0.152,53.88,41.32
"2024-10-31 18:30:00",8208,12.95,1,1,1.615,2.12,2.96,0.188,0.262,0.15,0.119,53.27,40.71
"2024-10-31 19:00:00",8209,12.95,1,1,1.389,1.81,2.56,0.16,0.227,0.125,0.098,54.72,39.5
"2024-10-31 19:30:00",8210,12.95,1,1,1.176,1.48,2.22,0.131,0.196,0.097,0.08,53.07,40.5
"2024-10-31 20:00:00",8211,12.95,1,1,0.998,1.24,1.9,0.11,0.168,0.084,0.064,53.89,40.24
"2024-10-31 20:30:00",8212,12.94,1,1,0.873,1.04,1.71,0.092,0.151,0.07,0.053,51.15,38.73
"2024-10-31 21:00:00",8213,12.95,1,1,0.765,0.86,1.55,0.076,0.137,0.058,0.046,53.43,38.63
"2024-10-31 21:30:00",8214,12.94,1,1,0.695,0.8,1.39,0.071,0.123,0.048,0.037,52.51,39.52
"2024-10-31 22:00:00",8215,12.94,1,1,0.625,0.65,1.32,0.058,0.116,0.04,0.034,51.99,40.92
"2024-10-31 22:30:00",8216,12.94,1,1,0.539,0.54,1.16,0.048,0.103,0.034,0.025,51.93,38.53
"2024-10-31 23:00:00",8217,12.94,1,1,0.484,0.43,1.1,0.038,0.097,0.022,0.023,51.68,38.54
"2024-10-31 23:30:00",8218,12.94,1,1,0.446,0.37,1.04,0.033,0.092,0.019,0.023,51.86,38.87
"2024-11-01 00:00:00",8219,12.94,1,1,0.424,0.37,0.97,0.033,0.086,0.019,0.016,52.99,38.91
"2024-11-01 00:30:00",8220,12.95,1,1,0.434,0.4,0.97,0.035,0.086,0.021,0.014,52.22,39.24
"2024-11-01 01:00:00",8221,12.95,1,1,0.415,0.37,0.94,0.033,0.083,0.019,0.014,52.51,39.1
"2024-11-01 01:30:00",8222,12.95,1,1,0.386,0.31,0.91,0.028,0.08,0.014,0.014,53.04,38.65
"2024-11-01 02:00:00",8223,12.95,1,1,0.405,0.37,0.91,0.033,0.081,0.015,0.014,50.51,38.76
"2024-11-01 02:30:00",8224,12.94,1,1,0.38,0.32,0.88,0.028,0.078,0.012,0.011,52.99,38.07
"2024-11-01 03:00:00",8225,12.94,1,1,0.37,0.32,0.85,0.028,0.076,0.015,0.012,54.26,38.77
"2024-11-01 03:30:00",8226,12.94,1,1,0.341,0.26,0.82,0.023,0.073,0.007,0.007,52.72,38.49
"2024-11-01 04:00:00",8227,12.94,1,1,0.332,0.26,0.79,0.023,0.07,0.01,0.007,51.83,39.68
"2024-11-01 04:30:00",8228,12.94,1,1,0.332,0.26,0.79,0.023,0.07,0.01,0.005,52.11,37.72
"2024-11-01 05:00:00",8229,12.94,1,1,0.303,0.2,0.76,0.018,0.067,0.002,0.005,52.63,38.55
"2024-11-01 05:30:00",8230,12.94,1,1,0.323,0.26,0.76,0.023,0.067,0.01,0.005,52.43,38.87
"2024-11-01 06:00:00",8231,12.94,1,1,0.262,0.17,0.66,0.015,0.059,0.005,0.002,52.52,38.29
"2024-11-01 06:30:00",8232,12.94,1,1,0.281,0.2,0.69,0.018,0.061,0.002,0.002,52.74,39.33
"2024-11-01 07:00:00",8233,12.94,1,1,0.234,0.14,0.6,0.013,0.053,0,-0.005,51.76,38.09
"2024-11-01 07:30:00",8234,12.94,1,1,0.262,0.2,0.63,0.018,0.056,0.005,-0.002,53.69,38.62
"2024-11-01 08:00:00",8235,12.94,1,1,0.539,0.54,1.16,0.048,0.102,0.026,0.025,53.99,39.75
"2024-11-01 08:30:00",8236,12.93,1,1,0.825,0.92,1.68,0.082,0.149,0.059,0.053,53.11,39.54
"2024-11-01 09:00:00",8237,12.93,1,1,1.219,1.44,2.4,0.128,0.212,0.103,0.095,55.23,39.33
"2024-11-01 09:30:00",8238,12.94,1,1,1.464,1.81,2.8,0.16,0.248,0.131,0.117,54.38,41.81
"2024-11-01 10:00:00",8239,12.94,1,1,1.662,2.09,3.14,0.185,0.278,0.155,0.135,54.95,40.87
"2024-11-01 10:30:00",8240,12.94,1,1,2.072,2.67,3.85,0.236,0.341,0.198,0.173,54.36,42.36
"2024-11-01 11:00:00",8241,12.94,1,1,2.607,3.43,4.77,0.304,0.422,0.26,0.226,55.8,43.65
"2024-11-01 11:30:00",8242,12.94,1,1,2.852,3.78,5.19,0.335,0.459,0.278,0.235,56.44,44.96
"2024-11-01 12:00:00",8243,12.94,1,1,2.919,3.88,5.3,0.344,0.469,0.284,0.25,54.46,43.56
"2024-11-01 12:30:00",8244,12.95,1,1,2.474,3.29,4.49,0.291,0.398,0.244,0.207,54.82,42.51
"2024-11-01 13:00:00",8245,12.95,1,1,2.451,3.23,4.48,0.286,0.396,0.238,0.205,54.36,42.63
"2024-11-01 13:30:00",8246,12.95,1,1,2.614,3.49,4.73,0.309,0.419,0.255,0.219,55.85,42.3
"2024-11-01 14:00:00",8247,12.95,1,1,2.811,3.72,5.12,0.329,0.453,0.277,0.239,55.36,44.05
"2024-11-01 14:30:00",8248,12.95,1,1,3.053,4.08,5.52,0.361,0.488,0.303,0.261,54.13,43.07
"2024-11-01 15:00:00",8249,12.95,1,1,3.295,4.39,5.97,0.389,0.528,0.325,0.285,54.84,42.95
"2024-11-01 15:30:00",8250,12.95,1,1,3.54,4.74,6.39,0.42,0.565,0.353,0.304,54.49,43.59
"2024-11-01 16:00:00",8251,12.95,1,1,3.597,4.83,6.48,0.427,0.573,0.359,0.313,54.42,43.37
"2024-11-01 16:30:00",8252,12.95,1,1,3.499,4.73,6.27,0.419,0.555,0.348,0.295,54.35,44.12
"2024-11-01 17:00:00",8253,12.95,1,1,3.187,4.29,5.73,0.379,0.507,0.314,0.264,54.08,42.6
"2024-11-01 17:30:00",8254,12.95,1,1,2.656,3.6,4.75,0.319,0.42,0.259,0.214,54.46,42.73
"2024-11-01 18:00:00",8255,12.95,1,1,2.061,2.77,3.71,0.245,0.328,0.198,0.159,53.78,41.06
"2024-11-01 18:30:00",8256,12.95,1,1,1.616,2.16,2.92,0.191,0.258,0.15,0.117,53.19,39.94
"2024-11-01 19:00:00",8257,12.94,1,1,1.297,1.66,2.42,0.147,0.214,0.112,0.087,52.46,40.15
"2024-11-01 19:30:00",8258,12.94,1,1,1.052,1.34,1.97,0.118,0.175,0.087,0.067,53.36,39.38
"2024-11-01 20:00:00",8259,12.94,1,1,0.883,1.07,1.71,0.095,0.152,0.07,0.053,53.22,38.97
"2024-11-01 20:30:00",8260,12.93,1,1,0.781,0.93,1.53,0.083,0.135,0.056,0.042,52.68,39.53
"2024-11-01 21:00:00",8261,12.93,1,1,0.686,0.79,1.37,0.07,0.121,0.049,0.032,52.8,38.97
"2024-11-01 21:30:00",8262,12.93,1,1,0.609,0.67,1.25,0.059,0.11,0.037,0.028,52.27,39.01
"2024-11-01 22:00:00",8263,12.93,1,1,0.558,0.58,1.18,0.051,0.105,0.032,0.026,52.12,38.45
"2024-11-01 22:30:00",8264,12.92,1,1,0.514,0.53,1.09,0.047,0.096,0.027,0.023,51.72,38.3
"2024-11-01 23:00:00",8265,12.92,1,1,0.575,0.68,1.13,0.06,0.1,0.034,0.023,51.91,38.35
"2024-11-01 23:30:00",8266,12.92,1,1,0.465,0.41,1.06,0.036,0.094,0.02,0.021,52.22,38.81
"2024-11-02 00:00:00",8267,12.92,1,1,0.481,0.46,1.06,0.041,0.094,0.027,0.019,54.01,38.68
"2024-11-02 00:30:00",8268,12.91,1,1,0.521,0.61,1.03,0.054,0.091,0.032,0.019,53.39,38.57
"2024-11-02 01:00:00",8269,12.91,1,1,0.434,0.41,0.96,0.036,0.085,0.02,0.014,52,38.32
"2024-11-02 01:30:00",8270,12.91,1,1,0.47,0.55,0.93,0.049,0.083,0.027,0.012,52.12,38.54
"2024-11-02 02:00:00",8271,12.91,1,1,0.405,0.38,0.9,0.034,0.079,0.017,0.012,51.85,39.26
"2024-11-02 02:30:00",8272,12.91,1,1,0.447,0.47,0.94,0.041,0.083,0.024,0.014,52.26,38.43
"2024-11-02 03:00:00",8273,12.91,1,1,0.396,0.41,0.84,0.036,0.074,0.02,0.009,51.09,38.49
"2024-11-02 03:30:00",8274,12.9,1,1,0.412,0.46,0.84,0.041,0.074,0.017,0.009,52.28,38.7
"2024-11-02 04:00:00",8275,12.9,1,1,0.374,0.41,0.77,0.036,0.068,0.017,0.007,51.68,38.52
"2024-11-02 04:30:00",8276,12.9,1,1,0.358,0.35,0.78,0.031,0.069,0.012,0.007,52.23,38.39
"2024-11-02 05:00:00",8277,12.89,1,1,0.336,0.35,0.71,0.031,0.063,0.015,0.002,51.6,38.18
"2024-11-02 05:30:00",8278,12.89,1,1,0.316,0.26,0.74,0.023,0.066,0.01,0.005,52.27,37.6
"2024-11-02 06:00:00",8279,12.89,1,1,0.297,0.26,0.68,0.023,0.06,0.005,0,52.95,38.7
"2024-11-02 06:30:00",8280,12.88,1,1,0.307,0.29,0.68,0.026,0.06,0.01,0.002,52.32,37.91
"2024-11-02 07:00:00",8281,12.88,1,1,0.291,0.27,0.65,0.024,0.057,0.01,-0.002,50.74,38.56
"2024-11-02 07:30:00",8282,12.88,1,1,0.288,0.26,0.65,0.023,0.057,0.01,-0.002,51.66,37.66
"2024-11-02 08:00:00",8283,12.87,1,1,0.326,0.29,0.74,0.025,0.065,0.012,0.002,52.14,38.29
"2024-11-02 08:30:00",8284,12.87,1,1,0.628,0.68,1.3,0.06,0.115,0.043,0.032,53.54,39.7
"2024-11-02 09:00:00",8285,12.87,1,1,1.001,1.26,1.89,0.112,0.167,0.085,0.067,55.7,40.35
"2024-11-02 09:30:00",8286,12.87,1,1,1.162,1.36,2.3,0.12,0.204,0.098,0.092,53.4,41.23
"2024-11-02 10:00:00",8287,12.87,1,1,1.691,2.21,3.11,0.195,0.275,0.161,0.135,55.78,40.96
"2024-11-02 10:30:00",8288,12.87,1,1,2.08,2.79,3.75,0.247,0.332,0.206,0.166,57.26,42.33
"2024-11-02 11:00:00",8289,12.88,1,1,2.312,3.06,4.21,0.271,0.373,0.228,0.196,57.02,43.19
"2024-11-02 11:30:00",8290,12.87,1,1,2.621,3.53,4.71,0.312,0.417,0.256,0.214,52.55,43.14
"2024-11-02 12:00:00",8291,12.87,1,1,2.973,3.91,5.44,0.346,0.481,0.294,0.26,56.63,42.65
"2024-11-02 12:30:00",8292,12.88,1,1,3.353,4.56,5.98,0.403,0.529,0.336,0.285,55.81,43.65
"2024-11-02 13:00:00",8293,12.89,1,1,3.464,4.69,6.2,0.415,0.549,0.35,0.298,54.92,43.43
"2024-11-02 13:30:00",8294,12.89,1,1,3.451,4.68,6.17,0.414,0.546,0.342,0.29,54.83,43.91
"2024-11-02 14:00:00",8295,12.89,1,1,3.47,4.7,6.21,0.416,0.55,0.342,0.294,54.67,45
"2024-11-02 14:30:00",8296,12.89,1,1,3.413,4.64,6.09,0.411,0.539,0.344,0.288,54.58,43.25
"2024-11-02 15:00:00",8297,12.89,1,1,3.531,4.84,6.26,0.428,0.554,0.358,0.295,55.66,43.24
"2024-11-02 15:30:00",8298,12.89,1,1,3.426,4.64,6.13,0.411,0.542,0.343,0.288,55.96,43.38
"2024-11-02 16:00:00",8299,12.89,1,1,3.092,4.2,5.52,0.372,0.489,0.31,0.26,55.49,43.32
"2024-11-02 16:30:00",8300,12.89,1,1,2.984,4.04,5.34,0.357,0.473,0.293,0.248,54.3,42.56
"2024-11-02 17:00:00",8301,12.89,1,1,2.774,3.81,4.91,0.337,0.434,0.278,0.223,54.56,42.66
"2024-11-02 17:30:00",8302,12.88,1,1,2.396,3.29,4.24,0.291,0.375,0.234,0.188,53.76,42.01
"2024-11-02 18:00:00",8303,12.88,1,1,1.927,2.6,3.46,0.23,0.307,0.182,0.145,53.19,41.02
"2024-11-02 18:30:00",8304,12.88,1,1,1.578,2.17,2.79,0.192,0.247,0.148,0.106,52.65,40.49
"2024-11-02 19:00:00",8305,12.88,1,1,1.304,1.77,2.33,0.157,0.206,0.117,0.084,52.82,38.83
"2024-11-02 19:30:00",8306,12.88,1,1,1.043,1.38,1.9,0.122,0.168,0.093,0.063,52.32,39.73
"2024-11-02 20:00:00",8307,12.88,1,1,0.906,1.17,1.68,0.104,0.149,0.076,0.051,53.04,39.2
"2024-11-02 20:30:00",8308,12.87,1,1,0.81,1.03,1.52,0.091,0.135,0.064,0.042,52.68,38.84
"2024-11-02 21:00:00",8309,12.87,1,1,0.731,0.91,1.39,0.08,0.123,0.059,0.035,52.79,39.21
"2024-11-02 21:30:00",8310,12.86,1,1,0.587,0.65,1.2,0.058,0.106,0.039,0.026,51.39,38.96
"2024-11-02 22:00:00",8311,12.86,1,1,0.588,0.72,1.13,0.064,0.1,0.041,0.023,52.59,38.34
"2024-11-02 22:30:00",8312,12.86,1,1,0.546,0.65,1.07,0.057,0.094,0.037,0.016,52.27,38.28
"2024-11-02 23:00:00",8313,12.85,1,1,0.364,0.3,0.85,0.026,0.075,0.012,0.009,51.75,38.17
"2024-11-02 23:30:00",8314,12.85,1,1,0.448,0.54,0.87,0.048,0.077,0.031,0.009,52.2,38.78
"2024-11-03 00:00:00",8315,12.85,1,1,0.355,0.32,0.8,0.028,0.071,0.015,0.005,53.02,38.77
"2024-11-03 00:30:00",8316,12.85,1,1,0.345,0.35,0.74,0.031,0.065,0.015,0.005,54.44,38.52
"2024-11-03 01:00:00",8317,12.85,1,1,0.355,0.35,0.77,0.031,0.068,0.014,0.005,53.51,38.27
"2024-11-03 01:30:00",8318,12.84,1,1,0.294,0.26,0.67,0.023,0.06,0.01,0,51.79,37.95
"2024-11-03 02:00:00",8319,12.85,1,1,0.336,0.35,0.71,0.031,0.063,0.015,0.002,53.64,37.87
"2024-11-03 02:30:00",8320,12.84,1,1,0.369,0.46,0.7,0.041,0.062,0.019,-0.002,52.2,38.36
"2024-11-03 03:00:00",8321,12.84,1,1,0.33,0.37,0.67,0.033,0.059,0.019,0,52.47,38.22
"2024-11-03 03:30:00",8322,12.84,1,1,0.275,0.23,0.64,0.021,0.057,0.01,0,52.06,37.96
"2024-11-03 04:00:00",8323,12.84,1,1,0.266,0.23,0.61,0.021,0.054,0.007,0,51.64,38.21
"2024-11-03 04:30:00",8324,12.84,1,1,0.356,0.44,0.68,0.039,0.06,0.017,0,51.13,37.7
"2024-11-03 05:00:00",8325,12.84,1,1,0.266,0.23,0.61,0.021,0.054,0.007,-0.002,51.85,38.43
"2024-11-03 05:30:00",8326,12.84,1,1,0.266,0.23,0.61,0.021,0.054,0.007,0,53.31,38.07
"2024-11-03 06:00:00",8327,12.84,1,1,0.275,0.23,0.64,0.021,0.057,0.002,-0.002,51.2,38.03
"2024-11-03 06:30:00",8328,12.83,1,1,0.317,0.35,0.65,0.031,0.057,0.012,0,52.95,38.28
"2024-11-03 07:00:00",8329,12.83,1,1,0.295,0.32,0.61,0.028,0.054,0.015,-0.002,52.44,37.77
"2024-11-03 07:30:00",8330,12.83,1,1,0.247,0.2,0.58,0.018,0.051,0.005,-0.005,52.4,37.72
"2024-11-03 08:00:00",8331,12.83,1,1,0.355,0.35,0.77,0.031,0.068,0.015,0.005,52.66,38.24
"2024-11-03 08:30:00",8332,12.83,1,1,0.664,0.82,1.27,0.073,0.112,0.055,0.033,53.18,39.07
"2024-11-03 09:00:00",8333,12.82,1,1,0.924,1.14,1.77,0.101,0.157,0.079,0.063,52.74,40.31
"2024-11-03 09:30:00",8334,12.83,1,1,1.109,1.44,2.05,0.127,0.181,0.097,0.076,52.54,40.36
"2024-11-03 10:00:00",8335,12.83,1,1,1.316,1.72,2.42,0.152,0.215,0.122,0.096,57.54,40.11
"2024-11-03 10:30:00",8336,12.82,1,1,1.461,1.78,2.82,0.157,0.249,0.131,0.12,56.49,40.98
"2024-11-03 11:00:00",8337,12.83,1,1,1.74,2.35,3.12,0.208,0.277,0.163,0.134,54.74,41.48
"2024-11-03 11:30:00",8338,12.83,1,1,2.026,2.69,3.68,0.238,0.326,0.194,0.157,54.65,41.39
"2024-11-03 12:00:00",8339,12.83,1,1,2.22,2.97,4.01,0.263,0.355,0.219,0.181,53.93,41.75
"2024-11-03 12:30:00",8340,12.83,1,1,2.376,3.2,4.27,0.283,0.378,0.234,0.193,55.11,42.79
"2024-11-03 13:00:00",8341,12.84,1,1,2.525,3.36,4.58,0.297,0.405,0.242,0.207,54.45,42.29
"2024-11-03 13:30:00",8342,12.84,1,1,2.617,3.43,4.8,0.303,0.425,0.253,0.223,53.5,42.84
"2024-11-03 14:00:00",8343,12.83,1,1,2.751,3.69,4.96,0.327,0.439,0.275,0.229,54.98,43.63
"2024-11-03 14:30:00",8344,12.84,1,1,2.828,3.84,5.05,0.34,0.447,0.281,0.232,55.21,42.63
"2024-11-03 15:00:00",8345,12.84,1,1,2.879,3.91,5.14,0.346,0.455,0.286,0.238,54.42,42.25
"2024-11-03 15:30:00",8346,12.84,1,1,2.847,3.89,5.06,0.345,0.448,0.286,0.233,54.64,42.63
"2024-11-03 16:00:00",8347,12.84,1,1,2.955,4.04,5.25,0.358,0.465,0.293,0.243,55.05,42.88
"2024-11-03 16:30:00",8348,12.84,1,1,2.958,4.04,5.26,0.357,0.466,0.294,0.244,54.28,42.69
"2024-11-03 17:00:00",8349,12.84,1,1,2.659,3.63,4.73,0.322,0.418,0.263,0.212,54.91,42.06
"2024-11-03 17:30:00",8350,12.84,1,1,2.3,3.16,4.07,0.28,0.36,0.226,0.177,53.66,41.65
"2024-11-03 18:00:00",8351,12.83,1,1,1.852,2.54,3.28,0.225,0.29,0.18,0.137,52.39,41.2
"2024-11-03 18:30:00",8352,12.83,1,1,1.479,1.96,2.69,0.173,0.238,0.135,0.103,52.57,40.8
"2024-11-03 19:00:00",8353,12.83,1,1,1.211,1.6,2.21,0.142,0.195,0.108,0.08,52.66,39.8
"2024-11-03 19:30:00",8354,12.83,1,1,1.008,1.35,1.82,0.12,0.161,0.088,0.059,52.62,39.19
"2024-11-03 20:00:00",8355,12.82,1,1,0.836,1.08,1.55,0.096,0.137,0.071,0.042,53.87,38.77
"2024-11-03 20:30:00",8356,12.82,1,1,0.676,0.81,1.32,0.072,0.117,0.051,0.03,52.31,39.14
"2024-11-03 21:00:00",8357,12.82,1,1,0.616,0.78,1.16,0.069,0.103,0.046,0.026,52.3,39.13
"2024-11-03 21:30:00",8358,12.81,1,1,0.54,0.7,1,0.062,0.089,0.039,0.014,51.86,38.84
"2024-11-03 22:00:00",8359,12.81,1,1,0.406,0.44,0.84,0.039,0.074,0.024,0.009,52.2,38.2
"2024-11-03 22:30:00",8360,12.81,1,1,0.413,0.49,0.81,0.044,0.071,0.022,0.005,52.05,37.78
"2024-11-03 23:00:00",8361,12.81,1,1,0.365,0.41,0.74,0.036,0.066,0.019,0.002,52.73,38.31
"2024-11-03 23:30:00",8362,12.8,1,1,0.336,0.38,0.68,0.033,0.06,0.017,0,52.44,38.59
"2024-11-04 00:00:00",8363,12.8,1,1,0.295,0.29,0.64,0.026,0.057,0.015,0,53.13,38.45
"2024-11-04 00:30:00",8364,12.8,1,1,0.286,0.32,0.58,0.028,0.051,0.012,-0.002,51.73,39.13
"2024-11-04 01:00:00",8365,12.8,1,1,0.276,0.32,0.55,0.028,0.048,0.012,-0.007,51.26,38.25
"2024-11-04 01:30:00",8366,12.79,1,1,0.247,0.26,0.52,0.023,0.046,0.01,-0.007,51.06,38.3
"2024-11-04 02:00:00",8367,12.8,1,1,0.286,0.32,0.58,0.028,0.051,0.015,-0.007,53.23,37.56
"2024-11-04 02:30:00",8368,12.8,1,1,0.228,0.17,0.55,0.015,0.048,0.002,-0.007,52.05,38.04
"2024-11-04 03:00:00",8369,12.79,1,1,0.218,0.17,0.52,0.015,0.046,0,-0.007,52.01,38.59
"2024-11-04 03:30:00",8370,12.79,1,1,0.23,0.15,0.58,0.013,0.051,0,-0.007,52.87,38.45
"2024-11-04 04:00:00",8371,12.79,1,1,0.276,0.32,0.55,0.028,0.048,0.01,-0.009,52.52,38.25
"2024-11-04 04:30:00",8372,12.79,1,1,0.228,0.2,0.52,0.018,0.046,0.005,-0.007,50.89,38.14
"2024-11-04 05:00:00",8373,12.79,1,1,0.254,0.29,0.51,0.026,0.046,0.01,-0.009,53.91,38.24
"2024-11-04 05:30:00",8374,12.79,1,1,0.254,0.29,0.51,0.026,0.046,0.012,-0.007,53.24,37.88
"2024-11-04 06:00:00",8375,12.79,1,1,0.225,0.2,0.51,0.018,0.045,0.002,-0.009,52.26,38.83
"2024-11-04 06:30:00",8376,12.78,1,1,0.19,0.15,0.45,0.013,0.04,0,-0.009,52.1,38.93
"2024-11-04 07:00:00",8377,12.78,1,1,0.19,0.15,0.45,0.013,0.04,0.002,-0.012,51.58,37.73
"2024-11-04 07:30:00",8378,12.78,1,1,0.161,0.09,0.42,0.008,0.037,-0.002,-0.012,52.02,38.17
"2024-11-04 08:00:00",8379,12.78,1,1,0.206,0.17,0.48,0.015,0.042,0.002,-0.009,52.81,38.13
"2024-11-04 08:30:00",8380,12.77,1,1,0.371,0.37,0.8,0.033,0.071,0.019,0.007,52.07,39.22
"2024-11-04 09:00:00",8381,12.78,1,1,0.501,0.54,1.04,0.048,0.092,0.031,0.023,53.27,39.43
"2024-11-04 09:30:00",8382,12.77,1,1,0.889,1.08,1.72,0.096,0.152,0.075,0.056,55.13,40.46
"2024-11-04 10:00:00",8383,12.77,1,1,1.29,1.63,2.43,0.145,0.215,0.122,0.1,56.43,40.52
"2024-11-04 10:30:00",8384,12.78,1,1,1.601,2.01,3.03,0.177,0.268,0.152,0.134,57.3,41.8
"2024-11-04 11:00:00",8385,12.78,1,1,1.816,2.41,3.3,0.213,0.292,0.174,0.148,54.92,42.33
"2024-11-04 11:30:00",8386,12.79,1,1,1.952,2.54,3.6,0.225,0.319,0.188,0.164,54.94,41.68
"2024-11-04 12:00:00",8387,12.79,1,1,2.324,3.04,4.27,0.269,0.378,0.234,0.198,54.54,43.2
"2024-11-04 12:30:00",8388,12.79,1,1,2.63,3.51,4.76,0.311,0.421,0.263,0.217,55.19,43.18
"2024-11-04 13:00:00",8389,12.79,1,1,2.894,3.9,5.2,0.345,0.46,0.287,0.244,56.84,45.34
"2024-11-04 13:30:00",8390,12.8,1,1,3.041,4.11,5.45,0.364,0.482,0.305,0.257,54.94,43.87
"2024-11-04 14:00:00",8391,12.8,1,1,2.951,3.97,5.31,0.352,0.47,0.292,0.25,54.63,41.79
"2024-11-04 14:30:00",8392,12.8,1,1,2.946,4.05,5.21,0.358,0.462,0.3,0.246,55.68,43.1
"2024-11-04 15:00:00",8393,12.8,1,1,2.942,3.95,5.3,0.35,0.469,0.301,0.256,55.37,43.04
"2024-11-04 15:30:00",8394,12.8,1,1,2.92,3.98,5.2,0.352,0.461,0.299,0.251,54.27,42.52
"2024-11-04 16:00:00",8395,12.8,1,1,2.625,3.59,4.66,0.318,0.412,0.26,0.214,54.13,40.71
"2024-11-04 16:30:00",8396,12.8,1,1,2.141,2.93,3.8,0.26,0.336,0.213,0.168,54.55,40.97
"2024-11-04 17:00:00",8397,12.8,1,1,1.803,2.44,3.23,0.216,0.286,0.175,0.134,54.74,41.32
"2024-11-04 17:30:00",8398,12.8,1,1,1.466,2,2.61,0.177,0.231,0.138,0.102,54.03,40.61
"2024-11-04 18:00:00",8399,12.8,1,1,1.161,1.54,2.11,0.137,0.187,0.105,0.077,52.26,40.09
"2024-11-04 18:30:00",8400,12.8,1,1,0.868,1.13,1.6,0.1,0.141,0.075,0.047,52.99,38.9
"2024-11-04 19:00:00",8401,12.8,1,1,0.709,0.91,1.32,0.081,0.117,0.059,0.033,52.37,38.53
"2024-11-04 19:30:00",8402,12.79,1,1,0.572,0.7,1.1,0.062,0.097,0.042,0.021,52.45,38.61
"2024-11-04 20:00:00",8403,12.79,1,1,0.467,0.56,0.91,0.049,0.08,0.029,0.009,51.44,38.43
"2024-11-04 20:30:00",8404,12.79,1,1,0.387,0.44,0.78,0.039,0.069,0.022,0.007,51.08,38.34
"2024-11-04 21:00:00",8405,12.79,1,1,0.317,0.32,0.68,0.029,0.06,0.012,0,51.66,37.82
"2024-11-04 21:30:00",8406,12.78,1,1,0.276,0.26,0.61,0.023,0.054,0.01,-0.005,51.95,38.27
"2024-11-04 22:00:00",8407,12.78,1,1,0.247,0.23,0.55,0.021,0.048,0.005,-0.009,52.25,38
"2024-11-04 22:30:00",8408,12.78,1,1,0.202,0.15,0.49,0.013,0.043,0,-0.007,51.11,38.11
"2024-11-04 23:00:00",8409,12.78,1,1,0.18,0.15,0.42,0.013,0.037,0,-0.014,52.53,38.01
"2024-11-04 23:30:00",8410,12.77,1,1,0.151,0.09,0.39,0.008,0.034,-0.005,-0.014,51.82,37.72
"2024-11-05 00:00:00",8411,12.77,1,1,0.132,0.03,0.39,0.003,0.034,-0.007,-0.014,52.68,37.34
"2024-11-05 00:30:00",8412,12.77,1,1,0.161,0.09,0.42,0.008,0.037,-0.007,-0.014,51.44,38.02
"2024-11-05 01:00:00",8413,12.77,1,1,0.132,0.06,0.36,0.005,0.032,-0.007,-0.014,51.69,38.53
"2024-11-05 01:30:00",8414,12.76,1,1,0.11,0.03,0.32,0.003,0.029,-0.007,-0.019,51.75,37.75
"2024-11-05 02:00:00",8415,12.76,1,1,0.1,0,0.32,0,0.029,-0.015,-0.017,52.17,38.07
"2024-11-05 02:30:00",8416,12.76,1,1,0.123,0.03,0.36,0.003,0.031,-0.007,-0.017,52.54,38.29
"2024-11-05 03:00:00",8417,12.76,1,1,0.091,0,0.29,0,0.026,-0.01,-0.019,52.13,37.88
"2024-11-05 03:30:00",8418,12.76,1,1,0.084,-0.02,0.29,-0.003,0.026,-0.012,-0.021,52.28,38.18
"2024-11-05 04:00:00",8419,12.76,1,1,0.084,-0.05,0.32,-0.005,0.028,-0.015,-0.019,52.66,37.41
"2024-11-05 04:30:00",8420,12.75,1,1,0.075,-0.02,0.26,-0.003,0.023,-0.012,-0.024,52.39,37.3
"2024-11-05 05:00:00",8421,12.75,1,1,0.046,-0.08,0.23,-0.008,0.02,-0.017,-0.024,52.29,37.88
"2024-11-05 05:30:00",8422,12.75,1,1,0.056,-0.05,0.23,-0.005,0.02,-0.015,-0.024,52.03,37.61
"2024-11-05 06:00:00",8423,12.75,1,1,0.024,-0.08,0.16,-0.008,0.014,-0.017,-0.028,52.43,38.59
"2024-11-05 06:30:00",8424,12.75,1,1,0.024,-0.11,0.19,-0.01,0.017,-0.019,-0.024,52.04,37.36
"2024-11-05 07:00:00",8425,12.75,1,1,0.015,-0.11,0.16,-0.01,0.014,-0.019,-0.028,52.69,38.42
"2024-11-05 07:30:00",8426,12.75,1,1,0.015,-0.11,0.16,-0.01,0.014,-0.019,-0.026,52.86,37.77
"2024-11-05 08:00:00",8427,12.75,1,1,-0.001,-0.16,0.16,-0.015,0.014,-0.022,-0.026,52.24,37.98
"2024-11-05 08:30:00",8428,12.75,1,1,-0.032,-0.19,0.09,-0.018,0.008,-0.024,-0.028,52.27,38.69
"2024-11-05 09:00:00",8429,12.74,1,1,-0.042,-0.19,0.06,-0.018,0.006,-0.026,-0.028,54.02,38.68
"2024-11-05 09:30:00",8430,12.75,1,1,-0.061,-0.22,0.03,-0.02,0.003,-0.029,-0.03,52.99,38.58
"2024-11-05 10:00:00",8431,12.75,1,1,-0.083,-0.24,-0.02,-0.023,-0.003,-0.031,-0.037,52.72,38.89
"2024-11-05 10:30:00",8432,12.75,1,1,0.142,0.05,0.4,0.005,0.035,-0.005,-0.012,55.78,39.19
"2024-11-05 11:00:00",8433,12.75,1,1,0.765,0.9,1.51,0.079,0.134,0.059,0.052,53.84,40.17
"2024-11-05 11:30:00",8434,12.75,1,1,1.802,2.28,3.39,0.202,0.3,0.166,0.152,56.48,42.24
"2024-11-05 12:00:00",8435,12.75,1,1,2.533,3.27,4.7,0.29,0.416,0.245,0.221,55.52,43.36
"2024-11-05 12:30:00",8436,12.75,1,1,3.157,4.16,5.77,0.369,0.511,0.311,0.28,55.32,44.83
"2024-11-05 13:00:00",8437,12.75,1,1,3.565,4.77,6.44,0.422,0.57,0.359,0.32,53.63,44.96
"2024-11-05 13:30:00",8438,12.76,1,1,3.768,5.01,6.84,0.443,0.605,0.382,0.341,55.81,44.49
"2024-11-05 14:00:00",8439,12.76,1,1,3.973,5.39,7.1,0.477,0.629,0.406,0.35,55.17,44.01
"2024-11-05 14:30:00",8440,12.76,1,1,3.906,5.31,6.97,0.47,0.617,0.397,0.343,55.34,44.44
"2024-11-05 15:00:00",8441,12.77,1,1,3.836,5.2,6.86,0.46,0.607,0.391,0.339,54.83,44.76
"2024-11-05 15:30:00",8442,12.77,1,1,3.786,5.18,6.72,0.459,0.595,0.388,0.331,56.09,43.95
"2024-11-05 16:00:00",8443,12.76,1,1,3.61,4.91,6.44,0.435,0.57,0.365,0.315,55.61,45.13
"2024-11-05 16:30:00",8444,12.77,1,1,3.388,4.64,6.01,0.411,0.532,0.343,0.288,55.18,43.6
"2024-11-05 17:00:00",8445,12.76,1,1,3.038,4.17,5.38,0.369,0.476,0.302,0.25,55.16,42.6
"2024-11-05 17:30:00",8446,12.76,1,1,2.517,3.46,4.45,0.306,0.394,0.251,0.196,54.6,42.61
"2024-11-05 18:00:00",8447,12.76,1,1,1.985,2.75,3.49,0.243,0.309,0.194,0.147,53.86,40.88
"2024-11-05 18:30:00",8448,12.76,1,1,1.549,2.09,2.78,0.185,0.246,0.145,0.108,52.72,40.56
"2024-11-05 19:00:00",8449,12.76,1,1,1.266,1.71,2.27,0.151,0.201,0.118,0.085,53.24,39.83
"2024-11-05 19:30:00",8450,12.76,1,1,0.995,1.29,1.84,0.114,0.163,0.086,0.059,53.53,39.04
"2024-11-05 20:00:00",8451,12.75,1,1,0.852,1.09,1.59,0.096,0.14,0.071,0.045,52.87,39.88
"2024-11-05 20:30:00",8452,12.75,1,1,0.712,0.88,1.36,0.078,0.12,0.054,0.033,52.82,39.26
"2024-11-05 21:00:00",8453,12.75,1,1,0.597,0.69,1.19,0.061,0.105,0.041,0.031,52.56,39.16
"2024-11-05 21:30:00",8454,12.74,1,1,0.543,0.64,1.07,0.057,0.094,0.039,0.019,52.7,38.46
"2024-11-05 22:00:00",8455,12.74,1,1,0.495,0.56,1,0.049,0.089,0.029,0.017,51.82,37.99
"2024-11-05 22:30:00",8456,12.74,1,1,0.428,0.47,0.88,0.042,0.078,0.025,0.012,51.92,38.92
"2024-11-05 23:00:00",8457,12.73,1,1,0.377,0.38,0.81,0.034,0.072,0.015,0.005,51.74,38.89
"2024-11-05 23:30:00",8458,12.73,1,1,0.358,0.35,0.78,0.031,0.069,0.017,0.005,54.59,38.42
"2024-11-06 00:00:00",8459,12.73,1,1,0.301,0.27,0.68,0.024,0.06,0.007,0.005,52.69,37.6
"2024-11-06 00:30:00",8460,12.73,1,1,0.272,0.24,0.62,0.021,0.055,0.007,0,51.79,39.04
"2024-11-06 01:00:00",8461,12.73,1,1,0.272,0.24,0.62,0.021,0.055,0.005,-0.002,51.26,38.68
"2024-11-06 01:30:00",8462,12.73,1,1,0.241,0.21,0.55,0.018,0.049,0.003,-0.005,51.33,38.48
"2024-11-06 02:00:00",8463,12.72,1,1,0.221,0.18,0.52,0.016,0.046,0.003,-0.01,52.62,37.95
"2024-11-06 02:30:00",8464,12.72,1,1,0.215,0.17,0.51,0.015,0.046,0.002,-0.007,52.88,38.63
"2024-11-06 03:00:00",8465,12.72,1,1,0.215,0.14,0.54,0.013,0.048,0,-0.005,55.39,39.89
"2024-11-06 03:30:00",8466,12.72,1,1,0.17,0.09,0.45,0.008,0.04,-0.005,-0.012,51.74,39.57
"2024-11-06 04:00:00",8467,12.72,1,1,0.231,0.18,0.55,0.016,0.049,0,-0.007,51.59,38.01
"2024-11-06 04:30:00",8468,12.72,1,1,0.202,0.12,0.52,0.011,0.046,-0.003,-0.007,51.91,38.06
"2024-11-06 05:00:00",8469,12.72,1,1,0.202,0.12,0.52,0.011,0.046,-0.005,-0.007,52.06,37.81
"2024-11-06 05:30:00",8470,12.71,1,1,0.212,0.18,0.49,0.016,0.043,0,-0.01,51.64,38.22
"2024-11-06 06:00:00",8471,12.71,1,1,0.193,0.15,0.46,0.013,0.04,-0.003,-0.012,52.73,37.8
"2024-11-06 06:30:00",8472,12.71,1,1,0.212,0.15,0.52,0.013,0.046,-0.003,-0.007,51.86,37.76
"2024-11-06 07:00:00",8473,12.71,1,1,0.171,0.12,0.42,0.011,0.037,-0.003,-0.01,51.96,38.12
"2024-11-06 07:30:00",8474,12.71,1,1,0.161,0.09,0.42,0.008,0.037,-0.005,-0.012,53.75,38.1
"2024-11-06 08:00:00",8475,12.71,1,1,0.243,0.18,0.59,0.016,0.052,0.003,-0.007,52.47,39.21
"2024-11-06 08:30:00",8476,12.71,1,1,0.444,0.46,0.94,0.041,0.083,0.024,0.017,52.2,38.52
"2024-11-06 09:00:00",8477,12.7,1,1,0.791,0.96,1.53,0.085,0.135,0.065,0.049,53.86,40.02
"2024-11-06 09:30:00",8478,12.7,1,1,1.28,1.6,2.43,0.142,0.215,0.114,0.098,56.85,40.37
"2024-11-06 10:00:00",8479,12.7,1,1,1.774,2.29,3.29,0.203,0.291,0.176,0.15,56.45,41.54
"2024-11-06 10:30:00",8480,12.7,1,1,2.381,3.08,4.41,0.272,0.391,0.238,0.207,56.82,43.26
"2024-11-06 11:00:00",8481,12.7,1,1,3.024,4.04,5.47,0.358,0.484,0.307,0.268,58.64,43.59
"2024-11-06 11:30:00",8482,12.7,1,1,3.543,4.79,6.35,0.424,0.562,0.362,0.311,57.37,44.24
"2024-11-06 12:00:00",8483,12.7,1,1,3.791,5.11,6.81,0.452,0.603,0.39,0.343,57.34,45.2
"2024-11-06 12:30:00",8484,12.71,1,1,3.922,5.32,7.01,0.47,0.62,0.402,0.348,56.1,44.37
"2024-11-06 13:00:00",8485,12.71,1,1,3.813,5.11,6.88,0.452,0.609,0.387,0.345,56.2,43.8
"2024-11-06 13:30:00",8486,12.71,1,1,3.823,5.14,6.88,0.455,0.609,0.389,0.344,55.26,44.93
"2024-11-06 14:00:00",8487,12.71,1,1,3.878,5.28,6.91,0.467,0.612,0.398,0.339,55.97,44.25
"2024-11-06 14:30:00",8488,12.71,1,1,3.747,5.1,6.68,0.451,0.591,0.38,0.325,54.25,43.93
"2024-11-06 15:00:00",8489,12.71,1,1,3.735,5.11,6.63,0.452,0.587,0.377,0.325,55.61,43.73
"2024-11-06 15:30:00",8490,12.71,1,1,3.63,4.95,6.46,0.439,0.572,0.367,0.31,55.78,43.38
"2024-11-06 16:00:00",8491,12.71,1,1,3.48,4.7,6.24,0.416,0.552,0.353,0.295,55.99,44.26
"2024-11-06 16:30:00",8492,12.71,1,1,3.315,4.51,5.91,0.399,0.523,0.33,0.278,54.99,42.84
"2024-11-06 17:00:00",8493,12.71,1,1,2.847,3.9,5.05,0.345,0.447,0.28,0.23,53.58,42.41
"2024-11-06 17:30:00",8494,12.71,1,1,2.207,2.99,3.95,0.265,0.35,0.215,0.171,54.14,40.9
"2024-11-06 18:00:00",8495,12.71,1,1,1.781,2.4,3.2,0.212,0.283,0.169,0.13,54.09,41.11
"2024-11-06 18:30:00",8496,12.71,1,1,1.45,1.91,2.65,0.169,0.235,0.132,0.102,53.94,40.28
"2024-11-06 19:00:00",8497,12.71,1,1,1.24,1.61,2.29,0.143,0.203,0.11,0.083,52.5,40.34
"2024-11-06 19:30:00",8498,12.7,1,1,1.048,1.3,2,0.115,0.177,0.087,0.069,52.29,39.98
"2024-11-06 20:00:00",8499,12.7,1,1,0.931,1.13,1.8,0.1,0.159,0.074,0.057,53.08,39.42
"2024-11-06 20:30:00",8500,12.7,1,1,0.81,0.95,1.6,0.084,0.142,0.06,0.048,52.43,38.86
"2024-11-06 21:00:00",8501,12.69,1,1,0.711,0.83,1.41,0.073,0.125,0.052,0.038,53.5,39.26
"2024-11-06 21:30:00",8502,12.69,1,1,0.629,0.74,1.24,0.065,0.11,0.04,0.031,52.82,38.85
"2024-11-06 22:00:00",8503,12.69,1,1,0.562,0.62,1.15,0.055,0.101,0.035,0.024,52.68,38.85
"2024-11-06 22:30:00",8504,12.69,1,1,0.501,0.53,1.05,0.047,0.093,0.03,0.021,53.03,38.53
"2024-11-06 23:00:00",8505,12.69,1,1,0.431,0.41,0.95,0.037,0.084,0.022,0.014,53.09,39.12
"2024-11-06 23:30:00",8506,12.68,1,1,0.409,0.41,0.88,0.037,0.078,0.02,0.012,51.94,38.27
"2024-11-07 00:00:00",8507,12.68,1,1,0.348,0.32,0.78,0.028,0.069,0.012,0.002,52.77,38.53
"2024-11-07 00:30:00",8508,12.68,1,1,0.329,0.29,0.75,0.026,0.066,0.012,0.005,52.63,38.96
"2024-11-07 01:00:00",8509,12.68,1,1,0.323,0.27,0.75,0.024,0.067,0.005,0.002,52.97,38.06
"2024-11-07 01:30:00",8510,12.67,1,1,0.284,0.21,0.69,0.018,0.061,0.003,0.002,51.84,38.43
"2024-11-07 02:00:00",8511,12.67,1,1,0.294,0.24,0.69,0.021,0.061,0.005,0,52.59,38.92
"2024-11-07 02:30:00",8512,12.67,1,1,0.272,0.21,0.65,0.018,0.058,0.005,0.002,52.6,38.92
"2024-11-07 03:00:00",8513,12.67,1,1,0.265,0.18,0.66,0.016,0.058,0,0.002,53.7,38.78
"2024-11-07 03:30:00",8514,12.67,1,1,0.256,0.18,0.63,0.016,0.055,0,-0.002,51.11,38.1
"2024-11-07 04:00:00",8515,12.67,1,1,0.234,0.15,0.59,0.013,0.052,0.003,-0.005,52.61,38.78
"2024-11-07 04:30:00",8516,12.66,1,1,0.234,0.18,0.56,0.016,0.049,0.003,-0.005,51.97,38.14
"2024-11-07 05:00:00",8517,12.67,1,1,0.224,0.12,0.59,0.01,0.052,-0.003,-0.005,52.31,38.49
"2024-11-07 05:30:00",8518,12.67,1,1,0.202,0.12,0.52,0.01,0.046,-0.003,-0.005,53.9,38.68
"2024-11-07 06:00:00",8519,12.67,1,1,0.202,0.12,0.52,0.011,0.046,-0.005,-0.007,52.67,38.17
"2024-11-07 06:30:00",8520,12.66,1,1,0.202,0.12,0.52,0.011,0.046,-0.003,-0.007,52.89,37.97
"2024-11-07 07:00:00",8521,12.66,1,1,0.193,0.12,0.49,0.011,0.044,0,-0.007,51.9,38.23
"2024-11-07 07:30:00",8522,12.66,1,1,0.154,0.03,0.46,0.003,0.041,-0.01,-0.014,52.54,38.03
"2024-11-07 08:00:00",8523,12.66,1,1,0.262,0.21,0.62,0.018,0.055,0.003,-0.005,52.39,38.4
"2024-11-07 08:30:00",8524,12.66,1,1,0.428,0.41,0.94,0.036,0.083,0.022,0.014,53.9,38.66
"2024-11-07 09:00:00",8525,12.65,1,1,0.651,0.76,1.29,0.067,0.114,0.047,0.033,54.46,38.55
"2024-11-07 09:30:00",8526,12.65,1,1,0.861,1.04,1.67,0.092,0.148,0.068,0.055,55.07,39.02
"2024-11-07 10:00:00",8527,12.65,1,1,1.277,1.59,2.43,0.14,0.215,0.112,0.097,54.99,40.5
"2024-11-07 10:30:00",8528,12.65,1,1,1.697,2.18,3.16,0.193,0.279,0.157,0.135,54.33,42.18
"2024-11-07 11:00:00",8529,12.65,1,1,2.311,3.03,4.24,0.268,0.375,0.23,0.194,56.14,42.58
"2024-11-07 11:30:00",8530,12.65,1,1,3.106,4.07,5.7,0.36,0.505,0.305,0.275,55.55,43.14
"2024-11-07 12:00:00",8531,12.65,1,1,3.511,4.69,6.35,0.415,0.562,0.354,0.311,55.5,44.18
"2024-11-07 12:30:00",8532,12.65,1,1,3.743,5.02,6.75,0.444,0.598,0.373,0.329,55.84,43.54
"2024-11-07 13:00:00",8533,12.65,1,1,3.775,5.07,6.8,0.449,0.602,0.376,0.333,55.17,44.84
"2024-11-07 13:30:00",8534,12.65,1,1,3.502,4.76,6.25,0.422,0.554,0.347,0.292,54.77,44.28
"2024-11-07 14:00:00",8535,12.65,1,1,3.729,5.11,6.61,0.452,0.585,0.379,0.32,56.17,44.02
"2024-11-07 14:30:00",8536,12.65,1,1,3.934,5.26,7.11,0.466,0.629,0.398,0.349,55.17,44.68
"2024-11-07 15:00:00",8537,12.65,1,1,3.942,5.4,6.99,0.478,0.618,0.395,0.34,55.28,43.96
"2024-11-07 15:30:00",8538,12.65,1,1,3.273,4.46,5.83,0.395,0.516,0.326,0.273,54.75,43.7
"2024-11-07 16:00:00",8539,12.65,1,1,3.126,4.21,5.62,0.373,0.497,0.308,0.26,54.98,43.1
"2024-11-07 16:30:00",8540,12.65,1,1,2.86,3.89,5.1,0.344,0.451,0.283,0.228,54.54,43.64
"2024-11-07 17:00:00",8541,12.65,1,1,2.434,3.33,4.32,0.295,0.382,0.238,0.195,54,41.02
"2024-11-07 17:30:00",8542,12.65,1,1,1.931,2.62,3.45,0.232,0.306,0.188,0.143,54.62,41.22
"2024-11-07 18:00:00",8543,12.65,1,1,1.565,2.09,2.83,0.185,0.25,0.146,0.113,53.21,40.65
"2024-11-07 18:30:00",8544,12.65,1,1,1.3,1.71,2.38,0.152,0.211,0.112,0.084,53.56,39.58
"2024-11-07 19:00:00",8545,12.64,1,1,1.112,1.43,2.07,0.126,0.183,0.093,0.07,52.21,39.63
"2024-11-07 19:30:00",8546,12.64,1,1,0.931,1.16,1.77,0.103,0.157,0.079,0.058,52.36,38.54
"2024-11-07 20:00:00",8547,12.64,1,1,0.809,0.91,1.64,0.081,0.145,0.056,0.046,53.05,39.22
"2024-11-07 20:30:00",8548,12.64,1,1,0.74,0.86,1.47,0.076,0.13,0.053,0.041,52.79,39.12
"2024-11-07 21:00:00",8549,12.63,1,1,0.711,0.87,1.37,0.077,0.122,0.053,0.034,53.06,38.81
"2024-11-07 21:30:00",8550,12.63,1,1,0.606,0.67,1.24,0.059,0.11,0.038,0.027,53.03,38.36
"2024-11-07 22:00:00",8551,12.62,1,1,0.5,0.46,1.12,0.041,0.099,0.023,0.02,51.73,38.73
"2024-11-07 22:30:00",8552,12.62,1,1,0.449,0.4,1.02,0.035,0.09,0.021,0.02,52.76,38.67
"2024-11-07 23:00:00",8553,12.62,1,1,0.511,0.57,1.04,0.05,0.092,0.03,0.017,53.08,38.42
"2024-11-07 23:30:00",8554,12.62,1,1,0.418,0.39,0.93,0.035,0.083,0.02,0.015,53.13,38.21
"2024-11-08 00:00:00",8555,12.61,1,1,0.415,0.42,0.89,0.037,0.079,0.018,0.012,52.99,38.89
"2024-11-08 00:30:00",8556,12.61,1,1,0.368,0.36,0.8,0.032,0.071,0.013,0.007,53.17,38.09
"2024-11-08 01:00:00",8557,12.61,1,1,0.316,0.27,0.73,0.024,0.065,0.008,0.002,52.59,38.35
"2024-11-08 01:30:00",8558,12.61,1,1,0.29,0.15,0.77,0.014,0.068,0.003,0.002,51.18,38.44
"2024-11-08 02:00:00",8559,12.61,1,1,0.348,0.33,0.77,0.03,0.068,0.013,0.005,52.43,38.19
"2024-11-08 02:30:00",8560,12.6,1,1,0.332,0.31,0.74,0.027,0.066,0.008,0.002,51.47,37.89
"2024-11-08 03:00:00",8561,12.61,1,1,0.307,0.27,0.7,0.024,0.062,0.01,0,51.66,38.4
"2024-11-08 03:30:00",8562,12.6,1,1,0.356,0.42,0.7,0.037,0.062,0.018,0,52.61,37.95
"2024-11-08 04:00:00",8563,12.6,1,1,0.298,0.27,0.67,0.024,0.06,0.01,0.002,52.46,38.63
"2024-11-08 04:30:00",8564,12.59,1,1,0.307,0.3,0.67,0.026,0.059,0.01,0,52.61,38.21
"2024-11-08 05:00:00",8565,12.6,1,1,0.256,0.21,0.6,0.019,0.053,0.003,-0.005,51.63,37.8
"2024-11-08 05:30:00",8566,12.59,1,1,0.288,0.27,0.64,0.024,0.057,0.008,0,52.5,38.25
"2024-11-08 06:00:00",8567,12.59,1,1,0.208,0.09,0.57,0.008,0.051,-0.008,-0.007,51.8,38.22
"2024-11-08 06:30:00",8568,12.59,1,1,0.276,0.3,0.57,0.027,0.051,0.01,-0.005,52.62,38.37
"2024-11-08 07:00:00",8569,12.59,1,1,0.298,0.33,0.61,0.03,0.054,0.01,-0.002,51.06,38.47
"2024-11-08 07:30:00",8570,12.59,1,1,0.276,0.33,0.54,0.03,0.048,0.01,-0.005,52.43,37.76
"2024-11-08 08:00:00",8571,12.59,1,1,0.288,0.27,0.64,0.024,0.057,0.008,-0.002,52.71,38.03
"2024-11-08 08:30:00",8572,12.59,1,1,0.489,0.57,0.97,0.05,0.086,0.03,0.017,53.73,38.64
"2024-11-08 09:00:00",8573,12.58,1,1,0.73,0.88,1.42,0.078,0.126,0.057,0.041,53.65,39.41
"2024-11-08 09:30:00",8574,12.58,1,1,1.147,1.45,2.16,0.128,0.191,0.101,0.082,55.05,40.13
"2024-11-08 10:00:00",8575,12.57,1,1,1.644,2.18,2.99,0.193,0.265,0.162,0.131,58.28,42.37
"2024-11-08 10:30:00",8576,12.58,1,1,2.152,2.82,3.95,0.249,0.349,0.217,0.182,58,42.66
"2024-11-08 11:00:00",8577,12.58,1,1,2.728,3.61,4.97,0.319,0.44,0.267,0.235,53.83,42.92
"2024-11-08 11:30:00",8578,12.58,1,1,3.282,4.38,5.94,0.387,0.525,0.325,0.283,55.58,43.42
"2024-11-08 12:00:00",8579,12.58,1,1,3.612,4.81,6.55,0.426,0.58,0.363,0.315,55.54,43.79
"2024-11-08 12:30:00",8580,12.58,1,1,3.772,5.07,6.79,0.448,0.601,0.378,0.331,54.93,44.02
"2024-11-08 13:00:00",8581,12.59,1,1,3.737,5.05,6.7,0.447,0.593,0.379,0.325,55.19,44.7
"2024-11-08 13:30:00",8582,12.59,1,1,3.658,4.94,6.56,0.438,0.58,0.368,0.321,54.2,43.04
"2024-11-08 14:00:00",8583,12.59,1,1,3.646,5,6.46,0.442,0.571,0.366,0.308,54.54,43.38
"2024-11-08 14:30:00",8584,12.59,1,1,3.55,4.81,6.35,0.426,0.562,0.357,0.307,54.63,43.98
"2024-11-08 15:00:00",8585,12.59,1,1,3.519,4.85,6.21,0.429,0.55,0.353,0.293,55.61,42.63
"2024-11-08 15:30:00",8586,12.59,1,1,3.385,4.61,6.03,0.408,0.534,0.337,0.284,55.1,43.62
"2024-11-08 16:00:00",8587,12.59,1,1,3.286,4.46,5.87,0.395,0.519,0.324,0.277,55.14,42.73
"2024-11-08 16:30:00",8588,12.59,1,1,3.12,4.22,5.59,0.374,0.495,0.314,0.258,56.06,44.33
"2024-11-08 17:00:00",8589,12.58,1,1,2.844,3.92,5.02,0.347,0.444,0.283,0.228,53.75,42.27
"2024-11-08 17:30:00",8590,12.59,1,1,2.376,3.25,4.22,0.288,0.374,0.234,0.179,54.84,39.93
"2024-11-08 18:00:00",8591,12.58,1,1,1.88,2.54,3.37,0.225,0.298,0.178,0.135,53.35,41.35
"2024-11-08 18:30:00",8592,12.58,1,1,1.562,2.11,2.8,0.187,0.248,0.145,0.107,53.33,40.08
"2024-11-08 19:00:00",8593,12.58,1,1,1.291,1.74,2.32,0.154,0.206,0.117,0.08,52.68,39.84
"2024-11-08 19:30:00",8594,12.57,1,1,1.087,1.4,2.02,0.124,0.179,0.094,0.068,52.66,39.68
"2024-11-08 20:00:00",8595,12.57,1,1,0.967,1.28,1.76,0.113,0.156,0.081,0.054,52.96,39.56
"2024-11-08 20:30:00",8596,12.57,1,1,0.807,1,1.54,0.088,0.137,0.063,0.041,52.61,39.21
"2024-11-08 21:00:00",8597,12.57,1,1,0.711,0.83,1.41,0.073,0.125,0.051,0.037,52.66,39
"2024-11-08 21:30:00",8598,12.56,1,1,0.631,0.71,1.28,0.062,0.114,0.046,0.029,51.93,39.36
"2024-11-08 22:00:00",8599,12.56,1,1,0.606,0.71,1.2,0.063,0.106,0.042,0.022,53.28,39.04
"2024-11-08 22:30:00",8600,12.56,1,1,0.537,0.63,1.06,0.055,0.094,0.035,0.022,53.01,38.93
"2024-11-08 23:00:00",8601,12.56,1,1,0.479,0.51,1,0.045,0.089,0.028,0.019,53.83,38.77
"2024-11-08 23:30:00",8602,12.56,1,1,0.476,0.52,0.98,0.046,0.086,0.028,0.015,52.4,38.32
"2024-11-09 00:00:00",8603,12.56,1,1,0.419,0.45,0.87,0.04,0.077,0.025,0.012,52.3,38.33
"2024-11-09 00:30:00",8604,12.55,1,1,0.422,0.49,0.84,0.043,0.075,0.025,0.015,54.09,37.77
"2024-11-09 01:00:00",8605,12.55,1,1,0.387,0.42,0.8,0.037,0.071,0.02,0.007,53.08,39
"2024-11-09 01:30:00",8606,12.55,1,1,0.32,0.27,0.74,0.024,0.065,0.01,0.002,52.15,37.91
"2024-11-09 02:00:00",8607,12.55,1,1,0.393,0.43,0.81,0.038,0.072,0.023,0.002,50.86,38.29
"2024-11-09 02:30:00",8608,12.55,1,1,0.313,0.25,0.74,0.022,0.066,0.008,0.005,52.2,38.21
"2024-11-09 03:00:00",8609,12.55,1,1,0.339,0.33,0.74,0.03,0.066,0.013,0.002,52.79,38.4
"2024-11-09 03:30:00",8610,12.54,1,1,0.381,0.42,0.78,0.038,0.069,0.02,0.002,53.69,37.78
"2024-11-09 04:00:00",8611,12.54,1,1,0.313,0.25,0.74,0.022,0.066,0.008,0,51.58,39.25
"2024-11-09 04:30:00",8612,12.54,1,1,0.3,0.21,0.74,0.019,0.066,0.008,0.002,50.42,37.26
"2024-11-09 05:00:00",8613,12.54,1,1,0.33,0.36,0.68,0.032,0.06,0.02,0.002,51.76,38.77
"2024-11-09 05:30:00",8614,12.54,1,1,0.336,0.39,0.67,0.035,0.06,0.02,0.002,51.7,38.14
"2024-11-09 06:00:00",8615,12.54,1,1,0.23,0.15,0.58,0.014,0.051,0.003,-0.005,51.57,37.99
"2024-11-09 06:30:00",8616,12.53,1,1,0.201,0.03,0.61,0.003,0.054,-0.01,-0.005,53.06,37.83
"2024-11-09 07:00:00",8617,12.53,1,1,0.262,0.15,0.68,0.014,0.06,0.003,-0.002,51.71,38.03
"2024-11-09 07:30:00",8618,12.53,1,1,0.389,0.57,0.65,0.051,0.058,0.025,-0.005,52.16,37.49
"2024-11-09 08:00:00",8619,12.53,1,1,0.388,0.48,0.74,0.042,0.066,0.025,0.002,53.01,38.75
"2024-11-09 08:30:00",8620,12.53,1,1,0.813,0.97,1.59,0.086,0.141,0.063,0.049,52.89,38.22
"2024-11-09 09:00:00",8621,12.52,1,1,1.226,1.51,2.35,0.134,0.208,0.105,0.083,54.6,38.68
"2024-11-09 09:30:00",8622,12.52,1,1,1.394,1.69,2.7,0.149,0.239,0.116,0.105,52.78,41.86
"2024-11-09 10:00:00",8623,12.52,1,1,1.551,2,2.88,0.177,0.255,0.145,0.114,58.55,40.55
"2024-11-09 10:30:00",8624,12.52,1,1,1.642,2.01,3.16,0.178,0.28,0.149,0.137,55.52,42.11
"2024-11-09 11:00:00",8625,12.52,1,1,1.923,2.47,3.58,0.219,0.317,0.177,0.151,54.32,41.48
"2024-11-09 11:30:00",8626,12.52,1,1,2.255,3.03,4.06,0.268,0.359,0.218,0.179,53.97,42.22
"2024-11-09 12:00:00",8627,12.52,1,1,2.529,3.49,4.46,0.309,0.394,0.255,0.202,55.78,42.1
"2024-11-09 12:30:00",8628,12.52,1,1,2.537,3.32,4.66,0.294,0.413,0.241,0.209,54.54,42.78
"2024-11-09 13:00:00",8629,12.52,1,1,2.738,3.64,4.97,0.322,0.44,0.265,0.228,56,42.58
"2024-11-09 13:30:00",8630,12.52,1,1,2.942,3.98,5.27,0.353,0.466,0.295,0.243,55.75,42.74
"2024-11-09 14:00:00",8631,12.52,1,1,3.013,4.16,5.31,0.368,0.47,0.302,0.241,54.42,42.68
"2024-11-09 14:30:00",8632,12.51,1,1,2.977,3.97,5.39,0.352,0.477,0.293,0.253,55.4,42.82
"2024-11-09 15:00:00",8633,12.52,1,1,3.061,4.21,5.41,0.373,0.479,0.306,0.252,55.92,42.77
"2024-11-09 15:30:00",8634,12.52,1,1,3.013,4.13,5.34,0.366,0.472,0.303,0.248,56.03,43.03
"2024-11-09 16:00:00",8635,12.51,1,1,2.907,3.94,5.2,0.349,0.461,0.289,0.239,55.59,43.43
"2024-11-09 16:30:00",8636,12.51,1,1,2.86,3.91,5.08,0.346,0.45,0.284,0.23,54.88,43.13
"2024-11-09 17:00:00",8637,12.51,1,1,2.631,3.58,4.69,0.317,0.415,0.256,0.212,54.24,42.08
"2024-11-09 17:30:00",8638,12.51,1,1,2.249,3.1,3.97,0.274,0.351,0.218,0.168,53.92,41.9
"2024-11-09 18:00:00",8639,12.51,1,1,1.874,2.6,3.29,0.231,0.291,0.18,0.133,53.61,40.46
"2024-11-09 18:30:00",8640,12.51,1,1,1.575,2.18,2.77,0.193,0.245,0.15,0.103,52.71,40.13
"2024-11-09 19:00:00",8641,12.51,1,1,1.22,1.53,2.31,0.136,0.204,0.103,0.081,51.9,39.73
"2024-11-09 19:30:00",8642,12.51,1,1,1.142,1.57,2.02,0.139,0.179,0.105,0.064,53.55,39.72
"2024-11-09 20:00:00",8643,12.5,1,1,0.976,1.32,1.75,0.116,0.155,0.084,0.054,51.99,38.99
"2024-11-09 20:30:00",8644,12.5,1,1,0.884,1.2,1.58,0.106,0.14,0.077,0.045,53.03,38.78
"2024-11-09 21:00:00",8645,12.5,1,1,0.769,1,1.42,0.088,0.125,0.062,0.035,52.43,38.75
"2024-11-09 21:30:00",8646,12.49,1,1,0.677,0.86,1.27,0.076,0.112,0.051,0.03,53.43,39.17
"2024-11-09 22:00:00",8647,12.49,1,1,0.636,0.83,1.17,0.073,0.103,0.049,0.027,52.63,38.38
"2024-11-09 22:30:00",8648,12.49,1,1,0.556,0.68,1.07,0.06,0.094,0.038,0.017,53.16,39.32
"2024-11-09 23:00:00",8649,12.48,1,1,0.541,0.74,0.96,0.065,0.085,0.039,0.017,52.37,39.11
"2024-11-09 23:30:00",8650,12.48,1,1,0.463,0.53,0.93,0.046,0.082,0.026,0.01,51.49,38.07
"2024-11-10 00:00:00",8651,12.48,1,1,0.46,0.55,0.9,0.049,0.079,0.028,0.01,52.01,38.59
"2024-11-10 00:30:00",8652,12.47,1,1,0.448,0.52,0.89,0.046,0.079,0.026,0.007,52.8,37.56
"2024-11-10 01:00:00",8653,12.47,1,1,0.397,0.46,0.79,0.041,0.07,0.023,0.005,51.89,37.62
"2024-11-10 01:30:00",8654,12.47,1,1,0.426,0.52,0.82,0.046,0.073,0.026,0.005,51.3,38.54
"2024-11-10 02:00:00",8655,12.47,1,1,0.416,0.52,0.79,0.046,0.07,0.026,0.005,52.51,37.99
"2024-11-10 02:30:00",8656,12.47,1,1,0.397,0.46,0.79,0.041,0.07,0.023,0.003,51.37,39.03
"2024-11-10 03:00:00",8657,12.46,1,1,0.416,0.49,0.82,0.043,0.073,0.026,0.008,52.5,37.82
"2024-11-10 03:30:00",8658,12.46,1,1,0.426,0.55,0.79,0.049,0.07,0.028,0.008,51.89,37.89
"2024-11-10 04:00:00",8659,12.46,1,1,0.426,0.55,0.79,0.049,0.07,0.028,0.005,52.45,38.6
"2024-11-10 04:30:00",8660,12.46,1,1,0.387,0.46,0.76,0.041,0.067,0.023,0.003,52.63,38.1
"2024-11-10 05:00:00",8661,12.45,1,1,0.323,0.34,0.68,0.03,0.061,0.015,0,52.99,37.89
"2024-11-10 05:30:00",8662,12.45,1,1,0.323,0.34,0.68,0.03,0.061,0.015,0,51.84,37.99
"2024-11-10 06:00:00",8663,12.45,1,1,0.365,0.43,0.72,0.038,0.064,0.02,0.003,52.34,38.5
"2024-11-10 06:30:00",8664,12.45,1,1,0.355,0.4,0.72,0.035,0.064,0.02,0.003,52.92,38.66
"2024-11-10 07:00:00",8665,12.45,1,1,0.343,0.4,0.68,0.035,0.06,0.018,0.003,52.14,38.55
"2024-11-10 07:30:00",8666,12.45,1,1,0.371,0.42,0.75,0.037,0.066,0.018,0.003,53.29,38.45
"2024-11-10 08:00:00",8667,12.45,1,1,0.308,0.33,0.64,0.029,0.057,0.015,-0.005,53.5,37.73
"2024-11-10 08:30:00",8668,12.45,1,1,0.537,0.68,1.01,0.06,0.089,0.04,0.017,53.13,38.71
"2024-11-10 09:00:00",8669,12.44,1,1,0.934,1.19,1.75,0.105,0.155,0.084,0.061,54.94,39.28
"2024-11-10 09:30:00",8670,12.45,1,1,1.074,1.39,1.99,0.123,0.176,0.098,0.075,54.69,40.84
"2024-11-10 10:00:00",8671,12.44,1,1,1.103,1.43,2.04,0.126,0.18,0.101,0.076,55.14,40.21
"2024-11-10 10:30:00",8672,12.44,1,1,1.113,1.46,2.04,0.129,0.18,0.104,0.073,53.88,40.2
"2024-11-10 11:00:00",8673,12.45,1,1,1.205,1.58,2.21,0.14,0.196,0.112,0.087,55.49,40.25
"2024-11-10 11:30:00",8674,12.45,1,1,1.304,1.71,2.39,0.151,0.211,0.122,0.095,53.75,39.66
"2024-11-10 12:00:00",8675,12.45,1,1,1.542,2.01,2.84,0.178,0.251,0.147,0.12,56.59,41.1
"2024-11-10 12:30:00",8676,12.45,1,1,1.857,2.44,3.4,0.216,0.301,0.183,0.152,55.94,41.96
"2024-11-10 13:00:00",8677,12.45,1,1,2.251,2.94,4.14,0.26,0.366,0.224,0.194,55.92,43.07
"2024-11-10 13:30:00",8678,12.46,1,1,2.531,3.37,4.59,0.298,0.407,0.249,0.216,55.07,41.82
"2024-11-10 14:00:00",8679,12.46,1,1,2.643,3.58,4.73,0.317,0.419,0.26,0.222,54.42,43.34
"2024-11-10 14:30:00",8680,12.47,1,1,2.548,3.43,4.58,0.303,0.405,0.255,0.214,55.76,43.03
"2024-11-10 15:00:00",8681,12.47,1,1,2.379,3.23,4.25,0.285,0.376,0.242,0.198,55.64,42.65
"2024-11-10 15:30:00",8682,12.47,1,1,2.557,3.45,4.59,0.306,0.407,0.255,0.214,56.01,42.18
"2024-11-10 16:00:00",8683,12.47,1,1,2.469,3.38,4.38,0.299,0.388,0.247,0.203,54.07,42.75
"2024-11-10 16:30:00",8684,12.47,1,1,2.182,2.97,3.89,0.263,0.344,0.218,0.173,54.74,42.43
"2024-11-10 17:00:00",8685,12.47,1,1,1.925,2.64,3.41,0.234,0.302,0.191,0.147,54.41,41.41
"2024-11-10 17:30:00",8686,12.47,1,1,1.562,2.13,2.78,0.188,0.246,0.15,0.111,54.72,40.06
"2024-11-10 18:00:00",8687,12.47,1,1,1.256,1.7,2.25,0.15,0.2,0.117,0.083,53.89,40.48
"2024-11-10 18:30:00",8688,12.47,1,1,0.98,1.32,1.76,0.117,0.156,0.088,0.056,54.73,39.08
"2024-11-10 19:00:00",8689,12.47,1,1,0.763,1.01,1.39,0.09,0.123,0.063,0.037,52.31,39.06
"2024-11-10 19:30:00",8690,12.46,1,1,0.597,0.75,1.13,0.066,0.1,0.043,0.024,54.07,38.33
"2024-11-10 20:00:00",8691,12.46,1,1,0.512,0.65,0.96,0.058,0.085,0.038,0.017,53.97,39.16
"2024-11-10 20:30:00",8692,12.46,1,1,0.432,0.53,0.83,0.047,0.073,0.028,0.007,52.88,37.66
"2024-11-10 21:00:00",8693,12.46,1,1,0.346,0.39,0.7,0.035,0.062,0.018,0.002,53.44,38.64
"2024-11-10 21:30:00",8694,12.46,1,1,0.327,0.36,0.67,0.032,0.059,0.015,-0.002,54.12,37.55
"2024-11-10 22:00:00",8695,12.46,1,1,0.234,0.21,0.53,0.019,0.047,0.005,-0.002,50.81,38.65
"2024-11-10 22:30:00",8696,12.46,1,1,0.225,0.21,0.5,0.019,0.044,0.008,-0.007,54.94,38.61
"2024-11-10 23:00:00",8697,12.45,1,1,0.174,0.12,0.43,0.011,0.038,-0.003,-0.012,53.25,38.19
"2024-11-10 23:30:00",8698,12.45,1,1,0.164,0.12,0.4,0.011,0.035,-0.005,-0.015,51.16,37.91
"2024-11-11 00:00:00",8699,12.45,1,1,0.145,0.09,0.37,0.008,0.033,-0.005,-0.012,52.57,38.18
"2024-11-11 00:30:00",8700,12.45,1,1,0.135,0.06,0.37,0.005,0.033,-0.005,-0.015,51.73,38.33
"2024-11-11 01:00:00",8701,12.45,1,1,0.113,0.03,0.33,0.003,0.03,-0.013,-0.02,49.04,38.38
"2024-11-11 01:30:00",8702,12.45,1,1,0.094,0,0.3,0,0.027,-0.01,-0.017,52.36,38.28
"2024-11-11 02:00:00",8703,12.45,1,1,0.085,0,0.27,0,0.024,-0.01,-0.017,53.82,37.92
"2024-11-11 02:30:00",8704,12.44,1,1,0.078,-0.02,0.27,-0.003,0.024,-0.01,-0.022,52.6,40.27
"2024-11-11 03:00:00",8705,12.45,1,1,0.066,-0.02,0.23,-0.003,0.021,-0.015,-0.02,51.34,37.78
"2024-11-11 03:30:00",8706,12.44,1,1,0.056,-0.05,0.23,-0.005,0.021,-0.015,-0.025,53.77,37.71
"2024-11-11 04:00:00",8707,12.44,1,1,0.068,-0.05,0.27,-0.005,0.024,-0.018,-0.022,50.08,38.18
"2024-11-11 04:30:00",8708,12.44,1,1,0.066,-0.02,0.23,-0.003,0.021,-0.015,-0.025,51.69,38.13
"2024-11-11 05:00:00",8709,12.44,1,1,0.037,-0.08,0.2,-0.008,0.018,-0.018,-0.022,52.42,37.92
"2024-11-11 05:30:00",8710,12.43,1,1,0.046,-0.08,0.23,-0.008,0.021,-0.018,-0.022,52.12,38.71
"2024-11-11 06:00:00",8711,12.44,1,1,0.056,-0.05,0.23,-0.005,0.021,-0.015,-0.022,53.27,37.78
"2024-11-11 06:30:00",8712,12.43,1,1,0.018,-0.11,0.17,-0.011,0.015,-0.018,-0.025,52.82,36.51
"2024-11-11 07:00:00",8713,12.43,1,1,0.037,-0.08,0.2,-0.008,0.018,-0.018,-0.027,51.76,37.78
"2024-11-11 07:30:00",8714,12.43,1,1,0.037,-0.08,0.2,-0.008,0.018,-0.018,-0.022,53.29,37.79
"2024-11-11 08:00:00",8715,12.43,1,1,0.027,-0.11,0.2,-0.011,0.018,-0.02,-0.022,50.53,36.86
"2024-11-11 08:30:00",8716,12.43,1,1,0.047,-0.05,0.2,-0.005,0.018,-0.018,-0.022,50.93,39.18
"2024-11-11 09:00:00",8717,12.43,1,1,0.088,-0.02,0.3,-0.003,0.027,-0.015,-0.015,53.08,38.99
"2024-11-11 09:30:00",8718,12.43,1,1,0.177,0.09,0.47,0.008,0.042,-0.008,-0.007,52.31,38.32
"2024-11-11 10:00:00",8719,12.43,1,1,0.237,0.18,0.57,0.016,0.05,0.003,-0.005,52.27,39.02
"2024-11-11 10:30:00",8720,12.43,1,1,0.377,0.39,0.8,0.034,0.07,0.02,0.01,52.77,39.94
"2024-11-11 11:00:00",8721,12.43,1,1,0.581,0.66,1.17,0.058,0.103,0.04,0.027,53.88,39.07
"2024-11-11 11:30:00",8722,12.42,1,1,0.968,1.09,1.96,0.096,0.174,0.077,0.075,54.04,40.21
"2024-11-11 12:00:00",8723,12.42,1,1,1.398,1.75,2.65,0.155,0.234,0.121,0.11,54.05,40.48
"2024-11-11 12:30:00",8724,12.42,1,1,1.744,2.17,3.32,0.192,0.294,0.159,0.146,54.92,41.93
"2024-11-11 13:00:00",8725,12.42,1,1,2.232,2.91,4.11,0.258,0.364,0.211,0.187,54.35,42.6
"2024-11-11 13:30:00",8726,12.42,1,1,2.645,3.46,4.86,0.306,0.43,0.254,0.223,55.7,44.37
"2024-11-11 14:00:00",8727,12.42,1,1,3.04,4.06,5.5,0.359,0.487,0.297,0.263,55.11,43.37
"2024-11-11 14:30:00",8728,12.42,1,1,3.511,4.67,6.37,0.413,0.564,0.347,0.309,55.12,43.22
"2024-11-11 15:00:00",8729,12.42,1,1,3.749,4.98,6.81,0.441,0.602,0.368,0.328,55.65,43.23
"2024-11-11 15:30:00",8730,12.42,1,1,3.836,5.18,6.88,0.459,0.609,0.384,0.332,55.12,44.21
"2024-11-11 16:00:00",8731,12.42,1,1,3.768,5.02,6.83,0.445,0.604,0.368,0.328,54.7,44.62
"2024-11-11 16:30:00",8732,12.42,1,1,3.619,4.85,6.53,0.429,0.578,0.359,0.312,55.74,44
"2024-11-11 17:00:00",8733,12.42,1,1,3.378,4.58,6.04,0.405,0.535,0.333,0.283,54.86,43.11
"2024-11-11 17:30:00",8734,12.42,1,1,2.742,3.69,4.93,0.327,0.437,0.262,0.227,53.56,42.49
"2024-11-11 18:00:00",8735,12.42,1,1,2.08,2.75,3.79,0.244,0.335,0.192,0.161,54.17,40.51
"2024-11-11 18:30:00",8736,12.41,1,1,1.453,1.88,2.69,0.166,0.238,0.127,0.102,53.04,39.9
"2024-11-11 19:00:00",8737,12.42,1,1,1.048,1.3,2,0.115,0.177,0.086,0.067,53.1,39.69
"2024-11-11 19:30:00",8738,12.41,1,1,0.816,0.99,1.58,0.088,0.14,0.062,0.05,52.07,39.64
"2024-11-11 20:00:00",8739,12.41,1,1,0.632,0.72,1.27,0.063,0.113,0.044,0.033,52.08,38.93
"2024-11-11 20:30:00",8740,12.41,1,1,0.546,0.62,1.1,0.055,0.097,0.031,0.02,51.98,37.99
"2024-11-11 21:00:00",8741,12.4,1,1,0.44,0.43,0.96,0.038,0.085,0.018,0.015,52.09,38.83
"2024-11-11 21:30:00",8742,12.4,1,1,0.37,0.34,0.83,0.03,0.073,0.008,0.01,51.78,38.62
"2024-11-11 22:00:00",8743,12.4,1,1,0.297,0.25,0.69,0.022,0.061,0.008,0.003,51.63,38.21
"2024-11-11 22:30:00",8744,12.39,1,1,0.256,0.19,0.62,0.017,0.055,0.003,-0.003,52.16,37.9
"2024-11-11 23:00:00",8745,12.39,1,1,0.234,0.15,0.59,0.014,0.052,-0.003,-0.003,51.79,37.95
"2024-11-11 23:30:00",8746,12.39,1,1,0.192,0.06,0.55,0.005,0.049,-0.01,-0.008,52.69,38.6
"2024-11-12 00:00:00",8747,12.39,1,1,0.173,0.03,0.52,0.003,0.046,-0.01,-0.01,52.21,38.78
"2024-11-12 00:30:00",8748,12.39,1,1,0.189,0.12,0.48,0.011,0.043,-0.003,-0.01,52.52,38.01
"2024-11-12 01:00:00",8749,12.39,1,1,0.196,0.13,0.49,0.011,0.043,-0.005,-0.01,51.35,37.37
"2024-11-12 01:30:00",8750,12.38,1,1,0.183,0.09,0.49,0.008,0.043,-0.005,-0.01,51.75,37.49
"2024-11-12 02:00:00",8751,12.38,1,1,0.196,0.13,0.49,0.011,0.043,-0.008,-0.01,52.13,38.04
"2024-11-12 02:30:00",8752,12.38,1,1,0.202,0.09,0.55,0.008,0.049,-0.003,-0.005,51.86,38.85
"2024-11-12 03:00:00",8753,12.38,1,1,0.192,0.09,0.52,0.008,0.046,-0.005,-0.01,52.04,37.79
"2024-11-12 03:30:00",8754,12.37,1,1,0.125,-0.05,0.45,-0.006,0.04,-0.019,-0.013,51.17,37.6
"2024-11-12 04:00:00",8755,12.37,1,1,0.215,0.16,0.52,0.014,0.046,-0.003,-0.01,53.14,38.32
"2024-11-12 04:30:00",8756,12.38,1,1,0.205,0.16,0.49,0.014,0.043,0,-0.008,52.28,37.19
"2024-11-12 05:00:00",8757,12.37,1,1,0.192,0.09,0.52,0.008,0.046,-0.005,-0.008,52,37.33
"2024-11-12 05:30:00",8758,12.37,1,1,0.212,0.15,0.52,0.014,0.046,-0.003,-0.008,53.67,37.75
"2024-11-12 06:00:00",8759,12.36,1,1,0.23,0.15,0.58,0.014,0.052,0.003,0,51.63,38.47
"2024-11-12 06:30:00",8760,12.36,1,1,0.161,0.06,0.45,0.005,0.04,-0.008,-0.01,51.69,38.27
"2024-11-12 07:00:00",8761,12.36,1,1,0.193,0.13,0.48,0.011,0.043,-0.005,-0.01,52.46,37.22
"2024-11-12 07:30:00",8762,12.36,1,1,0.182,0.06,0.52,0.006,0.046,-0.008,-0.01,52.07,38.8
"2024-11-12 08:00:00",8763,12.36,1,1,0.278,0.22,0.66,0.019,0.058,-0.003,-0.003,52.67,37.43
"2024-11-12 08:30:00",8764,12.36,1,1,0.699,0.89,1.31,0.078,0.116,0.059,0.033,54.23,37.9
"2024-11-12 09:00:00",8765,12.36,1,1,1.255,1.55,2.4,0.137,0.212,0.11,0.09,53.36,40.51
"2024-11-12 09:30:00",8766,12.36,1,1,1.773,2.24,3.34,0.198,0.296,0.159,0.136,54.46,42.13
"2024-11-12 10:00:00",8767,12.36,1,1,2.238,2.87,4.17,0.254,0.369,0.216,0.194,55.29,42.54
"2024-11-12 10:30:00",8768,12.36,1,1,2.553,3.34,4.69,0.295,0.415,0.256,0.22,55.89,43.72
"2024-11-12 11:00:00",8769,12.36,1,1,2.9,3.83,5.29,0.339,0.469,0.284,0.251,54.58,43.51
"2024-11-12 11:30:00",8770,12.36,1,1,3.171,4.23,5.74,0.374,0.508,0.308,0.26,56.82,46.31
"2024-11-12 12:00:00",8771,12.35,1,1,3.451,4.62,6.23,0.409,0.551,0.341,0.299,55.08,43.32
"2024-11-12 12:30:00",8772,12.36,1,1,3.577,4.76,6.49,0.421,0.574,0.354,0.314,56.05,44.14
"2024-11-12 13:00:00",8773,12.36,1,1,3.806,5.05,6.92,0.447,0.612,0.376,0.337,54.9,43.57
"2024-11-12 13:30:00",8774,12.36,1,1,3.864,5.13,7.02,0.454,0.621,0.381,0.346,55.85,44.1
"2024-11-12 14:00:00",8775,12.36,1,1,3.842,5.14,6.94,0.455,0.614,0.38,0.336,56.01,43.68
"2024-11-12 14:30:00",8776,12.35,1,1,3.877,5.17,7.02,0.457,0.621,0.381,0.34,56.47,43.73
"2024-11-12 15:00:00",8777,12.35,1,1,3.832,5.12,6.93,0.453,0.613,0.375,0.328,55.17,43.83
"2024-11-12 15:30:00",8778,12.35,1,1,3.613,4.85,6.51,0.429,0.576,0.355,0.307,56.16,44.15
"2024-11-12 16:00:00",8779,12.35,1,1,3.6,4.82,6.5,0.426,0.575,0.35,0.301,54.77,43.42
"2024-11-12 16:30:00",8780,12.35,1,1,3.429,4.61,6.17,0.408,0.547,0.333,0.283,54.51,42.75
"2024-11-12 17:00:00",8781,12.35,1,1,3.142,4.19,5.69,0.371,0.503,0.303,0.26,53.26,42.49
"2024-11-12 17:30:00",8782,12.35,1,1,2.751,3.71,4.94,0.328,0.437,0.265,0.224,53.63,42.7
"2024-11-12 18:00:00",8783,12.35,1,1,2.182,2.94,3.92,0.26,0.347,0.206,0.168,53.83,41.66
"2024-11-12 18:30:00",8784,12.35,1,1,1.698,2.27,3.07,0.201,0.271,0.16,0.124,52.54,39.69
"2024-11-12 19:00:00",8785,12.34,1,1,1.239,1.58,2.32,0.14,0.205,0.108,0.088,55.18,39.42
"2024-11-12 19:30:00",8786,12.34,1,1,1.001,1.29,1.86,0.114,0.165,0.091,0.063,52.73,39.57
"2024-11-12 20:00:00",8787,12.33,1,1,0.899,1.15,1.68,0.102,0.148,0.073,0.053,52.54,38.7
"2024-11-12 20:30:00",8788,12.33,1,1,0.701,0.8,1.41,0.071,0.125,0.045,0.041,51.7,38.28
"2024-11-12 21:00:00",8789,12.33,1,1,0.661,0.85,1.23,0.075,0.109,0.05,0.031,53.16,37.65
"2024-11-12 21:30:00",8790,12.33,1,1,0.536,0.6,1.09,0.053,0.096,0.032,0.02,52.5,38.5
"2024-11-12 22:00:00",8791,12.33,1,1,0.515,0.63,0.99,0.056,0.088,0.032,0.015,53.06,37.55
"2024-11-12 22:30:00",8792,12.33,1,1,0.483,0.57,0.95,0.051,0.084,0.026,0.01,51.49,38.48
"2024-11-12 23:00:00",8793,12.32,1,1,0.451,0.54,0.88,0.048,0.078,0.029,0.01,52.48,37.96
"2024-11-12 23:30:00",8794,12.32,1,1,0.425,0.5,0.84,0.044,0.075,0.024,0.008,52.43,39.16
"2024-11-13 00:00:00",8795,12.32,1,1,0.336,0.32,0.74,0.028,0.066,0.011,0.008,52.54,38.54
"2024-11-13 00:30:00",8796,12.32,1,1,0.391,0.46,0.77,0.041,0.068,0.023,0.005,52.57,38.89
"2024-11-13 01:00:00",8797,12.32,1,1,0.336,0.32,0.74,0.028,0.065,0.013,0,51.56,37.3
"2024-11-13 01:30:00",8798,12.32,1,1,0.474,0.65,0.84,0.057,0.074,0.039,0.01,52.31,38.48
"2024-11-13 02:00:00",8799,12.31,1,1,0.313,0.25,0.74,0.022,0.065,0.008,0.005,53.28,37.61
"2024-11-13 02:30:00",8800,12.31,1,1,0.435,0.56,0.81,0.049,0.071,0.026,0.005,52.59,39.17
"2024-11-13 03:00:00",8801,12.31,1,1,0.293,0.16,0.77,0.014,0.069,0.003,0.005,51.36,36.68
"2024-11-13 03:30:00",8802,12.3,1,1,0.412,0.46,0.84,0.041,0.075,0.026,0.008,52.76,36.84
"2024-11-13 04:00:00",8803,12.3,1,1,0.346,0.38,0.71,0.034,0.063,0.016,0,52.3,38.04
"2024-11-13 04:30:00",8804,12.3,1,1,0.416,0.5,0.81,0.044,0.072,0.029,0.008,53.3,37.79
"2024-11-13 05:00:00",8805,12.3,1,1,0.406,0.47,0.81,0.041,0.071,0.021,0.01,52.01,39.14
"2024-11-13 05:30:00",8806,12.3,1,1,0.396,0.41,0.84,0.036,0.075,0.018,0.008,52.12,38.52
"2024-11-13 06:00:00",8807,12.3,1,1,0.384,0.44,0.77,0.039,0.069,0.021,0.005,52.31,38.05
"2024-11-13 06:30:00",8808,12.29,1,1,0.465,0.65,0.81,0.058,0.071,0.034,0.008,52.79,38.11
"2024-11-13 07:00:00",8809,12.29,1,1,0.406,0.47,0.81,0.042,0.072,0.021,0.008,51.75,37.89
"2024-11-13 07:30:00",8810,12.29,1,1,0.445,0.59,0.81,0.052,0.072,0.034,0.01,52.17,38.74
"2024-11-13 08:00:00",8811,12.29,1,1,0.387,0.38,0.84,0.033,0.074,0.018,0.01,51.92,37.91
"2024-11-13 08:30:00",8812,12.29,1,1,0.658,0.89,1.18,0.079,0.104,0.059,0.028,52.89,38.21
"2024-11-13 09:00:00",8813,12.29,1,1,0.883,1.05,1.73,0.093,0.153,0.07,0.056,53.06,39.36
"2024-11-13 09:30:00",8814,12.28,1,1,1.226,1.51,2.35,0.134,0.208,0.109,0.093,54.56,40.13
"2024-11-13 10:00:00",8815,12.28,1,1,1.402,1.84,2.57,0.163,0.227,0.13,0.101,53.78,39.93
"2024-11-13 10:30:00",8816,12.28,1,1,1.449,1.79,2.77,0.158,0.245,0.127,0.115,53.82,41.22
"2024-11-13 11:00:00",8817,12.28,1,1,1.576,1.99,2.97,0.176,0.263,0.145,0.129,53.97,42.62
"2024-11-13 11:30:00",8818,12.28,1,1,1.751,2.26,3.25,0.2,0.288,0.165,0.143,54.54,40.85
"2024-11-13 12:00:00",8819,12.29,1,1,1.854,2.46,3.37,0.218,0.298,0.18,0.147,55.67,41.15
"2024-11-13 12:30:00",8820,12.29,1,1,2,2.61,3.68,0.231,0.326,0.178,0.161,53.18,41.83
"2024-11-13 13:00:00",8821,12.28,1,1,2.128,2.88,3.81,0.255,0.337,0.211,0.17,54.57,41.82
"2024-11-13 13:30:00",8822,12.28,1,1,2.246,3.05,4.01,0.27,0.355,0.223,0.179,55.04,42.29
"2024-11-13 14:00:00",8823,12.28,1,1,2.38,3.27,4.21,0.289,0.373,0.235,0.187,55.77,42.34
"2024-11-13 14:30:00",8824,12.28,1,1,2.433,3.27,4.38,0.289,0.388,0.23,0.197,55.46,42.46
"2024-11-13 15:00:00",8825,12.28,1,1,2.5,3.36,4.5,0.297,0.398,0.241,0.204,54.9,43.13
"2024-11-13 15:30:00",8826,12.29,1,1,2.457,3.15,4.58,0.279,0.405,0.229,0.207,53.79,42.03
"2024-11-13 16:00:00",8827,12.28,1,1,2.57,3.46,4.62,0.306,0.409,0.25,0.21,55.03,42.03
"2024-11-13 16:30:00",8828,12.28,1,1,2.48,3.3,4.5,0.292,0.398,0.242,0.202,55.04,43.28
"2024-11-13 17:00:00",8829,12.28,1,1,2.302,3.06,4.18,0.271,0.37,0.221,0.188,53.69,42.08
"2024-11-13 17:30:00",8830,12.28,1,1,2.076,2.71,3.82,0.24,0.338,0.192,0.166,53.65,41.88
"2024-11-13 18:00:00",8831,12.28,1,1,1.847,2.42,3.39,0.214,0.3,0.169,0.14,54.33,40.9
"2024-11-13 18:30:00",8832,12.28,1,1,1.641,2.18,2.98,0.193,0.264,0.146,0.117,52.73,40.13
"2024-11-13 19:00:00",8833,12.28,1,1,1.425,1.97,2.51,0.174,0.222,0.131,0.092,52.58,39.98
"2024-11-13 19:30:00",8834,12.27,1,1,1.147,1.47,2.14,0.13,0.189,0.101,0.075,52.89,39.04
"2024-11-13 20:00:00",8835,12.26,1,1,0.982,1.24,1.85,0.11,0.164,0.08,0.062,51.85,38.99
"2024-11-13 20:30:00",8836,12.26,1,1,0.912,1.19,1.68,0.105,0.149,0.075,0.046,52.68,38.83
"2024-11-13 21:00:00",8837,12.26,1,1,0.788,0.99,1.49,0.087,0.132,0.066,0.041,51.19,38.42
"2024-11-13 21:30:00",8838,12.26,1,1,0.718,0.9,1.36,0.079,0.12,0.056,0.036,52.31,38.46
"2024-11-13 22:00:00",8839,12.25,1,1,0.67,0.83,1.28,0.073,0.113,0.05,0.028,53.52,38.42
"2024-11-13 22:30:00",8840,12.25,1,1,0.594,0.77,1.1,0.068,0.098,0.045,0.023,51.92,38.22
"2024-11-13 23:00:00",8841,12.24,1,1,0.527,0.63,1.03,0.056,0.091,0.034,0.018,52.37,38.52
"2024-11-13 23:30:00",8842,12.25,1,1,0.483,0.63,0.89,0.056,0.079,0.037,0.01,52.03,38.17
"2024-11-14 00:00:00",8843,12.24,1,1,0.467,0.54,0.93,0.048,0.082,0.029,0.013,51.54,38.94
"2024-11-14 00:30:00",8844,12.24,1,1,0.493,0.66,0.89,0.059,0.079,0.034,0.01,53.36,38.94
"2024-11-14 01:00:00",8845,12.24,1,1,0.32,0.29,0.72,0.026,0.063,0.011,0,52.36,37.83
"2024-11-14 01:30:00",8846,12.24,1,1,0.384,0.44,0.77,0.039,0.069,0.024,0.005,51.93,37.83
"2024-11-14 02:00:00",8847,12.23,1,1,0.343,0.41,0.67,0.036,0.059,0.018,0,53.51,37.99
"2024-11-14 02:30:00",8848,12.23,1,1,0.374,0.41,0.77,0.036,0.069,0.021,0.003,53.49,37.98
"2024-11-14 03:00:00",8849,12.23,1,1,0.375,0.44,0.74,0.039,0.066,0.026,0.005,53.26,38.99
"2024-11-14 03:30:00",8850,12.23,1,1,0.406,0.44,0.84,0.039,0.075,0.024,0.005,52.26,38.67
"2024-11-14 04:00:00",8851,12.23,1,1,0.46,0.55,0.9,0.049,0.08,0.034,0.01,52.78,38.1
"2024-11-14 04:30:00",8852,12.23,1,1,0.483,0.65,0.87,0.057,0.077,0.036,0.013,53.56,38.04
"2024-11-14 05:00:00",8853,12.22,1,1,0.441,0.52,0.87,0.046,0.077,0.031,0.008,52.47,38.62
"2024-11-14 05:30:00",8854,12.23,1,1,0.432,0.53,0.83,0.047,0.074,0.029,0.01,52.72,38.3
"2024-11-14 06:00:00",8855,12.23,1,1,0.394,0.47,0.77,0.041,0.068,0.024,0.005,53.03,38.93
"2024-11-14 06:30:00",8856,12.23,1,1,0.34,0.41,0.66,0.036,0.059,0.021,0,52.05,38.88
"2024-11-14 07:00:00",8857,12.23,1,1,0.381,0.47,0.73,0.041,0.065,0.021,0.003,52.72,38.46
"2024-11-14 07:30:00",8858,12.23,1,1,0.339,0.37,0.7,0.033,0.062,0.021,0.003,52.82,38.14
"2024-11-14 08:00:00",8859,12.23,1,1,0.391,0.5,0.73,0.044,0.065,0.021,0,52.85,38.86
"2024-11-14 08:30:00",8860,12.23,1,1,0.489,0.58,0.96,0.051,0.085,0.036,0.018,53.9,39.23
"2024-11-14 09:00:00",8861,12.23,1,1,0.642,0.79,1.23,0.07,0.108,0.049,0.035,53.84,39.17
"2024-11-14 09:30:00",8862,12.23,1,1,0.829,1.03,1.58,0.091,0.139,0.073,0.053,55.04,40.36
"2024-11-14 10:00:00",8863,12.23,1,1,1.02,1.3,1.91,0.115,0.169,0.091,0.072,55.24,39.99
"2024-11-14 10:30:00",8864,12.23,1,1,1.201,1.53,2.25,0.136,0.199,0.109,0.09,55.81,40.57
"2024-11-14 11:00:00",8865,12.23,1,1,1.411,1.78,2.66,0.157,0.236,0.13,0.112,55.49,40.41
"2024-11-14 11:30:00",8866,12.23,1,1,1.608,2.07,2.99,0.183,0.265,0.148,0.127,53.5,40.08
"2024-11-14 12:00:00",8867,12.23,1,1,1.624,2.07,3.04,0.183,0.269,0.147,0.128,52.62,40.87
"2024-11-14 12:30:00",8868,12.24,1,1,1.602,2.09,2.95,0.185,0.261,0.147,0.123,53.78,41.04
"2024-11-14 13:00:00",8869,12.23,1,1,1.59,2.09,2.91,0.185,0.258,0.15,0.118,54.77,40.52
"2024-11-14 13:30:00",8870,12.23,1,1,1.64,2.13,3.03,0.188,0.268,0.147,0.126,54.75,40.76
"2024-11-14 14:00:00",8871,12.23,1,1,1.612,2.12,2.95,0.188,0.261,0.153,0.126,53.71,40.71
"2024-11-14 14:30:00",8872,12.23,1,1,1.663,2.16,3.07,0.191,0.272,0.155,0.127,56.13,42.14
"2024-11-14 15:00:00",8873,12.23,1,1,1.729,2.25,3.19,0.199,0.282,0.161,0.133,55.47,40.39
"2024-11-14 15:30:00",8874,12.23,1,1,1.72,2.27,3.14,0.201,0.278,0.164,0.133,54.26,40.85
"2024-11-14 16:00:00",8875,12.23,1,1,1.675,2.18,3.09,0.193,0.274,0.157,0.13,54.91,41.49
"2024-11-14 16:30:00",8876,12.23,1,1,1.672,2.21,3.05,0.196,0.27,0.154,0.123,52.66,40.08
"2024-11-14 17:00:00",8877,12.23,1,1,1.542,2,2.85,0.177,0.252,0.141,0.114,53.51,41.34
"2024-11-14 17:30:00",8878,12.23,1,1,1.322,1.69,2.47,0.149,0.219,0.118,0.096,52.63,40.04
"2024-11-14 18:00:00",8879,12.23,1,1,1.096,1.4,2.05,0.124,0.181,0.099,0.073,52.93,39.77
"2024-11-14 18:30:00",8880,12.23,1,1,0.855,1.09,1.6,0.097,0.141,0.073,0.051,52.62,39.62
"2024-11-14 19:00:00",8881,12.23,1,1,0.667,0.78,1.32,0.069,0.117,0.05,0.036,54.77,39.27
"2024-11-14 19:30:00",8882,12.23,1,1,0.486,0.56,0.97,0.05,0.086,0.029,0.018,52.18,37.92
"2024-11-14 20:00:00",8883,12.22,1,1,0.387,0.38,0.84,0.033,0.074,0.018,0.01,52.22,39.37
"2024-11-14 20:30:00",8884,12.22,1,1,0.333,0.35,0.7,0.031,0.062,0.013,0.003,51.9,38.07
"2024-11-14 21:00:00",8885,12.22,1,1,0.317,0.34,0.66,0.03,0.059,0.016,0,53.87,37.69
"2024-11-14 21:30:00",8886,12.22,1,1,0.237,0.19,0.56,0.017,0.049,0.003,-0.005,50.56,37.14
"2024-11-14 22:00:00",8887,12.22,1,1,0.237,0.19,0.56,0.017,0.049,0.003,-0.008,51.82,38.56
"2024-11-14 22:30:00",8888,12.21,1,1,0.247,0.22,0.56,0.019,0.049,0.005,-0.01,51.38,37.96
"2024-11-14 23:00:00",8889,12.22,1,1,0.225,0.19,0.52,0.017,0.046,0.003,-0.008,53.95,38.61
"2024-11-14 23:30:00",8890,12.21,1,1,0.225,0.19,0.52,0.017,0.046,0.003,-0.008,52.04,38.05
"2024-11-15 00:00:00",8891,12.21,1,1,0.193,0.16,0.45,0.014,0.04,0,-0.015,53.05,37.55
"2024-11-15 00:30:00",8892,12.21,1,1,0.18,0.12,0.45,0.011,0.04,0,-0.008,51.74,38.06
"2024-11-15 01:00:00",8893,12.21,1,1,0.183,0.13,0.45,0.011,0.04,0,-0.008,52.33,38.08
"2024-11-15 01:30:00",8894,12.21,1,1,0.196,0.16,0.46,0.014,0.04,0.003,-0.013,52.16,38.59
"2024-11-15 02:00:00",8895,12.2,1,1,0.151,0.06,0.42,0.006,0.037,-0.003,-0.015,52.07,37.81
"2024-11-15 02:30:00",8896,12.2,1,1,0.139,0.09,0.35,0.008,0.031,-0.005,-0.015,52.57,38.58
"2024-11-15 03:00:00",8897,12.2,1,1,0.12,0.06,0.32,0.006,0.028,-0.008,-0.018,52.16,38.06
"2024-11-15 03:30:00",8898,12.2,1,1,0.13,0.09,0.32,0.008,0.028,-0.005,-0.018,51.97,38.13
"2024-11-15 04:00:00",8899,12.2,1,1,0.1,0,0.32,0,0.028,-0.011,-0.016,51.66,37.98
"2024-11-15 04:30:00",8900,12.2,1,1,0.142,0.1,0.35,0.008,0.031,-0.005,-0.016,51.5,38.49
"2024-11-15 05:00:00",8901,12.2,1,1,0.164,0.13,0.39,0.011,0.034,-0.005,-0.015,53.7,38.19
"2024-11-15 05:30:00",8902,12.19,1,1,0.216,0.22,0.46,0.019,0.04,0.005,-0.01,52.37,38.12
"2024-11-15 06:00:00",8903,12.19,1,1,0.196,0.13,0.49,0.011,0.044,-0.003,-0.01,51.97,37.56
"2024-11-15 06:30:00",8904,12.19,1,1,0.161,0.09,0.42,0.008,0.037,-0.003,-0.013,51.76,37.76
"2024-11-15 07:00:00",8905,12.19,1,1,0.184,0.16,0.42,0.014,0.037,0,-0.01,53.02,38.34
"2024-11-15 07:30:00",8906,12.19,1,1,0.164,0.13,0.39,0.011,0.034,0,-0.016,52.17,37.91
"2024-11-15 08:00:00",8907,12.19,1,1,0.162,0.19,0.32,0.017,0.028,0,-0.018,51.66,37.82
"2024-11-15 08:30:00",8908,12.18,1,1,0.225,0.25,0.46,0.022,0.041,0.005,-0.013,52.7,38.44
"2024-11-15 09:00:00",8909,12.18,1,1,0.31,0.28,0.7,0.025,0.062,0.011,0.003,52.36,38.77
"2024-11-15 09:30:00",8910,12.19,1,1,0.447,0.5,0.91,0.044,0.08,0.026,0.013,53.16,39.47
"2024-11-15 10:00:00",8911,12.18,1,1,0.747,0.93,1.42,0.082,0.126,0.06,0.041,54.3,39.06
"2024-11-15 10:30:00",8912,12.18,1,1,1.096,1.33,2.12,0.117,0.187,0.095,0.077,53.05,41.29
"2024-11-15 11:00:00",8913,12.18,1,1,1.576,1.96,3,0.174,0.266,0.143,0.131,56.42,41.34
"2024-11-15 11:30:00",8914,12.18,1,1,2.015,2.62,3.72,0.232,0.329,0.193,0.169,56.63,40.72
"2024-11-15 12:00:00",8915,12.18,1,1,2.369,3.13,4.32,0.277,0.383,0.23,0.194,54.45,42.69
"2024-11-15 12:30:00",8916,12.17,1,1,2.557,3.44,4.6,0.305,0.407,0.252,0.208,55.19,41.61
"2024-11-15 13:00:00",8917,12.18,1,1,2.559,3.34,4.71,0.295,0.417,0.251,0.223,55.2,43.18
"2024-11-15 13:30:00",8918,12.18,1,1,2.748,3.66,4.98,0.324,0.44,0.274,0.231,53.92,42.33
"2024-11-15 14:00:00",8919,12.18,1,1,2.932,3.9,5.32,0.345,0.471,0.293,0.252,56.55,43.54
"2024-11-15 14:30:00",8920,12.17,1,1,2.973,3.97,5.38,0.351,0.476,0.299,0.256,56.85,43.43
"2024-11-15 15:00:00",8921,12.18,1,1,3.009,4.07,5.39,0.36,0.477,0.3,0.256,53.9,43.97
"2024-11-15 15:30:00",8922,12.18,1,1,2.971,4.02,5.32,0.356,0.471,0.291,0.248,55.87,42.71
"2024-11-15 16:00:00",8923,12.17,1,1,2.875,3.88,5.16,0.344,0.457,0.28,0.241,54.59,43.67
"2024-11-15 16:30:00",8924,12.18,1,1,2.795,3.73,5.06,0.33,0.448,0.272,0.232,54.24,43.58
"2024-11-15 17:00:00",8925,12.18,1,1,2.63,3.53,4.74,0.312,0.42,0.256,0.215,53.95,42.34
"2024-11-15 17:30:00",8926,12.17,1,1,2.28,3.05,4.12,0.27,0.364,0.213,0.179,53.51,42.02
"2024-11-15 18:00:00",8927,12.17,1,1,1.851,2.49,3.33,0.221,0.295,0.175,0.139,53.83,40.67
"2024-11-15 18:30:00",8928,12.17,1,1,1.396,1.84,2.55,0.163,0.225,0.123,0.096,53.13,39.85
"2024-11-15 19:00:00",8929,12.17,1,1,1.039,1.33,1.94,0.117,0.172,0.089,0.065,52.38,39.37
"2024-11-15 19:30:00",8930,12.17,1,1,0.775,0.9,1.54,0.079,0.136,0.059,0.042,52.18,40.84
"2024-11-15 20:00:00",8931,12.17,1,1,0.664,0.82,1.27,0.072,0.113,0.05,0.036,52.24,39.64
"2024-11-15 20:30:00",8932,12.16,1,1,0.508,0.57,1.03,0.051,0.091,0.029,0.018,52.02,39.43
"2024-11-15 21:00:00",8933,12.16,1,1,0.422,0.48,0.85,0.042,0.076,0.024,0.008,54.25,39.32
"2024-11-15 21:30:00",8934,12.16,1,1,0.38,0.38,0.82,0.034,0.072,0.019,0.003,53.23,38.55
"2024-11-15 22:00:00",8935,12.15,1,1,0.326,0.32,0.71,0.028,0.063,0.013,0,52.82,38.4
"2024-11-15 22:30:00",8936,12.16,1,1,0.295,0.29,0.64,0.026,0.057,0.011,-0.003,52.2,38.51
"2024-11-15 23:00:00",8937,12.15,1,1,0.241,0.22,0.54,0.02,0.047,0.005,-0.005,51.52,38.92
"2024-11-15 23:30:00",8938,12.15,1,1,0.25,0.22,0.57,0.02,0.05,0.005,-0.01,51.96,37.7
"2024-11-16 00:00:00",8939,12.15,1,1,0.218,0.19,0.5,0.017,0.045,0,-0.008,51.86,38.02
"2024-11-16 00:30:00",8940,12.15,1,1,0.19,0.13,0.47,0.011,0.041,-0.003,-0.011,51.26,38.51
"2024-11-16 01:00:00",8941,12.15,1,1,0.199,0.16,0.47,0.014,0.041,-0.003,-0.008,51.21,38.19
"2024-11-16 01:30:00",8942,12.14,1,1,0.19,0.13,0.47,0.011,0.041,-0.003,-0.011,51.33,37.63
"2024-11-16 02:00:00",8943,12.14,1,1,0.177,0.13,0.43,0.011,0.038,-0.003,-0.013,52,37.32
"2024-11-16 02:30:00",8944,12.14,1,1,0.158,0.1,0.4,0.009,0.035,-0.003,-0.013,52.06,37.79
"2024-11-16 03:00:00",8945,12.13,1,1,0.199,0.16,0.47,0.014,0.041,0,-0.013,51.74,38.56
"2024-11-16 03:30:00",8946,12.14,1,1,0.199,0.16,0.47,0.014,0.041,0,-0.013,52.94,38
"2024-11-16 04:00:00",8947,12.13,1,1,0.209,0.19,0.47,0.017,0.041,0,-0.011,52.79,38.78
"2024-11-16 04:30:00",8948,12.13,1,1,0.219,0.22,0.47,0.02,0.041,0.005,-0.011,52.48,37.79
"2024-11-16 05:00:00",8949,12.13,1,1,0.196,0.16,0.46,0.014,0.041,-0.003,-0.01,53.73,38.06
"2024-11-16 05:30:00",8950,12.12,1,1,0.196,0.16,0.46,0.014,0.041,0,-0.01,52.74,38.47
"2024-11-16 06:00:00",8951,12.13,1,1,0.228,0.22,0.5,0.02,0.044,0.003,-0.01,51.94,38.51
"2024-11-16 06:30:00",8952,12.13,1,1,0.196,0.16,0.46,0.014,0.041,0.003,-0.011,51.73,38.46
"2024-11-16 07:00:00",8953,12.12,1,1,0.196,0.16,0.46,0.014,0.041,0.003,-0.01,51.23,38.63
"2024-11-16 07:30:00",8954,12.12,1,1,0.218,0.19,0.5,0.017,0.044,0.003,-0.008,51.69,38.1
"2024-11-16 08:00:00",8955,12.12,1,1,0.206,0.19,0.46,0.017,0.041,0.003,-0.01,52.19,38.33
"2024-11-16 08:30:00",8956,12.12,1,1,0.282,0.25,0.64,0.022,0.057,0.008,0,52.33,38.06
"2024-11-16 09:00:00",8957,12.12,1,1,0.501,0.56,1.02,0.05,0.09,0.034,0.018,54.1,38.84
"2024-11-16 09:30:00",8958,12.12,1,1,0.826,0.99,1.61,0.088,0.142,0.069,0.056,56,39.91
"2024-11-16 10:00:00",8959,12.11,1,1,1.369,1.7,2.61,0.15,0.231,0.121,0.106,54.58,39.23
"2024-11-16 10:30:00",8960,12.12,1,1,1.818,2.3,3.42,0.204,0.302,0.176,0.163,60.36,40.84
"2024-11-16 11:00:00",8961,12.12,1,1,2.492,3.25,4.59,0.288,0.407,0.247,0.222,56.84,43.01
"2024-11-16 11:30:00",8962,12.12,1,1,2.986,4.01,5.38,0.355,0.476,0.304,0.262,59.04,42.96
"2024-11-16 12:00:00",8963,12.12,1,1,3.246,4.27,5.94,0.378,0.526,0.323,0.289,55.25,43.76
"2024-11-16 12:30:00",8964,12.12,1,1,3.412,4.49,6.24,0.398,0.552,0.343,0.311,54.93,44.28
"2024-11-16 13:00:00",8965,12.12,1,1,3.641,4.86,6.59,0.43,0.584,0.369,0.322,56.7,43.28
"2024-11-16 13:30:00",8966,12.13,1,1,3.754,5.11,6.69,0.453,0.592,0.373,0.322,56.12,43.96
"2024-11-16 14:00:00",8967,12.13,1,1,3.784,5.04,6.86,0.446,0.607,0.382,0.343,55.87,45.37
"2024-11-16 14:30:00",8968,12.13,1,1,3.763,5.12,6.71,0.453,0.594,0.383,0.333,55.09,44.59
"2024-11-16 15:00:00",8969,12.13,1,1,3.692,4.96,6.65,0.439,0.589,0.368,0.325,54.94,43.86
"2024-11-16 15:30:00",8970,12.13,1,1,3.674,5.03,6.52,0.446,0.577,0.375,0.319,53.64,44.8
"2024-11-16 16:00:00",8971,12.13,1,1,3.461,4.74,6.14,0.419,0.544,0.341,0.291,55.72,43.55
"2024-11-16 16:30:00",8972,12.13,1,1,3.295,4.48,5.88,0.396,0.521,0.324,0.275,56.33,45
"2024-11-16 17:00:00",8973,12.12,1,1,2.958,4.01,5.29,0.355,0.468,0.291,0.244,53.59,42.41
"2024-11-16 17:30:00",8974,12.13,1,1,2.455,3.32,4.4,0.294,0.39,0.238,0.197,54.12,41.54
"2024-11-16 18:00:00",8975,12.12,1,1,1.851,2.48,3.34,0.219,0.296,0.176,0.14,52.17,41.5
"2024-11-16 18:30:00",8976,12.12,1,1,1.387,1.88,2.48,0.167,0.22,0.13,0.094,53.21,39.53
"2024-11-16 19:00:00",8977,12.12,1,1,1.052,1.36,1.95,0.121,0.173,0.092,0.065,52.8,39.22
"2024-11-16 19:30:00",8978,12.12,1,1,0.839,1.08,1.56,0.095,0.138,0.071,0.045,53.6,39.18
"2024-11-16 20:00:00",8979,12.12,1,1,0.705,0.88,1.34,0.078,0.119,0.054,0.034,52.4,38.71
"2024-11-16 20:30:00",8980,12.11,1,1,0.594,0.71,1.16,0.063,0.103,0.041,0.024,51.62,39.02
"2024-11-16 21:00:00",8981,12.11,1,1,0.507,0.55,1.05,0.048,0.093,0.027,0.013,53.1,37.86
"2024-11-16 21:30:00",8982,12.11,1,1,0.409,0.42,0.87,0.038,0.077,0.019,0.011,51.52,38.09
"2024-11-16 22:00:00",8983,12.11,1,1,0.409,0.46,0.83,0.04,0.074,0.022,0.008,51.51,37.67
"2024-11-16 22:30:00",8984,12.1,1,1,0.358,0.36,0.77,0.032,0.068,0.014,0.003,52.25,37.99
"2024-11-16 23:00:00",8985,12.1,1,1,0.314,0.3,0.69,0.026,0.061,0.014,0,51.69,38.93
"2024-11-16 23:30:00",8986,12.1,1,1,0.298,0.29,0.65,0.026,0.058,0.008,0,52.03,38.61
"2024-11-17 00:00:00",8987,12.09,1,1,0.286,0.32,0.58,0.028,0.051,0.008,-0.008,54.34,38
"2024-11-17 00:30:00",8988,12.09,1,1,0.221,0.16,0.54,0.014,0.048,0,-0.008,52.89,38.2
"2024-11-17 01:00:00",8989,12.09,1,1,0.211,0.13,0.54,0.012,0.048,0,-0.005,52.1,37.58
"2024-11-17 01:30:00",8990,12.08,1,1,0.225,0.2,0.51,0.017,0.045,0.003,-0.008,51.79,38.2
"2024-11-17 02:00:00",8991,12.09,1,1,0.205,0.1,0.55,0.009,0.048,-0.006,-0.008,52,38.15
"2024-11-17 02:30:00",8992,12.08,1,1,0.222,0.23,0.47,0.02,0.042,0.003,-0.013,52.13,37.7
"2024-11-17 03:00:00",8993,12.08,1,1,0.225,0.2,0.51,0.017,0.045,0.005,-0.011,52.96,38.11
"2024-11-17 03:30:00",8994,12.08,1,1,0.212,0.16,0.51,0.014,0.045,0.003,-0.011,51.85,37.99
"2024-11-17 04:00:00",8995,12.08,1,1,0.244,0.26,0.51,0.023,0.045,0.003,-0.008,52.33,38.06
"2024-11-17 04:30:00",8996,12.07,1,1,0.193,0.13,0.48,0.012,0.042,-0.003,-0.011,52.44,37.49
"2024-11-17 05:00:00",8997,12.07,1,1,0.234,0.23,0.51,0.02,0.045,0.005,-0.005,52.01,37.74
"2024-11-17 05:30:00",8998,12.07,1,1,0.193,0.13,0.48,0.012,0.042,0,-0.011,51.85,37.84
"2024-11-17 06:00:00",8999,12.07,1,1,0.202,0.16,0.48,0.015,0.042,0.003,-0.011,52.61,38.33
"2024-11-17 06:30:00",9000,12.07,1,1,0.215,0.2,0.48,0.017,0.042,0.003,-0.011,52.34,37.91
"2024-11-17 07:00:00",9001,12.06,1,1,0.202,0.13,0.51,0.012,0.045,0,-0.011,52.2,38.18
"2024-11-17 07:30:00",9002,12.06,1,1,0.234,0.23,0.51,0.02,0.045,0.005,-0.008,52.33,37.88
"2024-11-17 08:00:00",9003,12.06,1,1,0.27,0.3,0.55,0.026,0.049,0.008,-0.008,51.53,38.08
"2024-11-17 08:30:00",9004,12.05,1,1,0.342,0.35,0.73,0.031,0.064,0.016,0.003,53.38,39.11
"2024-11-17 09:00:00",9005,12.05,1,1,0.569,0.69,1.1,0.061,0.097,0.042,0.024,54,39.31
"2024-11-17 09:30:00",9006,12.05,1,1,0.861,1.07,1.64,0.094,0.145,0.073,0.054,55.09,39.83
"2024-11-17 10:00:00",9007,12.05,1,1,1.122,1.42,2.11,0.126,0.187,0.1,0.08,55.11,40.27
"2024-11-17 10:30:00",9008,12.05,1,1,1.359,1.66,2.62,0.147,0.232,0.121,0.108,55.62,42.19
"2024-11-17 11:00:00",9009,12.05,1,1,1.736,2.27,3.19,0.201,0.282,0.172,0.142,55.87,42.44
"2024-11-17 11:30:00",9010,12.05,1,1,2.251,2.94,4.14,0.26,0.366,0.219,0.189,55.19,42.6
"2024-11-17 12:00:00",9011,12.05,1,1,2.569,3.38,4.7,0.299,0.416,0.252,0.22,56.65,43.07
"2024-11-17 12:30:00",9012,12.05,1,1,2.935,3.93,5.3,0.348,0.469,0.292,0.255,55.69,43.51
"2024-11-17 13:00:00",9013,12.06,1,1,3.288,4.4,5.94,0.39,0.525,0.332,0.291,55.59,43
"2024-11-17 13:30:00",9014,12.06,1,1,3.485,4.63,6.33,0.41,0.56,0.35,0.31,56.99,44.82
"2024-11-17 14:00:00",9015,12.06,1,1,3.648,4.94,6.53,0.437,0.578,0.369,0.325,55.22,44.72
"2024-11-17 14:30:00",9016,12.06,1,1,3.664,4.93,6.59,0.437,0.584,0.367,0.325,55.34,44.41
"2024-11-17 15:00:00",9017,12.06,1,1,3.624,4.97,6.42,0.44,0.568,0.371,0.314,55.87,43.69
"2024-11-17 15:30:00",9018,12.07,1,1,3.39,4.57,6.09,0.404,0.539,0.341,0.297,55.95,43.52
"2024-11-17 16:00:00",9019,12.07,1,1,3.187,4.32,5.7,0.382,0.504,0.317,0.27,54.53,43.76
"2024-11-17 16:30:00",9020,12.06,1,1,2.828,3.82,5.07,0.338,0.448,0.28,0.233,54.76,42.59
"2024-11-17 17:00:00",9021,12.06,1,1,2.404,3.23,4.33,0.286,0.383,0.23,0.191,54.5,41.07
"2024-11-17 17:30:00",9022,12.06,1,1,1.959,2.64,3.52,0.234,0.312,0.186,0.146,53.87,40.87
"2024-11-17 18:00:00",9023,12.06,1,1,1.536,2.05,2.78,0.182,0.246,0.14,0.105,53.54,40.52
"2024-11-17 18:30:00",9024,12.06,1,1,1.218,1.62,2.21,0.144,0.195,0.11,0.074,52.42,39.42
"2024-11-17 19:00:00",9025,12.06,1,1,0.937,1.19,1.76,0.105,0.156,0.074,0.056,51.61,39.18
"2024-11-17 19:30:00",9026,12.05,1,1,0.775,0.98,1.46,0.087,0.13,0.06,0.04,52.12,38.96
"2024-11-17 20:00:00",9027,12.05,1,1,0.677,0.85,1.28,0.075,0.114,0.052,0.027,52.23,38.65
"2024-11-17 20:30:00",9028,12.05,1,1,0.556,0.65,1.1,0.058,0.097,0.036,0.016,52.49,38.64
"2024-11-17 21:00:00",9029,12.04,1,1,0.502,0.59,0.99,0.052,0.088,0.033,0.016,51.97,38.54
"2024-11-17 21:30:00",9030,12.04,1,1,0.425,0.46,0.88,0.041,0.078,0.022,0.008,53.26,38.01
"2024-11-17 22:00:00",9031,12.04,1,1,0.403,0.43,0.84,0.038,0.075,0.019,0.005,52.23,38.13
"2024-11-17 22:30:00",9032,12.04,1,1,0.349,0.4,0.7,0.035,0.062,0.019,0.003,51.76,37.76
"2024-11-17 23:00:00",9033,12.04,1,1,0.323,0.33,0.69,0.029,0.061,0.014,0,51.99,37.99
"2024-11-17 23:30:00",9034,12.03,1,1,0.301,0.29,0.66,0.026,0.058,0.011,0,51.73,38.14
"2024-11-18 00:00:00",9035,12.03,1,1,0.269,0.26,0.59,0.023,0.052,0.008,-0.005,52.05,37.94
"2024-11-18 00:30:00",9036,12.03,1,1,0.237,0.2,0.55,0.018,0.049,0.005,-0.005,52.68,38
"2024-11-18 01:00:00",9037,12.02,1,1,0.247,0.23,0.55,0.021,0.049,0.005,-0.008,51.59,38.16
"2024-11-18 01:30:00",9038,12.02,1,1,0.215,0.13,0.55,0.012,0.049,0,-0.008,52.17,37.64
"2024-11-18 02:00:00",9039,12.02,1,1,0.247,0.23,0.55,0.02,0.049,0.003,-0.005,51.33,37.9
"2024-11-18 02:30:00",9040,12.02,1,1,0.234,0.23,0.51,0.02,0.046,0.005,-0.011,53,37.22
"2024-11-18 03:00:00",9041,12.01,1,1,0.238,0.23,0.52,0.02,0.046,0.005,-0.008,52.13,37.86
"2024-11-18 03:30:00",9042,12.01,1,1,0.257,0.26,0.55,0.023,0.049,0.008,-0.005,52.26,37.42
"2024-11-18 04:00:00",9043,12.01,1,1,0.234,0.23,0.51,0.02,0.046,0.005,-0.011,53.28,37.75
"2024-11-18 04:30:00",9044,12.01,1,1,0.225,0.23,0.48,0.02,0.042,0.003,-0.011,51.49,38.89
"2024-11-18 05:00:00",9045,12.01,1,1,0.225,0.2,0.51,0.017,0.045,0.005,-0.008,52.12,37.85
"2024-11-18 05:30:00",9046,12.01,1,1,0.225,0.2,0.51,0.017,0.045,0.003,-0.008,52.07,38.06
"2024-11-18 06:00:00",9047,12,1,1,0.225,0.2,0.51,0.017,0.045,0.005,-0.008,52.27,38.16
"2024-11-18 06:30:00",9048,12,1,1,0.199,0.16,0.47,0.014,0.042,0,-0.011,53.45,38.35
"2024-11-18 07:00:00",9049,12,1,1,0.177,0.16,0.4,0.014,0.036,0,-0.013,51.9,38.05
"2024-11-18 07:30:00",9050,12,1,1,0.158,0.1,0.4,0.009,0.036,-0.003,-0.016,52.63,37.79
"2024-11-18 08:00:00",9051,12,1,1,0.19,0.13,0.47,0.011,0.042,-0.003,-0.011,52.47,38.36
"2024-11-18 08:30:00",9052,12,1,1,0.244,0.26,0.51,0.023,0.045,0.008,-0.008,53.58,38.63
"2024-11-18 09:00:00",9053,12,1,1,0.412,0.44,0.86,0.039,0.076,0.024,0.011,53.2,39.35
"2024-11-18 09:30:00",9054,11.99,1,1,0.797,0.96,1.55,0.085,0.137,0.068,0.052,55.24,40.14
"2024-11-18 10:00:00",9055,12,1,1,1.287,1.61,2.44,0.143,0.216,0.12,0.101,56.48,40.8
"2024-11-18 10:30:00",9056,12,1,1,1.84,2.31,3.48,0.205,0.308,0.181,0.164,57.01,42.75
"2024-11-18 11:00:00",9057,11.99,1,1,2.483,3.24,4.57,0.287,0.404,0.25,0.223,57.65,43.25
"2024-11-18 11:30:00",9058,12,1,1,2.983,3.98,5.4,0.352,0.478,0.301,0.266,57.39,43.98
"2024-11-18 12:00:00",9059,12,1,1,3.201,4.15,5.92,0.367,0.524,0.315,0.29,55.46,43.14
"2024-11-18 12:30:00",9060,12.01,1,1,3.53,4.72,6.38,0.418,0.565,0.359,0.318,56.16,44.83
"2024-11-18 13:00:00",9061,12,1,1,3.765,5.04,6.8,0.446,0.602,0.387,0.337,55.88,45.22
"2024-11-18 13:30:00",9062,12.01,1,1,3.951,5.42,7,0.48,0.62,0.411,0.351,56.17,44.99
"2024-11-18 14:00:00",9063,12.01,1,1,3.922,5.31,7.02,0.47,0.621,0.393,0.35,54.14,45.47
