"TOA5","CR300Series_310","CR300","5804","CR300.Std.11.00","CPU:CR300_sapflow.CR300","32345","Table1"
"TIMESTAMP","RECORD","BattV_Min","id","SDI0","SapFlwTot0","VhOuter0","VhInner0","AlphaOut0","AlphaIn0","BetaOut0","BetaIn0","tMaxTout0","tMaxTin0"
"TS","RN","Volts","","","literPerHour","heatVelocity","heatVelocity","logTRatio","logTRatio","logTRatio","logTRatio","second","second"
"","","Min","Smp","Smp","Smp","Smp","Smp","Smp","Smp","Smp","Smp","Smp","Smp"
"2025-08-07 14:30:00",19057,12.97,310,0,0.005,-0.14,0.48,-0.014,0.039,-0.007,0.048,56.92,52.72
"2025-08-07 15:00:00",19058,12.9,310,0,0.001,-0.24,0.42,-0.022,0.035,-0.02,0.044,56.31,52.1
"2025-08-07 15:30:00",19059,12.9,310,0,0.007,-0.02,0.45,-0.003,0.037,-0.003,0.046,60.56,52.84
"2025-08-07 16:00:00",19060,12.9,310,0,0.004,-0.13,0.45,-0.013,0.037,-0.011,0.044,54.86,52.41
"2025-08-07 16:30:00",19061,12.9,310,0,0.004,-0.13,0.43,-0.013,0.036,-0.011,0.045,55.47,52.52
"2025-08-07 17:00:00",19062,12.9,310,0,0.005,-0.09,0.45,-0.01,0.037,-0.009,0.044,55.21,52.01
"2025-08-07 17:30:00",19063,12.9,310,0,0.002,-0.2,0.43,-0.019,0.036,-0.016,0.045,55.58,51.38
"2025-08-07 18:00:00",19064,12.9,310,0,0.004,-0.13,0.45,-0.013,0.037,-0.012,0.045,56.47,52.02
"2025-08-07 18:30:00",19065,12.89,310,0,0.005,-0.13,0.46,-0.013,0.038,-0.013,0.046,55.84,51.89
"2025-08-07 19:00:00",19066,12.89,310,0,0.006,-0.09,0.48,-0.009,0.04,-0.007,0.047,55.45,52
"2025-08-07 19:30:00",19067,12.89,310,0,0.005,-0.13,0.46,-0.013,0.039,-0.011,0.046,56.64,52.44
"2025-08-07 20:00:00",19068,12.89,310,0,0.005,-0.13,0.48,-0.013,0.039,-0.012,0.047,56.63,52.68
"2025-08-07 20:30:00",19069,12.88,310,0,0.004,-0.16,0.46,-0.015,0.038,-0.013,0.047,56.89,52.19
"2025-08-07 21:00:00",19070,12.88,310,0,0.006,-0.09,0.46,-0.009,0.038,-0.009,0.045,57.44,53.5
"2025-08-07 21:30:00",19071,12.87,310,0,0.005,-0.09,0.45,-0.009,0.038,-0.009,0.045,57.88,52.43
"2025-08-07 22:00:00",19072,12.88,310,0,0.004,-0.13,0.45,-0.013,0.038,-0.011,0.046,57.63,53.68
"2025-08-07 22:30:00",19073,12.87,310,0,0.006,-0.1,0.48,-0.011,0.039,-0.011,0.045,58.5,53.8
"2025-08-07 23:00:00",19074,12.87,310,0,0.005,-0.1,0.45,-0.011,0.037,-0.011,0.045,58.07,53.62
"2025-08-07 23:30:00",19075,12.87,310,0,0.006,-0.09,0.48,-0.009,0.039,-0.011,0.046,58.63,52.67
"2025-08-08 00:00:00",19076,12.87,310,0,0.004,-0.13,0.45,-0.013,0.037,-0.012,0.045,57.19,52.74
"2025-08-08 00:30:00",19077,12.87,310,0,0.005,-0.12,0.45,-0.011,0.038,-0.014,0.045,57.82,53.12
"2025-08-08 01:00:00",19078,12.87,310,0,0.005,-0.13,0.48,-0.013,0.039,-0.014,0.046,57.5,54.05
"2025-08-08 01:30:00",19079,12.86,310,0,0.005,-0.12,0.45,-0.011,0.037,-0.009,0.045,57.38,53.68
"2025-08-08 02:00:00",19080,12.86,310,0,0.006,-0.09,0.48,-0.009,0.039,-0.009,0.045,59.19,53.99
"2025-08-08 02:30:00",19081,12.86,310,0,0.004,-0.13,0.45,-0.013,0.038,-0.014,0.045,58.12,53.42
"2025-08-08 03:00:00",19082,12.86,310,0,0.006,-0.09,0.48,-0.009,0.039,-0.011,0.045,58.49,54.55
"2025-08-08 03:30:00",19083,12.86,310,0,0.005,-0.13,0.48,-0.013,0.039,-0.011,0.045,57.24,53.54
"2025-08-08 04:00:00",19084,12.85,310,0,0.004,-0.13,0.45,-0.013,0.037,-0.012,0.044,58.62,54.42
"2025-08-08 04:30:00",19085,12.85,310,0,0.005,-0.13,0.48,-0.013,0.039,-0.012,0.046,58.3,53.6
"2025-08-08 05:00:00",19086,12.85,310,0,0.006,-0.12,0.49,-0.011,0.041,-0.011,0.047,58.8,54.85
"2025-08-08 05:30:00",19087,12.85,310,0,0.005,-0.13,0.46,-0.013,0.038,-0.013,0.047,58.17,54.22
"2025-08-08 06:00:00",19088,12.84,310,0,0.006,-0.06,0.46,-0.007,0.038,-0.007,0.045,59.86,54.16
"2025-08-08 06:30:00",19089,12.84,310,0,0.004,-0.13,0.45,-0.013,0.037,-0.011,0.045,59.17,53.97
"2025-08-08 07:00:00",19090,12.84,310,0,0.005,-0.13,0.48,-0.012,0.04,-0.012,0.046,60.8,54.6
"2025-08-08 07:30:00",19091,12.84,310,0,0.006,-0.1,0.48,-0.01,0.039,-0.008,0.044,61.94,55.23
"2025-08-08 08:00:00",19092,12.84,310,0,0.008,-0.02,0.46,-0.003,0.039,-0.005,0.045,60.32,55.37
"2025-08-08 08:30:00",19093,12.84,310,0,0.003,-0.2,0.45,-0.019,0.037,-0.019,0.043,60.83,55.38
"2025-08-08 09:00:00",19094,12.84,310,0,0.008,0,0.48,0,0.039,0,0.043,62.04,56.58
"2025-08-08 09:30:00",19095,12.85,310,0,0.006,-0.06,0.45,-0.007,0.037,-0.008,0.043,62.16,55.2
"2025-08-08 10:00:00",19096,12.86,310,0,0.008,0,0.48,-0.002,0.039,-0.003,0.044,64.31,56.59
"2025-08-08 10:30:00",19097,12.86,310,0,-0.001,-0.31,0.35,-0.028,0.029,-0.027,0.039,58.42,53.47
"2025-08-08 11:00:00",19098,12.86,310,0,-0.005,-0.48,0.34,-0.042,0.028,-0.035,0.038,54.9,53.21
"2025-08-08 11:30:00",19099,12.87,310,0,0.009,-0.06,0.6,-0.007,0.05,-0.003,0.053,57.23,55.28
"2025-08-08 12:00:00",19100,12.87,310,0,0.01,0.18,0.31,0.015,0.026,0.029,0.029,91.7,56.32
"2025-08-08 12:30:00",19101,12.88,310,0,-0.005,-0.37,0.24,-0.032,0.02,-0.023,0.034,51.98,50.29
"2025-08-08 13:00:00",19102,12.88,310,0,-0.029,-1.38,0.27,-0.115,0.021,-0.078,0.035,48.79,52.11
"2025-08-08 13:30:00",19103,12.88,310,0,0.008,0,0.46,0,0.038,0,0.045,56.25,51.29
"2025-08-08 14:00:00",19104,12.88,310,0,0,-0.23,0.36,-0.021,0.03,-0.017,0.042,56.37,51.66
"2025-08-08 14:30:00",19105,12.88,310,0,0.035,0.99,0.57,0.082,0.048,0.1,0.052,84.7,52.91
"2025-08-08 15:00:00",19106,12.88,310,0,0.001,-0.23,0.39,-0.02,0.032,-0.017,0.041,52.16,50.46
"2025-08-08 15:30:00",19107,12.88,310,0,0.006,-0.07,0.45,-0.008,0.037,-0.008,0.045,54.97,50.52
"2025-08-08 16:00:00",19108,12.88,310,0,0.008,-0.03,0.49,-0.005,0.04,-0.003,0.047,58.55,52.09
"2025-08-08 16:30:00",19109,12.87,310,0,0.006,-0.09,0.46,-0.009,0.039,-0.007,0.046,59.04,52.33
"2025-08-08 17:00:00",19110,12.87,310,0,0,-0.27,0.39,-0.024,0.033,-0.022,0.042,56.35,52.65
"2025-08-08 17:30:00",19111,12.87,310,0,0.007,-0.05,0.48,-0.005,0.039,-0.005,0.046,56.1,51.9
"2025-08-08 18:00:00",19112,12.86,310,0,0.004,-0.13,0.42,-0.013,0.035,-0.015,0.044,56.84,51.64
"2025-08-08 18:30:00",19113,12.86,310,0,0.005,-0.13,0.48,-0.013,0.039,-0.014,0.045,56.71,52.26
"2025-08-08 19:00:00",19114,12.86,310,0,0.004,-0.14,0.46,-0.013,0.039,-0.011,0.047,55.27,51.57
"2025-08-08 19:30:00",19115,12.85,310,0,0.005,-0.12,0.45,-0.011,0.037,-0.011,0.047,55.83,51.88
"2025-08-08 20:00:00",19116,12.85,310,0,0.007,-0.05,0.46,-0.006,0.039,-0.006,0.046,55.63,52.69
"2025-08-08 20:30:00",19117,12.84,310,0,0.005,-0.13,0.49,-0.013,0.04,-0.015,0.047,56.76,52.06
"2025-08-08 21:00:00",19118,12.84,310,0,0.005,-0.1,0.46,-0.011,0.038,-0.012,0.047,58.33,53.13
"2025-08-08 21:30:00",19119,12.83,310,0,0.005,-0.13,0.46,-0.013,0.038,-0.013,0.046,57.57,52.37
"2025-08-08 22:00:00",19120,12.83,310,0,0.006,-0.1,0.52,-0.011,0.042,-0.01,0.048,59.95,53.75
"2025-08-08 22:30:00",19121,12.83,310,0,0.005,-0.09,0.43,-0.009,0.036,-0.011,0.045,57.63,53.18
"2025-08-08 23:00:00",19122,12.82,310,0,0.006,-0.09,0.46,-0.009,0.038,-0.007,0.046,57.37,53.93
"2025-08-08 23:30:00",19123,12.82,310,0,0.004,-0.16,0.46,-0.015,0.038,-0.015,0.046,57.87,52.92
"2025-08-09 00:00:00",19124,12.82,310,0,0.006,-0.09,0.48,-0.009,0.04,-0.009,0.046,57.74,54.3
"2025-08-09 00:30:00",19125,12.81,310,0,0.007,-0.09,0.5,-0.009,0.041,-0.011,0.047,57.8,53.1
"2025-08-09 01:00:00",19126,12.81,310,0,0.005,-0.12,0.48,-0.011,0.04,-0.011,0.046,59.17,53.97
"2025-08-09 01:30:00",19127,12.81,310,0,0.005,-0.12,0.46,-0.011,0.038,-0.013,0.044,58.49,53.04
"2025-08-09 02:00:00",19128,12.8,310,0,0.005,-0.12,0.48,-0.011,0.04,-0.013,0.046,59.35,53.65
"2025-08-09 02:30:00",19129,12.8,310,0,0.006,-0.09,0.48,-0.009,0.04,-0.011,0.047,59.47,54.03
"2025-08-09 03:00:00",19130,12.79,310,0,0.004,-0.16,0.48,-0.015,0.04,-0.013,0.046,58.66,54.21
"2025-08-09 03:30:00",19131,12.79,310,0,0.005,-0.13,0.48,-0.013,0.039,-0.013,0.046,59.04,55.09
"2025-08-09 04:00:00",19132,12.79,310,0,0.005,-0.12,0.48,-0.011,0.039,-0.013,0.046,59.53,54.83
"2025-08-09 04:30:00",19133,12.79,310,0,0.006,-0.1,0.49,-0.011,0.041,-0.011,0.047,59.23,54.78
"2025-08-09 05:00:00",19134,12.78,310,0,0.006,-0.1,0.48,-0.011,0.039,-0.011,0.045,60.23,54.78
"2025-08-09 05:30:00",19135,12.78,310,0,0.006,-0.09,0.49,-0.009,0.041,-0.009,0.045,60.03,54.33
"2025-08-09 06:00:00",19136,12.78,310,0,0.004,-0.13,0.45,-0.013,0.038,-0.013,0.045,59.66,55.21
"2025-08-09 06:30:00",19137,12.77,310,0,0.006,-0.09,0.48,-0.009,0.039,-0.009,0.045,60.1,54.15
"2025-08-09 07:00:00",19138,12.77,310,0,0.006,-0.09,0.49,-0.009,0.04,-0.007,0.046,61.6,55.65
"2025-08-09 07:30:00",19139,12.77,310,0,0.006,-0.07,0.48,-0.009,0.039,-0.009,0.044,62.48,55.78
"2025-08-09 08:00:00",19140,12.77,310,0,0.009,-0.02,0.53,-0.004,0.044,-0.004,0.048,61.31,56.11
"2025-08-09 08:30:00",19141,12.78,310,0,0.006,-0.09,0.48,-0.009,0.039,-0.009,0.046,60.07,55.87
"2025-08-09 09:00:00",19142,12.78,310,0,0.015,0.28,0.45,0.024,0.037,0.02,0.042,64.28,56.32
"2025-08-09 09:30:00",19143,12.79,310,0,0.008,0.01,0.42,0.002,0.034,-0.005,0.038,62.3,57.35
"2025-08-09 10:00:00",19144,12.79,310,0,0.018,0.29,0.57,0.024,0.047,0.027,0.047,61.15,61.71
"2025-08-09 10:30:00",19145,12.8,310,0,-0.002,-0.2,0.17,-0.019,0.014,-0.019,0.029,52.03,52.35
"2025-08-09 11:00:00",19146,12.8,310,0,0.019,0.35,0.57,0.029,0.047,0.024,0.051,60.96,58.77
"2025-08-09 11:30:00",19147,12.81,310,0,0.024,0.57,0.55,0.047,0.045,0.067,0.046,109.9,62.22
"2025-08-09 12:00:00",19148,12.82,310,0,0.006,-0.07,0.43,-0.009,0.036,-0.01,0.041,67.07,59.6
"2025-08-09 12:30:00",19149,12.82,310,0,-0.039,-1.53,-0.03,-0.129,-0.005,-0.109,0.017,53.24,48.79
"2025-08-09 13:00:00",19150,12.82,310,0,-0.005,-0.48,0.38,-0.042,0.031,-0.026,0.043,52.62,48.92
"2025-08-09 13:30:00",19151,12.82,310,0,0.017,0.39,0.39,0.032,0.033,0.028,0.043,60.76,49.03
"2025-08-09 14:00:00",19152,12.82,310,0,-0.001,-0.3,0.34,-0.027,0.028,-0.019,0.04,50.97,49.52
"2025-08-09 14:30:00",19153,12.83,310,0,0.011,0.08,0.48,0.007,0.039,0.002,0.047,58.18,51.21
"2025-08-09 15:00:00",19154,12.83,310,0,-0.011,-0.69,0.34,-0.06,0.028,-0.05,0.038,54.44,50.98
"2025-08-09 15:30:00",19155,12.82,310,0,0.007,-0.02,0.42,-0.004,0.035,-0.005,0.044,52.98,51.54
"2025-08-09 16:00:00",19156,12.82,310,0,0.012,0.13,0.5,0.01,0.042,0.008,0.047,59.52,52.81
"2025-08-09 16:30:00",19157,12.82,310,0,0.005,-0.13,0.46,-0.013,0.038,-0.01,0.048,51.35,50.41
"2025-08-09 17:00:00",19158,12.81,310,0,0.006,-0.09,0.46,-0.01,0.038,-0.007,0.047,55.16,51.21
"2025-08-09 17:30:00",19159,12.81,310,0,0.005,-0.12,0.43,-0.011,0.036,-0.011,0.045,56.1,51.14
"2025-08-09 18:00:00",19160,12.81,310,0,0.008,-0.02,0.46,-0.004,0.039,-0.005,0.046,57.54,51.58
"2025-08-09 18:30:00",19161,12.8,310,0,0.003,-0.19,0.45,-0.017,0.037,-0.015,0.044,55.28,51.58
"2025-08-09 19:00:00",19162,12.8,310,0,0.005,-0.12,0.45,-0.011,0.037,-0.013,0.044,55.52,51.57
"2025-08-09 19:30:00",19163,12.79,310,0,0.005,-0.12,0.48,-0.012,0.039,-0.011,0.048,56.59,51.88
"2025-08-09 20:00:00",19164,12.79,310,0,0.004,-0.14,0.45,-0.013,0.038,-0.011,0.045,56.15,51.44
"2025-08-09 20:30:00",19165,12.78,310,0,0.004,-0.14,0.45,-0.013,0.038,-0.013,0.045,57.01,52.56
"2025-08-09 21:00:00",19166,12.78,310,0,0.005,-0.12,0.48,-0.011,0.039,-0.011,0.046,56.63,52.43
"2025-08-09 21:30:00",19167,12.77,310,0,0.004,-0.13,0.45,-0.013,0.037,-0.013,0.044,58.13,52.93
"2025-08-09 22:00:00",19168,12.77,310,0,0.005,-0.12,0.46,-0.011,0.038,-0.009,0.044,57.76,52.3
"2025-08-09 22:30:00",19169,12.76,310,0,0.005,-0.12,0.45,-0.011,0.037,-0.011,0.046,58.13,53.68
"2025-08-09 23:00:00",19170,12.76,310,0,0.005,-0.13,0.46,-0.013,0.038,-0.013,0.046,59.2,53.49
"2025-08-09 23:30:00",19171,12.76,310,0,0.006,-0.09,0.48,-0.009,0.04,-0.009,0.046,58.25,54.05
"2025-08-10 00:00:00",19172,12.75,310,0,0.006,-0.06,0.46,-0.007,0.038,-0.007,0.044,57.56,54.36
"2025-08-10 00:30:00",19173,12.75,310,0,0.005,-0.12,0.46,-0.011,0.038,-0.009,0.044,59.25,53.3
"2025-08-10 01:00:00",19174,12.75,310,0,0.006,-0.09,0.46,-0.009,0.038,-0.009,0.046,58.37,53.42
"2025-08-10 01:30:00",19175,12.75,310,0,0.005,-0.13,0.46,-0.013,0.038,-0.013,0.044,58.93,53.98
"2025-08-10 02:00:00",19176,12.74,310,0,0.005,-0.12,0.46,-0.011,0.038,-0.011,0.046,58.62,54.42
"2025-08-10 02:30:00",19177,12.74,310,0,0.005,-0.1,0.46,-0.011,0.038,-0.011,0.044,59.74,55.04
"2025-08-10 03:00:00",19178,12.74,310,0,0.005,-0.1,0.43,-0.011,0.036,-0.011,0.044,59.62,54.17
"2025-08-10 03:30:00",19179,12.74,310,0,0.005,-0.12,0.46,-0.011,0.038,-0.011,0.044,58.74,54.04
"2025-08-10 04:00:00",19180,12.73,310,0,0.005,-0.13,0.46,-0.013,0.038,-0.013,0.046,59,54.3
"2025-08-10 04:30:00",19181,12.73,310,0,0.005,-0.12,0.46,-0.011,0.038,-0.011,0.045,59.92,54.72
"2025-08-10 05:00:00",19182,12.73,310,0,0.005,-0.13,0.46,-0.013,0.038,-0.013,0.046,59.17,53.97
"2025-08-10 05:30:00",19183,12.72,310,0,0.005,-0.12,0.46,-0.011,0.038,-0.013,0.044,59.04,54.84
"2025-08-10 06:00:00",19184,12.72,310,0,0.005,-0.13,0.48,-0.013,0.039,-0.011,0.046,58.67,54.47
"2025-08-10 06:30:00",19185,12.72,310,0,0.006,-0.09,0.48,-0.009,0.039,-0.007,0.045,61.23,54.78
"2025-08-10 07:00:00",19186,12.72,310,0,0.005,-0.1,0.45,-0.011,0.037,-0.011,0.044,60.67,55.97
"2025-08-10 07:30:00",19187,12.72,310,0,0.005,-0.1,0.46,-0.011,0.038,-0.012,0.043,62.12,55.41
"2025-08-10 08:00:00",19188,12.72,310,0,0.005,-0.1,0.43,-0.011,0.036,-0.012,0.043,61.08,55.88
"2025-08-10 08:30:00",19189,12.72,310,0,0.003,-0.17,0.42,-0.016,0.035,-0.014,0.041,59.4,55.95
"2025-08-10 09:00:00",19190,12.73,310,0,0.009,0.01,0.48,0.002,0.04,0.002,0.045,64.12,56.41
"2025-08-10 09:30:00",19191,12.73,310,0,0.017,0.34,0.48,0.028,0.039,0.022,0.044,57.3,56.61
"2025-08-10 10:00:00",19192,12.74,310,0,0.014,0.2,0.49,0.016,0.041,0.031,0.042,110,63.35
"2025-08-10 10:30:00",19193,12.74,310,0,0.003,-0.17,0.45,-0.016,0.037,-0.014,0.044,58.75,52.54
"2025-08-10 11:00:00",19194,12.75,310,0,-0.021,-1.19,0.49,-0.101,0.04,-0.065,0.046,47.86,57.21
"2025-08-10 11:30:00",19195,12.75,310,0,0.023,0.42,0.7,0.035,0.058,0.049,0.058,109.8,64.19
"2025-08-10 12:00:00",19196,12.75,310,0,-0.047,-1.92,0.04,-0.161,0.003,-0.077,0.022,44.35,49.69
"2025-08-10 12:30:00",19197,12.76,310,0,0.005,-0.06,0.41,-0.007,0.034,-0.004,0.049,50.22,46.51
"2025-08-10 13:00:00",19198,12.76,310,0,0.009,0.1,0.39,0.008,0.032,0.005,0.04,59.52,52.56
"2025-08-10 13:30:00",19199,12.76,310,0,0.021,0.52,0.45,0.043,0.037,0.036,0.045,63.34,50.1
"2025-08-10 14:00:00",19200,12.76,310,0,-0.006,-0.47,0.29,-0.041,0.024,-0.027,0.037,50.41,49.22
"2025-08-10 14:30:00",19201,12.76,310,0,0.014,0.24,0.48,0.02,0.039,0.007,0.046,59.57,50.85
"2025-08-10 15:00:00",19202,12.76,310,0,-0.013,-0.73,0.29,-0.062,0.024,-0.044,0.037,50.54,50.85
"2025-08-10 15:30:00",19203,12.76,310,0,0.005,-0.12,0.48,-0.012,0.039,-0.008,0.046,52.92,51.47
"2025-08-10 16:00:00",19204,12.75,310,0,0.009,0.03,0.49,0.002,0.04,0.002,0.047,55.73,50.53
"2025-08-10 16:30:00",19205,12.75,310,0,0.003,-0.16,0.41,-0.015,0.034,-0.014,0.046,52.66,50.46
"2025-08-10 17:00:00",19206,12.75,310,0,0.006,-0.09,0.46,-0.009,0.038,-0.011,0.044,56.8,52.09
"2025-08-10 17:30:00",19207,12.74,310,0,0.008,-0.02,0.49,-0.004,0.04,-0.007,0.047,54.35,52.15
"2025-08-10 18:00:00",19208,12.74,310,0,0.006,-0.09,0.46,-0.009,0.038,-0.009,0.046,56.1,51.65
"2025-08-10 18:30:00",19209,12.74,310,0,0.002,-0.21,0.43,-0.019,0.036,-0.019,0.043,55.29,51.59
"2025-08-10 19:00:00",19210,12.73,310,0,0.005,-0.14,0.48,-0.014,0.039,-0.013,0.045,55.47,51.77
"2025-08-10 19:30:00",19211,12.73,310,0,0.005,-0.12,0.45,-0.011,0.038,-0.013,0.045,57.15,51.44
"2025-08-10 20:00:00",19212,12.73,310,0,0.004,-0.19,0.48,-0.017,0.039,-0.015,0.046,54.71,52.01
"2025-08-10 20:30:00",19213,12.72,310,0,0.005,-0.09,0.43,-0.01,0.036,-0.011,0.045,56.58,53.13
"2025-08-10 21:00:00",19214,12.72,310,0,0.007,-0.07,0.49,-0.008,0.041,-0.009,0.048,57.95,52.75
"2025-08-10 21:30:00",19215,12.71,310,0,0.005,-0.13,0.48,-0.013,0.039,-0.013,0.046,56.76,53.06
"2025-08-10 22:00:00",19216,12.71,310,0,0.005,-0.12,0.46,-0.011,0.038,-0.009,0.046,57.2,53
"2025-08-10 22:30:00",19217,12.71,310,0,0.005,-0.13,0.49,-0.013,0.04,-0.013,0.046,57.62,53.18
"2025-08-10 23:00:00",19218,12.7,310,0,0.005,-0.12,0.46,-0.011,0.038,-0.011,0.044,58.33,53.62
"2025-08-10 23:30:00",19219,12.7,310,0,0.005,-0.1,0.46,-0.011,0.038,-0.012,0.046,59.26,53.06
"2025-08-11 00:00:00",19220,12.7,310,0,0.006,-0.06,0.46,-0.007,0.038,-0.009,0.044,57.65,53.95
"2025-08-11 00:30:00",19221,12.7,310,0,0.005,-0.12,0.48,-0.011,0.04,-0.011,0.046,58.97,54.27
"2025-08-11 01:00:00",19222,12.7,310,0,0.005,-0.09,0.43,-0.009,0.036,-0.011,0.044,58.84,53.39
"2025-08-11 01:30:00",19223,12.69,310,0,0.005,-0.13,0.46,-0.013,0.038,-0.011,0.046,58.9,53.2
"2025-08-11 02:00:00",19224,12.7,310,0,0.006,-0.09,0.48,-0.009,0.039,-0.009,0.046,59.22,54.26
"2025-08-11 02:30:00",19225,12.69,310,0,0.005,-0.12,0.46,-0.011,0.038,-0.009,0.044,58.02,54.07
"2025-08-11 03:00:00",19226,12.69,310,0,0.005,-0.12,0.48,-0.011,0.04,-0.013,0.046,58.77,53.57
"2025-08-11 03:30:00",19227,12.69,310,0,0.005,-0.12,0.46,-0.011,0.038,-0.011,0.044,57.77,53.32
"2025-08-11 04:00:00",19228,12.69,310,0,0.005,-0.12,0.45,-0.011,0.037,-0.011,0.044,58.14,52.94
"2025-08-11 04:30:00",19229,12.69,310,0,0.005,-0.12,0.45,-0.011,0.037,-0.011,0.044,59.34,53.88
"2025-08-11 05:00:00",19230,12.69,310,0,0.005,-0.13,0.46,-0.013,0.038,-0.013,0.044,58.27,53.82
"2025-08-11 05:30:00",19231,12.68,310,0,0.005,-0.12,0.46,-0.011,0.038,-0.009,0.044,58.89,53.94
"2025-08-11 06:00:00",19232,12.68,310,0,0.005,-0.12,0.48,-0.011,0.04,-0.011,0.046,58.71,53.76
"2025-08-11 06:30:00",19233,12.68,310,0,0.005,-0.12,0.48,-0.011,0.04,-0.009,0.046,59.02,54.57
"2025-08-11 07:00:00",19234,12.68,310,0,0.006,-0.06,0.46,-0.007,0.038,-0.009,0.044,59.58,54.63
"2025-08-11 07:30:00",19235,12.68,310,0,0.006,-0.1,0.48,-0.011,0.039,-0.011,0.044,60.22,54.26
"2025-08-11 08:00:00",19236,12.68,310,0,0.004,-0.13,0.45,-0.012,0.037,-0.012,0.043,59.28,54.83
"2025-08-11 08:30:00",19237,12.68,310,0,0.005,-0.1,0.45,-0.011,0.037,-0.01,0.043,59.73,54.78
"2025-08-11 09:00:00",19238,12.68,310,0,0.003,-0.16,0.42,-0.015,0.035,-0.015,0.041,57.41,54.21
"2025-08-11 09:30:00",19239,12.68,310,0,0.002,-0.19,0.41,-0.017,0.033,-0.015,0.043,57.85,52.65
"2025-08-11 10:00:00",19240,12.68,310,0,0.005,-0.12,0.48,-0.012,0.039,-0.012,0.045,61.87,55.66
"2025-08-11 10:30:00",19241,12.68,310,0,0.007,-0.03,0.45,-0.005,0.037,-0.005,0.043,63.08,55.86
"2025-08-11 11:00:00",19242,12.68,310,0,0.004,-0.14,0.42,-0.013,0.035,-0.011,0.043,57.41,53.46
"2025-08-11 11:30:00",19243,12.68,310,0,0.004,-0.14,0.45,-0.014,0.037,-0.014,0.043,58.56,53.1
"2025-08-11 12:00:00",19244,12.69,310,0,0.01,0.01,0.55,0.002,0.045,0.002,0.048,67.46,55.48
"2025-08-11 12:30:00",19245,12.69,310,0,0.008,0.03,0.41,0.002,0.033,-0.002,0.041,61.07,52.35
"2025-08-11 13:00:00",19246,12.69,310,0,0.009,0.04,0.46,0.003,0.038,0,0.043,62.03,55.06
"2025-08-11 13:30:00",19247,12.69,310,0,-0.006,-0.49,0.35,-0.043,0.029,-0.037,0.039,54.87,52.42
"2025-08-11 14:00:00",19248,12.69,310,0,0.006,-0.05,0.41,-0.006,0.033,-0.006,0.042,54.04,50.84
"2025-08-11 14:30:00",19249,12.69,310,0,0.009,0,0.52,0,0.042,-0.002,0.048,61.25,52.79
"2025-08-11 15:00:00",19250,12.69,310,0,0.008,-0.02,0.48,-0.004,0.039,-0.004,0.045,54.73,51.03
"2025-08-11 15:30:00",19251,12.69,310,0,0,-0.26,0.41,-0.024,0.034,-0.021,0.043,55.23,51.53
"2025-08-11 16:00:00",19252,12.68,310,0,0.005,-0.09,0.45,-0.009,0.037,-0.009,0.046,55.73,53.03
"2025-08-11 16:30:00",19253,12.68,310,0,0.005,-0.09,0.43,-0.009,0.036,-0.007,0.043,55.35,52.15
"2025-08-11 17:00:00",19254,12.68,310,0,0.002,-0.21,0.42,-0.02,0.034,-0.017,0.045,53.9,50.7
"2025-08-11 17:30:00",19255,12.68,310,0,0.001,-0.26,0.45,-0.023,0.036,-0.023,0.044,55.03,51.83
"2025-08-11 18:00:00",19256,12.67,310,0,0.002,-0.21,0.42,-0.02,0.035,-0.017,0.044,55.66,51.95
"2025-08-11 18:30:00",19257,12.67,310,0,0.005,-0.09,0.45,-0.009,0.037,-0.009,0.045,57.34,52.89
"2025-08-11 19:00:00",19258,12.66,310,0,0.005,-0.12,0.45,-0.012,0.037,-0.011,0.045,56.02,52.07
"2025-08-11 19:30:00",19259,12.66,310,0,0.003,-0.19,0.45,-0.017,0.037,-0.015,0.046,57.91,51.96
"2025-08-11 20:00:00",19260,12.66,310,0,0.005,-0.12,0.46,-0.011,0.039,-0.011,0.046,56.9,52.7
"2025-08-11 20:30:00",19261,12.65,310,0,0.005,-0.12,0.45,-0.011,0.037,-0.011,0.046,57.15,52.95
"2025-08-11 21:00:00",19262,12.65,310,0,0.004,-0.13,0.45,-0.013,0.037,-0.011,0.046,56.9,52.95
"2025-08-11 21:30:00",19263,12.65,310,0,0.003,-0.19,0.43,-0.017,0.035,-0.017,0.045,57.41,52.95
"2025-08-11 22:00:00",19264,12.65,310,0,0.006,-0.09,0.48,-0.01,0.039,-0.009,0.047,56.77,52.57
"2025-08-11 22:30:00",19265,12.64,310,0,0.005,-0.12,0.45,-0.011,0.037,-0.011,0.045,57.9,52.19
"2025-08-11 23:00:00",19266,12.64,310,0,0.004,-0.13,0.45,-0.013,0.037,-0.011,0.045,58.53,52.83
"2025-08-11 23:30:00",19267,12.64,310,0,0.003,-0.19,0.45,-0.017,0.037,-0.016,0.043,57.71,53.51
"2025-08-12 00:00:00",19268,12.64,310,0,0.005,-0.12,0.45,-0.011,0.037,-0.009,0.045,58.65,52.95
"2025-08-12 00:30:00",19269,12.63,310,0,0.004,-0.13,0.45,-0.013,0.037,-0.013,0.044,57.9,53.45
"2025-08-12 01:00:00",19270,12.63,310,0,0.005,-0.13,0.46,-0.013,0.039,-0.013,0.045,58.27,52.32
"2025-08-12 01:30:00",19271,12.63,310,0,0.004,-0.13,0.45,-0.013,0.037,-0.013,0.045,56.46,53.51
"2025-08-12 02:00:00",19272,12.63,310,0,0.004,-0.14,0.43,-0.014,0.036,-0.011,0.045,57.39,52.69
"2025-08-12 02:30:00",19273,12.63,310,0,0.005,-0.12,0.45,-0.012,0.038,-0.013,0.045,56.89,53.95
"2025-08-12 03:00:00",19274,12.62,310,0,0.005,-0.14,0.48,-0.013,0.039,-0.013,0.045,58.27,52.81
"2025-08-12 03:30:00",19275,12.62,310,0,0.006,-0.12,0.49,-0.011,0.041,-0.011,0.047,58.01,53.56
"2025-08-12 04:00:00",19276,12.62,310,0,0.005,-0.12,0.45,-0.011,0.037,-0.011,0.043,58.76,53.06
"2025-08-12 04:30:00",19277,12.62,310,0,0.005,-0.12,0.43,-0.011,0.036,-0.011,0.043,59.07,53.61
"2025-08-12 05:00:00",19278,12.61,310,0,0.004,-0.16,0.45,-0.015,0.037,-0.015,0.045,57.88,53.43
"2025-08-12 05:30:00",19279,12.61,310,0,0.005,-0.12,0.45,-0.011,0.037,-0.011,0.045,58.07,53.37
"2025-08-12 06:00:00",19280,12.61,310,0,0.005,-0.12,0.45,-0.011,0.037,-0.011,0.045,58.57,53.87
"2025-08-12 06:30:00",19281,12.61,310,0,0.005,-0.13,0.48,-0.013,0.039,-0.013,0.045,58.19,53.24
"2025-08-12 07:00:00",19282,12.6,310,0,0.004,-0.13,0.45,-0.013,0.037,-0.011,0.045,58.89,53.94
"2025-08-12 07:30:00",19283,12.6,310,0,0.005,-0.1,0.45,-0.011,0.038,-0.011,0.044,61.28,54.32
"2025-08-12 08:00:00",19284,12.6,310,0,-0.037,-1.69,0.28,-0.141,0.023,-0.15,0.032,73.26,56.52
"2025-08-12 08:30:00",19285,12.6,310,0,0.003,-0.16,0.42,-0.015,0.034,-0.016,0.042,58.91,53.96
"2025-08-12 09:00:00",19286,12.61,310,0,0.005,-0.09,0.45,-0.009,0.037,-0.007,0.044,60.86,53.9
"2025-08-12 09:30:00",19287,12.61,310,0,0.007,-0.05,0.46,-0.005,0.039,-0.005,0.043,61.25,53.78
"2025-08-12 10:00:00",19288,12.61,310,0,0.002,-0.19,0.42,-0.017,0.035,0.019,0.033,110,72.62
"2025-08-12 10:30:00",19289,12.61,310,0,0.002,-0.12,0.28,-0.012,0.023,-0.01,0.033,54.44,51.24
"2025-08-12 11:00:00",19290,12.62,310,0,-0.003,-0.33,0.28,-0.028,0.023,-0.025,0.036,51.22,49.03
"2025-08-12 11:30:00",19291,12.62,310,0,-0.002,-0.55,0.62,-0.048,0.051,-0.048,0.054,68.19,60.72
"2025-08-12 12:00:00",19292,12.62,310,0,0.002,-0.17,0.39,-0.017,0.033,-0.016,0.042,53.23,50.28
"2025-08-12 12:30:00",19293,12.62,310,0,-0.005,-0.47,0.34,-0.04,0.027,-0.031,0.038,53.66,51.97
"2025-08-12 13:00:00",19294,12.62,310,0,0.008,0,0.49,-0.002,0.04,-0.002,0.046,57.05,51.34
"2025-08-12 13:30:00",19295,12.62,310,0,-0.003,-0.37,0.34,-0.033,0.028,-0.038,0.035,60.15,53.94
"2025-08-12 14:00:00",19296,12.62,310,0,-0.005,-0.4,0.25,-0.035,0.021,-0.028,0.034,54.38,51.18
"2025-08-12 14:30:00",19297,12.63,310,0,0.005,-0.1,0.42,-0.01,0.035,-0.009,0.045,54.36,51.17
"2025-08-12 15:00:00",19298,12.62,310,0,-0.003,-0.41,0.35,-0.035,0.029,-0.028,0.04,53.12,50.92
"2025-08-12 15:30:00",19299,12.63,310,0,0.004,-0.13,0.45,-0.013,0.037,-0.013,0.041,62.29,53.31
"2025-08-12 16:00:00",19300,12.62,310,0,0.006,-0.07,0.46,-0.008,0.038,-0.004,0.045,54.94,50.23
"2025-08-12 16:30:00",19301,12.62,310,0,0.004,-0.14,0.43,-0.014,0.036,-0.014,0.045,52.87,51.17
"2025-08-12 17:00:00",19302,12.62,310,0,0.005,-0.12,0.45,-0.012,0.037,-0.012,0.046,53.17,50.22
"2025-08-12 17:30:00",19303,12.62,310,0,0.003,-0.19,0.45,-0.018,0.037,-0.015,0.046,54.04,50.84
"2025-08-12 18:00:00",19304,12.61,310,0,0.005,-0.09,0.45,-0.009,0.038,-0.009,0.045,56.24,52.03
"2025-08-12 18:30:00",19305,12.61,310,0,0.004,-0.16,0.46,-0.015,0.038,-0.015,0.047,55.35,51.15
"2025-08-12 19:00:00",19306,12.6,310,0,0.003,-0.19,0.43,-0.018,0.036,-0.017,0.044,55.1,50.65
"2025-08-12 19:30:00",19307,12.6,310,0,0.003,-0.17,0.45,-0.016,0.036,-0.013,0.045,54.97,51.52
"2025-08-12 20:00:00",19308,12.59,310,0,0.005,-0.12,0.45,-0.012,0.037,-0.011,0.046,56.66,51.46
"2025-08-12 20:30:00",19309,12.59,310,0,0.006,-0.07,0.45,-0.008,0.037,-0.009,0.046,56.84,50.89
"2025-08-12 21:00:00",19310,12.59,310,0,0.005,-0.12,0.46,-0.012,0.038,-0.011,0.046,56.52,51.06
"2025-08-12 21:30:00",19311,12.58,310,0,0.004,-0.16,0.45,-0.016,0.037,-0.015,0.044,55.58,52.38
"2025-08-12 22:00:00",19312,12.58,310,0,0.005,-0.12,0.48,-0.012,0.04,-0.011,0.047,57.77,52.56
"2025-08-12 22:30:00",19313,12.58,310,0,0.004,-0.14,0.46,-0.013,0.038,-0.011,0.044,57.21,52.01
"2025-08-12 23:00:00",19314,12.57,310,0,0.004,-0.14,0.46,-0.013,0.038,-0.013,0.047,56.64,52.44
"2025-08-12 23:30:00",19315,12.57,310,0,0.005,-0.12,0.48,-0.012,0.039,-0.011,0.046,56.96,53.26
"2025-08-13 00:00:00",19316,12.57,310,0,0.004,-0.14,0.46,-0.013,0.038,-0.013,0.046,58.14,52.94
"2025-08-13 00:30:00",19317,12.56,310,0,0.005,-0.12,0.46,-0.012,0.038,-0.013,0.046,57.83,53.38
"2025-08-13 01:00:00",19318,12.56,310,0,0.006,-0.09,0.46,-0.01,0.038,-0.009,0.044,57.7,51.99
"2025-08-13 01:30:00",19319,12.56,310,0,0.005,-0.12,0.46,-0.012,0.038,-0.011,0.046,57.76,53.81
"2025-08-13 02:00:00",19320,12.55,310,0,0.005,-0.12,0.48,-0.011,0.039,-0.011,0.045,57.7,53
"2025-08-13 02:30:00",19321,12.55,310,0,0.004,-0.14,0.45,-0.013,0.038,-0.013,0.045,58.89,53.19
"2025-08-13 03:00:00",19322,12.55,310,0,0.005,-0.12,0.46,-0.011,0.038,-0.011,0.045,58.32,52.87
"2025-08-13 03:30:00",19323,12.55,310,0,0.005,-0.12,0.48,-0.011,0.039,-0.011,0.044,57.45,52.75
"2025-08-13 04:00:00",19324,12.55,310,0,0.004,-0.13,0.45,-0.013,0.037,-0.011,0.045,59.08,54.13
"2025-08-13 04:30:00",19325,12.54,310,0,0.004,-0.13,0.45,-0.013,0.037,-0.011,0.045,58.95,52.75
"2025-08-13 05:00:00",19326,12.54,310,0,0.005,-0.12,0.45,-0.011,0.037,-0.011,0.044,59.46,54.01
"2025-08-13 05:30:00",19327,12.54,310,0,0.005,-0.12,0.45,-0.012,0.038,-0.013,0.045,57.83,53.88
"2025-08-13 06:00:00",19328,12.54,310,0,0.005,-0.09,0.45,-0.01,0.038,-0.009,0.045,58.08,53.63
"2025-08-13 06:30:00",19329,12.54,310,0,0.006,-0.12,0.49,-0.011,0.041,-0.011,0.047,59.08,53.38
"2025-08-13 07:00:00",19330,12.54,310,0,0.005,-0.12,0.45,-0.011,0.037,-0.011,0.045,58.39,54.19
"2025-08-13 07:30:00",19331,12.54,310,0,0.005,-0.09,0.45,-0.009,0.037,-0.009,0.042,60.97,54.26
"2025-08-13 08:00:00",19332,12.54,310,0,0.011,0.11,0.48,0.009,0.04,0.007,0.045,59.04,54.59
"2025-08-13 08:30:00",19333,12.54,310,0,0.002,-0.2,0.43,-0.019,0.036,-0.018,0.042,63.19,54.97
"2025-08-13 09:00:00",19334,12.54,310,0,0.004,-0.13,0.42,-0.013,0.035,-0.013,0.041,58.68,54.47
"2025-08-13 09:30:00",19335,12.54,310,0,0.004,-0.14,0.43,-0.014,0.036,-0.013,0.044,57.73,52.77
"2025-08-13 10:00:00",19336,12.54,310,0,0.002,-0.2,0.42,-0.019,0.035,-0.016,0.041,58.73,53.28
"2025-08-13 10:30:00",19337,12.54,310,0,0.008,-0.02,0.46,-0.003,0.038,-0.005,0.043,62.13,54.91
"2025-08-13 11:00:00",19338,12.55,310,0,0.005,-0.09,0.41,-0.009,0.034,-0.009,0.042,56.92,52.72
"2025-08-13 11:30:00",19339,12.55,310,0,0.004,-0.16,0.45,-0.015,0.037,-0.016,0.045,58.17,52.96
"2025-08-13 12:00:00",19340,12.54,310,0,0.003,-0.16,0.43,-0.015,0.036,-0.013,0.044,56.23,51.27
"2025-08-13 12:30:00",19341,12.54,310,0,0.007,-0.05,0.45,-0.005,0.038,-0.005,0.042,62.01,53.79
"2025-08-13 13:00:00",19342,12.54,310,0,0.01,0.01,0.52,0.002,0.042,0.002,0.048,63.39,53.92
"2025-08-13 13:30:00",19343,12.55,310,0,0.001,-0.23,0.39,-0.021,0.032,-0.019,0.042,55.31,52.11
"2025-08-13 14:00:00",19344,12.55,310,0,0.006,-0.05,0.42,-0.005,0.035,-0.005,0.043,58.76,53.05
"2025-08-13 14:30:00",19345,12.55,310,0,0.001,-0.23,0.38,-0.021,0.031,-0.019,0.04,53.56,51.11
"2025-08-13 15:00:00",19346,12.55,310,0,0.003,-0.16,0.43,-0.015,0.036,-0.013,0.043,55.94,51.23
"2025-08-13 15:30:00",19347,12.55,310,0,0.005,-0.12,0.43,-0.012,0.035,-0.01,0.043,54.37,50.67
"2025-08-13 16:00:00",19348,12.54,310,0,0.004,-0.14,0.42,-0.014,0.035,-0.013,0.043,54.36,51.66
"2025-08-13 16:30:00",19349,12.54,310,0,0.002,-0.21,0.43,-0.019,0.036,-0.017,0.044,54.99,51.54
"2025-08-13 17:00:00",19350,12.54,310,0,0.004,-0.14,0.42,-0.013,0.035,-0.011,0.044,56.11,51.16
"2025-08-13 17:30:00",19351,12.53,310,0,0.005,-0.09,0.42,-0.01,0.035,-0.009,0.044,56.36,50.65
"2025-08-13 18:00:00",19352,12.53,310,0,0.005,-0.12,0.43,-0.012,0.036,-0.011,0.044,55.8,51.84
"2025-08-13 18:30:00",19353,12.53,310,0,0.004,-0.14,0.45,-0.014,0.037,-0.013,0.046,54.92,51.47
"2025-08-13 19:00:00",19354,12.53,310,0,0.004,-0.14,0.45,-0.014,0.037,-0.015,0.046,55.22,50.77
"2025-08-13 19:30:00",19355,12.53,310,0,0.005,-0.12,0.45,-0.012,0.037,-0.01,0.045,54.53,51.08
"2025-08-13 20:00:00",19356,12.52,310,0,0.006,-0.09,0.49,-0.01,0.04,-0.011,0.046,56.77,52.07
"2025-08-13 20:30:00",19357,12.52,310,0,0.005,-0.1,0.45,-0.01,0.037,-0.01,0.045,55.21,52.26
"2025-08-13 21:00:00",19358,12.51,310,0,0.005,-0.12,0.45,-0.012,0.037,-0.011,0.046,57.34,51.63
"2025-08-13 21:30:00",19359,12.51,310,0,0.005,-0.12,0.43,-0.011,0.036,-0.011,0.044,57.9,52.45
"2025-08-13 22:00:00",19360,12.5,310,0,0.005,-0.12,0.46,-0.012,0.038,-0.013,0.044,55.78,52.08
"2025-08-13 22:30:00",19361,12.5,310,0,0.005,-0.12,0.45,-0.012,0.037,-0.011,0.044,57.59,52.88
"2025-08-13 23:00:00",19362,12.5,310,0,0.005,-0.12,0.46,-0.012,0.038,-0.013,0.046,56.27,51.82
"2025-08-13 23:30:00",19363,12.5,310,0,0.004,-0.14,0.46,-0.014,0.038,-0.013,0.045,57.45,52.75
"2025-08-14 00:00:00",19364,12.49,310,0,0.005,-0.12,0.46,-0.011,0.038,-0.011,0.044,58.21,53.01
"2025-08-14 00:30:00",19365,12.49,310,0,0.004,-0.14,0.46,-0.013,0.038,-0.013,0.046,57.08,52.88
"2025-08-14 01:00:00",19366,12.49,310,0,0.005,-0.12,0.46,-0.012,0.038,-0.011,0.046,56.95,52.25
"2025-08-14 01:30:00",19367,12.49,310,0,0.004,-0.16,0.46,-0.015,0.038,-0.013,0.046,56.71,52.76
"2025-08-14 02:00:00",19368,12.48,310,0,0.004,-0.14,0.46,-0.013,0.038,-0.013,0.046,57.89,53.69
"2025-08-14 02:30:00",19369,12.48,310,0,0.004,-0.14,0.43,-0.013,0.036,-0.013,0.046,58.08,52.88
"2025-08-14 03:00:00",19370,12.48,310,0,0.004,-0.14,0.43,-0.013,0.036,-0.011,0.044,57.96,53.01
"2025-08-14 03:30:00",19371,12.48,310,0,0.006,-0.12,0.49,-0.011,0.041,-0.011,0.047,58.28,52.82
"2025-08-14 04:00:00",19372,12.48,310,0,0.005,-0.12,0.46,-0.012,0.038,-0.011,0.044,56.2,53.76
"2025-08-14 04:30:00",19373,12.48,310,0,0.006,-0.09,0.48,-0.009,0.039,-0.007,0.045,59.59,53.13
"2025-08-14 05:00:00",19374,12.48,310,0,0.005,-0.12,0.48,-0.011,0.039,-0.011,0.045,59.22,52.76
"2025-08-14 05:30:00",19375,12.48,310,0,0.005,-0.12,0.43,-0.011,0.036,-0.011,0.044,57.66,52.7
"2025-08-14 06:00:00",19376,12.47,310,0,0.006,-0.09,0.46,-0.01,0.038,-0.009,0.046,57.71,53.01
"2025-08-14 06:30:00",19377,12.47,310,0,0.006,-0.09,0.46,-0.01,0.038,-0.011,0.046,56.97,53.27
"2025-08-14 07:00:00",19378,12.47,310,0,0.005,-0.12,0.46,-0.011,0.038,-0.011,0.044,57.78,52.33
"2025-08-14 07:30:00",19379,12.47,310,0,0.004,-0.13,0.45,-0.013,0.037,-0.013,0.044,57.72,54.02
"2025-08-14 08:00:00",19380,12.47,310,0,0.006,-0.09,0.48,-0.01,0.039,-0.011,0.045,58.29,52.33
"2025-08-14 08:30:00",19381,12.47,310,0,0.005,-0.12,0.46,-0.011,0.038,-0.011,0.045,60.49,53.78
"2025-08-14 09:00:00",19382,12.47,310,0,0.004,-0.13,0.43,-0.013,0.036,-0.013,0.045,56.85,52.65
"2025-08-14 09:30:00",19383,12.47,310,0,0.002,-0.19,0.39,-0.017,0.032,-0.017,0.039,62.89,55.17
"2025-08-14 10:00:00",19384,12.47,310,0,0.008,-0.02,0.46,-0.004,0.039,-0.002,0.045,57.36,53.41
"2025-08-14 10:30:00",19385,12.47,310,0,0.001,-0.23,0.39,-0.021,0.032,-0.022,0.041,58.81,53.36
"2025-08-14 11:00:00",19386,12.48,310,0,0.003,-0.17,0.45,-0.016,0.037,-0.019,0.042,60.97,55.01
"2025-08-14 11:30:00",19387,12.47,310,0,0.007,-0.03,0.46,-0.005,0.038,0.03,0.043,109.9,54.7
"2025-08-14 12:00:00",19388,12.48,310,0,0.026,0.64,0.53,0.053,0.043,0.052,0.049,69.7,52.95
"2025-08-14 12:30:00",19389,12.48,310,0,0.001,-0.2,0.34,-0.018,0.028,-0.017,0.039,54.57,50.12
"2025-08-14 13:00:00",19390,12.48,310,0,0.038,0.91,0.81,0.075,0.067,0.075,0.067,73.36,54.84
"2025-08-14 13:30:00",19391,12.48,310,0,0.031,0.7,0.74,0.058,0.061,0.052,0.063,62.18,51.95
"2025-08-14 14:00:00",19392,12.48,310,0,-0.003,-0.33,0.28,-0.029,0.023,-0.023,0.04,50.37,48.18
"2025-08-14 14:30:00",19393,12.49,310,0,0.002,-0.19,0.39,-0.018,0.032,-0.013,0.043,54.63,49.43
"2025-08-14 15:00:00",19394,12.49,310,0,0.008,0.08,0.35,0.007,0.028,0.003,0.039,57.35,50.63
"2025-08-14 15:30:00",19395,12.48,310,0,0.001,-0.23,0.39,-0.021,0.033,-0.022,0.043,52.58,50.38
"2025-08-14 16:00:00",19396,12.48,310,0,0.005,-0.1,0.43,-0.01,0.036,-0.008,0.045,52.14,49.44
"2025-08-14 16:30:00",19397,12.48,310,0,0.005,-0.1,0.45,-0.011,0.037,-0.008,0.044,51.7,49.25
"2025-08-14 17:00:00",19398,12.48,310,0,0.005,-0.12,0.43,-0.012,0.036,-0.011,0.046,53.88,49.42
"2025-08-14 17:30:00",19399,12.48,310,0,0.003,-0.16,0.39,-0.015,0.032,-0.014,0.043,52.04,48.09
"2025-08-14 18:00:00",19400,12.47,310,0,0.003,-0.16,0.42,-0.014,0.035,-0.012,0.045,52.54,50.1
"2025-08-14 18:30:00",19401,12.47,310,0,0.004,-0.14,0.43,-0.014,0.036,-0.013,0.046,54.55,49.85
"2025-08-14 19:00:00",19402,12.46,310,0,0.004,-0.16,0.45,-0.015,0.037,-0.014,0.044,52.47,49.78
"2025-08-14 19:30:00",19403,12.46,310,0,0.005,-0.1,0.46,-0.01,0.038,-0.01,0.047,54.47,50.27
"2025-08-14 20:00:00",19404,12.45,310,0,0.001,-0.24,0.42,-0.022,0.034,-0.017,0.045,53.66,50.46
"2025-08-14 20:30:00",19405,12.45,310,0,0.007,0,0.38,0,0.031,0,0.041,53.45,48.75
"2025-08-14 21:00:00",19406,12.44,310,0,0.006,-0.13,0.52,-0.012,0.043,-0.014,0.05,54.52,50.31
"2025-08-14 21:30:00",19407,12.44,310,0,0,-0.35,0.48,-0.032,0.04,-0.023,0.047,54.45,51.25
"2025-08-14 22:00:00",19408,12.43,310,0,-0.003,-0.44,0.43,-0.038,0.036,-0.029,0.044,54.39,51.44
"2025-08-14 22:30:00",19409,12.43,310,0,-0.001,-0.38,0.43,-0.034,0.036,-0.029,0.044,56.27,51.32
"2025-08-14 23:00:00",19410,12.42,310,0,0.001,-0.28,0.45,-0.026,0.037,-0.023,0.047,56.58,52.63
"2025-08-14 23:30:00",19411,12.42,310,0,0.002,-0.24,0.45,-0.022,0.037,-0.019,0.045,56.58,52.38
"2025-08-15 00:00:00",19412,12.41,310,0,0.002,-0.24,0.48,-0.022,0.039,-0.017,0.047,57.01,51.81
"2025-08-15 00:30:00",19413,12.41,310,0,0.003,-0.19,0.45,-0.018,0.037,-0.017,0.045,56.89,52.44
"2025-08-15 01:00:00",19414,12.41,310,0,0.004,-0.17,0.48,-0.016,0.039,-0.013,0.045,56.95,52.75
"2025-08-15 01:30:00",19415,12.41,310,0,0.005,-0.12,0.46,-0.012,0.039,-0.013,0.045,57.26,52.31
"2025-08-15 02:00:00",19416,12.4,310,0,0.008,-0.02,0.49,-0.004,0.04,-0.006,0.047,57.26,53.06
"2025-08-15 02:30:00",19417,12.4,310,0,0.006,-0.09,0.46,-0.01,0.039,-0.012,0.045,58.07,53.37
"2025-08-15 03:00:00",19418,12.4,310,0,0.005,-0.12,0.46,-0.012,0.039,-0.012,0.045,57.58,52.87
"2025-08-15 03:30:00",19419,12.4,310,0,0.004,-0.14,0.46,-0.014,0.039,-0.015,0.045,57.76,53.05
"2025-08-15 04:00:00",19420,12.39,310,0,0.003,-0.17,0.45,-0.016,0.037,-0.015,0.043,57.57,52.61
"2025-08-15 04:30:00",19421,12.39,310,0,0.004,-0.14,0.46,-0.014,0.039,-0.015,0.047,58.44,53.24
"2025-08-15 05:00:00",19422,12.39,310,0,0.002,-0.21,0.43,-0.02,0.035,-0.021,0.044,57.57,52.62
"2025-08-15 05:30:00",19423,12.39,310,0,0.004,-0.14,0.46,-0.014,0.039,-0.013,0.047,57.63,53.18
"2025-08-15 06:00:00",19424,12.38,310,0,0.004,-0.14,0.46,-0.013,0.038,-0.013,0.043,59.7,54.25
"2025-08-15 06:30:00",19425,12.38,310,0,0.004,-0.16,0.46,-0.015,0.038,-0.015,0.044,58.7,53.75
"2025-08-15 07:00:00",19426,12.38,310,0,0.005,-0.12,0.45,-0.011,0.038,-0.013,0.044,59.77,53.56
"2025-08-15 07:30:00",19427,12.38,310,0,0.008,0,0.46,0,0.039,-0.002,0.044,60.28,54.07
"2025-08-15 08:00:00",19428,12.38,310,0,0.021,0.5,0.45,0.042,0.037,0.036,0.041,62.8,55.34
"2025-08-15 08:30:00",19429,12.38,310,0,0.005,-0.13,0.46,-0.013,0.038,-0.013,0.043,58.54,53.83
"2025-08-15 09:00:00",19430,12.38,310,0,0.019,0.46,0.41,0.038,0.034,0.029,0.04,57.92,53.97
"2025-08-15 09:30:00",19431,12.38,310,0,-0.005,-0.44,0.29,-0.038,0.024,-0.034,0.032,59.05,53.85
"2025-08-15 10:00:00",19432,12.39,310,0,0.016,0.29,0.5,0.025,0.042,0.022,0.047,54.16,52.72
"2025-08-15 10:30:00",19433,12.39,310,0,-0.016,-0.84,0.24,-0.072,0.019,-0.045,0.033,48.72,50.79
"2025-08-15 11:00:00",19434,12.39,310,0,0.021,0.32,0.73,0.027,0.06,0.042,0.06,110,69.88
"2025-08-15 11:30:00",19435,12.4,310,0,-0.004,-0.55,0.49,-0.048,0.04,-0.019,0.044,48.24,56.59
"2025-08-15 12:00:00",19436,12.4,310,0,0.023,0.53,0.56,0.044,0.046,0.037,0.05,53.52,55.09
"2025-08-15 12:30:00",19437,12.4,310,0,-0.039,-1.62,0.08,-0.135,0.007,-0.097,0.026,49.37,50.44
"2025-08-15 13:00:00",19438,12.4,310,0,0.072,2.13,0.99,0.176,0.082,0.16,0.075,78.36,50.05
"2025-08-15 13:30:00",19439,12.4,310,0,0,-0.31,0.38,-0.028,0.031,-0.023,0.042,48.42,48.23
"2025-08-15 14:00:00",19440,12.4,310,0,-0.01,-0.63,0.29,-0.055,0.024,-0.042,0.038,49.98,48.79
"2025-08-15 14:30:00",19441,12.4,310,0,0.006,-0.05,0.42,-0.006,0.035,-0.006,0.044,55.37,50.16
"2025-08-15 15:00:00",19442,12.4,310,0,-0.002,-0.42,0.42,-0.037,0.034,-0.031,0.044,53.05,50.86
"2025-08-15 15:30:00",19443,12.4,310,0,0.005,-0.12,0.45,-0.012,0.037,-0.012,0.046,54.37,50.92
"2025-08-15 16:00:00",19444,12.4,310,0,0.008,0,0.46,-0.002,0.038,-0.006,0.044,52.99,50.29
"2025-08-15 16:30:00",19445,12.39,310,0,0.003,-0.19,0.43,-0.017,0.036,-0.014,0.044,52.17,49.73
"2025-08-15 17:00:00",19446,12.39,310,0,0,-0.28,0.42,-0.026,0.035,-0.022,0.043,53.17,49.72
"2025-08-15 17:30:00",19447,12.38,310,0,0.006,-0.05,0.43,-0.006,0.036,-0.006,0.044,55.1,50.65
"2025-08-15 18:00:00",19448,12.38,310,0,0.005,-0.1,0.43,-0.01,0.036,-0.01,0.046,52.79,51.1
"2025-08-15 18:30:00",19449,12.38,310,0,0.006,-0.1,0.48,-0.01,0.039,-0.008,0.047,56.05,51.09
"2025-08-15 19:00:00",19450,12.37,310,0,0.005,-0.13,0.46,-0.012,0.038,-0.014,0.046,55.28,51.08
"2025-08-15 19:30:00",19451,12.37,310,0,0.005,-0.13,0.46,-0.012,0.038,-0.016,0.046,54.78,51.33
"2025-08-15 20:00:00",19452,12.37,310,0,0.006,-0.07,0.43,-0.008,0.036,-0.01,0.046,54.34,51.64
"2025-08-15 20:30:00",19453,12.36,310,0,0.005,-0.12,0.45,-0.012,0.038,-0.012,0.045,56.22,52.52
"2025-08-15 21:00:00",19454,12.36,310,0,0.005,-0.1,0.46,-0.01,0.038,-0.012,0.046,56.15,51.95
"2025-08-15 21:30:00",19455,12.35,310,0,0.005,-0.13,0.48,-0.012,0.04,-0.012,0.044,56.22,51.77
"2025-08-15 22:00:00",19456,12.35,310,0,0.005,-0.12,0.48,-0.012,0.039,-0.01,0.045,58.22,52.52
"2025-08-15 22:30:00",19457,12.35,310,0,0.004,-0.14,0.43,-0.014,0.036,-0.012,0.045,58.41,53.21
"2025-08-15 23:00:00",19458,12.34,310,0,0.006,-0.1,0.49,-0.01,0.041,-0.01,0.047,56.77,51.32
"2025-08-15 23:30:00",19459,12.34,310,0,0.003,-0.17,0.45,-0.016,0.037,-0.013,0.046,57.39,52.69
"2025-08-16 00:00:00",19460,12.34,310,0,0.006,-0.07,0.48,-0.008,0.039,-0.01,0.046,56.27,52.57
"2025-08-16 00:30:00",19461,12.34,310,0,0.004,-0.14,0.45,-0.014,0.037,-0.014,0.044,57.21,52.26
"2025-08-16 01:00:00",19462,12.33,310,0,0.005,-0.1,0.45,-0.01,0.038,-0.008,0.047,56.65,52.95
"2025-08-16 01:30:00",19463,12.33,310,0,0.005,-0.12,0.45,-0.012,0.037,-0.012,0.044,57.52,53.07
"2025-08-16 02:00:00",19464,12.33,310,0,0.006,-0.09,0.48,-0.01,0.039,-0.01,0.045,57.71,53.51
"2025-08-16 02:30:00",19465,12.33,310,0,0.004,-0.14,0.46,-0.014,0.039,-0.012,0.045,57.33,52.38
"2025-08-16 03:00:00",19466,12.33,310,0,0.004,-0.14,0.45,-0.014,0.037,-0.014,0.046,57.15,53.45
"2025-08-16 03:30:00",19467,12.32,310,0,0.005,-0.12,0.45,-0.012,0.037,-0.012,0.044,57.27,52.56
"2025-08-16 04:00:00",19468,12.32,310,0,0.004,-0.14,0.45,-0.014,0.037,-0.014,0.045,57.58,53.13
"2025-08-16 04:30:00",19469,12.32,310,0,0.006,-0.1,0.48,-0.01,0.039,-0.012,0.046,58.46,53.25
"2025-08-16 05:00:00",19470,12.32,310,0,0.005,-0.14,0.48,-0.014,0.039,-0.013,0.045,59.28,53.57
"2025-08-16 05:30:00",19471,12.32,310,0,0.005,-0.14,0.48,-0.014,0.039,-0.016,0.045,57.46,53.26
"2025-08-16 06:00:00",19472,12.31,310,0,0.005,-0.1,0.43,-0.01,0.036,-0.01,0.044,58.09,52.88
"2025-08-16 06:30:00",19473,12.31,310,0,0.004,-0.14,0.43,-0.014,0.036,-0.014,0.044,57.33,52.38
"2025-08-16 07:00:00",19474,12.31,310,0,0.007,-0.07,0.49,-0.008,0.04,-0.008,0.047,59.77,53.57
"2025-08-16 07:30:00",19475,12.31,310,0,0.002,-0.21,0.43,-0.02,0.036,-0.02,0.041,63.16,53.44
"2025-08-16 08:00:00",19476,12.31,310,0,0.011,0.11,0.46,0.01,0.038,0,0.043,60.1,55.4
"2025-08-16 08:30:00",19477,12.31,310,0,-0.02,-1.01,0.29,-0.086,0.024,-0.087,0.033,72.41,54.66
"2025-08-16 09:00:00",19478,12.31,310,0,0.038,1.04,0.66,0.086,0.055,0.076,0.057,65.34,56.62
"2025-08-16 09:30:00",19479,12.31,310,0,0,-0.33,0.49,-0.029,0.04,-0.023,0.047,52.03,52.6
"2025-08-16 10:00:00",19480,12.31,310,0,0.014,0.24,0.45,0.019,0.037,0.019,0.044,64.45,53.73
"2025-08-16 10:30:00",19481,12.32,310,0,0.005,-0.1,0.42,-0.01,0.035,-0.01,0.045,55.99,51.04
"2025-08-16 11:00:00",19482,12.32,310,0,0.012,0.1,0.53,0.008,0.044,0.006,0.045,67.39,64.19
"2025-08-16 11:30:00",19483,12.32,310,0,0.006,0.13,0.17,0.011,0.014,0.05,0.023,109,53.32
"2025-08-16 12:00:00",19484,12.32,310,0,0.021,0.46,0.5,0.039,0.041,0.04,0.043,78.64,56.6
"2025-08-16 12:30:00",19485,12.32,310,0,-0.018,-0.77,0.08,-0.066,0.007,-0.048,0.024,50.5,50.56
"2025-08-16 13:00:00",19486,12.32,310,0,0.021,0.27,0.77,0.021,0.064,0.016,0.067,48.23,48.55
"2025-08-16 13:30:00",19487,12.32,310,0,-0.022,-1.17,0.35,-0.098,0.029,-0.052,0.042,46.23,48.8
"2025-08-16 14:00:00",19488,12.32,310,0,-0.008,-0.52,0.28,-0.045,0.023,-0.032,0.038,51.61,47.16
"2025-08-16 14:30:00",19489,12.32,310,0,0.001,-0.27,0.45,-0.025,0.037,-0.018,0.046,52.17,49.22
"2025-08-16 15:00:00",19490,12.32,310,0,-0.014,-0.76,0.27,-0.065,0.022,-0.054,0.034,56.2,51.49
"2025-08-16 15:30:00",19491,12.32,310,0,-0.001,-0.28,0.34,-0.026,0.028,-0.025,0.039,52.63,49.17
"2025-08-16 16:00:00",19492,12.32,310,0,0.008,0,0.48,0,0.039,-0.002,0.047,52.43,49.98
"2025-08-16 16:30:00",19493,12.31,310,0,0.005,-0.1,0.45,-0.011,0.038,-0.01,0.045,53.92,50.72
"2025-08-16 17:00:00",19494,12.31,310,0,0.007,-0.03,0.48,-0.004,0.039,-0.004,0.047,55.36,50.41
"2025-08-16 17:30:00",19495,12.3,310,0,0.006,-0.1,0.49,-0.01,0.04,-0.01,0.048,55.23,51.53
"2025-08-16 18:00:00",19496,12.3,310,0,0.006,-0.07,0.46,-0.008,0.039,-0.008,0.045,56.48,51.27
"2025-08-16 18:30:00",19497,12.3,310,0,0.006,-0.1,0.48,-0.01,0.039,-0.012,0.045,54.71,52.02
"2025-08-16 19:00:00",19498,12.29,310,0,0.003,-0.17,0.45,-0.017,0.037,-0.016,0.045,53.89,50.44
"2025-08-16 19:30:00",19499,12.29,310,0,0.007,-0.07,0.49,-0.008,0.041,-0.008,0.047,56.27,50.82
"2025-08-16 20:00:00",19500,12.28,310,0,0.005,-0.13,0.48,-0.013,0.039,-0.012,0.047,55.64,51.44
"2025-08-16 20:30:00",19501,12.28,310,0,0.006,-0.07,0.48,-0.008,0.039,-0.01,0.049,55.38,51.93
"2025-08-16 21:00:00",19502,12.27,310,0,0.005,-0.13,0.46,-0.012,0.039,-0.012,0.047,56.13,51.68
"2025-08-16 21:30:00",19503,12.27,310,0,0.005,-0.12,0.46,-0.012,0.038,-0.012,0.046,56.38,52.93
"2025-08-16 22:00:00",19504,12.27,310,0,0.004,-0.17,0.48,-0.016,0.04,-0.014,0.046,57.25,52.05
"2025-08-16 22:30:00",19505,12.26,310,0,0.005,-0.12,0.46,-0.012,0.038,-0.012,0.046,57.63,52.68
"2025-08-16 23:00:00",19506,12.26,310,0,0.004,-0.14,0.46,-0.014,0.038,-0.014,0.046,57.82,52.87
"2025-08-16 23:30:00",19507,12.26,310,0,0.006,-0.07,0.48,-0.008,0.04,-0.008,0.046,57.01,53.06
"2025-08-17 00:00:00",19508,12.25,310,0,0.005,-0.1,0.45,-0.01,0.037,-0.01,0.045,57.57,53.12
"2025-08-17 00:30:00",19509,12.25,310,0,0.004,-0.14,0.46,-0.014,0.038,-0.014,0.045,57.94,52.49
"2025-08-17 01:00:00",19510,12.25,310,0,0.005,-0.13,0.49,-0.012,0.04,-0.01,0.047,58.69,52.49
"2025-08-17 01:30:00",19511,12.24,310,0,0.005,-0.13,0.46,-0.012,0.038,-0.012,0.047,58,53.05
"2025-08-17 02:00:00",19512,12.24,310,0,0.006,-0.07,0.46,-0.008,0.038,-0.008,0.047,58.88,53.42
"2025-08-17 02:30:00",19513,12.24,310,0,0.005,-0.1,0.46,-0.01,0.038,-0.012,0.045,58.61,53.16
"2025-08-17 03:00:00",19514,12.23,310,0,0.005,-0.14,0.48,-0.014,0.04,-0.012,0.045,58.49,54.04
"2025-08-17 03:30:00",19515,12.23,310,0,0.006,-0.1,0.48,-0.01,0.04,-0.01,0.046,58.56,53.86
"2025-08-17 04:00:00",19516,12.23,310,0,0.005,-0.1,0.46,-0.01,0.038,-0.012,0.045,59.06,53.86
"2025-08-17 04:30:00",19517,12.23,310,0,0.006,-0.1,0.48,-0.01,0.04,-0.01,0.046,58.3,53.85
"2025-08-17 05:00:00",19518,12.22,310,0,0.005,-0.12,0.46,-0.012,0.038,-0.012,0.045,57.99,53.79
"2025-08-17 05:30:00",19519,12.22,310,0,0.005,-0.12,0.48,-0.012,0.04,-0.012,0.046,59.93,54.47
"2025-08-17 06:00:00",19520,12.22,310,0,0.005,-0.12,0.46,-0.012,0.038,-0.012,0.046,58.92,53.22
"2025-08-17 06:30:00",19521,12.22,310,0,0.006,-0.1,0.48,-0.01,0.039,-0.01,0.046,59.67,53.97
"2025-08-17 07:00:00",19522,12.21,310,0,0.006,-0.09,0.48,-0.01,0.039,-0.01,0.044,60.99,53.53
"2025-08-17 07:30:00",19523,12.21,310,0,0.008,-0.02,0.48,-0.004,0.04,-0.006,0.045,60.5,54.8
"2025-08-17 08:00:00",19524,12.21,310,0,0.021,0.45,0.55,0.037,0.045,0.031,0.05,60.96,56.51
"2025-08-17 08:30:00",19525,12.21,310,0,0.015,0.31,0.42,0.026,0.034,0.024,0.04,64.41,56.95
"2025-08-17 09:00:00",19526,12.22,310,0,0,-0.28,0.42,-0.026,0.035,-0.025,0.042,56.73,56.54
"2025-08-17 09:30:00",19527,12.23,310,0,0.015,0.32,0.41,0.027,0.033,0.021,0.04,62.7,55.99
"2025-08-17 10:00:00",19528,12.23,310,0,0.005,-0.12,0.46,-0.012,0.038,-0.021,0.042,90.4,58.82
"2025-08-17 10:30:00",19529,12.23,310,0,-0.009,-0.52,0.18,-0.045,0.015,-0.035,0.033,50.11,50.42
"2025-08-17 11:00:00",19530,12.24,310,0,0.019,0.31,0.64,0.025,0.054,0.034,0.058,109.9,110
"2025-08-17 11:30:00",19531,12.24,310,0,0.016,0.35,0.39,0.029,0.032,0.029,0.036,70.69,58.19
"2025-08-17 12:00:00",19532,12.25,310,0,0.015,0.29,0.42,0.025,0.035,0.025,0.043,53.17,52.98
"2025-08-17 12:30:00",19533,12.25,310,0,-0.046,-1.71,-0.14,-0.144,-0.014,-0.109,0.014,46.13,47.95
"2025-08-17 13:00:00",19534,12.25,310,0,0.03,0.8,0.55,0.066,0.045,0.065,0.056,50.64,47.44
"2025-08-17 13:30:00",19535,12.25,310,0,-0.039,-1.69,0.17,-0.141,0.013,-0.067,0.036,44.8,45.62
"2025-08-17 14:00:00",19536,12.25,310,0,-0.024,-1.1,0.2,-0.093,0.016,-0.049,0.036,44.54,46.11
"2025-08-17 14:30:00",19537,12.25,310,0,0.008,0,0.46,-0.002,0.038,-0.004,0.047,52.17,48.47
"2025-08-17 15:00:00",19538,12.25,310,0,0.016,0.29,0.48,0.024,0.04,0,0.047,50.74,49.8
"2025-08-17 15:30:00",19539,12.25,310,0,0.007,-0.05,0.48,-0.006,0.039,-0.006,0.046,52.87,49.67
"2025-08-17 16:00:00",19540,12.25,310,0,0.005,-0.12,0.46,-0.012,0.038,-0.013,0.046,50.74,49.55
"2025-08-17 16:30:00",19541,12.24,310,0,0.007,-0.03,0.48,-0.004,0.039,-0.006,0.047,52.18,50.99
"2025-08-17 17:00:00",19542,12.24,310,0,0.005,-0.1,0.45,-0.01,0.037,-0.01,0.045,53.8,49.84
"2025-08-17 17:30:00",19543,12.23,310,0,0.003,-0.16,0.43,-0.015,0.036,-0.014,0.045,54.36,49.66
"2025-08-17 18:00:00",19544,12.23,310,0,0.003,-0.19,0.43,-0.017,0.036,-0.014,0.045,53.35,50.66
"2025-08-17 18:30:00",19545,12.23,310,0,0.004,-0.13,0.43,-0.013,0.036,-0.012,0.044,53.48,50.03
"2025-08-17 19:00:00",19546,12.22,310,0,0.003,-0.16,0.43,-0.015,0.036,-0.014,0.044,54.29,49.58
"2025-08-17 19:30:00",19547,12.22,310,0,0.004,-0.13,0.43,-0.013,0.036,-0.01,0.046,53.84,51.4
"2025-08-17 20:00:00",19548,12.21,310,0,0.004,-0.16,0.48,-0.015,0.039,-0.014,0.047,54.78,51.33
"2025-08-17 20:30:00",19549,12.21,310,0,0.004,-0.16,0.46,-0.015,0.038,-0.014,0.044,54.96,51.01
"2025-08-17 21:00:00",19550,12.2,310,0,0.005,-0.13,0.48,-0.012,0.039,-0.012,0.045,57.28,51.32
"2025-08-17 21:30:00",19551,12.2,310,0,0.005,-0.12,0.45,-0.012,0.037,-0.012,0.045,55.9,52.95
"2025-08-17 22:00:00",19552,12.2,310,0,0.005,-0.1,0.45,-0.01,0.037,-0.01,0.044,56.65,52.19
"2025-08-17 22:30:00",19553,12.19,310,0,0.004,-0.13,0.43,-0.012,0.035,-0.012,0.045,56.33,51.88
"2025-08-17 23:00:00",19554,12.19,310,0,0.005,-0.13,0.46,-0.012,0.039,-0.014,0.047,56.71,52.76
"2025-08-17 23:30:00",19555,12.19,310,0,0.005,-0.1,0.46,-0.01,0.039,-0.012,0.045,57.02,52.82
"2025-08-18 00:00:00",19556,12.18,310,0,0.005,-0.1,0.46,-0.01,0.039,-0.01,0.047,57.64,52.69
"2025-08-18 00:30:00",19557,12.18,310,0,0.005,-0.13,0.46,-0.012,0.039,-0.012,0.044,57.27,52.57
"2025-08-18 01:00:00",19558,12.18,310,0,0.005,-0.12,0.43,-0.012,0.036,-0.014,0.045,58.65,52.94
"2025-08-18 01:30:00",19559,12.18,310,0,0.004,-0.14,0.46,-0.014,0.038,-0.014,0.045,56.89,52.94
"2025-08-18 02:00:00",19560,12.17,310,0,0.004,-0.13,0.45,-0.012,0.037,-0.012,0.045,56.82,52.62
"2025-08-18 02:30:00",19561,12.17,310,0,0.002,-0.24,0.45,-0.022,0.037,-0.02,0.043,56.14,51.94
"2025-08-18 03:00:00",19562,12.17,310,0,0.005,-0.1,0.45,-0.01,0.037,-0.012,0.043,59.27,53.07
"2025-08-18 03:30:00",19563,12.17,310,0,0.005,-0.1,0.46,-0.01,0.038,-0.01,0.047,57.39,52.44
"2025-08-18 04:00:00",19564,12.17,310,0,0.005,-0.1,0.45,-0.01,0.037,-0.01,0.044,57.39,51.69
"2025-08-18 04:30:00",19565,12.16,310,0,0.006,-0.07,0.45,-0.008,0.037,-0.01,0.045,57.89,52.43
"2025-08-18 05:00:00",19566,12.16,310,0,0.005,-0.13,0.49,-0.012,0.04,-0.012,0.045,58.45,53.5
"2025-08-18 05:30:00",19567,12.16,310,0,0.005,-0.1,0.46,-0.01,0.039,-0.008,0.044,57.44,52.74
"2025-08-18 06:00:00",19568,12.16,310,0,0.005,-0.1,0.45,-0.01,0.037,-0.01,0.044,58.83,54.13
"2025-08-18 06:30:00",19569,12.15,310,0,0.006,-0.1,0.49,-0.01,0.04,-0.01,0.047,58.69,53.49
"2025-08-18 07:00:00",19570,12.15,310,0,0.004,-0.14,0.46,-0.014,0.038,-0.014,0.045,58.25,53.8
"2025-08-18 07:30:00",19571,12.15,310,0,0.004,-0.17,0.48,-0.016,0.039,-0.014,0.046,59.64,53.68
"2025-08-18 08:00:00",19572,12.15,310,0,0.005,-0.12,0.46,-0.011,0.038,-0.011,0.045,61.66,54.96
"2025-08-18 08:30:00",19573,12.15,310,0,0.02,0.39,0.56,0.032,0.046,0.026,0.049,59.1,54.9
"2025-08-18 09:00:00",19574,12.15,310,0,0.015,0.18,0.6,0.015,0.05,0.012,0.054,54.73,53.54
"2025-08-18 09:30:00",19575,12.15,310,0,0.003,-0.21,0.46,-0.02,0.038,-0.016,0.045,58.55,53.35
"2025-08-18 10:00:00",19576,12.15,310,0,0.003,-0.14,0.39,-0.014,0.033,-0.012,0.043,57.92,53.47
"2025-08-18 10:30:00",19577,12.16,310,0,0.007,0,0.43,-0.002,0.036,-0.004,0.043,60.19,53.98
"2025-08-18 11:00:00",19578,12.16,310,0,0.021,0.48,0.5,0.039,0.042,0.069,0.041,109.9,59.02
"2025-08-18 11:30:00",19579,12.16,310,0,0.017,0.46,0.31,0.038,0.026,0.035,0.031,66.45,54.96
"2025-08-18 12:00:00",19580,12.17,310,0,-0.002,-0.33,0.31,-0.028,0.026,-0.02,0.036,56.66,51.7
"2025-08-18 12:30:00",19581,12.17,310,0,0.002,-0.05,0.21,-0.006,0.018,-0.016,0.031,53.38,49.68
"2025-08-18 13:00:00",19582,12.17,310,0,0.017,0.34,0.5,0.028,0.041,0.02,0.049,56.69,48.47
"2025-08-18 13:30:00",19583,12.17,310,0,0.007,0,0.41,0,0.034,0.002,0.045,51.49,48.04
"2025-08-18 14:00:00",19584,12.17,310,0,0.007,-0.03,0.43,-0.004,0.036,-0.004,0.046,52.11,49.91
"2025-08-18 14:30:00",19585,12.16,310,0,0.005,-0.06,0.39,-0.007,0.033,-0.008,0.043,52.54,49.85
"2025-08-18 15:00:00",19586,12.16,310,0,0.01,0.08,0.45,0.007,0.038,0.005,0.044,63.28,51.8
"2025-08-18 15:30:00",19587,12.16,310,0,0.005,-0.12,0.46,-0.011,0.038,-0.011,0.046,51.72,49.78
"2025-08-18 16:00:00",19588,12.16,310,0,0.005,-0.1,0.45,-0.011,0.037,-0.012,0.045,53.72,50.52
"2025-08-18 16:30:00",19589,12.15,310,0,0.003,-0.17,0.45,-0.016,0.037,-0.015,0.046,52.4,49.45
"2025-08-18 17:00:00",19590,12.15,310,0,0.002,-0.24,0.48,-0.022,0.039,-0.023,0.047,55.64,50.69
"2025-08-18 17:30:00",19591,12.14,310,0,0.008,0,0.49,-0.002,0.041,-0.002,0.047,57.84,52.64
"2025-08-18 18:00:00",19592,12.14,310,0,0.008,-0.03,0.5,-0.004,0.042,-0.008,0.05,55.77,51.82
"2025-08-18 18:30:00",19593,12.13,310,0,0,-0.34,0.43,-0.03,0.036,-0.023,0.044,54.58,51.88
"2025-08-18 19:00:00",19594,12.13,310,0,0.007,-0.03,0.48,-0.004,0.04,-0.006,0.046,56.96,51.76
"2025-08-18 19:30:00",19595,12.12,310,0,0.004,-0.17,0.48,-0.017,0.04,-0.01,0.046,56.89,52.19
"2025-08-18 20:00:00",19596,12.12,310,0,0.002,-0.21,0.42,-0.019,0.035,-0.015,0.045,55.38,51.43
"2025-08-18 20:30:00",19597,12.12,310,0,0.007,-0.03,0.46,-0.004,0.038,-0.004,0.047,56.44,52.75
"2025-08-18 21:00:00",19598,12.11,310,0,0.007,-0.05,0.48,-0.006,0.039,-0.006,0.044,58.2,52.24
"2025-08-18 21:30:00",19599,12.11,310,0,0.005,-0.14,0.48,-0.014,0.039,-0.012,0.044,57.95,53.75
"2025-08-18 22:00:00",19600,12.11,310,0,0.006,-0.07,0.48,-0.008,0.039,-0.008,0.044,57.45,52.75
"2025-08-18 22:30:00",19601,12.11,310,0,0.007,-0.05,0.46,-0.006,0.039,-0.006,0.047,58.82,53.37
"2025-08-18 23:00:00",19602,12.1,310,0,0.005,-0.14,0.49,-0.014,0.04,-0.012,0.045,57.94,52.99
"2025-08-18 23:30:00",19603,12.1,310,0,0.006,-0.07,0.46,-0.008,0.038,-0.006,0.045,59.14,53.94
"2025-08-19 00:00:00",19604,12.1,310,0,0.007,-0.07,0.49,-0.008,0.04,-0.01,0.047,58.32,54.63
"2025-08-19 00:30:00",19605,12.1,310,0,0.006,-0.1,0.49,-0.01,0.04,-0.01,0.045,59.21,53.5
"2025-08-19 01:00:00",19606,12.1,310,0,0.004,-0.14,0.46,-0.014,0.038,-0.014,0.044,58.45,52.75
"2025-08-19 01:30:00",19607,12.09,310,0,0.005,-0.13,0.48,-0.012,0.039,-0.012,0.046,58.01,53.56
"2025-08-19 02:00:00",19608,12.09,310,0,0.005,-0.1,0.46,-0.01,0.039,-0.01,0.046,58.26,53.31
"2025-08-19 02:30:00",19609,12.09,310,0,0.006,-0.1,0.49,-0.01,0.04,-0.01,0.047,58.95,53.75
"2025-08-19 03:00:00",19610,12.09,310,0,0.006,-0.07,0.46,-0.008,0.039,-0.008,0.044,58.27,53.57
"2025-08-19 03:30:00",19611,12.08,310,0,0.006,-0.07,0.45,-0.008,0.037,-0.008,0.045,59.01,53.56
"2025-08-19 04:00:00",19612,12.09,310,0,0.005,-0.1,0.45,-0.01,0.037,-0.008,0.044,58.4,53.69
"2025-08-19 04:30:00",19613,12.08,310,0,0.005,-0.12,0.46,-0.012,0.038,-0.012,0.045,58.7,54.5
"2025-08-19 05:00:00",19614,12.08,310,0,0.005,-0.12,0.46,-0.012,0.038,-0.012,0.043,60.15,53.44
"2025-08-19 05:30:00",19615,12.08,310,0,0.006,-0.07,0.46,-0.008,0.038,-0.008,0.045,59.65,54.2
"2025-08-19 06:00:00",19616,12.08,310,0,0.005,-0.12,0.48,-0.012,0.04,-0.012,0.043,59.28,54.08
"2025-08-19 06:30:00",19617,12.08,310,0,0.003,-0.16,0.42,-0.014,0.035,-0.01,0.044,58.39,53.69
"2025-08-19 07:00:00",19618,12.08,310,0,0.004,-0.16,0.45,-0.014,0.037,-0.014,0.045,57.58,53.13
"2025-08-19 07:30:00",19619,12.08,310,0,0.005,-0.13,0.46,-0.012,0.039,-0.01,0.046,58.45,53.5
"2025-08-19 08:00:00",19620,12.07,310,0,0.005,-0.1,0.45,-0.01,0.037,-0.01,0.046,57.39,52.94
"2025-08-19 08:30:00",19621,12.07,310,0,0.001,-0.28,0.45,-0.025,0.037,-0.022,0.046,56.38,53.94
"2025-08-19 09:00:00",19622,12.07,310,0,-0.001,-0.35,0.42,-0.031,0.035,-0.024,0.044,57.39,53.19
"2025-08-19 09:30:00",19623,12.07,310,0,0,-0.33,0.46,-0.028,0.038,-0.023,0.045,54.44,53
"2025-08-19 10:00:00",19624,12.07,310,0,-0.001,-0.38,0.42,-0.033,0.035,-0.028,0.044,55.88,53.94
"2025-08-19 10:30:00",19625,12.06,310,0,-0.002,-0.42,0.42,-0.037,0.035,-0.03,0.042,56.7,53.5
"2025-08-19 11:00:00",19626,12.06,310,0,0,-0.34,0.42,-0.03,0.035,-0.028,0.042,58.34,54.14
"2025-08-19 11:30:00",19627,12.06,310,0,0.001,-0.26,0.43,-0.024,0.036,-0.017,0.042,58.71,54.26
"2025-08-19 12:00:00",19628,12.06,310,0,0,-0.28,0.43,-0.026,0.036,-0.021,0.043,58.97,54.52
"2025-08-19 12:30:00",19629,12.06,310,0,0,-0.27,0.42,-0.025,0.035,-0.022,0.046,57.15,53.45
"2025-08-19 13:00:00",19630,12.06,310,0,0.004,-0.14,0.46,-0.014,0.038,-0.013,0.045,60.54,54.08
"2025-08-19 13:30:00",19631,12.06,310,0,0.002,-0.19,0.41,-0.017,0.034,-0.016,0.041,55.9,54.46
"2025-08-19 14:00:00",19632,12.06,310,0,0.007,-0.05,0.49,-0.006,0.04,-0.008,0.047,59.23,53.02
"2025-08-19 14:30:00",19633,12.06,310,0,0.002,-0.21,0.43,-0.019,0.036,-0.015,0.041,55.72,53.52
"2025-08-19 15:00:00",19634,12.06,310,0,0.002,-0.21,0.45,-0.019,0.037,-0.021,0.042,56.47,52.52
"2025-08-19 15:30:00",19635,12.06,310,0,0.003,-0.16,0.43,-0.015,0.036,-0.014,0.043,55.34,52.14
"2025-08-19 16:00:00",19636,12.06,310,0,0.005,-0.1,0.45,-0.011,0.037,-0.01,0.044,55.96,53.27
"2025-08-19 16:30:00",19637,12.06,310,0,0.002,-0.23,0.43,-0.021,0.036,-0.018,0.044,56.46,53.76
"2025-08-19 17:00:00",19638,12.05,310,0,0.003,-0.19,0.46,-0.017,0.038,-0.017,0.046,56.27,52.57
"2025-08-19 17:30:00",19639,12.05,310,0,0.004,-0.16,0.45,-0.015,0.037,-0.014,0.046,57.4,52.45
"2025-08-19 18:00:00",19640,12.05,310,0,0.001,-0.26,0.45,-0.023,0.037,-0.019,0.046,55.83,52.88
"2025-08-19 18:30:00",19641,12.05,310,0,-0.001,-0.37,0.43,-0.032,0.036,-0.025,0.043,54.76,52.57
"2025-08-19 19:00:00",19642,12.04,310,0,-0.002,-0.41,0.43,-0.036,0.036,-0.029,0.044,55.33,53.63
"2025-08-19 19:30:00",19643,12.04,310,0,-0.003,-0.44,0.43,-0.038,0.035,-0.031,0.044,55.51,52.56
"2025-08-19 20:00:00",19644,12.04,310,0,-0.002,-0.41,0.43,-0.036,0.036,-0.031,0.043,57.52,53.32
"2025-08-19 20:30:00",19645,12.03,310,0,-0.003,-0.45,0.41,-0.04,0.034,-0.031,0.041,57.01,53.82
"2025-08-19 21:00:00",19646,12.03,310,0,-0.003,-0.47,0.45,-0.04,0.037,-0.031,0.044,55.69,53.5
"2025-08-19 21:30:00",19647,12.03,310,0,-0.005,-0.49,0.41,-0.042,0.034,-0.031,0.044,56.63,52.94
"2025-08-19 22:00:00",19648,12.03,310,0,-0.001,-0.38,0.43,-0.034,0.036,-0.027,0.043,57.2,52.5
"2025-08-19 22:30:00",19649,12.03,310,0,0.003,-0.19,0.45,-0.017,0.037,-0.019,0.045,58.26,53.31
"2025-08-19 23:00:00",19650,12.03,310,0,0.004,-0.13,0.45,-0.013,0.037,-0.014,0.044,58.01,53.56
"2025-08-19 23:30:00",19651,12.02,310,0,0.004,-0.13,0.45,-0.013,0.037,-0.012,0.043,58.59,54.14
"2025-08-20 00:00:00",19652,12.02,310,0,0.006,-0.07,0.48,-0.008,0.039,-0.01,0.044,57.71,53.76
"2025-08-20 00:30:00",19653,12.02,310,0,0.005,-0.13,0.48,-0.013,0.039,-0.012,0.044,57.46,53.26
"2025-08-20 01:00:00",19654,12.02,310,0,-0.004,-0.45,0.39,-0.039,0.032,-0.029,0.043,56.14,52.95
"2025-08-20 01:30:00",19655,12.02,310,0,-0.003,-0.47,0.43,-0.04,0.036,-0.031,0.043,56.45,53
"2025-08-20 02:00:00",19656,12.01,310,0,-0.002,-0.4,0.43,-0.034,0.036,-0.029,0.043,56.51,53.31
"2025-08-20 02:30:00",19657,12.01,310,0,-0.002,-0.41,0.43,-0.036,0.036,-0.029,0.045,55.88,53.44
"2025-08-20 03:00:00",19658,12.01,310,0,0.001,-0.28,0.45,-0.025,0.038,-0.021,0.045,56.94,53.99
"2025-08-20 03:30:00",19659,12.01,310,0,0,-0.31,0.46,-0.028,0.038,-0.023,0.045,57.2,53.25
"2025-08-20 04:00:00",19660,12,310,0,0.003,-0.16,0.43,-0.015,0.036,-0.015,0.043,57.07,53.87
"2025-08-20 04:30:00",19661,12,310,0,-0.001,-0.35,0.39,-0.031,0.033,-0.028,0.044,57.64,52.68
"2025-08-20 05:00:00",19662,12,310,0,0.003,-0.19,0.46,-0.017,0.038,-0.017,0.043,57.94,54
"2025-08-20 05:30:00",19663,12,310,0,0.002,-0.23,0.46,-0.021,0.038,-0.021,0.043,59,53.55
"2025-08-20 06:00:00",19664,11.99,310,0,0.002,-0.23,0.46,-0.021,0.038,-0.021,0.045,58.82,53.62
"2025-08-20 06:30:00",19665,11.99,310,0,0.004,-0.16,0.46,-0.015,0.038,-0.015,0.043,60,53.3
"2025-08-20 07:00:00",19666,11.99,310,0,0.002,-0.2,0.43,-0.019,0.036,-0.021,0.043,58.38,53.93
"2025-08-20 07:30:00",19667,11.99,310,0,0.004,-0.13,0.45,-0.012,0.037,-0.014,0.044,60.32,54.11
"2025-08-20 08:00:00",19668,11.99,310,0,0.004,-0.12,0.42,-0.011,0.035,-0.009,0.041,64.79,56.83
"2025-08-20 08:30:00",19669,11.99,310,0,0.004,-0.17,0.46,-0.016,0.038,-0.014,0.042,62.79,56.33
"2025-08-20 09:00:00",19670,11.99,310,0,0.008,0.03,0.43,0.002,0.036,0,0.043,62.55,53.58
"2025-08-20 09:30:00",19671,11.99,310,0,0.002,-0.21,0.41,-0.02,0.034,-0.017,0.041,55.28,54.59
"2025-08-20 10:00:00",19672,11.99,310,0,0.012,0.07,0.56,0.006,0.046,0.006,0.048,60.06,56.35
"2025-08-20 10:30:00",19673,11.99,310,0,0.011,0.13,0.43,0.01,0.036,0,0.046,53.79,49.84
"2025-08-20 11:00:00",19674,12,310,0,0.005,-0.06,0.39,-0.007,0.033,0.036,0.037,109.8,57.94
"2025-08-20 11:30:00",19675,12,310,0,-0.028,-1.33,0.29,-0.112,0.024,-0.087,0.036,48.29,51.87
"2025-08-20 12:00:00",19676,12,310,0,0.002,-0.16,0.34,-0.016,0.028,-0.01,0.037,58.84,54.14
"2025-08-20 12:30:00",19677,12,310,0,-0.058,-2.64,0.41,-0.22,0.034,-0.171,0.044,50.25,56.08
"2025-08-20 13:00:00",19678,12,310,0,0.015,0.25,0.46,0.021,0.038,0.007,0.046,53.24,50.04
"2025-08-20 13:30:00",19679,11.99,310,0,-0.008,-0.56,0.34,-0.049,0.028,-0.031,0.04,50.6,49.41
"2025-08-20 14:00:00",19680,12,310,0,-0.005,-0.48,0.35,-0.042,0.029,-0.03,0.04,51.17,49.98
"2025-08-20 14:30:00",19681,12,310,0,0.004,-0.13,0.42,-0.013,0.035,-0.013,0.044,54.87,50.91
"2025-08-20 15:00:00",19682,11.99,310,0,0,-0.28,0.39,-0.026,0.033,-0.021,0.042,57.01,51.29
"2025-08-20 15:30:00",19683,11.99,310,0,0.002,-0.21,0.41,-0.02,0.033,-0.015,0.044,53.12,50.67
"2025-08-20 16:00:00",19684,11.99,310,0,0,-0.27,0.42,-0.024,0.035,-0.015,0.044,53.67,51.48
"2025-08-20 16:30:00",19685,11.99,310,0,0.005,-0.1,0.46,-0.01,0.038,-0.006,0.045,56.68,52.72
"2025-08-20 17:00:00",19686,11.98,310,0,0.002,-0.21,0.42,-0.019,0.035,-0.017,0.043,54.67,51.47
"2025-08-20 17:30:00",19687,11.98,310,0,0.003,-0.17,0.43,-0.016,0.036,-0.015,0.044,54.54,51.09
"2025-08-20 18:00:00",19688,11.97,310,0,0.004,-0.13,0.42,-0.013,0.035,-0.011,0.044,57.36,51.9
"2025-08-20 18:30:00",19689,11.97,310,0,0.006,-0.07,0.45,-0.009,0.037,-0.008,0.044,56.6,52.15
"2025-08-20 19:00:00",19690,11.97,310,0,0.003,-0.2,0.45,-0.018,0.037,-0.018,0.046,54.35,52.4
"2025-08-20 19:30:00",19691,11.96,310,0,0.004,-0.14,0.43,-0.013,0.036,-0.013,0.044,56.22,52.27
"2025-08-20 20:00:00",19692,11.96,310,0,0.006,-0.1,0.48,-0.011,0.039,-0.01,0.046,58.03,51.57
"2025-08-20 20:30:00",19693,11.96,310,0,0.004,-0.16,0.46,-0.015,0.039,-0.013,0.045,56.65,53.7
"2025-08-20 21:00:00",19694,11.96,310,0,0.005,-0.13,0.46,-0.013,0.039,-0.01,0.045,56.97,52.27
"2025-08-20 21:30:00",19695,11.95,310,0,0.003,-0.19,0.46,-0.017,0.038,-0.017,0.045,57.47,52.51
"2025-08-20 22:00:00",19696,11.95,310,0,0.005,-0.13,0.46,-0.013,0.039,-0.013,0.044,57.21,53.01
"2025-08-20 22:30:00",19697,11.95,310,0,0.003,-0.16,0.43,-0.015,0.036,-0.013,0.044,57.71,52.51
"2025-08-20 23:00:00",19698,11.94,310,0,0.005,-0.13,0.46,-0.013,0.038,-0.012,0.045,57.97,53.02
"2025-08-20 23:30:00",19699,11.94,310,0,0.005,-0.13,0.46,-0.013,0.038,-0.012,0.044,58.4,53.2
"2025-08-21 00:00:00",19700,11.94,310,0,0.005,-0.1,0.46,-0.011,0.038,-0.01,0.044,56.52,52.57
"2025-08-21 00:30:00",19701,11.93,310,0,0.005,-0.1,0.46,-0.011,0.038,-0.012,0.044,58.84,52.39
"2025-08-21 01:00:00",19702,11.93,310,0,0.007,-0.06,0.49,-0.006,0.04,-0.008,0.047,56.02,53.82
"2025-08-21 01:30:00",19703,11.93,310,0,0.005,-0.1,0.45,-0.011,0.037,-0.013,0.044,58.78,52.82
"2025-08-21 02:00:00",19704,11.93,310,0,0.006,-0.07,0.46,-0.008,0.038,-0.01,0.043,57.96,54.26
"2025-08-21 02:30:00",19705,11.93,310,0,0.004,-0.13,0.42,-0.013,0.034,-0.01,0.042,58.65,53.7
"2025-08-21 03:00:00",19706,11.92,310,0,0.006,-0.07,0.43,-0.008,0.036,-0.008,0.045,57.41,53.96
"2025-08-21 03:30:00",19707,11.92,310,0,0.005,-0.1,0.46,-0.011,0.038,-0.01,0.045,58.22,53.77
"2025-08-21 04:00:00",19708,11.92,310,0,0.004,-0.13,0.43,-0.013,0.036,-0.012,0.045,58.65,52.7
"2025-08-21 04:30:00",19709,11.92,310,0,0.004,-0.16,0.46,-0.015,0.039,-0.013,0.044,56.52,52.82
"2025-08-21 05:00:00",19710,11.92,310,0,0.005,-0.13,0.46,-0.013,0.039,-0.013,0.046,56.95,52.75
"2025-08-21 05:30:00",19711,11.92,310,0,0.005,-0.1,0.42,-0.011,0.035,-0.008,0.044,58.15,53.95
"2025-08-21 06:00:00",19712,11.91,310,0,0.005,-0.1,0.45,-0.011,0.037,-0.011,0.044,58.71,53.26
"2025-08-21 06:30:00",19713,11.91,310,0,0.004,-0.16,0.45,-0.015,0.037,-0.013,0.044,57.45,52.75
"2025-08-21 07:00:00",19714,11.91,310,0,0.006,-0.1,0.49,-0.011,0.04,-0.01,0.046,58.95,53.25
"2025-08-21 07:30:00",19715,11.91,310,0,0.002,-0.19,0.42,-0.017,0.035,-0.015,0.042,57.32,53.62
"2025-08-21 08:00:00",19716,11.9,310,0,0.006,-0.07,0.45,-0.009,0.037,-0.008,0.044,58.07,53.87
"2025-08-21 08:30:00",19717,11.9,310,0,0.007,-0.05,0.45,-0.006,0.037,-0.008,0.043,60.28,53.82
"2025-08-21 09:00:00",19718,11.9,310,0,0.002,-0.2,0.43,-0.019,0.036,-0.016,0.042,57.7,54.26
"2025-08-21 09:30:00",19719,11.9,310,0,0.007,-0.03,0.46,-0.004,0.038,-0.004,0.045,56.77,54.32
"2025-08-21 10:00:00",19720,11.9,310,0,0.005,-0.07,0.42,-0.009,0.035,-0.008,0.042,58.9,53.45
"2025-08-21 10:30:00",19721,11.9,310,0,0.002,-0.21,0.43,-0.019,0.036,-0.017,0.042,57.52,53.83
"2025-08-21 11:00:00",19722,11.9,310,0,0.008,0,0.48,0,0.04,0,0.044,60.29,53.83
"2025-08-21 11:30:00",19723,11.89,310,0,0.005,-0.1,0.45,-0.011,0.037,-0.01,0.044,58.33,53.13
"2025-08-21 12:00:00",19724,11.9,310,0,0.018,0.41,0.46,0.034,0.039,0.032,0.041,70.66,56.42
"2025-08-21 12:30:00",19725,11.89,310,0,-0.011,-0.63,0.25,-0.055,0.021,-0.047,0.032,51.34,53.66
"2025-08-21 13:00:00",19726,11.89,310,0,0.002,-0.19,0.38,-0.017,0.031,-0.016,0.042,53.83,51.89
"2025-08-21 13:30:00",19727,11.89,310,0,0.009,0.03,0.49,0.002,0.04,0,0.047,60.85,53.14
"2025-08-21 14:00:00",19728,11.89,310,0,0.001,-0.27,0.46,-0.025,0.038,-0.024,0.044,61.68,54.47
"2025-08-21 14:30:00",19729,11.89,310,0,-0.003,-0.41,0.35,-0.036,0.029,-0.026,0.04,53.2,50.76
"2025-08-21 15:00:00",19730,11.89,310,0,0.006,-0.09,0.46,-0.009,0.038,-0.009,0.045,56.02,51.57
"2025-08-21 15:30:00",19731,11.88,310,0,0,-0.26,0.41,-0.023,0.034,-0.02,0.041,54.63,52.44
"2025-08-21 16:00:00",19732,11.88,310,0,0.004,-0.13,0.43,-0.013,0.036,-0.013,0.045,58.14,53.19
"2025-08-21 16:30:00",19733,11.87,310,0,0.005,-0.12,0.45,-0.011,0.037,-0.011,0.044,55.82,51.87
"2025-08-21 17:00:00",19734,11.87,310,0,0.005,-0.12,0.46,-0.011,0.038,-0.011,0.047,57.57,53.12
"2025-08-21 17:30:00",19735,11.87,310,0,0.007,-0.06,0.48,-0.007,0.039,-0.009,0.045,57.44,54
"2025-08-21 18:00:00",19736,11.87,310,0,0.005,-0.09,0.45,-0.009,0.037,-0.008,0.045,58.38,52.68
"2025-08-21 18:30:00",19737,11.86,310,0,0.005,-0.13,0.48,-0.013,0.039,-0.013,0.045,58.75,53.55
"2025-08-21 19:00:00",19738,11.86,310,0,0.005,-0.14,0.48,-0.013,0.039,-0.015,0.047,57.5,52.8
"2025-08-21 19:30:00",19739,11.85,310,0,0.005,-0.09,0.43,-0.009,0.036,-0.009,0.045,58.62,53.42
"2025-08-21 20:00:00",19740,11.85,310,0,0.005,-0.13,0.46,-0.013,0.039,-0.013,0.044,60.69,53.74
"2025-08-21 20:30:00",19741,11.85,310,0,0.005,-0.1,0.46,-0.01,0.038,-0.012,0.046,60,53.29
"2025-08-21 21:00:00",19742,11.85,310,0,0.005,-0.1,0.46,-0.011,0.039,-0.01,0.044,59.19,54.74
"2025-08-21 21:30:00",19743,11.84,310,0,0.005,-0.1,0.45,-0.011,0.037,-0.01,0.042,59.63,54.43
"2025-08-21 22:00:00",19744,11.84,310,0,0.005,-0.13,0.46,-0.013,0.039,-0.013,0.044,58.13,53.93
"2025-08-21 22:30:00",19745,11.84,310,0,0.004,-0.16,0.45,-0.015,0.037,-0.017,0.042,59.57,54.87
"2025-08-21 23:00:00",19746,11.84,310,0,0.003,-0.19,0.46,-0.017,0.039,-0.015,0.044,60.06,54.86
"2025-08-21 23:30:00",19747,11.84,310,0,0.005,-0.1,0.45,-0.011,0.037,-0.013,0.044,60.32,53.87
"2025-08-22 00:00:00",19748,11.83,310,0,0.005,-0.1,0.45,-0.011,0.037,-0.01,0.044,59.81,53.86
"2025-08-22 00:30:00",19749,11.83,310,0,0.005,-0.1,0.45,-0.011,0.037,-0.013,0.044,58.82,54.12
"2025-08-22 01:00:00",19750,11.83,310,0,0.005,-0.1,0.45,-0.011,0.037,-0.011,0.044,59.63,53.93
"2025-08-22 01:30:00",19751,11.83,310,0,0.005,-0.16,0.49,-0.015,0.04,-0.013,0.044,57.94,53.99
"2025-08-22 02:00:00",19752,11.83,310,0,0.005,-0.13,0.46,-0.013,0.039,-0.01,0.044,58.94,53.99
"2025-08-22 02:30:00",19753,11.82,310,0,0.005,-0.13,0.46,-0.013,0.039,-0.013,0.044,59.5,54.3
"2025-08-22 03:00:00",19754,11.82,310,0,0.005,-0.07,0.42,-0.009,0.035,-0.008,0.043,58.18,53.23
"2025-08-22 03:30:00",19755,11.82,310,0,0.004,-0.13,0.45,-0.013,0.037,-0.011,0.043,58.24,54.04
"2025-08-22 04:00:00",19756,11.82,310,0,0.004,-0.13,0.42,-0.013,0.035,-0.013,0.045,58.86,53.66
"2025-08-22 04:30:00",19757,11.81,310,0,0.005,-0.12,0.46,-0.011,0.038,-0.011,0.045,58.11,53.91
"2025-08-22 05:00:00",19758,11.81,310,0,0.005,-0.12,0.46,-0.011,0.038,-0.011,0.045,58.42,53.48
"2025-08-22 05:30:00",19759,11.81,310,0,0.005,-0.12,0.48,-0.011,0.04,-0.011,0.045,58.23,54.53
"2025-08-22 06:00:00",19760,11.8,310,0,0.005,-0.13,0.46,-0.013,0.038,-0.013,0.043,58.98,53.78
"2025-08-22 06:30:00",19761,11.8,310,0,0.005,-0.1,0.43,-0.011,0.036,-0.011,0.043,59.85,55.16
"2025-08-22 07:00:00",19762,11.8,310,0,0.006,-0.1,0.48,-0.011,0.039,-0.009,0.045,59.42,54.22
"2025-08-22 07:30:00",19763,11.79,310,0,0.006,-0.1,0.49,-0.01,0.04,-0.01,0.046,61.23,55.28
"2025-08-22 08:00:00",19764,11.79,310,0,-0.035,-1.49,0.14,-0.125,0.012,-0.157,0.02,109.9,56.85
"2025-08-22 08:30:00",19765,11.79,310,0,-0.026,-1.12,0.11,-0.095,0.01,-0.079,0.014,109.8,61.95
"2025-08-22 09:00:00",19766,11.79,310,0,-0.006,-0.61,0.46,-0.053,0.038,-0.041,0.043,58.47,58.28
"2025-08-22 09:30:00",19767,11.79,310,0,0.015,0.38,0.34,0.031,0.028,0.028,0.034,59.71,56.51
"2025-08-22 10:00:00",19768,11.79,310,0,0.01,-0.03,0.59,-0.004,0.049,-0.004,0.052,58.02,55.32
"2025-08-22 10:30:00",19769,11.8,310,0,-0.024,-1.05,0.1,-0.089,0.008,-0.069,0.029,50.07,49.89
"2025-08-22 11:00:00",19770,11.8,310,0,0.027,0.55,0.74,0.045,0.062,0.044,0.067,109.9,110
"2025-08-22 11:30:00",19771,11.81,310,0,0.017,0.34,0.48,0.027,0.04,0.049,0.041,109.5,65.62
"2025-08-22 12:00:00",19772,11.81,310,0,-0.013,-0.66,0.2,-0.057,0.016,-0.039,0.03,52.01,51.32
"2025-08-22 12:30:00",19773,11.81,310,0,-0.076,-2.96,-0.1,-0.247,-0.01,-0.185,0.006,48.05,53.13
"2025-08-22 13:00:00",19774,11.81,310,0,0.064,2.17,0.52,0.179,0.042,0.136,0.046,66.47,48.21
"2025-08-22 13:30:00",19775,11.81,310,0,-0.028,-1.43,0.41,-0.12,0.034,-0.081,0.044,49.03,49.85
"2025-08-22 14:00:00",19776,11.81,310,0,-0.008,-0.52,0.24,-0.045,0.019,-0.034,0.035,50.65,48.2
"2025-08-22 14:30:00",19777,11.81,310,0,0.008,0,0.46,0,0.038,-0.002,0.047,56.98,50.27
"2025-08-22 15:00:00",19778,11.81,310,0,0.046,1.22,0.83,0.101,0.068,0.114,0.067,53.53,53.35
"2025-08-22 15:30:00",19779,11.81,310,0,0.017,0.28,0.55,0.023,0.045,0.018,0.05,60.13,52.92
"2025-08-22 16:00:00",19780,11.8,310,0,0.006,-0.06,0.45,-0.007,0.037,-0.011,0.044,54.43,52.23
"2025-08-22 16:30:00",19781,11.8,310,0,0.008,-0.03,0.49,-0.005,0.041,-0.007,0.046,54.29,51.59
"2025-08-22 17:00:00",19782,11.8,310,0,0.004,-0.17,0.49,-0.016,0.041,-0.011,0.046,54.52,52.33
"2025-08-22 17:30:00",19783,11.79,310,0,0.005,-0.16,0.49,-0.015,0.04,-0.013,0.047,55.96,52.51
"2025-08-22 18:00:00",19784,11.79,310,0,0.004,-0.14,0.46,-0.014,0.039,-0.013,0.046,54.77,52.57
"2025-08-22 18:30:00",19785,11.78,310,0,0.006,-0.06,0.42,-0.007,0.035,-0.009,0.044,56.33,52.63
"2025-08-22 19:00:00",19786,11.78,310,0,0.006,-0.06,0.45,-0.007,0.037,-0.007,0.046,55.5,52.3
"2025-08-22 19:30:00",19787,11.77,310,0,0.007,-0.06,0.49,-0.007,0.041,-0.007,0.048,55.94,52.49
"2025-08-22 20:00:00",19788,11.77,310,0,0.005,-0.14,0.48,-0.014,0.039,-0.016,0.044,55.75,52.8
"2025-08-22 20:30:00",19789,11.76,310,0,0.006,-0.09,0.46,-0.009,0.039,-0.009,0.046,58.38,53.18
"2025-08-22 21:00:00",19790,11.76,310,0,0.006,-0.09,0.46,-0.009,0.039,-0.009,0.044,57.74,52.79
"2025-08-22 21:30:00",19791,11.75,310,0,0.005,-0.13,0.49,-0.013,0.04,-0.011,0.046,57.49,54.54
"2025-08-22 22:00:00",19792,11.75,310,0,0.006,-0.07,0.48,-0.008,0.039,-0.008,0.043,60.31,54.61
"2025-08-22 22:30:00",19793,11.74,310,0,0.004,-0.16,0.48,-0.015,0.039,-0.015,0.045,60.19,55.49
"2025-08-22 23:00:00",19794,11.74,310,0,0.005,-0.12,0.48,-0.011,0.039,-0.011,0.045,59.13,53.68
"2025-08-22 23:30:00",19795,11.74,310,0,0.005,-0.13,0.5,-0.013,0.041,-0.011,0.045,58.94,54.99
"2025-08-23 00:00:00",19796,11.74,310,0,0.005,-0.13,0.5,-0.013,0.041,-0.013,0.047,58.56,54.11
"2025-08-23 00:30:00",19797,11.74,310,0,0.004,-0.13,0.45,-0.013,0.038,-0.013,0.043,58.62,54.17
"2025-08-23 01:00:00",19798,11.74,310,0,0.005,-0.1,0.43,-0.011,0.036,-0.011,0.043,60.18,54.73
"2025-08-23 01:30:00",19799,11.73,310,0,0.004,-0.13,0.45,-0.013,0.037,-0.013,0.041,59.18,53.73
"2025-08-23 02:00:00",19800,11.73,310,0,0.004,-0.16,0.48,-0.015,0.039,-0.015,0.045,60.05,53.6
"2025-08-23 02:30:00",19801,11.73,310,0,0.003,-0.16,0.43,-0.015,0.035,-0.017,0.043,58.93,53.48
"2025-08-23 03:00:00",19802,11.73,310,0,0.006,-0.09,0.46,-0.009,0.038,-0.007,0.044,59.86,53.91
"2025-08-23 03:30:00",19803,11.72,310,0,0.005,-0.12,0.43,-0.011,0.036,-0.011,0.044,59.23,54.28
"2025-08-23 04:00:00",19804,11.72,310,0,0.006,-0.09,0.48,-0.009,0.04,-0.009,0.045,59.79,53.84
"2025-08-23 04:30:00",19805,11.72,310,0,0.006,-0.09,0.46,-0.009,0.038,-0.007,0.045,59.98,55.29
"2025-08-23 05:00:00",19806,11.71,310,0,0.005,-0.12,0.46,-0.011,0.038,-0.011,0.044,59.29,53.84
"2025-08-23 05:30:00",19807,11.71,310,0,0.006,-0.06,0.46,-0.007,0.038,-0.009,0.044,57.72,54.27
"2025-08-23 06:00:00",19808,11.71,310,0,0.005,-0.12,0.46,-0.011,0.038,-0.011,0.046,59.29,54.34
"2025-08-23 06:30:00",19809,11.7,310,0,0.006,-0.1,0.48,-0.011,0.04,-0.011,0.044,60.22,53.77
"2025-08-23 07:00:00",19810,11.7,310,0,0.004,-0.13,0.45,-0.013,0.037,-0.013,0.043,60.6,54.9
"2025-08-23 07:30:00",19811,11.7,310,0,0.007,-0.05,0.46,-0.006,0.039,-0.008,0.043,61.61,55.66
"2025-08-23 08:00:00",19812,11.7,310,0,0.003,-0.12,0.36,-0.011,0.03,0,0.031,109.8,64.51
"2025-08-23 08:30:00",19813,11.7,310,0,-0.024,-1.08,0.15,-0.091,0.012,-0.077,0.014,109.8,65.97
"2025-08-23 09:00:00",19814,11.7,310,0,-0.001,-0.27,0.31,-0.024,0.026,-0.018,0.027,92.8,65.26
"2025-08-23 09:30:00",19815,11.7,310,0,0,-0.3,0.36,-0.027,0.03,-0.04,0.036,72.15,58.92
"2025-08-23 10:00:00",19816,11.71,310,0,0.007,-0.06,0.48,-0.007,0.04,-0.006,0.047,57.84,52.89
"2025-08-23 10:30:00",19817,11.71,310,0,-0.005,-0.38,0.24,-0.033,0.02,-0.023,0.034,50.15,51.22
"2025-08-23 11:00:00",19818,11.71,310,0,0.022,0.29,0.78,0.024,0.065,0.03,0.069,110,109.8
"2025-08-23 11:30:00",19819,11.72,310,0,-0.002,-0.42,0.46,-0.037,0.038,-0.034,0.041,60.93,60.74
"2025-08-23 12:00:00",19820,11.72,310,0,-0.035,-1.43,0.03,-0.121,0.002,-0.077,0.019,49.3,50.37
"2025-08-23 12:30:00",19821,11.72,310,0,0.004,-0.38,0.74,-0.034,0.062,-0.041,0.063,80.6,59.53
"2025-08-23 13:00:00",19822,11.72,310,0,0.007,0,0.43,-0.002,0.036,0.006,0.043,54.93,49.73
"2025-08-23 13:30:00",19823,11.72,310,0,-0.01,-0.69,0.39,-0.059,0.033,-0.038,0.044,49.85,49.91
"2025-08-23 14:00:00",19824,11.72,310,0,-0.012,-0.68,0.25,-0.058,0.021,-0.048,0.037,50.78,48.59
"2025-08-23 14:30:00",19825,11.72,310,0,0.011,0.1,0.5,0.009,0.042,0.011,0.049,57.43,51.48
"2025-08-23 15:00:00",19826,11.71,310,0,-0.004,-0.42,0.32,-0.037,0.026,-0.03,0.038,52.6,50.91
"2025-08-23 15:30:00",19827,11.71,310,0,0.004,-0.17,0.48,-0.016,0.039,-0.011,0.046,56.68,50.22
"2025-08-23 16:00:00",19828,11.71,310,0,0.007,-0.05,0.46,-0.006,0.038,-0.006,0.045,60.69,52.72
"2025-08-23 16:30:00",19829,11.7,310,0,0.003,-0.14,0.41,-0.014,0.034,-0.014,0.041,54.72,51.77
"2025-08-23 17:00:00",19830,11.7,310,0,0.006,-0.06,0.45,-0.007,0.037,-0.007,0.044,56.29,51.83
"2025-08-23 17:30:00",19831,11.7,310,0,0.004,-0.14,0.43,-0.014,0.035,-0.011,0.043,55.59,51.89
"2025-08-23 18:00:00",19832,11.69,310,0,0.004,-0.12,0.42,-0.011,0.035,-0.011,0.045,57.65,52.2
"2025-08-23 18:30:00",19833,11.69,310,0,0.005,-0.12,0.45,-0.012,0.037,-0.011,0.045,56.53,51.82
"2025-08-23 19:00:00",19834,11.68,310,0,0.008,0,0.45,-0.002,0.037,-0.004,0.046,57.59,52.38
"2025-08-23 19:30:00",19835,11.68,310,0,0.004,-0.14,0.46,-0.013,0.039,-0.013,0.044,58.02,51.81
"2025-08-23 20:00:00",19836,11.67,310,0,0.006,-0.06,0.46,-0.007,0.039,-0.007,0.044,57.26,51.56
"2025-08-23 20:30:00",19837,11.67,310,0,0.006,-0.09,0.46,-0.009,0.038,-0.009,0.046,58.2,53.25
"2025-08-23 21:00:00",19838,11.67,310,0,0.006,-0.09,0.46,-0.009,0.038,-0.006,0.044,58.96,53.25
"2025-08-23 21:30:00",19839,11.66,310,0,0.006,-0.06,0.46,-0.007,0.038,-0.006,0.046,57.39,53.19
"2025-08-23 22:00:00",19840,11.66,310,0,0.006,-0.06,0.43,-0.007,0.036,-0.007,0.044,58.33,53.38
"2025-08-23 22:30:00",19841,11.66,310,0,0.005,-0.12,0.46,-0.011,0.038,-0.011,0.046,58.03,53.83
"2025-08-23 23:00:00",19842,11.65,310,0,0.005,-0.12,0.46,-0.011,0.038,-0.011,0.044,58.71,54.01
"2025-08-23 23:30:00",19843,11.65,310,0,0.006,-0.06,0.46,-0.007,0.038,-0.004,0.046,58.59,53.13
"2025-08-24 00:00:00",19844,11.65,310,0,0.004,-0.14,0.46,-0.013,0.038,-0.011,0.046,57.89,53.44
"2025-08-24 00:30:00",19845,11.65,310,0,0.003,-0.17,0.43,-0.016,0.036,-0.013,0.044,56.77,53.07
"2025-08-24 01:00:00",19846,11.64,310,0,0.005,-0.13,0.46,-0.013,0.038,-0.011,0.044,58.08,54.14
"2025-08-24 01:30:00",19847,11.64,310,0,0.005,-0.12,0.46,-0.011,0.038,-0.009,0.046,57.89,53.44
"2025-08-24 02:00:00",19848,11.64,310,0,0.004,-0.14,0.42,-0.013,0.035,-0.013,0.042,57.26,53.56
"2025-08-24 02:30:00",19849,11.64,310,0,0.005,-0.09,0.43,-0.009,0.036,-0.009,0.044,59.14,52.68
"2025-08-24 03:00:00",19850,11.63,310,0,0.006,-0.09,0.49,-0.009,0.04,-0.009,0.044,58.7,54.75
"2025-08-24 03:30:00",19851,11.63,310,0,0.004,-0.14,0.46,-0.013,0.038,-0.015,0.044,59.01,53.56
"2025-08-24 04:00:00",19852,11.63,310,0,0.005,-0.12,0.45,-0.011,0.037,-0.009,0.042,58.7,53.74
"2025-08-24 04:30:00",19853,11.62,310,0,0.005,-0.12,0.46,-0.011,0.038,-0.011,0.046,58.82,54.37
"2025-08-24 05:00:00",19854,11.62,310,0,0.005,-0.12,0.46,-0.011,0.038,-0.011,0.044,59.37,53.92
"2025-08-24 05:30:00",19855,11.62,310,0,0.004,-0.14,0.45,-0.013,0.037,-0.013,0.046,58.88,54.18
"2025-08-24 06:00:00",19856,11.61,310,0,0.004,-0.14,0.46,-0.013,0.039,-0.011,0.044,59.75,54.3
"2025-08-24 06:30:00",19857,11.61,310,0,0.006,-0.09,0.46,-0.009,0.038,-0.009,0.044,59.24,54.29
"2025-08-24 07:00:00",19858,11.61,310,0,0.006,-0.06,0.46,-0.007,0.038,-0.006,0.046,60.25,54.8
"2025-08-24 07:30:00",19859,11.6,310,0,0.006,-0.07,0.45,-0.009,0.037,-0.006,0.042,61.95,54.49
"2025-08-24 08:00:00",19860,11.6,310,0,0.006,-0.07,0.46,-0.008,0.038,-0.008,0.044,63.47,56.26
"2025-08-24 08:30:00",19861,11.6,310,0,0.006,-0.07,0.45,-0.008,0.037,-0.008,0.041,62.1,55.14
"2025-08-24 09:00:00",19862,11.6,310,0,0.006,-0.07,0.43,-0.008,0.036,-0.008,0.04,60.03,56.33
"2025-08-24 09:30:00",19863,11.6,310,0,0.005,-0.09,0.41,-0.009,0.034,-0.009,0.044,60.41,54.45
"2025-08-24 10:00:00",19864,11.6,310,0,0.002,-0.21,0.43,-0.02,0.036,-0.02,0.043,59.03,54.83
"2025-08-24 10:30:00",19865,11.6,310,0,0.004,-0.16,0.45,-0.015,0.037,-0.013,0.041,58.97,54.52
"2025-08-24 11:00:00",19866,11.6,310,0,0.006,-0.07,0.46,-0.008,0.038,-0.006,0.044,62.74,55.53
"2025-08-24 11:30:00",19867,11.6,310,0,0.007,-0.03,0.46,-0.004,0.038,-0.006,0.044,60.73,55.53
"2025-08-24 12:00:00",19868,11.6,310,0,0.004,-0.14,0.42,-0.013,0.034,-0.011,0.042,56.59,54.14
"2025-08-24 12:30:00",19869,11.6,310,0,0.011,0.1,0.5,0.008,0.041,0.008,0.044,64.5,55.29
"2025-08-24 13:00:00",19870,11.6,310,0,0.003,-0.2,0.46,-0.019,0.038,-0.019,0.044,59.37,54.92
"2025-08-24 13:30:00",19871,11.6,310,0,0.003,-0.14,0.41,-0.013,0.034,-0.015,0.04,58.42,53.47
"2025-08-24 14:00:00",19872,11.6,310,0,0.007,0,0.42,-0.002,0.034,-0.002,0.042,57.85,53.4
"2025-08-24 14:30:00",19873,11.59,310,0,0.008,0,0.46,0,0.039,-0.002,0.045,62.56,53.85
"2025-08-24 15:00:00",19874,11.59,310,0,0.005,-0.1,0.45,-0.011,0.037,-0.008,0.043,58.99,54.04
"2025-08-24 15:30:00",19875,11.59,310,0,-0.011,-0.66,0.31,-0.056,0.026,-0.049,0.036,58.01,54.05
"2025-08-24 16:00:00",19876,11.59,310,0,0.018,0.36,0.5,0.03,0.042,0.024,0.048,61.09,53.62
"2025-08-24 16:30:00",19877,11.59,310,0,0.007,-0.06,0.48,-0.007,0.039,-0.007,0.044,53.23,52.54
"2025-08-24 17:00:00",19878,11.59,310,0,0.005,-0.09,0.45,-0.009,0.037,-0.007,0.045,56.6,52.65
"2025-08-24 17:30:00",19879,11.58,310,0,0.007,-0.06,0.48,-0.007,0.04,-0.007,0.045,56.03,52.08
"2025-08-24 18:00:00",19880,11.58,310,0,0.005,-0.12,0.46,-0.012,0.038,-0.011,0.043,55.34,51.89
"2025-08-24 18:30:00",19881,11.57,310,0,0.005,-0.12,0.46,-0.012,0.038,-0.011,0.046,55.97,51.26
"2025-08-24 19:00:00",19882,11.57,310,0,0.005,-0.12,0.43,-0.012,0.036,-0.009,0.044,55.39,51.69
"2025-08-24 19:30:00",19883,11.56,310,0,0.005,-0.12,0.43,-0.012,0.036,-0.012,0.046,56.83,51.87
"2025-08-24 20:00:00",19884,11.56,310,0,0.006,-0.09,0.46,-0.009,0.038,-0.009,0.046,55.88,51.93
"2025-08-24 20:30:00",19885,11.55,310,0,0.006,-0.09,0.49,-0.009,0.04,-0.011,0.046,56.25,52.3
"2025-08-24 21:00:00",19886,11.54,310,0,0.004,-0.14,0.46,-0.014,0.038,-0.011,0.046,56.18,52.49
"2025-08-24 21:30:00",19887,11.54,310,0,0.005,-0.12,0.46,-0.012,0.038,-0.011,0.044,57.25,52.55
"2025-08-24 22:00:00",19888,11.53,310,0,0.005,-0.12,0.48,-0.012,0.04,-0.011,0.046,58.44,52.99
"2025-08-24 22:30:00",19889,11.53,310,0,0.006,-0.09,0.46,-0.009,0.038,-0.009,0.044,59.43,52.48
"2025-08-24 23:00:00",19890,11.52,310,0,0.006,-0.09,0.48,-0.009,0.04,-0.007,0.046,58.55,54.1
"2025-08-24 23:30:00",19891,11.52,310,0,0.006,-0.09,0.46,-0.009,0.038,-0.009,0.042,58.49,53.54
"2025-08-25 00:00:00",19892,11.52,310,0,0.005,-0.12,0.46,-0.012,0.038,-0.011,0.044,58.8,53.1
"2025-08-25 00:30:00",19893,11.51,310,0,0.006,-0.09,0.46,-0.009,0.038,-0.009,0.044,58.3,54.35
"2025-08-25 01:00:00",19894,11.51,310,0,0.004,-0.14,0.45,-0.014,0.038,-0.011,0.044,58.48,53.78
"2025-08-25 01:30:00",19895,11.5,310,0,0.006,-0.09,0.48,-0.009,0.039,-0.009,0.045,58.86,53.41
"2025-08-25 02:00:00",19896,11.5,310,0,0.006,-0.06,0.45,-0.007,0.037,-0.007,0.045,58.23,54.29
"2025-08-25 02:30:00",19897,11.49,310,0,0.007,-0.06,0.48,-0.007,0.039,-0.009,0.044,58.55,54.6
"2025-08-25 03:00:00",19898,11.49,310,0,0.007,-0.06,0.48,-0.007,0.039,-0.007,0.043,60.49,54.79
"2025-08-25 03:30:00",19899,11.49,310,0,0.006,-0.09,0.48,-0.009,0.039,-0.009,0.044,58.55,55.1
"2025-08-25 04:00:00",19900,11.48,310,0,0.005,-0.12,0.48,-0.011,0.039,-0.011,0.045,59.29,54.35
"2025-08-25 04:30:00",19901,11.48,310,0,0.006,-0.09,0.48,-0.009,0.039,-0.009,0.046,59.05,54.35
"2025-08-25 05:00:00",19902,11.48,310,0,0.005,-0.09,0.45,-0.009,0.037,-0.011,0.045,59.54,55.35
"2025-08-25 05:30:00",19903,11.47,310,0,0.005,-0.14,0.48,-0.014,0.039,-0.013,0.044,60.3,54.6
"2025-08-25 06:00:00",19904,11.47,310,0,0.006,-0.09,0.48,-0.009,0.039,-0.011,0.044,60.04,54.34
"2025-08-25 06:30:00",19905,11.47,310,0,0.004,-0.14,0.45,-0.014,0.037,-0.013,0.044,60.24,54.29
"2025-08-25 07:00:00",19906,11.46,310,0,0.008,-0.03,0.49,-0.004,0.04,-0.006,0.047,63.05,54.85
"2025-08-25 07:30:00",19907,11.46,310,0,0.005,-0.1,0.43,-0.011,0.036,-0.011,0.042,62.63,55.17
"2025-08-25 08:00:00",19908,11.46,310,0,0.007,-0.09,0.53,-0.009,0.044,-0.007,0.046,60.33,57.38
"2025-08-25 08:30:00",19909,11.46,310,0,-0.001,-0.31,0.34,-0.027,0.027,-0.026,0.018,109.8,109.6
"2025-08-25 09:00:00",19910,11.46,310,0,0.025,0.55,0.62,0.045,0.051,0.034,0.053,51.54,57.12
"2025-08-25 09:30:00",19911,11.46,310,0,0.006,-0.21,0.63,-0.02,0.052,-0.002,0.054,109.9,74.81
"2025-08-25 10:00:00",19912,11.46,310,0,0,-0.2,0.32,-0.019,0.027,-0.016,0.037,57.92,51.96
"2025-08-25 10:30:00",19913,11.46,310,0,0.004,-0.1,0.41,-0.011,0.034,-0.008,0.04,60.25,54.29
"2025-08-25 11:00:00",19914,11.46,310,0,-0.001,-0.27,0.29,-0.024,0.024,-0.024,0.033,57.11,51.15
"2025-08-25 11:30:00",19915,11.46,310,0,-0.062,-2.57,0.13,-0.214,0.01,-0.136,0.022,46.28,55.88
"2025-08-25 12:00:00",19916,11.46,310,0,-0.032,-1.36,0.11,-0.115,0.009,-0.105,0.021,49.24,54.32
"2025-08-25 12:30:00",19917,11.45,310,0,0.018,-0.07,1.11,-0.009,0.092,0.001,0.093,59.65,67.5
"2025-08-25 13:00:00",19918,11.45,310,0,0.011,0.14,0.45,0.011,0.037,0.002,0.044,60.02,51.55
"2025-08-25 13:30:00",19919,11.45,310,0,-0.037,-1.56,0.1,-0.13,0.008,-0.091,0.027,48.04,49.61
"2025-08-25 14:00:00",19920,11.45,310,0,-0.031,-1.32,0.08,-0.111,0.007,-0.08,0.029,47.85,48.41
"2025-08-25 14:30:00",19921,11.45,310,0,0.006,-0.06,0.45,-0.007,0.037,-0.007,0.045,54.81,50.86
"2025-08-25 15:00:00",19922,11.44,310,0,0.002,-0.23,0.48,-0.021,0.039,-0.013,0.048,54.12,53.18
"2025-08-25 15:30:00",19923,11.44,310,0,0.01,0.08,0.43,0.007,0.036,0.009,0.044,57.15,52.95
"2025-08-25 16:00:00",19924,11.43,310,0,-0.001,-0.38,0.46,-0.033,0.038,-0.024,0.044,52.63,50.43
"2025-08-25 16:30:00",19925,11.42,310,0,0.002,-0.19,0.42,-0.018,0.035,-0.015,0.043,53.5,51.55
"2025-08-25 17:00:00",19926,11.41,310,0,0.003,-0.16,0.43,-0.015,0.036,-0.017,0.043,54.49,50.28
"2025-08-25 17:30:00",19927,11.41,310,0,0.005,-0.06,0.41,-0.007,0.034,-0.007,0.044,54.36,50.91
"2025-08-25 18:00:00",19928,11.4,310,0,0.008,0,0.46,-0.002,0.038,-0.002,0.044,56.3,51.09
"2025-08-25 18:30:00",19929,11.39,310,0,0.003,-0.16,0.42,-0.015,0.034,-0.012,0.044,53.65,50.71
"2025-08-25 19:00:00",19930,11.38,310,0,0.004,-0.13,0.42,-0.013,0.035,-0.01,0.045,53.33,50.88
"2025-08-25 19:30:00",19931,11.37,310,0,0.003,-0.2,0.46,-0.019,0.038,-0.015,0.046,53.69,51.5
"2025-08-25 20:00:00",19932,11.35,310,0,0.004,-0.13,0.43,-0.013,0.036,-0.01,0.044,54.13,51.69
"2025-08-25 20:30:00",19933,11.34,310,0,0.007,-0.03,0.45,-0.005,0.037,-0.005,0.045,56.57,53.37
"2025-08-25 21:00:00",19934,11.32,310,0,0.006,-0.1,0.48,-0.01,0.039,-0.01,0.046,56.44,52.49
"2025-08-25 21:30:00",19935,11.3,310,0,0.007,-0.05,0.49,-0.005,0.04,-0.005,0.045,57.01,52.3
"2025-08-25 22:00:00",19936,11.26,310,0,0.005,-0.12,0.45,-0.011,0.037,-0.008,0.044,55.68,51.73
"2025-08-25 22:30:00",19937,11.19,310,0,0.007,-0.02,0.43,-0.003,0.036,-0.006,0.045,56.12,51.92
"2025-08-25 23:30:00",19938,9.21,310,0,0.009,0,0.52,0,0.043,-0.004,0.048,56.3,52.1
"2025-08-26 00:00:00",19939,9.31,310,0,0.007,-0.07,0.49,-0.008,0.041,-0.007,0.049,57.87,54.92
"2025-08-26 00:30:00",19940,9.32,310,0,0.003,-0.17,0.41,-0.016,0.034,-0.012,0.042,56.86,52.41
"2025-08-26 01:00:00",19941,9.32,310,0,0.006,-0.12,0.49,-0.012,0.04,-0.011,0.045,58.62,52.91
"2025-08-26 01:30:00",19942,9.32,310,0,0.005,-0.12,0.48,-0.011,0.039,-0.007,0.043,61.38,54.42
"2025-08-26 02:00:00",19943,9.32,310,0,0.008,-0.02,0.48,-0.004,0.039,-0.004,0.047,59.68,52.98
"2025-08-26 02:30:00",19944,9.33,310,0,0.009,-0.02,0.52,-0.004,0.043,-0.004,0.047,59.5,53.29
"2025-08-26 03:00:00",19945,9.32,310,0,0.005,-0.12,0.43,-0.011,0.035,-0.011,0.046,58.3,54.36
"2025-08-26 03:30:00",19946,9.32,310,0,0.006,-0.07,0.43,-0.008,0.036,-0.007,0.043,58.86,53.67
"2025-08-26 04:00:00",19947,9.32,310,0,0.006,-0.07,0.43,-0.008,0.036,-0.007,0.044,59.55,54.6
"2025-08-26 04:30:00",19948,9.32,310,0,0.006,-0.07,0.43,-0.008,0.036,-0.007,0.043,57.61,54.16
"2025-08-26 05:00:00",19949,9.31,310,0,0.004,-0.16,0.48,-0.015,0.039,-0.015,0.047,57.54,53.85
"2025-08-26 05:30:00",19950,9.31,310,0,0.005,-0.1,0.46,-0.011,0.038,-0.007,0.043,59.86,54.16
"2025-08-26 06:00:00",19951,9.31,310,0,0.006,-0.06,0.46,-0.007,0.038,-0.011,0.046,59.1,54.15
"2025-08-26 06:30:00",19952,9.3,310,0,0.006,-0.07,0.48,-0.008,0.039,-0.007,0.044,58.35,53.65
"2025-08-26 07:00:00",19953,9.3,310,0,0.004,-0.16,0.46,-0.015,0.038,-0.014,0.043,61.05,54.85
"2025-08-26 07:30:00",19954,9.3,310,0,0.004,-0.14,0.45,-0.014,0.037,-0.014,0.042,61.62,55.92
"2025-08-26 08:00:00",19955,9.29,310,0,0.006,-0.06,0.43,-0.007,0.036,-0.003,0.041,63.95,56.99
"2025-08-26 08:30:00",19956,9.29,310,0,0,-0.26,0.41,-0.023,0.033,-0.022,0.041,57.31,56.12
"2025-08-26 09:00:00",19957,9.3,310,0,-0.01,-0.69,0.38,-0.059,0.032,-0.093,0.037,109.9,59.27
"2025-08-26 09:30:00",19958,9.3,310,0,-0.015,-1.12,0.69,-0.095,0.056,-0.157,0.059,109.9,63.04
"2025-08-26 10:00:00",19959,9.3,310,0,-0.004,-0.41,0.31,-0.035,0.025,-0.03,0.036,54.51,54.07
"2025-08-26 10:30:00",19960,9.31,310,0,-0.006,-0.33,0.11,-0.029,0.009,-0.02,0.024,52.89,52.96
"2025-08-26 11:00:00",19961,9.32,310,0,0.03,0.77,0.59,0.063,0.048,0.097,0.062,109.8,109.9
"2025-08-26 11:30:00",19962,9.33,310,0,-0.03,-1.15,-0.05,-0.098,-0.006,-0.07,0.008,48.66,53.99
"2025-08-26 12:00:00",19963,9.33,310,0,-0.001,-0.2,0.18,-0.019,0.015,-0.009,0.034,48.32,47.63
"2025-08-26 12:30:00",19964,9.33,310,0,0.045,1.01,1.08,0.084,0.09,0.101,0.094,110,81
"2025-08-26 13:00:00",19965,9.33,310,0,0.018,0.15,0.77,0.013,0.064,0.013,0.064,68.48,53.48
"2025-08-26 13:30:00",19966,9.33,310,0,0.001,-0.26,0.42,-0.023,0.034,-0.015,0.045,55.43,49.97
"2025-08-26 14:00:00",19967,9.33,310,0,-0.009,-0.52,0.21,-0.045,0.017,-0.038,0.035,51.72,49.03
"2025-08-26 14:30:00",19968,9.33,310,0,0,-0.28,0.42,-0.025,0.035,-0.017,0.042,56.68,50.97
"2025-08-26 15:00:00",19969,9.33,310,0,0.001,-0.35,0.56,-0.031,0.046,-0.027,0.047,64.46,53.73
"2025-08-26 15:30:00",19970,9.32,310,0,0.013,0.22,0.39,0.019,0.033,0.019,0.04,64.97,55
"2025-08-26 16:00:00",19971,9.32,310,0,-0.005,-0.51,0.39,-0.043,0.032,-0.042,0.043,53.74,51.54
"2025-08-26 16:30:00",19972,9.31,310,0,-0.007,-0.62,0.43,-0.053,0.036,-0.034,0.043,48.4,51.98
"2025-08-26 17:00:00",19973,9.3,310,0,0.002,-0.2,0.43,-0.019,0.036,-0.018,0.046,55.97,52.52
"2025-08-26 17:30:00",19974,9.29,310,0,0.008,-0.02,0.48,-0.004,0.039,-0.007,0.043,57.73,52.27
"2025-08-26 18:00:00",19975,9.29,310,0,0.002,-0.21,0.45,-0.02,0.037,-0.011,0.044,54.65,51.96
"2025-08-26 18:30:00",19976,9.28,310,0,0.008,0,0.45,0,0.037,0,0.045,53.52,50.32
"2025-08-26 19:00:00",19977,9.27,310,0,0.004,-0.13,0.42,-0.012,0.035,-0.008,0.042,53.57,50.38
"2025-08-26 19:30:00",19978,9.25,310,0,0.007,-0.07,0.52,-0.008,0.043,-0.008,0.05,52.69,50.74
"2025-08-26 20:00:00",19979,9.24,310,0,0,-0.28,0.43,-0.025,0.036,-0.02,0.046,53.87,51.17
"2025-08-26 20:30:00",19980,9.23,310,0,0.005,-0.07,0.42,-0.008,0.035,-0.012,0.046,55.68,51.98
"2025-08-26 21:00:00",19981,9.22,310,0,0.005,-0.07,0.42,-0.008,0.035,-0.008,0.043,54.8,51.85
"2025-08-26 21:30:00",19982,9.21,310,0,0,-0.33,0.42,-0.029,0.034,-0.024,0.042,56.23,53.29
"2025-08-26 22:00:00",19983,9.19,310,0,0.008,-0.02,0.46,-0.004,0.038,-0.008,0.046,57.05,52.35
"2025-08-26 22:30:00",19984,9.18,310,0,0.004,-0.17,0.46,-0.016,0.038,-0.012,0.046,57.49,52.54
"2025-08-26 23:00:00",19985,9.17,310,0,0.003,-0.17,0.42,-0.017,0.035,-0.016,0.043,56.47,52.78
"2025-08-26 23:30:00",19986,9.15,310,0,0.002,-0.17,0.38,-0.016,0.031,-0.02,0.04,56.6,52.65
"2025-08-27 00:00:00",19987,9.14,310,0,0.008,-0.03,0.5,-0.004,0.042,-0.004,0.046,56.6,53.4
"2025-08-27 00:30:00",19988,9.13,310,0,0.007,-0.07,0.5,-0.008,0.042,-0.008,0.046,58.53,52.84
"2025-08-27 01:00:00",19989,9.11,310,0,0.007,-0.07,0.5,-0.008,0.042,-0.008,0.046,58.4,53.96
"2025-08-27 19:00:00",19990,6.785,310,0,0.015,0.14,0.63,0.012,0.052,0.01,0.062,49.16,48.72
