"TOA5","CR200Series_506","CR200X","No_SN","CR200X.Std.00","Sapflux2sensors1.CR2","63887","Table2"
"TIMESTAMP","RECORD","BattV_Min","id","SDI1","SapFlwTot1","VhOut1","VhIn1","AlphaOut1","AlphaIn1","BetaOut1","BetaIn1","tMaxTout1","tMaxTin1"
"TS","RN","Volts","","","unit","unit","unit","unit","unit","unit","unit","unit","unit"
"","","Min","Smp","Smp","Smp","Smp","Smp","Smp","Smp","Smp","Smp","Smp","Smp"
"2024-08-29 11:00:00",5171,13.05579,506,1,0.496,5.72,8.18,0.50645,0.72361,0.43966,0.35468,69.684,61.407
"2024-08-29 11:30:00",5172,12.95086,506,1,0.546,6.32,8.97,0.55904,0.79392,0.48274,0.40544,66.365,59.185
"2024-08-29 12:00:00",5173,12.92988,506,1,0.579,6.69,9.51,0.59206,0.84127,0.52074,0.42874,67.105,58.675
"2024-08-29 12:30:00",5174,12.96597,506,1,0.672,7.85,10.93,0.69522,0.96725,0.6054,0.51562,65.437,56.173
"2024-08-29 13:00:00",5175,12.97772,506,1,0.627,7.34,10.17,0.65004,0.89994,0.56846,0.46574,66.203,57.775
"2024-08-29 13:30:00",5176,12.9836,506,1,0.619,7.25,10.03,0.64162,0.88793,0.55805,0.45598,65.443,58.419
"2024-08-29 14:00:00",5177,12.98528,506,1,0.605,7.15,9.73,0.63313,0.86079,0.55173,0.43966,66.391,58.792
"2024-08-29 14:30:00",5178,12.99619,506,1,0.683,7.95,11.13,0.70366,0.98513,0.61026,0.52732,63.448,57.096
"2024-08-29 15:00:00",5179,12.99619,506,1,0.67,7.83,10.9,0.69315,0.96507,0.60098,0.5005,64.686,56.41
"2024-08-29 15:30:00",5180,13.00207,506,1,0.664,7.81,10.74,0.69102,0.95073,0.59444,0.49206,63.773,56.587
"2024-08-29 16:00:00",5181,13.00291,506,1,0.624,7.34,10.09,0.64987,0.89333,0.56226,0.4627,65.157,58.541
"2024-08-29 16:30:00",5182,13.00878,506,1,0.572,6.79,9.16,0.60076,0.81091,0.51726,0.40212,68.334,59.218
"2024-08-29 17:00:00",5183,12.99535,506,1,0.471,5.59,7.54,0.49514,0.6671,0.42922,0.31289,69.902,58.388
"2024-08-29 17:30:00",5184,12.99703,506,1,0.32,3.86,5.05,0.34131,0.44679,0.29567,0.17265,69.533,60.001
"2024-08-29 18:00:00",5185,12.99283,506,1,0.204,2.5,3.17,0.22121,0.2802,0.17978,0.04506,70.537,59.178
"2024-08-29 18:30:00",5186,13.00207,506,1,0.097,1.15,1.56,0.10205,0.13782,0.07512,-0.05409,70.862,59.347
"2024-08-29 19:00:00",5187,13.00123,506,1,0.021,0.16,0.47,0.0141,0.04145,-0.00835,-0.11715,70.525,56.095
"2024-08-29 19:30:00",5188,13.00291,506,1,-0.014,-0.31,-0.06,-0.02811,-0.00641,-0.05261,-0.14931,69.379,56.616
"2024-08-29 20:00:00",5189,12.99116,506,1,-0.055,-0.82,-0.68,-0.07371,-0.06083,-0.09215,-0.20181,65.879,58.69
"2024-08-29 20:30:00",5190,12.99116,506,1,-0.071,-1.04,-0.89,-0.09289,-0.08005,-0.10567,-0.20181,68.354,56.735
"2024-08-29 21:00:00",5191,12.99703,506,1,-0.082,-1.16,-1.1,-0.10361,-0.09865,-0.11879,-0.22121,67.675,54.906
"2024-08-29 21:30:00",5192,12.99619,506,1,-0.088,-1.22,-1.21,-0.10919,-0.10807,-0.12689,-0.22767,67.371,54.762
"2024-08-29 22:00:00",5193,12.99787,506,1,-0.094,-1.35,-1.24,-0.12011,-0.11105,-0.13241,-0.22701,67.163,52.468
"2024-08-29 22:30:00",5194,12.99535,506,1,-0.096,-1.41,-1.21,-0.12533,-0.10775,-0.14019,-0.22959,66.99,53.963
"2024-08-29 23:00:00",5195,12.99703,506,1,-0.103,-1.47,-1.35,-0.13095,-0.12037,-0.14311,-0.23607,66.755,53.306
"2024-08-29 23:30:00",5196,12.99451,506,1,-0.1,-1.47,-1.24,-0.13131,-0.11105,-0.14349,-0.22701,66.759,54.561
"2024-08-30 00:00:00",5197,12.99535,506,1,-0.106,-1.54,-1.35,-0.13689,-0.12037,-0.14611,-0.23607,66.587,54.238
"2024-08-30 00:30:00",5198,13.00039,506,1,-0.102,-1.5,-1.28,-0.13389,-0.11403,-0.14311,-0.23283,66.33,54.813
"2024-08-30 01:00:00",5199,12.99787,506,1,-0.103,-1.48,-1.35,-0.13165,-0.12081,-0.14349,-0.23355,66.103,53.326
"2024-08-30 01:30:00",5200,12.99871,506,1,-0.104,-1.54,-1.28,-0.13731,-0.11441,-0.14945,-0.23093,65.849,55.323
"2024-08-30 02:00:00",5201,13.00375,506,1,-0.105,-1.51,-1.35,-0.13431,-0.12081,-0.14907,-0.23931,66.913,54.57
"2024-08-30 02:30:00",5202,12.99703,506,1,-0.109,-1.58,-1.39,-0.14069,-0.12417,-0.15247,-0.24003,68.238,54.381
"2024-08-30 03:00:00",5203,12.9878,506,1,-0.106,-1.5,-1.42,-0.13389,-0.12673,-0.14863,-0.23863,66.747,54.395
"2024-08-30 03:30:00",5204,12.99535,506,1,-0.106,-1.51,-1.39,-0.13431,-0.12377,-0.14907,-0.23607,67.122,54.104
"2024-08-30 04:00:00",5205,13.00291,506,1,-0.109,-1.57,-1.42,-0.13949,-0.12673,-0.14863,-0.23863,66.827,53.387
"2024-08-30 04:30:00",5206,12.99199,506,1,-0.106,-1.54,-1.35,-0.13689,-0.12037,-0.14611,-0.23607,67.897,56.536
"2024-08-30 05:00:00",5207,12.99787,506,1,-0.103,-1.47,-1.35,-0.13131,-0.12037,-0.14057,-0.23355,67.077,53.222
"2024-08-30 05:30:00",5208,12.99787,506,1,-0.102,-1.44,-1.35,-0.12869,-0.12081,-0.14349,-0.23675,66.43,51.581
"2024-08-30 06:00:00",5209,13.00291,506,1,-0.105,-1.48,-1.39,-0.13165,-0.12377,-0.14645,-0.23931,65.832,54.738
"2024-08-30 06:30:00",5210,13.00123,506,1,-0.103,-1.44,-1.39,-0.12869,-0.12417,-0.14349,-0.24003,66.737,53.709
"2024-08-30 07:00:00",5211,12.99619,506,1,-0.102,-1.44,-1.35,-0.12869,-0.12081,-0.14095,-0.23931,66.534,51.679
"2024-08-30 07:30:00",5212,12.99116,506,1,-0.095,-1.38,-1.21,-0.12309,-0.10807,-0.13241,-0.22187,68.225,53.524
"2024-08-30 08:00:00",5213,12.99703,506,1,-0.081,-1.19,-1.03,-0.10597,-0.09199,-0.11843,-0.21287,67.472,56.683
"2024-08-30 08:30:00",5214,13.00291,506,1,-0.059,-0.91,-0.71,-0.08117,-0.06353,-0.09665,-0.19547,69.147,54.867
"2024-08-30 09:00:00",5215,12.99367,506,1,-0.046,-0.75,-0.49,-0.06707,-0.04445,-0.08269,-0.18077,67.333,55.812
"2024-08-30 09:30:00",5216,13.00039,506,1,-0.023,-0.49,-0.1,-0.04469,-0.00953,-0.05779,-0.14931,68.191,53.08
"2024-08-30 10:00:00",5217,13.00375,506,1,-0.018,-0.4,-0.06,-0.03637,-0.00641,-0.05243,-0.14349,67.127,55.771
"2024-08-30 10:30:00",5218,13.00039,506,1,-0.012,-0.31,0,-0.02789,0,-0.04129,-0.14311,70.184,53.824
"2024-08-30 11:00:00",5219,12.99619,506,1,0.046,0.41,0.93,0.03592,0.08228,-99,-0.09911,-99,57.376
"2024-08-30 11:30:00",5220,13.00123,506,1,0.165,1.76,2.9,0.15542,0.25648,-99,0.04192,-99,63.262
"2024-08-30 12:00:00",5221,13.00375,506,1,0.257,2.9,4.33,0.25692,0.38312,-99,0.13058,-99,61.925
"2024-08-30 12:30:00",5222,13.00878,506,1,0.31,3.56,5.13,0.31524,0.45378,-99,0.1838,-99,60.89
"2024-08-30 13:00:00",5223,13.00543,506,1,0.351,4.1,5.71,0.36272,0.5058,0.3146,0.21144,69.944,58.849
"2024-08-30 13:30:00",5224,13.00207,506,1,0.39,4.5,6.43,0.39857,0.5694,0.34885,0.25782,69.115,61.508
"2024-08-30 14:00:00",5225,13.0071,506,1,0.402,4.69,6.53,0.41474,0.57752,0.36163,0.25683,69.631,61.194
"2024-08-30 14:30:00",5226,13.00375,506,1,0.366,4.28,5.96,0.37895,0.52762,0.32954,0.22254,70.431,60.738
"2024-08-30 15:00:00",5227,13.00627,506,1,0.373,4.39,6.01,0.38811,0.53188,0.33507,0.22806,70.926,60.146
"2024-08-30 15:30:00",5228,13.01214,506,1,0.315,3.71,5.09,0.32879,0.45048,0.28364,0.17171,70.655,61.222
"2024-08-30 16:00:00",5229,13.00878,506,1,0.24,2.86,3.83,0.25274,0.33862,-99,0.09473,-99,59.995
"2024-08-30 16:30:00",5230,13.01046,506,1,0.224,2.68,3.57,0.23702,0.31639,-99,0.08114,-99,60.394
"2024-08-30 17:00:00",5231,13.00962,506,1,0.206,2.44,3.32,0.2156,0.29414,-99,0.0616,-99,59.904
"2024-08-30 17:30:00",5232,13.0071,506,1,0.219,2.54,3.57,0.22438,0.31639,-99,0.07532,-99,57.62
"2024-08-30 18:00:00",5233,13.00459,506,1,0.167,1.9,2.77,0.16844,0.24524,-99,0.02244,-99,58.959
"2024-08-30 18:30:00",5234,13.00627,506,1,0.077,0.83,1.33,0.07325,0.11776,0.04702,-0.06821,70.22,58.859
"2024-08-30 19:00:00",5235,13.00459,506,1,0.018,0.13,0.4,0.01125,0.03506,-0.01115,-0.12319,68.419,57.474
"2024-08-30 19:30:00",5236,13.00627,506,1,-0.028,-0.47,-0.31,-0.04235,-0.02865,-0.05825,-0.17239,68.165,53.731
"2024-08-30 20:00:00",5237,12.98864,506,1,-0.059,-0.85,-0.78,-0.07583,-0.07013,-0.09137,-0.19547,67.21,55.433
"2024-08-30 20:30:00",5238,12.99451,506,1,-0.071,-1,-0.96,-0.08971,-0.08595,-0.10217,-0.20705,67.366,55.59
"2024-08-30 21:00:00",5239,12.99955,506,1,-0.083,-1.19,-1.1,-0.10655,-0.09865,-0.11619,-0.22187,68.03,54.838
"2024-08-30 21:30:00",5240,12.99871,506,1,-0.085,-1.19,-1.14,-0.10625,-0.10167,-0.12133,-0.22701,67.476,53.614
"2024-08-30 22:00:00",5241,13.00039,506,1,-0.093,-1.32,-1.24,-0.11751,-0.11105,-0.12983,-0.23355,67.538,55.499
"2024-08-30 22:30:00",5242,13.00039,506,1,-0.098,-1.38,-1.32,-0.12309,-0.11739,-0.13793,-0.23355,66.843,54.493
"2024-08-30 23:00:00",5243,12.99619,506,1,-0.102,-1.41,-1.39,-0.12569,-0.12377,-0.13793,-0.22767,67.848,53.41
"2024-08-30 23:30:00",5244,12.99032,506,1,-0.104,-1.44,-1.42,-0.12831,-0.12673,-0.13759,-0.23931,67.351,54.314
"2024-08-31 00:00:00",5245,12.99955,506,1,-0.105,-1.44,-1.46,-0.12831,-0.12973,-0.14611,-0.23541,67.319,54.03
"2024-08-31 00:30:00",5246,12.99619,506,1,-0.102,-1.41,-1.39,-0.12605,-0.12377,-0.14095,-0.24191,67.25,53.799
"2024-08-31 01:00:00",5247,12.99703,506,1,-0.106,-1.48,-1.42,-0.13165,-0.12673,-0.14391,-0.24119,66.687,54.651
"2024-08-31 01:30:00",5248,12.99871,506,1,-0.105,-1.44,-1.46,-0.12869,-0.12973,-0.14095,-0.24119,67.311,54.13
"2024-08-31 02:00:00",5249,12.99871,506,1,-0.107,-1.51,-1.42,-0.13469,-0.12673,-0.14391,-0.24447,67.78,55.431
"2024-08-31 02:30:00",5250,12.99199,506,1,-0.105,-1.44,-1.46,-0.12869,-0.13013,-0.14095,-0.24191,66.37,54.596
"2024-08-31 03:00:00",5251,12.99451,506,1,-0.108,-1.48,-1.5,-0.13201,-0.13355,-0.14425,-0.23931,66.883,55.109
"2024-08-31 03:30:00",5252,12.99451,506,1,-0.107,-1.51,-1.43,-0.13431,-0.12713,-0.14645,-0.24259,67.011,53.566
"2024-08-31 04:00:00",5253,12.99283,506,1,-0.109,-1.51,-1.5,-0.13469,-0.13355,-0.14689,-0.24515,66.844,53.815
"2024-08-31 04:30:00",5254,12.98696,506,1,-0.108,-1.48,-1.5,-0.13165,-0.13355,-0.14645,-0.24515,67.613,54.589
"2024-08-31 05:00:00",5255,12.99451,506,1,-0.112,-1.52,-1.57,-0.13507,-0.13993,-0.14425,-0.24843,67.927,52.658
"2024-08-31 05:30:00",5256,12.9878,506,1,-0.116,-1.61,-1.57,-0.14329,-0.13993,-0.15247,-0.25097,66.77,53.165
"2024-08-31 06:00:00",5257,12.99283,506,1,-0.118,-1.6,-1.64,-0.14291,-0.14631,-0.15503,-0.25497,66.153,53.538
"2024-08-31 06:30:00",5258,12.99032,506,1,-0.121,-1.63,-1.71,-0.14555,-0.15267,-0.15203,-0.25755,67.153,53.452
"2024-08-31 07:00:00",5259,12.98864,506,1,-0.12,-1.63,-1.68,-0.14511,-0.14931,-0.15419,-0.25681,68.75,52.379
"2024-08-31 07:30:00",5260,12.99116,506,1,-0.111,-1.53,-1.53,-0.13655,-0.13655,-0.14567,-0.25097,67.145,54.119
"2024-08-31 08:00:00",5261,12.99199,506,1,-0.094,-1.34,-1.24,-0.11941,-0.11071,-0.13171,-0.22447,68.052,53.512
"2024-08-31 08:30:00",5262,12.98696,506,1,-0.082,-1.18,-1.06,-0.10567,-0.09503,-0.12071,-0.21605,68.649,54.778
"2024-08-31 09:00:00",5263,12.99703,506,1,-0.041,-0.71,-0.38,-0.06403,-0.03479,-0.07703,-0.17187,68.387,55.77
"2024-08-31 09:30:00",5264,12.99199,506,1,-0.017,-0.43,0,-0.03877,0,-99,-0.14577,-99,57.993
"2024-08-31 10:00:00",5265,12.99283,506,1,-0.001,-0.18,0.18,-0.01675,0.01582,-99,-0.13469,-99,56.961
"2024-08-31 10:30:00",5266,12.99619,506,1,0.062,0.53,1.28,0.04731,0.11371,-99,-0.05671,-99,58.786
"2024-08-31 11:00:00",5267,12.99199,506,1,0.142,1.57,2.44,0.13872,0.21603,-99,0.00846,-99,60.479
"2024-08-31 11:30:00",5268,12.99619,506,1,0.268,2.98,4.55,0.26358,0.40284,-99,0.14644,-99,60.425
"2024-08-31 12:00:00",5269,12.99703,506,1,0.467,5.28,7.83,0.46698,0.69315,0.41958,0.34831,69.705,60.852
"2024-08-31 12:30:00",5270,13.00207,506,1,0.564,6.53,9.26,0.57778,0.81997,0.50432,0.41642,66.642,58.777
"2024-08-31 13:00:00",5271,12.99619,506,1,0.529,6.16,8.63,0.54553,0.76374,0.47608,0.38237,67.678,59.92
"2024-08-31 13:30:00",5272,13.00123,506,1,0.475,5.58,7.67,0.49388,0.67909,0.4313,0.32772,68.689,59.677
"2024-08-31 14:00:00",5273,13.00207,506,1,0.405,4.8,6.5,0.42486,0.57566,0.37775,0.25683,70.374,60.684
"2024-08-31 14:30:00",5274,13.00375,506,1,0.605,6.91,10.06,0.61164,0.89069,0.5428,0.47458,66.441,58.421
"2024-08-31 15:00:00",5275,13.00123,506,1,0.737,8.5,12.13,0.75196,1.07371,0.65375,0.58264,63.361,54.353
"2024-08-31 15:30:00",5276,13.00375,506,1,0.741,8.61,12.11,0.76185,1.07166,0.66773,0.58068,61.762,54.991
"2024-08-31 16:00:00",5277,13.0071,506,1,0.711,8.28,11.6,0.73261,1.02709,0.63642,0.5506,63.005,56.077
"2024-08-31 16:30:00",5278,13.0071,506,1,0.613,7.25,9.85,0.64186,0.87193,0.56066,0.4538,65.397,58.626
"2024-08-31 17:00:00",5279,13.00627,506,1,0.552,6.52,8.88,0.57748,0.78573,0.50163,0.39556,67.035,60.263
"2024-08-31 17:30:00",5280,13.00543,506,1,0.474,5.63,7.59,0.49835,0.67206,0.43668,0.3231,68.115,59.938
"2024-08-31 18:00:00",5281,13.00459,506,1,0.335,4.01,5.31,0.3546,0.46996,0.30904,0.18736,70.651,61.121
"2024-08-31 18:30:00",5282,13.00207,506,1,0.184,2.19,2.94,0.19356,0.26013,-99,0.04482,-99,59.945
"2024-08-31 19:00:00",5283,13.00207,506,1,0.068,0.79,1.11,0.06994,0.09834,-99,-0.07667,-99,58.704
"2024-08-31 19:30:00",5284,12.99955,506,1,-0.002,-0.12,0.07,-0.01123,0.00632,-0.03311,-0.14271,69.653,56.063
"2024-08-31 20:00:00",5285,12.99367,506,1,-0.044,-0.65,-0.56,-0.05879,-0.05069,-0.07455,-0.18603,67.883,55.7
"2024-08-31 20:30:00",5286,12.98696,506,1,-0.066,-0.97,-0.85,-0.08683,-0.07599,-0.10217,-0.19807,68.219,54.523
"2024-08-31 21:00:00",5287,12.99871,506,1,-0.08,-1.13,-1.06,-0.10095,-0.09503,-0.11619,-0.21287,68.282,54.009
"2024-08-31 21:30:00",5288,12.99032,506,1,-0.088,-1.26,-1.14,-0.11213,-0.10137,-0.12463,-0.21801,66.942,54.069
"2024-08-31 22:00:00",5289,12.99619,506,1,-0.096,-1.35,-1.29,-0.12079,-0.11483,-0.13579,-0.23417,66.632,54.436
"2024-08-31 22:30:00",5290,12.99451,506,1,-0.101,-1.45,-1.32,-0.12943,-0.11777,-0.13873,-0.23675,66.393,53.626
"2024-08-31 23:00:00",5291,12.99032,506,1,-0.102,-1.42,-1.39,-0.12673,-0.12417,-0.13613,-0.23675,66.573,54.797
"2024-08-31 23:30:00",5292,12.99199,506,1,-0.109,-1.52,-1.47,-0.13545,-0.13097,-0.14771,-0.24327,66.911,52.628
"2024-09-01 00:00:00",5293,12.99283,506,1,-0.109,-1.52,-1.47,-0.13507,-0.13097,-0.14985,-0.24327,68.009,53.47
"2024-09-01 00:30:00",5294,12.99032,506,1,-0.115,-1.61,-1.54,-0.14369,-0.13695,-0.15547,-0.25175,66.771,53.735
"2024-09-01 01:00:00",5295,12.98948,506,1,-0.117,-1.64,-1.58,-0.14633,-0.14043,-0.15547,-0.25175,66.034,53.681
"2024-09-01 01:30:00",5296,12.98864,506,1,-0.116,-1.61,-1.58,-0.14369,-0.14083,-0.15285,-0.24989,67.81,53.948
"2024-09-01 02:00:00",5297,12.98864,506,1,-0.116,-1.61,-1.58,-0.14329,-0.14083,-0.15547,-0.25243,65.531,53.904
"2024-09-01 02:30:00",5298,12.98276,506,1,-0.118,-1.64,-1.61,-0.14633,-0.14377,-0.15847,-0.25575,66.947,53.752
"2024-09-01 03:00:00",5299,12.98528,506,1,-0.115,-1.58,-1.58,-0.14031,-0.14043,-0.14945,-0.24915,67.139,53.27
"2024-09-01 03:30:00",5300,12.98024,506,1,-0.118,-1.63,-1.6,-0.14511,-0.14289,-0.15713,-0.25175,67.634,55.023
"2024-09-01 04:00:00",5301,12.98276,506,1,-0.115,-1.6,-1.57,-0.14291,-0.13993,-0.15203,-0.24843,66.275,53.665
"2024-09-01 04:30:00",5302,12.9836,506,1,-0.117,-1.62,-1.61,-0.14411,-0.14335,-0.15325,-0.25429,68.114,52.841
"2024-09-01 05:00:00",5303,12.9794,506,1,-0.116,-1.61,-1.58,-0.14329,-0.14043,-0.15547,-0.25243,66.919,53.312
"2024-09-01 05:30:00",5304,12.97772,506,1,-0.117,-1.6,-1.61,-0.14291,-0.14335,-0.15503,-0.25175,67.038,52.596
"2024-09-01 06:00:00",5305,12.97772,506,1,-0.119,-1.63,-1.64,-0.14555,-0.14631,-0.15753,-0.25497,68.627,53.513
"2024-09-01 06:30:00",5306,12.97772,506,1,-0.123,-1.7,-1.68,-0.15113,-0.14931,-0.16013,-0.25497,67.434,53.985
"2024-09-01 07:00:00",5307,12.97017,506,1,-0.119,-1.67,-1.6,-0.14853,-0.14289,-0.16053,-0.25175,66.65,53.36
"2024-09-01 07:30:00",5308,12.97856,506,1,-0.118,-1.66,-1.57,-0.14809,-0.13993,-0.16013,-0.24915,66.332,53.72
"2024-09-01 08:00:00",5309,12.97856,506,1,-0.082,-1.15,-1.1,-0.10245,-0.09833,-0.11777,-0.21927,68.111,54.82
"2024-09-01 08:30:00",5310,12.98024,506,1,0.012,-0.08,0.5,-0.00833,0.04415,-99,-0.11105,-99,57.673
"2024-09-01 09:00:00",5311,12.97605,506,1,0.147,1.51,2.66,0.13353,0.23527,-99,0.02538,-99,59.701
"2024-09-01 09:30:00",5312,12.98108,506,1,0.213,2.32,3.69,0.20568,0.3262,-99,0.09501,-99,61.39
"2024-09-01 10:00:00",5313,12.9878,506,1,0.327,3.66,5.52,0.32412,0.48832,-99,0.20649,-99,61.73
"2024-09-01 10:30:00",5314,12.98864,506,1,0.331,3.76,5.51,0.33262,0.48741,-99,0.20396,-99,60.229
"2024-09-01 11:00:00",5315,12.98444,506,1,0.308,3.51,5.13,0.31037,0.45418,-99,0.1828,-99,60.224
"2024-09-01 11:30:00",5316,12.98864,506,1,0.412,4.73,6.82,0.41892,0.60334,-99,0.28218,-99,60.872
"2024-09-01 12:00:00",5317,12.99032,506,1,0.535,6.17,8.82,0.54612,0.78076,0.48036,0.39664,68.227,59.792
"2024-09-01 12:30:00",5318,12.99367,506,1,0.587,6.73,9.73,0.59591,0.86139,0.52643,0.4483,66.452,58.853
"2024-09-01 13:00:00",5319,12.98192,506,1,0.558,6.5,9.1,0.5749,0.80529,0.50224,0.41319,67.223,59.209
"2024-09-01 13:30:00",5320,12.9878,506,1,0.634,7.32,10.41,0.64756,0.92168,0.56168,0.49777,65.245,56.815
"2024-09-01 14:00:00",5321,12.97856,506,1,0.655,7.64,10.66,0.67648,0.94383,0.58491,0.49631,64.746,57.302
"2024-09-01 14:30:00",5322,12.98192,506,1,0.665,7.74,10.86,0.68482,0.96155,0.59895,0.50806,64.658,56.638
"2024-09-01 15:00:00",5323,12.98696,506,1,0.62,7.25,10.06,0.6414,0.89013,0.5575,0.45935,64.862,58.249
"2024-09-01 15:30:00",5324,12.99199,506,1,0.338,4.09,5.32,0.36212,0.47055,0.31015,0.18841,70.011,60.743
"2024-09-01 16:00:00",5325,12.98948,506,1,0.173,2.08,2.73,0.18438,0.2417,-99,0.02816,-99,60.427
"2024-09-01 16:30:00",5326,12.98864,506,1,0.349,4.05,5.72,0.35802,0.50663,0.3146,0.20956,71.015,60.754
"2024-09-01 17:00:00",5327,12.97437,506,1,0.452,5.29,7.35,0.46862,0.65078,0.40544,0.30589,69.409,59.72
"2024-09-01 17:30:00",5328,12.98444,506,1,0.475,5.59,7.67,0.49514,0.67892,0.42697,0.32486,68.677,59.407
"2024-09-01 18:00:00",5329,12.97353,506,1,0.319,3.78,5.12,0.33454,0.45344,0.28924,0.17568,69.816,60.705
"2024-09-01 18:30:00",5330,12.98612,506,1,0.192,2.26,3.11,0.20038,0.27562,-99,0.05068,-99,59.136
"2024-09-01 19:00:00",5331,12.9794,506,1,0.093,1.05,1.56,0.09336,0.13782,0.06938,-0.04869,70.131,56.959
"2024-09-01 19:30:00",5332,12.98444,506,1,0.028,0.26,0.54,0.02264,0.04797,0,-0.11507,68.517,55.76
"2024-09-01 20:00:00",5333,12.98528,506,1,-0.031,-0.5,-0.35,-0.04521,-0.03197,-0.06403,-0.17291,68.618,55.184
"2024-09-01 20:30:00",5334,12.98024,506,1,-0.051,-0.72,-0.68,-0.06475,-0.06067,-0.08053,-0.19341,68.673,55.236
"2024-09-01 21:00:00",5335,12.98024,506,1,-0.068,-0.98,-0.89,-0.08755,-0.07981,-0.10303,-0.20505,67.425,54.143
"2024-09-01 21:30:00",5336,12.98024,506,1,-0.075,-1.11,-0.93,-0.09887,-0.08315,-0.11127,-0.20565,67.583,54.979
"2024-09-01 22:00:00",5337,12.97017,506,1,-0.083,-1.17,-1.11,-0.10419,-0.09899,-0.11681,-0.22319,67.7,54.676
"2024-09-01 22:30:00",5338,12.96513,506,1,-0.081,-1.13,-1.11,-0.10125,-0.09899,-0.11941,-0.21731,68.153,54.716
"2024-09-01 23:00:00",5339,12.97353,506,1,-0.082,-1.17,-1.07,-0.10419,-0.09595,-0.11941,-0.21731,67.644,54.622
"2024-09-01 23:30:00",5340,12.97017,506,1,-0.083,-1.2,-1.08,-0.10719,-0.09625,-0.11977,-0.21731,67.28,53.271
"2024-09-02 00:00:00",5341,12.97269,506,1,-0.084,-1.23,-1.07,-0.11013,-0.09595,-0.12273,-0.22249,66.256,55.054
"2024-09-02 00:30:00",5342,12.97101,506,1,-0.083,-1.2,-1.07,-0.10719,-0.09595,-0.11977,-0.21409,66.696,54.093
"2024-09-02 01:00:00",5343,12.96597,506,1,-0.082,-1.14,-1.11,-0.10149,-0.09899,-0.11385,-0.21993,67.991,53.879
"2024-09-02 01:30:00",5344,12.97101,506,1,-0.079,-1.17,-1,-0.10419,-0.08951,-0.11419,-0.21409,67.417,53.973
"2024-09-02 02:00:00",5345,12.97017,506,1,-0.083,-1.2,-1.07,-0.10719,-0.09595,-0.12241,-0.21731,67.648,54.782
"2024-09-02 02:30:00",5346,12.97353,506,1,-0.083,-1.2,-1.07,-0.10719,-0.09595,-0.11681,-0.21731,66.023,55.922
"2024-09-02 03:00:00",5347,12.97185,506,1,-0.088,-1.26,-1.15,-0.11283,-0.10235,-0.12795,-0.21793,67.732,54.024
"2024-09-02 03:30:00",5348,12.96933,506,1,-0.091,-1.3,-1.18,-0.11581,-0.10537,-0.12831,-0.22641,68.545,54.427
"2024-09-02 04:00:00",5349,12.96765,506,1,-0.092,-1.33,-1.18,-0.11845,-0.10569,-0.13057,-0.22381,67.943,54.09
"2024-09-02 04:30:00",5350,12.96429,506,1,-0.096,-1.36,-1.26,-0.12147,-0.11215,-0.13389,-0.22901,67.444,54.421
"2024-09-02 05:00:00",5351,12.96094,506,1,-0.093,-1.3,-1.26,-0.11613,-0.11215,-0.12869,-0.22967,66.996,54.968
"2024-09-02 05:30:00",5352,12.95002,506,1,-0.081,-1.22,-0.97,-0.10865,-0.08701,-0.12409,-0.21273,68.435,54.159
"2024-09-02 06:00:00",5353,12.9601,506,1,-0.065,-1,-0.76,-0.08953,-0.06815,-0.10507,-0.19571,66.757,52.329
"2024-09-02 06:30:00",5354,12.96094,506,1,-0.057,-0.9,-0.65,-0.08031,-0.05869,-0.09609,-0.19621,66.322,53.554
"2024-09-02 07:00:00",5355,12.9601,506,1,-0.039,-0.67,-0.39,-0.05997,-0.03567,-0.07599,-0.17223,67.85,56.226
"2024-09-02 07:30:00",5356,12.95422,506,1,0.005,-0.15,0.37,-0.01445,0.03258,-0.03683,-0.12533,68.31,56.269
"2024-09-02 08:00:00",5357,12.9559,506,1,0.066,0.61,1.29,0.05404,0.11394,0.02798,-0.07241,68.24,58.132
"2024-09-02 08:30:00",5358,12.95506,506,1,0.243,2.65,4.2,0.23452,0.37198,-99,0.11642,-99,60.128
"2024-09-02 09:00:00",5359,12.9517,506,1,0.398,4.48,6.69,0.39609,0.59177,0.34204,0.26285,69.854,60.998
"2024-09-02 09:30:00",5360,12.9517,506,1,0.554,6.28,9.28,0.55583,0.82119,0.48959,0.42098,67.578,58.883
"2024-09-02 10:00:00",5361,12.95506,506,1,0.649,7.41,10.77,0.656,0.95289,0.57376,0.50108,65.006,56.979
"2024-09-02 10:30:00",5362,12.9517,506,1,0.734,8.35,12.22,0.73907,1.08188,0.65375,0.58778,63.574,54.713
"2024-09-02 11:00:00",5363,12.9517,506,1,0.809,9.2,13.49,0.81439,1.19431,0.72083,0.66499,60.237,52.629
"2024-09-02 11:30:00",5364,12.94666,506,1,0.829,9.56,13.66,0.84591,1.20883,0.74347,0.66864,59.036,52.837
"2024-09-02 12:00:00",5365,12.94666,506,1,0.827,9.55,13.6,0.84527,1.20395,0.74525,0.66499,59.638,52.189
"2024-09-02 12:30:00",5366,12.94834,506,1,0.849,9.75,14.03,0.86271,1.24139,0.76324,0.68936,58.425,51.235
"2024-09-02 13:00:00",5367,12.95674,506,1,0.855,9.78,14.18,0.86549,1.25485,0.7769,0.70803,58.954,50.931
"2024-09-02 13:30:00",5368,12.95422,506,1,0.823,9.57,13.43,0.84661,1.189,0.73663,0.6727,58.18,52.507
"2024-09-02 14:00:00",5369,12.94331,506,1,0.835,9.68,13.68,0.85675,1.2108,0.76947,0.68568,60.08,52.217
"2024-09-02 14:30:00",5370,12.95506,506,1,0.868,10.05,14.25,0.88933,1.26113,0.78455,0.69688,57.272,50.501
"2024-09-02 15:00:00",5371,12.95338,506,1,0.839,9.74,13.74,0.86219,1.2159,0.75349,0.66684,58.879,52.526
"2024-09-02 15:30:00",5372,12.95506,506,1,0.778,9.12,12.6,0.80687,1.11555,0.70707,0.60484,61.116,53.928
"2024-09-02 16:00:00",5373,12.95422,506,1,0.736,8.65,11.9,0.76531,1.05285,0.66735,0.56114,62.86,55.256
"2024-09-02 16:30:00",5374,12.95506,506,1,0.683,8.04,11.01,0.71197,0.97435,0.62022,0.51288,63.281,56.671
"2024-09-02 17:00:00",5375,12.9559,506,1,0.603,7.17,9.65,0.63504,0.85409,0.5533,0.43313,65.37,58.344
"2024-09-02 17:30:00",5376,12.95842,506,1,0.499,5.98,7.91,0.52951,0.70027,0.46341,0.33596,68.422,58.996
"2024-09-02 18:00:00",5377,12.95086,506,1,0.359,4.34,5.63,0.3844,0.4981,0.33506,0.20011,69.466,61.029
"2024-09-02 18:30:00",5378,12.94918,506,1,0.226,2.75,3.52,0.24298,0.31112,-99,0.07074,-99,59.14
"2024-09-02 19:00:00",5379,12.9475,506,1,0.125,1.5,1.98,0.13233,0.17518,0.10148,-0.02871,70.199,57.587
"2024-09-02 19:30:00",5380,12.94834,506,1,0.05,0.58,0.81,0.05168,0.07145,0.02816,-0.10143,67.471,55.953
"2024-09-02 20:00:00",5381,12.94331,506,1,-0.002,-0.12,0.07,-0.01153,0.00648,-0.03113,-0.14789,67.048,54.691
"2024-09-02 20:30:00",5382,12.93491,506,1,-0.029,-0.48,-0.32,-0.04293,-0.02935,-0.05909,-0.17223,66.62,54.001
"2024-09-02 21:00:00",5383,12.93995,506,1,-0.044,-0.64,-0.58,-0.05735,-0.05183,-0.07621,-0.18341,66.793,55.579
"2024-09-02 21:30:00",5384,12.93827,506,1,-0.055,-0.83,-0.69,-0.07455,-0.06163,-0.09021,-0.19833,66.786,53.748
"2024-09-02 22:00:00",5385,12.93659,506,1,-0.061,-0.89,-0.8,-0.07983,-0.07151,-0.09825,-0.20481,67.944,54.906
"2024-09-02 22:30:00",5386,12.93156,506,1,-0.066,-0.95,-0.87,-0.08529,-0.07749,-0.10095,-0.20421,67.372,55.426
"2024-09-02 23:00:00",5387,12.92988,506,1,-0.071,-1.01,-0.94,-0.09071,-0.08395,-0.10625,-0.21273,67.516,55.733
"2024-09-02 23:30:00",5388,12.93156,506,1,-0.071,-1.04,-0.9,-0.09317,-0.08029,-0.10567,-0.20949,68.358,54.068
"2024-09-03 00:00:00",5389,12.92736,506,1,-0.069,-1.05,-0.82,-0.09369,-0.07387,-0.10625,-0.20361,68.033,54.735
"2024-09-03 00:30:00",5390,12.93072,506,1,-0.068,-1.05,-0.79,-0.09397,-0.07103,-0.10655,-0.20099,67.887,55.005
"2024-09-03 01:00:00",5391,12.92652,506,1,-0.068,-1.02,-0.83,-0.09127,-0.07409,-0.10685,-0.20039,68.181,54.47
"2024-09-03 01:30:00",5392,12.92484,506,1,-0.064,-0.99,-0.76,-0.08851,-0.06789,-0.10685,-0.19453,66.178,54.387
"2024-09-03 02:00:00",5393,12.92736,506,1,-0.062,-0.96,-0.72,-0.08583,-0.06477,-0.09849,-0.19889,67,54.797
"2024-09-03 02:30:00",5394,12.9282,506,1,-0.064,-0.96,-0.8,-0.08601,-0.07151,-0.10183,-0.19621,68.246,53.791
"2024-09-03 03:00:00",5395,12.924,506,1,-0.062,-0.96,-0.72,-0.08583,-0.06493,-0.09849,-0.19889,67.451,54.824
"2024-09-03 03:30:00",5396,12.9198,506,1,-0.063,-0.93,-0.8,-0.08283,-0.07125,-0.10125,-0.19833,68.062,56.275
"2024-09-03 04:00:00",5397,12.92232,506,1,-0.066,-0.99,-0.8,-0.08827,-0.07151,-0.10391,-0.20481,68.345,56.29
"2024-09-03 04:30:00",5398,12.91728,506,1,-0.069,-0.99,-0.91,-0.08879,-0.08113,-0.10719,-0.20805,67.555,53.672
"2024-09-03 05:00:00",5399,12.91728,506,1,-0.069,-0.99,-0.91,-0.08879,-0.08113,-0.10449,-0.20805,67.413,53.269
"2024-09-03 05:30:00",5400,12.91645,506,1,-0.074,-1.06,-0.98,-0.09449,-0.08759,-0.11283,-0.21663,68.229,54.609
"2024-09-03 06:00:00",5401,12.91393,506,1,-0.078,-1.12,-1.02,-0.09965,-0.09103,-0.11213,-0.21135,67.199,53.996
"2024-09-03 06:30:00",5402,12.91141,506,1,-0.086,-1.21,-1.16,-0.10839,-0.10365,-0.11813,-0.22515,66.046,54.255
"2024-09-03 07:00:00",5403,12.91057,506,1,-0.037,-0.63,-0.36,-0.05703,-0.03239,-0.07309,-0.17485,69.45,55.722
"2024-09-03 07:30:00",5404,12.90973,506,1,0.103,1.03,1.91,0.09092,0.16864,-99,-0.02881,-99,58.351
"2024-09-03 08:00:00",5405,12.90889,506,1,0.279,3.06,4.81,0.27052,0.42546,-99,0.15717,-99,61.52
"2024-09-03 08:30:00",5406,12.89798,506,1,0.398,4.49,6.69,0.39735,0.59223,0.3448,0.26846,70.465,59.507
"2024-09-03 09:00:00",5407,12.90973,506,1,0.465,5.34,7.7,0.4727,0.68134,0.41667,0.33366,69.957,59.572
"2024-09-03 09:30:00",5408,12.91393,506,1,0.516,5.93,8.53,0.52476,0.7546,0.46132,0.38102,69.17,61.551
"2024-09-03 10:00:00",5409,12.90721,506,1,0.572,6.47,9.58,0.57233,0.84806,0.51013,0.44709,67.932,59.902
"2024-09-03 10:30:00",5410,12.91393,506,1,0.628,7.24,10.35,0.64058,0.91627,0.5658,0.49434,66.364,58.334
"2024-09-03 11:00:00",5411,12.90889,506,1,0.692,8.04,11.32,0.71186,1.00157,0.62633,0.54452,64.045,56.017
"2024-09-03 11:30:00",5412,12.91645,506,1,0.732,8.44,12.04,0.74719,1.06552,0.6579,0.58223,63.384,55.778
"2024-09-03 12:00:00",5413,12.92064,506,1,0.765,8.75,12.7,0.77453,1.12391,0.69315,0.61627,61.993,53.812
"2024-09-03 12:30:00",5414,12.92064,506,1,0.793,9.16,13.04,0.81091,1.15405,0.71703,0.63514,60.164,53.236
"2024-09-03 13:00:00",5415,12.92484,506,1,0.798,9.25,13.08,0.81857,1.15781,0.73707,0.65408,61.214,53.455
"2024-09-03 13:30:00",5416,12.9282,506,1,0.778,9.47,12.14,0.83802,1.0748,0.68385,0.65164,54.954,52.353
"2024-09-03 14:00:00",5417,12.92568,506,1,0.803,9.33,13.11,0.82605,1.16023,0.72427,0.6634,57.408,52.462
"2024-09-03 14:30:00",5418,12.93072,506,1,0.851,10.05,13.7,0.88942,1.21249,0.75781,0.65526,58.524,52.588
"2024-09-03 15:00:00",5419,12.924,506,1,0.823,9.57,13.44,0.84659,1.18988,0.72977,0.62832,60.404,54.205
"2024-09-03 15:30:00",5420,12.92736,506,1,0.782,9.14,12.71,0.80937,1.12462,0.69921,0.59223,60.979,54.208
"2024-09-03 16:00:00",5421,12.92904,506,1,0.707,8.41,11.29,0.74463,0.99917,0.64488,0.52343,63.432,56.245
"2024-09-03 16:30:00",5422,12.92148,506,1,0.642,7.64,10.26,0.67633,0.90851,0.58778,0.46652,65.263,57.657
"2024-09-03 17:00:00",5423,12.924,506,1,0.575,6.93,9.07,0.61377,0.80287,0.53043,0.39429,67.121,58.938
"2024-09-03 17:30:00",5424,12.92232,506,1,0.482,5.81,7.59,0.51458,0.67158,0.4453,0.31076,68.675,59.137
"2024-09-03 18:00:00",5425,12.92232,506,1,0.361,4.39,5.64,0.38898,0.49882,0.33832,0.19563,70.565,61.131
"2024-09-03 18:30:00",5426,12.91812,506,1,0.242,2.97,3.76,0.26285,0.33314,0.22566,0.08525,69.845,59.99
"2024-09-03 19:00:00",5427,12.91812,506,1,0.152,1.85,2.36,0.16346,0.20854,0.129,-0.00287,69.221,58.952
"2024-09-03 19:30:00",5428,12.91477,506,1,0.065,0.81,0.99,0.07194,0.08786,0.04517,-0.09281,68.204,56.157
"2024-09-03 20:00:00",5429,12.91561,506,1,0.009,0.07,0.18,0.00579,0.0163,-0.01697,-0.14291,68.522,55.744
"2024-09-03 20:30:00",5430,12.91225,506,1,-0.026,-0.41,-0.32,-0.03731,-0.02941,-0.05383,-0.17275,67.903,56.113
"2024-09-03 21:00:00",5431,12.91309,506,1,-0.046,-0.67,-0.61,-0.05997,-0.05529,-0.07583,-0.19303,68.001,54.803
"2024-09-03 21:30:00",5432,12.90805,506,1,-0.058,-0.86,-0.72,-0.07709,-0.06493,-0.08993,-0.19621,66.893,53.437
"2024-09-03 22:00:00",5433,12.90385,506,1,-0.064,-0.93,-0.84,-0.08301,-0.07485,-0.09887,-0.20215,67.234,55.289
"2024-09-03 22:30:00",5434,12.89378,506,1,-0.067,-0.96,-0.87,-0.08601,-0.07823,-0.09887,-0.20805,66.82,55.028
"2024-09-03 23:00:00",5435,12.89714,506,1,-0.072,-1.05,-0.91,-0.09421,-0.08135,-0.10983,-0.20805,66.689,54.476
"2024-09-03 23:30:00",5436,12.8963,506,1,-0.072,-1.05,-0.94,-0.09397,-0.08449,-0.10685,-0.21075,67.555,54.669
"2024-09-04 00:00:00",5437,12.89126,506,1,-0.072,-1.05,-0.91,-0.09421,-0.08113,-0.11247,-0.20805,66.276,54.064
"2024-09-04 00:30:00",5438,12.89126,506,1,-0.073,-1.09,-0.91,-0.09699,-0.08113,-0.10685,-0.20481,67.218,53.749
"2024-09-04 01:00:00",5439,12.89462,506,1,-0.073,-1.09,-0.91,-0.09699,-0.08113,-0.10685,-0.21075,67.079,54.611
"2024-09-04 01:30:00",5440,12.89546,506,1,-0.072,-1.05,-0.94,-0.09341,-0.08423,-0.10889,-0.20745,69.345,54.89
"2024-09-04 02:00:00",5441,12.89042,506,1,-0.076,-1.12,-0.95,-0.10027,-0.08477,-0.11283,-0.21461,67.877,54.835
"2024-09-04 02:30:00",5442,12.88455,506,1,-0.074,-1.08,-0.94,-0.09667,-0.08449,-0.11213,-0.21075,66.217,53.743
"2024-09-04 03:00:00",5443,12.8879,506,1,-0.074,-1.11,-0.91,-0.09939,-0.08113,-0.11481,-0.20805,67.821,54.358
"2024-09-04 03:30:00",5444,12.89042,506,1,-0.072,-1.08,-0.9,-0.09643,-0.08085,-0.10919,-0.20745,67.711,54.668
"2024-09-04 04:00:00",5445,12.88706,506,1,-0.077,-1.12,-0.98,-0.09965,-0.08759,-0.11247,-0.21399,68.154,54.529
"2024-09-04 04:30:00",5446,12.88623,506,1,-0.078,-1.12,-1.02,-0.09993,-0.09103,-0.11551,-0.21461,67.523,54.059
"2024-09-04 05:00:00",5447,12.88874,506,1,-0.079,-1.18,-0.98,-0.10537,-0.08759,-0.11777,-0.21399,68.056,54.588
"2024-09-04 05:30:00",5448,12.88623,506,1,-0.08,-1.15,-1.05,-0.10237,-0.09409,-0.11777,-0.21663,67.41,53.268
"2024-09-04 06:00:00",5449,12.87783,506,1,-0.083,-1.18,-1.09,-0.10567,-0.09751,-0.11813,-0.22319,66.747,52.6
"2024-09-04 06:30:00",5450,12.88455,506,1,-0.084,-1.21,-1.09,-0.10839,-0.09717,-0.12377,-0.22319,68.077,53.77
"2024-09-04 07:00:00",5451,12.88203,506,1,-0.053,-0.85,-0.58,-0.07641,-0.05183,-0.08921,-0.19039,68.485,54.595
"2024-09-04 07:30:00",5452,12.88287,506,1,0.027,0.13,0.69,0.01125,0.06137,-99,-0.10447,-99,56.415
"2024-09-04 08:00:00",5453,12.88035,506,1,0.091,0.89,1.71,0.07866,0.15117,-99,-0.03449,-99,59.232
"2024-09-04 08:30:00",5454,12.88035,506,1,0.21,2.33,3.57,0.20649,0.31639,-99,0.08723,-99,61.826
"2024-09-04 09:00:00",5455,12.88623,506,1,0.367,4.15,6.16,0.36721,0.54498,-99,0.24888,-99,61.404
"2024-09-04 09:30:00",5456,12.88539,506,1,0.446,5.06,7.44,0.44752,0.65842,0.40327,0.32541,70.373,61.353
"2024-09-04 10:00:00",5457,12.88958,506,1,0.488,5.58,8.09,0.49345,0.71643,0.44087,0.3612,69.483,60.462
"2024-09-04 10:30:00",5458,12.88958,506,1,0.574,6.57,9.51,0.5819,0.84149,0.52128,0.44892,66.352,58.74
"2024-09-04 11:00:00",5459,12.89042,506,1,0.655,7.58,10.76,0.6707,0.95208,0.59803,0.52246,65.087,55.967
"2024-09-04 11:30:00",5460,12.89714,506,1,0.709,8.23,11.59,0.72837,1.02541,0.64427,0.55811,63.693,55.923
"2024-09-04 12:00:00",5461,12.89546,506,1,0.748,8.6,12.34,0.76155,1.09237,0.67755,0.60519,61.328,54.553
"2024-09-04 12:30:00",5462,12.89714,506,1,0.782,9.05,12.84,0.80078,1.13683,0.70717,0.62959,60.215,52.605
"2024-09-04 13:00:00",5463,12.90469,506,1,0.795,9.09,13.18,0.80435,1.16639,0.73657,0.6634,61.588,53.413
"2024-09-04 13:30:00",5464,12.91141,506,1,0.677,7.45,11.61,0.65904,1.02759,0.57668,0.63414,54.091,52.738
"2024-09-04 14:00:00",5465,12.90637,506,1,0.839,10.24,13.07,0.90673,1.15723,0.76563,0.6401,59.651,53.298
"2024-09-04 14:30:00",5466,12.90385,506,1,0.81,9.54,13.08,0.84449,1.15763,0.72621,0.62662,59.676,53.736
"2024-09-04 15:00:00",5467,12.90637,506,1,0.815,9.52,13.24,0.8425,1.17171,0.72176,0.62414,59.535,53.597
"2024-09-04 15:30:00",5468,12.90469,506,1,0.79,9.23,12.83,0.81663,1.13567,0.70741,0.60882,61.535,54.188
"2024-09-04 16:00:00",5469,12.89462,506,1,0.733,8.68,11.77,0.76799,1.04217,0.66712,0.55255,63.17,55.148
"2024-09-04 16:30:00",5470,12.89966,506,1,0.683,8.07,11,0.7142,0.97357,0.61789,0.50806,65.063,56.62
"2024-09-04 17:00:00",5471,12.89714,506,1,0.613,7.36,9.69,0.6513,0.85793,0.56224,0.43109,65.572,57.81
"2024-09-04 17:30:00",5472,12.90217,506,1,0.53,6.43,8.29,0.569,0.73415,0.49567,0.35698,67.585,59.714
"2024-09-04 18:00:00",5473,12.9005,506,1,0.413,5.04,6.44,0.4457,0.57034,0.38606,0.24496,70.189,59.918
"2024-09-04 18:30:00",5474,12.9005,506,1,0.285,3.5,4.4,0.31015,0.38931,0.26505,0.12176,70.512,59.567
"2024-09-04 19:00:00",5475,12.9005,506,1,0.169,2.07,2.61,0.18338,0.23118,-99,0.01433,-99,58.269
"2024-09-04 19:30:00",5476,12.89882,506,1,0.067,0.81,1.06,0.07154,0.09404,0.04782,-0.08683,69.491,56.611
"2024-09-04 20:00:00",5477,12.8921,506,1,0.008,0.06,0.18,0.00569,0.01625,-0.01691,-0.13705,68.133,55.1
"2024-09-04 20:30:00",5478,12.8963,506,1,-0.03,-0.44,-0.39,-0.04003,-0.03567,-0.05639,-0.17223,66.885,55.102
"2024-09-04 21:00:00",5479,12.89126,506,1,-0.048,-0.73,-0.58,-0.06549,-0.05183,-0.07583,-0.18981,68.313,55.285
"2024-09-04 21:30:00",5480,12.89126,506,1,-0.062,-0.89,-0.83,-0.07961,-0.07435,-0.09529,-0.20421,67.77,52.648
"2024-09-04 22:00:00",5481,12.88874,506,1,-0.07,-1.02,-0.9,-0.09103,-0.08085,-0.10391,-0.20481,68.296,53.85
"2024-09-04 22:30:00",5482,12.88706,506,1,-0.075,-1.12,-0.94,-0.09965,-0.08423,-0.11213,-0.21075,68.079,55.045
"2024-09-04 23:00:00",5483,12.87951,506,1,-0.079,-1.15,-1.01,-0.10237,-0.09069,-0.11777,-0.21991,68.134,53.587
"2024-09-04 23:30:00",5484,12.88455,506,1,-0.079,-1.15,-1.01,-0.10237,-0.09069,-0.11515,-0.21075,68.562,54.428
"2024-09-05 00:00:00",5485,12.88455,506,1,-0.083,-1.18,-1.09,-0.10537,-0.09717,-0.11777,-0.21991,67.621,54.585
"2024-09-05 00:30:00",5486,12.88455,506,1,-0.081,-1.21,-1.01,-0.10839,-0.09069,-0.12377,-0.21399,66.46,54.937
"2024-09-05 01:00:00",5487,12.88035,506,1,-0.087,-1.28,-1.09,-0.11409,-0.09751,-0.12943,-0.22319,66.648,53.765
"2024-09-05 01:30:00",5488,12.88119,506,1,-0.084,-1.24,-1.05,-0.11105,-0.09409,-0.12641,-0.21723,66.821,55.291
"2024-09-05 02:00:00",5489,12.87783,506,1,-0.084,-1.28,-1.01,-0.11379,-0.09069,-0.12641,-0.21075,67.197,54.01
"2024-09-05 02:30:00",5490,12.87783,506,1,-0.084,-1.24,-1.05,-0.11105,-0.09377,-0.12641,-0.21663,68.806,55.605
"2024-09-05 03:00:00",5491,12.87783,506,1,-0.087,-1.28,-1.09,-0.11409,-0.09717,-0.12377,-0.21991,67.234,54.032
"2024-09-05 03:30:00",5492,12.87615,506,1,-0.085,-1.25,-1.06,-0.11139,-0.09439,-0.12673,-0.21723,65.886,55.086
"2024-09-05 04:00:00",5493,12.87447,506,1,-0.085,-1.25,-1.06,-0.11175,-0.09439,-0.12715,-0.21785,66.082,54.03
"2024-09-05 04:30:00",5494,12.87531,506,1,-0.085,-1.25,-1.06,-0.11175,-0.09439,-0.12715,-0.22053,67.818,55.192
"2024-09-05 05:00:00",5495,12.87447,506,1,-0.09,-1.29,-1.17,-0.11477,-0.10433,-0.12715,-0.22381,67.987,53.685
"2024-09-05 05:30:00",5496,12.87363,506,1,-0.096,-1.38,-1.24,-0.12283,-0.11085,-0.13545,-0.22977,66.73,53.421
"2024-09-05 06:00:00",5497,12.87447,506,1,-0.1,-1.44,-1.31,-0.12821,-0.11701,-0.13507,-0.23241,67.964,54.923
"2024-09-05 06:30:00",5498,12.86776,506,1,-0.1,-1.41,-1.35,-0.12555,-0.12011,-0.13807,-0.23501,67.581,53.283
"2024-09-05 07:00:00",5499,12.86776,506,1,-0.084,-1.18,-1.13,-0.10537,-0.10059,-0.12079,-0.22319,67.787,54.897
"2024-09-05 07:30:00",5500,12.85769,506,1,-0.039,-0.69,-0.35,-0.06223,-0.03229,-0.07249,-0.16903,68.608,55.563
"2024-09-05 08:00:00",5501,12.86524,506,1,0.079,0.7,1.57,0.0616,0.13869,-99,-0.04035,-99,58.366
"2024-09-05 08:30:00",5502,12.86776,506,1,0.221,2.39,3.85,0.2119,0.34084,-99,0.10444,-99,59.667
"2024-09-05 09:00:00",5503,12.86776,506,1,0.323,3.62,5.45,0.32082,0.4823,-99,0.20568,-99,62.121
"2024-09-05 09:30:00",5504,12.87028,506,1,0.402,4.59,6.69,0.4066,0.59168,0.3599,0.28208,71.116,61.573
"2024-09-05 10:00:00",5505,12.8686,506,1,0.452,5.11,7.57,0.45196,0.66992,0.40654,0.33094,71.144,60.612
"2024-09-05 10:30:00",5506,12.87447,506,1,0.476,5.33,8.06,0.47134,0.71366,0.42642,0.38356,67.98,60.783
"2024-09-05 11:00:00",5507,12.87615,506,1,0.583,6.78,9.51,0.60016,0.84139,0.53062,0.4452,66.905,58.617
"2024-09-05 11:30:00",5508,12.88035,506,1,0.646,7.51,10.56,0.66438,0.93489,0.58575,0.49974,64.748,58.234
"2024-09-05 12:00:00",5509,12.8728,506,1,0.706,8.11,11.68,0.71793,1.03339,0.6384,0.56919,63.102,55.08
"2024-09-05 12:30:00",5510,12.88455,506,1,0.747,8.59,12.32,0.76063,1.09025,0.6694,0.60448,61.213,54.028
"2024-09-05 13:00:00",5511,12.88371,506,1,0.789,9.28,12.75,0.82145,1.12809,0.75079,0.62932,65.992,54.798
"2024-09-05 13:30:00",5512,12.89042,506,1,0.62,6.48,11.1,0.57346,0.98211,0.50998,0.62164,53.262,51.912
"2024-09-05 14:00:00",5513,12.87699,506,1,0.903,11.28,13.71,0.99822,1.21323,0.81818,0.6626,57.188,51.261
"2024-09-05 14:30:00",5514,12.8879,506,1,0.862,10.21,13.84,0.90346,1.22508,0.76185,0.64107,58.931,52.577
"2024-09-05 15:00:00",5515,12.88958,506,1,0.825,9.61,13.44,0.85079,1.18959,0.72442,0.61384,59.734,53.958
"2024-09-05 15:30:00",5516,12.87867,506,1,0.774,9.11,12.51,0.80672,1.10731,0.69522,0.5833,60.83,54.898
"2024-09-05 16:00:00",5517,12.88706,506,1,0.713,8.39,11.51,0.74255,1.01873,0.64887,0.53754,63.667,55.649
"2024-09-05 16:30:00",5518,12.88455,506,1,0.653,7.76,10.43,0.68678,0.92299,0.59708,0.4756,64.92,57.58
"2024-09-05 17:00:00",5519,12.8879,506,1,0.587,7.05,9.3,0.62402,0.82309,0.53993,0.411,66.331,60.395
"2024-09-05 17:30:00",5520,12.88203,506,1,0.476,5.75,7.48,0.5093,0.66202,0.43756,0.30452,67.042,60.685
"2024-09-05 18:00:00",5521,12.88371,506,1,0.373,4.53,5.84,0.40075,0.51682,0.35299,0.2131,69.469,60.458
"2024-09-05 18:30:00",5522,12.88287,506,1,0.249,3.06,3.84,0.27097,0.33976,0.22752,0.09122,70.152,60.045
"2024-09-05 19:00:00",5523,12.88203,506,1,0.13,1.57,2.03,0.13854,0.17932,0.1101,-0.02601,69.044,58.37
"2024-09-05 19:30:00",5524,12.88035,506,1,0.041,0.42,0.74,0.0373,0.06514,0.0141,-0.10787,68.544,56.927
"2024-09-05 20:00:00",5525,12.88119,506,1,-0.015,-0.25,-0.17,-0.02297,-0.01629,-0.04235,-0.16089,68.889,54.349
"2024-09-05 20:30:00",5526,12.87783,506,1,-0.042,-0.63,-0.54,-0.05703,-0.04881,-0.07583,-0.18447,67.685,54.813
"2024-09-05 21:00:00",5527,12.87531,506,1,-0.059,-0.86,-0.76,-0.07709,-0.06815,-0.09289,-0.19621,68.988,54.032
"2024-09-05 21:30:00",5528,12.8728,506,1,-0.074,-1.09,-0.94,-0.09699,-0.08449,-0.10949,-0.21135,67.535,54.506
"2024-09-05 22:00:00",5529,12.86776,506,1,-0.084,-1.25,-1.05,-0.11139,-0.09409,-0.12377,-0.21723,66.472,53.861
"2024-09-05 22:30:00",5530,12.87447,506,1,-0.089,-1.28,-1.17,-0.11441,-0.10401,-0.12409,-0.22319,67.853,54.404
"2024-09-05 23:00:00",5531,12.86776,506,1,-0.094,-1.37,-1.2,-0.12251,-0.10711,-0.13507,-0.22319,68.316,53.772
"2024-09-05 23:30:00",5532,12.86524,506,1,-0.099,-1.44,-1.27,-0.12859,-0.11361,-0.14107,-0.22909,66.695,54.917
"2024-09-06 00:00:00",5533,12.87112,506,1,-0.099,-1.44,-1.27,-0.12821,-0.11361,-0.14069,-0.22647,68.017,54.005
"2024-09-06 00:30:00",5534,12.86524,506,1,-0.1,-1.47,-1.27,-0.13091,-0.11323,-0.14329,-0.23501,66.456,54.266
"2024-09-06 01:00:00",5535,12.86608,506,1,-0.1,-1.44,-1.31,-0.12859,-0.11667,-0.13807,-0.23501,66.834,52.715
"2024-09-06 01:30:00",5536,12.85601,506,1,-0.102,-1.48,-1.31,-0.13167,-0.11701,-0.14411,-0.23241,66.344,53.314
"2024-09-06 02:00:00",5537,12.86524,506,1,-0.103,-1.47,-1.35,-0.13125,-0.12011,-0.14369,-0.23837,66.692,53.244
"2024-09-06 02:30:00",5538,12.86188,506,1,-0.103,-1.51,-1.31,-0.13431,-0.11701,-0.14673,-0.23241,66.456,53.431
"2024-09-06 03:00:00",5539,12.8602,506,1,-0.11,-1.57,-1.43,-0.14003,-0.12701,-0.15241,-0.23905,67.708,54.256
"2024-09-06 03:30:00",5540,12.8602,506,1,-0.107,-1.54,-1.39,-0.13697,-0.12355,-0.14673,-0.23569,67.391,53.265
"2024-09-06 04:00:00",5541,12.85685,506,1,-0.107,-1.52,-1.41,-0.13583,-0.12577,-0.15073,-0.23695,67.721,53.6
"2024-09-06 04:30:00",5542,12.86356,506,1,-0.109,-1.57,-1.42,-0.14003,-0.12661,-0.14937,-0.23905,66.124,53.511
"2024-09-06 05:00:00",5543,12.85769,506,1,-0.111,-1.57,-1.46,-0.13965,-0.13009,-0.15463,-0.24499,68.192,53.913
"2024-09-06 05:30:00",5544,12.85769,506,1,-0.114,-1.6,-1.53,-0.14231,-0.13613,-0.15197,-0.24431,67.323,54.451
"2024-09-06 06:00:00",5545,12.85852,506,1,-0.116,-1.61,-1.57,-0.14311,-0.13963,-0.15547,-0.24761,66.752,53.721
"2024-09-06 06:30:00",5546,12.85517,506,1,-0.121,-1.71,-1.61,-0.15193,-0.14311,-0.16421,-0.25097,66.635,52.771
"2024-09-06 07:00:00",5547,12.85349,506,1,-0.119,-1.63,-1.65,-0.14533,-0.14661,-0.15765,-0.25097,66.972,53.262
"2024-09-06 07:30:00",5548,12.85852,506,1,-0.107,-1.5,-1.45,-0.13355,-0.12963,-0.14329,-0.24163,67.087,53.059
"2024-09-06 08:00:00",5549,12.85936,506,1,-0.076,-1.13,-0.94,-0.10125,-0.08395,-0.11127,-0.20545,67.342,54.464
"2024-09-06 08:30:00",5550,12.85433,506,1,0.019,-0.02,0.62,-0.00283,0.05472,-99,-0.10169,-99,58.356
"2024-09-06 09:00:00",5551,12.85936,506,1,0.07,0.61,1.43,0.05389,0.12618,-99,-0.05225,-99,57.338
"2024-09-06 09:30:00",5552,12.85685,506,1,0.12,1.22,2.19,0.10772,0.19414,-99,-0.00577,-99,59.849
"2024-09-06 10:00:00",5553,12.85517,506,1,0.193,2.01,3.45,0.17774,0.30538,-99,0.07663,-99,60.472
"2024-09-06 10:30:00",5554,12.85936,506,1,0.284,3.2,4.78,0.28356,0.42286,-99,0.16115,-99,60.167
"2024-09-06 11:00:00",5555,12.85936,506,1,0.399,4.57,6.62,0.40429,0.5863,0.36416,0.2733,70.121,61.008
"2024-09-06 11:30:00",5556,12.84929,506,1,0.542,6.26,8.92,0.55419,0.78938,0.48717,0.40544,68.346,59.077
"2024-09-06 12:00:00",5557,12.86188,506,1,0.551,6.4,9.01,0.56682,0.79721,0.49345,0.40659,66.639,58.619
"2024-09-06 12:30:00",5558,12.85433,506,1,0.64,7.33,10.6,0.64833,0.93829,0.58408,0.50662,65.167,57.15
"2024-09-06 13:00:00",5559,12.85936,506,1,0.716,8.06,12.06,0.71362,1.06743,0.63884,0.59098,62.676,54.658
"2024-09-06 13:30:00",5560,12.84929,506,1,0.679,7.63,11.45,0.675,1.01309,0.57964,0.6376,54.925,53.729
"2024-09-06 14:00:00",5561,12.85097,506,1,0.798,9.39,12.89,0.83149,1.14095,0.7369,0.64978,60.791,52.783
"2024-09-06 14:30:00",5562,12.86104,506,1,0.842,9.77,13.77,0.86445,1.21907,0.74994,0.66055,58.593,52.398
"2024-09-06 15:00:00",5563,12.86608,506,1,0.767,9.01,12.41,0.79733,1.09859,0.689,0.5829,61.827,55.06
"2024-09-06 15:30:00",5564,12.8644,506,1,0.714,8.48,11.41,0.75027,1.00991,0.64792,0.52852,62.489,56.141
"2024-09-06 16:00:00",5565,12.86356,506,1,0.582,7.02,9.17,0.6212,0.8115,0.53654,0.40659,66.281,58.833
"2024-09-06 16:30:00",5566,12.8602,506,1,0.533,6.42,8.41,0.56852,0.74403,0.49624,0.36695,67.897,60.137
"2024-09-06 17:00:00",5567,12.86188,506,1,0.558,6.65,8.91,0.58824,0.78888,0.51303,0.39641,66.02,59.513
"2024-09-06 17:30:00",5568,12.86608,506,1,0.471,5.73,7.37,0.50706,0.65236,0.43756,0.30538,67.446,60.263
"2024-09-06 18:00:00",5569,12.86188,506,1,0.341,4.19,5.26,0.37092,0.46524,0.3178,0.18124,70.39,60.288
"2024-09-06 18:30:00",5570,12.85265,506,1,0.216,2.65,3.34,0.23414,0.29528,-99,0.06026,-99,58.465
"2024-09-06 19:00:00",5571,12.84845,506,1,0.104,1.27,1.62,0.11264,0.14354,-99,-0.04659,-99,57.377
"2024-09-06 19:30:00",5572,12.8602,506,1,0.025,0.26,0.44,0.02298,0.03898,0,-0.12261,69.173,56.723
"2024-09-06 20:00:00",5573,12.85685,506,1,-0.026,-0.41,-0.32,-0.03731,-0.02941,-0.05383,-0.17049,68.484,56.142
"2024-09-06 20:30:00",5574,12.85852,506,1,-0.053,-0.77,-0.69,-0.06881,-0.06181,-0.08485,-0.19417,68.489,54.632
"2024-09-06 21:00:00",5575,12.85517,506,1,-0.072,-1.03,-0.94,-0.09177,-0.08449,-0.10745,-0.20871,68.173,53.325
"2024-09-06 21:30:00",5576,12.85433,506,1,-0.081,-1.15,-1.09,-0.10295,-0.09751,-0.11581,-0.22053,66.676,54.327
"2024-09-06 22:00:00",5577,12.85349,506,1,-0.091,-1.32,-1.17,-0.11751,-0.10401,-0.12715,-0.22119,68.702,54.01
"2024-09-06 22:30:00",5578,12.85349,506,1,-0.094,-1.34,-1.24,-0.11983,-0.11053,-0.13201,-0.22715,67.489,54.467
"2024-09-06 23:00:00",5579,12.85181,506,1,-0.1,-1.41,-1.35,-0.12587,-0.12011,-0.14411,-0.23569,67.234,53.793
"2024-09-06 23:30:00",5580,12.84761,506,1,-0.101,-1.45,-1.31,-0.12895,-0.11701,-0.14145,-0.23309,67.091,54.745
"2024-09-07 00:00:00",5581,12.85181,506,1,-0.103,-1.49,-1.32,-0.13237,-0.11739,-0.14499,-0.23043,66.334,53.313
"2024-09-07 00:30:00",5582,12.85013,506,1,-0.107,-1.51,-1.43,-0.13469,-0.12701,-0.14673,-0.23905,67.651,54.212
"2024-09-07 01:00:00",5583,12.84593,506,1,-0.11,-1.58,-1.43,-0.14085,-0.12701,-0.15065,-0.23973,67.474,52.941
"2024-09-07 01:30:00",5584,12.84593,506,1,-0.11,-1.58,-1.43,-0.14085,-0.12745,-0.15325,-0.24309,66.779,54.17
"2024-09-07 02:00:00",5585,12.84509,506,1,-0.114,-1.61,-1.5,-0.14349,-0.13397,-0.15851,-0.24647,67.333,53.623
"2024-09-07 02:30:00",5586,12.8409,506,1,-0.114,-1.61,-1.5,-0.14311,-0.13355,-0.14981,-0.24237,65.758,53.144
"2024-09-07 03:00:00",5587,12.84341,506,1,-0.115,-1.61,-1.54,-0.14349,-0.13703,-0.15851,-0.24835,67.276,54.504
"2024-09-07 03:30:00",5588,12.84174,506,1,-0.114,-1.58,-1.54,-0.14085,-0.13745,-0.15325,-0.24647,67.604,54.578
"2024-09-07 04:00:00",5589,12.83838,506,1,-0.114,-1.62,-1.5,-0.14393,-0.13397,-0.15325,-0.24573,67.237,54.203
"2024-09-07 04:30:00",5590,12.84006,506,1,-0.114,-1.62,-1.51,-0.14437,-0.13443,-0.15683,-0.24647,67.264,52.571
"2024-09-07 05:00:00",5591,12.83586,506,1,-0.115,-1.62,-1.54,-0.14393,-0.13745,-0.15633,-0.24647,66.434,53.823
"2024-09-07 05:30:00",5592,12.83586,506,1,-0.118,-1.65,-1.58,-0.14661,-0.14097,-0.15633,-0.24383,66.965,53.934
"2024-09-07 06:00:00",5593,12.83586,506,1,-0.12,-1.64,-1.65,-0.14617,-0.14661,-0.15811,-0.25435,66.91,52.625
"2024-09-07 06:30:00",5594,12.83754,506,1,-0.121,-1.68,-1.66,-0.14971,-0.14759,-0.16471,-0.25845,66.171,52.309
"2024-09-07 07:00:00",5595,12.83334,506,1,-0.124,-1.68,-1.73,-0.14931,-0.15361,-0.16163,-0.25845,67.864,52.064
"2024-09-07 07:30:00",5596,12.83502,506,1,-0.128,-1.76,-1.75,-0.15683,-0.15615,-0.16589,-0.26031,68.14,53.288
"2024-09-07 08:00:00",5597,12.82914,506,1,-0.12,-1.67,-1.61,-0.14843,-0.14311,-0.16067,-0.24573,68.468,53.355
"2024-09-07 08:30:00",5598,12.83166,506,1,-0.103,-1.47,-1.35,-0.13091,-0.12011,-0.14031,-0.23641,69.064,53.538
"2024-09-07 09:00:00",5599,12.8325,506,1,-0.084,-1.21,-1.09,-0.10779,-0.09717,-0.12309,-0.21461,68.904,54.37
"2024-09-07 09:30:00",5600,12.82914,506,1,-0.033,-0.63,-0.25,-0.05639,-0.02265,-99,-0.16089,-99,56.851
"2024-09-07 10:00:00",5601,12.83082,506,1,0.07,0.6,1.42,0.05314,0.12574,-99,-0.05503,-99,58.245
"2024-09-07 10:30:00",5602,12.82495,506,1,0.241,2.62,4.19,0.2318,0.37124,-99,0.12938,-99,61.162
"2024-09-07 11:00:00",5603,12.83586,506,1,0.442,5.03,7.38,0.44538,0.65298,0.39406,0.32049,69.122,60.686
"2024-09-07 11:30:00",5604,12.82579,506,1,0.524,6.04,8.62,0.5346,0.76276,0.47568,0.39422,67.31,59.292
"2024-09-07 12:00:00",5605,12.8409,506,1,0.579,6.73,9.45,0.59564,0.83675,0.52462,0.4379,65.665,59.576
"2024-09-07 12:30:00",5606,12.83586,506,1,0.646,7.48,10.6,0.6623,0.93851,0.58907,0.50098,65.564,57.392
"2024-09-07 13:00:00",5607,12.84006,506,1,0.729,8.6,11.74,0.76107,1.03931,0.70227,0.58142,66.879,55.114
"2024-09-07 13:30:00",5608,12.84174,506,1,0.766,9.3,11.98,0.82274,1.06014,0.70151,0.56372,62.543,54.945
"2024-09-07 14:00:00",5609,12.84677,506,1,0.893,10.65,14.24,0.94287,1.26036,0.79014,0.68148,56.904,51.959
"2024-09-07 14:30:00",5610,12.84174,506,1,0.862,10.01,14.11,0.88582,1.24848,0.76945,0.68547,57.514,52.262
"2024-09-07 15:00:00",5611,12.84593,506,1,0.678,8.27,10.57,0.73172,0.93571,0.61716,0.47438,63.103,57.166
"2024-09-07 15:30:00",5612,12.84174,506,1,0.521,6.39,8.08,0.56592,0.71547,0.48238,0.33262,67.414,59.962
"2024-09-07 16:00:00",5613,12.84006,506,1,0.544,6.56,8.57,0.58048,0.75832,0.49348,0.35935,65.928,58.316
"2024-09-07 16:30:00",5614,12.82495,506,1,0.521,6.27,8.23,0.55501,0.72803,0.47322,0.33838,66.864,59.256
"2024-09-07 17:00:00",5615,12.83334,506,1,0.408,5.01,6.32,0.44312,0.5596,0.37964,0.23401,68.731,60.122
"2024-09-07 17:30:00",5616,12.8283,506,1,0.37,4.49,5.8,0.39704,0.51344,0.34172,0.20211,69.627,59.775
"2024-09-07 18:00:00",5617,12.8132,506,1,0.391,4.72,6.17,0.41753,0.54604,0.36108,0.23082,69.776,61.174
"2024-09-07 18:30:00",5618,12.82579,506,1,0.275,3.37,4.27,0.2987,0.37798,0.2538,0.11264,69.391,60.377
"2024-09-07 19:00:00",5619,12.81403,506,1,0.139,1.71,2.13,0.15146,0.18896,0.11978,-0.01755,70.364,58.166
"2024-09-07 19:30:00",5620,12.81823,506,1,0.061,0.75,0.93,0.06678,0.08264,0.04277,-0.09419,68.942,56.173
"2024-09-07 20:00:00",5621,12.81823,506,1,0.009,0.07,0.19,0.00583,0.01644,-0.01149,-0.13313,68.992,56.107
"2024-09-07 20:30:00",5622,12.81739,506,1,-0.02,-0.32,-0.25,-0.02901,-0.02311,-0.05129,-0.16557,68.645,54.776
"2024-09-07 21:00:00",5623,12.8048,506,1,-0.041,-0.61,-0.51,-0.05503,-0.04611,-0.07137,-0.18399,68.592,54.309
"2024-09-07 21:30:00",5624,12.81236,506,1,-0.051,-0.72,-0.7,-0.06437,-0.06287,-0.08053,-0.19651,68.346,53.487
"2024-09-07 22:00:00",5625,12.80564,506,1,-0.062,-0.88,-0.82,-0.07913,-0.07313,-0.09529,-0.20577,67.022,54.553
"2024-09-07 22:30:00",5626,12.809,506,1,-0.067,-0.95,-0.89,-0.08471,-0.07949,-0.10359,-0.20849,67.768,53.479
"2024-09-07 23:00:00",5627,12.80564,506,1,-0.071,-1.02,-0.93,-0.09087,-0.08297,-0.10383,-0.21241,66.988,53.261
"2024-09-07 23:30:00",5628,12.80396,506,1,-0.071,-1.02,-0.93,-0.09139,-0.08327,-0.10717,-0.21241,66.568,54.355
"2024-09-08 00:00:00",5629,12.79976,506,1,-0.071,-1.02,-0.93,-0.09139,-0.08355,-0.10717,-0.21579,67.471,54.58
"2024-09-08 00:30:00",5630,12.79473,506,1,-0.073,-1.05,-0.97,-0.09361,-0.08647,-0.10965,-0.21241,67.457,54.258
"2024-09-08 01:00:00",5631,12.79641,506,1,-0.075,-1.08,-0.97,-0.09615,-0.08647,-0.11205,-0.21513,67.662,53.522
"2024-09-08 01:30:00",5632,12.79389,506,1,-0.063,-0.94,-0.77,-0.08377,-0.06927,-0.10237,-0.20191,66.219,54.163
"2024-09-08 02:00:00",5633,12.79389,506,1,-0.053,-0.84,-0.59,-0.07519,-0.05287,-0.09127,-0.18725,67.411,54.939
"2024-09-08 02:30:00",5634,12.78549,506,1,-0.046,-0.75,-0.51,-0.06697,-0.04627,-0.08601,-0.18399,67.911,55.275
"2024-09-08 03:00:00",5635,12.79557,506,1,-0.039,-0.68,-0.36,-0.06149,-0.03315,-0.08075,-0.17581,66.652,54.175
"2024-09-08 03:30:00",5636,12.79137,506,1,-0.041,-0.68,-0.44,-0.06101,-0.03973,-0.07709,-0.17855,68.471,54.425
"2024-09-08 04:00:00",5637,12.78717,506,1,-0.04,-0.68,-0.4,-0.06101,-0.03653,-0.07157,-0.17855,67.368,54.895
"2024-09-08 04:30:00",5638,12.78801,506,1,-0.04,-0.65,-0.44,-0.05819,-0.03973,-0.07731,-0.18177,68.375,54.332
"2024-09-08 05:00:00",5639,12.78717,506,1,-0.045,-0.72,-0.52,-0.06475,-0.04669,-0.08403,-0.18561,66.785,54.99
"2024-09-08 05:30:00",5640,12.78717,506,1,-0.045,-0.71,-0.51,-0.06397,-0.04637,-0.08301,-0.18177,68.013,54.385
"2024-09-08 06:00:00",5641,12.78717,506,1,-0.045,-0.71,-0.51,-0.06397,-0.04637,-0.08301,-0.18779,66.994,55.452
"2024-09-08 06:30:00",5642,12.78465,506,1,-0.056,-0.86,-0.67,-0.07703,-0.05981,-0.09309,-0.19435,67.726,54.668
"2024-09-08 07:00:00",5643,12.78214,506,1,-0.053,-0.8,-0.64,-0.07131,-0.05717,-0.09063,-0.19279,66.542,55.727
"2024-09-08 07:30:00",5644,12.7813,506,1,-0.002,-0.22,0.19,-0.02023,0.01654,-0.03703,-0.13675,69.609,56.133
"2024-09-08 08:00:00",5645,12.77878,506,1,0.13,1.38,2.3,0.12208,0.20398,-99,-0.00295,-99,59.157
"2024-09-08 08:30:00",5646,12.7771,506,1,0.294,3.29,4.96,0.29092,0.43917,-99,0.17085,-99,60.956
"2024-09-08 09:00:00",5647,12.78046,506,1,0.425,4.83,7.08,0.42756,0.62676,0.37946,0.29818,69.901,60.873
"2024-09-08 09:30:00",5648,12.78214,506,1,0.54,6.17,8.98,0.54597,0.79489,0.48274,0.40544,68.088,59.477
"2024-09-08 10:00:00",5649,12.78214,506,1,0.615,7.05,10.17,0.6236,0.89975,0.55595,0.4756,65.867,58.096
"2024-09-08 10:30:00",5650,12.77458,506,1,0.659,7.67,10.76,0.67864,0.95258,0.60644,0.54363,63.3,57.095
"2024-09-08 11:00:00",5651,12.7813,506,1,0.755,8.69,12.46,0.76933,1.1029,0.67482,0.60482,61.013,54.65
"2024-09-08 11:30:00",5652,12.78717,506,1,0.806,9.21,13.39,0.815,1.18506,0.72143,0.6548,59.26,53.049
"2024-09-08 12:00:00",5653,12.79137,506,1,0.817,9.38,13.51,0.82983,1.19561,0.73937,0.67416,59.019,52.5
"2024-09-08 12:30:00",5654,12.79305,506,1,0.811,9.35,13.35,0.82783,1.18179,0.73937,0.67042,59.046,51.853
"2024-09-08 13:00:00",5655,12.79221,506,1,0.79,9.55,12.43,0.84547,1.10055,-99,0.66938,-99,53.866
"2024-09-08 13:30:00",5656,12.80396,506,1,0.677,7.72,11.27,0.6832,0.99791,0.54839,0.61878,51.683,53.088
"2024-09-08 14:00:00",5657,12.79305,506,1,0.901,11.3,13.63,1.00006,1.20612,0.88149,0.65662,65.472,52.87
"2024-09-08 14:30:00",5658,12.80228,506,1,0.849,10.12,13.54,0.89577,1.19813,0.75375,0.62248,59.271,53.488
"2024-09-08 15:00:00",5659,12.8006,506,1,0.79,9.35,12.69,0.82757,1.12325,0.70778,0.57948,61.411,54.223
"2024-09-08 15:30:00",5660,12.79389,506,1,0.725,8.6,11.63,0.76119,1.02959,0.65827,0.53662,62.766,55.734
"2024-09-08 16:00:00",5661,12.80228,506,1,0.655,7.83,10.4,0.69315,0.92085,0.60401,0.47523,64.946,57.343
"2024-09-08 16:30:00",5662,12.80228,506,1,0.594,7.16,9.37,0.6338,0.82897,0.5505,0.42014,65.632,57.347
"2024-09-08 17:00:00",5663,12.79557,506,1,0.518,6.28,8.13,0.55626,0.71999,0.48353,0.34262,68.326,58.063
"2024-09-08 17:30:00",5664,12.79976,506,1,0.422,5.18,6.53,0.45832,0.57766,0.39498,0.24912,69.154,60.03
"2024-09-08 18:00:00",5665,12.79809,506,1,0.292,3.63,4.47,0.32156,0.39587,-99,0.12658,-99,59.208
"2024-09-08 18:30:00",5666,12.79976,506,1,0.177,2.22,2.66,0.19627,0.23577,-99,0.01458,-99,58.913
"2024-09-08 19:00:00",5667,12.79473,506,1,0.098,1.19,1.54,0.10532,0.13617,0.07749,-0.05599,69.777,57.307
"2024-09-08 19:30:00",5668,12.78969,506,1,0.031,0.37,0.49,0.03276,0.04354,0.00876,-0.12235,68.233,55.191
"2024-09-08 20:00:00",5669,12.79473,506,1,-0.01,-0.19,-0.1,-0.01785,-0.01011,-0.03791,-0.16477,66.35,54.976
"2024-09-08 20:30:00",5670,12.79137,506,1,-0.038,-0.55,-0.52,-0.04993,-0.04691,-0.06937,-0.18561,66.74,53.949
"2024-09-08 21:00:00",5671,12.78298,506,1,-0.053,-0.75,-0.71,-0.06763,-0.06345,-0.08097,-0.20099,67.502,53.62
"2024-09-08 21:30:00",5672,12.7771,506,1,-0.065,-0.95,-0.82,-0.08521,-0.07339,-0.10413,-0.20369,66.599,54.225
"2024-09-08 22:00:00",5673,12.77794,506,1,-0.072,-1.02,-0.97,-0.09087,-0.08671,-0.10383,-0.21579,66.814,52.928
"2024-09-08 22:30:00",5674,12.7771,506,1,-0.077,-1.08,-1.05,-0.09673,-0.09339,-0.11267,-0.22181,66.873,53.822
"2024-09-08 23:00:00",5675,12.77374,506,1,-0.081,-1.12,-1.12,-0.10039,-0.10041,-0.11917,-0.22247,66.319,54.104
"2024-09-08 23:30:00",5676,12.76367,506,1,-0.082,-1.14,-1.12,-0.10169,-0.10009,-0.11175,-0.22517,67.193,53.563
"2024-09-09 00:00:00",5677,12.77122,506,1,-0.084,-1.18,-1.12,-0.10507,-0.09973,-0.12087,-0.22517,66.42,52.948
"2024-09-09 00:30:00",5678,12.76703,506,1,-0.082,-1.17,-1.08,-0.10447,-0.09631,-0.12015,-0.22181,68.073,54.027
"2024-09-09 01:00:00",5679,12.76535,506,1,-0.079,-1.14,-1.04,-0.10197,-0.09309,-0.11777,-0.21845,67.036,54.399
"2024-09-09 01:30:00",5680,12.76367,506,1,-0.085,-1.18,-1.16,-0.10567,-0.10325,-0.12119,-0.22517,66.259,52.939
"2024-09-09 02:00:00",5681,12.75527,506,1,-0.084,-1.18,-1.12,-0.10507,-0.09973,-0.12087,-0.22181,66.68,54.302
"2024-09-09 02:30:00",5682,12.75191,506,1,-0.085,-1.21,-1.12,-0.10787,-0.09973,-0.12625,-0.22449,67.252,54.038
"2024-09-09 03:00:00",5683,12.75695,506,1,-0.082,-1.14,-1.12,-0.10197,-0.09973,-0.11777,-0.22181,67.989,54.097
"2024-09-09 03:30:00",5684,12.75695,506,1,-0.081,-1.15,-1.09,-0.10257,-0.09693,-0.11845,-0.22247,66.861,52.964
"2024-09-09 04:00:00",5685,12.75695,506,1,-0.082,-1.14,-1.12,-0.10143,-0.09973,-0.11715,-0.21915,67.268,53.373
"2024-09-09 04:30:00",5686,12.75779,506,1,-0.08,-1.15,-1.05,-0.10291,-0.09339,-0.11881,-0.21915,66.712,53.23
"2024-09-09 05:00:00",5687,12.75275,506,1,-0.076,-1.04,-1.05,-0.09337,-0.09339,-0.10631,-0.21983,67.127,54.483
"2024-09-09 05:30:00",5688,12.75024,506,1,-0.079,-1.11,-1.08,-0.09893,-0.09657,-0.11477,-0.21915,68.185,54.126
"2024-09-09 06:00:00",5689,12.74856,506,1,-0.086,-1.21,-1.16,-0.10787,-0.10325,-0.12051,-0.22517,67.375,53.06
"2024-09-09 06:30:00",5690,12.75191,506,1,-0.085,-1.18,-1.16,-0.10537,-0.10325,-0.12087,-0.22853,67.791,53.741
"2024-09-09 07:00:00",5691,12.74688,506,1,-0.079,-1.11,-1.08,-0.09921,-0.09657,-0.11507,-0.22247,66.899,53.269
"2024-09-09 07:30:00",5692,12.73429,506,1,-0.025,-0.48,-0.18,-0.04345,-0.01657,-0.05997,-0.16105,68.85,55.944
"2024-09-09 08:00:00",5693,12.73849,506,1,0.065,0.58,1.3,0.05114,0.11504,-99,-0.06475,-99,56.778
"2024-09-09 08:30:00",5694,12.73849,506,1,0.198,2.15,3.45,0.18996,0.30556,-99,0.07749,-99,60.526
"2024-09-09 09:00:00",5695,12.7452,506,1,0.381,4.3,6.39,0.38038,0.56522,-99,0.26431,-99,61.029
"2024-09-09 09:30:00",5696,12.74856,506,1,0.5,5.68,8.34,0.50286,0.73799,0.4532,0.37856,69.119,60.665
"2024-09-09 10:00:00",5697,12.74772,506,1,0.595,6.75,9.95,0.59746,0.88072,0.53962,0.48286,67.321,58.452
"2024-09-09 10:30:00",5698,12.75359,506,1,0.663,7.67,10.89,0.67898,0.96379,0.61584,0.56357,63.6,56.144
"2024-09-09 11:00:00",5699,12.75947,506,1,0.76,8.81,12.46,0.77939,1.10279,0.69108,0.61706,61.215,54.852
"2024-09-09 11:30:00",5700,12.76031,506,1,0.78,8.94,12.92,0.79087,1.14361,0.713,0.64766,60.041,53.838
"2024-09-09 12:00:00",5701,12.76787,506,1,0.789,9.03,13.07,0.79939,1.15649,0.72293,0.66294,58.872,53.087
"2024-09-09 12:30:00",5702,12.76954,506,1,0.799,9.21,13.15,0.81547,1.16357,0.73507,0.661,59.48,52.448
"2024-09-09 13:00:00",5703,12.76619,506,1,0.707,8.52,11.15,0.75438,0.98709,-99,0.65819,-99,54.921
"2024-09-09 13:30:00",5704,12.78046,506,1,0.868,11.59,12.18,1.02549,1.07769,0.69315,0.62018,51.863,52.592
"2024-09-09 14:00:00",5705,12.77038,506,1,0.854,10.54,13.15,0.93253,1.16357,0.84315,0.65316,62.759,53.076
"2024-09-09 14:30:00",5706,12.78549,506,1,0.829,9.87,13.23,0.87371,1.17103,0.74046,0.62304,59.374,53.022
"2024-09-09 15:00:00",5707,12.77458,506,1,0.782,9.26,12.56,0.81943,1.11184,0.70561,0.58778,60.596,53.825
"2024-09-09 15:30:00",5708,12.78717,506,1,0.734,8.7,11.76,0.77001,1.04072,0.66852,0.54922,62.246,55.473
"2024-09-09 16:00:00",5709,12.79053,506,1,0.679,8.08,10.86,0.71473,0.96087,0.61993,0.49877,63.915,56.575
"2024-09-09 16:30:00",5710,12.78717,506,1,0.618,7.38,9.83,0.65311,0.87043,0.57091,0.4472,66.335,58.886
"2024-09-09 17:00:00",5711,12.78801,506,1,0.541,6.57,8.47,0.58113,0.74927,0.49979,0.36896,66.67,58.908
"2024-09-09 17:30:00",5712,12.77962,506,1,0.44,5.37,6.85,0.4756,0.60652,0.41129,0.27302,69.338,61.315
"2024-09-09 18:00:00",5713,12.78801,506,1,0.309,3.81,4.75,0.33698,0.42053,0.29014,0.14348,70.186,59.66
"2024-09-09 18:30:00",5714,12.7771,506,1,0.188,2.32,2.89,0.20539,0.25592,0.1692,0.03211,71.02,59.242
"2024-09-09 19:00:00",5715,12.78046,506,1,0.092,1.13,1.43,0.09978,0.12641,0.07194,-0.06207,69.427,57.799
"2024-09-09 19:30:00",5716,12.77542,506,1,0.03,0.33,0.53,0.02956,0.04682,0.00583,-0.11919,67.692,56.328
"2024-09-09 20:00:00",5717,12.76451,506,1,-0.005,-0.12,-0.03,-0.01181,-0.00335,-0.03481,-0.15835,68.317,55.276
"2024-09-09 20:30:00",5718,12.7687,506,1,-0.027,-0.43,-0.33,-0.03853,-0.03029,-0.06119,-0.17739,66.158,54.936
"2024-09-09 21:00:00",5719,12.76283,506,1,-0.048,-0.69,-0.63,-0.06193,-0.05697,-0.08123,-0.19219,68.639,53.51
"2024-09-09 21:30:00",5720,12.76535,506,1,-0.061,-0.89,-0.79,-0.07961,-0.07037,-0.09867,-0.20429,67.463,53.006
"2024-09-09 22:00:00",5721,12.76283,506,1,-0.07,-0.99,-0.94,-0.08831,-0.08381,-0.10447,-0.21369,67.193,54.149
"2024-09-09 22:30:00",5722,12.75863,506,1,-0.073,-1.02,-1.01,-0.09139,-0.09051,-0.10717,-0.21641,67.928,54.724
"2024-09-09 23:00:00",5723,12.75863,506,1,-0.072,-1.05,-0.93,-0.09361,-0.08355,-0.10691,-0.21641,66.715,52.993
"2024-09-09 23:30:00",5724,12.7452,506,1,-0.073,-1.05,-0.97,-0.09361,-0.08701,-0.10965,-0.21369,66.559,54.338
"2024-09-10 00:00:00",5725,12.7494,506,1,-0.072,-1.05,-0.93,-0.09361,-0.08355,-0.10965,-0.21641,67.295,54.661
"2024-09-10 00:30:00",5726,12.74604,506,1,-0.073,-1.08,-0.93,-0.09615,-0.08327,-0.11205,-0.21307,67.881,54.824
"2024-09-10 01:00:00",5727,12.75024,506,1,-0.078,-1.14,-1.01,-0.10197,-0.08991,-0.11507,-0.21641,66.124,54.068
"2024-09-10 01:30:00",5728,12.74604,506,1,-0.083,-1.21,-1.05,-0.10813,-0.09339,-0.12087,-0.21641,66.097,54.033
"2024-09-10 02:00:00",5729,12.74688,506,1,-0.079,-1.14,-1.04,-0.10197,-0.09309,-0.11777,-0.21915,66.266,54.201
"2024-09-10 02:30:00",5730,12.74184,506,1,-0.081,-1.14,-1.08,-0.10143,-0.09631,-0.11715,-0.21915,68.312,53.848
"2024-09-10 03:00:00",5731,12.74268,506,1,-0.084,-1.2,-1.11,-0.10717,-0.09943,-0.12283,-0.22181,68.667,55.191
"2024-09-10 03:30:00",5732,12.72757,506,1,-0.085,-1.22,-1.12,-0.10847,-0.09973,-0.12425,-0.22181,66.387,53.491
"2024-09-10 04:00:00",5733,12.73932,506,1,-0.088,-1.24,-1.19,-0.11025,-0.10611,-0.12319,-0.22517,67.535,52.971
"2024-09-10 04:30:00",5734,12.74352,506,1,-0.088,-1.24,-1.19,-0.11057,-0.10643,-0.12625,-0.22853,67.725,54.092
"2024-09-10 05:00:00",5735,12.7368,506,1,-0.092,-1.27,-1.26,-0.11303,-0.11273,-0.12587,-0.23125,68.4,53.254
"2024-09-10 05:30:00",5736,12.73597,506,1,-0.097,-1.37,-1.3,-0.12193,-0.11583,-0.13167,-0.23391,67.719,53.41
"2024-09-10 06:00:00",5737,12.73261,506,1,-0.098,-1.34,-1.38,-0.11917,-0.12289,-0.13469,-0.24071,68.115,53.539
"2024-09-10 06:30:00",5738,12.73345,506,1,-0.106,-1.46,-1.45,-0.13041,-0.12909,-0.14003,-0.24335,67.202,52.891
"2024-09-10 07:00:00",5739,12.73345,506,1,-0.1,-1.39,-1.37,-0.12425,-0.12245,-0.13697,-0.23731,67.96,54.641
"2024-09-10 07:30:00",5740,12.73513,506,1,-0.061,-0.9,-0.77,-0.08031,-0.06927,-0.09341,-0.19435,69.189,54.462
"2024-09-10 08:00:00",5741,12.72338,506,1,0.013,-0.05,0.48,-0.00571,0.04252,-99,-0.11225,-99,57.551
"2024-09-10 08:30:00",5742,12.73345,506,1,0.168,1.78,2.97,0.15717,0.26322,-99,0.04904,-99,60.813
"2024-09-10 09:00:00",5743,12.73513,506,1,0.383,4.29,6.48,0.38003,0.57343,-99,0.2658,-99,61.009
"2024-09-10 09:30:00",5744,12.74184,506,1,0.531,6.03,8.86,0.53368,0.78431,0.47872,0.40659,67.954,59.923
"2024-09-10 10:00:00",5745,12.74184,506,1,0.622,7.06,10.4,0.62444,0.92067,0.56324,0.50309,66.002,57.973
"2024-09-10 10:30:00",5746,12.74184,506,1,0.661,7.56,10.97,0.66894,0.97111,0.61384,0.56366,63.632,55.762
"2024-09-10 11:00:00",5747,12.74688,506,1,0.734,8.48,12.06,0.75087,1.06703,0.66698,0.59544,61.852,55.077
"2024-09-10 11:30:00",5748,12.75108,506,1,0.735,8.49,12.08,0.75173,1.06951,0.67729,0.60779,62.294,54.27
"2024-09-10 12:00:00",5749,12.75108,506,1,0.755,8.74,12.39,0.77317,1.09647,0.69315,0.62074,61.029,54.517
"2024-09-10 12:30:00",5750,12.75611,506,1,0.753,8.77,12.27,0.7759,1.08596,0.69315,0.6131,61.131,54.363
"2024-09-10 13:00:00",5751,12.76199,506,1,0.639,7.55,10.28,0.66853,0.90991,-99,0.62812,-99,57.585
"2024-09-10 13:30:00",5752,12.76451,506,1,0.832,10.76,12.13,0.95228,1.07328,0.67382,0.61368,52.407,52.302
"2024-09-10 14:00:00",5753,12.76451,506,1,0.873,10.91,13.26,0.96585,1.1732,0.81895,0.63464,59.668,53.165
"2024-09-10 14:30:00",5754,12.77038,506,1,0.829,9.92,13.17,0.87813,1.16535,0.73483,0.60614,59.882,53.534
"2024-09-10 15:00:00",5755,12.75527,506,1,0.785,9.26,12.64,0.8196,1.11893,0.69737,0.57654,61.11,54.34
"2024-09-10 15:30:00",5756,12.76367,506,1,0.749,8.91,11.97,0.78843,1.05912,0.68078,0.54961,61.209,55.12
"2024-09-10 16:00:00",5757,12.76451,506,1,0.698,8.28,11.17,0.73251,0.98832,0.62966,0.52087,62.482,56.543
"2024-09-10 16:30:00",5758,12.76703,506,1,0.647,7.76,10.26,0.68666,0.90835,0.59548,0.46996,65.215,57.614
"2024-09-10 17:00:00",5759,12.76451,506,1,0.57,6.83,9.04,0.60428,0.79979,0.52776,0.39634,66.285,58.837
"2024-09-10 17:30:00",5760,12.76619,506,1,0.467,5.69,7.28,0.50388,0.64462,0.43926,0.2958,68.944,58.993
"2024-09-10 18:00:00",5761,12.75443,506,1,0.332,4.09,5.11,0.36196,0.45236,0.31417,0.16968,69.676,59.991
"2024-09-10 18:30:00",5762,12.76199,506,1,0.213,2.58,3.35,0.22838,0.29633,-99,0.06414,-99,58.223
"2024-09-10 19:00:00",5763,12.75611,506,1,0.127,1.53,2,0.1355,0.17682,0.10656,-0.02663,69.335,58.393
"2024-09-10 19:30:00",5764,12.75863,506,1,0.053,0.6,0.9,0.0531,0.08002,0.02316,-0.09249,68.164,56.642
"2024-09-10 20:00:00",5765,12.75275,506,1,0.005,-0.02,0.19,-0.00293,0.01672,-0.02331,-0.14075,68.275,55.649
"2024-09-10 20:30:00",5766,12.75108,506,1,-0.02,-0.36,-0.18,-0.03251,-0.01677,-0.05233,-0.16533,68.373,54.761
"2024-09-10 21:00:00",5767,12.75024,506,1,-0.035,-0.55,-0.41,-0.04993,-0.03679,-0.06937,-0.17411,67.366,55.58
"2024-09-10 21:30:00",5768,12.7452,506,1,-0.05,-0.75,-0.63,-0.06763,-0.05677,-0.08377,-0.18947,67.39,54.921
"2024-09-10 22:00:00",5769,12.74268,506,1,-0.053,-0.82,-0.63,-0.07329,-0.05677,-0.08683,-0.18893,68.191,54.156
"2024-09-10 22:30:00",5770,12.73429,506,1,-0.059,-0.88,-0.74,-0.07913,-0.06673,-0.09225,-0.20161,67.566,55.513
"2024-09-10 23:00:00",5771,12.73177,506,1,-0.065,-0.95,-0.82,-0.08499,-0.07363,-0.09805,-0.20161,67.772,55.562
"2024-09-10 23:30:00",5772,12.73429,506,1,-0.067,-0.99,-0.86,-0.08831,-0.07687,-0.09867,-0.20495,67.588,53.023
"2024-09-11 00:00:00",5773,12.73513,506,1,-0.072,-1.11,-0.86,-0.09951,-0.07663,-0.10965,-0.20763,67.365,53.639
"2024-09-11 00:30:00",5774,12.72338,506,1,-0.076,-1.11,-0.97,-0.09951,-0.08671,-0.11237,-0.21103,68.435,53.725
"2024-09-11 01:00:00",5775,12.72169,506,1,-0.079,-1.18,-0.97,-0.10507,-0.08647,-0.11507,-0.21041,66.796,53.748
"2024-09-11 01:30:00",5776,12.72841,506,1,-0.081,-1.21,-1.01,-0.10813,-0.08991,-0.12389,-0.21369,67.644,55.012
"2024-09-11 02:00:00",5777,12.72841,506,1,-0.088,-1.28,-1.12,-0.11433,-0.10009,-0.12735,-0.22585,67.118,54.903
"2024-09-11 02:30:00",5778,12.73093,506,1,-0.086,-1.27,-1.08,-0.11333,-0.09657,-0.12357,-0.21983,68.484,54.021
"2024-09-11 03:00:00",5779,12.72421,506,1,-0.089,-1.29,-1.16,-0.11467,-0.10361,-0.13041,-0.22319,67.302,53.835
"2024-09-11 03:30:00",5780,12.72254,506,1,-0.089,-1.29,-1.16,-0.11467,-0.10325,-0.12773,-0.22319,67.78,54.994
"2024-09-11 04:00:00",5781,12.72254,506,1,-0.088,-1.28,-1.12,-0.11401,-0.10009,-0.12699,-0.21983,68.427,54.125
"2024-09-11 04:30:00",5782,12.72086,506,1,-0.089,-1.29,-1.16,-0.11467,-0.10361,-0.12735,-0.22657,66.379,54.584
"2024-09-11 05:00:00",5783,12.71582,506,1,-0.092,-1.31,-1.2,-0.11673,-0.10677,-0.12971,-0.22925,67.075,53.761
"2024-09-11 05:30:00",5784,12.71834,506,1,-0.1,-1.38,-1.38,-0.12261,-0.12325,-0.13547,-0.23873,67.909,52.926
"2024-09-11 06:00:00",5785,12.71666,506,1,-0.107,-1.47,-1.47,-0.13073,-0.13085,-0.14919,-0.24557,66.555,53.084
"2024-09-11 06:30:00",5786,12.70575,506,1,-0.113,-1.54,-1.57,-0.13705,-0.14027,-0.14661,-0.25097,67.526,54.311
"2024-09-11 07:00:00",5787,12.71414,506,1,-0.116,-1.57,-1.62,-0.14019,-0.14383,-0.15283,-0.24827,67.391,53.239
"2024-09-11 07:30:00",5788,12.71414,506,1,-0.093,-1.35,-1.2,-0.12055,-0.10677,-0.13627,-0.22657,67.177,53.445
"2024-09-11 08:00:00",5789,12.71078,506,1,-0.012,-0.38,0.08,-0.03463,0.00667,-99,-0.14119,-99,56.842
"2024-09-11 08:30:00",5790,12.71162,506,1,0.159,1.63,2.9,0.14452,0.25628,-99,0.04083,-99,60.143
"2024-09-11 09:00:00",5791,12.7133,506,1,0.319,3.53,5.45,0.31212,0.48256,-99,0.20722,-99,61.743
"2024-09-11 09:30:00",5792,12.71498,506,1,0.423,4.79,7.09,0.42392,0.6271,0.38299,0.3095,71.384,62.257
"2024-09-11 10:00:00",5793,12.71498,506,1,0.496,5.66,8.24,0.50128,0.72887,0.45132,0.37718,70.186,60.338
"2024-09-11 10:30:00",5794,12.72169,506,1,0.557,6.36,9.26,0.56328,0.81975,0.51225,0.4538,66.839,59.649
"2024-09-11 11:00:00",5795,12.71246,506,1,0.652,7.55,10.69,0.66792,0.94632,0.59326,0.52286,64.481,56.041
"2024-09-11 11:30:00",5796,12.72841,506,1,0.689,8.02,11.25,0.70991,0.99545,0.63138,0.55237,62.793,56.441
"2024-09-11 12:00:00",5797,12.72925,506,1,0.7,8.17,11.38,0.72271,1.00723,0.64304,0.55237,62.805,55.878
"2024-09-11 12:30:00",5798,12.72757,506,1,0.692,8.09,11.24,0.71644,0.99475,0.63688,0.54409,63.401,56.059
"2024-09-11 13:00:00",5799,12.73597,506,1,0.573,6.44,9.66,0.57006,0.85499,-99,0.56664,-99,60.603
"2024-09-11 13:30:00",5800,12.74184,506,1,0.597,6.71,10.05,0.59396,0.88915,0.4239,0.50872,52.697,55.088
"2024-09-11 14:00:00",5801,12.72757,506,1,0.763,9.14,12.11,0.80874,1.07193,0.6846,0.55432,61.526,54.764
"2024-09-11 14:30:00",5802,12.7368,506,1,0.764,9.04,12.26,0.80023,1.08502,0.67352,0.55106,60.526,55.271
"2024-09-11 15:00:00",5803,12.74016,506,1,0.773,9.03,12.57,0.79947,1.11228,0.6846,0.56926,61.149,55.214
"2024-09-11 15:30:00",5804,12.74016,506,1,0.751,8.8,12.19,0.77895,1.07854,0.67216,0.55432,61.43,55.234
"2024-09-11 16:00:00",5805,12.72338,506,1,0.621,7.47,9.8,0.66098,0.8676,0.57538,0.4443,64.584,58.235
"2024-09-11 16:30:00",5806,12.73513,506,1,0.542,6.55,8.53,0.57934,0.75492,0.50564,0.37215,66.653,57.392
"2024-09-11 17:00:00",5807,12.73513,506,1,0.512,6.16,8.08,0.54489,0.71527,0.47817,0.34552,67.351,60.168
"2024-09-11 17:30:00",5808,12.73597,506,1,0.424,5.18,6.6,0.45873,0.58423,0.40078,0.25887,68.539,60.521
"2024-09-11 18:00:00",5809,12.73513,506,1,0.304,3.73,4.71,0.33044,0.4165,0.28686,0.14476,70.69,61.004
"2024-09-11 18:30:00",5810,12.72757,506,1,0.202,2.47,3.14,0.2185,0.27796,-99,0.04988,-99,59.146
"2024-09-11 19:00:00",5811,12.72505,506,1,0.107,1.3,1.66,0.11498,0.14694,0.08675,-0.04461,69.388,57.196
"2024-09-11 19:30:00",5812,12.73009,506,1,0.033,0.3,0.64,0.02648,0.05678,0.00578,-0.11359,68.056,56.7
"2024-09-11 20:00:00",5813,12.72589,506,1,-0.015,-0.32,-0.07,-0.02963,-0.00675,-0.04659,-0.15649,68.062,54.886
"2024-09-11 20:30:00",5814,12.72086,506,1,-0.037,-0.59,-0.41,-0.05331,-0.03691,-0.07287,-0.18069,67.569,55.95
"2024-09-11 21:00:00",5815,12.72169,506,1,-0.05,-0.79,-0.56,-0.07085,-0.05047,-0.08729,-0.19067,67.276,55.079
"2024-09-11 21:30:00",5816,12.71666,506,1,-0.064,-0.96,-0.79,-0.08545,-0.07065,-0.10169,-0.20617,67.127,54.929
"2024-09-11 22:00:00",5817,12.70827,506,1,-0.071,-1.02,-0.94,-0.09111,-0.08381,-0.10717,-0.20895,67.34,55.139
"2024-09-11 22:30:00",5818,12.7091,506,1,-0.078,-1.16,-0.97,-0.10321,-0.08701,-0.11917,-0.21779,66.04,54.256
"2024-09-11 23:00:00",5819,12.71162,506,1,-0.078,-1.12,-1.01,-0.10009,-0.09051,-0.11611,-0.21503,67.44,52.736
"2024-09-11 23:30:00",5820,12.70743,506,1,-0.086,-1.26,-1.09,-0.11255,-0.09759,-0.12533,-0.22113,67.136,53.688
"2024-09-12 00:00:00",5821,12.69567,506,1,-0.09,-1.33,-1.13,-0.11851,-0.10073,-0.13117,-0.22455,66.219,52.922
"2024-09-12 00:30:00",5822,12.70743,506,1,-0.095,-1.39,-1.2,-0.12369,-0.10751,-0.13937,-0.22455,67.085,53.893
"2024-09-12 01:00:00",5823,12.70491,506,1,-0.096,-1.39,-1.24,-0.12369,-0.11103,-0.13355,-0.22523,66.702,54.079
"2024-09-12 01:30:00",5824,12.70407,506,1,-0.1,-1.45,-1.28,-0.12961,-0.11421,-0.14251,-0.23335,66.11,53.492
"2024-09-12 02:00:00",5825,12.70239,506,1,-0.101,-1.45,-1.32,-0.12961,-0.11777,-0.13937,-0.23749,67.727,54.43
"2024-09-12 02:30:00",5826,12.69987,506,1,-0.1,-1.42,-1.32,-0.12687,-0.11777,-0.13977,-0.23135,65.707,53.082
"2024-09-12 03:00:00",5827,12.69651,506,1,-0.106,-1.49,-1.43,-0.13275,-0.12773,-0.14561,-0.24291,67.15,54.111
"2024-09-12 03:30:00",5828,12.69567,506,1,-0.108,-1.52,-1.43,-0.13549,-0.12773,-0.14829,-0.24291,67.258,53.646
"2024-09-12 04:00:00",5829,12.68728,506,1,-0.111,-1.59,-1.43,-0.14147,-0.12773,-0.15419,-0.24633,65.532,53.486
"2024-09-12 04:30:00",5830,12.69148,506,1,-0.109,-1.52,-1.47,-0.13549,-0.13131,-0.14829,-0.24711,66.435,53.548
"2024-09-12 05:00:00",5831,12.6898,506,1,-0.114,-1.59,-1.55,-0.14181,-0.13805,-0.15463,-0.25251,66.934,53.212
"2024-09-12 05:30:00",5832,12.68896,506,1,-0.121,-1.7,-1.63,-0.15099,-0.14483,-0.16047,-0.25599,65.943,53.316
"2024-09-12 06:00:00",5833,12.68728,506,1,-0.121,-1.69,-1.63,-0.15009,-0.14483,-0.15685,-0.25325,67.156,52.019
"2024-09-12 06:30:00",5834,12.68812,506,1,-0.121,-1.68,-1.66,-0.14963,-0.14743,-0.15955,-0.25867,67.46,53.739
"2024-09-12 07:00:00",5835,12.68812,506,1,-0.128,-1.77,-1.74,-0.15739,-0.15521,-0.16681,-0.25947,66.376,52.34
"2024-09-12 07:30:00",5836,12.67637,506,1,-0.103,-1.47,-1.35,-0.13083,-0.12055,-0.14085,-0.23607,68.343,52.636
"2024-09-12 08:00:00",5837,12.6814,506,1,-0.054,-0.9,-0.55,-0.08097,-0.04995,-0.09421,-0.18397,68.546,55.92
"2024-09-12 08:30:00",5838,12.6814,506,1,-0.005,-0.28,0.19,-0.02587,0.01654,-99,-0.13473,-99,56.746
"2024-09-12 09:00:00",5839,12.68056,506,1,0.119,1.15,2.26,0.10205,0.20032,-99,0.00876,-99,60.12
"2024-09-12 09:30:00",5840,12.68308,506,1,0.32,3.5,5.51,0.3095,0.48776,-99,0.21548,-99,61.659
"2024-09-12 10:00:00",5841,12.68728,506,1,0.5,5.59,8.45,0.49471,0.74823,0.44822,0.39187,68.461,59.183
"2024-09-12 10:30:00",5842,12.68896,506,1,0.574,6.69,9.36,0.59195,0.82851,0.54396,0.467,69.984,59.464
"2024-09-12 11:00:00",5843,12.69315,506,1,0.633,7.4,10.29,0.65461,0.91068,0.57704,0.49146,64.601,57.829
"2024-09-12 11:30:00",5844,12.68056,506,1,0.703,8.1,11.57,0.71667,1.02434,0.63248,0.55648,63.577,55.975
"2024-09-12 12:00:00",5845,12.69567,506,1,0.75,8.62,12.39,0.76271,1.09643,0.67884,0.60954,60.856,53.67
"2024-09-12 12:30:00",5846,12.69987,506,1,0.754,8.68,12.44,0.76835,1.10077,0.68909,0.61758,61.143,53.543
"2024-09-12 13:00:00",5847,12.69399,506,1,0.669,7.65,11.11,0.67684,0.98337,-99,0.63598,-99,55.568
"2024-09-12 13:30:00",5848,12.69903,506,1,0.84,11.18,11.83,0.98985,1.04697,0.66136,0.57716,52.688,53.26
"2024-09-12 14:00:00",5849,12.70323,506,1,0.79,9.48,12.51,0.83947,1.10761,0.70218,0.57982,58.927,54.245
"2024-09-12 14:30:00",5850,12.70827,506,1,0.798,9.5,12.75,0.84057,1.12864,0.70848,0.57676,60.477,54.128
"2024-09-12 15:00:00",5851,12.69987,506,1,0.78,9.14,12.65,0.80927,1.11923,0.69315,0.57512,60.282,54.348
"2024-09-12 15:30:00",5852,12.69567,506,1,0.73,8.61,11.77,0.76245,1.04146,0.66392,0.54421,61.652,55.716
"2024-09-12 16:00:00",5853,12.70827,506,1,0.658,7.83,10.51,0.69315,0.93018,0.60468,0.48104,63.947,58.011
"2024-09-12 16:30:00",5854,12.70659,506,1,0.57,6.87,8.99,0.60764,0.79562,0.53398,0.39398,66.859,58.571
"2024-09-12 17:00:00",5855,12.70407,506,1,0.482,5.89,7.5,0.52164,0.66372,0.4536,0.30906,68.707,59.85
"2024-09-12 17:30:00",5856,12.70407,506,1,0.376,4.61,5.84,0.40784,0.51703,0.35254,0.2154,69.506,61.643
"2024-09-12 18:00:00",5857,12.70071,506,1,0.261,3.23,3.99,0.28596,0.35302,-99,0.09948,-99,59.945
"2024-09-12 18:30:00",5858,12.69651,506,1,0.166,2.04,2.58,0.18012,0.2284,-99,0.00884,-99,58.805
"2024-09-12 19:00:00",5859,12.69735,506,1,0.074,0.87,1.21,0.07671,0.10713,0.05514,-0.07169,69.023,58.499
"2024-09-12 19:30:00",5860,12.69651,506,1,0.01,0.03,0.27,0.00292,0.02352,-0.01745,-0.13273,67.976,56.348
"2024-09-12 20:00:00",5861,12.69819,506,1,-0.032,-0.53,-0.33,-0.04739,-0.03029,-0.06417,-0.17237,69.228,55.932
"2024-09-12 20:30:00",5862,12.69064,506,1,-0.056,-0.82,-0.71,-0.07371,-0.06391,-0.09007,-0.19675,67.832,54.39
"2024-09-12 21:00:00",5863,12.6856,506,1,-0.07,-1.02,-0.9,-0.09087,-0.08057,-0.10413,-0.21231,66.848,53.978
"2024-09-12 21:30:00",5864,12.68644,506,1,-0.085,-1.22,-1.12,-0.10879,-0.10041,-0.12463,-0.22113,66.924,53.895
"2024-09-12 22:00:00",5865,12.67385,506,1,-0.088,-1.25,-1.16,-0.11157,-0.10361,-0.12425,-0.22113,68.139,54.683
"2024-09-12 22:30:00",5866,12.68476,506,1,-0.088,-1.25,-1.16,-0.11127,-0.10361,-0.12699,-0.22387,68.088,53.226
"2024-09-12 23:00:00",5867,12.68308,506,1,-0.093,-1.38,-1.16,-0.12299,-0.10361,-0.13585,-0.22113,67.332,53.039
"2024-09-12 23:30:00",5868,12.68308,506,1,-0.098,-1.41,-1.27,-0.12611,-0.11345,-0.13893,-0.22993,67.106,54.486
"2024-09-13 00:00:00",5869,12.68224,506,1,-0.097,-1.38,-1.28,-0.12331,-0.11383,-0.13627,-0.23061,67.756,53.733
"2024-09-13 00:30:00",5870,12.67972,506,1,-0.101,-1.45,-1.32,-0.12961,-0.11739,-0.14521,-0.23061,66.396,54.194
"2024-09-13 01:00:00",5871,12.68056,506,1,-0.105,-1.55,-1.32,-0.13831,-0.11739,-0.15101,-0.23407,67.497,54.725
"2024-09-13 01:30:00",5872,12.68224,506,1,-0.108,-1.55,-1.39,-0.13831,-0.12409,-0.15101,-0.23675,66.86,52.581
"2024-09-13 02:00:00",5873,12.68056,506,1,-0.111,-1.59,-1.43,-0.14147,-0.12727,-0.15369,-0.24021,67.545,53.677
"2024-09-13 02:30:00",5874,12.67972,506,1,-0.109,-1.55,-1.43,-0.13787,-0.12727,-0.14789,-0.24021,67.988,53.137
"2024-09-13 03:00:00",5875,12.67721,506,1,-0.11,-1.55,-1.47,-0.13831,-0.13085,-0.14521,-0.24291,66.869,53.26
"2024-09-13 03:30:00",5876,12.67972,506,1,-0.11,-1.55,-1.46,-0.13831,-0.13041,-0.15101,-0.23947,66.602,52.737
"2024-09-13 04:00:00",5877,12.67385,506,1,-0.111,-1.58,-1.47,-0.14103,-0.13085,-0.15369,-0.24633,66.729,53.434
"2024-09-13 04:30:00",5878,12.67133,506,1,-0.115,-1.61,-1.54,-0.14369,-0.13759,-0.15955,-0.24981,67.363,53.648
"2024-09-13 05:00:00",5879,12.6579,506,1,-0.116,-1.61,-1.58,-0.14369,-0.14069,-0.15369,-0.24981,66.497,53.039
"2024-09-13 05:30:00",5880,12.66881,506,1,-0.119,-1.64,-1.62,-0.14645,-0.14383,-0.15905,-0.25175,67.701,53.158
"2024-09-13 06:00:00",5881,12.67385,506,1,-0.121,-1.71,-1.62,-0.15237,-0.14383,-0.16221,-0.24907,65.304,53.68
"2024-09-13 06:30:00",5882,12.67133,506,1,-0.123,-1.7,-1.69,-0.15147,-0.15007,-0.15819,-0.25787,66.669,53.219
"2024-09-13 07:00:00",5883,12.66881,506,1,-0.125,-1.73,-1.71,-0.15369,-0.15263,-0.16033,-0.25707,66.38,54.861
"2024-09-13 07:30:00",5884,12.66461,506,1,-0.129,-1.79,-1.75,-0.15955,-0.15569,-0.16927,-0.26049,68.471,52.68
"2024-09-13 08:00:00",5885,12.66545,506,1,-0.122,-1.66,-1.71,-0.14789,-0.15263,-0.15769,-0.25443,67.592,54.975
"2024-09-13 08:30:00",5886,12.66293,506,1,-0.104,-1.49,-1.37,-0.13275,-0.12245,-0.14533,-0.23261,68.567,55.119
"2024-09-13 09:00:00",5887,12.67301,506,1,-0.028,-0.61,-0.1,-0.05459,-0.00989,-99,-0.14955,-99,56.338
"2024-09-13 09:30:00",5888,12.67301,506,1,0.116,1.08,2.24,0.09528,0.19864,-99,0.00292,-99,61.034
"2024-09-13 10:00:00",5889,12.67469,506,1,0.276,2.99,4.81,0.26436,0.42597,-99,0.1685,-99,61.145
"2024-09-13 10:30:00",5890,12.67804,506,1,0.405,4.65,6.71,0.41145,0.59364,0.36245,0.29734,69.556,63.624
"2024-09-13 11:00:00",5891,12.67301,506,1,0.494,5.67,8.17,0.50151,0.72279,0.44104,0.36348,66.728,59.96
"2024-09-13 11:30:00",5892,12.66881,506,1,0.518,6.01,8.48,0.53179,0.75043,0.46908,0.37636,67.007,58.733
"2024-09-13 12:00:00",5893,12.67721,506,1,0.543,6.33,8.84,0.56016,0.78231,0.49678,0.39854,67.56,58.294
"2024-09-13 12:30:00",5894,12.68224,506,1,0.584,6.78,9.54,0.59986,0.84417,0.53086,0.44006,66.665,58.232
"2024-09-13 13:00:00",5895,12.6814,506,1,0.628,7.03,10.61,0.62248,0.93899,0.5904,0.54224,67.047,57.788
"2024-09-13 13:30:00",5896,12.68224,506,1,0.739,8.74,11.86,0.77317,1.05011,0.64936,0.6004,57.721,54.705
"2024-09-13 14:00:00",5897,12.68056,506,1,0.765,9.04,12.29,0.80043,1.08744,0.68886,0.57982,60.792,55.12
"2024-09-13 14:30:00",5898,12.6814,506,1,0.808,9.38,13.22,0.82981,1.17031,0.71688,0.62939,58.437,53.753
"2024-09-13 15:00:00",5899,12.6814,506,1,0.806,9.33,13.22,0.82573,1.17031,0.71875,0.62344,59.814,53.462
"2024-09-13 15:30:00",5900,12.6814,506,1,0.786,9.14,12.85,0.80927,1.13721,0.70367,0.61164,60.279,53.925
"2024-09-13 16:00:00",5901,12.67385,506,1,0.747,8.77,12.09,0.77603,1.07003,0.67437,0.5707,60.744,54.808
"2024-09-13 16:30:00",5902,12.66965,506,1,0.706,8.41,11.27,0.74407,0.99753,0.64332,0.52678,62.375,56.855
"2024-09-13 17:00:00",5903,12.67217,506,1,0.617,7.42,9.76,0.65629,0.86385,0.57004,0.44234,64.874,58.105
"2024-09-13 17:30:00",5904,12.67888,506,1,0.509,6.17,7.97,0.54588,0.70558,0.47642,0.34131,67.223,59.617
"2024-09-13 18:00:00",5905,12.67888,506,1,0.353,4.37,5.4,0.3871,0.47812,0.33206,0.18604,69.678,59.989
"2024-09-13 18:30:00",5906,12.67553,506,1,0.197,2.45,3.01,0.21648,0.26622,-99,0.03548,-99,60.437
"2024-09-13 19:00:00",5907,12.67637,506,1,0.084,1.01,1.33,0.08904,0.11776,-99,-0.06301,-99,58.723
"2024-09-13 19:30:00",5908,12.67049,506,1,0.017,0.13,0.38,0.01188,0.03378,-0.01465,-0.12707,68.127,54.948
"2024-09-13 20:00:00",5909,12.67049,506,1,-0.026,-0.46,-0.26,-0.04159,-0.02361,-0.06135,-0.16681,66.868,54.26
"2024-09-13 20:30:00",5910,12.65538,506,1,-0.054,-0.8,-0.68,-0.07131,-0.06067,-0.08471,-0.19121,66.631,54.019
"2024-09-13 21:00:00",5911,12.66293,506,1,-0.072,-1.06,-0.91,-0.09505,-0.08115,-0.10813,-0.21019,67.113,54.085
"2024-09-13 21:30:00",5912,12.65454,506,1,-0.086,-1.23,-1.14,-0.10975,-0.10141,-0.12299,-0.21975,67.709,53.986
"2024-09-13 22:00:00",5913,12.66042,506,1,-0.093,-1.33,-1.21,-0.11819,-0.10821,-0.12811,-0.22591,67.486,54.196
"2024-09-13 22:30:00",5914,12.65958,506,1,-0.101,-1.43,-1.33,-0.12723,-0.11817,-0.14019,-0.23477,66.42,53.236
"2024-09-13 23:00:00",5915,12.65034,506,1,-0.104,-1.49,-1.36,-0.13275,-0.12133,-0.14291,-0.23477,67.084,52.955
"2024-09-13 23:30:00",5916,12.65706,506,1,-0.111,-1.56,-1.48,-0.13865,-0.13177,-0.14829,-0.24169,66.517,53.74
"2024-09-14 00:00:00",5917,12.64531,506,1,-0.108,-1.56,-1.4,-0.13909,-0.12453,-0.15191,-0.24095,66.594,53.409
"2024-09-14 00:30:00",5918,12.65538,506,1,-0.113,-1.62,-1.47,-0.14413,-0.13131,-0.15419,-0.24441,67.438,52.997
"2024-09-14 01:00:00",5919,12.65118,506,1,-0.112,-1.63,-1.44,-0.14503,-0.12813,-0.15463,-0.23823,67.391,52.69
"2024-09-14 01:30:00",5920,12.64279,506,1,-0.112,-1.57,-1.51,-0.13949,-0.13485,-0.15237,-0.25061,66.998,53.293
"2024-09-14 02:00:00",5921,12.64783,506,1,-0.115,-1.63,-1.52,-0.14547,-0.13535,-0.15823,-0.24861,65.822,53.468
"2024-09-14 02:30:00",5922,12.65034,506,1,-0.115,-1.66,-1.48,-0.14823,-0.13177,-0.15823,-0.24441,68.227,53.368
"2024-09-14 03:00:00",5923,12.64363,506,1,-0.114,-1.62,-1.51,-0.14413,-0.13485,-0.15685,-0.24441,66.514,53.894
"2024-09-14 03:30:00",5924,12.64615,506,1,-0.113,-1.62,-1.47,-0.14463,-0.13131,-0.15731,-0.24095,67.716,53.587
"2024-09-14 04:00:00",5925,12.64447,506,1,-0.114,-1.61,-1.5,-0.14369,-0.13397,-0.15369,-0.24711,66.932,54.157
"2024-09-14 04:30:00",5926,12.64699,506,1,-0.113,-1.61,-1.47,-0.14335,-0.13085,-0.15325,-0.24095,66.849,54.915
"2024-09-14 05:00:00",5927,12.64111,506,1,-0.114,-1.65,-1.46,-0.14689,-0.13041,-0.15369,-0.24021,66.617,54.007
"2024-09-14 05:30:00",5928,12.63691,506,1,-0.112,-1.59,-1.47,-0.14181,-0.13085,-0.15463,-0.24095,67.071,52.527
"2024-09-14 06:00:00",5929,12.64447,506,1,-0.115,-1.63,-1.51,-0.14503,-0.13485,-0.15777,-0.24515,67.268,53.823
"2024-09-14 06:30:00",5930,12.64195,506,1,-0.12,-1.7,-1.59,-0.15099,-0.14163,-0.16089,-0.25135,67.282,53.259
"2024-09-14 07:00:00",5931,12.63859,506,1,-0.121,-1.66,-1.67,-0.14823,-0.14891,-0.16089,-0.26103,65.602,54.242
"2024-09-14 07:30:00",5932,12.64279,506,1,-0.121,-1.65,-1.7,-0.14689,-0.15155,-0.15955,-0.26023,66.205,52.754
"2024-09-14 08:00:00",5933,12.64279,506,1,-0.123,-1.7,-1.69,-0.15147,-0.15055,-0.15859,-0.24981,67.521,54.48
"2024-09-14 08:30:00",5934,12.64279,506,1,-0.087,-1.27,-1.12,-0.11365,-0.10041,-0.12389,-0.21565,67.293,55.251
"2024-09-14 09:00:00",5935,12.64279,506,1,-0.049,-0.81,-0.52,-0.07287,-0.04691,-99,-0.17901,-99,56.56
"2024-09-14 09:30:00",5936,12.64531,506,1,0.059,0.4,1.36,0.03518,0.12012,-99,-0.05395,-99,58.927
"2024-09-14 10:00:00",5937,12.64111,506,1,0.148,1.54,2.65,0.13662,0.23436,-99,0.02672,-99,60.763
"2024-09-14 10:30:00",5938,12.64195,506,1,0.251,2.67,4.43,0.23658,0.39176,-99,0.1456,-99,62.439
"2024-09-14 11:00:00",5939,12.64447,506,1,0.362,4.08,6.08,0.36084,0.53827,0.32334,0.24324,69.738,61.297
"2024-09-14 11:30:00",5940,12.64447,506,1,0.464,5.33,7.67,0.47136,0.67844,0.4182,0.3355,69.165,61.143
"2024-09-14 12:00:00",5941,12.64027,506,1,0.559,6.39,9.29,0.56526,0.82263,0.50199,0.43652,67.008,58.726
"2024-09-14 12:30:00",5942,12.64615,506,1,0.64,7.28,10.66,0.64442,0.94384,0.57586,0.5072,64.782,56.76
"2024-09-14 13:00:00",5943,12.63943,506,1,0.627,6.88,10.79,0.60929,0.95511,-99,0.5987,-99,57.586
"2024-09-14 13:30:00",5944,12.65286,506,1,0.825,10.77,11.92,0.95342,1.05519,0.72591,0.5828,57.239,54.483
"2024-09-14 14:00:00",5945,12.64363,506,1,0.834,9.57,13.79,0.84727,1.22065,0.73561,0.65688,57.088,52.144
"2024-09-14 14:30:00",5946,12.64279,506,1,0.879,10.15,14.46,0.89813,1.27955,0.76304,0.65648,57.055,51.952
"2024-09-14 15:00:00",5947,12.64699,506,1,0.813,9.42,13.34,0.83354,1.18091,0.71889,0.62082,59.198,53.418
"2024-09-14 15:30:00",5948,12.6495,506,1,0.736,8.73,11.79,0.77243,1.04332,0.67414,0.55323,62.002,54.974
"2024-09-14 16:00:00",5949,12.65286,506,1,0.682,8.16,10.84,0.72199,0.95965,0.62429,0.50574,63.641,56.867
"2024-09-14 16:30:00",5950,12.65286,506,1,0.639,7.61,10.2,0.67349,0.90241,0.59174,0.46329,65.482,57.043
"2024-09-14 17:00:00",5951,12.6495,506,1,0.56,6.75,8.83,0.59786,0.78169,0.52142,0.39256,66.659,58.638
"2024-09-14 17:30:00",5952,12.64783,506,1,0.433,5.36,6.64,0.47424,0.58725,0.41492,0.25748,69.46,60.026
"2024-09-14 18:00:00",5953,12.6495,506,1,0.323,3.96,5,0.35017,0.44212,0.3079,0.16506,70.493,58.558
"2024-09-14 18:30:00",5954,12.64699,506,1,0.212,2.6,3.27,0.22982,0.28967,-99,0.05968,-99,60.962
"2024-09-14 19:00:00",5955,12.63859,506,1,0.104,1.25,1.65,0.11068,0.14578,-99,-0.04527,-99,57.62
"2024-09-14 19:30:00",5956,12.63188,506,1,0.024,0.24,0.46,0.02088,0.04083,0,-0.11597,69.25,54.708
"2024-09-14 20:00:00",5957,12.63943,506,1,-0.02,-0.36,-0.18,-0.03293,-0.01703,-0.05301,-0.16501,68.124,57.021
"2024-09-14 20:30:00",5958,12.63523,506,1,-0.05,-0.76,-0.6,-0.06839,-0.05425,-0.08217,-0.18683,67.173,53.308
"2024-09-14 21:00:00",5959,12.62096,506,1,-0.072,-1.03,-0.95,-0.09219,-0.08467,-0.10567,-0.21085,67.023,53.728
"2024-09-14 21:30:00",5960,12.62768,506,1,-0.08,-1.16,-1.02,-0.10381,-0.09147,-0.11709,-0.21421,67.246,55.21
"2024-09-14 22:00:00",5961,12.63272,506,1,-0.094,-1.36,-1.21,-0.12161,-0.10785,-0.13159,-0.22319,66.892,51.781
"2024-09-14 22:30:00",5962,12.63104,506,1,-0.098,-1.36,-1.33,-0.12129,-0.11817,-0.13429,-0.23007,66.173,54.395
"2024-09-14 23:00:00",5963,12.62264,506,1,-0.106,-1.53,-1.36,-0.13635,-0.12133,-0.14919,-0.23551,67.967,53.003
"2024-09-14 23:30:00",5964,12.61677,506,1,-0.104,-1.5,-1.33,-0.13355,-0.11817,-0.14335,-0.23277,67.809,52.85
"2024-09-15 00:00:00",5965,12.626,506,1,-0.103,-1.49,-1.33,-0.13313,-0.11817,-0.14605,-0.23277,67.987,52.199
"2024-09-15 00:30:00",5966,12.62516,506,1,-0.103,-1.46,-1.36,-0.12995,-0.12133,-0.14291,-0.23551,67.594,53.729
"2024-09-15 01:00:00",5967,12.62768,506,1,-0.104,-1.49,-1.36,-0.13313,-0.12099,-0.14291,-0.23551,68.425,54.3
"2024-09-15 01:30:00",5968,12.62516,506,1,-0.102,-1.46,-1.32,-0.12995,-0.11777,-0.13705,-0.23551,67.224,55.287
"2024-09-15 02:00:00",5969,12.62264,506,1,-0.102,-1.46,-1.33,-0.12995,-0.11817,-0.14019,-0.23007,68.268,53.985
"2024-09-15 02:30:00",5970,12.62432,506,1,-0.099,-1.46,-1.25,-0.13037,-0.11141,-0.14059,-0.22319,67.889,52.932
"2024-09-15 03:00:00",5971,12.62096,506,1,-0.098,-1.46,-1.21,-0.13037,-0.10821,-0.14059,-0.22387,65.912,54.393
"2024-09-15 03:30:00",5972,12.62012,506,1,-0.096,-1.4,-1.21,-0.12443,-0.10821,-0.14059,-0.22731,66.439,53.825
"2024-09-15 04:00:00",5973,12.626,506,1,-0.096,-1.4,-1.21,-0.12481,-0.10821,-0.13471,-0.22043,66.514,55.409
"2024-09-15 04:30:00",5974,12.61677,506,1,-0.099,-1.44,-1.25,-0.12795,-0.11179,-0.13787,-0.22111,66.897,54.692
"2024-09-15 05:00:00",5975,12.61928,506,1,-0.096,-1.4,-1.22,-0.12481,-0.10859,-0.13787,-0.22455,66.65,54.87
"2024-09-15 05:30:00",5976,12.61341,506,1,-0.099,-1.42,-1.28,-0.12687,-0.11461,-0.13705,-0.22663,69.041,53.253
"2024-09-15 06:00:00",5977,12.62012,506,1,-0.096,-1.39,-1.25,-0.12405,-0.11141,-0.13429,-0.23007,66.565,53.532
"2024-09-15 06:30:00",5978,12.61761,506,1,-0.103,-1.49,-1.33,-0.13313,-0.11817,-0.14335,-0.23345,67.285,53.003
"2024-09-15 07:00:00",5979,12.61928,506,1,-0.098,-1.4,-1.29,-0.12443,-0.11499,-0.13471,-0.23345,66.651,55.028
"2024-09-15 07:30:00",5980,12.61425,506,1,-0.081,-1.2,-1.02,-0.10689,-0.09147,-0.11745,-0.21219,68.395,53.12
"2024-09-15 08:00:00",5981,12.61677,506,1,-0.038,-0.69,-0.33,-0.06207,-0.03051,-0.07587,-0.16501,69.549,55.26
"2024-09-15 08:30:00",5982,12.61425,506,1,0.017,-0.06,0.61,-0.00587,0.05386,-99,-0.10635,-99,58.566
"2024-09-15 09:00:00",5983,12.61677,506,1,0.044,0.27,1.03,0.02364,0.0911,-99,-0.07595,-99,59.879
"2024-09-15 09:30:00",5984,12.61509,506,1,0.086,0.83,1.64,0.0732,0.14476,-99,-0.03619,-99,58.962
"2024-09-15 10:00:00",5985,12.61257,506,1,0.191,1.98,3.44,0.17524,0.30432,-99,0.07738,-99,60.182
"2024-09-15 10:30:00",5986,12.61425,506,1,0.303,3.3,5.24,0.29185,0.46416,-99,0.1992,-99,63.237
"2024-09-15 11:00:00",5987,12.6025,506,1,0.415,4.74,6.9,0.41992,0.61036,0.37032,0.28766,71.367,61.675
"2024-09-15 11:30:00",5988,12.61761,506,1,0.546,6.23,9.08,0.5511,0.80381,0.48776,0.41708,66.752,59.569
"2024-09-15 12:00:00",5989,12.61761,506,1,0.62,7.06,10.33,0.625,0.91397,0.55688,0.49104,65.025,57.684
"2024-09-15 12:30:00",5990,12.62012,506,1,0.618,7.2,10.09,0.63696,0.89333,0.56351,0.4727,65.54,57.676
"2024-09-15 13:00:00",5991,12.61257,506,1,0.663,8.05,10.39,0.71229,0.91939,-99,0.5495,-99,59.111
"2024-09-15 13:30:00",5992,12.6218,506,1,0.669,8.18,10.4,0.72406,0.92067,0.59718,0.53274,60.096,56.509
"2024-09-15 14:00:00",5993,12.62096,506,1,0.733,8.39,12.16,0.74279,1.07629,0.65742,0.573,60.288,54.356
"2024-09-15 14:30:00",5994,12.626,506,1,0.773,9.12,12.44,0.80749,1.10093,0.67763,0.56074,60.157,54.795
"2024-09-15 15:00:00",5995,12.62096,506,1,0.748,8.76,12.13,0.77506,1.07353,0.66712,0.54932,60.826,54.627
"2024-09-15 15:30:00",5996,12.61844,506,1,0.712,8.39,11.49,0.74299,1.01677,0.64226,0.52776,62.799,54.778
"2024-09-15 16:00:00",5997,12.62432,506,1,0.677,8.03,10.85,0.71107,0.96015,0.61531,0.49612,63.855,56.666
"2024-09-15 16:30:00",5998,12.61341,506,1,0.648,7.73,10.33,0.68421,0.91392,0.59402,0.46862,64.346,55.906
"2024-09-15 17:00:00",5999,12.62096,506,1,0.588,7.06,9.32,0.62488,0.82491,0.53837,0.40663,64.875,57.684
"2024-09-15 17:30:00",6000,12.61425,506,1,0.515,6.24,8.09,0.55257,0.71607,0.47936,0.34137,67.551,58.689
"2024-09-15 18:00:00",6001,12.61928,506,1,0.382,4.71,5.89,0.41672,0.52174,0.35842,0.20926,69.825,60.809
"2024-09-15 18:30:00",6002,12.61173,506,1,0.242,2.97,3.74,0.26316,0.33058,-99,0.08072,-99,58.001
"2024-09-15 19:00:00",6003,12.61173,506,1,0.135,1.64,2.1,0.14525,0.18547,0.11566,-0.02125,68.199,60.324
"2024-09-15 19:30:00",6004,12.60921,506,1,0.058,0.68,0.93,0.0604,0.0825,0.03258,-0.08593,68.83,57.456
"2024-09-15 20:00:00",6005,12.60753,506,1,0.011,0.03,0.31,0.00303,0.0275,-0.01491,-0.13229,68.182,56.127
"2024-09-15 20:30:00",6006,12.60501,506,1,-0.021,-0.4,-0.18,-0.03625,-0.01719,-0.05363,-0.16653,69.335,54.776
"2024-09-15 21:00:00",6007,12.59578,506,1,-0.032,-0.57,-0.3,-0.05097,-0.02743,-0.06515,-0.16323,66.767,54.976
"2024-09-15 21:30:00",6008,12.60082,506,1,-0.048,-0.77,-0.53,-0.06881,-0.04797,-0.08545,-0.17951,69.156,55.27
"2024-09-15 22:00:00",6009,12.59998,506,1,-0.056,-0.9,-0.61,-0.08077,-0.05445,-0.09139,-0.18457,66.798,54.591
"2024-09-15 22:30:00",6010,12.59074,506,1,-0.056,-0.87,-0.64,-0.07747,-0.05793,-0.09111,-0.18797,68.5,53.527
"2024-09-15 23:00:00",6011,12.59662,506,1,-0.059,-0.93,-0.68,-0.08343,-0.06125,-0.09697,-0.19357,67.545,53.409
"2024-09-15 23:30:00",6012,12.59914,506,1,-0.065,-1,-0.76,-0.08933,-0.06829,-0.10291,-0.19417,68.334,54.038
"2024-09-16 00:00:00",6013,12.5941,506,1,-0.069,-1.03,-0.87,-0.09219,-0.07813,-0.10567,-0.19695,67.089,54.879
"2024-09-16 00:30:00",6014,12.59578,506,1,-0.067,-1.03,-0.8,-0.09219,-0.07137,-0.10847,-0.19635,69.066,54.77
"2024-09-16 01:00:00",6015,12.5941,506,1,-0.07,-1.07,-0.84,-0.09529,-0.07491,-0.10879,-0.20317,67.326,54.13
"2024-09-16 01:30:00",6016,12.5941,506,1,-0.068,-1.07,-0.76,-0.09529,-0.06829,-0.10567,-0.19757,68.544,55.084
"2024-09-16 02:00:00",6017,12.58319,506,1,-0.07,-1.03,-0.88,-0.09249,-0.07843,-0.10599,-0.20659,68.215,55.173
"2024-09-16 02:30:00",6018,12.58235,506,1,-0.065,-1,-0.76,-0.08965,-0.06811,-0.10599,-0.19417,67.209,53.756
"2024-09-16 03:00:00",6019,12.59242,506,1,-0.067,-1.03,-0.8,-0.09249,-0.07159,-0.10599,-0.19757,67.581,53.291
"2024-09-16 03:30:00",6020,12.58739,506,1,-0.065,-1,-0.76,-0.08933,-0.06829,-0.10291,-0.19757,66.807,53.768
"2024-09-16 04:00:00",6021,12.58571,506,1,-0.072,-1.11,-0.84,-0.09907,-0.07515,-0.10945,-0.20383,67.703,54.923
"2024-09-16 04:30:00",6022,12.58906,506,1,-0.063,-0.93,-0.8,-0.08343,-0.07159,-0.09697,-0.19757,68.573,55.12
"2024-09-16 05:00:00",6023,12.5899,506,1,-0.065,-1,-0.76,-0.08933,-0.06811,-0.09981,-0.20039,67.472,55.006
"2024-09-16 05:30:00",6024,12.58571,506,1,-0.066,-1.04,-0.76,-0.09277,-0.06829,-0.10909,-0.20101,68.354,55.318
"2024-09-16 06:00:00",6025,12.58739,506,1,-0.071,-1.07,-0.88,-0.09587,-0.07871,-0.10633,-0.20383,67.978,54.681
"2024-09-16 06:30:00",6026,12.58235,506,1,-0.071,-1.07,-0.88,-0.09587,-0.07871,-0.10945,-0.20383,67.175,56.221
"2024-09-16 07:00:00",6027,12.58571,506,1,-0.058,-0.9,-0.68,-0.08031,-0.06151,-0.09697,-0.19137,69.121,52.908
"2024-09-16 07:30:00",6028,12.57983,506,1,-0.005,-0.29,0.19,-0.02687,0.01701,-0.04109,-0.13189,69.401,55.945
"2024-09-16 08:00:00",6029,12.57983,506,1,0.088,0.8,1.74,0.071,0.1536,-99,-0.03351,-99,58.761
"2024-09-16 08:30:00",6030,12.58151,506,1,0.21,2.26,3.68,0.2001,0.32609,-99,0.08934,-99,60.826
"2024-09-16 09:00:00",6031,12.57899,506,1,0.313,3.43,5.39,0.30374,0.47704,-99,0.19414,-99,60.727
"2024-09-16 09:30:00",6032,12.58319,506,1,0.383,4.34,6.42,0.38378,0.56814,-99,0.26238,-99,59.769
"2024-09-16 10:00:00",6033,12.58487,506,1,0.429,4.92,7.11,0.43552,0.62927,0.38915,0.30359,70.816,61.123
"2024-09-16 10:30:00",6034,12.58487,506,1,0.476,5.33,8.05,0.47183,0.71235,0.43267,0.37555,69.838,60.149
"2024-09-16 11:00:00",6035,12.58319,506,1,0.576,6.63,9.51,0.58646,0.84184,0.52128,0.44612,65.658,58.889
"2024-09-16 11:30:00",6036,12.58655,506,1,0.578,6.75,9.41,0.59742,0.83315,0.52907,0.43114,65.445,58.93
"2024-09-16 12:00:00",6037,12.58823,506,1,0.58,6.73,9.49,0.59524,0.84023,0.53496,0.43574,67.034,58.854
"2024-09-16 12:30:00",6038,12.58823,506,1,0.588,6.86,9.58,0.60726,0.8481,0.54539,0.4403,65.433,58.509
"2024-09-16 13:00:00",6039,12.59074,506,1,0.563,6.78,8.9,0.60034,0.78745,0.52081,0.39839,66.296,59.11
"2024-09-16 13:30:00",6040,12.59074,506,1,0.496,5.94,7.86,0.5257,0.69565,0.46398,0.3355,67.385,58.531
