"TOA5","CR300Series_310","CR300","5804","CR300.Std.11.00","CPU:CR300_sapflow.CR300","32345","Table1"
"TIMESTAMP","RECORD","BattV_Min","id","SDI0","SapFlwTot0","VhOuter0","VhInner0","AlphaOut0","AlphaIn0","BetaOut0","BetaIn0","tMaxTout0","tMaxTin0"
"TS","RN","Volts","","","literPerHour","heatVelocity","heatVelocity","logTRatio","logTRatio","logTRatio","logTRatio","second","second"
"","","Min","Smp","Smp","Smp","Smp","Smp","Smp","Smp","Smp","Smp","Smp","Smp"
"2024-07-11 10:30:00",998,12.11,310,0,-99,-99,-99,-99,-99,-99,-99,-99,-99
"2024-07-11 11:00:00",999,12.11,310,0,-99,-99,-99,-99,-99,-99,-99,-99,-99
"2024-07-11 11:30:00",1000,12.11,310,0,-99,-99,-99,-99,-99,-99,-99,-99,-99
"2024-07-11 12:00:00",1001,12.1,310,0,-99,-99,-99,-99,-99,-99,-99,-99,-99
"2024-07-11 12:30:00",1002,13.09,310,0,0.008,0.31,0.06,0.025,0.005,0.029,0.009,83.6,79.66
"2024-07-11 13:00:00",1003,13.09,310,0,0.007,0.28,0,0.023,0,0.022,-0.005,82.7,75.45
"2024-07-11 13:30:00",1004,13.08,310,0,0.006,0.31,-0.03,0.026,-0.005,0.024,-0.005,87.2,78.45
"2024-07-11 14:00:00",1005,13.08,310,0,0.001,0,0.06,0,0.005,0,0.005,89.7,76.95
"2024-07-11 14:30:00",1006,13.07,310,0,0.002,0,0.11,0,0.009,-0.004,0.004,109.6,83.8
"2024-07-11 15:00:00",1007,13.07,310,0,-0.002,-0.05,-0.03,-0.005,-0.004,-0.01,-0.009,91,84.5
"2024-07-11 15:30:00",1008,13.07,310,0,0.006,0.21,0.06,0.017,0.005,0.022,0.005,83.4,73.94
"2024-07-11 16:00:00",1009,13.06,310,0,-0.011,-0.44,0,-0.038,0,-0.041,0,86.3,76.06
"2024-07-11 16:30:00",1010,13.06,310,0,0.007,0.29,0,0.024,0,0.022,-0.005,95.7,80.2
"2024-07-11 17:00:00",1011,13.05,310,0,0.005,0.24,0,0.02,0,0.023,-0.005,94.3,78.83
"2024-07-11 17:30:00",1012,13.05,310,0,0.005,0.17,0.06,0.014,0.005,0.018,0.005,93.8,81.1
"2024-07-11 18:00:00",1013,13.05,310,0,0.004,0.18,0,0.015,0,0.009,0,89.9,79.46
"2024-07-11 18:30:00",1014,13.05,310,0,0,0,0,0,0,-0.005,-0.005,84.1,76.38
"2024-07-11 19:00:00",1015,13.04,310,0,0,0,0,0,0,0,0,93.7,81
"2024-07-11 19:30:00",1016,13.04,310,0,-0.006,-0.21,-0.03,-0.02,-0.005,-0.024,0,89.9,78.94
"2024-07-11 20:00:00",1017,13.03,310,0,0.007,0.24,0.06,0.019,0.005,0.018,0,95.2,76.5
"2024-07-11 20:30:00",1018,13.03,310,0,0.002,0.11,0,0.01,0,0.005,0,90.8,79.57
"2024-07-11 21:00:00",1019,13.03,310,0,0.005,0.18,0.06,0.015,0.005,0.01,0,92.7,75.49
"2024-07-11 21:30:00",1020,13.03,310,0,0.002,0.06,0.06,0.005,0.005,-0.005,0,91.7,80.3
"2024-07-11 22:00:00",1021,13.02,310,0,0.002,0.11,0,0.01,0,0.004,-0.005,94.3,78.82
"2024-07-11 22:30:00",1022,13.02,310,0,0.001,0.06,0,0.005,0,0,0,97.5,79.77
"2024-07-11 23:00:00",1023,13.02,310,0,0.001,0.06,0,0.005,0,0,-0.005,91.9,80.5
"2024-07-11 23:30:00",1024,13.02,310,0,0.002,0.11,0,0.01,0,0.009,-0.005,95.3,79.28
"2024-07-12 00:00:00",1025,13.02,310,0,0,0,0,0,0,-0.004,-0.005,92.2,80.5
"2024-07-12 00:30:00",1026,13.02,310,0,-0.001,-0.03,-0.03,-0.005,-0.005,-0.005,-0.005,91.6,80.8
"2024-07-12 01:00:00",1027,13.02,310,0,-0.004,-0.16,0,-0.015,0,-0.014,-0.005,91.4,78.95
"2024-07-12 01:30:00",1028,13.02,310,0,-0.009,-0.34,-0.03,-0.03,-0.005,-0.038,-0.005,92.4,80.1
"2024-07-12 02:00:00",1029,13.02,310,0,-0.003,-0.09,-0.03,-0.01,-0.005,-0.009,-0.005,91.9,80.9
"2024-07-12 02:30:00",1030,13.01,310,0,0.003,0.13,0,0.01,0,0,0,92.6,79.4
"2024-07-12 03:00:00",1031,13.01,310,0,0.002,0.11,0,0.01,0,0,0,92.9,78.89
"2024-07-12 03:30:00",1032,13.01,310,0,0,0,-0.03,0,-0.005,-0.005,-0.005,89.7,78.51
"2024-07-12 04:00:00",1033,13.01,310,0,-0.004,-0.09,-0.09,-0.009,-0.009,-0.009,-0.009,97.2,80.4
"2024-07-12 04:30:00",1034,13.01,310,0,-0.001,-0.03,-0.03,-0.005,-0.005,-0.014,-0.005,91.5,78.27
"2024-07-12 05:00:00",1035,13,310,0,0.004,0.18,0,0.015,0,0,0,89.2,78
"2024-07-12 05:30:00",1036,13,310,0,0,0,-0.03,0,-0.005,-0.009,-0.005,94.9,80.9
"2024-07-12 06:00:00",1037,13,310,0,0,0.06,-0.03,0.005,-0.005,0,0,94.4,76.94
"2024-07-12 06:30:00",1038,13,310,0,0,0,-0.03,0,-0.005,-0.009,-0.004,95.8,79.27
"2024-07-12 07:00:00",1039,13,310,0,0,0,-0.03,0,-0.005,-0.004,-0.004,95.4,82.9
"2024-07-12 07:30:00",1040,13,310,0,-0.002,-0.03,-0.09,-0.005,-0.009,-0.009,-0.009,95.7,84.7
"2024-07-12 08:00:00",1041,13,310,0,0.001,0.13,-0.09,0.01,-0.009,0,-0.009,93.3,83.1
"2024-07-12 08:30:00",1042,13,310,0,0,0,-0.03,0,-0.005,-0.018,-0.009,94.4,82.2
"2024-07-12 09:00:00",1043,13,310,0,-0.001,0,-0.07,0,-0.009,-0.012,-0.008,99.9,84.9
"2024-07-12 09:30:00",1044,13,310,0,-0.002,-0.03,-0.09,-0.005,-0.009,-0.013,-0.013,102.5,84
"2024-07-12 10:00:00",1045,13,310,0,-0.006,-0.16,-0.09,-0.015,-0.009,-0.014,-0.013,89.6,84.7
"2024-07-12 10:30:00",1046,13,310,0,0.002,0.15,-0.09,0.013,-0.009,0,-0.004,105.6,82.1
"2024-07-12 11:00:00",1047,13,310,0,-0.001,0,-0.09,0,-0.009,0.004,-0.013,104.2,83.7
"2024-07-12 11:30:00",1048,13,310,0,0.002,0.1,0,0.008,0,-0.008,0,108.6,87.6
"2024-07-12 12:00:00",1049,13,310,0,-0.003,-0.09,-0.03,-0.009,-0.004,-0.008,-0.004,108,88
"2024-07-12 12:30:00",1050,13,310,0,-0.002,-0.03,-0.09,-0.005,-0.009,-0.005,-0.009,91.1,82.4
"2024-07-12 13:00:00",1051,13,310,0,0,0,0,0,0,-0.018,-0.004,90.7,82.4
"2024-07-12 13:30:00",1052,13,310,0,0.002,0.13,-0.03,0.01,-0.005,0.009,-0.009,91.4,78.62
"2024-07-12 14:00:00",1053,12.99,310,0,0.005,0.31,-0.09,0.026,-0.009,0.025,-0.005,84.5,79.75
"2024-07-12 14:30:00",1054,12.99,310,0,0.004,0.07,0.13,0.006,0.01,-0.005,0.01,78.52,73.82
"2024-07-12 15:00:00",1055,12.99,310,0,-0.005,-0.19,-0.03,-0.017,-0.005,-0.022,-0.005,83.6,72.17
"2024-07-12 15:30:00",1056,12.98,310,0,0.002,0.11,-0.03,0.01,-0.005,0.004,-0.005,94.3,78.02
"2024-07-12 16:00:00",1057,12.97,310,0,0.001,0.06,0,0.005,0,0.005,-0.005,90.5,79.02
"2024-07-12 16:30:00",1058,12.97,310,0,0.001,0.06,0,0.005,0,0,0,98.4,78.9
"2024-07-12 17:00:00",1059,12.97,310,0,0,0.06,-0.09,0.005,-0.009,-0.004,-0.009,93.1,78.15
"2024-07-12 17:30:00",1060,12.96,310,0,0.003,0.17,-0.03,0.014,-0.005,0,-0.004,91.5,82
"2024-07-12 18:00:00",1061,12.96,310,0,0.001,0.06,0,0.005,0,0.004,-0.004,98.7,80.5
"2024-07-12 18:30:00",1062,12.96,310,0,-0.018,-0.49,-0.3,-0.042,-0.026,-0.041,-0.026,83.6,71.67
"2024-07-12 19:00:00",1063,12.96,310,0,0,0,-0.03,0,-0.005,0,-0.005,91.8,77.06
"2024-07-12 19:30:00",1064,12.96,310,0,0,0,-0.03,0,-0.005,0,-0.009,94.5,79.51
"2024-07-12 20:00:00",1065,12.95,310,0,0,0,-0.03,0,-0.005,-0.005,-0.005,95.5,77.76
"2024-07-12 20:30:00",1066,12.95,310,0,0.001,0.13,-0.09,0.01,-0.01,0.005,-0.009,94.2,78
"2024-07-12 21:00:00",1067,12.95,310,0,0,0.06,-0.09,0.005,-0.009,0.004,-0.009,93.7,81.5
"2024-07-12 21:30:00",1068,12.95,310,0,0,0,-0.03,0,-0.005,-0.005,-0.005,91.2,80.3
"2024-07-12 22:00:00",1069,12.95,310,0,0,0.06,-0.03,0.005,-0.005,0,-0.005,87.3,78.88
"2024-07-12 22:30:00",1070,12.94,310,0,-0.002,-0.03,-0.09,-0.005,-0.009,-0.009,-0.009,95.4,77.95
"2024-07-12 23:00:00",1071,12.94,310,0,0,0,-0.03,0,-0.005,0,-0.005,92.6,77.13
"2024-07-12 23:30:00",1072,12.94,310,0,0,0.06,-0.03,0.005,-0.005,0,-0.005,93.9,78.7
"2024-07-13 00:00:00",1073,12.94,310,0,-0.001,-0.03,-0.03,-0.005,-0.005,-0.01,-0.009,92.2,78.26
"2024-07-13 00:30:00",1074,12.94,310,0,0.003,0.18,-0.03,0.015,-0.005,0.009,0,94.4,78.69
"2024-07-13 01:00:00",1075,12.94,310,0,0.003,0.13,0,0.01,0,0.009,-0.005,93.7,78
"2024-07-13 01:30:00",1076,12.93,310,0,0,0,-0.03,0,-0.005,-0.004,-0.005,96.3,78.82
"2024-07-13 02:00:00",1077,12.93,310,0,0,0.06,-0.09,0.005,-0.009,-0.005,-0.009,88,79.76
"2024-07-13 02:30:00",1078,12.93,310,0,-0.002,-0.03,-0.09,-0.005,-0.009,-0.009,-0.014,94.4,79.14
"2024-07-13 03:00:00",1079,12.93,310,0,-0.002,-0.03,-0.09,-0.005,-0.009,-0.004,-0.009,93.3,82.1
"2024-07-13 03:30:00",1080,12.93,310,0,0,0,-0.03,0,-0.005,0,-0.009,95.7,80.8
"2024-07-13 04:00:00",1081,12.93,310,0,-0.001,0,-0.09,0,-0.009,0,-0.009,91.1,78.63
"2024-07-13 04:30:00",1082,12.93,310,0,-0.002,0,-0.14,0,-0.014,-0.009,-0.014,91,79
"2024-07-13 05:00:00",1083,12.93,310,0,-0.001,0,-0.09,0,-0.009,-0.009,-0.009,92.8,77.3
"2024-07-13 05:30:00",1084,12.92,310,0,0,0,-0.03,0,-0.005,-0.004,-0.009,90.4,79.95
"2024-07-13 06:00:00",1085,12.92,310,0,0,0,-0.03,0,-0.005,0,-0.005,91.9,78.44
"2024-07-13 06:30:00",1086,12.92,310,0,0,0.06,-0.09,0.005,-0.009,-0.004,-0.009,94.9,79.88
"2024-07-13 07:00:00",1087,12.92,310,0,-0.001,-0.03,-0.03,-0.005,-0.005,-0.013,-0.004,92.9,79.7
"2024-07-13 07:30:00",1088,12.92,310,0,-0.001,0.06,-0.14,0.005,-0.014,0,-0.009,95.9,79.64
"2024-07-13 08:00:00",1089,12.92,310,0,-0.004,-0.09,-0.09,-0.009,-0.009,-0.012,-0.009,100.7,81.4
"2024-07-13 08:30:00",1090,12.92,310,0,-0.002,-0.03,-0.09,-0.005,-0.009,-0.009,-0.009,98.3,83.6
"2024-07-13 09:00:00",1091,12.92,310,0,0,0,-0.03,0,-0.004,-0.008,-0.008,108.4,88.1
"2024-07-13 09:30:00",1092,12.92,310,0,-0.001,0,-0.07,0,-0.008,-0.012,-0.008,105.9,89.7
"2024-07-13 10:00:00",1093,12.93,310,0,0,0.11,-0.09,0.01,-0.009,0.004,-0.009,97.3,84.6
"2024-07-13 10:30:00",1094,12.93,310,0,0,0.06,-0.09,0.005,-0.009,0,-0.013,97.2,84.5
"2024-07-13 11:00:00",1095,12.93,310,0,-0.003,-0.07,-0.09,-0.008,-0.009,-0.011,-0.004,109.8,89.5
"2024-07-13 11:30:00",1096,12.93,310,0,-0.003,-0.12,-0.03,-0.012,-0.004,-0.014,-0.004,109.2,89.7
"2024-07-13 12:00:00",1097,12.93,310,0,0,0.06,-0.09,0.004,-0.009,-0.004,-0.004,109.2,86.4
"2024-07-13 12:30:00",1098,12.93,310,0,-0.01,-0.3,-0.13,-0.027,-0.012,-0.036,-0.012,95.1,90.9
"2024-07-13 13:00:00",1099,12.93,310,0,0.008,0.35,-0.03,0.029,-0.004,0.018,-0.004,109.3,84.5
"2024-07-13 13:30:00",1100,12.94,310,0,-0.006,-0.14,-0.13,-0.013,-0.012,-0.013,-0.012,101.2,91.2
"2024-07-13 14:00:00",1101,12.94,310,0,0.008,0.39,-0.09,0.032,-0.01,0.031,-0.005,85,77.58
"2024-07-13 14:30:00",1102,12.93,310,0,0,0,-0.03,0,-0.005,-0.014,0,84.4,77.19
"2024-07-13 15:00:00",1103,12.93,310,0,0.001,0.14,-0.07,0.012,-0.009,0.011,-0.012,109.8,87.3
"2024-07-13 15:30:00",1104,12.93,310,0,-0.018,-0.86,0.17,-0.073,0.014,-0.116,0.02,109.9,109.8
"2024-07-13 16:00:00",1105,12.93,310,0,0.02,0.74,0.08,0.062,0.007,0.077,0.015,110,109.8
"2024-07-13 16:30:00",1106,12.93,310,0,-0.417,-16.31,-0.38,-1.35,-0.033,-0.811,-0.033,52.69,73.84
"2024-07-13 17:00:00",1107,12.93,310,0,-0.006,0,-0.33,0,-0.029,0,-0.028,69.48,68.54
"2024-07-13 17:30:00",1108,12.93,310,0,0.001,0.15,-0.1,0.012,-0.011,0.012,-0.016,76.75,72.05
"2024-07-13 18:00:00",1109,12.92,310,0,0.006,0.38,-0.14,0.031,-0.014,0.034,-0.014,109.8,77.77
"2024-07-13 18:30:00",1110,12.92,310,0,0.007,0.34,-0.03,0.028,-0.004,-0.017,-0.004,88.6,90.6
"2024-07-13 19:00:00",1111,12.92,310,0,0,0.2,-0.21,0.017,-0.02,0.021,-0.02,81.5,73.56
"2024-07-13 19:30:00",1112,12.92,310,0,-0.004,-0.05,-0.16,-0.005,-0.015,-0.005,-0.015,87,73.49
"2024-07-13 20:00:00",1113,12.91,310,0,-0.003,-0.1,-0.03,-0.011,-0.005,-0.01,-0.01,87.1,74.92
"2024-07-13 20:30:00",1114,12.91,310,0,0,0.07,-0.1,0.005,-0.01,0.005,-0.01,86,75.54
"2024-07-13 21:00:00",1115,12.9,310,0,0,0.07,-0.1,0.005,-0.01,0,-0.01,85.7,73.52
"2024-07-13 21:30:00",1116,12.9,310,0,0,0.06,-0.1,0.005,-0.01,0.005,-0.01,87.7,73.71
"2024-07-13 22:00:00",1117,12.9,310,0,-0.014,-0.42,-0.16,-0.037,-0.015,-0.035,-0.015,87.2,73.95
"2024-07-13 22:30:00",1118,12.89,310,0,-0.003,-0.03,-0.1,-0.005,-0.01,-0.014,-0.01,90.7,75.01
"2024-07-13 23:00:00",1119,12.89,310,0,-0.003,0,-0.16,0,-0.015,0,-0.015,88.3,77.57
"2024-07-13 23:30:00",1120,12.89,310,0,0.002,0.13,-0.03,0.01,-0.005,0.01,-0.005,90.7,75.01
"2024-07-14 00:00:00",1121,12.88,310,0,0,0.06,-0.09,0.005,-0.01,0.005,-0.01,89.3,76.57
"2024-07-14 00:30:00",1122,12.88,310,0,-0.003,-0.1,-0.03,-0.01,-0.005,-0.014,-0.01,89.7,75.51
"2024-07-14 01:00:00",1123,12.88,310,0,-0.001,0,-0.09,0,-0.01,-0.005,-0.01,90,76.51
"2024-07-14 01:30:00",1124,12.87,310,0,-0.002,-0.03,-0.09,-0.005,-0.01,-0.01,-0.01,89.2,77.2
"2024-07-14 02:00:00",1125,12.87,310,0,0,0,-0.03,0,-0.005,-0.005,-0.005,90,76.32
"2024-07-14 02:30:00",1126,12.87,310,0,0,0.06,-0.09,0.005,-0.01,0,-0.005,93.5,79.07
"2024-07-14 03:00:00",1127,12.87,310,0,-0.006,-0.16,-0.09,-0.015,-0.01,-0.014,-0.01,89.3,75.81
"2024-07-14 03:30:00",1128,12.87,310,0,-0.01,-0.34,-0.09,-0.03,-0.01,-0.038,-0.014,89,75.24
"2024-07-14 04:00:00",1129,12.86,310,0,-0.004,-0.1,-0.09,-0.01,-0.01,-0.01,-0.01,93.4,76.43
"2024-07-14 04:30:00",1130,12.86,310,0,-0.001,0,-0.09,0,-0.01,-0.005,-0.009,92.8,78.82
"2024-07-14 05:00:00",1131,12.86,310,0,-0.001,0,-0.09,0,-0.01,-0.005,-0.009,89.2,78.25
"2024-07-14 05:30:00",1132,12.86,310,0,-0.006,-0.16,-0.09,-0.015,-0.01,-0.014,-0.009,92,80.5
"2024-07-14 06:00:00",1133,12.86,310,0,-0.001,0,-0.09,0,-0.01,-0.005,-0.005,94.1,81.4
"2024-07-14 06:30:00",1134,12.86,310,0,-0.001,-0.03,-0.03,-0.005,-0.005,-0.004,-0.009,97.4,79.88
"2024-07-14 07:00:00",1135,12.85,310,0,-0.001,0,-0.09,0,-0.009,-0.004,-0.009,96.2,80.5
"2024-07-14 07:30:00",1136,12.86,310,0,-0.002,-0.03,-0.09,-0.004,-0.009,-0.012,-0.009,102.7,82
"2024-07-14 08:00:00",1137,12.86,310,0,-0.003,-0.07,-0.07,-0.009,-0.009,-0.012,-0.008,108.6,89.3
"2024-07-14 08:30:00",1138,12.86,310,0,-0.007,-0.24,-0.07,-0.022,-0.009,-0.024,-0.012,108.6,89.1
"2024-07-14 09:00:00",1139,12.86,310,0,-0.002,0,-0.13,0,-0.013,-0.004,-0.008,108.1,89.6
"2024-07-14 09:30:00",1140,12.87,310,0,-0.007,-0.19,-0.13,-0.018,-0.013,-0.025,-0.012,108.2,87.5
"2024-07-14 10:00:00",1141,12.87,310,0,-0.01,-0.31,-0.13,-0.028,-0.013,-0.031,-0.017,85.5,86.3
"2024-07-14 10:30:00",1142,12.87,310,0,-0.002,-0.07,-0.03,-0.009,-0.004,-0.019,-0.012,109.8,91.8
"2024-07-14 11:00:00",1143,12.88,310,0,-0.002,-0.03,-0.07,-0.004,-0.008,-0.011,-0.008,109.8,92.8
"2024-07-14 11:30:00",1144,12.88,310,0,0.001,0.11,-0.07,0.009,-0.009,0.009,-0.012,100.2,87.3
"2024-07-14 12:00:00",1145,12.88,310,0,0,0.11,-0.13,0.009,-0.013,0.004,-0.017,92.8,88.4
"2024-07-14 12:30:00",1146,12.88,310,0,-0.003,-0.07,-0.07,-0.009,-0.009,-0.012,-0.008,98.4,87.5
"2024-07-14 13:00:00",1147,12.88,310,0,-0.003,-0.09,-0.03,-0.009,-0.004,-0.008,-0.004,103.3,86
"2024-07-14 13:30:00",1148,12.88,310,0,0,0.11,-0.09,0.009,-0.009,0,-0.009,91.5,85.1
"2024-07-14 14:00:00",1149,12.88,310,0,-0.003,-0.09,-0.03,-0.009,-0.005,-0.017,-0.004,95.3,84.6
"2024-07-14 14:30:00",1150,12.88,310,0,0.006,0.28,-0.03,0.023,-0.004,0.013,-0.009,95.7,86.5
"2024-07-14 15:00:00",1151,12.88,310,0,0.013,0.57,-0.03,0.047,-0.004,0.053,-0.009,95.8,85.1
"2024-07-14 15:30:00",1152,12.88,310,0,0.002,-0.05,0.22,-0.006,0.019,-0.029,0.02,109.9,110
"2024-07-14 16:00:00",1153,12.87,310,0,0.016,0.52,0.21,0.043,0.018,0.055,0.025,109.7,109.3
"2024-07-14 16:30:00",1154,12.87,310,0,0.007,0.27,0.04,0.022,0.004,0.024,0.011,109.7,109.2
"2024-07-14 17:00:00",1155,12.87,310,0,-0.016,-0.34,-0.38,-0.03,-0.034,-0.037,-0.034,71.59,67.88
"2024-07-14 17:30:00",1156,12.87,310,0,-0.011,-0.2,-0.3,-0.018,-0.027,-0.023,-0.026,78.86,70.14
"2024-07-14 18:00:00",1157,12.86,310,0,0.04,1.46,0.18,0.12,0.015,0.137,0.015,110,78.41
"2024-07-14 18:30:00",1158,12.86,310,0,-0.001,0.07,-0.16,0.006,-0.015,0,-0.015,75.64,75.45
"2024-07-14 19:00:00",1159,12.86,310,0,-0.003,0,-0.17,0,-0.016,0,-0.016,77.82,68.35
"2024-07-14 19:30:00",1160,12.85,310,0,0,0.07,-0.05,0.006,-0.006,0.006,-0.005,78.43,70.72
"2024-07-14 20:00:00",1161,12.85,310,0,0.002,0.14,-0.05,0.011,-0.005,0.005,-0.005,80,70.28
"2024-07-14 20:30:00",1162,12.84,310,0,0,0.07,-0.05,0.005,-0.005,0.005,-0.005,83.1,71.59
"2024-07-14 21:00:00",1163,12.84,310,0,-0.02,-0.69,-0.16,-0.059,-0.015,-0.062,-0.02,81.6,73.84
"2024-07-14 21:30:00",1164,12.83,310,0,-0.004,-0.05,-0.16,-0.005,-0.015,-0.005,-0.015,88,75.47
"2024-07-14 22:00:00",1165,12.83,310,0,0.004,0.2,-0.03,0.016,-0.005,0.015,-0.01,85.5,75.54
"2024-07-14 22:30:00",1166,12.83,310,0,-0.002,0,-0.1,0,-0.01,-0.005,-0.01,84.5,74.54
"2024-07-14 23:00:00",1167,12.82,310,0,0.002,0.18,-0.1,0.015,-0.01,0.01,-0.01,89.3,75.59
"2024-07-14 23:30:00",1168,12.82,310,0,-0.008,-0.23,-0.1,-0.021,-0.01,-0.025,-0.01,86,75.03
"2024-07-15 00:00:00",1169,12.82,310,0,-0.017,-0.49,-0.23,-0.042,-0.02,-0.051,-0.02,85,75.52
"2024-07-15 00:30:00",1170,12.82,310,0,-0.018,-0.56,-0.21,-0.049,-0.02,-0.057,-0.02,83.5,76.59
"2024-07-15 01:00:00",1171,12.81,310,0,-0.004,-0.03,-0.16,-0.005,-0.015,-0.01,-0.015,86.9,73.14
"2024-07-15 01:30:00",1172,12.81,310,0,-0.007,-0.16,-0.16,-0.016,-0.015,-0.01,-0.019,86.9,76.39
"2024-07-15 02:00:00",1173,12.81,310,0,-0.001,0,-0.09,0,-0.01,0,-0.01,86.4,77.89
"2024-07-15 02:30:00",1174,12.81,310,0,-0.006,-0.23,-0.03,-0.02,-0.005,-0.024,-0.005,90,79.53
"2024-07-15 03:00:00",1175,12.8,310,0,-0.001,0.06,-0.16,0.005,-0.015,0.005,-0.014,95.6,76.59
"2024-07-15 03:30:00",1176,12.8,310,0,-0.005,-0.03,-0.21,-0.005,-0.019,-0.005,-0.014,93.2,77.72
"2024-07-15 04:00:00",1177,12.8,310,0,-0.001,0,-0.09,0,-0.01,0,-0.009,93.5,78.53
"2024-07-15 04:30:00",1178,12.8,310,0,0,0.06,-0.03,0.005,-0.005,0,-0.005,92.1,77.59
"2024-07-15 05:00:00",1179,12.8,310,0,-0.002,-0.03,-0.09,-0.005,-0.01,-0.005,-0.01,90.7,77.71
"2024-07-15 05:30:00",1180,12.8,310,0,-0.002,-0.03,-0.09,-0.005,-0.01,-0.005,-0.01,91.9,78.15
"2024-07-15 06:00:00",1181,12.79,310,0,-0.008,-0.21,-0.14,-0.02,-0.014,-0.023,-0.009,94.4,80.9
"2024-07-15 06:30:00",1182,12.79,310,0,-0.003,-0.03,-0.14,-0.005,-0.014,-0.005,-0.014,92.4,78.47
"2024-07-15 07:00:00",1183,12.79,310,0,-0.005,-0.09,-0.14,-0.01,-0.014,-0.013,-0.014,96.8,79.61
"2024-07-15 07:30:00",1184,12.79,310,0,-0.006,-0.14,-0.14,-0.014,-0.014,-0.025,-0.013,99.8,82.3
"2024-07-15 08:00:00",1185,12.79,310,0,-0.009,-0.26,-0.14,-0.023,-0.013,-0.03,-0.018,100.1,81.6
"2024-07-15 08:30:00",1186,12.8,310,0,-0.009,-0.26,-0.14,-0.023,-0.013,-0.022,-0.018,105,87.2
"2024-07-15 09:00:00",1187,12.8,310,0,-0.005,-0.14,-0.09,-0.014,-0.009,-0.021,-0.013,94.4,82.9
"2024-07-15 09:30:00",1188,12.8,310,0,-0.006,-0.19,-0.09,-0.018,-0.009,-0.028,-0.013,107.6,84.6
"2024-07-15 10:00:00",1189,12.8,310,0,-0.006,-0.2,-0.03,-0.018,-0.004,-0.03,-0.004,97.3,84.1
"2024-07-15 10:30:00",1190,12.8,310,0,-0.012,-0.37,-0.13,-0.033,-0.013,-0.039,-0.013,91.7,83
"2024-07-15 11:00:00",1191,12.81,310,0,-0.006,-0.19,-0.09,-0.018,-0.009,-0.029,-0.009,92.3,87.6
"2024-07-15 11:30:00",1192,12.81,310,0,-0.003,-0.07,-0.09,-0.009,-0.009,-0.016,-0.009,100.6,85.9
"2024-07-15 12:00:00",1193,12.81,310,0,-0.002,-0.03,-0.07,-0.005,-0.009,-0.012,-0.008,109,89.3
"2024-07-15 12:30:00",1194,12.81,310,0,-0.001,-0.03,-0.03,-0.004,-0.004,-0.02,-0.004,98.9,84.1
"2024-07-15 13:00:00",1195,12.81,310,0,-0.005,-0.14,-0.09,-0.014,-0.009,-0.022,-0.009,90.8,83.3
"2024-07-15 13:30:00",1196,12.81,310,0,-0.009,-0.27,-0.14,-0.024,-0.013,-0.018,-0.013,101.1,83.6
"2024-07-15 14:00:00",1197,12.81,310,0,-0.002,-0.03,-0.09,-0.004,-0.009,-0.008,-0.009,95.6,85.8
"2024-07-15 14:30:00",1198,12.82,310,0,-0.006,-0.2,-0.03,-0.018,-0.004,-0.021,-0.009,105.6,86.3
"2024-07-15 15:00:00",1199,12.82,310,0,-0.001,0,-0.09,0,-0.009,-0.014,-0.013,85.8,81.8
"2024-07-15 15:30:00",1200,12.81,310,0,0.008,0.13,0.27,0.011,0.022,0.009,0.026,109.8,109.1
"2024-07-15 16:00:00",1201,12.81,310,0,0.001,0,0.08,0,0.007,-0.02,0.013,109.9,109.5
"2024-07-15 16:30:00",1202,12.81,310,0,0.003,0.17,-0.02,0.014,-0.004,0.01,-0.003,109.3,109.1
"2024-07-15 17:00:00",1203,12.81,310,0,-0.024,-0.65,-0.44,-0.056,-0.038,-0.067,-0.043,71.36,68.16
"2024-07-15 17:30:00",1204,12.81,310,0,-0.009,-0.28,-0.1,-0.025,-0.01,-0.032,-0.015,109.6,73.24
"2024-07-15 18:00:00",1205,12.8,310,0,0.023,0.97,-0.03,0.08,-0.005,0.127,-0.005,109.8,75.25
"2024-07-15 18:30:00",1206,12.8,310,0,-0.001,0.08,-0.16,0.007,-0.015,0.007,-0.015,68.4,70.47
"2024-07-15 19:00:00",1207,12.8,310,0,0.003,0.22,-0.1,0.019,-0.011,0.018,-0.016,75.91,69.7
"2024-07-15 19:30:00",1208,12.79,310,0,0,0.07,-0.1,0.006,-0.011,0,-0.005,79.22,73.01
"2024-07-15 20:00:00",1209,12.79,310,0,0.001,0.14,-0.1,0.011,-0.011,0.011,-0.005,82,71.3
"2024-07-15 20:30:00",1210,12.78,310,0,-0.007,-0.19,-0.1,-0.017,-0.011,-0.016,-0.011,81.3,71.11
"2024-07-15 21:00:00",1211,12.78,310,0,0,0,0,0,0,-0.005,-0.005,84,73.55
"2024-07-15 21:30:00",1212,12.77,310,0,0,0.07,-0.1,0.005,-0.011,0,-0.01,83.5,74.3
"2024-07-15 22:00:00",1213,12.77,310,0,0.002,0.13,-0.05,0.011,-0.005,0.015,-0.005,87.3,72.79
"2024-07-15 22:30:00",1214,12.76,310,0,0.001,0.13,-0.1,0.01,-0.01,0.005,-0.005,83.5,73.79
"2024-07-15 23:00:00",1215,12.76,310,0,0.002,0.13,-0.03,0.01,-0.005,0.01,-0.01,87.4,76.67
"2024-07-15 23:30:00",1216,12.76,310,0,-0.006,-0.16,-0.1,-0.015,-0.01,-0.01,-0.015,91.2,74.47
"2024-07-16 00:00:00",1217,12.75,310,0,-0.011,-0.41,-0.03,-0.036,-0.005,-0.034,-0.01,89.4,75.92
"2024-07-16 00:30:00",1218,12.75,310,0,-0.017,-0.61,-0.09,-0.052,-0.01,-0.059,-0.01,91,77.8
"2024-07-16 01:00:00",1219,12.75,310,0,-0.006,-0.16,-0.09,-0.015,-0.01,-0.005,-0.014,95.2,79.75
"2024-07-16 01:30:00",1220,12.75,310,0,-0.001,0,-0.09,0,-0.01,0,-0.01,93,77.49
"2024-07-16 02:00:00",1221,12.75,310,0,-0.001,0,-0.09,0,-0.01,0,-0.01,88.6,76.42
"2024-07-16 02:30:00",1222,12.74,310,0,-0.001,0,-0.09,0,-0.01,0,-0.01,90.5,77.48
"2024-07-16 03:00:00",1223,12.74,310,0,-0.005,-0.1,-0.16,-0.01,-0.015,-0.015,-0.014,89.4,78.42
"2024-07-16 03:30:00",1224,12.74,310,0,-0.007,-0.23,-0.09,-0.021,-0.01,-0.02,-0.015,89.5,76.29
"2024-07-16 04:00:00",1225,12.74,310,0,-0.004,-0.1,-0.09,-0.01,-0.01,-0.015,-0.01,91.3,75.28
"2024-07-16 04:30:00",1226,12.74,310,0,-0.006,-0.16,-0.1,-0.015,-0.01,-0.029,-0.01,84.4,76.22
"2024-07-16 05:00:00",1227,12.73,310,0,-0.008,-0.23,-0.1,-0.021,-0.01,-0.01,-0.01,90.5,76.47
"2024-07-16 05:30:00",1228,12.73,310,0,-0.001,0,-0.09,0,-0.01,0,-0.01,90.5,77.28
"2024-07-16 06:00:00",1229,12.73,310,0,0,0.06,-0.03,0.005,-0.005,0,0,89.6,77.64
"2024-07-16 06:30:00",1230,12.73,310,0,-0.006,-0.16,-0.09,-0.015,-0.01,-0.01,-0.01,92.7,76.46
"2024-07-16 07:00:00",1231,12.73,310,0,-0.002,-0.03,-0.09,-0.005,-0.01,-0.009,-0.009,96.8,79.85
"2024-07-16 07:30:00",1232,12.73,310,0,-0.007,-0.14,-0.2,-0.014,-0.019,-0.017,-0.018,104.6,82.8
"2024-07-16 08:00:00",1233,12.73,310,0,-0.009,-0.31,-0.09,-0.028,-0.009,-0.04,-0.013,93.1,80.6
"2024-07-16 08:30:00",1234,12.73,310,0,-0.003,-0.09,-0.03,-0.009,-0.004,-0.008,-0.009,105.7,84.5
"2024-07-16 09:00:00",1235,12.73,310,0,0,0.11,-0.09,0.009,-0.009,0.004,-0.009,98.1,84.8
"2024-07-16 09:30:00",1236,12.73,310,0,-0.005,-0.14,-0.09,-0.013,-0.009,-0.025,-0.013,99.5,84
"2024-07-16 10:00:00",1237,12.73,310,0,-0.013,-0.4,-0.14,-0.034,-0.013,-0.032,-0.017,103.4,83.6
"2024-07-16 10:30:00",1238,12.73,310,0,-0.005,-0.14,-0.09,-0.014,-0.009,-0.017,-0.009,108.3,82.5
"2024-07-16 11:00:00",1239,12.74,310,0,-0.01,-0.28,-0.14,-0.026,-0.014,-0.03,-0.013,85.4,81.2
"2024-07-16 11:30:00",1240,12.74,310,0,0,0,-0.03,0,-0.004,-0.016,-0.009,97.6,88.8
"2024-07-16 12:00:00",1241,12.74,310,0,-0.001,0.06,-0.13,0.004,-0.013,0,-0.017,109.5,88
"2024-07-16 12:30:00",1242,12.74,310,0,-0.004,-0.09,-0.07,-0.009,-0.009,-0.012,-0.013,103.5,89.7
"2024-07-16 13:00:00",1243,12.74,310,0,-0.003,-0.09,-0.03,-0.009,-0.004,-0.008,-0.008,109.4,86.6
"2024-07-16 13:30:00",1244,12.75,310,0,-0.004,-0.13,-0.03,-0.013,-0.004,-0.027,-0.009,102.4,85.9
"2024-07-16 14:00:00",1245,12.75,310,0,-0.001,-0.03,-0.03,-0.005,-0.004,-0.009,-0.009,89.2,84.7
"2024-07-16 14:30:00",1246,12.75,310,0,-0.004,-0.09,-0.09,-0.01,-0.009,-0.018,-0.009,96,88.3
"2024-07-16 15:00:00",1247,12.75,310,0,0.002,0.11,0,0.009,0,0,-0.004,104.5,83
"2024-07-16 15:30:00",1248,12.75,310,0,0.026,0.85,0.27,0.071,0.022,0.083,0.034,109.9,109.9
"2024-07-16 16:00:00",1249,12.75,310,0,-0.004,-0.13,-0.02,-0.012,-0.004,0.017,0.004,109.7,109.5
"2024-07-16 16:30:00",1250,12.74,310,0,0.009,0.41,-0.02,0.034,-0.004,0.044,-0.004,109.9,110
"2024-07-16 17:00:00",1251,12.74,310,0,-0.048,-1.52,-0.52,-0.128,-0.045,-0.133,-0.044,73.42,66.96
"2024-07-16 17:30:00",1252,12.74,310,0,0.006,0.34,-0.1,0.028,-0.011,0.016,-0.016,72.93,70.98
"2024-07-16 18:00:00",1253,12.73,310,0,0.001,0.13,-0.1,0.011,-0.01,0.016,-0.01,80.6,71.66
"2024-07-16 18:30:00",1254,12.73,310,0,0.007,0.43,-0.16,0.036,-0.015,0.029,-0.015,77.37,72.16
"2024-07-16 19:00:00",1255,12.73,310,0,0.001,0.14,-0.1,0.012,-0.011,0.006,-0.016,76.54,71.08
"2024-07-16 19:30:00",1256,12.72,310,0,0.009,0.41,-0.05,0.033,-0.005,0.038,-0.005,81.7,71.01
"2024-07-16 20:00:00",1257,12.72,310,0,0,0.07,-0.1,0.006,-0.011,0,-0.011,82.1,70.62
"2024-07-16 20:30:00",1258,12.71,310,0,0.007,0.34,-0.05,0.027,-0.005,0.021,-0.005,85.1,72.62
"2024-07-16 21:00:00",1259,12.71,310,0,-0.006,-0.17,-0.1,-0.016,-0.011,-0.016,-0.01,84.9,72.93
"2024-07-16 21:30:00",1260,12.7,310,0,-0.006,-0.17,-0.1,-0.016,-0.01,-0.021,-0.01,82.6,73.11
"2024-07-16 22:00:00",1261,12.7,310,0,0,0.07,-0.03,0.005,-0.005,0,-0.01,84.3,73.61
"2024-07-16 22:30:00",1262,12.7,310,0,0.003,0.18,-0.03,0.015,-0.005,0,-0.005,82.1,73.93
"2024-07-16 23:00:00",1263,12.69,310,0,-0.004,-0.03,-0.16,-0.005,-0.015,-0.01,-0.015,87.7,74.48
"2024-07-16 23:30:00",1264,12.69,310,0,-0.008,-0.23,-0.1,-0.021,-0.01,-0.02,-0.005,90.3,74.05
"2024-07-17 00:00:00",1265,12.69,310,0,0.002,0.18,-0.1,0.015,-0.01,0.019,-0.01,91.5,78.56
"2024-07-17 00:30:00",1266,12.69,310,0,-0.01,-0.28,-0.16,-0.026,-0.015,-0.019,-0.015,91.5,75.74
"2024-07-17 01:00:00",1267,12.68,310,0,-0.014,-0.42,-0.16,-0.037,-0.015,-0.035,-0.02,92.7,75.18
"2024-07-17 01:30:00",1268,12.68,310,0,-0.009,-0.28,-0.1,-0.026,-0.01,-0.024,-0.01,90.7,74.92
"2024-07-17 02:00:00",1269,12.68,310,0,-0.004,-0.1,-0.1,-0.01,-0.01,-0.025,-0.005,84.6,77.12
"2024-07-17 02:30:00",1270,12.68,310,0,-0.009,-0.35,-0.03,-0.031,-0.005,-0.039,-0.01,85.3,75.56
"2024-07-17 03:00:00",1271,12.68,310,0,-0.012,-0.35,-0.16,-0.031,-0.015,-0.039,-0.015,86,75.3
"2024-07-17 03:30:00",1272,12.67,310,0,0.002,0.18,-0.1,0.015,-0.01,0.014,-0.01,87,76.56
"2024-07-17 04:00:00",1273,12.67,310,0,0.005,0.31,-0.1,0.025,-0.01,0.024,-0.01,89,76.5
"2024-07-17 04:30:00",1274,12.67,310,0,0,0.06,-0.1,0.005,-0.01,0.005,-0.01,88.3,76.62
"2024-07-17 05:00:00",1275,12.67,310,0,-0.007,-0.17,-0.16,-0.016,-0.015,-0.01,-0.01,91.6,75.36
"2024-07-17 05:30:00",1276,12.66,310,0,-0.014,-0.49,-0.1,-0.042,-0.01,-0.04,-0.01,83.5,75.04
"2024-07-17 06:00:00",1277,12.66,310,0,0.001,0.13,-0.1,0.01,-0.01,0,-0.005,86.6,73.84
"2024-07-17 06:30:00",1278,12.66,310,0,0.002,0.13,-0.03,0.01,-0.005,0,-0.005,92.1,77.61
"2024-07-17 07:00:00",1279,12.66,310,0,-0.006,-0.16,-0.09,-0.015,-0.01,-0.028,-0.014,92.3,78.8
"2024-07-17 07:30:00",1280,12.66,310,0,-0.004,-0.14,-0.03,-0.014,-0.005,-0.013,-0.009,101.8,80.8
"2024-07-17 08:00:00",1281,12.66,310,0,-0.009,-0.33,-0.03,-0.029,-0.005,-0.032,-0.005,98.3,79.5
"2024-07-17 08:30:00",1282,12.66,310,0,0.004,0.22,-0.03,0.018,-0.005,0.009,-0.005,94.6,79.07
"2024-07-17 09:00:00",1283,12.66,310,0,-0.022,-0.82,-0.09,-0.069,-0.009,-0.06,-0.014,102.1,81.8
"2024-07-17 09:30:00",1284,12.66,310,0,0,0,0,0,0,-0.004,-0.004,109.9,85.6
"2024-07-17 10:00:00",1285,12.66,310,0,-0.001,0,-0.09,0,-0.009,0.016,-0.013,109.3,82
"2024-07-17 10:30:00",1286,12.66,310,0,0,0,-0.03,0,-0.005,-0.008,-0.004,108.5,83.4
"2024-07-17 11:00:00",1287,12.67,310,0,0,0.06,-0.09,0.004,-0.009,0,-0.004,107.3,84.2
"2024-07-17 11:30:00",1288,12.67,310,0,-0.006,-0.2,-0.03,-0.018,-0.004,-0.03,-0.009,86,85.1
"2024-07-17 12:00:00",1289,12.67,310,0,0,0.06,-0.03,0.004,-0.004,-0.016,-0.004,109,83.9
"2024-07-17 12:30:00",1290,12.67,310,0,-0.012,-0.41,-0.09,-0.036,-0.009,-0.039,-0.013,88.3,83.8
"2024-07-17 13:00:00",1291,12.67,310,0,0.003,0.17,-0.03,0.014,-0.004,0.017,-0.004,109.6,86.8
"2024-07-17 13:30:00",1292,12.67,310,0,-0.005,-0.19,-0.03,-0.017,-0.004,-0.033,-0.004,90.3,83.8
"2024-07-17 14:00:00",1293,12.67,310,0,0,0,-0.03,0,-0.004,-0.004,-0.004,109.7,86.9
"2024-07-17 14:30:00",1294,12.68,310,0,-0.001,0,-0.09,0,-0.009,-0.02,-0.009,106.1,86.4
"2024-07-17 15:00:00",1295,12.68,310,0,-0.004,-0.19,0,-0.017,0,-0.027,-0.004,105.2,82.4
"2024-07-17 15:30:00",1296,12.67,310,0,0.026,0.84,0.28,0.069,0.023,0.075,0.035,109.8,109.6
"2024-07-17 16:00:00",1297,12.67,310,0,-0.056,-1.95,-0.38,-0.163,-0.034,-0.121,-0.039,58.18,66.53
"2024-07-17 16:30:00",1298,12.67,310,0,-0.009,-0.26,-0.16,-0.023,-0.015,-0.03,-0.02,70.41,75.99
"2024-07-17 17:00:00",1299,12.67,310,0,-0.003,-0.03,-0.1,-0.005,-0.01,-0.009,-0.015,85.6,76.11
"2024-07-17 17:30:00",1300,12.66,310,0,-0.015,-0.37,-0.28,-0.032,-0.025,-0.031,-0.03,80.9,73.47
"2024-07-17 18:00:00",1301,12.66,310,0,-0.123,-4.53,-0.47,-0.376,-0.041,-0.37,-0.04,67.29,68.61
"2024-07-17 18:30:00",1302,12.65,310,0,-0.025,-0.79,-0.28,-0.067,-0.025,-0.072,-0.03,76.59,73.89
"2024-07-17 19:00:00",1303,12.65,310,0,-0.018,-0.58,-0.17,-0.05,-0.016,-0.048,-0.022,84.3,69.86
"2024-07-17 19:30:00",1304,12.64,310,0,-0.009,-0.31,-0.05,-0.028,-0.005,-0.027,-0.011,84.9,71.43
"2024-07-17 20:00:00",1305,12.64,310,0,0.017,0.7,0,0.057,0,0.05,0,84.7,72.24
"2024-07-17 20:30:00",1306,12.63,310,0,-0.012,-0.45,-0.05,-0.039,-0.005,-0.055,-0.01,75.18,73.99
"2024-07-17 21:00:00",1307,12.63,310,0,-0.017,-0.7,0,-0.06,0,-0.068,0,86.3,73.86
"2024-07-17 21:30:00",1308,12.63,310,0,-0.008,-0.3,-0.03,-0.027,-0.005,-0.026,-0.005,86.8,75.05
"2024-07-17 22:00:00",1309,12.62,310,0,-0.013,-0.37,-0.23,-0.032,-0.02,-0.01,-0.015,90.9,72.92
"2024-07-17 22:30:00",1310,12.62,310,0,-0.006,-0.23,-0.03,-0.021,-0.005,-0.04,-0.005,80.9,73.47
"2024-07-17 23:00:00",1311,12.62,310,0,0,0.06,-0.1,0.005,-0.01,0.005,-0.01,90.5,74.29
"2024-07-17 23:30:00",1312,12.62,310,0,-0.001,-0.03,-0.03,-0.005,-0.005,0.005,-0.01,90.5,76.79
"2024-07-18 00:00:00",1313,12.61,310,0,-0.004,-0.1,-0.1,-0.011,-0.01,-0.02,-0.015,83.7,73.72
"2024-07-18 00:30:00",1314,12.61,310,0,-0.012,-0.44,-0.03,-0.038,-0.005,-0.047,-0.005,86.5,73.78
"2024-07-18 01:00:00",1315,12.61,310,0,0,0,-0.03,0,-0.005,-0.005,-0.01,89.2,73.72
"2024-07-18 01:30:00",1316,12.6,310,0,-0.015,-0.49,-0.16,-0.043,-0.015,-0.035,-0.015,91.3,74.53
"2024-07-18 02:00:00",1317,12.6,310,0,0.004,0.2,-0.03,0.016,-0.005,0.01,0,84.2,76.03
"2024-07-18 02:30:00",1318,12.6,310,0,-0.001,-0.03,-0.03,-0.005,-0.005,-0.02,-0.005,85.7,76.03
"2024-07-18 03:00:00",1319,12.6,310,0,-0.005,-0.16,-0.03,-0.015,-0.005,-0.029,-0.014,88.2,79.73
"2024-07-18 03:30:00",1320,12.6,310,0,0.006,0.25,0,0.02,0,0.024,0.005,91.4,76.91
"2024-07-18 04:00:00",1321,12.59,310,0,-0.012,-0.41,-0.1,-0.036,-0.01,-0.055,-0.015,86,77.54
"2024-07-18 04:30:00",1322,12.59,310,0,0.007,0.31,0,0.025,0,0.033,-0.005,93.6,76.84
"2024-07-18 05:00:00",1323,12.59,310,0,0.004,0.18,0,0.015,0,0.019,0,91.6,78.66
"2024-07-18 05:30:00",1324,12.59,310,0,0,0,0,0,0,-0.01,0,87.8,77.85
"2024-07-18 06:00:00",1325,12.59,310,0,-0.008,-0.23,-0.1,-0.021,-0.01,-0.015,-0.01,94.3,77.09
"2024-07-18 06:30:00",1326,12.59,310,0,-0.004,-0.1,-0.09,-0.01,-0.01,-0.014,-0.01,95.3,76.27
"2024-07-18 07:00:00",1327,12.58,310,0,0.009,0.36,0,0.03,0,0.024,-0.005,88.5,77.78
"2024-07-18 07:30:00",1328,12.58,310,0,-0.009,-0.3,-0.09,-0.027,-0.01,-0.025,-0.01,87.5,75.01
"2024-07-18 08:00:00",1329,12.58,310,0,0.002,0.11,-0.03,0.009,-0.005,0.009,-0.009,106.3,80
"2024-07-18 08:30:00",1330,12.58,310,0,-0.004,-0.09,-0.09,-0.009,-0.009,-0.026,-0.005,97.5,82.8
"2024-07-18 09:00:00",1331,12.58,310,0,-0.003,-0.09,-0.03,-0.01,-0.005,-0.027,-0.009,98.9,79.37
"2024-07-18 09:30:00",1332,12.58,310,0,-0.002,-0.1,0,-0.01,0,-0.019,-0.005,91,80.3
"2024-07-18 10:00:00",1333,12.58,310,0,-0.005,-0.19,-0.03,-0.017,-0.004,-0.032,-0.004,101.9,84.6
"2024-07-18 10:30:00",1334,12.59,310,0,-0.007,-0.27,-0.03,-0.025,-0.005,-0.023,-0.004,92.5,81.8
"2024-07-18 11:00:00",1335,12.58,310,0,0,0,0,0,0,-0.005,0,89.8,84.1
"2024-07-18 11:30:00",1336,12.59,310,0,-0.005,-0.16,-0.03,-0.014,-0.005,-0.013,-0.005,101.7,80.4
"2024-07-18 12:00:00",1337,12.59,310,0,0.002,0.13,-0.03,0.01,-0.005,0.005,-0.005,93.5,77.3
"2024-07-18 12:30:00",1338,12.58,310,0,-0.011,-0.4,-0.03,-0.034,-0.005,-0.032,-0.009,100,81.5
"2024-07-18 13:00:00",1339,12.58,310,0,-0.009,-0.28,-0.09,-0.025,-0.009,-0.027,-0.013,109.3,87.6
"2024-07-18 13:30:00",1340,12.59,310,0,-0.014,-0.49,-0.09,-0.043,-0.01,-0.047,-0.01,82,77.25
"2024-07-18 14:00:00",1341,12.58,310,0,-0.002,-0.1,0,-0.01,0,-0.024,0,103.1,80.3
"2024-07-18 14:30:00",1342,12.58,310,0,-0.001,0,-0.09,0,-0.01,0.01,-0.01,86.7,77.75
"2024-07-18 15:00:00",1343,12.58,310,0,0.008,0.36,-0.03,0.03,-0.005,0.028,-0.005,96.4,76.36
"2024-07-18 15:30:00",1344,12.58,310,0,0.024,0.71,0.36,0.06,0.03,0.048,0.041,109.9,109.5
"2024-07-18 16:00:00",1345,12.58,310,0,0.006,0.29,-0.03,0.025,-0.005,0.028,-0.005,92.4,77.64
"2024-07-18 16:30:00",1346,12.58,310,0,0.02,0.69,0.18,0.056,0.015,0.044,0.017,105.9,110
"2024-07-18 17:00:00",1347,12.58,310,0,0.009,0.41,-0.03,0.033,-0.005,0.032,0,83.8,74.31
"2024-07-18 17:30:00",1348,12.57,310,0,0.011,0.45,0,0.038,0,0.041,0.005,86.1,74.1
"2024-07-18 18:00:00",1349,12.57,310,0,0.005,0.21,0,0.017,0,0.022,0,82.2,72.27
"2024-07-18 18:30:00",1350,12.57,310,0,0.003,0.13,0,0.011,0,0,0,84.2,74.77
"2024-07-18 19:00:00",1351,12.56,310,0,0.001,0.07,0,0.005,0,0.005,0,87.1,76.16
"2024-07-18 19:30:00",1352,12.56,310,0,0,0,-0.03,0,-0.005,0,-0.01,93.6,74.65
"2024-07-18 20:00:00",1353,12.55,310,0,0.001,0.07,0,0.005,0,0.005,0,89.3,75.83
"2024-07-18 20:30:00",1354,12.55,310,0,-0.016,-0.55,-0.1,-0.048,-0.01,-0.066,-0.005,85.9,76.72
"2024-07-18 21:00:00",1355,12.55,310,0,-0.006,-0.17,-0.1,-0.016,-0.01,-0.021,-0.01,89.8,74.77
"2024-07-18 21:30:00",1356,12.55,310,0,0.002,0.13,-0.03,0.011,-0.005,0.01,-0.005,87.9,74.64
"2024-07-18 22:00:00",1357,12.54,310,0,0,0,0,0,0,0,0,90.2,74.44
"2024-07-18 22:30:00",1358,12.54,310,0,0,0.06,-0.03,0.005,-0.005,0.005,-0.005,93.2,76.21
"2024-07-18 23:00:00",1359,12.54,310,0,-0.003,-0.1,-0.03,-0.011,-0.005,-0.015,-0.005,87.9,75.7
"2024-07-18 23:30:00",1360,12.54,310,0,-0.006,-0.23,-0.03,-0.021,-0.005,-0.02,-0.005,91.7,74.45
"2024-07-19 00:00:00",1361,12.53,310,0,0,0,0,0,0,-0.01,-0.005,90,78.77
"2024-07-19 00:30:00",1362,12.53,310,0,-0.006,-0.23,-0.03,-0.021,-0.005,-0.024,-0.015,89.4,76.71
"2024-07-19 01:00:00",1363,12.53,310,0,0,0,0,0,0,0,0,91.1,76.38
"2024-07-19 01:30:00",1364,12.53,310,0,0,0.06,-0.03,0.005,-0.005,-0.005,-0.005,90,76.51
"2024-07-19 02:00:00",1365,12.53,310,0,0.001,0.13,-0.1,0.01,-0.01,0,-0.01,86.3,79.58
"2024-07-19 02:30:00",1366,12.53,310,0,-0.009,-0.3,-0.1,-0.027,-0.01,-0.03,-0.01,89.5,77.07
"2024-07-19 03:00:00",1367,12.52,310,0,0.003,0.13,0,0.011,0,0.01,-0.005,88.7,77.19
"2024-07-19 03:30:00",1368,12.52,310,0,0.003,0.13,0,0.01,0,0.01,0,89.2,75.43
"2024-07-19 04:00:00",1369,12.52,310,0,0,0,-0.03,0,-0.005,0,-0.01,90.4,77.63
"2024-07-19 04:30:00",1370,12.52,310,0,-0.002,0,-0.1,0,-0.01,0,-0.01,88.5,76.81
"2024-07-19 05:00:00",1371,12.51,310,0,-0.003,-0.1,-0.03,-0.011,-0.005,-0.02,-0.01,89,76.3
"2024-07-19 05:30:00",1372,12.51,310,0,0.003,0.13,0,0.01,0,0.015,0,93,76.99
"2024-07-19 06:00:00",1373,12.51,310,0,0.003,0.13,0,0.01,0,0.005,0,92.9,77.93
"2024-07-19 06:30:00",1374,12.51,310,0,-0.004,-0.16,0,-0.015,0,-0.019,0,96.4,79.68
"2024-07-19 07:00:00",1375,12.51,310,0,0.001,0.06,0,0.005,0,0,-0.005,86.8,80.1
"2024-07-19 07:30:00",1376,12.51,310,0,-0.005,-0.21,0,-0.019,0,-0.022,-0.005,100.1,83.9
"2024-07-19 08:00:00",1377,12.51,310,0,0.002,0.13,-0.03,0.01,-0.005,0.005,-0.005,97.7,79.96
"2024-07-19 08:30:00",1378,12.51,310,0,0,0.06,-0.09,0.005,-0.01,0.005,-0.005,97.4,78.38
"2024-07-19 09:00:00",1379,12.51,310,0,0.002,0.11,-0.03,0.009,-0.005,0.004,-0.004,105,85.5
"2024-07-19 09:30:00",1380,12.51,310,0,-0.008,-0.26,-0.09,-0.023,-0.009,-0.026,-0.013,98.9,84.9
"2024-07-19 10:00:00",1381,12.51,310,0,0,0.06,-0.09,0.005,-0.009,0.004,-0.013,101.4,86.2
"2024-07-19 10:30:00",1382,12.51,310,0,0.004,0.22,-0.03,0.018,-0.004,0.004,-0.009,107.6,86.6
"2024-07-19 11:00:00",1383,12.51,310,0,-0.003,-0.09,-0.03,-0.009,-0.004,-0.016,-0.008,108.6,89
"2024-07-19 11:30:00",1384,12.52,310,0,0,0,-0.03,0,-0.004,0,-0.009,94.1,86.8
"2024-07-19 12:00:00",1385,12.52,310,0,0,0.06,-0.03,0.004,-0.004,-0.008,-0.004,109.3,87.5
"2024-07-19 12:30:00",1386,12.52,310,0,0.005,0.24,-0.03,0.019,-0.004,0.004,-0.004,101.3,86
"2024-07-19 13:00:00",1387,12.52,310,0,0.004,0.18,0,0.015,0,0.009,-0.004,86.5,84.8
"2024-07-19 13:30:00",1388,12.52,310,0,0.005,0.24,-0.03,0.019,-0.005,0.009,-0.005,105.4,81.3
"2024-07-19 14:00:00",1389,12.52,310,0,0.003,0.15,0,0.013,0,0.004,-0.005,107.6,81.8
"2024-07-19 14:30:00",1390,12.52,310,0,0.003,0.11,0.06,0.009,0.004,-0.004,0.004,102.6,87.8
"2024-07-19 15:00:00",1391,12.52,310,0,-0.001,-0.03,0,-0.005,0,-0.013,0,106.2,81.2
"2024-07-19 15:30:00",1392,12.52,310,0,0.034,1.19,0.27,0.098,0.022,0.101,0.033,109.8,108.8
"2024-07-19 16:00:00",1393,12.52,310,0,0.018,0.48,0.35,0.04,0.029,0.05,0.034,109.9,109.7
"2024-07-19 16:30:00",1394,12.52,310,0,0.019,0.67,0.15,0.056,0.012,0.055,0.019,110,109
"2024-07-19 17:00:00",1395,12.51,310,0,-0.058,-1.8,-0.69,-0.151,-0.06,-0.134,-0.059,64.54,66.86
"2024-07-19 17:30:00",1396,12.51,310,0,-0.023,-0.77,-0.19,-0.067,-0.017,-0.064,-0.017,86.5,70.23
"2024-07-19 18:00:00",1397,12.51,310,0,-0.012,-0.24,-0.31,-0.022,-0.028,-0.022,-0.022,72.04,71.36
"2024-07-19 18:30:00",1398,12.5,310,0,-0.015,-0.58,-0.05,-0.05,-0.005,-0.057,-0.011,72.36,72.42
"2024-07-19 19:00:00",1399,12.5,310,0,-0.018,-0.62,-0.12,-0.053,-0.011,-0.058,-0.011,82.6,72.15
"2024-07-19 19:30:00",1400,12.5,310,0,0.002,0.14,-0.05,0.012,-0.006,0.011,-0.011,82.4,69.18
"2024-07-19 20:00:00",1401,12.49,310,0,0.006,0.27,0,0.023,0,0.022,0,84.6,72.13
"2024-07-19 20:30:00",1402,12.49,310,0,0.01,0.41,0,0.034,0,0.043,0.005,84.6,72.12
"2024-07-19 21:00:00",1403,12.48,310,0,-0.002,0,-0.1,0,-0.011,0.011,-0.011,84.9,73.19
"2024-07-19 21:30:00",1404,12.48,310,0,0.001,0.07,0,0.005,0,0.01,0,89.4,73.44
"2024-07-19 22:00:00",1405,12.47,310,0,0.004,0.18,0,0.016,0,0.01,-0.005,88.8,75.32
"2024-07-19 22:30:00",1406,12.47,310,0,-0.013,-0.44,-0.1,-0.038,-0.01,-0.046,-0.015,89.5,75.75
"2024-07-19 23:00:00",1407,12.47,310,0,0.003,0.13,0,0.011,0,0,-0.005,87.5,74.25
"2024-07-19 23:30:00",1408,12.47,310,0,-0.007,-0.3,0,-0.026,0,-0.03,-0.005,89.8,74.56
"2024-07-20 00:00:00",1409,12.46,310,0,0.003,0.13,0,0.01,0,0.01,0,92.2,75.69
"2024-07-20 00:30:00",1410,12.46,310,0,0,0,-0.03,0,-0.005,-0.005,-0.005,90.8,75.82
"2024-07-20 01:00:00",1411,12.46,310,0,0,0.06,-0.03,0.005,-0.005,0,-0.005,91.9,77.45
"2024-07-20 01:30:00",1412,12.46,310,0,0.001,0.06,0,0.005,0,-0.005,-0.005,91.7,78.01
"2024-07-20 02:00:00",1413,12.46,310,0,-0.001,-0.03,0,-0.005,0,-0.01,0,93.4,78.64
"2024-07-20 02:30:00",1414,12.46,310,0,-0.002,-0.05,-0.03,-0.005,-0.005,-0.015,-0.01,89.6,78.64
"2024-07-20 03:00:00",1415,12.46,310,0,0,0,-0.03,0,-0.005,-0.005,0,93.1,76.39
"2024-07-20 03:30:00",1416,12.45,310,0,0.003,0.13,0,0.01,0,0.005,-0.005,91.8,78.06
"2024-07-20 04:00:00",1417,12.45,310,0,-0.002,-0.1,0,-0.01,0,-0.015,0,93.7,77.94
"2024-07-20 04:30:00",1418,12.45,310,0,-0.001,-0.03,-0.03,-0.005,-0.005,-0.005,-0.005,95.1,78.63
"2024-07-20 05:00:00",1419,12.45,310,0,-0.003,-0.1,-0.03,-0.01,-0.005,-0.014,-0.005,96.4,80.7
"2024-07-20 05:30:00",1420,12.45,310,0,-0.001,-0.03,-0.03,-0.005,-0.005,-0.005,-0.005,93.4,77.89
"2024-07-20 06:00:00",1421,12.45,310,0,0,0,0,0,0,-0.01,-0.005,93,79.52
"2024-07-20 06:30:00",1422,12.45,310,0,0.001,0.06,0,0.005,0,0,0,95.5,78.26
"2024-07-20 07:00:00",1423,12.45,310,0,-0.001,-0.03,-0.03,-0.005,-0.005,-0.005,-0.005,93.7,82
"2024-07-20 07:30:00",1424,12.45,310,0,0.001,0.06,0,0.005,0,0.005,-0.005,95.7,79.71
"2024-07-20 08:00:00",1425,12.45,310,0,-0.001,-0.03,-0.03,-0.005,-0.004,-0.008,-0.009,109,84.7
"2024-07-20 08:30:00",1426,12.45,310,0,0,0,-0.03,0,-0.005,-0.004,-0.004,101.1,84.8
"2024-07-20 09:00:00",1427,12.45,310,0,0.002,0.11,0,0.01,0,0.004,-0.005,101.6,81.9
"2024-07-20 09:30:00",1428,12.45,310,0,0.001,0.06,0,0.005,0,0,0,96,78.98
"2024-07-20 10:00:00",1429,12.45,310,0,-0.001,-0.03,0,-0.005,0,-0.01,0,92,78.29
"2024-07-20 10:30:00",1430,12.45,310,0,0,0.06,-0.03,0.005,-0.005,0,-0.005,98.4,78.85
"2024-07-20 11:00:00",1431,12.45,310,0,0.002,0.13,-0.03,0.01,-0.005,0.01,-0.01,89.8,79.1
"2024-07-20 11:30:00",1432,12.45,310,0,0.006,0.31,-0.03,0.026,-0.005,0.02,-0.005,93.4,80.4
"2024-07-20 12:00:00",1433,12.44,310,0,0.004,0.2,-0.03,0.016,-0.005,0.015,-0.005,87.7,75.96
"2024-07-20 12:30:00",1434,12.44,310,0,-0.001,-0.03,-0.03,-0.005,-0.005,-0.015,-0.005,86.4,77.89
"2024-07-20 13:00:00",1435,12.44,310,0,0,0,-0.03,0,-0.005,0,-0.005,85.3,74.13
"2024-07-20 13:30:00",1436,12.43,310,0,-0.002,-0.05,-0.03,-0.005,-0.005,-0.005,-0.005,92.1,77.32
"2024-07-20 14:00:00",1437,12.43,310,0,-0.005,-0.19,-0.03,-0.017,-0.005,-0.033,-0.005,84,74.56
"2024-07-20 14:30:00",1438,12.43,310,0,-0.003,-0.12,-0.03,-0.011,-0.005,-0.011,-0.005,81.6,74.62
"2024-07-20 15:00:00",1439,12.43,310,0,0,0,0,0,0,0,0,99.2,78.45
"2024-07-20 15:30:00",1440,12.42,310,0,-0.003,-0.12,-0.03,-0.011,-0.005,-0.016,-0.01,86,74.99
"2024-07-20 16:00:00",1441,12.42,310,0,-0.006,-0.24,0,-0.022,0,-0.043,0.005,77.8,73.35
"2024-07-20 16:30:00",1442,12.42,310,0,-0.014,-0.66,0.13,-0.057,0.01,-0.064,0.01,90,76.3
"2024-07-20 17:00:00",1443,12.42,310,0,-0.003,-0.17,0.06,-0.016,0.005,-0.02,0,89.1,77.12
"2024-07-20 17:30:00",1444,12.42,310,0,-0.013,-0.49,-0.03,-0.043,-0.005,-0.046,-0.005,93.3,78.81
"2024-07-20 18:00:00",1445,12.42,310,0,-0.187,-6.84,-0.79,-0.567,-0.068,-0.583,-0.082,83.8,73.05
"2024-07-20 18:30:00",1446,12.41,310,0,-0.067,-2.47,-0.28,-0.206,-0.026,-0.227,-0.031,96.1,76.32
"2024-07-20 19:00:00",1447,12.41,310,0,-0.04,-1.52,-0.1,-0.127,-0.01,-0.149,-0.01,91.6,81.4
"2024-07-20 19:30:00",1448,12.41,310,0,-0.021,-0.8,-0.05,-0.068,-0.005,-0.086,-0.005,89.5,76.8
"2024-07-20 20:00:00",1449,12.41,310,0,-0.011,-0.38,-0.1,-0.034,-0.011,-0.043,-0.01,90.4,75.93
"2024-07-20 20:30:00",1450,12.41,310,0,-0.012,-0.45,-0.05,-0.039,-0.005,-0.063,-0.01,89.5,77.82
"2024-07-20 21:00:00",1451,12.4,310,0,-0.017,-0.65,-0.03,-0.056,-0.005,-0.073,-0.005,91.3,78.32
"2024-07-20 21:30:00",1452,12.4,310,0,-0.015,-0.45,-0.17,-0.039,-0.016,-0.053,-0.016,92,77.07
"2024-07-20 22:00:00",1453,12.4,310,0,0,0,-0.03,0,-0.005,-0.01,-0.005,93.9,79.69
"2024-07-20 22:30:00",1454,12.4,310,0,-0.007,-0.19,-0.1,-0.017,-0.011,-0.027,-0.005,89.3,76.3
"2024-07-20 23:00:00",1455,12.4,310,0,-0.004,-0.19,0,-0.017,0,-0.032,-0.005,90.8,78.56
"2024-07-20 23:30:00",1456,12.4,310,0,-0.005,-0.19,-0.05,-0.017,-0.005,-0.026,-0.005,90,77.75
"2024-07-21 00:00:00",1457,12.39,310,0,0,0,-0.03,0,-0.005,-0.01,-0.005,96.7,79.18
"2024-07-21 00:30:00",1458,12.39,310,0,-0.003,-0.1,-0.03,-0.011,-0.005,-0.02,-0.005,94.5,80.3
"2024-07-21 01:00:00",1459,12.39,310,0,-0.005,-0.17,-0.03,-0.016,-0.005,-0.031,-0.005,91.7,79.01
"2024-07-21 01:30:00",1460,12.39,310,0,0,0,-0.03,0,-0.005,-0.015,-0.005,91.7,78.19
"2024-07-21 02:00:00",1461,12.39,310,0,0.001,0,0.06,0,0.005,-0.021,0,86.8,78.31
"2024-07-21 02:30:00",1462,12.39,310,0,0,0,-0.03,0,-0.005,-0.005,-0.01,93,79.56
"2024-07-21 03:00:00",1463,12.39,310,0,-0.003,-0.1,-0.03,-0.011,-0.005,-0.025,-0.005,91.7,79.44
"2024-07-21 03:30:00",1464,12.39,310,0,-0.005,-0.12,-0.1,-0.011,-0.01,-0.01,-0.005,93,78.81
"2024-07-21 04:00:00",1465,12.38,310,0,-0.006,-0.17,-0.1,-0.017,-0.01,-0.026,-0.005,90.6,79.63
"2024-07-21 04:30:00",1466,12.38,310,0,0,0,-0.03,0,-0.005,-0.01,-0.005,92.1,78.12
"2024-07-21 05:00:00",1467,12.38,310,0,-0.003,-0.05,-0.1,-0.005,-0.01,-0.01,-0.01,90.6,81.1
"2024-07-21 05:30:00",1468,12.38,310,0,-0.001,0,-0.05,0,-0.005,-0.005,-0.005,91.2,79.75
"2024-07-21 06:00:00",1469,12.38,310,0,-0.005,-0.17,-0.05,-0.016,-0.005,-0.026,-0.01,91.2,76.99
"2024-07-21 06:30:00",1470,12.38,310,0,-0.002,-0.05,-0.03,-0.005,-0.005,-0.02,-0.005,93.3,80.8
"2024-07-21 07:00:00",1471,12.37,310,0,0,0,-0.03,0,-0.005,-0.009,-0.005,102.3,83.3
"2024-07-21 07:30:00",1472,12.37,310,0,-0.003,-0.09,-0.03,-0.01,-0.005,-0.022,-0.005,108.2,84.7
"2024-07-21 08:00:00",1473,12.37,310,0,-0.006,-0.16,-0.09,-0.015,-0.01,-0.022,-0.009,109.2,86.5
"2024-07-21 08:30:00",1474,12.37,310,0,-0.012,-0.42,-0.09,-0.037,-0.01,-0.045,-0.014,89.1,85.7
"2024-07-21 09:00:00",1475,12.37,310,0,-0.006,-0.21,-0.03,-0.02,-0.005,-0.027,-0.009,105.7,85
"2024-07-21 09:30:00",1476,12.38,310,0,0,0.06,-0.03,0.005,-0.005,0,-0.005,92.1,83.4
"2024-07-21 10:00:00",1477,12.38,310,0,-0.003,-0.1,-0.03,-0.01,-0.005,-0.024,-0.005,94.6,82.9
"2024-07-21 10:30:00",1478,12.38,310,0,-0.003,-0.09,-0.03,-0.01,-0.005,-0.013,-0.009,107.8,84.5
"2024-07-21 11:00:00",1479,12.38,310,0,-0.007,-0.23,-0.09,-0.021,-0.01,-0.028,-0.01,97.9,84.7
"2024-07-21 11:30:00",1480,12.38,310,0,-0.005,-0.09,-0.14,-0.009,-0.014,-0.029,-0.019,103.8,86.3
"2024-07-21 12:00:00",1481,12.38,310,0,-0.006,-0.17,-0.09,-0.016,-0.009,-0.029,-0.009,95.3,90.8
