"TOA5","CR300Series_310","CR300","5804","CR300.Std.11.00","CPU:CR300_sapflow.CR300","32345","Table2"
"TIMESTAMP","RECORD","BattV_Min","id","SDI1","SapFlwTot1","VhOuter1","VhInner1","AlphaOut1","AlphaIn1","BetaOut1","BetaIn1","tMaxTout1","tMaxTin1"
"TS","RN","Volts","","","literPerHour","heatVelocity","heatVelocity","logTRatio","logTRatio","logTRatio","logTRatio","second","second"
"","","Min","Smp","Smp","Smp","Smp","Smp","Smp","Smp","Smp","Smp","Smp","Smp"
"2025-03-25 11:30:00",13162,13,310,1,0.031,1.18,0.07,0.063,0.004,0.065,-0.019,79.21,48.37
"2025-03-25 12:00:00",13163,12.83,310,1,-0.055,-1.51,-0.92,-0.081,-0.051,-0.065,-0.056,52.07,44.65
"2025-03-25 12:30:00",13164,12.84,310,1,-0.031,-1.04,-0.29,-0.057,-0.017,-0.028,-0.033,49.84,44.19
"2025-03-25 13:00:00",13165,12.89,310,1,-0.13,-4.32,-1.17,-0.231,-0.064,-0.1,-0.062,43.51,41.18
"2025-03-25 13:30:00",13166,12.91,310,1,-0.03,-0.79,-0.59,-0.043,-0.033,-0.023,-0.045,51.56,42.32
"2025-03-25 14:00:00",13167,12.93,310,1,-0.019,-0.39,-0.51,-0.022,-0.029,-0.012,-0.043,49.4,42.39
"2025-03-25 14:30:00",13168,12.94,310,1,0.03,1.55,-0.44,0.083,-0.025,0.033,-0.042,49.09,42.35
"2025-03-25 15:00:00",13169,12.94,310,1,-0.003,0.23,-0.49,0.012,-0.027,0.006,-0.043,51.31,44
"2025-03-25 15:30:00",13170,12.94,310,1,-0.01,-0.06,-0.49,-0.004,-0.028,-0.011,-0.043,50.64,41.97
"2025-03-25 16:00:00",13171,12.94,310,1,0,0.33,-0.42,0.018,-0.023,0.006,-0.042,46.77,43.08
"2025-03-25 16:30:00",13172,12.94,310,1,-0.011,-0.09,-0.49,-0.006,-0.027,0.001,-0.043,51.59,43.75
"2025-03-25 17:00:00",13173,12.93,310,1,-0.002,0.27,-0.51,0.014,-0.028,0.003,-0.044,51.09,43.66
"2025-03-25 17:30:00",13174,12.93,310,1,-0.008,0,-0.49,0,-0.028,0.001,-0.042,51.5,43.92
"2025-03-25 18:00:00",13175,12.92,310,1,-0.015,-0.29,-0.46,-0.017,-0.026,-0.011,-0.041,52.99,43.32
"2025-03-25 18:30:00",13176,12.92,310,1,-0.011,-0.11,-0.46,-0.007,-0.026,-0.011,-0.042,53.12,43.29
"2025-03-25 19:00:00",13177,12.91,310,1,-0.008,0,-0.49,0,-0.028,0.001,-0.043,51.11,42.7
"2025-03-25 19:30:00",13178,12.91,310,1,-0.01,-0.07,-0.46,-0.006,-0.026,-0.007,-0.042,52.6,42.93
"2025-03-25 20:00:00",13179,12.91,310,1,-0.014,-0.21,-0.47,-0.012,-0.027,-0.009,-0.043,53.11,43.6
"2025-03-25 20:30:00",13180,12.9,310,1,-0.012,-0.16,-0.47,-0.01,-0.027,-0.007,-0.041,53.18,43.93
"2025-03-25 21:00:00",13181,12.9,310,1,-0.009,-0.02,-0.46,-0.003,-0.026,-0.003,-0.04,52.88,43.63
"2025-03-25 21:30:00",13182,12.9,310,1,-0.009,-0.07,-0.42,-0.005,-0.024,-0.005,-0.04,53.12,44.29
"2025-03-25 22:00:00",13183,12.9,310,1,-0.006,0.05,-0.41,0.003,-0.023,0.004,-0.04,52.44,43.6
"2025-03-25 22:30:00",13184,12.89,310,1,-0.011,-0.07,-0.49,-0.005,-0.027,-0.005,-0.043,52.92,43.66
"2025-03-25 23:00:00",13185,12.89,310,1,-0.009,-0.02,-0.46,-0.003,-0.026,-0.001,-0.043,52.87,44.29
"2025-03-25 23:30:00",13186,12.89,310,1,-0.013,-0.16,-0.51,-0.01,-0.028,-0.011,-0.044,51.93,43.35
"2025-03-26 00:00:00",13187,12.89,310,1,-0.003,0.18,-0.42,0.01,-0.024,0.005,-0.043,52.18,44.02
"2025-03-26 00:30:00",13188,12.89,310,1,-0.011,-0.12,-0.46,-0.008,-0.026,-0.008,-0.043,52.66,43.82
"2025-03-26 01:00:00",13189,12.88,310,1,-0.009,-0.02,-0.47,-0.003,-0.027,-0.001,-0.042,52.8,43.96
"2025-03-26 01:30:00",13190,12.88,310,1,-0.007,0.02,-0.46,0.001,-0.026,0.001,-0.041,52.59,43.58
"2025-03-26 02:00:00",13191,12.88,310,1,-0.009,-0.06,-0.46,-0.004,-0.026,-0.005,-0.043,52.69,44.1
"2025-03-26 02:30:00",13192,12.88,310,1,-0.007,0.03,-0.46,0.001,-0.026,0.003,-0.042,53.36,43.84
"2025-03-26 03:00:00",13193,12.87,310,1,-0.009,-0.06,-0.46,-0.004,-0.026,-0.007,-0.042,52.89,44.05
"2025-03-26 03:30:00",13194,12.87,310,1,-0.008,0.03,-0.49,0.001,-0.027,-0.007,-0.043,53.61,44.5
"2025-03-26 04:00:00",13195,12.87,310,1,-0.009,-0.06,-0.42,-0.004,-0.024,-0.003,-0.042,52.42,43.58
"2025-03-26 04:30:00",13196,12.87,310,1,-0.009,-0.02,-0.49,-0.003,-0.027,-0.003,-0.042,52.61,43.36
"2025-03-26 05:00:00",13197,12.86,310,1,-0.008,0,-0.47,0,-0.027,-0.001,-0.043,53.03,43.51
"2025-03-26 05:30:00",13198,12.86,310,1,-0.008,-0.01,-0.44,-0.001,-0.025,-0.003,-0.042,53.75,44.07
"2025-03-26 06:00:00",13199,12.86,310,1,-0.011,-0.11,-0.47,-0.007,-0.027,-0.005,-0.041,52.85,43.75
"2025-03-26 06:30:00",13200,12.86,310,1,-0.01,-0.11,-0.42,-0.007,-0.024,-0.005,-0.041,53.89,44.21
"2025-03-26 07:00:00",13201,12.85,310,1,-0.009,-0.06,-0.46,-0.004,-0.025,0,-0.041,52.47,44.05
"2025-03-26 07:30:00",13202,12.85,310,1,-0.004,0.1,-0.39,0.005,-0.022,0.012,-0.04,53.64,44.22
"2025-03-26 08:00:00",13203,12.85,310,1,-0.014,-0.37,-0.26,-0.021,-0.015,-0.017,-0.032,57.09,47.58
"2025-03-26 08:30:00",13204,12.85,310,1,-0.01,-0.07,-0.44,-0.005,-0.025,-0.007,-0.043,54.71,44.2
"2025-03-26 09:00:00",13205,12.85,310,1,-0.07,-2.01,-1.06,-0.108,-0.057,-0.087,-0.058,52.59,45.68
"2025-03-26 09:30:00",13206,12.86,310,1,-0.231,-8.15,-1.42,-0.435,-0.077,-0.263,-0.07,43.28,45.25
"2025-03-26 10:00:00",13207,12.87,310,1,-0.023,-0.42,-0.71,-0.024,-0.039,-0.024,-0.049,50.78,43.44
"2025-03-26 10:30:00",13208,12.88,310,1,0.047,1.82,0.05,0.096,0.003,0.073,-0.025,53.6,44.19
"2025-03-26 11:00:00",13209,12.88,310,1,-0.017,-0.01,-0.91,-0.002,-0.049,-0.012,-0.058,51.27,42.02
"2025-03-26 11:30:00",13210,12.89,310,1,-0.007,-0.14,-0.22,-0.009,-0.014,-0.008,-0.032,63.12,46.55
"2025-03-26 12:00:00",13211,12.9,310,1,0.048,1.9,0,0.101,0,0.099,-0.025,79.36,45.33
"2025-03-26 12:30:00",13212,12.91,310,1,0.039,1.57,-0.02,0.083,-0.003,0.076,-0.027,64.35,45.55
"2025-03-26 13:00:00",13213,12.91,310,1,-0.04,-0.74,-1.16,-0.041,-0.063,-0.025,-0.066,46.45,42.2
"2025-03-26 13:30:00",13214,12.92,310,1,-0.007,0.03,-0.46,0.001,-0.026,0.014,-0.043,51.08,42.41
"2025-03-26 14:00:00",13215,12.92,310,1,-0.004,0.2,-0.51,0.011,-0.028,0.004,-0.045,51.22,42.81
"2025-03-26 14:30:00",13216,12.93,310,1,-0.008,-0.01,-0.46,-0.001,-0.026,0,-0.042,53.89,43.24
"2025-03-26 15:00:00",13217,12.93,310,1,-0.007,0.05,-0.46,0.003,-0.025,0.008,-0.041,52.16,44.42
"2025-03-26 15:30:00",13218,12.93,310,1,-0.013,-0.21,-0.46,-0.012,-0.025,-0.012,-0.041,52.98,43.9
"2025-03-26 16:00:00",13219,12.93,310,1,-0.006,0.05,-0.42,0.003,-0.024,-0.003,-0.04,52.25,43.27
"2025-03-26 16:30:00",13220,12.92,310,1,-0.01,-0.07,-0.47,-0.005,-0.027,-0.004,-0.042,53.85,44.2
"2025-03-26 17:00:00",13221,12.92,310,1,-0.011,-0.12,-0.42,-0.008,-0.024,-0.007,-0.04,52.06,43.65
"2025-03-26 17:30:00",13222,12.92,310,1,-0.004,0.15,-0.46,0.008,-0.026,0.001,-0.041,52.33,43.91
"2025-03-26 18:00:00",13223,12.91,310,1,-0.001,0.25,-0.41,0.013,-0.023,0.017,-0.042,51.85,42.44
"2025-03-26 18:30:00",13224,12.91,310,1,-0.009,-0.06,-0.44,-0.004,-0.025,-0.001,-0.04,52.28,43.29
"2025-03-26 19:00:00",13225,12.9,310,1,-0.008,-0.02,-0.44,-0.003,-0.025,0.001,-0.042,50.97,42.96
"2025-03-26 19:30:00",13226,12.89,310,1,-0.008,-0.02,-0.44,-0.003,-0.025,-0.003,-0.042,51.82,43.4
"2025-03-26 20:00:00",13227,12.89,310,1,-0.008,-0.01,-0.44,-0.001,-0.024,-0.001,-0.042,52.86,43.19
"2025-03-26 20:30:00",13228,12.88,310,1,-0.007,0,-0.44,0,-0.024,0,-0.043,52.21,42.95
"2025-03-26 21:00:00",13229,12.87,310,1,-0.009,-0.02,-0.46,-0.003,-0.026,-0.004,-0.042,52.98,43.31
"2025-03-26 21:30:00",13230,12.86,310,1,-0.007,0.02,-0.44,0.001,-0.025,0.001,-0.042,52.46,43.62
"2025-03-26 22:00:00",13231,12.85,310,1,-0.009,-0.02,-0.46,-0.003,-0.026,-0.003,-0.041,52.85,44
"2025-03-26 22:30:00",13232,12.84,310,1,-0.007,0.03,-0.46,0.001,-0.025,0,-0.042,52.34,43.91
"2025-03-26 23:00:00",13233,12.84,310,1,-0.008,0.03,-0.49,0.001,-0.027,0.001,-0.043,52.39,43.7
"2025-03-26 23:30:00",13234,12.83,310,1,-0.008,-0.02,-0.42,-0.003,-0.024,-0.001,-0.041,52.55,44.12
"2025-03-27 00:00:00",13235,12.82,310,1,-0.011,-0.11,-0.46,-0.007,-0.026,-0.005,-0.042,53.58,43.89
"2025-03-27 00:30:00",13236,12.82,310,1,-0.006,0.05,-0.41,0.003,-0.023,0.001,-0.04,52.63,43.78
"2025-03-27 01:00:00",13237,12.81,310,1,-0.008,0,-0.49,0,-0.027,0,-0.042,52.45,43.76
"2025-03-27 01:30:00",13238,12.81,310,1,-0.008,0,-0.46,0,-0.026,0,-0.042,53.3,44.29
"2025-03-27 02:00:00",13239,12.81,310,1,-0.009,-0.02,-0.46,-0.003,-0.025,-0.003,-0.041,53.14,43.71
"2025-03-27 02:30:00",13240,12.8,310,1,-0.01,-0.06,-0.47,-0.004,-0.027,-0.005,-0.042,53.55,44.28
"2025-03-27 03:00:00",13241,12.8,310,1,-0.008,-0.01,-0.46,-0.001,-0.025,-0.003,-0.041,53.03,43.92
"2025-03-27 03:30:00",13242,12.79,310,1,-0.008,0,-0.46,0,-0.026,0,-0.041,52.79,44.35
"2025-03-27 04:00:00",13243,12.79,310,1,-0.009,-0.02,-0.47,-0.003,-0.027,-0.003,-0.041,53.14,43.72
"2025-03-27 04:30:00",13244,12.79,310,1,-0.009,-0.02,-0.46,-0.003,-0.025,-0.003,-0.041,53.08,43.4
"2025-03-27 05:00:00",13245,12.79,310,1,-0.009,-0.02,-0.46,-0.003,-0.025,-0.003,-0.041,53.14,44.55
"2025-03-27 05:30:00",13246,12.78,310,1,-0.008,-0.01,-0.46,-0.001,-0.025,-0.003,-0.041,52.39,43.69
"2025-03-27 06:00:00",13247,12.78,310,1,-0.008,-0.01,-0.46,-0.001,-0.025,-0.004,-0.041,52.37,44.35
"2025-03-27 06:30:00",13248,12.78,310,1,-0.008,-0.01,-0.42,-0.001,-0.024,-0.001,-0.039,52.74,44.3
"2025-03-27 07:00:00",13249,12.78,310,1,-0.008,-0.02,-0.42,-0.003,-0.024,-0.003,-0.04,53.78,44.09
"2025-03-27 07:30:00",13250,12.77,310,1,-0.006,0.02,-0.39,0.001,-0.022,0.001,-0.038,54.98,44.62
"2025-03-27 08:00:00",13251,12.78,310,1,-0.014,-0.41,-0.21,-0.023,-0.012,-0.021,-0.029,58.58,46.24
"2025-03-27 08:30:00",13252,12.78,310,1,-0.01,-0.06,-0.49,-0.004,-0.028,-0.005,-0.043,53.53,44.53
"2025-03-27 09:00:00",13253,12.79,310,1,0.015,1.12,-0.66,0.059,-0.037,0.04,-0.049,58.21,45.37
"2025-03-27 09:30:00",13254,12.8,310,1,-0.111,-3.87,-0.77,-0.207,-0.042,-0.145,-0.043,50.12,51.68
"2025-03-27 10:00:00",13255,12.81,310,1,-0.05,-1.37,-0.86,-0.074,-0.047,-0.06,-0.053,50.65,44.16
"2025-03-27 10:30:00",13256,12.82,310,1,0.023,0.98,-0.09,0.052,-0.006,0.046,-0.029,58.95,44.46
"2025-03-27 11:00:00",13257,12.83,310,1,-0.04,-0.89,-0.96,-0.048,-0.053,-0.02,-0.058,47.46,42.79
"2025-03-27 11:30:00",13258,12.84,310,1,-0.032,-1.14,-0.21,-0.062,-0.013,-0.06,-0.027,64.06,48.73
"2025-03-27 12:00:00",13259,12.85,310,1,-0.018,-0.29,-0.57,-0.017,-0.032,-0.018,-0.045,70.86,46.24
"2025-03-27 12:30:00",13260,12.87,310,1,0.016,0.87,-0.29,0.046,-0.017,0.044,-0.035,68.69,46.3
"2025-03-27 13:00:00",13261,12.87,310,1,0.009,0.55,-0.22,0.029,-0.013,0.036,-0.036,46.73,42.47
"2025-03-27 13:30:00",13262,12.88,310,1,-0.033,-0.97,-0.46,-0.053,-0.026,-0.018,-0.043,50.21,41.79
"2025-03-27 14:00:00",13263,12.88,310,1,0.014,0.85,-0.37,0.045,-0.022,0.019,-0.039,50.48,43.16
"2025-03-27 14:30:00",13264,12.89,310,1,-0.009,-0.06,-0.46,-0.004,-0.026,-0.003,-0.041,53.68,43.19
"2025-03-27 15:00:00",13265,12.89,310,1,-0.003,0.15,-0.42,0.008,-0.024,0.006,-0.041,52.03,43.88
"2025-03-27 15:30:00",13266,12.89,310,1,-0.005,0.07,-0.42,0.004,-0.024,0.005,-0.041,54.61,43.55
"2025-03-27 16:00:00",13267,12.89,310,1,-0.005,0.05,-0.39,0.003,-0.022,0.003,-0.041,53.47,43.13
"2025-03-27 16:30:00",13268,12.89,310,1,0,0.28,-0.39,0.015,-0.022,0.004,-0.038,52.81,44.24
"2025-03-27 17:00:00",13269,12.89,310,1,-0.004,0.08,-0.39,0.004,-0.023,0.004,-0.041,53.64,44.39
"2025-03-27 17:30:00",13270,12.89,310,1,-0.005,0.12,-0.44,0.006,-0.025,0.007,-0.04,50.67,42.26
"2025-03-27 18:00:00",13271,12.88,310,1,-0.008,-0.01,-0.44,-0.001,-0.024,-0.003,-0.042,51.43,43.84
"2025-03-27 18:30:00",13272,12.88,310,1,-0.012,-0.19,-0.41,-0.012,-0.023,-0.008,-0.041,51.58,42.59
"2025-03-27 19:00:00",13273,12.87,310,1,-0.008,-0.01,-0.46,-0.001,-0.026,-0.001,-0.042,52.34,42.93
"2025-03-27 19:30:00",13274,12.86,310,1,-0.009,-0.01,-0.47,-0.001,-0.026,0,-0.04,51.93,42.83
"2025-03-27 20:00:00",13275,12.86,310,1,-0.007,0.05,-0.46,0.003,-0.026,0.001,-0.042,51.73,43.3
"2025-03-27 20:30:00",13276,12.85,310,1,-0.012,-0.16,-0.44,-0.01,-0.024,-0.005,-0.042,52.05,42.79
"2025-03-27 21:00:00",13277,12.84,310,1,-0.013,-0.19,-0.49,-0.011,-0.027,-0.009,-0.043,52.45,44.18
"2025-03-27 21:30:00",13278,12.84,310,1,-0.009,-0.06,-0.42,-0.004,-0.024,-0.004,-0.04,52.43,43.17
"2025-03-27 22:00:00",13279,12.83,310,1,-0.007,0.05,-0.46,0.003,-0.026,-0.003,-0.042,51.93,43.08
"2025-03-27 22:30:00",13280,12.83,310,1,-0.008,0,-0.47,0,-0.027,0.001,-0.043,52.66,42.98
"2025-03-27 23:00:00",13281,12.82,310,1,-0.006,0.08,-0.47,0.004,-0.027,0.003,-0.044,51.25,43.91
"2025-03-27 23:30:00",13282,12.83,310,1,-0.007,0.03,-0.47,0.001,-0.027,-0.003,-0.041,52.57,43.72
"2025-03-28 00:00:00",13283,12.82,310,1,-0.008,-0.01,-0.44,-0.001,-0.025,-0.003,-0.042,53.08,43.4
"2025-03-28 00:30:00",13284,12.82,310,1,-0.007,0.03,-0.44,0.001,-0.025,0.001,-0.042,51.82,44.22
"2025-03-28 01:00:00",13285,12.82,310,1,-0.006,0.03,-0.42,0.001,-0.024,0.001,-0.039,52.34,43.91
"2025-03-28 01:30:00",13286,12.82,310,1,-0.008,-0.01,-0.44,-0.001,-0.025,-0.003,-0.042,52.43,43.59
"2025-03-28 02:00:00",13287,12.82,310,1,-0.008,-0.02,-0.44,-0.003,-0.025,-0.004,-0.041,53.22,44.63
"2025-03-28 02:30:00",13288,12.82,310,1,-0.008,-0.01,-0.42,-0.001,-0.024,0,-0.041,52.61,44.33
"2025-03-28 03:00:00",13289,12.81,310,1,-0.008,-0.02,-0.42,-0.003,-0.024,-0.003,-0.041,52.85,44.16
"2025-03-28 03:30:00",13290,12.81,310,1,-0.01,-0.11,-0.42,-0.007,-0.024,-0.005,-0.041,53.53,44.52
"2025-03-28 04:00:00",13291,12.81,310,1,-0.01,-0.11,-0.44,-0.007,-0.025,-0.005,-0.041,53.08,44.65
"2025-03-28 04:30:00",13292,12.81,310,1,-0.01,-0.11,-0.42,-0.007,-0.024,-0.005,-0.041,53.55,44.44
"2025-03-28 05:00:00",13293,12.81,310,1,-0.008,-0.01,-0.44,-0.001,-0.025,-0.001,-0.041,53.81,43.97
"2025-03-28 05:30:00",13294,12.81,310,1,-0.008,-0.02,-0.44,-0.003,-0.025,-0.003,-0.041,53.02,43.75
"2025-03-28 06:00:00",13295,12.8,310,1,-0.009,-0.04,-0.44,-0.004,-0.025,-0.001,-0.04,53.66,44.55
"2025-03-28 06:30:00",13296,12.8,310,1,-0.009,-0.04,-0.44,-0.004,-0.025,-0.003,-0.04,53.8,44.12
"2025-03-28 07:00:00",13297,12.81,310,1,-0.007,0,-0.44,0,-0.025,0.001,-0.042,52.13,45.1
"2025-03-28 07:30:00",13298,12.81,310,1,-0.008,-0.02,-0.44,-0.003,-0.024,-0.003,-0.04,54.4,44.72
"2025-03-28 08:00:00",13299,12.81,310,1,-0.01,-0.06,-0.47,-0.004,-0.026,-0.003,-0.041,52.99,45.13
"2025-03-28 08:30:00",13300,12.81,310,1,-0.009,-0.06,-0.42,-0.004,-0.024,-0.001,-0.041,52.67,43.83
"2025-03-28 09:00:00",13301,12.82,310,1,-0.008,-0.02,-0.42,-0.003,-0.024,-0.005,-0.041,52.93,44.51
"2025-03-28 09:30:00",13302,12.82,310,1,-0.006,0.05,-0.41,0.003,-0.023,0.001,-0.039,54.29,44.45
"2025-03-28 10:00:00",13303,12.82,310,1,-0.011,-0.12,-0.47,-0.008,-0.027,-0.006,-0.041,53.81,44.97
"2025-03-28 10:30:00",13304,12.83,310,1,-0.005,0.08,-0.41,0.004,-0.023,0.001,-0.039,55.41,43.92
"2025-03-28 11:00:00",13305,12.83,310,1,-0.021,-0.37,-0.62,-0.021,-0.035,-0.013,-0.047,49.12,44.29
"2025-03-28 11:30:00",13306,12.84,310,1,0.017,0.7,-0.02,0.037,-0.002,0.036,-0.021,70.22,50.75
"2025-03-28 12:00:00",13307,12.85,310,1,0.001,0.52,-0.62,0.027,-0.034,0.018,-0.047,58.95,45.82
"2025-03-28 12:30:00",13308,12.86,310,1,0.027,1.45,-0.47,0.077,-0.026,0.073,-0.042,58.52,46.79
"2025-03-28 13:00:00",13309,12.87,310,1,-0.019,-0.47,-0.41,-0.027,-0.023,-0.013,-0.044,49.81,41.81
"2025-03-28 13:30:00",13310,12.87,310,1,-0.012,-0.21,-0.41,-0.012,-0.023,-0.007,-0.042,53.47,43.25
"2025-03-28 14:00:00",13311,12.88,310,1,-0.008,0,-0.46,0,-0.026,-0.001,-0.043,53.41,44.34
"2025-03-28 14:30:00",13312,12.89,310,1,-0.006,0.03,-0.39,0.001,-0.023,0.003,-0.041,52.11,43.45
"2025-03-28 15:00:00",13313,12.89,310,1,-0.008,-0.02,-0.42,-0.003,-0.024,-0.004,-0.042,53.03,42.97
"2025-03-28 15:30:00",13314,12.89,310,1,-0.006,0.05,-0.44,0.003,-0.025,0.003,-0.041,51.93,43.95
"2025-03-28 16:00:00",13315,12.89,310,1,-0.005,0.1,-0.42,0.005,-0.024,0.006,-0.041,53.98,44.59
"2025-03-28 16:30:00",13316,12.89,310,1,-0.005,0.12,-0.47,0.006,-0.026,0.004,-0.043,51.5,42.94
"2025-03-28 17:00:00",13317,12.89,310,1,-0.008,0.03,-0.49,0.001,-0.027,0.003,-0.042,52.85,43.62
"2025-03-28 17:30:00",13318,12.88,310,1,-0.009,-0.06,-0.46,-0.004,-0.026,-0.003,-0.043,52.04,43.06
"2025-03-28 18:00:00",13319,12.88,310,1,-0.009,-0.02,-0.47,-0.003,-0.026,-0.001,-0.042,50.8,43.38
"2025-03-28 18:30:00",13320,12.88,310,1,-0.005,0.08,-0.44,0.004,-0.025,0.003,-0.044,51.65,42.25
"2025-03-28 19:00:00",13321,12.87,310,1,-0.01,-0.07,-0.47,-0.006,-0.026,-0.004,-0.043,52.14,42.89
"2025-03-28 19:30:00",13322,12.87,310,1,-0.008,0,-0.47,0,-0.027,-0.001,-0.045,51.23,43.07
"2025-03-28 20:00:00",13323,12.86,310,1,-0.006,0.05,-0.44,0.003,-0.025,0.001,-0.044,51.18,42.6
"2025-03-28 20:30:00",13324,12.85,310,1,-0.008,-0.01,-0.44,-0.001,-0.025,-0.001,-0.042,51.72,42.73
"2025-03-28 21:00:00",13325,12.84,310,1,-0.011,-0.14,-0.44,-0.008,-0.024,-0.007,-0.04,52.73,42.91
"2025-03-28 21:30:00",13326,12.84,310,1,-0.01,-0.11,-0.44,-0.007,-0.025,-0.005,-0.041,52.15,43.32
"2025-03-28 22:00:00",13327,12.83,310,1,-0.011,-0.11,-0.46,-0.007,-0.026,-0.008,-0.043,52.64,42.97
"2025-03-28 22:30:00",13328,12.83,310,1,-0.015,-0.27,-0.47,-0.016,-0.027,-0.013,-0.042,55.2,44.03
"2025-03-28 23:00:00",13329,12.83,310,1,-0.011,-0.16,-0.42,-0.01,-0.024,-0.007,-0.041,52.47,44.47
"2025-03-28 23:30:00",13330,12.83,310,1,-0.009,-0.06,-0.42,-0.004,-0.024,-0.004,-0.041,53.5,43.57
"2025-03-29 00:00:00",13331,12.83,310,1,-0.009,-0.06,-0.42,-0.004,-0.024,-0.003,-0.043,53.04,43.22
"2025-03-29 00:30:00",13332,12.83,310,1,-0.005,0.08,-0.41,0.004,-0.023,0.001,-0.042,52.12,43.44
"2025-03-29 01:00:00",13333,12.83,310,1,-0.007,0.05,-0.46,0.003,-0.026,0.001,-0.042,51.9,43.75
"2025-03-29 01:30:00",13334,12.82,310,1,-0.008,-0.02,-0.42,-0.003,-0.024,-0.003,-0.042,52.65,43.15
"2025-03-29 02:00:00",13335,12.82,310,1,-0.006,0.03,-0.42,0.001,-0.024,0,-0.04,52.31,43.48
"2025-03-29 02:30:00",13336,12.82,310,1,-0.009,-0.02,-0.46,-0.003,-0.026,-0.003,-0.043,53.3,44.05
"2025-03-29 03:00:00",13337,12.82,310,1,-0.009,-0.06,-0.46,-0.004,-0.026,-0.004,-0.042,52.49,43.09
"2025-03-29 03:30:00",13338,12.82,310,1,-0.008,-0.02,-0.41,-0.003,-0.023,-0.001,-0.04,52.89,44.21
"2025-03-29 04:00:00",13339,12.81,310,1,-0.007,0,-0.42,0,-0.024,-0.001,-0.042,52.94,44.1
"2025-03-29 04:30:00",13340,12.81,310,1,-0.009,-0.06,-0.42,-0.004,-0.024,-0.003,-0.04,51.88,44.14
"2025-03-29 05:00:00",13341,12.81,310,1,-0.005,0.08,-0.42,0.004,-0.024,0.004,-0.042,52.15,42.9
"2025-03-29 05:30:00",13342,12.81,310,1,-0.006,0.03,-0.42,0.001,-0.024,0.001,-0.04,53.7,43.21
"2025-03-29 06:00:00",13343,12.81,310,1,-0.009,-0.06,-0.46,-0.004,-0.026,-0.004,-0.042,54.02,43.68
"2025-03-29 06:30:00",13344,12.81,310,1,-0.008,-0.01,-0.42,-0.001,-0.024,-0.003,-0.042,53.71,43.89
"2025-03-29 07:00:00",13345,12.81,310,1,-0.01,-0.11,-0.42,-0.007,-0.024,-0.007,-0.041,52.25,43.84
"2025-03-29 07:30:00",13346,12.8,310,1,-0.008,-0.01,-0.42,-0.001,-0.024,0.001,-0.04,53.42,43.91
"2025-03-29 08:00:00",13347,12.8,310,1,-0.009,-0.02,-0.46,-0.003,-0.025,-0.001,-0.041,53.46,43.12
"2025-03-29 08:30:00",13348,12.8,310,1,-0.007,-0.01,-0.41,-0.001,-0.023,0,-0.04,55.22,44.31
"2025-03-29 09:00:00",13349,12.8,310,1,-0.009,-0.02,-0.46,-0.003,-0.025,-0.001,-0.041,52.89,44.73
"2025-03-29 09:30:00",13350,12.81,310,1,0.011,0.68,-0.32,0.037,-0.019,0.029,-0.036,59.57,45.6
"2025-03-29 10:00:00",13351,12.81,310,1,-0.006,0.05,-0.42,0.003,-0.024,0,-0.043,53.24,43.57
"2025-03-29 10:30:00",13352,12.81,310,1,-0.004,0.13,-0.42,0.007,-0.024,0.005,-0.041,54.04,43.29
"2025-03-29 11:00:00",13353,12.81,310,1,-0.018,-0.32,-0.56,-0.018,-0.031,-0.015,-0.045,52.35,44.78
"2025-03-29 11:30:00",13354,12.82,310,1,-0.004,0.1,-0.41,0.006,-0.023,0.003,-0.042,54.34,43.69
"2025-03-29 12:00:00",13355,12.82,310,1,-0.013,-0.14,-0.54,-0.008,-0.03,-0.013,-0.044,52.91,43.68
"2025-03-29 12:30:00",13356,12.82,310,1,0.008,0.65,-0.41,0.034,-0.023,0.031,-0.041,56.63,44.9
"2025-03-29 13:00:00",13357,12.83,310,1,-0.002,0.2,-0.39,0.011,-0.022,0.009,-0.041,54.07,43.75
"2025-03-29 13:30:00",13358,12.84,310,1,-0.012,-0.14,-0.49,-0.008,-0.027,-0.005,-0.045,52.52,43.13
"2025-03-29 14:00:00",13359,12.84,310,1,-0.005,0.13,-0.49,0.007,-0.027,0.003,-0.044,52.14,43.58
"2025-03-29 14:30:00",13360,12.84,310,1,-0.006,0.03,-0.42,0.001,-0.024,0.003,-0.043,53.08,44.26
"2025-03-29 15:00:00",13361,12.84,310,1,-0.009,-0.06,-0.46,-0.004,-0.026,-0.001,-0.044,52.31,43.07
"2025-03-29 15:30:00",13362,12.84,310,1,-0.008,-0.02,-0.44,-0.003,-0.024,-0.001,-0.042,53.02,42.96
"2025-03-29 16:00:00",13363,12.84,310,1,-0.007,0,-0.44,0,-0.024,0,-0.045,52.71,42.65
"2025-03-29 16:30:00",13364,12.84,310,1,-0.007,0.02,-0.44,0.001,-0.024,0.001,-0.043,52.51,42.71
"2025-03-29 17:00:00",13365,12.84,310,1,-0.009,0,-0.51,0,-0.029,0.004,-0.046,49.34,42.6
"2025-03-29 17:30:00",13366,12.84,310,1,-0.009,-0.02,-0.47,-0.003,-0.026,-0.001,-0.043,51.88,42.65
"2025-03-29 18:00:00",13367,12.83,310,1,-0.008,-0.02,-0.44,-0.003,-0.025,-0.001,-0.042,50.95,42.14
"2025-03-29 18:30:00",13368,12.83,310,1,-0.008,-0.01,-0.46,-0.001,-0.025,-0.004,-0.044,53,42.1
"2025-03-29 19:00:00",13369,12.83,310,1,-0.01,-0.06,-0.47,-0.004,-0.027,-0.004,-0.044,51.76,42.52
"2025-03-29 19:30:00",13370,12.82,310,1,-0.009,-0.07,-0.42,-0.006,-0.024,-0.005,-0.043,51.83,42.43
"2025-03-29 20:00:00",13371,12.82,310,1,-0.01,-0.07,-0.44,-0.006,-0.025,-0.005,-0.044,51.88,42.91
"2025-03-29 20:30:00",13372,12.81,310,1,-0.009,-0.01,-0.51,-0.001,-0.028,-0.003,-0.044,51.36,42.54
"2025-03-29 21:00:00",13373,12.81,310,1,-0.009,-0.06,-0.44,-0.004,-0.025,-0.003,-0.045,51.8,42.55
"2025-03-29 21:30:00",13374,12.8,310,1,-0.009,-0.02,-0.47,-0.003,-0.027,-0.001,-0.044,51.7,43.44
"2025-03-29 22:00:00",13375,12.79,310,1,-0.007,0,-0.44,0,-0.025,-0.001,-0.043,52.19,43.1
"2025-03-29 22:30:00",13376,12.79,310,1,-0.01,-0.09,-0.46,-0.006,-0.025,-0.007,-0.043,51.92,42.26
"2025-03-29 23:00:00",13377,12.78,310,1,-0.011,-0.11,-0.47,-0.007,-0.026,-0.005,-0.042,52.35,43.25
"2025-03-29 23:30:00",13378,12.78,310,1,-0.011,-0.11,-0.47,-0.007,-0.026,-0.005,-0.042,52.88,43.37
"2025-03-30 00:00:00",13379,12.77,310,1,-0.01,-0.11,-0.44,-0.007,-0.025,-0.007,-0.042,52.66,43.41
"2025-03-30 00:30:00",13380,12.77,310,1,-0.01,-0.06,-0.49,-0.004,-0.028,-0.005,-0.045,52.82,43.42
"2025-03-30 01:00:00",13381,12.76,310,1,-0.011,-0.11,-0.46,-0.007,-0.026,-0.008,-0.043,52.92,44.09
"2025-03-30 01:30:00",13382,12.76,310,1,-0.011,-0.11,-0.49,-0.007,-0.027,-0.005,-0.043,53.34,42.84
"2025-03-30 02:00:00",13383,12.76,310,1,-0.011,-0.11,-0.46,-0.007,-0.026,-0.005,-0.042,52.45,43.87
"2025-03-30 02:30:00",13384,12.76,310,1,-0.009,-0.06,-0.44,-0.004,-0.025,-0.003,-0.041,52.15,42.9
"2025-03-30 03:00:00",13385,12.76,310,1,-0.01,-0.07,-0.44,-0.006,-0.024,-0.005,-0.041,53.1,43.45
"2025-03-30 03:30:00",13386,12.76,310,1,-0.008,-0.02,-0.44,-0.003,-0.025,-0.001,-0.041,52.63,43.65
"2025-03-30 04:00:00",13387,12.76,310,1,-0.012,-0.16,-0.47,-0.01,-0.026,-0.01,-0.044,52.75,43.09
"2025-03-30 04:30:00",13388,12.76,310,1,-0.012,-0.16,-0.47,-0.01,-0.026,-0.008,-0.044,51.66,43.09
"2025-03-30 05:00:00",13389,12.76,310,1,-0.011,-0.07,-0.49,-0.006,-0.028,-0.007,-0.042,52.81,43.31
"2025-03-30 05:30:00",13390,12.75,310,1,-0.013,-0.14,-0.52,-0.009,-0.029,-0.008,-0.042,52.45,43.2
"2025-03-30 06:00:00",13391,12.75,310,1,-0.011,-0.11,-0.46,-0.007,-0.026,-0.005,-0.042,52.86,43.77
"2025-03-30 06:30:00",13392,12.75,310,1,-0.011,-0.11,-0.46,-0.007,-0.026,-0.005,-0.042,52.23,43.25
"2025-03-30 07:00:00",13393,12.75,310,1,-0.009,-0.06,-0.44,-0.004,-0.025,-0.007,-0.042,52.97,43.72
"2025-03-30 07:30:00",13394,12.75,310,1,-0.011,-0.12,-0.46,-0.008,-0.026,-0.008,-0.043,53.89,43.39
"2025-03-30 08:00:00",13395,12.75,310,1,-0.009,-0.02,-0.46,-0.003,-0.026,-0.003,-0.042,53.15,44.58
"2025-03-30 08:30:00",13396,12.75,310,1,-0.012,-0.12,-0.49,-0.008,-0.027,-0.008,-0.042,53.69,43.61
"2025-03-30 09:00:00",13397,12.75,310,1,0.009,0.65,-0.36,0.035,-0.02,0.027,-0.038,58.78,45.39
"2025-03-30 09:30:00",13398,12.75,310,1,-0.015,-0.24,-0.51,-0.014,-0.028,-0.008,-0.043,51.52,45.03
"2025-03-30 10:00:00",13399,12.75,310,1,-0.002,0.23,-0.46,0.013,-0.026,0.004,-0.042,51.91,43.51
"2025-03-30 10:30:00",13400,12.76,310,1,-0.005,0.1,-0.44,0.006,-0.025,0.005,-0.042,51.46,43.73
"2025-03-30 11:00:00",13401,12.75,310,1,-0.008,-0.01,-0.46,-0.001,-0.026,0,-0.042,51.82,43
"2025-03-30 11:30:00",13402,12.76,310,1,-0.005,0.12,-0.44,0.006,-0.025,-0.001,-0.042,52.24,43.57
"2025-03-30 12:00:00",13403,12.75,310,1,-0.008,0,-0.46,0,-0.026,-0.003,-0.042,53.39,44.15
"2025-03-30 12:30:00",13404,12.76,310,1,-0.008,-0.06,-0.37,-0.004,-0.021,-0.006,-0.04,52.56,43.74
"2025-03-30 13:00:00",13405,12.76,310,1,-0.017,-0.32,-0.52,-0.019,-0.029,-0.007,-0.043,50.26,43.67
"2025-03-30 13:30:00",13406,12.76,310,1,-0.014,-0.19,-0.51,-0.012,-0.028,-0.01,-0.045,51.51,42.95
"2025-03-30 14:00:00",13407,12.76,310,1,-0.01,-0.09,-0.44,-0.006,-0.025,-0.003,-0.044,50.63,42.64
"2025-03-30 14:30:00",13408,12.76,310,1,-0.01,-0.11,-0.44,-0.007,-0.025,-0.008,-0.041,52.51,43.53
"2025-03-30 15:00:00",13409,12.76,310,1,-0.018,-0.37,-0.47,-0.022,-0.026,-0.016,-0.042,51.78,42.38
"2025-03-30 15:30:00",13410,12.76,310,1,-0.006,0.05,-0.42,0.003,-0.023,0.007,-0.043,51.24,42.16
"2025-03-30 16:00:00",13411,12.76,310,1,0.001,0.35,-0.39,0.018,-0.022,0.013,-0.041,50.09,43.08
"2025-03-30 16:30:00",13412,12.75,310,1,-0.008,-0.02,-0.41,-0.003,-0.023,-0.007,-0.041,52.24,43.41
"2025-03-30 17:00:00",13413,12.75,310,1,-0.006,0.05,-0.44,0.003,-0.025,-0.001,-0.041,50.05,43.3
"2025-03-30 17:30:00",13414,12.74,310,1,-0.007,0,-0.42,0,-0.024,0.004,-0.043,50.93,42.78
"2025-03-30 18:00:00",13415,12.74,310,1,-0.009,0,-0.51,0,-0.029,-0.007,-0.043,50.81,42.39
"2025-03-30 18:30:00",13416,12.74,310,1,-0.012,-0.14,-0.47,-0.009,-0.027,-0.004,-0.043,50.79,43.2
"2025-03-30 19:00:00",13417,12.73,310,1,-0.005,0.12,-0.46,0.006,-0.025,0.009,-0.043,50.84,42.84
"2025-03-30 19:30:00",13418,12.73,310,1,-0.009,-0.02,-0.47,-0.003,-0.027,-0.006,-0.041,51.1,42.43
"2025-03-30 20:00:00",13419,12.72,310,1,-0.007,0.05,-0.47,0.003,-0.027,0.003,-0.044,51.51,43.66
"2025-03-30 20:30:00",13420,12.72,310,1,-0.007,0.03,-0.47,0.001,-0.026,-0.003,-0.044,50.95,43.78
"2025-03-30 21:00:00",13421,12.72,310,1,-0.008,-0.02,-0.41,-0.003,-0.023,-0.001,-0.041,51.46,42.78
"2025-03-30 21:30:00",13422,12.72,310,1,-0.008,-0.01,-0.44,-0.001,-0.025,-0.003,-0.043,50.85,44.1
"2025-03-30 22:00:00",13423,12.71,310,1,-0.005,0.12,-0.47,0.006,-0.026,0.006,-0.043,51.64,42.81
"2025-03-30 22:30:00",13424,12.71,310,1,-0.01,-0.06,-0.47,-0.004,-0.026,-0.004,-0.044,51.48,42.64
"2025-03-30 23:00:00",13425,12.71,310,1,-0.009,-0.06,-0.44,-0.004,-0.025,-0.004,-0.043,52.92,42.43
"2025-03-30 23:30:00",13426,12.71,310,1,-0.007,0,-0.41,0,-0.023,0.001,-0.041,51.84,43.42
"2025-03-31 00:00:00",13427,12.7,310,1,-0.009,-0.06,-0.44,-0.004,-0.025,-0.004,-0.043,51.58,43.58
"2025-03-31 00:30:00",13428,12.7,310,1,-0.009,-0.06,-0.44,-0.004,-0.025,-0.006,-0.041,53.71,43.22
"2025-03-31 01:00:00",13429,12.7,310,1,-0.01,-0.06,-0.47,-0.004,-0.026,-0.007,-0.041,52,43.32
"2025-03-31 01:30:00",13430,12.7,310,1,-0.009,-0.01,-0.47,-0.001,-0.026,-0.006,-0.041,51.32,44.15
"2025-03-31 02:00:00",13431,12.7,310,1,-0.01,-0.06,-0.47,-0.004,-0.026,-0.001,-0.043,52.47,43.48
"2025-03-31 02:30:00",13432,12.69,310,1,-0.011,-0.11,-0.47,-0.007,-0.026,-0.007,-0.041,52.94,42.44
"2025-03-31 03:00:00",13433,12.69,310,1,-0.009,-0.02,-0.47,-0.003,-0.026,-0.004,-0.043,51.96,43.54
"2025-03-31 03:30:00",13434,12.69,310,1,-0.009,-0.06,-0.44,-0.004,-0.025,-0.003,-0.043,51.39,43.39
"2025-03-31 04:00:00",13435,12.69,310,1,-0.013,-0.16,-0.49,-0.01,-0.028,-0.008,-0.042,52.38,42.71
"2025-03-31 04:30:00",13436,12.69,310,1,-0.01,-0.09,-0.44,-0.006,-0.025,-0.004,-0.043,52.26,44
"2025-03-31 05:00:00",13437,12.69,310,1,-0.009,-0.01,-0.47,-0.001,-0.026,0,-0.041,52.11,43.53
"2025-03-31 05:30:00",13438,12.69,310,1,-0.011,-0.09,-0.47,-0.006,-0.026,-0.008,-0.041,52.41,43.99
"2025-03-31 06:00:00",13439,12.69,310,1,-0.009,-0.06,-0.44,-0.004,-0.025,-0.007,-0.041,51.47,43.47
"2025-03-31 06:30:00",13440,12.69,310,1,-0.009,-0.02,-0.47,-0.003,-0.026,-0.003,-0.041,52.2,43.52
"2025-03-31 07:00:00",13441,12.68,310,1,-0.01,-0.07,-0.46,-0.006,-0.026,-0.004,-0.042,53.33,44.08
"2025-03-31 07:30:00",13442,12.68,310,1,-0.011,-0.11,-0.46,-0.007,-0.026,-0.008,-0.041,53.83,43.91
"2025-03-31 08:00:00",13443,12.68,310,1,-0.008,-0.01,-0.42,-0.001,-0.024,-0.001,-0.041,51.91,44.75
"2025-03-31 08:30:00",13444,12.69,310,1,-0.009,-0.02,-0.46,-0.003,-0.026,-0.001,-0.042,53.01,44.59
"2025-03-31 09:00:00",13445,12.69,310,1,-0.009,-0.02,-0.47,-0.003,-0.026,-0.006,-0.041,52.59,43.92
"2025-03-31 09:30:00",13446,12.69,310,1,-0.014,-0.26,-0.44,-0.015,-0.025,-0.015,-0.041,53.76,44.78
"2025-03-31 10:00:00",13447,12.69,310,1,0.01,0.65,-0.34,0.035,-0.019,0.025,-0.039,55.14,44.49
"2025-03-31 10:30:00",13448,12.69,310,1,0.005,0.47,-0.37,0.025,-0.022,0.016,-0.04,50.32,43.16
"2025-03-31 11:00:00",13449,12.69,310,1,-0.005,0.12,-0.47,0.006,-0.026,0,-0.043,51.42,44.1
"2025-03-31 11:30:00",13450,12.7,310,1,0.001,0.13,-0.12,0.007,-0.008,0.005,-0.028,64.59,48.04
"2025-03-31 12:00:00",13451,12.7,310,1,0.015,0.77,-0.19,0.041,-0.012,0.034,-0.032,58.78,45.65
"2025-03-31 12:30:00",13452,12.7,310,1,-0.019,-0.34,-0.57,-0.019,-0.032,-0.019,-0.045,59.91,44.6
"2025-03-31 13:00:00",13453,12.71,310,1,0.006,0.38,-0.21,0.02,-0.012,0.022,-0.034,53.89,43.67
"2025-03-31 13:30:00",13454,12.71,310,1,-0.003,0.2,-0.46,0.011,-0.026,0.007,-0.044,50.35,42.21
"2025-03-31 14:00:00",13455,12.71,310,1,-0.011,-0.11,-0.47,-0.007,-0.027,0.001,-0.045,51.25,42.28
"2025-03-31 14:30:00",13456,12.71,310,1,-0.005,0.15,-0.49,0.008,-0.027,0.001,-0.045,51.48,42.82
"2025-03-31 15:00:00",13457,12.71,310,1,-0.013,-0.17,-0.51,-0.011,-0.028,-0.004,-0.043,51.77,42.53
"2025-03-31 15:30:00",13458,12.71,310,1,-0.003,0.15,-0.41,0.008,-0.023,0.01,-0.042,49.74,42.58
"2025-03-31 16:00:00",13459,12.71,310,1,-0.014,-0.26,-0.46,-0.015,-0.026,-0.016,-0.042,51.01,42.34
"2025-03-31 16:30:00",13460,12.7,310,1,-0.007,0.07,-0.49,0.003,-0.027,0.004,-0.045,50.01,42.85
"2025-03-31 17:00:00",13461,12.7,310,1,-0.007,0.07,-0.49,0.003,-0.027,0.004,-0.044,50.39,43.64
"2025-03-31 17:30:00",13462,12.7,310,1,-0.002,0.23,-0.46,0.012,-0.026,0.01,-0.043,51.32,42.5
"2025-03-31 18:00:00",13463,12.69,310,1,-0.005,0.08,-0.42,0.005,-0.024,0.001,-0.044,51.01,42.59
"2025-03-31 18:30:00",13464,12.69,310,1,-0.009,-0.01,-0.49,-0.002,-0.027,-0.001,-0.044,50.93,42.1
"2025-03-31 19:00:00",13465,12.69,310,1,-0.007,0,-0.41,0,-0.023,0.004,-0.041,49.72,41.88
"2025-03-31 19:30:00",13466,12.68,310,1,-0.009,-0.02,-0.46,-0.003,-0.026,-0.003,-0.044,51.24,42.26
"2025-03-31 20:00:00",13467,12.68,310,1,-0.01,-0.06,-0.49,-0.005,-0.027,-0.007,-0.044,50.94,42.53
"2025-03-31 20:30:00",13468,12.67,310,1,-0.008,0,-0.49,0,-0.027,-0.001,-0.042,51.72,43.15
"2025-03-31 21:00:00",13469,12.67,310,1,-0.006,0.05,-0.42,0.003,-0.024,0.003,-0.041,51.62,43.2
"2025-03-31 21:30:00",13470,12.66,310,1,-0.009,-0.01,-0.49,-0.002,-0.027,-0.001,-0.043,51.63,43.63
"2025-03-31 22:00:00",13471,12.66,310,1,-0.011,-0.11,-0.46,-0.007,-0.025,-0.01,-0.042,51.66,42.41
"2025-03-31 22:30:00",13472,12.66,310,1,-0.011,-0.14,-0.44,-0.009,-0.025,-0.01,-0.042,52.34,43.51
"2025-03-31 23:00:00",13473,12.66,310,1,-0.01,-0.07,-0.44,-0.006,-0.025,-0.003,-0.043,52.86,44.29
"2025-03-31 23:30:00",13474,12.66,310,1,-0.009,-0.02,-0.47,-0.003,-0.027,-0.001,-0.043,53.28,43.62
"2025-04-01 00:00:00",13475,12.65,310,1,-0.011,-0.11,-0.47,-0.007,-0.027,-0.007,-0.043,52.55,42.89
"2025-04-01 00:30:00",13476,12.65,310,1,-0.009,-0.06,-0.44,-0.004,-0.025,-0.004,-0.04,52.88,42.95
"2025-04-01 01:00:00",13477,12.65,310,1,-0.009,-0.06,-0.46,-0.004,-0.025,-0.004,-0.042,52.29,43.72
"2025-04-01 01:30:00",13478,12.65,310,1,-0.008,-0.01,-0.42,-0.001,-0.024,0.003,-0.042,51.9,44.05
"2025-04-01 02:00:00",13479,12.65,310,1,-0.01,-0.09,-0.46,-0.006,-0.025,-0.006,-0.043,52.48,42.81
"2025-04-01 02:30:00",13480,12.64,310,1,-0.009,-0.06,-0.42,-0.004,-0.024,-0.003,-0.042,52.89,42.96
"2025-04-01 03:00:00",13481,12.64,310,1,-0.008,0,-0.47,0,-0.027,0.003,-0.042,51.51,43.5
"2025-04-01 03:30:00",13482,12.64,310,1,-0.006,0.05,-0.44,0.003,-0.025,0.003,-0.042,53.2,43.79
"2025-04-01 04:00:00",13483,12.64,310,1,-0.01,-0.06,-0.47,-0.004,-0.027,-0.006,-0.042,53,43.07
"2025-04-01 04:30:00",13484,12.63,310,1,-0.009,-0.02,-0.49,-0.003,-0.028,0.003,-0.044,51.36,43.62
"2025-04-01 05:00:00",13485,12.63,310,1,-0.012,-0.17,-0.46,-0.01,-0.026,-0.006,-0.042,51.91,43.75
"2025-04-01 05:30:00",13486,12.62,310,1,-0.012,-0.14,-0.46,-0.009,-0.026,-0.004,-0.045,52.55,43.3
"2025-04-01 06:00:00",13487,12.62,310,1,-0.007,0.05,-0.49,0.003,-0.027,-0.007,-0.043,52.63,43.37
"2025-04-01 06:30:00",13488,12.61,310,1,-0.016,-0.31,-0.46,-0.017,-0.025,-0.014,-0.042,52.89,42.64
"2025-04-01 07:00:00",13489,12.61,310,1,-0.004,0.12,-0.42,0.006,-0.024,0.003,-0.044,50.98,43.38
"2025-04-01 07:30:00",13490,12.6,310,1,-0.013,-0.19,-0.46,-0.012,-0.026,-0.007,-0.042,52.99,44.15
"2025-04-01 08:00:00",13491,12.6,310,1,-0.006,0.12,-0.51,0.006,-0.028,-0.008,-0.046,52.81,43.96
"2025-04-01 08:30:00",13492,12.6,310,1,-0.016,-0.29,-0.47,-0.017,-0.026,-0.019,-0.043,53.58,44.32
"2025-04-01 09:00:00",13493,12.59,310,1,-0.006,0.12,-0.52,0.006,-0.029,-0.001,-0.044,52.99,43.88
"2025-04-01 09:30:00",13494,12.59,310,1,0.006,0.23,-0.01,0.012,-0.001,0.012,-0.021,70.22,48.21
"2025-04-01 10:00:00",13495,12.59,310,1,-0.015,-0.11,-0.71,-0.007,-0.039,-0.005,-0.05,48.86,44.34
"2025-04-01 10:30:00",13496,12.59,310,1,-0.017,-0.26,-0.57,-0.015,-0.032,-0.012,-0.045,56.52,45.03
"2025-04-01 11:00:00",13497,12.59,310,1,-0.042,-1.37,-0.41,-0.074,-0.023,-0.065,-0.039,48.85,43.76
"2025-04-01 11:30:00",13498,12.59,310,1,0.04,1.37,0.28,0.073,0.015,0.074,-0.008,79.96,51.15
"2025-04-01 12:00:00",13499,12.59,310,1,0.011,0.55,-0.16,0.029,-0.01,0.031,-0.031,75.17,45.13
"2025-04-01 12:30:00",13500,12.6,310,1,-0.022,-0.41,-0.64,-0.023,-0.035,-0.015,-0.046,55.94,45.86
"2025-04-01 13:00:00",13501,12.6,310,1,-0.033,-0.86,-0.66,-0.047,-0.036,-0.046,-0.049,51.36,42.12
"2025-04-01 13:30:00",13502,12.6,310,1,-0.023,-0.54,-0.54,-0.03,-0.031,-0.011,-0.045,50.32,41.9
"2025-04-01 14:00:00",13503,12.6,310,1,-0.01,-0.07,-0.47,-0.005,-0.026,-0.003,-0.043,52.25,42.01
"2025-04-01 14:30:00",13504,12.61,310,1,-0.006,0.07,-0.44,0.003,-0.024,0.011,-0.043,50.36,42.61
"2025-04-01 15:00:00",13505,12.61,310,1,-0.008,-0.01,-0.44,-0.001,-0.025,0.001,-0.042,52.86,44.03
"2025-04-01 15:30:00",13506,12.6,310,1,0,0.27,-0.42,0.014,-0.024,-0.003,-0.041,52.23,44.24
"2025-04-01 16:00:00",13507,12.6,310,1,0.001,0.37,-0.41,0.019,-0.023,0.034,-0.042,51.12,44.2
"2025-04-01 16:30:00",13508,12.6,310,1,-0.007,0.05,-0.46,0.003,-0.025,0.005,-0.042,53.03,43.78
"2025-04-01 17:00:00",13509,12.6,310,1,-0.008,-0.01,-0.46,-0.002,-0.026,0.003,-0.041,52.32,43.9
"2025-04-01 17:30:00",13510,12.6,310,1,-0.01,-0.06,-0.47,-0.004,-0.027,-0.005,-0.043,52.95,43.53
"2025-04-01 18:00:00",13511,12.59,310,1,-0.006,0.08,-0.46,0.004,-0.026,-0.001,-0.041,52.57,43.31
"2025-04-01 18:30:00",13512,12.59,310,1,-0.012,-0.14,-0.46,-0.009,-0.026,-0.01,-0.044,51.37,42.95
"2025-04-01 19:00:00",13513,12.59,310,1,0.007,0.62,-0.42,0.033,-0.024,0.019,-0.044,49.22,42.61
"2025-04-01 19:30:00",13514,12.58,310,1,-0.01,-0.09,-0.46,-0.006,-0.026,-0.004,-0.044,51.6,43.17
"2025-04-01 20:00:00",13515,12.58,310,1,-0.01,-0.09,-0.42,-0.006,-0.024,-0.007,-0.041,52.54,43.02
"2025-04-01 20:30:00",13516,12.57,310,1,-0.008,-0.01,-0.46,-0.001,-0.026,-0.001,-0.043,52.39,43.28
"2025-04-01 21:00:00",13517,12.56,310,1,-0.007,0,-0.42,0,-0.024,-0.001,-0.042,52.54,43.44
"2025-04-01 21:30:00",13518,12.56,310,1,-0.008,-0.02,-0.44,-0.003,-0.025,-0.003,-0.042,53.13,43.03
"2025-04-01 22:00:00",13519,12.55,310,1,-0.013,-0.14,-0.51,-0.009,-0.028,-0.008,-0.042,53.13,43.87
"2025-04-01 22:30:00",13520,12.55,310,1,-0.011,-0.14,-0.44,-0.009,-0.025,-0.007,-0.042,53.54,44.27
"2025-04-01 23:00:00",13521,12.55,310,1,-0.009,-0.06,-0.42,-0.004,-0.024,-0.003,-0.042,52.69,43.59
"2025-04-01 23:30:00",13522,12.54,310,1,-0.009,-0.06,-0.44,-0.004,-0.025,-0.006,-0.043,53.06,44.48
"2025-04-02 00:00:00",13523,12.54,310,1,-0.013,-0.19,-0.46,-0.012,-0.025,-0.012,-0.042,52.61,43.61
"2025-04-02 00:30:00",13524,12.54,310,1,-0.009,-0.06,-0.42,-0.004,-0.024,-0.007,-0.044,53.05,44.19
"2025-04-02 01:00:00",13525,12.54,310,1,-0.009,-0.02,-0.47,-0.003,-0.027,-0.004,-0.042,53.2,43.67
"2025-04-02 01:30:00",13526,12.53,310,1,-0.008,-0.02,-0.42,-0.003,-0.024,-0.004,-0.042,52.65,43.96
"2025-04-02 02:00:00",13527,12.53,310,1,-0.01,-0.11,-0.44,-0.007,-0.025,-0.008,-0.042,53.91,44.39
"2025-04-02 02:30:00",13528,12.53,310,1,-0.01,-0.06,-0.47,-0.004,-0.027,-0.004,-0.043,53.07,44.38
"2025-04-02 03:00:00",13529,12.52,310,1,-0.008,-0.02,-0.44,-0.003,-0.025,-0.005,-0.043,52.82,43.97
"2025-04-02 03:30:00",13530,12.52,310,1,-0.008,-0.02,-0.41,-0.003,-0.023,-0.003,-0.042,53.59,43.65
"2025-04-02 04:00:00",13531,12.52,310,1,-0.008,-0.02,-0.44,-0.003,-0.025,-0.003,-0.04,51.99,43.72
"2025-04-02 04:30:00",13532,12.52,310,1,-0.009,-0.02,-0.47,-0.003,-0.026,-0.005,-0.043,53.2,43.94
"2025-04-02 05:00:00",13533,12.52,310,1,-0.01,-0.06,-0.47,-0.004,-0.027,-0.004,-0.042,53.42,44.15
"2025-04-02 05:30:00",13534,12.51,310,1,-0.015,-0.29,-0.44,-0.017,-0.025,-0.015,-0.041,54.29,44.03
"2025-04-02 06:00:00",13535,12.51,310,1,-0.012,-0.16,-0.46,-0.01,-0.026,-0.011,-0.043,53.46,44.61
"2025-04-02 06:30:00",13536,12.51,310,1,-0.014,-0.21,-0.47,-0.013,-0.026,-0.014,-0.043,53.66,44.81
"2025-04-02 07:00:00",13537,12.51,310,1,-0.012,-0.16,-0.44,-0.01,-0.025,-0.011,-0.04,53.88,44.61
"2025-04-02 07:30:00",13538,12.51,310,1,-0.008,-0.02,-0.42,-0.003,-0.024,-0.005,-0.041,53.26,45.25
"2025-04-02 08:00:00",13539,12.52,310,1,-0.009,-0.06,-0.44,-0.004,-0.024,-0.007,-0.042,53.22,43.96
"2025-04-02 08:30:00",13540,12.52,310,1,-0.013,-0.16,-0.49,-0.01,-0.027,-0.012,-0.042,54.3,44.37
"2025-04-02 09:00:00",13541,12.52,310,1,-0.009,-0.07,-0.42,-0.006,-0.024,-0.007,-0.041,54.71,45.04
"2025-04-02 09:30:00",13542,12.52,310,1,0.009,0.55,-0.22,0.029,-0.013,0.027,-0.032,56.78,45.85
"2025-04-02 10:00:00",13543,12.53,310,1,-0.007,0.05,-0.46,0.003,-0.026,0.004,-0.043,53.72,44.2
"2025-04-02 10:30:00",13544,12.53,310,1,-0.016,-0.31,-0.49,-0.017,-0.027,-0.018,-0.044,51.95,43.79
"2025-04-02 11:00:00",13545,12.53,310,1,0.014,0.83,-0.34,0.045,-0.02,0.032,-0.038,52.55,43.71
"2025-04-02 11:30:00",13546,12.54,310,1,-0.006,-0.09,-0.21,-0.006,-0.012,0.004,-0.03,54.12,45.43
"2025-04-02 12:00:00",13547,12.54,310,1,-0.015,-0.34,-0.39,-0.02,-0.022,-0.021,-0.037,60.66,45.15
"2025-04-02 12:30:00",13548,12.54,310,1,-0.087,-2.97,-0.66,-0.159,-0.037,-0.113,-0.046,51.18,44.83
"2025-04-02 13:00:00",13549,12.54,310,1,-0.042,-1.12,-0.74,-0.061,-0.041,-0.04,-0.05,50.34,42.91
"2025-04-02 13:30:00",13550,12.55,310,1,-0.012,-0.16,-0.46,-0.009,-0.026,0.003,-0.043,52.07,43.23
"2025-04-02 14:00:00",13551,12.55,310,1,-0.013,-0.19,-0.49,-0.012,-0.027,-0.013,-0.042,54.09,42.92
"2025-04-02 14:30:00",13552,12.55,310,1,-0.007,0.05,-0.47,0.003,-0.026,-0.004,-0.043,55.02,43.85
"2025-04-02 15:00:00",13553,12.55,310,1,-0.011,-0.11,-0.46,-0.007,-0.025,-0.001,-0.042,51.72,43.14
"2025-04-02 15:30:00",13554,12.55,310,1,-0.013,-0.19,-0.44,-0.011,-0.025,-0.008,-0.041,50.78,42.77
"2025-04-02 16:00:00",13555,12.55,310,1,-0.009,-0.01,-0.52,-0.002,-0.029,-0.002,-0.044,49.83,42.8
"2025-04-02 16:30:00",13556,12.54,310,1,-0.01,-0.06,-0.47,-0.005,-0.027,-0.007,-0.042,51.01,43
"2025-04-02 17:00:00",13557,12.54,310,1,-0.02,-0.46,-0.49,-0.026,-0.027,-0.023,-0.041,52.46,43.46
"2025-04-02 17:30:00",13558,12.54,310,1,-0.013,-0.17,-0.49,-0.01,-0.027,-0.01,-0.044,53.06,42.56
"2025-04-02 18:00:00",13559,12.53,310,1,-0.006,0.08,-0.49,0.004,-0.027,0.001,-0.044,52.31,43.88
"2025-04-02 18:30:00",13560,12.53,310,1,-0.015,-0.22,-0.51,-0.013,-0.029,-0.013,-0.044,51.59,42.74
"2025-04-02 19:00:00",13561,12.53,310,1,-0.011,-0.11,-0.46,-0.007,-0.025,-0.007,-0.045,53.45,43.21
"2025-04-02 19:30:00",13562,12.52,310,1,-0.011,-0.14,-0.44,-0.009,-0.025,-0.012,-0.042,51.64,44.46
"2025-04-02 20:00:00",13563,12.52,310,1,-0.012,-0.14,-0.47,-0.009,-0.027,-0.007,-0.043,53.41,43.16
"2025-04-02 20:30:00",13564,12.52,310,1,-0.014,-0.24,-0.47,-0.014,-0.027,-0.014,-0.04,53,44.16
"2025-04-02 21:00:00",13565,12.51,310,1,-0.013,-0.17,-0.47,-0.01,-0.027,-0.012,-0.042,53.35,43.52
"2025-04-02 21:30:00",13566,12.51,310,1,-0.011,-0.11,-0.47,-0.007,-0.026,-0.008,-0.042,54.19,44.36
"2025-04-02 22:00:00",13567,12.51,310,1,-0.009,-0.02,-0.47,-0.003,-0.026,-0.004,-0.042,53.2,43.54
"2025-04-02 22:30:00",13568,12.51,310,1,-0.008,-0.01,-0.44,-0.001,-0.025,-0.004,-0.04,52.6,43.35
"2025-04-02 23:00:00",13569,12.51,310,1,-0.01,-0.09,-0.44,-0.006,-0.025,-0.007,-0.042,53.15,44.73
"2025-04-02 23:30:00",13570,12.51,310,1,-0.009,-0.06,-0.44,-0.004,-0.025,-0.007,-0.043,52.25,45.07
"2025-04-03 00:00:00",13571,12.51,310,1,-0.009,-0.06,-0.46,-0.004,-0.026,-0.004,-0.04,52.35,44.34
"2025-04-03 00:30:00",13572,12.51,310,1,-0.01,-0.06,-0.47,-0.004,-0.026,-0.006,-0.043,52.45,43.87
"2025-04-03 01:00:00",13573,12.51,310,1,-0.009,-0.02,-0.47,-0.003,-0.027,-0.004,-0.043,52.15,44.4
"2025-04-03 01:30:00",13574,12.51,310,1,-0.011,-0.09,-0.47,-0.006,-0.027,-0.004,-0.043,51.67,44.5
"2025-04-03 02:00:00",13575,12.51,310,1,-0.011,-0.09,-0.47,-0.006,-0.027,-0.007,-0.043,54.36,44.28
"2025-04-03 02:30:00",13576,12.51,310,1,-0.008,-0.02,-0.42,-0.003,-0.024,-0.006,-0.041,51.95,43.94
"2025-04-03 03:00:00",13577,12.51,310,1,-0.008,0,-0.47,0,-0.027,-0.001,-0.042,52.11,43.69
"2025-04-03 03:30:00",13578,12.51,310,1,-0.007,0,-0.44,0,-0.025,-0.001,-0.042,52.14,43.04
"2025-04-03 04:00:00",13579,12.51,310,1,-0.009,-0.01,-0.47,-0.002,-0.027,-0.003,-0.042,52.52,43.94
"2025-04-03 04:30:00",13580,12.51,310,1,-0.006,0.03,-0.42,0.002,-0.024,0,-0.041,51.46,43.71
"2025-04-03 05:00:00",13581,12.51,310,1,-0.009,-0.02,-0.47,-0.003,-0.027,-0.004,-0.042,51.06,43.62
"2025-04-03 05:30:00",13582,12.51,310,1,-0.008,0,-0.47,0,-0.027,-0.003,-0.042,51.91,44.15
"2025-04-03 06:00:00",13583,12.51,310,1,-0.006,0.05,-0.42,0.003,-0.024,0.003,-0.041,51.79,44.2
"2025-04-03 06:30:00",13584,12.51,310,1,-0.007,0.05,-0.46,0.003,-0.025,0.001,-0.044,52.72,43.2
"2025-04-03 07:00:00",13585,12.51,310,1,-0.006,0.05,-0.44,0.003,-0.025,0.001,-0.042,52.74,43.74
"2025-04-03 07:30:00",13586,12.51,310,1,-0.006,0.05,-0.42,0.003,-0.024,-0.001,-0.041,52.55,43.87
"2025-04-03 08:00:00",13587,12.51,310,1,-0.007,0,-0.44,0,-0.025,-0.001,-0.043,52.36,45.03
"2025-04-03 08:30:00",13588,12.51,310,1,-0.009,-0.01,-0.47,-0.001,-0.026,-0.003,-0.043,52.93,43.93
"2025-04-03 09:00:00",13589,12.51,310,1,-0.009,-0.06,-0.44,-0.005,-0.025,-0.004,-0.043,53.1,44.1
"2025-04-03 09:30:00",13590,12.51,310,1,-0.011,-0.11,-0.46,-0.007,-0.025,-0.007,-0.041,55.66,45.16
"2025-04-03 10:00:00",13591,12.51,310,1,-0.004,0.15,-0.44,0.008,-0.025,0.005,-0.042,54.96,45.71
"2025-04-03 10:30:00",13592,12.52,310,1,-0.015,-0.26,-0.47,-0.015,-0.026,-0.013,-0.043,52.27,44.26
"2025-04-03 11:00:00",13593,12.52,310,1,-0.012,-0.14,-0.49,-0.009,-0.028,-0.004,-0.044,51.6,44.02
"2025-04-03 11:30:00",13594,12.52,310,1,0.002,0.33,-0.31,0.018,-0.018,0.012,-0.038,56.41,45.77
"2025-04-03 12:00:00",13595,12.53,310,1,0.001,0.37,-0.44,0.019,-0.025,0.015,-0.043,53.09,44.11
"2025-04-03 12:30:00",13596,12.53,310,1,-0.032,-0.81,-0.64,-0.044,-0.035,-0.041,-0.048,51.67,43.42
"2025-04-03 13:00:00",13597,12.54,310,1,-0.019,-0.34,-0.57,-0.019,-0.032,-0.019,-0.047,55.66,45.33
"2025-04-03 13:30:00",13598,12.54,310,1,-0.002,0.2,-0.41,0.01,-0.023,0.008,-0.043,49.67,42.67
"2025-04-03 14:00:00",13599,12.54,310,1,-0.017,-0.32,-0.52,-0.018,-0.029,-0.018,-0.044,53.59,44.36
"2025-04-03 14:30:00",13600,12.55,310,1,-0.011,-0.07,-0.49,-0.006,-0.028,-0.005,-0.046,54.1,45.29
"2025-04-03 15:00:00",13601,12.55,310,1,-0.01,-0.02,-0.51,-0.003,-0.028,-0.004,-0.045,51.76,44.19
"2025-04-03 15:30:00",13602,12.55,310,1,-0.009,-0.01,-0.49,-0.002,-0.028,-0.003,-0.046,49.92,42.76
"2025-04-03 16:00:00",13603,12.55,310,1,-0.004,0.12,-0.42,0.006,-0.024,0.004,-0.044,49.81,42.65
"2025-04-03 16:30:00",13604,12.55,310,1,-0.01,-0.04,-0.51,-0.003,-0.028,-0.003,-0.046,51.11,42.55
"2025-04-03 17:00:00",13605,12.54,310,1,-0.012,-0.16,-0.47,-0.009,-0.027,-0.007,-0.045,51.66,42.58
"2025-04-03 17:30:00",13606,12.54,310,1,-0.008,0,-0.47,0,-0.027,0.003,-0.046,50.62,42.05
"2025-04-03 18:00:00",13607,12.53,310,1,-0.011,-0.09,-0.51,-0.006,-0.028,-0.003,-0.045,50.43,42.59
"2025-04-03 18:30:00",13608,12.53,310,1,-0.015,-0.24,-0.51,-0.014,-0.028,-0.01,-0.046,51.07,42.24
"2025-04-03 19:00:00",13609,12.52,310,1,-0.012,-0.12,-0.49,-0.008,-0.028,-0.007,-0.044,51.55,43.29
"2025-04-03 19:30:00",13610,12.52,310,1,-0.011,-0.09,-0.47,-0.006,-0.026,-0.006,-0.045,51.4,42.98
"2025-04-03 20:00:00",13611,12.51,310,1,-0.009,-0.06,-0.46,-0.004,-0.026,-0.006,-0.044,52.55,43.3
"2025-04-03 20:30:00",13612,12.51,310,1,-0.016,-0.29,-0.47,-0.017,-0.027,-0.015,-0.044,53.61,43.69
"2025-04-03 21:00:00",13613,12.51,310,1,-0.01,-0.09,-0.46,-0.006,-0.026,-0.004,-0.043,52.58,43.18
"2025-04-03 21:30:00",13614,12.5,310,1,-0.015,-0.26,-0.47,-0.015,-0.027,-0.013,-0.045,52.47,42.96
"2025-04-03 22:00:00",13615,12.5,310,1,-0.01,-0.09,-0.44,-0.006,-0.024,-0.006,-0.043,51.99,43.58
"2025-04-03 22:30:00",13616,12.49,310,1,-0.009,-0.06,-0.46,-0.005,-0.026,-0.006,-0.043,52.12,43.29
"2025-04-03 23:00:00",13617,12.49,310,1,-0.011,-0.11,-0.46,-0.007,-0.025,-0.006,-0.042,53.11,43.44
"2025-04-03 23:30:00",13618,12.49,310,1,-0.01,-0.06,-0.49,-0.004,-0.027,-0.007,-0.044,53.31,43.24
"2025-04-04 00:00:00",13619,12.49,310,1,-0.007,0.05,-0.46,0.003,-0.025,0.001,-0.042,53.26,44.69
"2025-04-04 00:30:00",13620,12.49,310,1,-0.01,-0.09,-0.46,-0.006,-0.026,0,-0.043,52.78,43.28
"2025-04-04 01:00:00",13621,12.49,310,1,-0.012,-0.14,-0.49,-0.009,-0.027,-0.007,-0.041,52.16,44.17
"2025-04-04 01:30:00",13622,12.49,310,1,-0.012,-0.14,-0.46,-0.009,-0.026,-0.012,-0.044,52.31,42.92
"2025-04-04 02:00:00",13623,12.49,310,1,-0.007,0.03,-0.46,0.001,-0.026,0.003,-0.044,52.72,42.91
"2025-04-04 02:30:00",13624,12.49,310,1,-0.01,-0.06,-0.49,-0.005,-0.027,-0.006,-0.043,53.61,43.54
"2025-04-04 03:00:00",13625,12.48,310,1,-0.011,-0.14,-0.44,-0.009,-0.024,-0.006,-0.043,52.43,43.18
"2025-04-04 03:30:00",13626,12.48,310,1,-0.011,-0.11,-0.46,-0.008,-0.026,-0.007,-0.041,51.62,42.37
"2025-04-04 04:00:00",13627,12.48,310,1,-0.01,-0.09,-0.46,-0.006,-0.026,-0.006,-0.043,53.22,43.4
"2025-04-04 04:30:00",13628,12.48,310,1,-0.008,-0.01,-0.46,-0.002,-0.026,0,-0.043,52.18,43.77
"2025-04-04 05:00:00",13629,12.48,310,1,-0.011,-0.11,-0.46,-0.007,-0.026,-0.006,-0.043,52.78,43.37
"2025-04-04 05:30:00",13630,12.47,310,1,-0.008,-0.02,-0.42,-0.003,-0.024,-0.003,-0.041,51.52,42.53
"2025-04-04 06:00:00",13631,12.47,310,1,-0.009,-0.06,-0.42,-0.005,-0.024,-0.007,-0.043,52.44,43.45
"2025-04-04 06:30:00",13632,12.47,310,1,-0.011,-0.11,-0.46,-0.007,-0.026,-0.007,-0.041,51.96,43.39
"2025-04-04 07:00:00",13633,12.47,310,1,-0.009,-0.02,-0.46,-0.003,-0.026,-0.003,-0.043,52.45,44.45
"2025-04-04 07:30:00",13634,12.47,310,1,-0.01,-0.09,-0.42,-0.006,-0.024,-0.004,-0.041,53.68,43.61
"2025-04-04 08:00:00",13635,12.47,310,1,-0.01,-0.09,-0.46,-0.006,-0.026,-0.004,-0.043,53.48,44.49
"2025-04-04 08:30:00",13636,12.47,310,1,-0.015,-0.27,-0.44,-0.016,-0.025,-0.011,-0.042,53.1,44.01
"2025-04-04 09:00:00",13637,12.47,310,1,-0.009,-0.06,-0.46,-0.004,-0.025,-0.003,-0.042,53.57,44.07
"2025-04-04 09:30:00",13638,12.47,310,1,-0.001,0.22,-0.41,0.011,-0.023,0.007,-0.04,55.05,44.15
"2025-04-04 10:00:00",13639,12.47,310,1,0,0.28,-0.41,0.015,-0.023,0.011,-0.042,57.45,45.15
"2025-04-04 10:30:00",13640,12.47,310,1,-0.01,-0.06,-0.51,-0.004,-0.028,-0.007,-0.044,54.76,43.87
"2025-04-04 11:00:00",13641,12.48,310,1,-0.005,-0.02,-0.26,-0.003,-0.015,-0.004,-0.034,56.83,45.94
"2025-04-04 11:30:00",13642,12.48,310,1,-0.03,-0.77,-0.59,-0.042,-0.033,-0.034,-0.048,51.99,43.17
"2025-04-04 12:00:00",13643,12.48,310,1,-0.006,0.08,-0.49,0.004,-0.028,0.004,-0.045,52.37,43.14
"2025-04-04 12:30:00",13644,12.48,310,1,-0.018,-0.26,-0.62,-0.015,-0.034,-0.012,-0.049,49.99,43.41
"2025-04-04 13:00:00",13645,12.48,310,1,-0.01,-0.06,-0.49,-0.005,-0.028,-0.003,-0.045,51.81,42
"2025-04-04 13:30:00",13646,12.48,310,1,-0.018,-0.36,-0.51,-0.02,-0.029,-0.017,-0.045,53.09,44.12
"2025-04-04 14:00:00",13647,12.48,310,1,-0.008,0.03,-0.49,0.001,-0.028,0.001,-0.045,52.79,42.88
"2025-04-04 14:30:00",13648,12.48,310,1,-0.008,0.03,-0.51,0.002,-0.028,0,-0.045,51.84,42.61
"2025-04-04 15:00:00",13649,12.48,310,1,-0.007,0.05,-0.49,0.003,-0.028,-0.001,-0.045,52.2,43.39
"2025-04-04 15:30:00",13650,12.48,310,1,-0.009,-0.01,-0.47,-0.002,-0.027,-0.001,-0.045,51.91,42.95
"2025-04-04 16:00:00",13651,12.48,310,1,-0.009,-0.01,-0.47,-0.002,-0.027,-0.001,-0.045,52.86,42.81
"2025-04-04 16:30:00",13652,12.48,310,1,-0.013,-0.17,-0.47,-0.011,-0.027,-0.01,-0.044,51.89,42.5
"2025-04-04 17:00:00",13653,12.48,310,1,-0.012,-0.12,-0.51,-0.008,-0.028,-0.007,-0.047,51.81,42.99
"2025-04-04 17:30:00",13654,12.47,310,1,-0.005,0.1,-0.46,0.005,-0.025,0.011,-0.045,51.03,42.63
"2025-04-04 18:00:00",13655,12.47,310,1,-0.014,-0.22,-0.49,-0.013,-0.027,-0.009,-0.046,50.21,42.22
"2025-04-04 18:30:00",13656,12.47,310,1,-0.007,0.03,-0.47,0.002,-0.027,0.003,-0.045,52.28,43.05
"2025-04-04 19:00:00",13657,12.46,310,1,-0.005,0.12,-0.47,0.006,-0.027,0.003,-0.045,50.11,42.94
"2025-04-04 19:30:00",13658,12.46,310,1,-0.011,-0.09,-0.49,-0.007,-0.028,0,-0.045,51.12,42.28
"2025-04-04 20:00:00",13659,12.45,310,1,-0.015,-0.24,-0.52,-0.014,-0.029,-0.013,-0.044,50.85,42.27
"2025-04-04 20:30:00",13660,12.44,310,1,-0.011,-0.06,-0.54,-0.005,-0.03,-0.008,-0.046,51.76,41.69
"2025-04-04 21:00:00",13661,12.44,310,1,-0.007,0.05,-0.47,0.003,-0.027,0.001,-0.045,53.34,42.59
"2025-04-04 21:30:00",13662,12.43,310,1,-0.009,-0.01,-0.47,-0.002,-0.026,-0.004,-0.043,52.56,42.74
"2025-04-04 22:00:00",13663,12.43,310,1,-0.007,0,-0.44,0,-0.025,-0.001,-0.042,53.38,42.63
"2025-04-04 22:30:00",13664,12.43,310,1,-0.007,-0.01,-0.41,-0.002,-0.023,0,-0.042,52.8,42.57
"2025-04-04 23:00:00",13665,12.42,310,1,-0.005,0.08,-0.44,0.005,-0.025,0.009,-0.043,52.56,42.33
"2025-04-04 23:30:00",13666,12.42,310,1,-0.011,-0.09,-0.47,-0.006,-0.027,-0.004,-0.045,51.27,43.27
"2025-04-05 00:00:00",13667,12.41,310,1,-0.008,-0.01,-0.44,-0.002,-0.025,-0.006,-0.044,51.86,43.28
"2025-04-05 00:30:00",13668,12.41,310,1,-0.009,-0.04,-0.47,-0.003,-0.027,-0.001,-0.042,51.81,43.24
"2025-04-05 01:00:00",13669,12.41,310,1,-0.004,0.15,-0.44,0.008,-0.025,0,-0.042,51.57,43.31
"2025-04-05 01:30:00",13670,12.41,310,1,-0.006,0.05,-0.44,0.003,-0.025,0.004,-0.042,52.88,43.63
"2025-04-05 02:00:00",13671,12.4,310,1,-0.01,-0.09,-0.44,-0.006,-0.025,-0.007,-0.042,51.72,43.29
"2025-04-05 02:30:00",13672,12.4,310,1,-0.008,-0.02,-0.44,-0.003,-0.025,-0.003,-0.043,51.99,42.88
"2025-04-05 03:00:00",13673,12.4,310,1,-0.005,0.12,-0.49,0.007,-0.027,0.008,-0.043,50.45,43.27
"2025-04-05 03:30:00",13674,12.4,310,1,-0.01,-0.04,-0.51,-0.003,-0.028,-0.009,-0.044,52.88,42.64
"2025-04-05 04:00:00",13675,12.39,310,1,-0.013,-0.12,-0.57,-0.008,-0.032,-0.007,-0.045,52.15,44.14
"2025-04-05 04:30:00",13676,12.39,310,1,-0.009,-0.01,-0.51,-0.002,-0.028,-0.009,-0.044,53.39,43.98
"2025-04-05 05:00:00",13677,12.39,310,1,-0.011,-0.09,-0.51,-0.006,-0.028,-0.007,-0.044,53.35,43.51
"2025-04-05 05:30:00",13678,12.39,310,1,-0.014,-0.21,-0.47,-0.012,-0.026,-0.016,-0.044,52.3,43.04
"2025-04-05 06:00:00",13679,12.38,310,1,-0.009,-0.01,-0.47,-0.002,-0.026,-0.006,-0.043,52.38,44.36
"2025-04-05 06:30:00",13680,12.38,310,1,-0.011,-0.09,-0.47,-0.006,-0.026,-0.013,-0.044,51.85,43
"2025-04-05 07:00:00",13681,12.38,310,1,-0.008,0.03,-0.51,0.002,-0.028,0,-0.044,52.06,43.06
"2025-04-05 07:30:00",13682,12.38,310,1,-0.006,0.08,-0.47,0.005,-0.026,0.007,-0.044,50.04,43.27
"2025-04-05 08:00:00",13683,12.38,310,1,-0.017,-0.34,-0.49,-0.019,-0.028,-0.017,-0.045,53.45,43.36
"2025-04-05 08:30:00",13684,12.37,310,1,-0.008,-0.01,-0.42,-0.001,-0.024,-0.001,-0.042,54.32,44.81
"2025-04-05 09:00:00",13685,12.37,310,1,-0.005,0.12,-0.47,0.006,-0.026,0.006,-0.044,51.6,43.33
"2025-04-05 09:30:00",13686,12.37,310,1,-0.008,0,-0.46,0,-0.026,-0.003,-0.042,53.64,43.97
"2025-04-05 10:00:00",13687,12.37,310,1,-0.019,-0.39,-0.52,-0.022,-0.029,-0.019,-0.045,52.82,43.56
"2025-04-05 10:30:00",13688,12.37,310,1,-0.009,-0.01,-0.49,-0.001,-0.027,-0.001,-0.043,54.28,43.77
"2025-04-05 11:00:00",13689,12.38,310,1,-0.003,0.18,-0.46,0.01,-0.025,0.007,-0.041,54.33,44.4
"2025-04-05 11:30:00",13690,12.38,310,1,-0.021,-0.46,-0.56,-0.025,-0.031,-0.02,-0.047,52.85,44.59
"2025-04-05 12:00:00",13691,12.38,310,1,0.014,0.65,-0.12,0.035,-0.008,0.032,-0.028,68.01,48.95
"2025-04-05 12:30:00",13692,12.39,310,1,0.044,2,-0.31,0.107,-0.018,0.08,-0.039,52.36,43.79
"2025-04-05 13:00:00",13693,12.39,310,1,-0.009,0.03,-0.56,0.002,-0.031,-0.001,-0.048,51.9,42.24
"2025-04-05 13:30:00",13694,12.39,310,1,-0.03,-0.77,-0.59,-0.042,-0.032,-0.03,-0.048,52.24,43.01
"2025-04-05 14:00:00",13695,12.4,310,1,-0.01,-0.06,-0.47,-0.005,-0.026,-0.005,-0.044,52.59,43.61
"2025-04-05 14:30:00",13696,12.4,310,1,-0.007,0.03,-0.46,0.002,-0.026,0.001,-0.043,51.42,42.59
"2025-04-05 15:00:00",13697,12.4,310,1,-0.013,-0.16,-0.49,-0.009,-0.027,-0.01,-0.043,52.35,43.38
"2025-04-05 15:30:00",13698,12.4,310,1,-0.009,-0.04,-0.47,-0.003,-0.026,-0.007,-0.045,51.72,43.32
"2025-04-05 16:00:00",13699,12.4,310,1,-0.01,-0.09,-0.44,-0.006,-0.025,-0.006,-0.044,51.89,43.34
"2025-04-05 16:30:00",13700,12.41,310,1,-0.009,-0.01,-0.47,-0.002,-0.026,-0.001,-0.044,52.53,43.55
"2025-04-05 17:00:00",13701,12.41,310,1,-0.01,-0.06,-0.47,-0.005,-0.027,-0.005,-0.044,51.3,42.9
"2025-04-05 17:30:00",13702,12.41,310,1,-0.01,-0.04,-0.51,-0.003,-0.029,-0.006,-0.044,52.07,43.25
"2025-04-05 18:00:00",13703,12.4,310,1,-0.011,-0.07,-0.49,-0.005,-0.027,-0.006,-0.044,50.94,42.38
"2025-04-05 18:30:00",13704,12.4,310,1,-0.009,-0.01,-0.49,-0.002,-0.027,-0.002,-0.044,50.94,41.97
"2025-04-05 19:00:00",13705,12.39,310,1,-0.01,-0.06,-0.49,-0.005,-0.027,-0.005,-0.043,51.55,42.72
"2025-04-05 19:30:00",13706,12.39,310,1,-0.011,-0.09,-0.47,-0.006,-0.027,-0.009,-0.044,51.31,42.23
"2025-04-05 20:00:00",13707,12.39,310,1,-0.01,-0.09,-0.46,-0.006,-0.025,-0.007,-0.043,51.83,42.59
"2025-04-05 20:30:00",13708,12.38,310,1,-0.014,-0.21,-0.47,-0.012,-0.027,-0.01,-0.043,51.23,42.66
"2025-04-05 21:00:00",13709,12.38,310,1,-0.014,-0.21,-0.51,-0.012,-0.028,-0.013,-0.044,52.09,42.85
"2025-04-05 21:30:00",13710,12.37,310,1,-0.011,-0.09,-0.47,-0.006,-0.027,-0.009,-0.043,52.37,43.29
"2025-04-05 22:00:00",13711,12.37,310,1,-0.013,-0.16,-0.51,-0.009,-0.028,-0.007,-0.044,52.07,42.67
"2025-04-05 22:30:00",13712,12.37,310,1,-0.01,-0.09,-0.44,-0.006,-0.025,-0.006,-0.044,51.59,43.02
"2025-04-05 23:00:00",13713,12.36,310,1,-0.011,-0.09,-0.47,-0.006,-0.027,-0.007,-0.044,52.35,43.53
"2025-04-05 23:30:00",13714,12.36,310,1,-0.011,-0.12,-0.47,-0.008,-0.026,-0.009,-0.044,52.23,42.57
"2025-04-06 00:00:00",13715,12.36,310,1,-0.012,-0.12,-0.51,-0.008,-0.028,-0.009,-0.046,52.89,43.08
"2025-04-06 00:30:00",13716,12.36,310,1,-0.011,-0.12,-0.47,-0.008,-0.027,-0.007,-0.044,52.05,43.64
"2025-04-06 01:00:00",13717,12.36,310,1,-0.012,-0.12,-0.49,-0.008,-0.028,-0.007,-0.044,51.92,44.34
"2025-04-06 01:30:00",13718,12.35,310,1,-0.011,-0.12,-0.47,-0.008,-0.026,-0.004,-0.042,51.52,43.1
"2025-04-06 02:00:00",13719,12.35,310,1,-0.011,-0.09,-0.47,-0.006,-0.026,-0.006,-0.042,51.81,42.72
"2025-04-06 02:30:00",13720,12.35,310,1,-0.014,-0.21,-0.47,-0.012,-0.026,-0.012,-0.042,52.31,43.9
"2025-04-06 03:00:00",13721,12.35,310,1,-0.008,0,-0.47,0,-0.027,0,-0.043,52.8,43.71
"2025-04-06 03:30:00",13722,12.35,310,1,-0.011,-0.12,-0.47,-0.008,-0.026,-0.007,-0.044,53.18,43.67
"2025-04-06 04:00:00",13723,12.35,310,1,-0.011,-0.12,-0.47,-0.008,-0.026,-0.009,-0.044,53.1,43.03
"2025-04-06 04:30:00",13724,12.35,310,1,-0.011,-0.09,-0.51,-0.006,-0.028,-0.003,-0.044,52.51,44.35
"2025-04-06 05:00:00",13725,12.35,310,1,-0.011,-0.17,-0.41,-0.011,-0.023,-0.009,-0.043,52.08,43.4
"2025-04-06 05:30:00",13726,12.35,310,1,-0.013,-0.17,-0.47,-0.011,-0.027,-0.01,-0.044,52.56,43.72
"2025-04-06 06:00:00",13727,12.34,310,1,-0.01,-0.02,-0.51,-0.003,-0.028,-0.004,-0.044,52.19,43.93
"2025-04-06 06:30:00",13728,12.34,310,1,-0.013,-0.17,-0.47,-0.011,-0.027,-0.009,-0.042,52.7,42.78
"2025-04-06 07:00:00",13729,12.34,310,1,-0.007,0,-0.44,0,-0.025,-0.004,-0.042,52.43,43.86
"2025-04-06 07:30:00",13730,12.34,310,1,-0.011,-0.09,-0.51,-0.006,-0.028,-0.007,-0.044,53.43,43.2
"2025-04-06 08:00:00",13731,12.34,310,1,-0.01,-0.06,-0.49,-0.004,-0.027,-0.003,-0.043,52.63,44.37
"2025-04-06 08:30:00",13732,12.34,310,1,-0.013,-0.12,-0.57,-0.008,-0.032,-0.007,-0.048,50.86,44.11
"2025-04-06 09:00:00",13733,12.34,310,1,0.01,0.63,-0.29,0.034,-0.017,0.025,-0.037,57.18,44.62
"2025-04-06 09:30:00",13734,12.34,310,1,0.086,3.02,0.55,0.16,0.029,0.162,-0.005,77.66,48.5
"2025-04-06 10:00:00",13735,12.35,310,1,0.028,1.13,-0.04,0.06,-0.003,0.05,-0.03,58.73,45.34
"2025-04-06 10:30:00",13736,12.35,310,1,-0.011,-0.02,-0.61,-0.003,-0.034,-0.007,-0.049,58.01,45.05
"2025-04-06 11:00:00",13737,12.35,310,1,-0.029,-0.82,-0.47,-0.045,-0.027,-0.032,-0.041,52.62,45.88
"2025-04-06 11:30:00",13738,12.36,310,1,0.006,0.43,-0.26,0.023,-0.015,0.02,-0.035,65.29,47.62
"2025-04-06 12:00:00",13739,12.36,310,1,0.032,1.32,-0.06,0.07,-0.005,0.075,-0.028,53.7,44.73
"2025-04-06 12:30:00",13740,12.37,310,1,0.008,0.8,-0.61,0.042,-0.034,0.059,-0.053,45.36,41.11
"2025-04-06 13:00:00",13741,12.37,310,1,0.001,0.47,-0.57,0.025,-0.032,0.012,-0.052,52.71,43.49
"2025-04-06 13:30:00",13742,12.37,310,1,-0.022,-0.52,-0.51,-0.029,-0.028,-0.023,-0.047,47.62,41.97
"2025-04-06 14:00:00",13743,12.37,310,1,0.007,0.65,-0.51,0.035,-0.028,0.041,-0.045,47.62,43.53
"2025-04-06 14:30:00",13744,12.37,310,1,-0.017,-0.29,-0.52,-0.017,-0.029,-0.012,-0.048,52.43,41.98
"2025-04-06 15:00:00",13745,12.37,310,1,-0.006,0.12,-0.52,0.006,-0.029,0.007,-0.048,51.24,42.18
"2025-04-06 15:30:00",13746,12.37,310,1,0.017,0.97,-0.39,0.052,-0.022,0.048,-0.048,47.18,40.45
"2025-04-06 16:00:00",13747,12.36,310,1,-0.007,0.1,-0.54,0.005,-0.03,0.011,-0.05,51.57,41.1
"2025-04-06 16:30:00",13748,12.35,310,1,-0.01,-0.14,-0.39,-0.009,-0.022,-0.014,-0.044,52.31,42.4
"2025-04-06 17:00:00",13749,12.35,310,1,0,0.42,-0.59,0.022,-0.033,0,-0.051,49.77,41.53
"2025-04-06 17:30:00",13750,12.34,310,1,-0.023,-0.46,-0.66,-0.025,-0.036,-0.031,-0.054,51.03,40.79
"2025-04-06 18:00:00",13751,12.33,310,1,-0.001,0.35,-0.54,0.019,-0.031,0.022,-0.048,52.29,40.97
"2025-04-06 18:30:00",13752,12.32,310,1,-0.014,-0.16,-0.54,-0.01,-0.03,-0.004,-0.049,50.77,41.37
"2025-04-06 19:00:00",13753,12.31,310,1,-0.029,-0.79,-0.51,-0.043,-0.028,-0.036,-0.047,53.28,42.21
"2025-04-06 19:30:00",13754,12.31,310,1,-0.009,-0.01,-0.49,-0.002,-0.028,-0.007,-0.045,50.13,42.7
"2025-04-06 20:00:00",13755,12.3,310,1,-0.014,-0.27,-0.41,-0.016,-0.023,-0.014,-0.043,52.67,41.76
"2025-04-06 20:30:00",13756,12.29,310,1,0.008,0.65,-0.46,0.035,-0.026,0.011,-0.044,50.43,42.28
"2025-04-06 21:00:00",13757,12.29,310,1,0,0.32,-0.46,0.016,-0.026,0.017,-0.044,51.77,42.53
"2025-04-06 21:30:00",13758,12.28,310,1,-0.013,-0.19,-0.49,-0.011,-0.027,-0.005,-0.043,52.22,43.12
"2025-04-06 22:00:00",13759,12.28,310,1,-0.011,-0.09,-0.51,-0.006,-0.028,-0.006,-0.045,53.2,42.86
"2025-04-06 22:30:00",13760,12.28,310,1,-0.012,-0.17,-0.46,-0.011,-0.026,-0.006,-0.045,51.84,42.85
"2025-04-06 23:00:00",13761,12.27,310,1,-0.015,-0.26,-0.49,-0.015,-0.027,-0.016,-0.045,52.23,43.12
"2025-04-06 23:30:00",13762,12.27,310,1,-0.004,0.18,-0.49,0.009,-0.027,0,-0.045,52.42,44.26
"2025-04-07 00:00:00",13763,12.26,310,1,-0.02,-0.41,-0.52,-0.023,-0.029,-0.019,-0.043,52.38,43.13
"2025-04-07 00:30:00",13764,12.26,310,1,-0.007,0.03,-0.46,0.002,-0.025,-0.007,-0.045,52.1,43
"2025-04-07 01:00:00",13765,12.26,310,1,-0.005,0.15,-0.52,0.008,-0.029,0.004,-0.045,53.17,43.76
"2025-04-07 01:30:00",13766,12.26,310,1,-0.021,-0.47,-0.49,-0.026,-0.027,-0.023,-0.043,51.79,42.7
"2025-04-07 02:00:00",13767,12.26,310,1,0.002,0.47,-0.51,0.025,-0.029,0.013,-0.046,52.81,43.97
"2025-04-07 02:30:00",13768,12.25,310,1,-0.014,-0.17,-0.52,-0.011,-0.029,-0.018,-0.046,53.06,43.39
"2025-04-07 03:00:00",13769,12.25,310,1,-0.025,-0.66,-0.51,-0.036,-0.029,-0.03,-0.046,53.64,43.81
"2025-04-07 03:30:00",13770,12.25,310,1,-0.01,-0.06,-0.49,-0.005,-0.027,-0.008,-0.045,52.29,43.45
"2025-04-07 04:00:00",13771,12.25,310,1,-0.011,-0.09,-0.51,-0.006,-0.028,-0.006,-0.044,53.18,43.77
"2025-04-07 04:30:00",13772,12.25,310,1,-0.011,-0.14,-0.44,-0.009,-0.025,-0.012,-0.044,53.94,44.11
"2025-04-07 05:00:00",13773,12.24,310,1,0,0.28,-0.44,0.015,-0.025,0.01,-0.043,53.06,44.48
"2025-04-07 05:30:00",13774,12.24,310,1,-0.011,-0.09,-0.51,-0.006,-0.028,-0.004,-0.044,52.98,44.3
"2025-04-07 06:00:00",13775,12.24,310,1,-0.011,-0.09,-0.47,-0.006,-0.026,-0.007,-0.043,53.61,44.36
"2025-04-07 06:30:00",13776,12.24,310,1,-0.012,-0.14,-0.47,-0.009,-0.026,-0.01,-0.043,53.19,44.2
"2025-04-07 07:00:00",13777,12.24,310,1,-0.009,-0.01,-0.47,-0.002,-0.026,-0.004,-0.043,53.39,44.14
"2025-04-07 07:30:00",13778,12.24,310,1,-0.009,-0.06,-0.44,-0.005,-0.025,-0.006,-0.043,53.14,44.56
"2025-04-07 08:00:00",13779,12.24,310,1,-0.01,-0.02,-0.51,-0.003,-0.028,0.001,-0.044,52.47,44.31
"2025-04-07 08:30:00",13780,12.24,310,1,-0.012,-0.12,-0.51,-0.008,-0.028,-0.009,-0.044,52.78,44.36
"2025-04-07 09:00:00",13781,12.24,310,1,-0.009,-0.06,-0.44,-0.005,-0.025,-0.004,-0.044,51.65,43.8
"2025-04-07 09:30:00",13782,12.24,310,1,-0.01,-0.06,-0.47,-0.005,-0.027,-0.009,-0.045,52.32,43.64
"2025-04-07 10:00:00",13783,12.24,310,1,-0.005,0.12,-0.44,0.006,-0.025,0.001,-0.043,53.43,43.92
"2025-04-07 10:30:00",13784,12.24,310,1,-0.008,-0.01,-0.44,-0.002,-0.025,-0.003,-0.043,53.21,43.54
"2025-04-07 11:00:00",13785,12.24,310,1,-0.01,-0.11,-0.44,-0.007,-0.025,-0.006,-0.043,53.51,44.26
"2025-04-07 11:30:00",13786,12.24,310,1,-0.012,-0.12,-0.49,-0.008,-0.028,-0.004,-0.045,52.85,44.43
"2025-04-07 12:00:00",13787,12.24,310,1,-0.007,0.03,-0.47,0.001,-0.026,0.001,-0.044,53.09,44.67
"2025-04-07 12:30:00",13788,12.24,310,1,-0.014,-0.21,-0.51,-0.013,-0.028,-0.01,-0.044,51.98,44.55
"2025-04-07 13:00:00",13789,12.24,310,1,-0.013,-0.14,-0.51,-0.009,-0.028,-0.009,-0.044,53.17,43.5
"2025-04-07 13:30:00",13790,12.23,310,1,-0.011,-0.11,-0.49,-0.007,-0.028,-0.004,-0.044,53.7,44.29
"2025-04-07 14:00:00",13791,12.24,310,1,-0.008,0.05,-0.52,0.003,-0.029,0,-0.045,51.34,45.99
"2025-04-07 14:30:00",13792,12.24,310,1,-0.013,-0.17,-0.47,-0.011,-0.026,-0.012,-0.046,52.4,43.82
"2025-04-07 15:00:00",13793,12.24,310,1,-0.009,-0.01,-0.47,-0.002,-0.026,0,-0.044,52.25,43.41
"2025-04-07 15:30:00",13794,12.24,310,1,-0.011,-0.09,-0.51,-0.006,-0.028,-0.006,-0.044,52.34,44.33
"2025-04-07 16:00:00",13795,12.23,310,1,-0.009,-0.04,-0.47,-0.003,-0.027,-0.003,-0.045,52.23,43.39
"2025-04-07 16:30:00",13796,12.23,310,1,-0.002,0.2,-0.42,0.011,-0.024,0.006,-0.045,51.7,43.7
"2025-04-07 17:00:00",13797,12.23,310,1,-0.014,-0.21,-0.47,-0.012,-0.027,-0.01,-0.043,52.55,43.45
"2025-04-07 17:30:00",13798,12.23,310,1,-0.012,-0.12,-0.51,-0.008,-0.028,-0.007,-0.044,52.77,43.77
"2025-04-07 18:00:00",13799,12.22,310,1,-0.012,-0.12,-0.51,-0.008,-0.028,-0.007,-0.045,52.23,43.39
"2025-04-07 18:30:00",13800,12.22,310,1,-0.009,-0.01,-0.51,-0.002,-0.029,-0.006,-0.045,52.43,44.42
"2025-04-07 19:00:00",13801,12.22,310,1,-0.01,-0.06,-0.47,-0.005,-0.027,-0.004,-0.045,51.57,43.41
"2025-04-07 19:30:00",13802,12.22,310,1,-0.011,-0.09,-0.49,-0.006,-0.027,-0.006,-0.045,51.29,43.44
"2025-04-07 20:00:00",13803,12.21,310,1,-0.015,-0.21,-0.56,-0.013,-0.031,-0.007,-0.047,51.3,43.3
"2025-04-07 20:30:00",13804,12.21,310,1,-0.007,0,-0.42,0,-0.024,0.004,-0.043,51.4,43.65
"2025-04-07 21:00:00",13805,12.2,310,1,-0.011,-0.12,-0.46,-0.008,-0.026,0,-0.045,51.67,42.98
"2025-04-07 21:30:00",13806,12.2,310,1,-0.004,0.15,-0.46,0.008,-0.025,0.015,-0.043,50.6,43.42
"2025-04-07 22:00:00",13807,12.2,310,1,-0.012,-0.14,-0.47,-0.009,-0.027,-0.006,-0.045,52.63,43.37
"2025-04-07 22:30:00",13808,12.19,310,1,-0.009,0,-0.51,0,-0.028,-0.007,-0.045,52.38,43.54
"2025-04-07 23:00:00",13809,12.19,310,1,-0.011,-0.09,-0.49,-0.006,-0.027,-0.007,-0.045,52.67,43.41
"2025-04-07 23:30:00",13810,12.19,310,1,-0.012,-0.14,-0.47,-0.009,-0.027,-0.009,-0.045,52.95,44.1
"2025-04-08 00:00:00",13811,12.18,310,1,-0.011,-0.12,-0.47,-0.008,-0.027,-0.007,-0.043,52.12,43.7
"2025-04-08 00:30:00",13812,12.18,310,1,-0.011,-0.12,-0.47,-0.008,-0.027,-0.006,-0.045,52.93,44.09
"2025-04-08 01:00:00",13813,12.18,310,1,-0.009,-0.02,-0.46,-0.003,-0.025,-0.001,-0.043,52.63,44.21
"2025-04-08 01:30:00",13814,12.18,310,1,-0.012,-0.12,-0.51,-0.008,-0.028,-0.009,-0.046,53.61,44.62
"2025-04-08 02:00:00",13815,12.18,310,1,-0.018,-0.37,-0.51,-0.021,-0.028,-0.016,-0.043,52.75,43.91
"2025-04-08 02:30:00",13816,12.17,310,1,-0.012,-0.12,-0.51,-0.008,-0.028,-0.007,-0.044,52.54,43.69
"2025-04-08 03:00:00",13817,12.17,310,1,-0.008,0,-0.47,0,-0.026,0.001,-0.044,52.08,43.65
"2025-04-08 03:30:00",13818,12.17,310,1,-0.014,-0.21,-0.47,-0.012,-0.026,-0.01,-0.043,51.79,44.2
"2025-04-08 04:00:00",13819,12.17,310,1,-0.013,-0.17,-0.51,-0.011,-0.028,-0.012,-0.045,52.73,43.88
"2025-04-08 04:30:00",13820,12.17,310,1,-0.012,-0.12,-0.49,-0.008,-0.028,-0.009,-0.044,52.79,43.79
"2025-04-08 05:00:00",13821,12.17,310,1,-0.014,-0.17,-0.52,-0.011,-0.03,-0.009,-0.045,53.17,43.91
"2025-04-08 05:30:00",13822,12.16,310,1,-0.013,-0.17,-0.51,-0.011,-0.028,-0.01,-0.045,52.59,44
"2025-04-08 06:00:00",13823,12.16,310,1,-0.011,-0.09,-0.47,-0.006,-0.026,-0.004,-0.044,52.79,43.79
"2025-04-08 06:30:00",13824,12.16,310,1,-0.013,-0.14,-0.54,-0.009,-0.03,-0.01,-0.044,53.33,44.07
"2025-04-08 07:00:00",13825,12.16,310,1,-0.006,0.08,-0.47,0.005,-0.026,-0.007,-0.044,53.13,44.28
"2025-04-08 07:30:00",13826,12.16,310,1,-0.001,0.22,-0.37,0.011,-0.021,0.008,-0.041,55.05,44.53
"2025-04-08 08:00:00",13827,12.16,310,1,-0.003,0.17,-0.42,0.008,-0.024,0.003,-0.042,56.5,43.49
"2025-04-08 08:30:00",13828,12.16,310,1,-0.057,-1.49,-1.09,-0.081,-0.059,-0.06,-0.064,50.42,43.65
"2025-04-08 09:00:00",13829,12.15,310,1,-0.003,0.35,-0.67,0.019,-0.037,0.009,-0.054,51.34,42.65
"2025-04-08 09:30:00",13830,12.16,310,1,0.009,0.52,-0.21,0.028,-0.012,0.023,-0.032,67,46.66
"2025-04-08 10:00:00",13831,12.15,310,1,-0.003,0.43,-0.77,0.023,-0.042,0.02,-0.055,41.78,41.83
"2025-04-08 10:30:00",13832,12.15,310,1,-0.031,-0.69,-0.74,-0.038,-0.041,-0.029,-0.052,49.68,43.18
"2025-04-08 11:00:00",13833,12.15,310,1,-0.018,-0.37,-0.51,-0.021,-0.028,-0.022,-0.046,52.92,41.83
"2025-04-08 11:30:00",13834,12.15,310,1,-0.01,-0.09,-0.46,-0.006,-0.026,-0.006,-0.043,54.12,42.92
"2025-04-08 12:00:00",13835,12.15,310,1,-0.022,-0.46,-0.61,-0.025,-0.033,-0.02,-0.046,53.8,44.8
"2025-04-08 12:30:00",13836,12.15,310,1,-0.039,-1.07,-0.69,-0.059,-0.038,-0.048,-0.05,55.2,47.77
"2025-04-08 13:00:00",13837,12.15,310,1,0.008,0.67,-0.47,0.036,-0.027,0.026,-0.046,54.54,44.19
"2025-04-08 13:30:00",13838,12.15,310,1,-0.008,0,-0.47,0,-0.027,0.011,-0.045,48.97,44.29
"2025-04-08 14:00:00",13839,12.15,310,1,-0.009,0,-0.52,0,-0.029,0,-0.044,52.16,43.32
"2025-04-08 14:30:00",13840,12.15,310,1,0.008,0.67,-0.47,0.036,-0.027,0.012,-0.045,49.97,43.78
"2025-04-08 15:00:00",13841,12.16,310,1,-0.007,0.05,-0.47,0.003,-0.026,0,-0.044,53.85,43.77
"2025-04-08 15:30:00",13842,12.16,310,1,-0.016,-0.31,-0.47,-0.017,-0.027,-0.019,-0.045,53.8,43.55
"2025-04-08 16:00:00",13843,12.16,310,1,-0.006,0.08,-0.47,0.005,-0.026,0.012,-0.044,53.06,43.81
"2025-04-08 16:30:00",13844,12.16,310,1,-0.011,-0.09,-0.47,-0.006,-0.027,-0.006,-0.044,52.91,44.9
"2025-04-08 17:00:00",13845,12.15,310,1,-0.007,0.03,-0.47,0.002,-0.027,0.003,-0.046,52.82,43.82
"2025-04-08 17:30:00",13846,12.15,310,1,-0.009,-0.04,-0.47,-0.003,-0.027,-0.002,-0.045,51.92,44.33
"2025-04-08 18:00:00",13847,12.15,310,1,-0.01,-0.04,-0.52,-0.003,-0.029,-0.005,-0.045,50.86,43.1
"2025-04-08 18:30:00",13848,12.15,310,1,-0.01,-0.04,-0.52,-0.003,-0.029,-0.008,-0.046,52.62,44.2
"2025-04-08 19:00:00",13849,12.14,310,1,-0.011,-0.06,-0.56,-0.005,-0.031,-0.008,-0.048,51.44,43.43
"2025-04-08 19:30:00",13850,12.14,310,1,-0.013,-0.19,-0.49,-0.011,-0.027,-0.012,-0.045,52.44,43.18
"2025-04-08 20:00:00",13851,12.14,310,1,-0.011,-0.06,-0.52,-0.005,-0.029,-0.007,-0.046,52.46,42.78
"2025-04-08 20:30:00",13852,12.13,310,1,-0.009,-0.01,-0.49,-0.002,-0.027,0,-0.044,51.72,43.86
"2025-04-08 21:00:00",13853,12.13,310,1,-0.014,-0.17,-0.52,-0.011,-0.029,-0.012,-0.045,51.99,43.56
"2025-04-08 21:30:00",13854,12.12,310,1,-0.013,-0.17,-0.49,-0.011,-0.027,-0.01,-0.044,51.8,43.78
"2025-04-08 22:00:00",13855,12.12,310,1,-0.012,-0.14,-0.49,-0.009,-0.027,-0.009,-0.045,52.62,44.19
"2025-04-08 22:30:00",13856,12.11,310,1,-0.007,0.07,-0.51,0.003,-0.029,0.001,-0.046,51.09,44.32
"2025-04-08 23:00:00",13857,12.11,310,1,-0.01,-0.02,-0.51,-0.003,-0.028,-0.001,-0.047,52.37,44.2
"2025-04-08 23:30:00",13858,12.11,310,1,-0.012,-0.14,-0.47,-0.009,-0.027,-0.012,-0.043,52.65,43.54
"2025-04-09 00:00:00",13859,12.1,310,1,-0.012,-0.14,-0.47,-0.009,-0.027,-0.01,-0.043,52.15,43.87
"2025-04-09 00:30:00",13860,12.1,310,1,-0.013,-0.14,-0.51,-0.009,-0.029,-0.012,-0.045,53.32,44.05
"2025-04-09 01:00:00",13861,12.1,310,1,-0.01,-0.02,-0.51,-0.003,-0.029,-0.004,-0.045,53.18,43.5
"2025-04-09 01:30:00",13862,12.09,310,1,-0.013,-0.14,-0.54,-0.009,-0.03,-0.012,-0.046,52.58,44.14
"2025-04-09 02:00:00",13863,12.09,310,1,-0.012,-0.12,-0.51,-0.008,-0.028,-0.01,-0.046,52.41,43.98
"2025-04-09 02:30:00",13864,12.08,310,1,-0.009,-0.04,-0.47,-0.003,-0.027,-0.003,-0.043,53.03,44.44
"2025-04-09 03:00:00",13865,12.08,310,1,-0.014,-0.16,-0.54,-0.009,-0.031,-0.01,-0.047,52.78,44.18
"2025-04-09 03:30:00",13866,12.08,310,1,-0.012,-0.14,-0.49,-0.009,-0.027,-0.009,-0.044,52.81,44.11
"2025-04-09 04:00:00",13867,12.08,310,1,-0.013,-0.12,-0.54,-0.008,-0.03,-0.009,-0.047,53.01,44.16
"2025-04-09 04:30:00",13868,12.07,310,1,-0.013,-0.14,-0.54,-0.009,-0.03,-0.01,-0.046,52.6,44.16
"2025-04-09 05:00:00",13869,12.07,310,1,-0.011,-0.09,-0.51,-0.006,-0.028,-0.007,-0.045,52.57,44.13
"2025-04-09 05:30:00",13870,12.07,310,1,-0.015,-0.21,-0.54,-0.012,-0.03,-0.013,-0.046,52.98,44.38
"2025-04-09 06:00:00",13871,12.06,310,1,-0.013,-0.17,-0.47,-0.011,-0.027,-0.012,-0.043,52.56,43.96
"2025-04-09 06:30:00",13872,12.06,310,1,-0.011,-0.09,-0.51,-0.006,-0.028,-0.012,-0.045,52.54,44.36
"2025-04-09 07:00:00",13873,12.06,310,1,-0.012,-0.12,-0.51,-0.008,-0.028,-0.013,-0.045,52.98,44.12
"2025-04-09 07:30:00",13874,12.06,310,1,0.013,0.63,-0.12,0.034,-0.008,0.031,-0.03,61.44,46.18
"2025-04-09 08:00:00",13875,12.06,310,1,0.001,0.4,-0.46,0.021,-0.026,0.01,-0.042,57.35,44.9
"2025-04-09 08:30:00",13876,12.06,310,1,-0.065,-1.89,-0.94,-0.101,-0.051,-0.082,-0.056,52.12,45.62
"2025-04-09 09:00:00",13877,12.06,310,1,-0.002,0.42,-0.69,0.022,-0.038,0.006,-0.054,51.81,43.95
"2025-04-09 09:30:00",13878,12.07,310,1,-0.005,-0.06,-0.22,-0.005,-0.013,-0.005,-0.03,68.11,49.42
"2025-04-09 10:00:00",13879,12.07,310,1,0.104,4.1,0.07,0.217,0.003,0.195,-0.03,79.91,44.84
"2025-04-09 10:30:00",13880,12.08,310,1,-0.026,-0.41,-0.89,-0.023,-0.049,-0.02,-0.058,52.61,42.52
"2025-04-09 11:00:00",13881,12.08,310,1,0.031,0.9,0.45,0.048,0.024,0.047,-0.001,67.22,49.64
"2025-04-09 11:30:00",13882,12.09,310,1,0.019,0.7,0.1,0.037,0.005,0.035,-0.013,72.25,53.43
"2025-04-09 12:00:00",13883,12.09,310,1,0.02,0.82,-0.02,0.044,-0.003,0.039,-0.027,62.22,47.4
"2025-04-09 12:30:00",13884,12.1,310,1,-0.237,-8.2,-1.66,-0.437,-0.089,-0.245,-0.077,43.69,42.34
"2025-04-09 13:00:00",13885,12.1,310,1,0.043,1.7,0,0.09,0,0.072,-0.032,67.62,42.41
"2025-04-09 13:30:00",13886,12.11,310,1,-0.039,-1.04,-0.71,-0.057,-0.039,-0.047,-0.054,52.99,41.81
"2025-04-09 14:00:00",13887,12.11,310,1,-0.008,0,-0.47,0,-0.027,0.008,-0.045,50.63,42.21
"2025-04-09 14:30:00",13888,12.11,310,1,-0.01,-0.04,-0.49,-0.003,-0.028,-0.025,-0.046,52.3,43.72
"2025-04-09 15:00:00",13889,12.11,310,1,0,0.32,-0.49,0.017,-0.028,0.011,-0.046,51.1,43.93
"2025-04-09 15:30:00",13890,12.11,310,1,-0.003,0.25,-0.56,0.013,-0.031,-0.002,-0.047,50.77,42.77
"2025-04-09 16:00:00",13891,12.1,310,1,-0.005,0.1,-0.46,0.005,-0.026,0.003,-0.044,51.84,43.84
"2025-04-09 16:30:00",13892,12.1,310,1,-0.006,0.08,-0.49,0.005,-0.027,-0.008,-0.045,51.41,43.41
"2025-04-09 17:00:00",13893,12.1,310,1,-0.03,-0.81,-0.56,-0.044,-0.031,-0.045,-0.047,51.74,42.48
"2025-04-09 17:30:00",13894,12.1,310,1,-0.003,0.2,-0.49,0.01,-0.027,0.013,-0.045,50.2,43.44
"2025-04-09 18:00:00",13895,12.1,310,1,-0.015,-0.21,-0.54,-0.012,-0.03,-0.017,-0.046,53.26,44.57
"2025-04-09 18:30:00",13896,12.09,310,1,-0.002,0.25,-0.49,0.013,-0.027,0.005,-0.045,50.86,42.84
"2025-04-09 19:00:00",13897,12.08,310,1,-0.008,0,-0.49,0,-0.027,-0.003,-0.045,51.86,43.85
"2025-04-09 19:30:00",13898,12.08,310,1,-0.012,-0.09,-0.52,-0.007,-0.029,-0.011,-0.044,52.07,43.22
"2025-04-09 20:00:00",13899,12.08,310,1,-0.013,-0.19,-0.49,-0.011,-0.027,-0.015,-0.045,52.03,43.75
"2025-04-09 20:30:00",13900,12.07,310,1,-0.016,-0.27,-0.52,-0.016,-0.029,-0.018,-0.045,51.87,44.27
"2025-04-09 21:00:00",13901,12.07,310,1,-0.015,-0.24,-0.52,-0.014,-0.029,-0.018,-0.047,52.12,43.69
"2025-04-09 21:30:00",13902,12.07,310,1,-0.014,-0.21,-0.51,-0.012,-0.029,-0.012,-0.047,52.46,43.36
"2025-04-09 22:00:00",13903,12.06,310,1,-0.013,-0.12,-0.54,-0.008,-0.03,-0.007,-0.046,52.18,42.91
"2025-04-09 22:30:00",13904,12.06,310,1,-0.012,-0.09,-0.54,-0.006,-0.03,-0.007,-0.046,53.18,43.66
"2025-04-09 23:00:00",13905,12.06,310,1,-0.013,-0.12,-0.54,-0.008,-0.03,-0.01,-0.046,53.37,44.11
"2025-04-09 23:30:00",13906,12.05,310,1,-0.015,-0.24,-0.51,-0.014,-0.028,-0.015,-0.046,51.99,44.39
"2025-04-10 00:00:00",13907,12.05,310,1,-0.011,-0.09,-0.51,-0.006,-0.028,-0.009,-0.044,52.55,44.38
"2025-04-10 00:30:00",13908,12.05,310,1,-0.011,-0.09,-0.47,-0.006,-0.027,-0.009,-0.044,52.29,43.7
"2025-04-10 01:00:00",13909,12.05,310,1,-0.011,-0.09,-0.51,-0.006,-0.028,-0.01,-0.044,52.21,44.19
"2025-04-10 01:30:00",13910,12.05,310,1,-0.011,-0.12,-0.47,-0.008,-0.027,-0.009,-0.045,53.12,44.12
"2025-04-10 02:00:00",13911,12.05,310,1,-0.011,-0.09,-0.47,-0.006,-0.027,-0.009,-0.045,52.99,44.14
"2025-04-10 02:30:00",13912,12.04,310,1,-0.013,-0.12,-0.54,-0.008,-0.03,-0.009,-0.047,53.29,44.02
"2025-04-10 03:00:00",13913,12.04,310,1,-0.011,-0.12,-0.47,-0.008,-0.027,-0.01,-0.043,53.41,44.56
"2025-04-10 03:30:00",13914,12.04,310,1,-0.015,-0.22,-0.51,-0.014,-0.028,-0.015,-0.045,53.89,45.05
"2025-04-10 04:00:00",13915,12.04,310,1,-0.014,-0.21,-0.47,-0.012,-0.026,-0.013,-0.043,53.69,44.27
"2025-04-10 04:30:00",13916,12.04,310,1,-0.013,-0.17,-0.51,-0.011,-0.028,-0.013,-0.046,54.14,44.62
"2025-04-10 05:00:00",13917,12.04,310,1,-0.017,-0.29,-0.52,-0.017,-0.03,-0.015,-0.046,54,44.32
"2025-04-10 05:30:00",13918,12.04,310,1,-0.012,-0.14,-0.49,-0.009,-0.028,-0.01,-0.043,52.98,44.14
"2025-04-10 06:00:00",13919,12.04,310,1,-0.011,-0.09,-0.47,-0.006,-0.026,-0.01,-0.043,52.63,43.79
"2025-04-10 06:30:00",13920,12.04,310,1,-0.013,-0.14,-0.54,-0.009,-0.03,-0.012,-0.046,53.84,43.9
"2025-04-10 07:00:00",13921,12.04,310,1,-0.011,-0.14,-0.44,-0.009,-0.025,-0.01,-0.045,53.06,44.21
"2025-04-10 07:30:00",13922,12.04,310,1,0,0.23,-0.31,0.012,-0.017,0.005,-0.038,58.87,46.69
"2025-04-10 08:00:00",13923,12.04,310,1,0,0.33,-0.44,0.018,-0.024,0.01,-0.043,54.72,45.2
"2025-04-10 08:30:00",13924,12.04,310,1,-0.032,-0.84,-0.61,-0.046,-0.033,-0.038,-0.046,52.81,44.95
"2025-04-10 09:00:00",13925,12.05,310,1,-0.013,0.03,-0.79,0.002,-0.044,-0.002,-0.056,51.64,43.48
"2025-04-10 09:30:00",13926,12.05,310,1,0.021,0.72,0.15,0.038,0.008,0.031,-0.017,61.67,47.16
"2025-04-10 10:00:00",13927,12.06,310,1,-0.014,-0.12,-0.61,-0.008,-0.033,-0.024,-0.048,54,43.92
"2025-04-10 10:30:00",13928,12.06,310,1,0.014,0.85,-0.36,0.045,-0.02,0.023,-0.042,50.16,43.82
"2025-04-10 11:00:00",13929,12.06,310,1,0.044,1.65,0.13,0.087,0.007,0.073,-0.02,59.05,47.06
"2025-04-10 11:30:00",13930,12.06,310,1,-0.006,-0.01,-0.32,-0.001,-0.018,-0.007,-0.037,54.58,45.91
"2025-04-10 12:00:00",13931,12.07,310,1,0.001,0.25,-0.29,0.013,-0.017,0.024,-0.039,54.04,43.38
"2025-04-10 12:30:00",13932,12.07,310,1,-0.079,-2.44,-0.99,-0.131,-0.054,-0.104,-0.061,48.54,42.77
"2025-04-10 13:00:00",13933,12.07,310,1,0.008,0.72,-0.51,0.038,-0.028,0.035,-0.046,51.63,43.21
"2025-04-10 13:30:00",13934,12.07,310,1,-0.009,-0.01,-0.51,-0.002,-0.028,-0.017,-0.046,51.98,42.73
"2025-04-10 14:00:00",13935,12.07,310,1,0.014,0.92,-0.46,0.049,-0.026,0.008,-0.045,50.47,43.72
"2025-04-10 14:30:00",13936,12.07,310,1,-0.012,-0.12,-0.49,-0.008,-0.027,-0.009,-0.044,53.86,43.63
"2025-04-10 15:00:00",13937,12.07,310,1,-0.009,-0.01,-0.49,-0.002,-0.028,0,-0.044,52.32,43.23
"2025-04-10 15:30:00",13938,12.07,310,1,-0.004,0.18,-0.47,0.01,-0.026,0.011,-0.044,51.81,43.13
"2025-04-10 16:00:00",13939,12.07,310,1,-0.011,-0.04,-0.56,-0.003,-0.031,-0.009,-0.047,52.81,44.54
"2025-04-10 16:30:00",13940,12.06,310,1,-0.009,-0.01,-0.49,-0.002,-0.028,-0.002,-0.047,52.65,43.55
"2025-04-10 17:00:00",13941,12.06,310,1,-0.012,-0.09,-0.52,-0.007,-0.029,-0.009,-0.046,52.13,42.88
"2025-04-10 17:30:00",13942,12.06,310,1,-0.009,0,-0.52,0,-0.029,0.002,-0.044,51.98,42.72
"2025-04-10 18:00:00",13943,12.06,310,1,-0.009,-0.01,-0.52,-0.002,-0.029,-0.009,-0.047,51.89,44.3
"2025-04-10 18:30:00",13944,12.05,310,1,-0.013,-0.17,-0.49,-0.011,-0.027,-0.012,-0.044,53.02,43.5
"2025-04-10 19:00:00",13945,12.05,310,1,-0.01,-0.04,-0.52,-0.003,-0.029,-0.008,-0.045,52.44,43.59
"2025-04-10 19:30:00",13946,12.04,310,1,-0.008,0,-0.46,0,-0.026,0,-0.044,52.81,44.22
"2025-04-10 20:00:00",13947,12.04,310,1,-0.008,-0.01,-0.46,-0.002,-0.026,-0.003,-0.044,52.37,43.94
"2025-04-10 20:30:00",13948,12.04,310,1,-0.013,-0.16,-0.49,-0.009,-0.027,-0.013,-0.042,53.16,44.31
"2025-04-10 21:00:00",13949,12.03,310,1,-0.01,-0.04,-0.49,-0.003,-0.027,-0.006,-0.044,52.9,44.21
"2025-04-10 21:30:00",13950,12.03,310,1,-0.013,-0.19,-0.49,-0.011,-0.027,-0.009,-0.044,53.24,44.4
"2025-04-10 22:00:00",13951,12.03,310,1,-0.013,-0.16,-0.49,-0.009,-0.027,-0.009,-0.044,53.23,43.39
"2025-04-10 22:30:00",13952,12.03,310,1,-0.016,-0.27,-0.49,-0.016,-0.027,-0.017,-0.044,53.45,43.51
"2025-04-10 23:00:00",13953,12.03,310,1,-0.015,-0.24,-0.49,-0.014,-0.027,-0.015,-0.044,52.73,43.89
"2025-04-10 23:30:00",13954,12.03,310,1,-0.012,-0.12,-0.49,-0.008,-0.027,-0.009,-0.045,52.68,44.25
"2025-04-11 00:00:00",13955,12.03,310,1,-0.01,-0.06,-0.49,-0.005,-0.027,-0.005,-0.044,53.03,43.77
"2025-04-11 00:30:00",13956,12.02,310,1,-0.014,-0.19,-0.52,-0.011,-0.029,-0.012,-0.044,53.19,44.34
"2025-04-11 01:00:00",13957,12.02,310,1,-0.013,-0.16,-0.49,-0.01,-0.027,-0.009,-0.044,52.21,43.37
"2025-04-11 01:30:00",13958,12.02,310,1,-0.011,-0.06,-0.52,-0.005,-0.029,-0.005,-0.046,52.59,44
"2025-04-11 02:00:00",13959,12.02,310,1,-0.01,-0.06,-0.49,-0.005,-0.027,-0.006,-0.046,52.85,44.68
"2025-04-11 02:30:00",13960,12.02,310,1,-0.009,-0.01,-0.49,-0.002,-0.027,0,-0.044,52.9,43.9
"2025-04-11 03:00:00",13961,12.01,310,1,-0.006,0.08,-0.46,0.005,-0.026,0.006,-0.044,53.52,44.1
"2025-04-11 03:30:00",13962,12.01,310,1,-0.009,-0.06,-0.46,-0.005,-0.026,-0.006,-0.044,53.96,43.46
"2025-04-11 04:00:00",13963,12.01,310,1,-0.013,-0.16,-0.49,-0.01,-0.027,-0.011,-0.044,53.32,44.06
"2025-04-11 04:30:00",13964,12.01,310,1,-0.013,-0.16,-0.49,-0.01,-0.027,-0.011,-0.044,53.44,45.01
"2025-04-11 05:00:00",13965,12.01,310,1,-0.01,-0.04,-0.52,-0.003,-0.029,-0.003,-0.044,53.27,44.01
"2025-04-11 05:30:00",13966,12,310,1,-0.007,0.07,-0.49,0.003,-0.027,0.005,-0.044,52.32,44.05
"2025-04-11 06:00:00",13967,12,310,1,-0.009,-0.04,-0.46,-0.003,-0.026,-0.002,-0.043,52.8,43.38
"2025-04-11 06:30:00",13968,12,310,1,-0.01,-0.09,-0.42,-0.006,-0.024,-0.009,-0.043,53.88,44.04
"2025-04-11 07:00:00",13969,12,310,1,-0.013,-0.17,-0.49,-0.011,-0.027,-0.009,-0.044,53.57,44.31
"2025-04-11 07:30:00",13970,12,310,1,-0.013,-0.16,-0.49,-0.009,-0.027,-0.01,-0.045,54.75,43.68
"2025-04-11 08:00:00",13971,12,310,1,-0.009,-0.04,-0.46,-0.003,-0.025,-0.004,-0.044,53.52,44.26
"2025-04-11 08:30:00",13972,12,310,1,-0.007,0,-0.42,0,-0.024,0.002,-0.042,52.94,44.25
"2025-04-11 09:00:00",13973,12,310,1,-0.009,-0.06,-0.46,-0.005,-0.025,-0.006,-0.042,53.04,44.2
"2025-04-11 09:30:00",13974,12,310,1,-0.018,-0.34,-0.54,-0.019,-0.03,-0.018,-0.045,53.78,44.11
"2025-04-11 10:00:00",13975,12,310,1,-0.005,0.08,-0.44,0.005,-0.025,0.001,-0.042,53,44.32
"2025-04-11 10:30:00",13976,12,310,1,-0.008,0,-0.49,0,-0.027,-0.005,-0.044,54.68,43.76
"2025-04-11 11:00:00",13977,12,310,1,-0.011,-0.06,-0.52,-0.005,-0.029,-0.008,-0.045,51.87,44.01
"2025-04-11 11:30:00",13978,12,310,1,-0.008,-0.01,-0.46,-0.002,-0.026,-0.002,-0.042,54.26,44.59
"2025-04-11 12:00:00",13979,12,310,1,-0.01,-0.06,-0.49,-0.005,-0.027,-0.006,-0.046,53.22,44.64
"2025-04-11 12:30:00",13980,12,310,1,-0.008,0.03,-0.49,0.002,-0.027,-0.001,-0.045,53.14,43.62
"2025-04-11 13:00:00",13981,12,310,1,-0.008,0,-0.49,0,-0.027,-0.003,-0.044,53.66,43.31
"2025-04-11 13:30:00",13982,11.99,310,1,-0.008,0.03,-0.49,0.002,-0.027,0.006,-0.044,51.76,44.16
"2025-04-11 14:00:00",13983,11.99,310,1,-0.013,-0.16,-0.52,-0.01,-0.029,-0.009,-0.047,52.48,43.64
"2025-04-11 14:30:00",13984,11.99,310,1,-0.009,0,-0.52,0,-0.029,-0.003,-0.045,52.01,44.42
"2025-04-11 15:00:00",13985,11.99,310,1,-0.008,0,-0.46,0,-0.026,-0.003,-0.044,51.42,44.09
"2025-04-11 15:30:00",13986,11.99,310,1,-0.006,0.07,-0.46,0.003,-0.026,0.006,-0.046,51.79,42.95
"2025-04-11 16:00:00",13987,11.99,310,1,-0.01,-0.07,-0.46,-0.005,-0.026,-0.003,-0.044,52.29,43.44
"2025-04-11 16:30:00",13988,11.99,310,1,-0.01,-0.06,-0.49,-0.005,-0.027,-0.009,-0.044,52.71,43.71
"2025-04-11 17:00:00",13989,11.99,310,1,-0.003,0.18,-0.46,0.01,-0.026,0.003,-0.044,52.15,44.29
"2025-04-11 17:30:00",13990,11.98,310,1,-0.001,0.25,-0.42,0.013,-0.024,0.014,-0.042,51.05,44.13
"2025-04-11 18:00:00",13991,11.98,310,1,-0.011,-0.09,-0.49,-0.007,-0.028,-0.009,-0.044,51.75,44.73
"2025-04-11 18:30:00",13992,11.98,310,1,-0.011,-0.07,-0.52,-0.005,-0.03,-0.006,-0.046,52.31,43.21
"2025-04-11 19:00:00",13993,11.98,310,1,-0.006,0.1,-0.49,0.005,-0.028,-0.002,-0.045,52.53,43.95
"2025-04-11 19:30:00",13994,11.98,310,1,-0.009,0,-0.51,0,-0.028,0,-0.045,52.01,42.9
"2025-04-11 20:00:00",13995,11.97,310,1,-0.008,0,-0.46,0,-0.026,-0.008,-0.045,52.62,43.2
"2025-04-11 20:30:00",13996,11.97,310,1,-0.012,-0.12,-0.49,-0.008,-0.028,-0.008,-0.045,52.02,44.58
"2025-04-11 21:00:00",13997,11.97,310,1,-0.003,0.22,-0.47,0.012,-0.026,0.016,-0.043,51.33,43.32
"2025-04-11 21:30:00",13998,11.97,310,1,-0.01,-0.01,-0.56,-0.002,-0.031,-0.006,-0.048,52.54,44.79
"2025-04-11 22:00:00",13999,11.96,310,1,-0.012,-0.12,-0.52,-0.008,-0.029,-0.009,-0.046,52.43,44.41
"2025-04-11 22:30:00",14000,11.96,310,1,-0.013,-0.16,-0.49,-0.009,-0.027,-0.009,-0.046,52.4,43.4
"2025-04-11 23:00:00",14001,11.96,310,1,-0.009,-0.01,-0.49,-0.002,-0.027,0,-0.045,52.52,43.83
"2025-04-11 23:30:00",14002,11.96,310,1,-0.011,-0.06,-0.52,-0.005,-0.029,-0.006,-0.047,52.96,44.11
"2025-04-12 00:00:00",14003,11.95,310,1,-0.01,-0.09,-0.46,-0.006,-0.026,-0.009,-0.044,52.7,44.26
"2025-04-12 00:30:00",14004,11.95,310,1,-0.006,0.07,-0.46,0.003,-0.026,0.006,-0.043,52.48,44.04
"2025-04-12 01:00:00",14005,11.95,310,1,-0.012,-0.12,-0.49,-0.008,-0.028,-0.006,-0.044,52.31,44.29
"2025-04-12 01:30:00",14006,11.95,310,1,-0.008,0,-0.46,0,-0.026,0.002,-0.044,52.36,44.34
"2025-04-12 02:00:00",14007,11.94,310,1,-0.01,-0.04,-0.49,-0.003,-0.028,-0.002,-0.044,52.63,43.78
"2025-04-12 02:30:00",14008,11.94,310,1,-0.011,-0.07,-0.49,-0.005,-0.027,-0.008,-0.046,52.2,44.34
"2025-04-12 03:00:00",14009,11.94,310,1,-0.009,-0.01,-0.49,-0.002,-0.028,-0.002,-0.046,52.21,43.36
"2025-04-12 03:30:00",14010,11.94,310,1,-0.011,-0.09,-0.49,-0.006,-0.028,-0.008,-0.045,53.03,44.44
"2025-04-12 04:00:00",14011,11.93,310,1,-0.007,0.03,-0.46,0.002,-0.026,0.008,-0.045,52.54,43.42
"2025-04-12 04:30:00",14012,11.93,310,1,-0.013,-0.19,-0.46,-0.011,-0.026,-0.012,-0.045,52.68,43.99
"2025-04-12 05:00:00",14013,11.93,310,1,-0.008,0,-0.46,0,-0.026,-0.003,-0.045,52.89,43.77
"2025-04-12 05:30:00",14014,11.93,310,1,-0.013,-0.16,-0.49,-0.01,-0.028,-0.011,-0.045,52.47,43.88
"2025-04-12 06:00:00",14015,11.92,310,1,-0.011,-0.12,-0.47,-0.008,-0.026,-0.012,-0.046,52.66,44.07
"2025-04-12 06:30:00",14016,11.92,310,1,-0.012,-0.12,-0.51,-0.008,-0.028,-0.006,-0.045,54,44.72
"2025-04-12 07:00:00",14017,11.92,310,1,-0.012,-0.09,-0.54,-0.006,-0.03,-0.006,-0.047,52.78,43.93
"2025-04-12 07:30:00",14018,11.92,310,1,-0.014,-0.16,-0.56,-0.009,-0.031,-0.011,-0.046,52.45,44.18
"2025-04-12 08:00:00",14019,11.92,310,1,-0.014,-0.21,-0.49,-0.013,-0.028,-0.011,-0.046,52.63,43.62
"2025-04-12 08:30:00",14020,11.92,310,1,-0.01,-0.04,-0.52,-0.003,-0.029,-0.008,-0.047,53.53,44.26
"2025-04-12 09:00:00",14021,11.91,310,1,-0.012,-0.09,-0.56,-0.006,-0.031,-0.007,-0.046,52.89,43.88
"2025-04-12 09:30:00",14022,11.91,310,1,-0.014,-0.21,-0.52,-0.013,-0.029,-0.015,-0.046,53.11,44.52
"2025-04-12 10:00:00",14023,11.91,310,1,-0.011,-0.06,-0.56,-0.005,-0.031,-0.004,-0.043,54.96,46.94
"2025-04-12 10:30:00",14024,11.91,310,1,-0.017,-0.31,-0.52,-0.018,-0.029,-0.019,-0.046,53.24,43.97
"2025-04-12 11:00:00",14025,11.91,310,1,-0.013,-0.19,-0.46,-0.011,-0.026,-0.011,-0.043,51.23,44.89
"2025-04-12 11:30:00",14026,11.92,310,1,-0.008,0.03,-0.49,0.002,-0.028,-0.002,-0.045,53.07,44.22
"2025-04-12 12:00:00",14027,11.92,310,1,-0.015,-0.26,-0.51,-0.015,-0.028,-0.008,-0.045,52.41,43.72
"2025-04-12 12:30:00",14028,11.92,310,1,-0.009,-0.01,-0.52,-0.002,-0.03,-0.003,-0.047,52.39,43.95
"2025-04-12 13:00:00",14029,11.91,310,1,-0.005,0.12,-0.46,0.006,-0.026,0.003,-0.042,52.52,44.76
"2025-04-12 13:30:00",14030,11.91,310,1,-0.01,-0.04,-0.49,-0.003,-0.027,-0.006,-0.045,51.71,44.79
"2025-04-12 14:00:00",14031,11.91,310,1,-0.009,-0.01,-0.49,-0.002,-0.028,-0.005,-0.046,53.86,44.59
"2025-04-12 14:30:00",14032,11.91,310,1,-0.013,-0.14,-0.51,-0.009,-0.028,-0.005,-0.046,48.54,44.01
"2025-04-12 15:00:00",14033,11.91,310,1,-0.001,0.27,-0.46,0.014,-0.026,0.012,-0.043,51.93,43.5
"2025-04-12 15:30:00",14034,11.91,310,1,-0.014,-0.22,-0.49,-0.014,-0.028,-0.006,-0.046,50.79,43.35
"2025-04-12 16:00:00",14035,11.91,310,1,-0.005,0.12,-0.49,0.006,-0.027,0.001,-0.044,55.16,43.81
"2025-04-12 16:30:00",14036,11.91,310,1,-0.013,-0.14,-0.51,-0.009,-0.028,-0.009,-0.043,55.93,45
"2025-04-12 17:00:00",14037,11.91,310,1,-0.006,0.07,-0.46,0.003,-0.026,-0.002,-0.046,52.7,43.44
"2025-04-12 17:30:00",14038,11.91,310,1,-0.009,-0.01,-0.52,-0.002,-0.03,-0.005,-0.046,51.32,44.81
"2025-04-12 18:00:00",14039,11.91,310,1,-0.011,-0.04,-0.54,-0.003,-0.03,-0.011,-0.047,51.86,43.84
"2025-04-12 18:30:00",14040,11.91,310,1,-0.01,-0.09,-0.46,-0.006,-0.026,-0.006,-0.043,53.74,44.06
"2025-04-12 19:00:00",14041,11.91,310,1,-0.012,-0.12,-0.49,-0.008,-0.028,-0.006,-0.046,51.52,44.08
"2025-04-12 19:30:00",14042,11.9,310,1,-0.01,-0.04,-0.49,-0.003,-0.028,-0.006,-0.045,53.25,44.24
"2025-04-12 20:00:00",14043,11.9,310,1,-0.012,-0.12,-0.51,-0.008,-0.028,-0.012,-0.045,53,44.14
"2025-04-12 20:30:00",14044,11.9,310,1,-0.015,-0.24,-0.52,-0.014,-0.029,-0.014,-0.046,53.04,43.62
"2025-04-12 21:00:00",14045,11.9,310,1,-0.013,-0.16,-0.52,-0.01,-0.029,-0.012,-0.046,52.98,44.13
"2025-04-12 21:30:00",14046,11.9,310,1,-0.015,-0.19,-0.56,-0.011,-0.031,-0.012,-0.047,53.77,44.92
"2025-04-12 22:00:00",14047,11.9,310,1,-0.008,0.03,-0.49,0.002,-0.028,0.003,-0.045,53.24,44.39
"2025-04-12 22:30:00",14048,11.89,310,1,-0.013,-0.19,-0.49,-0.011,-0.028,-0.014,-0.045,53.58,44.31
"2025-04-12 23:00:00",14049,11.89,310,1,-0.007,0.03,-0.46,0.002,-0.026,0,-0.043,52.99,44.14
"2025-04-12 23:30:00",14050,11.89,310,1,-0.011,-0.09,-0.49,-0.006,-0.028,-0.005,-0.045,53.13,44.28
"2025-04-13 00:00:00",14051,11.89,310,1,-0.014,-0.19,-0.51,-0.011,-0.028,-0.011,-0.045,52.32,44.04
"2025-04-13 00:30:00",14052,11.89,310,1,-0.012,-0.16,-0.47,-0.01,-0.026,-0.011,-0.044,53.04,44.03
"2025-04-13 01:00:00",14053,11.89,310,1,-0.014,-0.16,-0.54,-0.01,-0.03,-0.011,-0.045,53.24,43.98
"2025-04-13 01:30:00",14054,11.88,310,1,-0.014,-0.19,-0.51,-0.011,-0.028,-0.012,-0.045,52.24,44.22
"2025-04-13 02:00:00",14055,11.88,310,1,-0.007,0.03,-0.44,0.002,-0.025,0.002,-0.045,52.69,43.84
"2025-04-13 02:30:00",14056,11.88,310,1,-0.014,-0.16,-0.54,-0.01,-0.03,-0.011,-0.045,52.38,44.1
"2025-04-13 03:00:00",14057,11.88,310,1,-0.014,-0.19,-0.54,-0.011,-0.03,-0.014,-0.048,53.44,43.49
"2025-04-13 03:30:00",14058,11.88,310,1,-0.014,-0.16,-0.54,-0.01,-0.03,-0.012,-0.047,54.08,44.38
"2025-04-13 04:00:00",14059,11.87,310,1,-0.014,-0.21,-0.52,-0.013,-0.029,-0.012,-0.047,52.86,43.59
"2025-04-13 04:30:00",14060,11.87,310,1,-0.012,-0.12,-0.52,-0.008,-0.029,-0.011,-0.046,52.35,43.91
"2025-04-13 05:00:00",14061,11.87,310,1,-0.013,-0.19,-0.49,-0.011,-0.028,-0.014,-0.047,53.28,44.42
"2025-04-13 05:30:00",14062,11.87,310,1,-0.015,-0.19,-0.56,-0.011,-0.031,-0.014,-0.046,54.19,44.35
"2025-04-13 06:00:00",14063,11.87,310,1,-0.012,-0.12,-0.52,-0.008,-0.029,-0.012,-0.047,53.79,44.52
"2025-04-13 06:30:00",14064,11.87,310,1,-0.013,-0.12,-0.56,-0.008,-0.031,-0.011,-0.048,52.54,44.36
"2025-04-13 07:00:00",14065,11.86,310,1,-0.011,-0.06,-0.52,-0.005,-0.029,-0.008,-0.047,52.75,43.22
"2025-04-13 07:30:00",14066,11.86,310,1,-0.011,-0.07,-0.49,-0.005,-0.028,-0.011,-0.045,53.95,44.26
"2025-04-13 08:00:00",14067,11.86,310,1,-0.013,-0.12,-0.56,-0.008,-0.031,-0.008,-0.048,54,44.98
"2025-04-13 08:30:00",14068,11.86,310,1,-0.01,-0.09,-0.46,-0.006,-0.026,-0.008,-0.045,54.44,45.43
"2025-04-13 09:00:00",14069,11.86,310,1,-0.011,-0.09,-0.51,-0.006,-0.029,-0.007,-0.046,53.51,44.4
"2025-04-13 09:30:00",14070,11.87,310,1,-0.01,-0.04,-0.52,-0.003,-0.029,-0.006,-0.044,54.28,45.01
"2025-04-13 10:00:00",14071,11.87,310,1,-0.008,-0.02,-0.44,-0.003,-0.025,-0.004,-0.042,54,44.89
"2025-04-13 10:30:00",14072,11.87,310,1,-0.004,0.18,-0.49,0.009,-0.027,0.006,-0.044,53.96,44.7
"2025-04-13 11:00:00",14073,11.87,310,1,-0.009,0,-0.51,0,-0.028,0,-0.047,53.71,44.7
"2025-04-13 11:30:00",14074,11.87,310,1,0.023,1.15,-0.32,0.061,-0.018,0.049,-0.039,62.94,44.78
"2025-04-13 12:00:00",14075,11.88,310,1,-0.011,-0.04,-0.56,-0.003,-0.031,-0.006,-0.046,52.45,43.61
"2025-04-13 12:30:00",14076,11.88,310,1,-0.008,-0.02,-0.44,-0.003,-0.025,-0.009,-0.044,57.61,45.6
"2025-04-13 13:00:00",14077,11.88,310,1,0.009,0.68,-0.44,0.036,-0.025,0.026,-0.044,58.55,44.15
"2025-04-13 13:30:00",14078,11.88,310,1,0.005,0.42,-0.27,0.022,-0.016,0.018,-0.036,59.97,45.57
"2025-04-13 14:00:00",14079,11.89,310,1,-0.016,-0.26,-0.56,-0.015,-0.031,-0.014,-0.048,51.4,43.81
"2025-04-13 14:30:00",14080,11.89,310,1,-0.008,0.03,-0.52,0.002,-0.029,-0.006,-0.046,52.88,44.61
"2025-04-13 15:00:00",14081,11.89,310,1,-0.014,-0.19,-0.52,-0.011,-0.029,-0.011,-0.048,54.32,44.24
"2025-04-13 15:30:00",14082,11.89,310,1,-0.011,-0.09,-0.49,-0.006,-0.027,-0.009,-0.045,54.29,44.21
"2025-04-13 16:00:00",14083,11.89,310,1,-0.009,-0.01,-0.49,-0.002,-0.028,-0.008,-0.045,52.32,44.47
"2025-04-13 16:30:00",14084,11.89,310,1,-0.011,-0.07,-0.52,-0.005,-0.029,-0.006,-0.045,52.12,44.11
"2025-04-13 17:00:00",14085,11.89,310,1,-0.012,-0.12,-0.51,-0.008,-0.028,-0.011,-0.047,54.32,44.23
"2025-04-13 17:30:00",14086,11.89,310,1,-0.013,-0.12,-0.54,-0.008,-0.03,-0.011,-0.045,52.99,44
"2025-04-13 18:00:00",14087,11.89,310,1,-0.013,-0.12,-0.54,-0.008,-0.03,-0.009,-0.047,51.73,43.32
"2025-04-13 18:30:00",14088,11.88,310,1,-0.014,-0.16,-0.57,-0.01,-0.032,-0.011,-0.047,52.6,43.08
"2025-04-13 19:00:00",14089,11.88,310,1,-0.014,-0.19,-0.52,-0.012,-0.029,-0.014,-0.048,52.39,42.98
"2025-04-13 19:30:00",14090,11.88,310,1,-0.013,-0.14,-0.56,-0.008,-0.031,-0.011,-0.049,51.9,43.88
"2025-04-13 20:00:00",14091,11.87,310,1,-0.013,-0.16,-0.49,-0.01,-0.027,-0.011,-0.046,51.85,42.74
"2025-04-13 20:30:00",14092,11.86,310,1,-0.012,-0.12,-0.52,-0.008,-0.029,-0.011,-0.048,52.22,43.53
"2025-04-13 21:00:00",14093,11.86,310,1,-0.014,-0.16,-0.56,-0.01,-0.031,-0.013,-0.048,51.82,43.96
"2025-04-13 21:30:00",14094,11.85,310,1,-0.015,-0.22,-0.52,-0.013,-0.029,-0.015,-0.046,53.22,43.69
"2025-04-13 22:00:00",14095,11.85,310,1,-0.014,-0.16,-0.54,-0.01,-0.03,-0.012,-0.049,52.24,43.65
"2025-04-13 22:30:00",14096,11.84,310,1,-0.014,-0.19,-0.51,-0.011,-0.028,-0.012,-0.047,53.29,43.86
"2025-04-13 23:00:00",14097,11.84,310,1,-0.014,-0.19,-0.54,-0.011,-0.03,-0.012,-0.048,53.3,44.45
"2025-04-13 23:30:00",14098,11.83,310,1,-0.012,-0.12,-0.51,-0.008,-0.028,-0.009,-0.047,52.47,44.45
"2025-04-14 00:00:00",14099,11.83,310,1,-0.014,-0.16,-0.54,-0.01,-0.03,-0.012,-0.047,53.19,44.08
"2025-04-14 00:30:00",14100,11.82,310,1,-0.014,-0.19,-0.51,-0.011,-0.028,-0.014,-0.047,52.73,44.3
"2025-04-14 01:00:00",14101,11.82,310,1,-0.012,-0.12,-0.51,-0.008,-0.028,-0.009,-0.046,52.19,43.76
"2025-04-14 01:30:00",14102,11.82,310,1,-0.014,-0.16,-0.54,-0.01,-0.03,-0.011,-0.047,52.1,44.34
"2025-04-14 02:00:00",14103,11.81,310,1,-0.014,-0.16,-0.54,-0.01,-0.03,-0.012,-0.047,52.77,44.33
"2025-04-14 02:30:00",14104,11.81,310,1,-0.015,-0.19,-0.57,-0.011,-0.032,-0.014,-0.046,53.15,43.73
"2025-04-14 03:00:00",14105,11.81,310,1,-0.014,-0.19,-0.51,-0.012,-0.028,-0.012,-0.046,53.44,43.6
"2025-04-14 03:30:00",14106,11.8,310,1,-0.014,-0.19,-0.54,-0.011,-0.03,-0.016,-0.047,52.33,44.58
"2025-04-14 04:00:00",14107,11.8,310,1,-0.017,-0.26,-0.57,-0.015,-0.032,-0.015,-0.047,52.61,44.02
"2025-04-14 04:30:00",14108,11.8,310,1,-0.014,-0.21,-0.52,-0.013,-0.03,-0.015,-0.047,54.41,44.32
"2025-04-14 05:00:00",14109,11.8,310,1,-0.015,-0.22,-0.52,-0.013,-0.03,-0.014,-0.047,52.69,44.42
"2025-04-14 05:30:00",14110,11.8,310,1,-0.014,-0.19,-0.54,-0.011,-0.03,-0.012,-0.046,52.86,44.58
"2025-04-14 06:00:00",14111,11.8,310,1,-0.015,-0.22,-0.51,-0.013,-0.028,-0.014,-0.046,53.43,44.01
"2025-04-14 06:30:00",14112,11.8,310,1,-0.014,-0.21,-0.52,-0.013,-0.03,-0.015,-0.047,53.81,44.7
"2025-04-14 07:00:00",14113,11.8,310,1,-0.014,-0.21,-0.52,-0.013,-0.029,-0.014,-0.045,54.44,44.35
"2025-04-14 07:30:00",14114,11.8,310,1,-0.017,-0.32,-0.51,-0.018,-0.028,-0.018,-0.044,55.13,45.04
"2025-04-14 08:00:00",14115,11.81,310,1,-0.01,-0.04,-0.51,-0.003,-0.029,-0.008,-0.046,53.27,44.85
"2025-04-14 08:30:00",14116,11.81,310,1,-0.016,-0.22,-0.57,-0.013,-0.032,-0.014,-0.047,54.11,44.86
"2025-04-14 09:00:00",14117,11.81,310,1,-0.013,-0.19,-0.49,-0.011,-0.027,-0.012,-0.047,54.74,44.65
"2025-04-14 09:30:00",14118,11.82,310,1,-0.013,-0.14,-0.51,-0.008,-0.028,-0.011,-0.045,52.18,44.43
"2025-04-14 10:00:00",14119,11.82,310,1,-0.006,0.05,-0.42,0.003,-0.024,-0.001,-0.041,57.2,45.87
"2025-04-14 10:30:00",14120,11.82,310,1,-0.035,-0.97,-0.61,-0.053,-0.033,-0.042,-0.049,52.23,45.9
"2025-04-14 11:00:00",14121,11.83,310,1,-0.062,-1.86,-0.82,-0.1,-0.046,-0.081,-0.053,52.84,46.35
"2025-04-14 11:30:00",14122,11.84,310,1,-0.002,0.08,-0.26,0.004,-0.015,0.003,-0.033,60.16,48.84
"2025-04-14 12:00:00",14123,11.84,310,1,0.028,1.17,-0.06,0.062,-0.005,0.051,-0.028,60.96,46.74
"2025-04-14 12:30:00",14124,11.84,310,1,-0.023,-0.39,-0.72,-0.022,-0.04,-0.004,-0.052,48.19,43.52
"2025-04-14 13:00:00",14125,11.85,310,1,-0.05,-1.62,-0.54,-0.087,-0.03,-0.05,-0.046,48.61,43.94
"2025-04-14 13:30:00",14126,11.86,310,1,0,0.4,-0.51,0.021,-0.028,0.008,-0.046,53.59,43.36
"2025-04-14 14:00:00",14127,11.86,310,1,-0.014,-0.19,-0.54,-0.012,-0.03,-0.01,-0.047,52.45,43.06
"2025-04-14 14:30:00",14128,11.87,310,1,-0.014,-0.19,-0.51,-0.011,-0.028,-0.014,-0.046,53.53,43.46
"2025-04-14 15:00:00",14129,11.86,310,1,-0.013,-0.14,-0.54,-0.009,-0.03,-0.01,-0.047,52.39,43.57
"2025-04-14 15:30:00",14130,11.86,310,1,-0.013,-0.14,-0.52,-0.009,-0.029,-0.01,-0.046,52.24,43.42
"2025-04-14 16:00:00",14131,11.86,310,1,-0.015,-0.22,-0.54,-0.013,-0.03,-0.011,-0.047,53.65,43.73
"2025-04-14 16:30:00",14132,11.86,310,1,-0.01,-0.04,-0.51,-0.003,-0.029,-0.005,-0.047,52.03,44.04
"2025-04-14 17:00:00",14133,11.86,310,1,-0.013,-0.14,-0.52,-0.009,-0.029,-0.008,-0.048,52.08,43.41
"2025-04-14 17:30:00",14134,11.85,310,1,-0.016,-0.26,-0.56,-0.015,-0.031,-0.014,-0.049,53.03,43.22
"2025-04-14 18:00:00",14135,11.85,310,1,-0.015,-0.19,-0.56,-0.012,-0.031,-0.011,-0.048,52.57,42.5
"2025-04-14 18:30:00",14136,11.85,310,1,-0.018,-0.27,-0.62,-0.016,-0.035,-0.016,-0.05,51.54,43.54
"2025-04-14 19:00:00",14137,11.84,310,1,-0.013,-0.11,-0.56,-0.007,-0.031,-0.006,-0.047,52.09,42.28
"2025-04-14 19:30:00",14138,11.84,310,1,-0.012,-0.14,-0.49,-0.009,-0.028,-0.01,-0.047,52.25,42.6
"2025-04-14 20:00:00",14139,11.83,310,1,-0.013,-0.11,-0.56,-0.007,-0.031,-0.008,-0.047,52.32,43.08
"2025-04-14 20:30:00",14140,11.83,310,1,-0.013,-0.16,-0.52,-0.01,-0.029,-0.011,-0.045,52.76,43.93
"2025-04-14 21:00:00",14141,11.82,310,1,-0.014,-0.16,-0.56,-0.01,-0.031,-0.011,-0.048,53.42,43.91
"2025-04-14 21:30:00",14142,11.81,310,1,-0.015,-0.22,-0.54,-0.013,-0.031,-0.013,-0.046,53.28,43.62
"2025-04-14 22:00:00",14143,11.81,310,1,-0.014,-0.19,-0.54,-0.012,-0.03,-0.011,-0.048,52.35,43.68
"2025-04-14 22:30:00",14144,11.81,310,1,-0.014,-0.16,-0.54,-0.01,-0.03,-0.011,-0.048,52.04,43.63
"2025-04-14 23:00:00",14145,11.81,310,1,-0.015,-0.22,-0.54,-0.013,-0.03,-0.013,-0.046,52.75,43.66
"2025-04-14 23:30:00",14146,11.8,310,1,-0.014,-0.19,-0.54,-0.012,-0.03,-0.013,-0.047,52.99,43.9
"2025-04-15 00:00:00",14147,11.8,310,1,-0.014,-0.19,-0.51,-0.012,-0.028,-0.011,-0.044,52.98,44.56
"2025-04-15 00:30:00",14148,11.8,310,1,-0.013,-0.12,-0.54,-0.008,-0.03,-0.008,-0.046,52.89,43.9
"2025-04-15 01:00:00",14149,11.8,310,1,-0.014,-0.19,-0.54,-0.012,-0.03,-0.013,-0.046,52.6,43.93
"2025-04-15 01:30:00",14150,11.8,310,1,-0.012,-0.11,-0.52,-0.007,-0.029,-0.01,-0.046,52.97,43.73
"2025-04-15 02:00:00",14151,11.8,310,1,-0.013,-0.11,-0.56,-0.007,-0.031,-0.008,-0.046,52.34,43.92
"2025-04-15 02:30:00",14152,11.8,310,1,-0.014,-0.16,-0.54,-0.01,-0.031,-0.009,-0.048,52.4,43.72
"2025-04-15 03:00:00",14153,11.8,310,1,-0.012,-0.11,-0.51,-0.007,-0.029,-0.006,-0.049,52.28,43.45
"2025-04-15 03:30:00",14154,11.79,310,1,-0.011,-0.07,-0.49,-0.005,-0.027,-0.008,-0.047,51.85,43.59
"2025-04-15 04:00:00",14155,11.79,310,1,-0.014,-0.17,-0.56,-0.01,-0.031,-0.011,-0.048,51.94,43.11
"2025-04-15 04:30:00",14156,11.79,310,1,-0.013,-0.14,-0.56,-0.008,-0.031,-0.008,-0.048,52.31,43.06
"2025-04-15 05:00:00",14157,11.79,310,1,-0.013,-0.14,-0.52,-0.009,-0.029,-0.01,-0.047,52.92,43.83
"2025-04-15 05:30:00",14158,11.78,310,1,-0.011,-0.12,-0.47,-0.008,-0.027,-0.01,-0.046,52.81,43.82
"2025-04-15 06:00:00",14159,11.78,310,1,-0.014,-0.19,-0.54,-0.012,-0.03,-0.011,-0.048,52.47,44.31
"2025-04-15 06:30:00",14160,11.78,310,1,-0.012,-0.16,-0.47,-0.01,-0.027,-0.009,-0.046,52.31,43.89
"2025-04-15 07:00:00",14161,11.78,310,1,-0.014,-0.19,-0.51,-0.011,-0.028,-0.012,-0.046,52.46,44.3
"2025-04-15 07:30:00",14162,11.78,310,1,-0.014,-0.19,-0.51,-0.011,-0.028,-0.011,-0.046,52.59,44.01
"2025-04-15 08:00:00",14163,11.78,310,1,-0.004,0.15,-0.46,0.008,-0.026,0.008,-0.044,54.75,44.93
"2025-04-15 08:30:00",14164,11.77,310,1,-0.008,0.03,-0.51,0.002,-0.028,-0.003,-0.047,54.49,43.99
"2025-04-15 09:00:00",14165,11.78,310,1,-0.02,-0.42,-0.52,-0.024,-0.029,-0.019,-0.045,53.49,45.33
"2025-04-15 09:30:00",14166,11.78,310,1,-0.016,-0.22,-0.57,-0.014,-0.032,-0.013,-0.048,51.51,44.49
"2025-04-15 10:00:00",14167,11.78,310,1,-0.01,-0.04,-0.51,-0.003,-0.028,-0.006,-0.046,53.09,44.94
"2025-04-15 10:30:00",14168,11.78,310,1,-0.041,-1.19,-0.64,-0.065,-0.035,-0.04,-0.049,46.09,43.76
