"TOA5","CR300Series_403","CR300","27029","CR300-RF407.Std.10.03","CPU:CR300_sapflow.CR300","32345","Table2"
"TIMESTAMP","RECORD","BattV_Min","id","SDI1","SapFlwTot1","VhOuter1","VhInner1","AlphaOut1","AlphaIn1","BetaOut1","BetaIn1","tMaxTout1","tMaxTin1"
"TS","RN","Volts","","","literPerHour","heatVelocity","heatVelocity","logTRatio","logTRatio","logTRatio","logTRatio","second","second"
"","","Min","Smp","Smp","Smp","Smp","Smp","Smp","Smp","Smp","Smp","Smp","Smp"
"2024-09-12 18:30:00",6437,13.14,403,1,0.059,0.97,1.85,0.08,0.153,0.143,0.076,91.9,80.8
"2024-09-12 19:00:00",6438,13.04,403,1,-0.004,-0.34,0.25,-0.03,0.021,0.026,-0.043,90.8,74.74
"2024-09-12 19:30:00",6439,13.04,403,1,-0.05,-1.24,-1.01,-0.105,-0.086,-0.054,-0.133,92,73.48
"2024-09-12 20:00:00",6440,13.03,403,1,-0.077,-1.8,-1.7,-0.151,-0.142,-0.109,-0.182,89.7,69.2
"2024-09-12 20:30:00",6441,13.03,403,1,-0.091,-2.12,-1.98,-0.177,-0.166,-0.138,-0.206,90.5,68.21
"2024-09-12 21:00:00",6442,13.03,403,1,-0.104,-2.46,-2.26,-0.205,-0.189,-0.165,-0.221,91.1,68.57
"2024-09-12 21:30:00",6443,13.02,403,1,-0.109,-2.55,-2.36,-0.213,-0.197,-0.177,-0.226,90.1,69.07
"2024-09-12 22:00:00",6444,13.02,403,1,-0.106,-2.47,-2.34,-0.206,-0.196,-0.17,-0.229,91.1,67.58
"2024-09-12 22:30:00",6445,13.02,403,1,-0.111,-2.51,-2.53,-0.209,-0.211,-0.173,-0.237,92.2,69.5
"2024-09-12 23:00:00",6446,13.02,403,1,-0.113,-2.65,-2.47,-0.222,-0.206,-0.185,-0.235,90.7,68.45
"2024-09-12 23:30:00",6447,13.02,403,1,-0.119,-2.76,-2.64,-0.231,-0.219,-0.19,-0.245,92.6,69.13
"2024-09-13 00:00:00",6448,13.01,403,1,-0.116,-2.72,-2.55,-0.226,-0.212,-0.186,-0.245,89.8,68.5
"2024-09-13 00:30:00",6449,13.01,403,1,-0.117,-2.65,-2.65,-0.221,-0.222,-0.18,-0.244,90.8,69.8
"2024-09-13 01:00:00",6450,13.01,403,1,-0.117,-2.65,-2.65,-0.221,-0.221,-0.185,-0.246,92.1,68.88
"2024-09-13 01:30:00",6451,13.01,403,1,-0.116,-2.62,-2.68,-0.219,-0.223,-0.186,-0.249,91.2,69.18
"2024-09-13 02:00:00",6452,13.01,403,1,-0.119,-2.71,-2.69,-0.226,-0.225,-0.189,-0.25,89.9,69.68
"2024-09-13 02:30:00",6453,13.01,403,1,-0.121,-2.78,-2.71,-0.232,-0.226,-0.191,-0.249,93,69.06
"2024-09-13 03:00:00",6454,13.01,403,1,-0.119,-2.72,-2.67,-0.226,-0.222,-0.186,-0.252,89.6,67.38
"2024-09-13 03:30:00",6455,13.01,403,1,-0.12,-2.76,-2.71,-0.231,-0.226,-0.194,-0.252,89.9,67.45
"2024-09-13 04:00:00",6456,13,403,1,-0.119,-2.69,-2.74,-0.225,-0.228,-0.188,-0.253,89,68.5
"2024-09-13 04:30:00",6457,13,403,1,-0.119,-2.69,-2.71,-0.224,-0.226,-0.187,-0.256,90.6,66.84
"2024-09-13 05:00:00",6458,13,403,1,-0.122,-2.79,-2.76,-0.232,-0.23,-0.195,-0.259,90.4,68.2
"2024-09-13 05:30:00",6459,13,403,1,-0.119,-2.72,-2.71,-0.226,-0.226,-0.19,-0.252,89.1,69.62
"2024-09-13 06:00:00",6460,12.99,403,1,-0.118,-2.65,-2.74,-0.221,-0.228,-0.189,-0.25,89.6,67.63
"2024-09-13 06:30:00",6461,12.99,403,1,-0.118,-2.68,-2.71,-0.223,-0.226,-0.19,-0.253,91.4,67.19
"2024-09-13 07:00:00",6462,12.99,403,1,-0.122,-2.75,-2.79,-0.229,-0.232,-0.185,-0.255,91.2,69.23
"2024-09-13 07:30:00",6463,12.99,403,1,-0.121,-2.72,-2.79,-0.226,-0.232,-0.186,-0.254,94.8,67.32
"2024-09-13 08:00:00",6464,12.99,403,1,-0.116,-2.62,-2.67,-0.219,-0.222,-0.179,-0.245,94.7,68.94
"2024-09-13 08:30:00",6465,12.99,403,1,-0.107,-2.43,-2.43,-0.202,-0.202,-0.156,-0.225,93.8,69.82
"2024-09-13 09:00:00",6466,12.99,403,1,-0.09,-2.04,-2.08,-0.17,-0.173,-0.122,-0.196,97.8,73.6
"2024-09-13 09:30:00",6467,12.99,403,1,-0.031,-0.76,-0.65,-0.065,-0.055,0.038,-0.086,109.7,76.78
"2024-09-13 10:00:00",6468,12.99,403,1,0.008,-0.59,1.23,-0.05,0.102,0.021,0.077,96.8,86.9
"2024-09-13 10:30:00",6469,13,403,1,0.083,1.44,2.51,0.12,0.208,0.186,0.14,96,81.9
"2024-09-13 11:00:00",6470,13,403,1,0.151,2.84,4.26,0.235,0.351,0.319,0.277,100.6,83.3
"2024-09-13 11:30:00",6471,13.01,403,1,0.166,3.22,4.54,0.266,0.375,0.342,0.28,95.6,81.5
"2024-09-13 12:00:00",6472,13.02,403,1,0.238,4.82,6.21,0.398,0.513,0.488,0.425,109.9,83.9
"2024-09-13 12:30:00",6473,13.02,403,1,0.251,5.24,6.35,0.433,0.524,0.442,0.408,81.1,78.48
"2024-09-13 13:00:00",6474,13.02,403,1,0.245,5.02,6.32,0.414,0.522,0.452,0.39,84.9,79.21
"2024-09-13 13:30:00",6475,13.02,403,1,0.252,5.24,6.39,0.432,0.527,0.479,0.392,87.6,79.7
"2024-09-13 14:00:00",6476,13.02,403,1,0.227,4.47,6.14,0.369,0.507,0.424,0.374,90,80.6
"2024-09-13 14:30:00",6477,13.03,403,1,0.218,4.19,6.01,0.346,0.496,0.409,0.378,90.5,78.4
"2024-09-13 15:00:00",6478,13.03,403,1,0.235,4.64,6.32,0.383,0.522,0.45,0.393,92.9,81.3
"2024-09-13 15:30:00",6479,13.02,403,1,0.21,4.22,5.53,0.348,0.458,0.41,0.339,90.3,80.6
"2024-09-13 16:00:00",6480,13.02,403,1,0.183,3.66,4.85,0.302,0.4,0.364,0.289,92.5,80.9
"2024-09-13 16:30:00",6481,13.02,403,1,0.153,3,4.15,0.247,0.343,0.323,0.243,94.1,81.5
"2024-09-13 17:00:00",6482,13.02,403,1,0.136,2.54,3.85,0.209,0.318,0.286,0.223,96.7,80.9
"2024-09-13 17:30:00",6483,13.02,403,1,0.108,1.95,3.14,0.16,0.26,0.23,0.169,95.1,80.2
"2024-09-13 18:00:00",6484,13.01,403,1,0.083,1.47,2.45,0.122,0.202,0.194,0.124,97,80.2
"2024-09-13 18:30:00",6485,13.01,403,1,0.048,0.71,1.6,0.059,0.132,0.125,0.064,95.4,79.35
"2024-09-13 19:00:00",6486,13.01,403,1,-0.021,-0.7,-0.19,-0.06,-0.017,-0.004,-0.069,93.6,74.51
"2024-09-13 19:30:00",6487,13,403,1,-0.067,-1.63,-1.36,-0.137,-0.115,-0.092,-0.158,89.9,71.63
"2024-09-13 20:00:00",6488,13,403,1,-0.087,-2.08,-1.85,-0.173,-0.155,-0.131,-0.195,91.4,69.65
"2024-09-13 20:30:00",6489,12.99,403,1,-0.099,-2.34,-2.15,-0.195,-0.179,-0.156,-0.212,89,69.71
"2024-09-13 21:00:00",6490,12.99,403,1,-0.104,-2.43,-2.29,-0.203,-0.191,-0.156,-0.22,90.3,68.78
"2024-09-13 21:30:00",6491,12.98,403,1,-0.108,-2.55,-2.34,-0.213,-0.196,-0.173,-0.232,90.3,67.53
"2024-09-13 22:00:00",6492,12.98,403,1,-0.111,-2.58,-2.47,-0.215,-0.205,-0.175,-0.231,90.8,68.52
"2024-09-13 22:30:00",6493,12.97,403,1,-0.113,-2.58,-2.57,-0.216,-0.214,-0.176,-0.24,90.4,67.91
"2024-09-13 23:00:00",6494,12.97,403,1,-0.116,-2.65,-2.61,-0.222,-0.218,-0.188,-0.244,91.4,69.14
"2024-09-13 23:30:00",6495,12.97,403,1,-0.116,-2.65,-2.61,-0.222,-0.218,-0.181,-0.248,91.1,68.09
"2024-09-14 00:00:00",6496,12.97,403,1,-0.12,-2.79,-2.65,-0.232,-0.222,-0.192,-0.248,91.7,67.71
"2024-09-14 00:30:00",6497,12.97,403,1,-0.119,-2.76,-2.61,-0.23,-0.218,-0.192,-0.248,90.1,68.58
"2024-09-14 01:00:00",6498,12.96,403,1,-0.119,-2.74,-2.68,-0.228,-0.223,-0.191,-0.246,91.3,67.77
"2024-09-14 01:30:00",6499,12.96,403,1,-0.119,-2.74,-2.65,-0.228,-0.222,-0.191,-0.248,91.3,70.07
"2024-09-14 02:00:00",6500,12.96,403,1,-0.121,-2.81,-2.71,-0.234,-0.226,-0.197,-0.249,90.5,68.21
"2024-09-14 02:30:00",6501,12.96,403,1,-0.119,-2.68,-2.74,-0.223,-0.228,-0.19,-0.253,88.5,67.28
"2024-09-14 03:00:00",6502,12.96,403,1,-0.119,-2.72,-2.68,-0.227,-0.224,-0.19,-0.25,89.7,68.71
"2024-09-14 03:30:00",6503,12.96,403,1,-0.121,-2.75,-2.74,-0.229,-0.228,-0.188,-0.25,90.6,69.64
"2024-09-14 04:00:00",6504,12.95,403,1,-0.122,-2.78,-2.75,-0.232,-0.229,-0.194,-0.255,89.2,70.13
"2024-09-14 04:30:00",6505,12.96,403,1,-0.12,-2.74,-2.74,-0.228,-0.228,-0.195,-0.25,91,68.46
"2024-09-14 05:00:00",6506,12.95,403,1,-0.12,-2.76,-2.71,-0.231,-0.226,-0.193,-0.252,89.8,67.6
"2024-09-14 05:30:00",6507,12.95,403,1,-0.119,-2.76,-2.64,-0.231,-0.22,-0.193,-0.247,91.2,68.95
"2024-09-14 06:00:00",6508,12.95,403,1,-0.119,-2.72,-2.71,-0.226,-0.226,-0.19,-0.249,89.7,68.2
"2024-09-14 06:30:00",6509,12.95,403,1,-0.119,-2.71,-2.68,-0.226,-0.224,-0.185,-0.25,94.7,68.76
"2024-09-14 07:00:00",6510,12.95,403,1,-0.118,-2.69,-2.69,-0.225,-0.225,-0.188,-0.248,92.4,68.46
"2024-09-14 07:30:00",6511,12.95,403,1,-0.107,-2.46,-2.43,-0.205,-0.202,-0.161,-0.228,94.5,69.25
"2024-09-14 08:00:00",6512,12.94,403,1,-0.092,-2.18,-1.99,-0.182,-0.167,-0.128,-0.196,94.8,71.81
"2024-09-14 08:30:00",6513,12.94,403,1,-0.062,-1.54,-1.25,-0.13,-0.106,-0.067,-0.136,94.3,73.49
"2024-09-14 09:00:00",6514,12.94,403,1,-0.015,-0.75,0.2,-0.063,0.016,0.003,-0.026,102.1,79.57
"2024-09-14 09:30:00",6515,12.95,403,1,0.04,0.53,1.44,0.044,0.119,0.195,0.069,109.9,82.2
"2024-09-14 10:00:00",6516,12.94,403,1,0.088,1.64,2.54,0.135,0.21,0.2,0.142,95.6,81.3
"2024-09-14 10:30:00",6517,12.95,403,1,0.132,2.44,3.75,0.201,0.311,0.29,0.226,99.4,82.6
"2024-09-14 11:00:00",6518,12.95,403,1,0.174,3.28,4.88,0.271,0.403,0.348,0.309,94.7,82.6
"2024-09-14 11:30:00",6519,12.95,403,1,0.2,3.7,5.72,0.305,0.472,0.356,0.372,88.7,81.9
"2024-09-14 12:00:00",6520,12.96,403,1,0.226,4.65,5.8,0.384,0.479,0.485,0.389,105.9,82.6
"2024-09-14 12:30:00",6521,12.96,403,1,0.205,3.73,5.95,0.308,0.492,0.404,0.413,109.8,83.6
"2024-09-14 13:00:00",6522,12.96,403,1,0.221,4.4,5.9,0.364,0.487,0.489,0.384,109.8,80.8
"2024-09-14 13:30:00",6523,12.96,403,1,0.258,5.38,6.56,0.445,0.542,0.481,0.393,86.2,80
"2024-09-14 14:00:00",6524,12.96,403,1,0.243,4.83,6.46,0.4,0.534,0.454,0.391,91.1,78.52
"2024-09-14 14:30:00",6525,12.96,403,1,0.225,4.48,5.98,0.371,0.494,0.428,0.374,90.2,80.1
"2024-09-14 15:00:00",6526,12.96,403,1,0.212,4.16,5.73,0.344,0.473,0.408,0.346,90.7,80.1
"2024-09-14 15:30:00",6527,12.96,403,1,0.206,3.98,5.63,0.329,0.465,0.405,0.342,94.4,80.3
"2024-09-14 16:00:00",6528,12.96,403,1,0.2,3.96,5.37,0.327,0.444,0.386,0.321,92.6,80.7
"2024-09-14 16:30:00",6529,12.96,403,1,0.18,3.63,4.76,0.299,0.393,0.362,0.281,92.5,81.9
"2024-09-14 17:00:00",6530,12.96,403,1,0.135,2.61,3.7,0.216,0.305,0.285,0.21,93.1,80.2
"2024-09-14 17:30:00",6531,12.96,403,1,0.109,1.98,3.18,0.163,0.263,0.229,0.174,95.7,82.1
"2024-09-14 18:00:00",6532,12.95,403,1,0.06,0.95,1.96,0.079,0.162,0.145,0.088,93.7,79.58
"2024-09-14 18:30:00",6533,12.95,403,1,0.001,-0.21,0.38,-0.02,0.031,0.042,-0.033,92.3,75.8
"2024-09-14 19:00:00",6534,12.94,403,1,-0.054,-1.4,-1,-0.118,-0.084,-0.066,-0.129,90.5,70.95
"2024-09-14 19:30:00",6535,12.94,403,1,-0.082,-2.02,-1.67,-0.169,-0.141,-0.126,-0.178,89.4,70.07
"2024-09-14 20:00:00",6536,12.93,403,1,-0.098,-2.34,-2.06,-0.196,-0.172,-0.155,-0.212,89.3,68.77
"2024-09-14 20:30:00",6537,12.92,403,1,-0.105,-2.5,-2.23,-0.208,-0.187,-0.171,-0.224,89,68.2
"2024-09-14 21:00:00",6538,12.92,403,1,-0.107,-2.5,-2.33,-0.208,-0.194,-0.171,-0.227,89.7,67.46
"2024-09-14 21:30:00",6539,12.92,403,1,-0.113,-2.68,-2.44,-0.223,-0.204,-0.186,-0.238,89.3,66.53
"2024-09-14 22:00:00",6540,12.91,403,1,-0.114,-2.67,-2.48,-0.222,-0.207,-0.182,-0.238,89.2,68.64
"2024-09-14 22:30:00",6541,12.91,403,1,-0.115,-2.67,-2.55,-0.222,-0.213,-0.186,-0.243,90.2,68.2
"2024-09-14 23:00:00",6542,12.91,403,1,-0.117,-2.71,-2.58,-0.226,-0.215,-0.188,-0.241,91.6,68.39
"2024-09-14 23:30:00",6543,12.91,403,1,-0.119,-2.76,-2.64,-0.23,-0.22,-0.192,-0.246,90.8,68.57
"2024-09-15 00:00:00",6544,12.9,403,1,-0.121,-2.86,-2.62,-0.238,-0.219,-0.197,-0.244,91.9,68.14
"2024-09-15 00:30:00",6545,12.9,403,1,-0.117,-2.72,-2.58,-0.227,-0.215,-0.186,-0.245,91.6,67.83
"2024-09-15 01:00:00",6546,12.9,403,1,-0.121,-2.83,-2.62,-0.237,-0.219,-0.196,-0.244,91.1,68.39
"2024-09-15 01:30:00",6547,12.89,403,1,-0.118,-2.72,-2.65,-0.227,-0.221,-0.19,-0.247,92.2,68.2
"2024-09-15 02:00:00",6548,12.89,403,1,-0.117,-2.69,-2.6,-0.224,-0.217,-0.183,-0.247,90.4,68.64
"2024-09-15 02:30:00",6549,12.89,403,1,-0.119,-2.76,-2.65,-0.23,-0.222,-0.193,-0.248,89.8,69.07
"2024-09-15 03:00:00",6550,12.89,403,1,-0.119,-2.75,-2.65,-0.229,-0.222,-0.192,-0.248,90.9,68.13
"2024-09-15 03:30:00",6551,12.89,403,1,-0.119,-2.75,-2.65,-0.229,-0.222,-0.188,-0.248,90.3,67.51
"2024-09-15 04:00:00",6552,12.89,403,1,-0.119,-2.76,-2.65,-0.23,-0.222,-0.188,-0.252,91.7,67.21
"2024-09-15 04:30:00",6553,12.89,403,1,-0.121,-2.78,-2.72,-0.232,-0.226,-0.198,-0.253,88.6,66.88
"2024-09-15 05:00:00",6554,12.88,403,1,-0.12,-2.75,-2.69,-0.229,-0.224,-0.192,-0.254,87.5,68.68
"2024-09-15 05:30:00",6555,12.88,403,1,-0.121,-2.79,-2.71,-0.233,-0.226,-0.198,-0.253,91.9,66.95
"2024-09-15 06:00:00",6556,12.88,403,1,-0.12,-2.72,-2.75,-0.227,-0.229,-0.186,-0.252,91.9,68.43
"2024-09-15 06:30:00",6557,12.88,403,1,-0.123,-2.85,-2.75,-0.237,-0.229,-0.195,-0.255,91.4,68.43
"2024-09-15 07:00:00",6558,12.87,403,1,-0.122,-2.82,-2.71,-0.235,-0.226,-0.197,-0.256,92.9,68.42
"2024-09-15 07:30:00",6559,12.87,403,1,-0.121,-2.75,-2.75,-0.229,-0.229,-0.188,-0.252,92.8,68.86
"2024-09-15 08:00:00",6560,12.87,403,1,-0.116,-2.65,-2.61,-0.221,-0.217,-0.177,-0.24,95.6,70.67
"2024-09-15 08:30:00",6561,12.87,403,1,-0.1,-2.32,-2.23,-0.193,-0.186,-0.139,-0.213,96.1,72.17
"2024-09-15 09:00:00",6562,12.87,403,1,-0.063,-1.62,-1.17,-0.135,-0.098,-0.067,-0.129,103.4,76.2
"2024-09-15 09:30:00",6563,12.87,403,1,-0.019,-0.65,-0.17,-0.056,-0.017,0.039,-0.048,109.8,80.4
"2024-09-15 10:00:00",6564,12.87,403,1,0.074,1.74,1.64,0.144,0.135,0.232,0.105,109.5,86.3
"2024-09-15 10:30:00",6565,12.88,403,1,0.11,1.96,3.24,0.162,0.268,0.255,0.202,98.6,83.7
"2024-09-15 11:00:00",6566,12.88,403,1,0.163,3.05,4.61,0.253,0.38,0.335,0.295,97.6,83.8
"2024-09-15 11:30:00",6567,12.88,403,1,0.186,3.49,5.23,0.289,0.432,0.36,0.335,96.5,82.7
"2024-09-15 12:00:00",6568,12.89,403,1,0.208,4.1,5.59,0.339,0.462,0.435,0.373,109.7,82.7
"2024-09-15 12:30:00",6569,12.89,403,1,0.199,3.81,5.51,0.315,0.455,0.423,0.405,109.9,88.8
"2024-09-15 13:00:00",6570,12.89,403,1,0.212,4.5,5.28,0.371,0.437,0.416,0.355,89.2,81.5
"2024-09-15 13:30:00",6571,12.9,403,1,0.239,5.16,5.81,0.426,0.48,0.45,0.364,86.2,77.8
"2024-09-15 14:00:00",6572,12.89,403,1,0.231,4.68,6.05,0.387,0.499,0.441,0.364,91.3,79.2
"2024-09-15 14:30:00",6573,12.9,403,1,0.222,4.43,5.91,0.366,0.488,0.432,0.362,90.3,78.96
"2024-09-15 15:00:00",6574,12.9,403,1,0.203,3.91,5.58,0.323,0.461,0.401,0.344,95.6,80.1
"2024-09-15 15:30:00",6575,12.9,403,1,0.175,3.46,4.72,0.286,0.39,0.358,0.278,94.2,80.6
"2024-09-15 16:00:00",6576,12.89,403,1,0.191,3.84,5.06,0.318,0.418,0.374,0.299,91,79.13
"2024-09-15 16:30:00",6577,12.89,403,1,0.159,2.96,4.54,0.245,0.375,0.319,0.275,98.7,83.1
"2024-09-15 17:00:00",6578,12.89,403,1,0.139,2.65,3.88,0.219,0.321,0.297,0.227,95.7,80.9
"2024-09-15 17:30:00",6579,12.89,403,1,0.12,2.27,3.39,0.188,0.281,0.254,0.185,92.8,81.2
"2024-09-15 18:00:00",6580,12.88,403,1,0.078,1.32,2.42,0.109,0.2,0.18,0.114,94.4,81.8
"2024-09-15 18:30:00",6581,12.88,403,1,0.035,0.48,1.23,0.039,0.102,0.099,0.027,91.6,76.24
"2024-09-15 19:00:00",6582,12.88,403,1,-0.028,-0.87,-0.33,-0.074,-0.028,-0.023,-0.086,90,74.93
"2024-09-15 19:30:00",6583,12.87,403,1,-0.069,-1.7,-1.4,-0.142,-0.118,-0.095,-0.164,90,69.7
"2024-09-15 20:00:00",6584,12.86,403,1,-0.091,-2.19,-1.91,-0.182,-0.16,-0.139,-0.197,89.4,68.59
"2024-09-15 20:30:00",6585,12.85,403,1,-0.1,-2.37,-2.13,-0.198,-0.178,-0.158,-0.215,89.3,68.27
"2024-09-15 21:00:00",6586,12.85,403,1,-0.105,-2.47,-2.26,-0.207,-0.189,-0.169,-0.222,88.5,68.51
"2024-09-15 21:30:00",6587,12.85,403,1,-0.108,-2.54,-2.37,-0.212,-0.197,-0.175,-0.228,87.7,71.11
"2024-09-15 22:00:00",6588,12.84,403,1,-0.111,-2.64,-2.37,-0.22,-0.197,-0.178,-0.232,89.9,68.12
"2024-09-15 22:30:00",6589,12.84,403,1,-0.111,-2.57,-2.47,-0.214,-0.206,-0.176,-0.236,90.2,67.69
"2024-09-15 23:00:00",6590,12.83,403,1,-0.113,-2.65,-2.48,-0.221,-0.207,-0.184,-0.237,90,67.31
"2024-09-15 23:30:00",6591,12.83,403,1,-0.111,-2.6,-2.46,-0.217,-0.205,-0.175,-0.239,90.3,68.05
"2024-09-16 00:00:00",6592,12.83,403,1,-0.114,-2.67,-2.5,-0.222,-0.209,-0.184,-0.239,88.7,66.75
"2024-09-16 00:30:00",6593,12.82,403,1,-0.113,-2.61,-2.54,-0.217,-0.212,-0.175,-0.242,90.4,66.13
"2024-09-16 01:00:00",6594,12.81,403,1,-0.114,-2.67,-2.51,-0.222,-0.21,-0.185,-0.239,91.4,66.92
"2024-09-16 01:30:00",6595,12.81,403,1,-0.116,-2.68,-2.57,-0.223,-0.214,-0.182,-0.245,91.8,68.29
"2024-09-16 02:00:00",6596,12.81,403,1,-0.117,-2.75,-2.57,-0.229,-0.214,-0.187,-0.248,90.2,69.41
"2024-09-16 02:30:00",6597,12.81,403,1,-0.118,-2.74,-2.62,-0.228,-0.219,-0.19,-0.246,91.1,69.84
"2024-09-16 03:00:00",6598,12.8,403,1,-0.117,-2.69,-2.61,-0.224,-0.218,-0.186,-0.248,90.7,68.43
"2024-09-16 03:30:00",6599,12.8,403,1,-0.116,-2.61,-2.68,-0.217,-0.223,-0.18,-0.25,90.6,66.68
"2024-09-16 04:00:00",6600,12.8,403,1,-0.117,-2.69,-2.62,-0.225,-0.219,-0.187,-0.25,91.7,70.21
"2024-09-16 04:30:00",6601,12.8,403,1,-0.117,-2.71,-2.58,-0.226,-0.215,-0.188,-0.242,90.8,68.53
"2024-09-16 05:00:00",6602,12.8,403,1,-0.117,-2.69,-2.61,-0.225,-0.218,-0.187,-0.244,91.9,68.66
"2024-09-16 05:30:00",6603,12.8,403,1,-0.117,-2.68,-2.65,-0.223,-0.221,-0.182,-0.244,91.9,68.22
"2024-09-16 06:00:00",6604,12.79,403,1,-0.118,-2.69,-2.68,-0.225,-0.223,-0.183,-0.247,91,70.2
"2024-09-16 06:30:00",6605,12.79,403,1,-0.119,-2.71,-2.72,-0.226,-0.226,-0.184,-0.25,94.3,68.59
"2024-09-16 07:00:00",6606,12.79,403,1,-0.118,-2.69,-2.65,-0.224,-0.222,-0.182,-0.248,91.4,67.17
"2024-09-16 07:30:00",6607,12.79,403,1,-0.106,-2.43,-2.4,-0.203,-0.2,-0.155,-0.228,96,72.25
"2024-09-16 08:00:00",6608,12.79,403,1,-0.08,-1.94,-1.66,-0.162,-0.139,-0.109,-0.17,96.5,72.82
"2024-09-16 08:30:00",6609,12.79,403,1,-0.051,-1.31,-0.97,-0.11,-0.083,-0.049,-0.121,99.1,74.88
"2024-09-16 09:00:00",6610,12.79,403,1,-0.012,-0.56,0.08,-0.049,0.007,0.03,-0.03,104.9,78.48
"2024-09-16 09:30:00",6611,12.79,403,1,0.044,0.81,1.3,0.067,0.108,0.216,0.061,109.8,82.9
"2024-09-16 10:00:00",6612,12.8,403,1,0.056,0.71,2.03,0.059,0.167,0.147,0.125,102.5,85.7
"2024-09-16 10:30:00",6613,12.8,403,1,0.103,1.98,2.86,0.163,0.236,0.275,0.182,108.6,83.4
"2024-09-16 11:00:00",6614,12.81,403,1,0.168,3.14,4.78,0.259,0.395,0.366,0.319,106,82.9
"2024-09-16 11:30:00",6615,12.82,403,1,0.185,3.7,4.89,0.306,0.404,0.355,0.312,89.4,83
"2024-09-16 12:00:00",6616,12.82,403,1,0.146,2.68,4.19,0.221,0.346,0.304,0.273,100.3,88
"2024-09-16 12:30:00",6617,12.82,403,1,0.103,1.89,2.96,0.157,0.244,0.233,0.167,97.3,80.7
"2024-09-16 13:00:00",6618,12.81,403,1,0.074,1.23,2.3,0.101,0.19,0.208,0.133,109.8,83.8
"2024-09-16 13:30:00",6619,12.82,403,1,0.11,2.13,3.04,0.176,0.251,0.242,0.168,92.6,84.2
"2024-09-16 14:00:00",6620,12.82,403,1,0.052,0.85,1.67,0.071,0.138,0.143,0.076,97.6,80.8
"2024-09-16 14:30:00",6621,12.82,403,1,0.081,1.36,2.49,0.112,0.206,0.198,0.151,100.3,88
"2024-09-16 15:00:00",6622,12.82,403,1,0.091,1.63,2.69,0.134,0.222,0.233,0.156,107.2,82.9
"2024-09-16 15:30:00",6623,12.81,403,1,0.086,1.53,2.55,0.126,0.211,0.197,0.134,96,82.2
"2024-09-16 16:00:00",6624,12.81,403,1,0.066,1.04,2.16,0.085,0.178,0.172,0.115,102.5,82.5
"2024-09-16 16:30:00",6625,12.81,403,1,0.058,0.88,1.93,0.073,0.16,0.146,0.089,94.8,81.9
"2024-09-16 17:00:00",6626,12.81,403,1,0.02,0.14,0.91,0.011,0.076,0.083,0.02,95.1,79.27
"2024-09-16 17:30:00",6627,12.81,403,1,-0.003,-0.38,0.34,-0.034,0.028,0.032,-0.024,98.6,77.6
"2024-09-16 18:00:00",6628,12.8,403,1,-0.025,-0.82,-0.23,-0.07,-0.021,-0.007,-0.071,94,75.92
"2024-09-16 18:30:00",6629,12.8,403,1,-0.06,-1.56,-1.12,-0.131,-0.095,-0.074,-0.137,92.8,73.24
"2024-09-16 19:00:00",6630,12.8,403,1,-0.084,-2.05,-1.74,-0.171,-0.145,-0.12,-0.183,93.3,71.25
"2024-09-16 19:30:00",6631,12.8,403,1,-0.1,-2.41,-2.11,-0.202,-0.176,-0.154,-0.206,92.4,70.88
"2024-09-16 20:00:00",6632,12.79,403,1,-0.107,-2.53,-2.33,-0.211,-0.195,-0.166,-0.222,92.5,69.21
"2024-09-16 20:30:00",6633,12.79,403,1,-0.109,-2.57,-2.39,-0.214,-0.199,-0.173,-0.225,91.5,69.27
"2024-09-16 21:00:00",6634,12.79,403,1,-0.117,-2.74,-2.55,-0.227,-0.213,-0.189,-0.236,91.6,66.42
"2024-09-16 21:30:00",6635,12.79,403,1,-0.12,-2.76,-2.69,-0.23,-0.225,-0.192,-0.248,89.6,68.39
"2024-09-16 22:00:00",6636,12.78,403,1,-0.124,-2.89,-2.74,-0.241,-0.228,-0.202,-0.251,91.6,68.82
"2024-09-16 22:30:00",6637,12.78,403,1,-0.126,-2.93,-2.78,-0.244,-0.232,-0.201,-0.255,92.3,68.32
"2024-09-16 23:00:00",6638,12.78,403,1,-0.126,-2.92,-2.78,-0.243,-0.231,-0.2,-0.258,92.9,69.2
"2024-09-16 23:30:00",6639,12.77,403,1,-0.125,-2.92,-2.76,-0.243,-0.23,-0.204,-0.254,91.4,66.91
"2024-09-17 00:00:00",6640,12.77,403,1,-0.125,-2.9,-2.76,-0.242,-0.23,-0.203,-0.254,89.2,67.64
"2024-09-17 00:30:00",6641,12.78,403,1,-0.124,-2.89,-2.75,-0.241,-0.229,-0.198,-0.256,93.1,69.07
"2024-09-17 01:00:00",6642,12.77,403,1,-0.124,-2.85,-2.78,-0.238,-0.232,-0.199,-0.252,90.3,68.33
"2024-09-17 01:30:00",6643,12.77,403,1,-0.125,-2.9,-2.76,-0.242,-0.23,-0.199,-0.258,92.8,71.25
"2024-09-17 02:00:00",6644,12.77,403,1,-0.123,-2.82,-2.75,-0.234,-0.229,-0.192,-0.254,92.9,68.65
"2024-09-17 02:30:00",6645,12.77,403,1,-0.123,-2.86,-2.72,-0.239,-0.227,-0.196,-0.25,92.8,69.34
"2024-09-17 03:00:00",6646,12.77,403,1,-0.121,-2.81,-2.71,-0.233,-0.226,-0.195,-0.249,91,68.77
"2024-09-17 03:30:00",6647,12.77,403,1,-0.122,-2.85,-2.69,-0.237,-0.224,-0.195,-0.251,90.9,67.65
"2024-09-17 04:00:00",6648,12.77,403,1,-0.121,-2.81,-2.71,-0.233,-0.226,-0.191,-0.249,92.4,69.2
"2024-09-17 04:30:00",6649,12.76,403,1,-0.122,-2.85,-2.69,-0.237,-0.224,-0.194,-0.251,92.6,67.16
"2024-09-17 05:00:00",6650,12.76,403,1,-0.122,-2.83,-2.69,-0.236,-0.224,-0.197,-0.244,90.6,68.57
"2024-09-17 05:30:00",6651,12.76,403,1,-0.121,-2.79,-2.69,-0.233,-0.224,-0.194,-0.248,95,68.58
"2024-09-17 06:00:00",6652,12.76,403,1,-0.118,-2.71,-2.64,-0.226,-0.22,-0.187,-0.247,91.1,69.13
"2024-09-17 06:30:00",6653,12.76,403,1,-0.121,-2.82,-2.65,-0.235,-0.221,-0.192,-0.248,90.4,68.15
"2024-09-17 07:00:00",6654,12.76,403,1,-0.118,-2.74,-2.64,-0.227,-0.22,-0.185,-0.243,91.8,70.26
"2024-09-17 07:30:00",6655,12.76,403,1,-0.111,-2.58,-2.46,-0.215,-0.205,-0.174,-0.232,92.4,69.95
"2024-09-17 08:00:00",6656,12.75,403,1,-0.097,-2.27,-2.12,-0.189,-0.177,-0.141,-0.204,97.4,71.94
"2024-09-17 08:30:00",6657,12.76,403,1,-0.082,-2.01,-1.67,-0.168,-0.141,-0.113,-0.169,96.8,73.31
"2024-09-17 09:00:00",6658,12.76,403,1,-0.05,-1.29,-0.94,-0.108,-0.079,-0.038,-0.111,103.5,76.05
"2024-09-17 09:30:00",6659,12.76,403,1,-0.007,-0.49,0.25,-0.043,0.021,0.022,-0.02,95,77.16
"2024-09-17 10:00:00",6660,12.76,403,1,0.017,0,0.95,0,0.079,0.072,0.036,97.6,81.3
"2024-09-17 10:30:00",6661,12.76,403,1,0.032,0.32,1.3,0.026,0.107,0.107,0.056,100.2,80.9
"2024-09-17 11:00:00",6662,12.76,403,1,0.016,0.04,0.84,0.004,0.07,0.076,0.013,95.5,79.4
"2024-09-17 11:30:00",6663,12.76,403,1,0.025,0.22,1.04,0.018,0.086,0.101,0.036,103.1,79.65
"2024-09-17 12:00:00",6664,12.76,403,1,0.029,0.36,1.09,0.031,0.091,0.102,0.04,95.4,80.6
"2024-09-17 12:30:00",6665,12.76,403,1,0.035,0.39,1.36,0.033,0.113,0.121,0.059,100.8,82.8
"2024-09-17 13:00:00",6666,12.76,403,1,0.046,0.7,1.53,0.057,0.126,0.135,0.066,96,80.2
"2024-09-17 13:30:00",6667,12.76,403,1,0.02,0.1,0.94,0.008,0.077,0.081,0.024,95.3,80
"2024-09-17 14:00:00",6668,12.76,403,1,0.002,-0.26,0.5,-0.023,0.042,0.054,-0.01,97.7,78.16
"2024-09-17 14:30:00",6669,12.75,403,1,-0.011,-0.49,0.08,-0.043,0.007,0.026,-0.041,95.4,76.85
"2024-09-17 15:00:00",6670,12.75,403,1,-0.078,-1.9,-1.62,-0.158,-0.136,-0.111,-0.175,92.5,72.51
"2024-09-17 15:30:00",6671,12.75,403,1,-0.083,-2.04,-1.7,-0.17,-0.142,-0.118,-0.173,96.4,72.88
"2024-09-17 16:00:00",6672,12.75,403,1,-0.098,-2.34,-2.08,-0.196,-0.174,-0.147,-0.201,92.1,70.58
"2024-09-17 16:30:00",6673,12.75,403,1,-0.079,-1.95,-1.59,-0.163,-0.133,-0.111,-0.168,92.2,72.2
"2024-09-17 17:00:00",6674,12.75,403,1,-0.086,-2.09,-1.76,-0.174,-0.147,-0.126,-0.182,90.9,71.07
"2024-09-17 17:30:00",6675,12.75,403,1,-0.11,-2.6,-2.37,-0.216,-0.198,-0.173,-0.226,92.3,69.09
"2024-09-17 18:00:00",6676,12.74,403,1,-0.116,-2.69,-2.54,-0.224,-0.212,-0.185,-0.24,91.7,67.91
"2024-09-17 18:30:00",6677,12.74,403,1,-0.119,-2.75,-2.62,-0.229,-0.218,-0.187,-0.245,92.3,66.8
"2024-09-17 19:00:00",6678,12.74,403,1,-0.121,-2.83,-2.62,-0.236,-0.218,-0.193,-0.242,90.8,68.84
"2024-09-17 19:30:00",6679,12.74,403,1,-0.12,-2.79,-2.64,-0.233,-0.22,-0.193,-0.248,91.2,66.91
"2024-09-17 20:00:00",6680,12.74,403,1,-0.121,-2.78,-2.71,-0.232,-0.226,-0.189,-0.252,91.5,67.71
"2024-09-17 20:30:00",6681,12.73,403,1,-0.125,-2.9,-2.76,-0.242,-0.23,-0.203,-0.251,91.3,68.58
"2024-09-17 21:00:00",6682,12.73,403,1,-0.122,-2.83,-2.68,-0.236,-0.223,-0.193,-0.251,91.4,67.65
"2024-09-17 21:30:00",6683,12.73,403,1,-0.124,-2.88,-2.75,-0.24,-0.23,-0.197,-0.25,93.3,69.83
"2024-09-17 22:00:00",6684,12.73,403,1,-0.124,-2.88,-2.76,-0.24,-0.23,-0.196,-0.254,90.6,68.59
"2024-09-17 22:30:00",6685,12.73,403,1,-0.124,-2.86,-2.75,-0.239,-0.23,-0.199,-0.254,93.8,68.28
"2024-09-17 23:00:00",6686,12.72,403,1,-0.126,-2.9,-2.82,-0.242,-0.235,-0.207,-0.255,89,70.26
"2024-09-17 23:30:00",6687,12.72,403,1,-0.126,-2.93,-2.76,-0.244,-0.23,-0.208,-0.258,91.4,67.41
"2024-09-18 00:00:00",6688,12.72,403,1,-0.127,-2.95,-2.82,-0.245,-0.235,-0.206,-0.255,91.3,68.58
"2024-09-18 00:30:00",6689,12.72,403,1,-0.126,-2.86,-2.85,-0.239,-0.237,-0.2,-0.257,91.6,69.4
"2024-09-18 01:00:00",6690,12.72,403,1,-0.126,-2.86,-2.85,-0.238,-0.237,-0.202,-0.257,94.2,67.53
"2024-09-18 01:30:00",6691,12.72,403,1,-0.127,-2.9,-2.88,-0.242,-0.239,-0.211,-0.259,93.1,67.41
"2024-09-18 02:00:00",6692,12.72,403,1,-0.126,-2.86,-2.85,-0.238,-0.237,-0.202,-0.257,94,70.01
"2024-09-18 02:30:00",6693,12.72,403,1,-0.126,-2.92,-2.79,-0.243,-0.233,-0.204,-0.26,92.7,67.72
"2024-09-18 03:00:00",6694,12.71,403,1,-0.126,-2.89,-2.85,-0.24,-0.238,-0.204,-0.258,91.8,69.02
"2024-09-18 03:30:00",6695,12.71,403,1,-0.123,-2.83,-2.76,-0.236,-0.23,-0.201,-0.255,91.7,67.47
"2024-09-18 04:00:00",6696,12.71,403,1,-0.125,-2.86,-2.82,-0.238,-0.234,-0.199,-0.258,91,70.51
"2024-09-18 04:30:00",6697,12.71,403,1,-0.127,-2.89,-2.86,-0.241,-0.239,-0.202,-0.259,90.2,66.97
"2024-09-18 05:00:00",6698,12.71,403,1,-0.125,-2.88,-2.82,-0.24,-0.234,-0.2,-0.255,90.5,68.71
"2024-09-18 05:30:00",6699,12.71,403,1,-0.125,-2.85,-2.82,-0.237,-0.234,-0.198,-0.259,92,66.48
"2024-09-18 06:00:00",6700,12.71,403,1,-0.125,-2.82,-2.86,-0.235,-0.239,-0.196,-0.259,90.9,67.65
"2024-09-18 06:30:00",6701,12.71,403,1,-0.126,-2.89,-2.82,-0.241,-0.234,-0.201,-0.259,94.2,68.77
"2024-09-18 07:00:00",6702,12.7,403,1,-0.125,-2.85,-2.85,-0.237,-0.238,-0.203,-0.258,90.6,68.39
"2024-09-18 07:30:00",6703,12.7,403,1,-0.126,-2.88,-2.85,-0.24,-0.238,-0.196,-0.258,93.8,69.08
"2024-09-18 08:00:00",6704,12.71,403,1,-0.125,-2.85,-2.83,-0.238,-0.236,-0.194,-0.256,94.5,68.28
"2024-09-18 08:30:00",6705,12.7,403,1,-0.124,-2.83,-2.81,-0.236,-0.234,-0.197,-0.254,93.6,67.91
"2024-09-18 09:00:00",6706,12.7,403,1,-0.11,-2.51,-2.48,-0.21,-0.207,-0.154,-0.227,100,71.01
"2024-09-18 09:30:00",6707,12.7,403,1,-0.088,-2.01,-2.02,-0.168,-0.169,-0.107,-0.194,109.1,70.47
"2024-09-18 10:00:00",6708,12.7,403,1,-0.067,-1.7,-1.28,-0.142,-0.107,-0.079,-0.143,93.3,72.76
"2024-09-18 10:30:00",6709,12.7,403,1,-0.007,-0.44,0.21,-0.038,0.018,0.037,-0.027,98.7,78.16
"2024-09-18 11:00:00",6710,12.7,403,1,-0.021,-0.75,-0.1,-0.063,-0.011,-0.015,-0.055,94.3,79.27
"2024-09-18 11:30:00",6711,12.7,403,1,-0.084,-2.06,-1.7,-0.172,-0.143,-0.12,-0.174,94.5,72.51
"2024-09-18 12:00:00",6712,12.7,403,1,-0.103,-2.44,-2.23,-0.204,-0.186,-0.158,-0.214,94,70.28
"2024-09-18 12:30:00",6713,12.7,403,1,-0.118,-2.78,-2.58,-0.231,-0.215,-0.188,-0.243,92.8,69.28
"2024-09-18 13:00:00",6714,12.7,403,1,-0.121,-2.78,-2.72,-0.231,-0.227,-0.188,-0.252,91.8,67.54
"2024-09-18 13:30:00",6715,12.7,403,1,-0.114,-2.6,-2.57,-0.216,-0.214,-0.167,-0.231,99.2,71.77
"2024-09-18 14:00:00",6716,12.7,403,1,-0.102,-2.44,-2.18,-0.204,-0.182,-0.157,-0.206,92.4,70.6
"2024-09-18 14:30:00",6717,12.7,403,1,-0.108,-2.5,-2.41,-0.208,-0.201,-0.162,-0.229,94.8,71.34
"2024-09-18 15:00:00",6718,12.7,403,1,-0.06,-1.64,-1,-0.137,-0.084,-0.088,-0.12,90.4,73.34
"2024-09-18 15:30:00",6719,12.7,403,1,0.009,-0.12,0.67,-0.011,0.056,0.068,0.013,101.7,80.4
"2024-09-18 16:00:00",6720,12.7,403,1,0.086,1.46,2.66,0.12,0.22,0.209,0.163,101.8,84.2
"2024-09-18 16:30:00",6721,12.7,403,1,0.112,1.99,3.31,0.165,0.273,0.254,0.194,105.3,83.8
"2024-09-18 17:00:00",6722,12.7,403,1,0.114,1.93,3.52,0.16,0.291,0.255,0.219,103.2,84
"2024-09-18 17:30:00",6723,12.7,403,1,0.085,1.58,2.41,0.131,0.199,0.2,0.124,94,81.5
"2024-09-18 18:00:00",6724,12.7,403,1,-0.015,-0.61,0,-0.052,0,0.011,-0.052,92.5,76.41
"2024-09-18 18:30:00",6725,12.7,403,1,-0.078,-1.88,-1.62,-0.158,-0.135,-0.109,-0.171,90.4,72.32
"2024-09-18 19:00:00",6726,12.69,403,1,-0.1,-2.36,-2.19,-0.197,-0.183,-0.151,-0.211,91.6,69.09
"2024-09-18 19:30:00",6727,12.69,403,1,-0.111,-2.57,-2.46,-0.214,-0.205,-0.171,-0.233,90.3,68.03
"2024-09-18 20:00:00",6728,12.68,403,1,-0.117,-2.71,-2.58,-0.226,-0.216,-0.187,-0.243,87.8,67.53
"2024-09-18 20:30:00",6729,12.68,403,1,-0.121,-2.81,-2.69,-0.234,-0.224,-0.19,-0.248,91.8,68.51
"2024-09-18 21:00:00",6730,12.68,403,1,-0.122,-2.81,-2.74,-0.234,-0.228,-0.191,-0.256,87.9,68.9
"2024-09-18 21:30:00",6731,12.68,403,1,-0.122,-2.83,-2.72,-0.236,-0.226,-0.2,-0.255,90.1,69.09
"2024-09-18 22:00:00",6732,12.67,403,1,-0.125,-2.9,-2.75,-0.242,-0.23,-0.202,-0.255,92.8,69.02
"2024-09-18 22:30:00",6733,12.67,403,1,-0.125,-2.89,-2.79,-0.24,-0.232,-0.208,-0.256,88.2,69.45
"2024-09-18 23:00:00",6734,12.67,403,1,-0.123,-2.83,-2.76,-0.236,-0.231,-0.196,-0.259,91.9,68.64
"2024-09-18 23:30:00",6735,12.67,403,1,-0.127,-2.93,-2.81,-0.244,-0.234,-0.2,-0.259,93.7,68.21
"2024-09-19 00:00:00",6736,12.66,403,1,-0.124,-2.81,-2.86,-0.234,-0.238,-0.199,-0.259,88,68.45
"2024-09-19 00:30:00",6737,12.67,403,1,-0.124,-2.82,-2.85,-0.235,-0.237,-0.195,-0.258,90.7,66.46
"2024-09-19 01:00:00",6738,12.66,403,1,-0.125,-2.88,-2.79,-0.239,-0.232,-0.199,-0.253,91.5,68.02
"2024-09-19 01:30:00",6739,12.66,403,1,-0.125,-2.89,-2.81,-0.241,-0.234,-0.197,-0.255,90.1,66.59
"2024-09-19 02:00:00",6740,12.66,403,1,-0.124,-2.85,-2.79,-0.237,-0.233,-0.198,-0.254,93.6,67.09
"2024-09-19 02:30:00",6741,12.66,403,1,-0.124,-2.83,-2.79,-0.236,-0.232,-0.193,-0.256,91.6,70.13
"2024-09-19 03:00:00",6742,12.66,403,1,-0.123,-2.83,-2.75,-0.236,-0.23,-0.191,-0.254,91.9,69.14
"2024-09-19 03:30:00",6743,12.65,403,1,-0.122,-2.82,-2.72,-0.235,-0.226,-0.195,-0.25,89.8,69.01
"2024-09-19 04:00:00",6744,12.66,403,1,-0.121,-2.78,-2.72,-0.231,-0.226,-0.188,-0.255,91.1,67.83
"2024-09-19 04:30:00",6745,12.65,403,1,-0.121,-2.78,-2.74,-0.231,-0.228,-0.187,-0.253,90.8,68.82
"2024-09-19 05:00:00",6746,12.65,403,1,-0.122,-2.83,-2.72,-0.237,-0.227,-0.196,-0.251,95.5,68.5
"2024-09-19 05:30:00",6747,12.65,403,1,-0.122,-2.83,-2.68,-0.237,-0.223,-0.193,-0.251,92.9,70.11
"2024-09-19 06:00:00",6748,12.65,403,1,-0.121,-2.76,-2.75,-0.23,-0.23,-0.194,-0.254,90.6,69.06
"2024-09-19 06:30:00",6749,12.65,403,1,-0.121,-2.76,-2.75,-0.23,-0.229,-0.19,-0.253,91.1,68.07
"2024-09-19 07:00:00",6750,12.65,403,1,-0.12,-2.74,-2.72,-0.228,-0.226,-0.184,-0.25,92,68.75
"2024-09-19 07:30:00",6751,12.65,403,1,-0.115,-2.64,-2.6,-0.22,-0.217,-0.173,-0.241,92.4,68.94
"2024-09-19 08:00:00",6752,12.65,403,1,-0.092,-2.16,-1.99,-0.181,-0.166,-0.128,-0.195,97.2,72.77
"2024-09-19 08:30:00",6753,12.64,403,1,-0.048,-1.28,-0.84,-0.107,-0.072,-0.04,-0.112,98.3,75.57
"2024-09-19 09:00:00",6754,12.64,403,1,0.006,-0.2,0.6,-0.019,0.049,0.067,0,100.4,79.92
"2024-09-19 09:30:00",6755,12.64,403,1,0.012,0,0.67,0,0.056,0.092,0.007,109.1,79.67
"2024-09-19 10:00:00",6756,12.64,403,1,0.097,2.48,1.88,0.204,0.155,0.342,0.121,109.9,86.1
"2024-09-19 10:30:00",6757,12.65,403,1,0.116,1.93,3.59,0.159,0.296,0.206,0.245,89.6,86.9
"2024-09-19 11:00:00",6758,12.65,403,1,0.19,4.17,4.55,0.345,0.376,0.483,0.301,109.8,86.6
"2024-09-19 11:30:00",6759,12.65,403,1,0.172,3.18,4.9,0.262,0.405,0.346,0.311,97.1,83.3
"2024-09-19 12:00:00",6760,12.65,403,1,0.205,4.08,5.49,0.337,0.454,0.405,0.349,91.2,81.6
"2024-09-19 12:30:00",6761,12.65,403,1,0.208,3.95,5.79,0.327,0.479,0.412,0.37,96.4,80.3
"2024-09-19 13:00:00",6762,12.66,403,1,0.125,1.08,5.21,0.09,0.431,0.144,0.385,109.9,89.8
"2024-09-19 13:30:00",6763,12.66,403,1,0.363,9.22,6.98,0.761,0.576,0.531,0.337,73.33,74.14
"2024-09-19 14:00:00",6764,12.66,403,1,0.237,4.78,6.23,0.394,0.515,0.456,0.376,89.7,78.89
"2024-09-19 14:30:00",6765,12.66,403,1,0.23,4.59,6.12,0.38,0.506,0.431,0.374,90.8,78.46
"2024-09-19 15:00:00",6766,12.66,403,1,0.197,3.81,5.42,0.315,0.447,0.388,0.349,92.7,81.6
"2024-09-19 15:30:00",6767,12.66,403,1,0.194,3.64,5.45,0.301,0.45,0.379,0.342,95.8,80.8
"2024-09-19 16:00:00",6768,12.66,403,1,0.208,4.31,5.32,0.356,0.44,0.409,0.32,87.7,79.33
"2024-09-19 16:30:00",6769,12.67,403,1,0.167,3.07,4.82,0.254,0.398,0.345,0.311,100,83.2
"2024-09-19 17:00:00",6770,12.66,403,1,0.136,2.31,4.15,0.191,0.343,0.28,0.256,98.9,82.8
"2024-09-19 17:30:00",6771,12.66,403,1,0.123,2.3,3.49,0.19,0.288,0.262,0.192,94.6,79.98
"2024-09-19 18:00:00",6772,12.66,403,1,0.05,0.73,1.72,0.06,0.142,0.13,0.069,95.7,78.92
"2024-09-19 18:30:00",6773,12.66,403,1,0.017,0.04,0.88,0.004,0.073,0.073,0.01,96,78.42
"2024-09-19 19:00:00",6774,12.65,403,1,-0.026,-0.87,-0.24,-0.074,-0.022,-0.012,-0.074,91.4,75.55
"2024-09-19 19:30:00",6775,12.65,403,1,-0.066,-1.71,-1.22,-0.144,-0.103,-0.095,-0.146,92.9,71.64
"2024-09-19 20:00:00",6776,12.65,403,1,-0.085,-2.06,-1.74,-0.172,-0.146,-0.134,-0.186,88.5,71.44
"2024-09-19 20:30:00",6777,12.64,403,1,-0.091,-2.2,-1.91,-0.185,-0.159,-0.139,-0.199,92.5,68.21
"2024-09-19 21:00:00",6778,12.64,403,1,-0.1,-2.48,-2.01,-0.207,-0.168,-0.172,-0.204,87.9,68.89
"2024-09-19 21:30:00",6779,12.63,403,1,-0.111,-2.69,-2.29,-0.224,-0.191,-0.189,-0.223,85.7,67.89
"2024-09-19 22:00:00",6780,12.63,403,1,-0.106,-2.51,-2.27,-0.21,-0.19,-0.164,-0.226,92.9,69.38
"2024-09-19 22:30:00",6781,12.63,403,1,-0.112,-2.65,-2.4,-0.221,-0.2,-0.182,-0.231,92.6,67.64
"2024-09-19 23:00:00",6782,12.62,403,1,-0.116,-2.81,-2.41,-0.234,-0.202,-0.207,-0.23,87.6,68.57
"2024-09-19 23:30:00",6783,12.62,403,1,-0.116,-2.78,-2.46,-0.231,-0.205,-0.188,-0.233,90.6,69.56
"2024-09-20 00:00:00",6784,12.62,403,1,-0.118,-2.81,-2.51,-0.233,-0.21,-0.202,-0.238,85.6,67.58
"2024-09-20 00:30:00",6785,12.62,403,1,-0.119,-2.83,-2.51,-0.236,-0.21,-0.199,-0.245,89.4,67.2
"2024-09-20 01:00:00",6786,12.61,403,1,-0.109,-2.5,-2.46,-0.208,-0.205,-0.162,-0.234,96.5,70.56
"2024-09-20 01:30:00",6787,12.61,403,1,-0.116,-2.74,-2.51,-0.228,-0.21,-0.184,-0.234,95.9,68.95
"2024-09-20 02:00:00",6788,12.6,403,1,-0.115,-2.68,-2.55,-0.223,-0.213,-0.179,-0.238,95,68.57
"2024-09-20 02:30:00",6789,12.61,403,1,-0.12,-2.85,-2.58,-0.238,-0.216,-0.198,-0.237,89.8,69.32
"2024-09-20 03:00:00",6790,12.6,403,1,-0.119,-2.78,-2.61,-0.231,-0.218,-0.191,-0.243,94.9,69.19
"2024-09-20 03:30:00",6791,12.6,403,1,-0.119,-2.76,-2.61,-0.23,-0.218,-0.182,-0.243,92,69
"2024-09-20 04:00:00",6792,12.6,403,1,-0.116,-2.67,-2.61,-0.222,-0.217,-0.179,-0.242,94.3,66.38
"2024-09-20 04:30:00",6793,12.6,403,1,-0.116,-2.62,-2.64,-0.219,-0.22,-0.175,-0.241,94,70.3
"2024-09-20 05:00:00",6794,12.6,403,1,-0.117,-2.67,-2.65,-0.222,-0.221,-0.175,-0.249,93.3,67.81
"2024-09-20 05:30:00",6795,12.6,403,1,-0.118,-2.69,-2.65,-0.225,-0.222,-0.189,-0.249,89.8,68.55
"2024-09-20 06:00:00",6796,12.59,403,1,-0.115,-2.64,-2.61,-0.22,-0.217,-0.177,-0.245,90.4,69.11
"2024-09-20 06:30:00",6797,12.59,403,1,-0.114,-2.57,-2.61,-0.214,-0.217,-0.171,-0.246,96.1,69.42
"2024-09-20 07:00:00",6798,12.59,403,1,-0.114,-2.64,-2.51,-0.22,-0.21,-0.176,-0.234,91.4,69.12
"2024-09-20 07:30:00",6799,12.59,403,1,-0.103,-2.4,-2.29,-0.2,-0.191,-0.15,-0.219,93.9,71.41
"2024-09-20 08:00:00",6800,12.59,403,1,-0.078,-1.87,-1.63,-0.157,-0.137,-0.098,-0.166,100.3,72.59
"2024-09-20 08:30:00",6801,12.59,403,1,-0.033,-0.96,-0.45,-0.081,-0.04,-0.011,-0.077,100.9,77.68
"2024-09-20 09:00:00",6802,12.59,403,1,0.013,-0.02,0.77,-0.004,0.064,0.089,0.02,101.5,82
"2024-09-20 09:30:00",6803,12.59,403,1,0.046,0.49,1.81,0.04,0.149,0.122,0.102,99.4,86.8
"2024-09-20 10:00:00",6804,12.59,403,1,0.038,-0.49,2.73,-0.043,0.226,0.053,0.19,93.8,87.9
"2024-09-20 10:30:00",6805,12.59,403,1,0.161,3.33,4.1,0.276,0.339,0.365,0.266,108,86.3
"2024-09-20 11:00:00",6806,12.6,403,1,0.16,3.1,4.38,0.255,0.362,0.359,0.281,109.9,83.9
"2024-09-20 11:30:00",6807,12.6,403,1,0.151,2.4,4.83,0.198,0.399,0.248,0.331,87.4,85.8
"2024-09-20 12:00:00",6808,12.6,403,1,0.187,3.64,5.11,0.301,0.423,0.37,0.318,93.6,82.5
"2024-09-20 12:30:00",6809,12.6,403,1,0.191,3.53,5.48,0.292,0.452,0.368,0.356,94.8,83.2
"2024-09-20 13:00:00",6810,12.61,403,1,0.174,3.15,5.06,0.261,0.418,0.318,0.401,110,94.2
"2024-09-20 13:30:00",6811,12.61,403,1,0.189,3.57,5.3,0.295,0.438,0.32,0.312,84.9,78.76
"2024-09-20 14:00:00",6812,12.61,403,1,0.173,3.38,4.68,0.279,0.386,0.369,0.283,97.8,84
"2024-09-20 14:30:00",6813,12.61,403,1,0.162,3.12,4.47,0.258,0.369,0.352,0.272,98,81.2
"2024-09-20 15:00:00",6814,12.61,403,1,0.17,3.05,4.97,0.252,0.411,0.323,0.313,94.4,83
"2024-09-20 15:30:00",6815,12.61,403,1,0.157,2.79,4.65,0.231,0.384,0.322,0.299,100.7,83.9
"2024-09-20 16:00:00",6816,12.61,403,1,0.188,3.88,4.83,0.32,0.4,0.378,0.289,91,81.9
"2024-09-20 16:30:00",6817,12.61,403,1,0.15,2.82,4.22,0.232,0.348,0.324,0.257,100.3,82.8
"2024-09-20 17:00:00",6818,12.61,403,1,0.117,2.05,3.49,0.169,0.289,0.253,0.208,97.1,81.3
"2024-09-20 17:30:00",6819,12.61,403,1,0.107,1.93,3.11,0.16,0.257,0.231,0.17,93.7,81.2
"2024-09-20 18:00:00",6820,12.6,403,1,0.076,1.32,2.33,0.109,0.192,0.177,0.113,95.4,81.8
"2024-09-20 18:30:00",6821,12.6,403,1,0.023,0.14,1.06,0.012,0.088,0.08,0.025,95.8,78.52
"2024-09-20 19:00:00",6822,12.59,403,1,-0.036,-1.1,-0.42,-0.092,-0.037,-0.036,-0.09,90.1,71.57
"2024-09-20 19:30:00",6823,12.59,403,1,-0.073,-1.84,-1.43,-0.154,-0.12,-0.108,-0.165,89.6,70.57
"2024-09-20 20:00:00",6824,12.59,403,1,-0.092,-2.23,-1.9,-0.186,-0.158,-0.144,-0.194,88.9,68.89
"2024-09-20 20:30:00",6825,12.58,403,1,-0.103,-2.47,-2.18,-0.207,-0.182,-0.159,-0.217,91.3,66.53
"2024-09-20 21:00:00",6826,12.58,403,1,-0.11,-2.65,-2.29,-0.221,-0.191,-0.185,-0.226,87.1,67.08
"2024-09-20 21:30:00",6827,12.57,403,1,-0.106,-2.5,-2.27,-0.208,-0.19,-0.169,-0.226,91.4,70.18
"2024-09-20 22:00:00",6828,12.57,403,1,-0.116,-2.76,-2.46,-0.231,-0.205,-0.19,-0.233,92.3,68.32
"2024-09-20 22:30:00",6829,12.57,403,1,-0.112,-2.65,-2.4,-0.221,-0.2,-0.186,-0.232,91.2,67.95
"2024-09-20 23:00:00",6830,12.56,403,1,-0.116,-2.75,-2.47,-0.229,-0.206,-0.184,-0.234,90.6,69.06
"2024-09-20 23:30:00",6831,12.56,403,1,-0.115,-2.71,-2.47,-0.226,-0.206,-0.186,-0.239,90.7,68.19
"2024-09-21 00:00:00",6832,12.56,403,1,-0.127,-3.06,-2.65,-0.255,-0.221,-0.216,-0.249,87.3,67.75
"2024-09-21 00:30:00",6833,12.55,403,1,-0.119,-2.79,-2.57,-0.232,-0.214,-0.188,-0.246,92.4,66.89
"2024-09-21 01:00:00",6834,12.55,403,1,-0.118,-2.69,-2.65,-0.225,-0.221,-0.189,-0.245,90.4,69.68
"2024-09-21 01:30:00",6835,12.55,403,1,-0.117,-2.68,-2.62,-0.223,-0.219,-0.176,-0.244,92.4,68.18
"2024-09-21 02:00:00",6836,12.55,403,1,-0.12,-2.75,-2.68,-0.23,-0.223,-0.19,-0.248,87.6,68.55
"2024-09-21 02:30:00",6837,12.54,403,1,-0.117,-2.74,-2.58,-0.229,-0.216,-0.189,-0.244,93.1,67.68
"2024-09-21 03:00:00",6838,12.54,403,1,-0.117,-2.71,-2.58,-0.226,-0.216,-0.186,-0.24,94.1,69.91
"2024-09-21 03:30:00",6839,12.54,403,1,-0.123,-2.89,-2.65,-0.241,-0.221,-0.204,-0.245,93,68.49
"2024-09-21 04:00:00",6840,12.54,403,1,-0.123,-2.89,-2.65,-0.24,-0.221,-0.196,-0.25,94.1,68.62
"2024-09-21 04:30:00",6841,12.54,403,1,-0.124,-2.92,-2.69,-0.244,-0.224,-0.206,-0.253,90.4,67.88
"2024-09-21 05:00:00",6842,12.53,403,1,-0.123,-2.81,-2.79,-0.234,-0.232,-0.194,-0.257,87.9,66.68
"2024-09-21 05:30:00",6843,12.53,403,1,-0.118,-2.68,-2.67,-0.223,-0.222,-0.178,-0.247,97.7,67.99
"2024-09-21 06:00:00",6844,12.53,403,1,-0.117,-2.69,-2.61,-0.224,-0.217,-0.184,-0.246,91.9,71.15
"2024-09-21 06:30:00",6845,12.53,403,1,-0.12,-2.76,-2.67,-0.231,-0.222,-0.19,-0.247,92.7,69.22
"2024-09-21 07:00:00",6846,12.53,403,1,-0.121,-2.86,-2.61,-0.238,-0.217,-0.19,-0.246,91.6,68.36
"2024-09-21 07:30:00",6847,12.53,403,1,-0.119,-2.72,-2.69,-0.227,-0.224,-0.187,-0.253,91.8,68.05
"2024-09-21 08:00:00",6848,12.53,403,1,-0.105,-2.4,-2.4,-0.2,-0.2,-0.15,-0.226,100.9,73.25
"2024-09-21 08:30:00",6849,12.53,403,1,-0.059,-1.5,-1.11,-0.126,-0.094,-0.058,-0.123,102,76.55
"2024-09-21 09:00:00",6850,12.53,403,1,0.012,-0.12,0.83,-0.012,0.068,0.072,0.024,101.9,80.4
"2024-09-21 09:30:00",6851,12.53,403,1,0.06,0.9,2,0.074,0.166,0.221,0.122,109.9,86.6
"2024-09-21 10:00:00",6852,12.53,403,1,0.073,1.26,2.23,0.104,0.184,0.194,0.127,101.4,84.3
"2024-09-21 10:30:00",6853,12.53,403,1,0.112,2.1,3.18,0.174,0.263,0.287,0.199,110,86.7
"2024-09-21 11:00:00",6854,12.54,403,1,0.141,2.68,3.96,0.221,0.327,0.3,0.248,96.6,83.2
"2024-09-21 11:30:00",6855,12.53,403,1,0.139,2.63,3.87,0.217,0.319,0.292,0.236,95.2,83.1
"2024-09-21 12:00:00",6856,12.54,403,1,0.139,2.59,3.96,0.214,0.327,0.315,0.256,102.6,85.8
"2024-09-21 12:30:00",6857,12.54,403,1,0.176,3.43,4.81,0.284,0.397,0.412,0.329,109.9,84.9
"2024-09-21 13:00:00",6858,12.55,403,1,0.162,3.03,4.57,0.249,0.378,0.274,0.38,110,97.6
"2024-09-21 13:30:00",6859,12.55,403,1,0.228,5.06,5.38,0.417,0.444,0.374,0.275,78.66,75
"2024-09-21 14:00:00",6860,12.55,403,1,0.197,4.05,5.1,0.334,0.422,0.385,0.304,89.3,79.69
"2024-09-21 14:30:00",6861,12.55,403,1,0.172,3.38,4.65,0.279,0.384,0.345,0.288,92.1,82
"2024-09-21 15:00:00",6862,12.55,403,1,0.153,2.68,4.58,0.221,0.378,0.295,0.28,94.8,81.9
"2024-09-21 15:30:00",6863,12.55,403,1,0.143,2.55,4.19,0.211,0.347,0.295,0.262,98.2,82.4
"2024-09-21 16:00:00",6864,12.55,403,1,0.147,2.83,4.06,0.234,0.335,0.297,0.243,92.7,81.9
"2024-09-21 16:30:00",6865,12.55,403,1,0.119,2.21,3.4,0.182,0.281,0.269,0.196,98.2,81.6
"2024-09-21 17:00:00",6866,12.55,403,1,0.098,1.53,3.17,0.127,0.261,0.206,0.19,96.9,82.6
"2024-09-21 17:30:00",6867,12.54,403,1,0.073,1.16,2.34,0.096,0.193,0.173,0.117,94.6,80.5
"2024-09-21 18:00:00",6868,12.55,403,1,0.017,0,0.94,0,0.077,0.066,0.018,96.8,80.3
"2024-09-21 18:30:00",6869,12.54,403,1,-0.048,-1.33,-0.75,-0.113,-0.064,-0.063,-0.113,88.9,73.31
"2024-09-21 19:00:00",6870,12.54,403,1,-0.082,-2.04,-1.63,-0.17,-0.136,-0.127,-0.176,90.2,70.9
"2024-09-21 19:30:00",6871,12.54,403,1,-0.099,-2.4,-2.08,-0.201,-0.174,-0.162,-0.21,90.4,67.9
"2024-09-21 20:00:00",6872,12.53,403,1,-0.11,-2.68,-2.29,-0.223,-0.191,-0.188,-0.231,85.4,66.91
"2024-09-21 20:30:00",6873,12.53,403,1,-0.11,-2.64,-2.33,-0.22,-0.194,-0.177,-0.23,93.6,70.86
"2024-09-21 21:00:00",6874,12.52,403,1,-0.114,-2.76,-2.37,-0.231,-0.198,-0.194,-0.231,86.6,67.32
"2024-09-21 21:30:00",6875,12.52,403,1,-0.115,-2.75,-2.46,-0.229,-0.205,-0.199,-0.234,88.9,68.87
"2024-09-21 22:00:00",6876,12.52,403,1,-0.111,-2.57,-2.46,-0.214,-0.205,-0.173,-0.233,89.1,67.14
"2024-09-21 22:30:00",6877,12.52,403,1,-0.117,-2.69,-2.6,-0.225,-0.216,-0.185,-0.245,91.1,66.14
"2024-09-21 23:00:00",6878,12.51,403,1,-0.117,-2.74,-2.57,-0.229,-0.214,-0.184,-0.242,93.7,69
"2024-09-21 23:30:00",6879,12.51,403,1,-0.117,-2.72,-2.58,-0.227,-0.215,-0.182,-0.239,95,69.31
"2024-09-22 00:00:00",6880,12.51,403,1,-0.115,-2.67,-2.54,-0.222,-0.212,-0.182,-0.24,92.9,69.43
"2024-09-22 00:30:00",6881,12.5,403,1,-0.126,-2.99,-2.72,-0.249,-0.227,-0.211,-0.257,90.2,68.98
"2024-09-22 01:00:00",6882,12.5,403,1,-0.127,-2.97,-2.78,-0.247,-0.231,-0.219,-0.259,85.9,67.43
"2024-09-22 01:30:00",6883,12.5,403,1,-0.132,-3.16,-2.78,-0.263,-0.231,-0.235,-0.259,82.7,67.19
"2024-09-22 02:00:00",6884,12.49,403,1,-0.118,-2.65,-2.74,-0.221,-0.228,-0.172,-0.253,95.2,66.5
"2024-09-22 02:30:00",6885,12.49,403,1,-0.125,-2.92,-2.76,-0.243,-0.23,-0.211,-0.259,85.8,68.49
"2024-09-22 03:00:00",6886,12.49,403,1,-0.122,-2.78,-2.75,-0.231,-0.229,-0.186,-0.25,94.8,68.55
"2024-09-22 03:30:00",6887,12.49,403,1,-0.121,-2.76,-2.74,-0.23,-0.228,-0.182,-0.253,96.8,67.11
"2024-09-22 04:00:00",6888,12.49,403,1,-0.119,-2.68,-2.74,-0.223,-0.228,-0.179,-0.249,94.9,69.91
"2024-09-22 04:30:00",6889,12.48,403,1,-0.125,-2.89,-2.76,-0.241,-0.231,-0.209,-0.259,87.8,66.51
"2024-09-22 05:00:00",6890,12.49,403,1,-0.123,-2.85,-2.71,-0.238,-0.226,-0.193,-0.251,93.8,67.13
"2024-09-22 05:30:00",6891,12.48,403,1,-0.123,-2.85,-2.72,-0.237,-0.227,-0.196,-0.256,93.1,68.12
"2024-09-22 06:00:00",6892,12.48,403,1,-0.123,-2.83,-2.76,-0.237,-0.231,-0.196,-0.256,92.5,66.82
"2024-09-22 06:30:00",6893,12.48,403,1,-0.121,-2.76,-2.76,-0.23,-0.23,-0.182,-0.256,94.9,67.99
"2024-09-22 07:00:00",6894,12.48,403,1,-0.126,-2.92,-2.81,-0.243,-0.233,-0.201,-0.255,92.7,69.67
"2024-09-22 07:30:00",6895,12.48,403,1,-0.122,-2.79,-2.75,-0.233,-0.229,-0.192,-0.25,94.8,68.86
"2024-09-22 08:00:00",6896,12.47,403,1,-0.126,-2.93,-2.76,-0.244,-0.231,-0.203,-0.252,91.9,69.66
"2024-09-22 08:30:00",6897,12.48,403,1,-0.12,-2.74,-2.74,-0.228,-0.228,-0.187,-0.249,92.5,69.29
"2024-09-22 09:00:00",6898,12.47,403,1,-0.117,-2.61,-2.71,-0.217,-0.226,-0.166,-0.247,97.1,68.67
"2024-09-22 09:30:00",6899,12.47,403,1,-0.11,-2.54,-2.43,-0.212,-0.202,-0.16,-0.231,96,70.48
"2024-09-22 10:00:00",6900,12.47,403,1,-0.11,-3.28,-1.49,-0.273,-0.125,-0.244,-0.14,86.6,76.03
"2024-09-22 10:30:00",6901,12.48,403,1,-0.027,-0.89,-0.24,-0.075,-0.022,-0.02,-0.06,93.4,78.62
"2024-09-22 11:00:00",6902,12.47,403,1,0.05,0.97,1.37,0.08,0.113,0.148,0.074,97,84.6
"2024-09-22 11:30:00",6903,12.47,403,1,0.061,0.94,2.03,0.077,0.168,0.158,0.104,98.4,79.63
"2024-09-22 12:00:00",6904,12.48,403,1,0.078,1.19,2.58,0.098,0.213,0.211,0.155,109.9,85.9
"2024-09-22 12:30:00",6905,12.48,403,1,0.106,1.93,3.05,0.16,0.252,0.241,0.18,94.6,82.2
"2024-09-22 13:00:00",6906,12.48,403,1,0.104,1.89,3,0.157,0.248,0.233,0.173,97.7,82.1
"2024-09-22 13:30:00",6907,12.49,403,1,0.133,2.3,4.02,0.19,0.332,0.255,0.253,94.7,82.9
"2024-09-22 14:00:00",6908,12.48,403,1,0.101,1.81,2.98,0.15,0.246,0.231,0.159,97.7,80.9
"2024-09-22 14:30:00",6909,12.48,403,1,0.084,1.44,2.58,0.119,0.213,0.208,0.146,101.6,82.6
"2024-09-22 15:00:00",6910,12.48,403,1,0.109,1.81,3.42,0.149,0.283,0.246,0.216,105.5,83.5
"2024-09-22 15:30:00",6911,12.48,403,1,0.094,1.53,2.97,0.126,0.245,0.217,0.168,97.9,82.1
"2024-09-22 16:00:00",6912,12.48,403,1,0.117,2.03,3.53,0.168,0.292,0.252,0.217,100.7,83.6
"2024-09-22 16:30:00",6913,12.48,403,1,0.128,2.4,3.6,0.198,0.298,0.276,0.219,96.4,83.8
"2024-09-22 17:00:00",6914,12.48,403,1,0.096,1.53,3.07,0.126,0.254,0.22,0.185,103.9,83.9
"2024-09-22 17:30:00",6915,12.48,403,1,0.079,1.37,2.41,0.113,0.199,0.193,0.122,96,80.9
"2024-09-22 18:00:00",6916,12.48,403,1,0.053,0.88,1.67,0.072,0.138,0.147,0.067,95.4,81.4
"2024-09-22 18:30:00",6917,12.48,403,1,0.001,-0.23,0.41,-0.021,0.034,0.051,-0.022,95,78.24
"2024-09-22 19:00:00",6918,12.47,403,1,-0.051,-1.31,-0.98,-0.11,-0.083,-0.057,-0.125,90.3,73.28
"2024-09-22 19:30:00",6919,12.47,403,1,-0.088,-2.09,-1.87,-0.175,-0.157,-0.141,-0.193,87.6,70.04
"2024-09-22 20:00:00",6920,12.46,403,1,-0.101,-2.39,-2.18,-0.199,-0.182,-0.151,-0.218,93.5,69.73
"2024-09-22 20:30:00",6921,12.46,403,1,-0.105,-2.43,-2.36,-0.202,-0.197,-0.171,-0.23,85,67.98
"2024-09-22 21:00:00",6922,12.45,403,1,-0.106,-2.34,-2.51,-0.195,-0.209,-0.15,-0.242,92.9,67.49
"2024-09-22 21:30:00",6923,12.45,403,1,-0.113,-2.61,-2.5,-0.218,-0.209,-0.174,-0.237,90.8,69.53
"2024-09-22 22:00:00",6924,12.45,403,1,-0.116,-2.69,-2.55,-0.225,-0.213,-0.181,-0.242,95,67.05
"2024-09-22 22:30:00",6925,12.44,403,1,-0.114,-2.58,-2.62,-0.216,-0.219,-0.175,-0.251,89.2,66.49
"2024-09-22 23:00:00",6926,12.44,403,1,-0.115,-2.65,-2.58,-0.221,-0.215,-0.173,-0.241,93.4,67.17
"2024-09-22 23:30:00",6927,12.44,403,1,-0.113,-2.51,-2.65,-0.21,-0.221,-0.161,-0.25,98.3,67.67
"2024-09-23 00:00:00",6928,12.44,403,1,-0.116,-2.61,-2.67,-0.218,-0.222,-0.177,-0.247,94.4,68.96
"2024-09-23 00:30:00",6929,12.43,403,1,-0.12,-2.75,-2.68,-0.23,-0.223,-0.185,-0.251,92,68.53
"2024-09-23 01:00:00",6930,12.43,403,1,-0.119,-2.75,-2.64,-0.23,-0.22,-0.194,-0.252,89.4,68.7
"2024-09-23 01:30:00",6931,12.43,403,1,-0.12,-2.76,-2.71,-0.231,-0.226,-0.194,-0.254,89.9,68.4
"2024-09-23 02:00:00",6932,12.42,403,1,-0.119,-2.71,-2.69,-0.226,-0.224,-0.184,-0.253,91.2,66.29
"2024-09-23 02:30:00",6933,12.42,403,1,-0.116,-2.6,-2.68,-0.216,-0.223,-0.181,-0.248,88.7,69.2
"2024-09-23 03:00:00",6934,12.42,403,1,-0.113,-2.57,-2.58,-0.214,-0.215,-0.17,-0.245,94,68.58
"2024-09-23 03:30:00",6935,12.42,403,1,-0.116,-2.64,-2.62,-0.22,-0.219,-0.176,-0.245,92.4,71.42
"2024-09-23 04:00:00",6936,12.42,403,1,-0.115,-2.61,-2.61,-0.218,-0.217,-0.176,-0.242,92.4,68.7
"2024-09-23 04:30:00",6937,12.42,403,1,-0.12,-2.78,-2.65,-0.232,-0.221,-0.187,-0.251,94.2,67.03
"2024-09-23 05:00:00",6938,12.42,403,1,-0.119,-2.71,-2.72,-0.226,-0.227,-0.185,-0.252,91.8,68.58
"2024-09-23 05:30:00",6939,12.41,403,1,-0.12,-2.74,-2.72,-0.228,-0.227,-0.183,-0.251,94.8,68.15
"2024-09-23 06:00:00",6940,12.41,403,1,-0.118,-2.69,-2.69,-0.225,-0.225,-0.185,-0.25,92.6,68.34
"2024-09-23 06:30:00",6941,12.41,403,1,-0.118,-2.67,-2.72,-0.222,-0.227,-0.183,-0.251,90.1,68.33
"2024-09-23 07:00:00",6942,12.41,403,1,-0.116,-2.58,-2.74,-0.215,-0.228,-0.167,-0.253,96.9,68.45
"2024-09-23 07:30:00",6943,12.41,403,1,-0.111,-2.5,-2.54,-0.208,-0.211,-0.148,-0.236,96.5,68.83
"2024-09-23 08:00:00",6944,12.41,403,1,-0.085,-1.97,-1.88,-0.164,-0.158,-0.104,-0.187,101.3,71.43
"2024-09-23 08:30:00",6945,12.4,403,1,-0.051,-1.35,-0.9,-0.113,-0.077,-0.041,-0.11,101.7,76.96
"2024-09-23 09:00:00",6946,12.41,403,1,0.006,-0.23,0.67,-0.021,0.055,0.055,0.007,101.1,80.3
"2024-09-23 09:30:00",6947,12.41,403,1,0.039,0.39,1.6,0.032,0.132,0.092,0.085,94.2,82.8
"2024-09-23 10:00:00",6948,12.41,403,1,0.056,0.74,2.03,0.061,0.168,0.267,0.147,109.8,91.7
"2024-09-23 10:30:00",6949,12.42,403,1,0.114,2.24,3.11,0.185,0.257,0.259,0.193,93.9,85
"2024-09-23 11:00:00",6950,12.42,403,1,0.127,2.49,3.46,0.206,0.286,0.315,0.215,106.4,84.6
"2024-09-23 11:30:00",6951,12.42,403,1,0.135,2.38,4.02,0.197,0.332,0.271,0.264,95.1,85.3
"2024-09-23 12:00:00",6952,12.42,403,1,0.172,3.42,4.58,0.282,0.378,0.403,0.29,108,84.3
"2024-09-23 12:30:00",6953,12.43,403,1,0.175,3.59,4.51,0.296,0.372,0.343,0.26,87.5,80.1
"2024-09-23 13:00:00",6954,12.43,403,1,0.138,2.63,3.84,0.218,0.317,0.292,0.229,96.9,82.6
"2024-09-23 13:30:00",6955,12.43,403,1,0.112,2.05,3.24,0.169,0.268,0.251,0.187,97.1,82
"2024-09-23 14:00:00",6956,12.43,403,1,0.068,1.13,2.13,0.094,0.176,0.181,0.108,101,82.7
"2024-09-23 14:30:00",6957,12.43,403,1,0.052,0.73,1.79,0.06,0.148,0.141,0.081,98.1,80.8
"2024-09-23 15:00:00",6958,12.43,403,1,0.046,0.69,1.53,0.057,0.126,0.139,0.064,99,82
"2024-09-23 15:30:00",6959,12.43,403,1,0.013,-0.03,0.77,-0.004,0.064,0.067,0.004,96.6,78.86
"2024-09-23 16:00:00",6960,12.42,403,1,-0.038,-1.11,-0.56,-0.093,-0.048,-0.023,-0.094,94.5,74.96
"2024-09-23 16:30:00",6961,12.42,403,1,-0.058,-1.5,-1.05,-0.126,-0.09,-0.06,-0.127,101.1,74.89
"2024-09-23 17:00:00",6962,12.41,403,1,-0.036,-1.07,-0.47,-0.09,-0.041,-0.015,-0.083,97.9,75.7
"2024-09-23 17:30:00",6963,12.42,403,1,-0.03,-0.94,-0.34,-0.08,-0.03,-0.02,-0.084,95.3,74.58
"2024-09-23 18:00:00",6964,12.42,403,1,-0.05,-1.32,-0.89,-0.111,-0.076,-0.055,-0.121,92.1,73.27
"2024-09-23 18:30:00",6965,12.41,403,1,-0.072,-1.77,-1.45,-0.148,-0.121,-0.097,-0.162,91.5,71.77
"2024-09-23 19:00:00",6966,12.41,403,1,-0.089,-2.16,-1.85,-0.18,-0.155,-0.125,-0.193,94.1,71.1
"2024-09-23 19:30:00",6967,12.41,403,1,-0.099,-2.26,-2.26,-0.188,-0.189,-0.141,-0.221,92.3,70.35
"2024-09-23 20:00:00",6968,12.4,403,1,-0.111,-2.64,-2.4,-0.219,-0.2,-0.171,-0.23,92.7,69.98
"2024-09-23 20:30:00",6969,12.4,403,1,-0.113,-2.64,-2.46,-0.22,-0.205,-0.179,-0.238,90.4,68.86
"2024-09-23 21:00:00",6970,12.4,403,1,-0.113,-2.64,-2.46,-0.219,-0.205,-0.179,-0.237,90.1,70.33
"2024-09-23 21:30:00",6971,12.39,403,1,-0.116,-2.75,-2.51,-0.229,-0.21,-0.183,-0.239,90.8,68.61
"2024-09-23 22:00:00",6972,12.39,403,1,-0.116,-2.69,-2.54,-0.225,-0.212,-0.184,-0.241,93.5,68.54
"2024-09-23 22:30:00",6973,12.39,403,1,-0.114,-2.65,-2.53,-0.221,-0.211,-0.177,-0.24,93.1,69.66
"2024-09-23 23:00:00",6974,12.39,403,1,-0.116,-2.68,-2.58,-0.223,-0.215,-0.179,-0.24,95.6,70.34
"2024-09-23 23:30:00",6975,12.39,403,1,-0.115,-2.67,-2.57,-0.222,-0.214,-0.174,-0.24,93.6,68.92
"2024-09-24 00:00:00",6976,12.39,403,1,-0.112,-2.57,-2.53,-0.214,-0.211,-0.166,-0.236,93.3,69.04
"2024-09-24 00:30:00",6977,12.38,403,1,-0.115,-2.62,-2.58,-0.219,-0.215,-0.174,-0.244,91.3,69.28
"2024-09-24 01:00:00",6978,12.38,403,1,-0.116,-2.69,-2.58,-0.225,-0.215,-0.18,-0.24,93.9,66.99
"2024-09-24 01:30:00",6979,12.38,403,1,-0.118,-2.75,-2.58,-0.23,-0.215,-0.184,-0.24,93.4,67.43
"2024-09-24 02:00:00",6980,12.38,403,1,-0.117,-2.69,-2.6,-0.224,-0.216,-0.183,-0.242,91.4,67.93
"2024-09-24 02:30:00",6981,12.38,403,1,-0.119,-2.78,-2.61,-0.232,-0.217,-0.187,-0.242,92.3,69.78
"2024-09-24 03:00:00",6982,12.38,403,1,-0.117,-2.72,-2.6,-0.227,-0.216,-0.186,-0.242,93.1,69.85
"2024-09-24 03:30:00",6983,12.37,403,1,-0.118,-2.71,-2.65,-0.226,-0.221,-0.181,-0.242,93.4,67.25
"2024-09-24 04:00:00",6984,12.38,403,1,-0.119,-2.74,-2.65,-0.228,-0.221,-0.187,-0.246,93.9,68.43
"2024-09-24 04:30:00",6985,12.37,403,1,-0.118,-2.71,-2.65,-0.226,-0.221,-0.185,-0.247,92.3,70.59
"2024-09-24 05:00:00",6986,12.37,403,1,-0.121,-2.79,-2.69,-0.232,-0.224,-0.192,-0.253,93.3,68.8
"2024-09-24 05:30:00",6987,12.37,403,1,-0.119,-2.76,-2.62,-0.231,-0.219,-0.19,-0.244,92.9,68.91
"2024-09-24 06:00:00",6988,12.37,403,1,-0.12,-2.75,-2.68,-0.229,-0.223,-0.184,-0.248,92.5,68.98
"2024-09-24 06:30:00",6989,12.37,403,1,-0.122,-2.82,-2.69,-0.234,-0.225,-0.193,-0.251,91.6,68.86
"2024-09-24 07:00:00",6990,12.36,403,1,-0.12,-2.75,-2.72,-0.23,-0.227,-0.184,-0.252,94.7,69.03
"2024-09-24 07:30:00",6991,12.36,403,1,-0.115,-2.64,-2.58,-0.219,-0.215,-0.174,-0.241,94.4,69.91
"2024-09-24 08:00:00",6992,12.36,403,1,-0.105,-2.46,-2.29,-0.205,-0.191,-0.154,-0.217,97.5,70.29
"2024-09-24 08:30:00",6993,12.36,403,1,-0.103,-2.44,-2.23,-0.204,-0.187,-0.151,-0.212,92.8,71.27
"2024-09-24 09:00:00",6994,12.36,403,1,-0.091,-2.13,-1.98,-0.179,-0.166,-0.123,-0.195,94.8,73.08
"2024-09-24 09:30:00",6995,12.36,403,1,-0.082,-2.01,-1.7,-0.167,-0.143,-0.113,-0.172,95.4,74.38
"2024-09-24 10:00:00",6996,12.36,403,1,-0.067,-1.73,-1.28,-0.144,-0.107,-0.08,-0.137,97.8,74.08
"2024-09-24 10:30:00",6997,12.36,403,1,-0.023,-0.8,-0.16,-0.069,-0.015,0.014,-0.049,103.6,80.4
"2024-09-24 11:00:00",6998,12.36,403,1,0.025,-0.02,1.37,-0.004,0.113,0.061,0.088,97,87.9
"2024-09-24 11:30:00",6999,12.36,403,1,0.1,1.79,2.93,0.148,0.241,0.209,0.185,89.9,86
"2024-09-24 12:00:00",7000,12.37,403,1,0.073,1.25,2.21,0.102,0.182,0.187,0.125,97.9,83.8
"2024-09-24 12:30:00",7001,12.36,403,1,0.054,0.8,1.85,0.066,0.153,0.154,0.097,99.3,81.5
"2024-09-24 13:00:00",7002,12.37,403,1,0.072,1.19,2.27,0.099,0.188,0.2,0.134,106.9,82.2
"2024-09-24 13:30:00",7003,12.37,403,1,0.072,1.13,2.31,0.094,0.191,0.169,0.125,95.4,82.8
"2024-09-24 14:00:00",7004,12.37,403,1,0.052,0.78,1.72,0.064,0.143,0.153,0.084,99.2,81.4
"2024-09-24 14:30:00",7005,12.37,403,1,0.018,0.1,0.85,0.008,0.071,0.085,0.014,97.5,80.2
"2024-09-24 15:00:00",7006,12.36,403,1,0,-0.27,0.32,-0.025,0.026,0.051,-0.025,98.8,78.99
"2024-09-24 15:30:00",7007,12.37,403,1,0.011,0,0.63,0,0.052,0.075,0.007,99.1,81.8
"2024-09-24 16:00:00",7008,12.36,403,1,0.025,0.21,1.09,0.017,0.09,0.093,0.029,97.5,77.44
"2024-09-24 16:30:00",7009,12.36,403,1,0.027,0.24,1.12,0.02,0.093,0.088,0.035,96.7,80.4
"2024-09-24 17:00:00",7010,12.36,403,1,-0.002,-0.28,0.27,-0.025,0.023,0.044,-0.025,98.3,76.32
"2024-09-24 17:30:00",7011,12.36,403,1,-0.036,-1.08,-0.48,-0.092,-0.042,-0.032,-0.084,97.1,75.88
"2024-09-24 18:00:00",7012,12.36,403,1,-0.051,-1.35,-0.89,-0.114,-0.075,-0.05,-0.117,97.1,75.07
"2024-09-24 18:30:00",7013,12.35,403,1,-0.076,-1.85,-1.54,-0.155,-0.129,-0.105,-0.167,95,72.72
"2024-09-24 19:00:00",7014,12.35,403,1,-0.096,-2.27,-2.06,-0.19,-0.173,-0.142,-0.202,93.5,70.49
"2024-09-24 19:30:00",7015,12.35,403,1,-0.106,-2.46,-2.34,-0.204,-0.196,-0.16,-0.225,92.5,69.3
"2024-09-24 20:00:00",7016,12.35,403,1,-0.11,-2.57,-2.41,-0.214,-0.202,-0.165,-0.231,92.2,68.18
"2024-09-24 20:30:00",7017,12.34,403,1,-0.116,-2.71,-2.55,-0.226,-0.213,-0.18,-0.238,94.3,67.82
"2024-09-24 21:00:00",7018,12.34,403,1,-0.116,-2.71,-2.53,-0.226,-0.21,-0.185,-0.236,91.1,68.37
"2024-09-24 21:30:00",7019,12.34,403,1,-0.116,-2.67,-2.61,-0.222,-0.217,-0.177,-0.243,92.3,69.8
"2024-09-24 22:00:00",7020,12.34,403,1,-0.118,-2.72,-2.62,-0.227,-0.219,-0.182,-0.248,94.6,68.92
"2024-09-24 22:30:00",7021,12.34,403,1,-0.118,-2.72,-2.64,-0.227,-0.22,-0.19,-0.245,92,70.05
"2024-09-24 23:00:00",7022,12.33,403,1,-0.118,-2.72,-2.65,-0.227,-0.221,-0.182,-0.247,92.3,68.06
"2024-09-24 23:30:00",7023,12.34,403,1,-0.118,-2.71,-2.67,-0.226,-0.222,-0.185,-0.248,94.3,69.37
"2024-09-25 00:00:00",7024,12.33,403,1,-0.118,-2.69,-2.65,-0.224,-0.221,-0.192,-0.251,86.5,69.23
"2024-09-25 00:30:00",7025,12.33,403,1,-0.119,-2.72,-2.68,-0.227,-0.223,-0.182,-0.249,91.7,68.68
"2024-09-25 01:00:00",7026,12.33,403,1,-0.12,-2.75,-2.69,-0.229,-0.225,-0.187,-0.247,92.1,69.85
"2024-09-25 01:30:00",7027,12.33,403,1,-0.121,-2.79,-2.68,-0.232,-0.223,-0.183,-0.245,95.7,67.75
"2024-09-25 02:00:00",7028,12.33,403,1,-0.124,-2.85,-2.76,-0.237,-0.23,-0.196,-0.252,92.5,68.56
"2024-09-25 02:30:00",7029,12.33,403,1,-0.12,-2.75,-2.69,-0.23,-0.225,-0.184,-0.251,96.2,67.26
"2024-09-25 03:00:00",7030,12.32,403,1,-0.12,-2.74,-2.74,-0.228,-0.228,-0.182,-0.254,94.6,70.11
"2024-09-25 03:30:00",7031,12.32,403,1,-0.121,-2.78,-2.69,-0.232,-0.224,-0.195,-0.25,89.5,68.74
"2024-09-25 04:00:00",7032,12.32,403,1,-0.121,-2.78,-2.69,-0.232,-0.224,-0.186,-0.25,94,69.74
"2024-09-25 04:30:00",7033,12.32,403,1,-0.123,-2.81,-2.76,-0.234,-0.231,-0.189,-0.252,92,68.8
"2024-09-25 05:00:00",7034,12.32,403,1,-0.126,-2.92,-2.79,-0.243,-0.233,-0.204,-0.251,93.6,69.61
"2024-09-25 05:30:00",7035,12.32,403,1,-0.123,-2.83,-2.74,-0.236,-0.228,-0.195,-0.25,92.9,70.67
"2024-09-25 06:00:00",7036,12.32,403,1,-0.124,-2.88,-2.74,-0.24,-0.228,-0.197,-0.254,92.2,69
"2024-09-25 06:30:00",7037,12.32,403,1,-0.124,-2.85,-2.79,-0.237,-0.233,-0.195,-0.254,93.4,69.67
"2024-09-25 07:00:00",7038,12.32,403,1,-0.124,-2.88,-2.76,-0.24,-0.231,-0.198,-0.253,92.8,68.82
"2024-09-25 07:30:00",7039,12.32,403,1,-0.121,-2.75,-2.76,-0.23,-0.231,-0.188,-0.249,92.5,69.99
"2024-09-25 08:00:00",7040,12.31,403,1,-0.118,-2.69,-2.67,-0.224,-0.222,-0.183,-0.248,95.2,70.43
"2024-09-25 08:30:00",7041,12.31,403,1,-0.112,-2.58,-2.5,-0.216,-0.208,-0.175,-0.231,94,70.31
"2024-09-25 09:00:00",7042,12.31,403,1,-0.103,-2.43,-2.25,-0.202,-0.187,-0.154,-0.213,95.9,69.69
"2024-09-25 09:30:00",7043,12.31,403,1,-0.088,-2.06,-1.92,-0.173,-0.161,-0.119,-0.191,99.2,72.98
"2024-09-25 10:00:00",7044,12.32,403,1,-0.072,-1.77,-1.45,-0.148,-0.122,-0.081,-0.144,103.3,74.16
"2024-09-25 10:30:00",7045,12.31,403,1,-0.041,-1.1,-0.7,-0.092,-0.06,-0.019,-0.094,103,77.27
"2024-09-25 11:00:00",7046,12.31,403,1,-0.012,-0.56,0.13,-0.048,0.011,0.023,-0.025,99.6,81.3
"2024-09-25 11:30:00",7047,12.31,403,1,-0.003,-0.37,0.32,-0.033,0.026,0.046,-0.018,102.1,77.58
"2024-09-25 12:00:00",7048,12.32,403,1,0.005,-0.17,0.53,-0.016,0.044,0.058,0.004,96.9,81.6
"2024-09-25 12:30:00",7049,12.32,403,1,0.033,0.42,1.23,0.035,0.102,0.12,0.063,104.7,83
"2024-09-25 13:00:00",7050,12.32,403,1,0.033,0.36,1.29,0.031,0.107,0.122,0.063,104.6,82.8
"2024-09-25 13:30:00",7051,12.32,403,1,0.011,-0.03,0.69,-0.004,0.057,0.067,0.004,99,78.2
"2024-09-25 14:00:00",7052,12.32,403,1,-0.093,-2.16,-2.05,-0.181,-0.172,-0.133,-0.201,91.4,72.61
"2024-09-25 14:30:00",7053,12.32,403,1,-0.112,-2.62,-2.47,-0.218,-0.206,-0.173,-0.236,91.6,69.82
"2024-09-25 15:00:00",7054,12.31,403,1,-0.117,-2.69,-2.64,-0.224,-0.22,-0.187,-0.242,94.2,69.94
"2024-09-25 15:30:00",7055,12.31,403,1,-0.117,-2.69,-2.61,-0.224,-0.217,-0.188,-0.239,90.7,71.44
"2024-09-25 16:00:00",7056,12.31,403,1,-0.105,-2.46,-2.27,-0.205,-0.189,-0.164,-0.212,93.1,71.38
"2024-09-25 16:30:00",7057,12.31,403,1,-0.077,-1.9,-1.59,-0.158,-0.133,-0.107,-0.163,93.8,73.3
"2024-09-25 17:00:00",7058,12.31,403,1,-0.057,-1.49,-1.04,-0.125,-0.088,-0.068,-0.123,95.1,73.3
"2024-09-25 17:30:00",7059,12.31,403,1,-0.062,-1.67,-1.08,-0.14,-0.092,-0.081,-0.131,93.6,74.85
"2024-09-25 18:00:00",7060,12.31,403,1,-0.078,-1.92,-1.6,-0.161,-0.135,-0.11,-0.169,91.6,73.36
