"TOA5","CR300Series_410","CR300","5798","CR300.Std.11.00","CPU:CR300_sapflow.CR300","32345","Table1"
"TIMESTAMP","RECORD","BattV_Min","id","SDI0","SapFlwTot0","VhOuter0","VhInner0","AlphaOut0","AlphaIn0","BetaOut0","BetaIn0","tMaxTout0","tMaxTin0"
"TS","RN","Volts","","","literPerHour","heatVelocity","heatVelocity","logTRatio","logTRatio","logTRatio","logTRatio","second","second"
"","","Min","Smp","Smp","Smp","Smp","Smp","Smp","Smp","Smp","Smp","Smp","Smp"
"2024-09-12 18:30:00",4090,13.22,410,0,0.285,1.36,7.25,0.12,0.642,0.085,0.5,61.96,51.68
"2024-09-12 19:00:00",4091,13.11,410,0,0.154,0.3,4.49,0.026,0.398,0,0.298,62.02,52.31
"2024-09-12 19:30:00",4092,13.09,410,0,0.054,-0.5,2.37,-0.045,0.21,-0.064,0.139,60.09,50.63
"2024-09-12 20:00:00",4093,13.09,410,0,0,-0.93,1.25,-0.083,0.11,-0.099,0.049,60.91,50.78
"2024-09-12 20:30:00",4094,13.08,410,0,-0.031,-1.21,0.6,-0.108,0.053,-0.118,0.006,60.03,49.48
"2024-09-12 21:00:00",4095,13.08,410,0,-0.049,-1.36,0.21,-0.121,0.019,-0.131,-0.029,60.63,49.07
"2024-09-12 21:30:00",4096,13.07,410,0,-0.059,-1.46,0.04,-0.13,0.003,-0.14,-0.037,59.8,49.92
"2024-09-12 22:00:00",4097,13.06,410,0,-0.064,-1.46,-0.13,-0.13,-0.012,-0.14,-0.055,61.06,50.34
"2024-09-12 22:30:00",4098,13.06,410,0,-0.073,-1.56,-0.27,-0.139,-0.025,-0.146,-0.066,61.72,50.16
"2024-09-12 23:00:00",4099,13.06,410,0,-0.076,-1.57,-0.37,-0.14,-0.034,-0.149,-0.069,60.56,50
"2024-09-12 23:30:00",4100,13.06,410,0,-0.076,-1.56,-0.37,-0.139,-0.034,-0.148,-0.072,61.45,49.64
"2024-09-13 00:00:00",4101,13.05,410,0,-0.079,-1.57,-0.44,-0.14,-0.04,-0.149,-0.078,60.89,50.75
"2024-09-13 00:30:00",4102,13.05,410,0,-0.086,-1.64,-0.58,-0.146,-0.052,-0.155,-0.086,60.47,50.33
"2024-09-13 01:00:00",4103,13.05,410,0,-0.086,-1.66,-0.55,-0.148,-0.049,-0.157,-0.086,61.24,49.57
"2024-09-13 01:30:00",4104,13.05,410,0,-0.085,-1.63,-0.58,-0.145,-0.053,-0.16,-0.089,61.35,50.37
"2024-09-13 02:00:00",4105,13.05,410,0,-0.089,-1.68,-0.62,-0.149,-0.056,-0.156,-0.092,60.86,50.98
"2024-09-13 02:30:00",4106,13.05,410,0,-0.089,-1.65,-0.65,-0.147,-0.059,-0.156,-0.092,61.48,51.34
"2024-09-13 03:00:00",4107,13.05,410,0,-0.089,-1.65,-0.65,-0.147,-0.059,-0.156,-0.094,61.16,49.76
"2024-09-13 03:30:00",4108,13.05,410,0,-0.086,-1.6,-0.65,-0.142,-0.059,-0.152,-0.092,60.58,49.6
"2024-09-13 04:00:00",4109,13.05,410,0,-0.089,-1.65,-0.65,-0.147,-0.059,-0.156,-0.095,61.32,50.6
"2024-09-13 04:30:00",4110,13.05,410,0,-0.092,-1.71,-0.69,-0.152,-0.062,-0.159,-0.101,62.05,49.81
"2024-09-13 05:00:00",4111,13.05,410,0,-0.09,-1.65,-0.69,-0.147,-0.062,-0.156,-0.092,61.42,51.28
"2024-09-13 05:30:00",4112,13.05,410,0,-0.092,-1.68,-0.72,-0.149,-0.065,-0.156,-0.098,61.32,49.09
"2024-09-13 06:00:00",4113,13.05,410,0,-0.092,-1.66,-0.76,-0.148,-0.068,-0.157,-0.101,61.23,50.66
"2024-09-13 06:30:00",4114,13.04,410,0,-0.089,-1.62,-0.72,-0.144,-0.065,-0.154,-0.101,60.78,50.22
"2024-09-13 07:00:00",4115,13.04,410,0,-0.09,-1.61,-0.75,-0.144,-0.068,-0.156,-0.1,60.44,49.46
"2024-09-13 07:30:00",4116,13.05,410,0,-0.092,-1.63,-0.79,-0.145,-0.07,-0.155,-0.103,62.99,49.08
"2024-09-13 08:00:00",4117,13.04,410,0,-0.088,-1.59,-0.71,-0.142,-0.064,-0.151,-0.094,63.64,49.73
"2024-09-13 08:30:00",4118,13.05,410,0,-0.08,-1.55,-0.5,-0.139,-0.045,-0.149,-0.082,61.55,50.73
"2024-09-13 09:00:00",4119,13.05,410,0,-0.056,-1.35,-0.02,-0.12,-0.003,-0.128,-0.042,62.21,51.24
"2024-09-13 09:30:00",4120,13.05,410,0,0.029,-0.69,1.84,-0.062,0.163,-0.078,0.107,63.29,52.73
"2024-09-13 10:00:00",4121,13.06,410,0,0.175,0.47,4.96,0.042,0.439,0.024,0.346,65.85,54.46
"2024-09-13 10:30:00",4122,13.06,410,0,0.27,1.19,7.02,0.105,0.622,0.082,0.512,66.11,53.19
"2024-09-13 11:00:00",4123,13.06,410,0,0.418,2.32,10.22,0.205,0.904,0.181,0.759,67.04,52.88
"2024-09-13 11:30:00",4124,13.07,410,0,0.429,2.55,10.25,0.225,0.907,0.194,0.752,65.36,53.29
"2024-09-13 12:00:00",4125,13.08,410,0,0.526,3.75,11.75,0.332,1.209,0.298,1.027,66.02,50.18
"2024-09-13 12:30:00",4126,13.09,410,0,0.624,3.9,14.67,0.345,1.294,0.317,1.097,64.57,48.75
"2024-09-13 13:00:00",4127,13.1,410,0,0.532,4.23,11.31,0.375,1.223,0.329,1.01,64.31,50.41
"2024-09-13 13:30:00",4128,13.1,410,0,0.545,3.09,13.24,0.274,1.172,0.246,0.999,63.99,50.93
"2024-09-13 14:00:00",4129,13.1,410,0,0.643,5.36,13.32,0.474,1.179,-99,0.959,-99,50.95
"2024-09-13 14:30:00",4130,13.1,410,0,0.579,4.12,12.94,0.365,1.293,0.314,1.053,61.7,49.62
"2024-09-13 15:00:00",4131,13.11,410,0,0.636,4.51,14.24,0.399,1.336,0.332,1.082,60.21,48.98
"2024-09-13 15:30:00",4132,13.11,410,0,0.604,3.75,14.24,0.332,1.261,0.269,0.966,61.3,49.35
"2024-09-13 16:00:00",4133,13.11,410,0,0.5,3.11,11.77,0.275,1.042,0.223,0.824,63.54,50.07
"2024-09-13 16:30:00",4134,13.1,410,0,0.421,2.48,10.09,0.219,0.893,0.176,0.719,63.63,51.99
"2024-09-13 17:00:00",4135,13.1,410,0,0.385,2.13,9.42,0.189,0.834,0.154,0.667,63.53,51.47
"2024-09-13 17:30:00",4136,13.1,410,0,0.342,1.83,8.44,0.162,0.747,0.127,0.599,64.02,52.63
"2024-09-13 18:00:00",4137,13.09,410,0,0.289,1.26,7.53,0.111,0.666,0.081,0.534,63.11,51.73
"2024-09-13 18:30:00",4138,13.09,410,0,0.237,0.91,6.32,0.081,0.56,0.051,0.441,62.35,51.95
"2024-09-13 19:00:00",4139,13.09,410,0,0.11,-0.08,3.62,-0.008,0.32,-0.031,0.23,61.04,51.32
"2024-09-13 19:30:00",4140,13.08,410,0,0.017,-0.82,1.64,-0.074,0.145,-0.092,0.078,59.66,50.52
"2024-09-13 20:00:00",4141,13.08,410,0,-0.023,-1.17,0.78,-0.105,0.069,-0.117,0.017,60.31,49.75
"2024-09-13 20:30:00",4142,13.07,410,0,-0.042,-1.31,0.39,-0.117,0.035,-0.129,-0.017,61.08,50.53
"2024-09-13 21:00:00",4143,13.06,410,0,-0.056,-1.41,0.07,-0.126,0.006,-0.136,-0.038,60.32,50.03
"2024-09-13 21:30:00",4144,13.05,410,0,-0.062,-1.46,-0.06,-0.13,-0.006,-0.145,-0.046,61.3,50.75
"2024-09-13 22:00:00",4145,13.05,410,0,-0.068,-1.5,-0.2,-0.133,-0.019,-0.141,-0.061,61.29,50.48
"2024-09-13 22:30:00",4146,13.05,410,0,-0.074,-1.55,-0.31,-0.138,-0.028,-0.15,-0.063,61.32,49.66
"2024-09-13 23:00:00",4147,13.04,410,0,-0.079,-1.61,-0.41,-0.144,-0.037,-0.153,-0.075,61.31,49.07
"2024-09-13 23:30:00",4148,13.04,410,0,-0.084,-1.63,-0.52,-0.145,-0.047,-0.153,-0.084,61,49.44
"2024-09-14 00:00:00",4149,13.04,410,0,-0.085,-1.66,-0.52,-0.148,-0.047,-0.16,-0.087,60.49,50.76
"2024-09-14 00:30:00",4150,13.04,410,0,-0.088,-1.65,-0.62,-0.147,-0.056,-0.157,-0.086,61.05,49.92
"2024-09-14 01:00:00",4151,13.04,410,0,-0.085,-1.62,-0.58,-0.144,-0.052,-0.151,-0.089,61.73,50.49
"2024-09-14 01:30:00",4152,13.03,410,0,-0.087,-1.61,-0.65,-0.143,-0.058,-0.153,-0.094,62.1,50.3
"2024-09-14 02:00:00",4153,13.03,410,0,-0.087,-1.62,-0.65,-0.144,-0.058,-0.154,-0.094,62.01,50.2
"2024-09-14 02:30:00",4154,13.03,410,0,-0.087,-1.63,-0.62,-0.145,-0.056,-0.155,-0.089,62.04,50.07
"2024-09-14 03:00:00",4155,13.03,410,0,-0.088,-1.63,-0.65,-0.145,-0.059,-0.155,-0.092,61.25,49.86
"2024-09-14 03:30:00",4156,13.03,410,0,-0.088,-1.66,-0.62,-0.148,-0.056,-0.155,-0.092,62.98,50.59
"2024-09-14 04:00:00",4157,13.03,410,0,-0.087,-1.63,-0.62,-0.145,-0.056,-0.157,-0.093,60.32,49.76
"2024-09-14 04:30:00",4158,13.03,410,0,-0.089,-1.64,-0.69,-0.146,-0.062,-0.154,-0.098,62.41,50.02
"2024-09-14 05:00:00",4159,13.03,410,0,-0.087,-1.62,-0.65,-0.144,-0.059,-0.154,-0.098,61.46,51.32
"2024-09-14 05:30:00",4160,13.03,410,0,-0.087,-1.59,-0.69,-0.142,-0.062,-0.151,-0.098,62.01,51.18
"2024-09-14 06:00:00",4161,13.03,410,0,-0.089,-1.63,-0.69,-0.145,-0.062,-0.152,-0.098,61.93,50.53
"2024-09-14 06:30:00",4162,13.03,410,0,-0.09,-1.65,-0.69,-0.147,-0.062,-0.157,-0.094,62,50.45
"2024-09-14 07:00:00",4163,13.03,410,0,-0.091,-1.67,-0.69,-0.149,-0.062,-0.158,-0.095,59.97,50.1
"2024-09-14 07:30:00",4164,13.03,410,0,-0.078,-1.59,-0.41,-0.141,-0.037,-0.154,-0.075,60.4,50.52
"2024-09-14 08:00:00",4165,13.03,410,0,-0.055,-1.34,0,-0.12,0,-0.132,-0.043,62.29,51.31
"2024-09-14 08:30:00",4166,13.03,410,0,-0.018,-1.1,0.86,-0.098,0.076,-0.111,0.028,61.64,51.09
"2024-09-14 09:00:00",4167,13.03,410,0,0.064,-0.42,2.59,-0.038,0.229,-0.054,0.162,63.39,53.25
"2024-09-14 09:30:00",4168,13.03,410,0,0.164,0.39,4.7,0.035,0.416,0.017,0.325,64.37,52.98
"2024-09-14 10:00:00",4169,13.04,410,0,0.259,1.1,6.78,0.097,0.6,0.073,0.491,64.31,52.24
"2024-09-14 10:30:00",4170,13.03,410,0,0.368,2,9.04,0.177,0.8,0.144,0.655,65.66,51.19
"2024-09-14 11:00:00",4171,13.04,410,0,0.464,2.79,11.04,0.247,0.977,0.212,0.798,65.49,52.27
"2024-09-14 11:30:00",4172,13.04,410,0,0.547,3.41,12.86,0.302,1.138,0.271,0.937,66.3,51.3
"2024-09-14 12:00:00",4173,13.05,410,0,0.58,3.81,13.39,0.337,1.185,0.301,0.975,66.07,50.51
"2024-09-14 12:30:00",4174,13.05,410,0,0.618,3.94,14.41,0.349,1.226,0.316,1.021,67.4,48.91
"2024-09-14 13:00:00",4175,13.06,410,0,0.588,4,13.38,0.354,1.184,-99,0.999,-99,50.98
"2024-09-14 13:30:00",4176,13.06,410,0,0.453,3.53,9.71,0.312,1.162,0.249,1.008,66.68,51.11
"2024-09-14 14:00:00",4177,13.07,410,0,0.612,4.59,13.37,0.407,1.269,0.353,1.047,64.31,49.42
"2024-09-14 14:30:00",4178,13.07,410,0,0.617,4.2,14.04,0.372,1.262,0.314,1.007,62.83,49.09
"2024-09-14 15:00:00",4179,13.07,410,0,0.602,3.81,14.09,0.337,1.247,0.265,0.988,59.36,50.48
"2024-09-14 15:30:00",4180,13.07,410,0,0.611,3.59,14.66,0.318,1.297,0.26,0.988,59.63,49.08
"2024-09-14 16:00:00",4181,13.07,410,0,0.584,3.72,13.64,0.329,1.207,0.277,0.94,63.96,50.07
"2024-09-14 16:30:00",4182,13.07,410,0,0.528,3.24,12.48,0.287,1.105,0.239,0.874,62.67,51.13
"2024-09-14 17:00:00",4183,13.07,410,0,0.429,2.44,10.4,0.216,0.92,0.176,0.731,64.62,53.65
"2024-09-14 17:30:00",4184,13.06,410,0,0.388,2.13,9.52,0.189,0.842,0.151,0.675,63.48,52.51
"2024-09-14 18:00:00",4185,13.06,410,0,0.295,1.44,7.47,0.127,0.661,0.087,0.523,62.17,52.29
"2024-09-14 18:30:00",4186,13.06,410,0,0.162,0.33,4.73,0.029,0.418,0.003,0.316,61.29,51.73
"2024-09-14 19:00:00",4187,13.05,410,0,0.046,-0.62,2.3,-0.056,0.203,-0.078,0.134,60.55,51.09
"2024-09-14 19:30:00",4188,13.04,410,0,-0.007,-1.06,1.15,-0.095,0.102,-0.108,0.047,61.38,50.24
"2024-09-14 20:00:00",4189,13.04,410,0,-0.036,-1.26,0.5,-0.112,0.044,-0.127,-0.003,60.57,49.75
"2024-09-14 20:30:00",4190,13.03,410,0,-0.05,-1.37,0.21,-0.122,0.019,-0.135,-0.026,60.31,50.74
"2024-09-14 21:00:00",4191,13.02,410,0,-0.061,-1.49,0,-0.133,0,-0.142,-0.041,60.8,50.08
"2024-09-14 21:30:00",4192,13.02,410,0,-0.069,-1.54,-0.17,-0.137,-0.016,-0.149,-0.055,60.08,50.51
"2024-09-14 22:00:00",4193,13.02,410,0,-0.074,-1.6,-0.24,-0.142,-0.022,-0.152,-0.064,60.35,49.52
"2024-09-14 22:30:00",4194,13.01,410,0,-0.08,-1.64,-0.38,-0.146,-0.034,-0.158,-0.075,61.75,50.09
"2024-09-14 23:00:00",4195,13.01,410,0,-0.082,-1.64,-0.45,-0.146,-0.041,-0.156,-0.078,60.69,49.71
"2024-09-14 23:30:00",4196,13.01,410,0,-0.085,-1.66,-0.52,-0.148,-0.047,-0.158,-0.078,61.5,50.52
"2024-09-15 00:00:00",4197,13,410,0,-0.084,-1.66,-0.48,-0.148,-0.043,-0.158,-0.078,60.72,49.58
"2024-09-15 00:30:00",4198,13,410,0,-0.083,-1.62,-0.52,-0.144,-0.047,-0.154,-0.087,61.43,49.46
"2024-09-15 01:00:00",4199,13,410,0,-0.083,-1.6,-0.55,-0.143,-0.05,-0.155,-0.09,61.86,49.78
"2024-09-15 01:30:00",4200,13,410,0,-0.087,-1.67,-0.59,-0.149,-0.053,-0.158,-0.084,60.82,50.25
"2024-09-15 02:00:00",4201,13,410,0,-0.085,-1.62,-0.59,-0.144,-0.053,-0.154,-0.087,60.85,50.13
"2024-09-15 02:30:00",4202,13,410,0,-0.087,-1.67,-0.56,-0.149,-0.05,-0.158,-0.084,60.63,50.75
"2024-09-15 03:00:00",4203,13,410,0,-0.086,-1.64,-0.59,-0.146,-0.053,-0.156,-0.09,60.7,50.29
"2024-09-15 03:30:00",4204,12.99,410,0,-0.087,-1.65,-0.59,-0.147,-0.053,-0.156,-0.09,60.6,50.72
"2024-09-15 04:00:00",4205,13,410,0,-0.088,-1.65,-0.63,-0.147,-0.056,-0.156,-0.09,60.82,49.25
"2024-09-15 04:30:00",4206,12.99,410,0,-0.088,-1.65,-0.63,-0.147,-0.056,-0.156,-0.093,61,49.6
"2024-09-15 05:00:00",4207,12.99,410,0,-0.086,-1.59,-0.66,-0.142,-0.06,-0.151,-0.093,61.07,49.67
"2024-09-15 05:30:00",4208,12.99,410,0,-0.089,-1.62,-0.7,-0.144,-0.063,-0.151,-0.096,60.4,50.25
"2024-09-15 06:00:00",4209,12.99,410,0,-0.088,-1.64,-0.66,-0.146,-0.059,-0.158,-0.093,60.99,50.85
"2024-09-15 06:30:00",4210,12.99,410,0,-0.089,-1.65,-0.66,-0.147,-0.059,-0.154,-0.093,61.01,50.71
"2024-09-15 07:00:00",4211,12.98,410,0,-0.088,-1.58,-0.73,-0.141,-0.066,-0.153,-0.099,61.46,49.91
"2024-09-15 07:30:00",4212,12.99,410,0,-0.091,-1.63,-0.76,-0.145,-0.068,-0.155,-0.101,61.08,50.67
"2024-09-15 08:00:00",4213,12.99,410,0,-0.087,-1.59,-0.69,-0.141,-0.062,-0.151,-0.095,62.37,51.12
"2024-09-15 08:30:00",4214,12.99,410,0,-0.072,-1.47,-0.37,-0.131,-0.034,-0.141,-0.066,63.03,50.52
"2024-09-15 09:00:00",4215,12.99,410,0,-0.014,-1.03,0.9,-0.092,0.079,-0.106,0.028,62.21,51.07
"2024-09-15 09:30:00",4216,12.99,410,0,0.046,-0.5,2.13,-0.045,0.188,-0.061,0.13,64.84,52.18
"2024-09-15 10:00:00",4217,12.99,410,0,0.181,0.55,5.03,0.049,0.445,0.029,0.358,67.16,53.25
"2024-09-15 10:30:00",4218,13,410,0,0.322,1.67,8.01,0.148,0.709,0.123,0.579,66.38,53.31
"2024-09-15 11:00:00",4219,13,410,0,0.448,2.65,10.73,0.235,0.95,0.206,0.782,67.6,52.03
"2024-09-15 11:30:00",4220,13.01,410,0,0.515,3.26,12.05,0.288,1.066,0.254,0.883,67.16,50.49
"2024-09-15 12:00:00",4221,13.01,410,0,0.583,3.74,13.57,0.331,1.201,0.295,0.988,65.88,50.31
"2024-09-15 12:30:00",4222,13.02,410,0,0.553,3.5,12.94,0.31,1.145,0.288,0.968,69.03,50.96
"2024-09-15 13:00:00",4223,13.02,410,0,0.555,3.66,12.79,0.324,1.132,0.296,0.959,65.33,51.01
"2024-09-15 13:30:00",4224,13.03,410,0,0.528,3.29,12.43,0.291,1.1,-99,0.939,-99,51.9
"2024-09-15 14:00:00",4225,13.03,410,0,0.614,4.42,13.65,0.391,1.208,0.32,0.979,60.42,49.71
"2024-09-15 14:30:00",4226,13.03,410,0,0.587,4.06,13.29,0.359,1.176,0.32,0.98,69.49,50.57
"2024-09-15 15:00:00",4227,13.03,410,0,0.59,3.16,14.56,0.28,1.289,0.206,0.986,55.19,50.07
"2024-09-15 15:30:00",4228,13.04,410,0,0.561,3.56,13.11,0.315,1.161,0.246,0.883,59.92,48.95
"2024-09-15 16:00:00",4229,13.03,410,0,0.57,3.6,13.34,0.319,1.181,0.267,0.932,63.81,50.33
"2024-09-15 16:30:00",4230,13.03,410,0,0.521,3.2,12.32,0.283,1.091,0.239,0.865,63.16,52.45
"2024-09-15 17:00:00",4231,13.03,410,0,0.46,2.74,11,0.243,0.973,0.201,0.776,64.9,53.09
"2024-09-15 17:30:00",4232,13.03,410,0,0.429,2.52,10.29,0.223,0.911,0.175,0.731,61.75,52.45
"2024-09-15 18:00:00",4233,13.03,410,0,0.344,1.75,8.62,0.155,0.763,0.12,0.603,63.19,52.37
"2024-09-15 18:30:00",4234,13.02,410,0,0.253,1.1,6.6,0.097,0.584,0.065,0.459,62.28,51.14
"2024-09-15 19:00:00",4235,13.02,410,0,0.121,0.09,3.72,0.008,0.329,-0.016,0.24,60.75,51.86
"2024-09-15 19:30:00",4236,13.01,410,0,0.029,-0.65,1.79,-0.059,0.158,-0.076,0.094,61.06,50.23
"2024-09-15 20:00:00",4237,13,410,0,-0.015,-1.06,0.9,-0.095,0.08,-0.113,0.023,59.63,49.74
"2024-09-15 20:30:00",4238,13,410,0,-0.034,-1.21,0.51,-0.108,0.045,-0.126,-0.006,59.72,49.57
"2024-09-15 21:00:00",4239,12.99,410,0,-0.046,-1.32,0.25,-0.118,0.022,-0.13,-0.026,60.36,49.95
"2024-09-15 21:30:00",4240,12.98,410,0,-0.055,-1.41,0.11,-0.125,0.01,-0.136,-0.032,60.67,49.68
"2024-09-15 22:00:00",4241,12.98,410,0,-0.058,-1.43,0.04,-0.128,0.003,-0.138,-0.044,60.43,50.02
"2024-09-15 22:30:00",4242,12.97,410,0,-0.062,-1.43,-0.1,-0.128,-0.01,-0.14,-0.05,61.32,50.75
"2024-09-15 23:00:00",4243,12.97,410,0,-0.068,-1.52,-0.17,-0.136,-0.016,-0.148,-0.059,60.62,49.22
"2024-09-15 23:30:00",4244,12.97,410,0,-0.067,-1.47,-0.21,-0.131,-0.019,-0.14,-0.062,60.18,48.77
"2024-09-16 00:00:00",4245,12.96,410,0,-0.069,-1.49,-0.24,-0.133,-0.022,-0.143,-0.065,59.72,49.41
"2024-09-16 00:30:00",4246,12.96,410,0,-0.076,-1.58,-0.35,-0.141,-0.032,-0.145,-0.073,61.01,50.44
"2024-09-16 01:00:00",4247,12.95,410,0,-0.079,-1.57,-0.46,-0.14,-0.041,-0.152,-0.076,60.76,49.77
"2024-09-16 01:30:00",4248,12.95,410,0,-0.078,-1.57,-0.42,-0.14,-0.038,-0.15,-0.076,61.01,50.44
"2024-09-16 02:00:00",4249,12.95,410,0,-0.081,-1.63,-0.45,-0.145,-0.041,-0.155,-0.079,61.03,50.19
"2024-09-16 02:30:00",4250,12.95,410,0,-0.08,-1.55,-0.52,-0.138,-0.047,-0.151,-0.082,61.51,49.85
"2024-09-16 03:00:00",4251,12.95,410,0,-0.081,-1.57,-0.53,-0.14,-0.047,-0.153,-0.085,62,50.17
"2024-09-16 03:30:00",4252,12.95,410,0,-0.084,-1.6,-0.56,-0.143,-0.051,-0.153,-0.088,61.8,49.81
"2024-09-16 04:00:00",4253,12.95,410,0,-0.083,-1.59,-0.56,-0.142,-0.051,-0.149,-0.088,62.25,49.75
"2024-09-16 04:30:00",4254,12.95,410,0,-0.079,-1.51,-0.52,-0.134,-0.047,-0.144,-0.082,61.26,50.69
"2024-09-16 05:00:00",4255,12.95,410,0,-0.081,-1.51,-0.59,-0.134,-0.053,-0.147,-0.088,60.23,49.81
"2024-09-16 05:30:00",4256,12.94,410,0,-0.081,-1.54,-0.56,-0.137,-0.05,-0.147,-0.091,61.85,50.44
"2024-09-16 06:00:00",4257,12.94,410,0,-0.082,-1.53,-0.59,-0.136,-0.053,-0.146,-0.091,60.96,49.81
"2024-09-16 06:30:00",4258,12.94,410,0,-0.083,-1.53,-0.63,-0.136,-0.056,-0.144,-0.093,61.75,49.5
"2024-09-16 07:00:00",4259,12.94,410,0,-0.081,-1.52,-0.59,-0.136,-0.053,-0.146,-0.088,61.22,48.97
"2024-09-16 07:30:00",4260,12.94,410,0,-0.074,-1.46,-0.45,-0.13,-0.041,-0.138,-0.079,63.36,50.69
"2024-09-16 08:00:00",4261,12.95,410,0,-0.046,-1.27,0.21,-0.113,0.019,-0.124,-0.023,62.69,51.28
"2024-09-16 08:30:00",4262,12.94,410,0,-0.004,-0.93,1.08,-0.083,0.095,-0.097,0.046,62.69,52.95
"2024-09-16 09:00:00",4263,12.95,410,0,0.058,-0.41,2.39,-0.037,0.211,-0.052,0.149,64.16,52.33
"2024-09-16 09:30:00",4264,12.95,410,0,0.157,0.34,4.55,0.03,0.403,0.01,0.317,65.17,53.19
"2024-09-16 10:00:00",4265,12.95,410,0,0.217,0.83,5.8,0.073,0.513,0.051,0.417,65.72,53.49
"2024-09-16 10:30:00",4266,12.96,410,0,0.276,1.31,7.04,0.116,0.623,0.095,0.514,67.2,54.81
"2024-09-16 11:00:00",4267,12.96,410,0,0.477,2.89,11.33,0.256,1.003,0.228,0.839,66.44,52.28
"2024-09-16 11:30:00",4268,12.97,410,0,0.497,2.98,11.84,0.264,1.048,0.231,0.874,64.4,52.43
"2024-09-16 12:00:00",4269,12.97,410,0,0.429,2.67,10.1,0.236,0.894,0.205,0.743,67.72,53.4
"2024-09-16 12:30:00",4270,12.98,410,0,0.334,1.85,8.16,0.163,0.722,0.126,0.591,64.08,52.69
"2024-09-16 13:00:00",4271,12.98,410,0,0.249,1.13,6.43,0.1,0.569,0.082,0.463,66.81,53.18
"2024-09-16 13:30:00",4272,12.98,410,0,0.308,1.46,7.86,0.13,0.695,0.1,0.577,62.07,54.44
"2024-09-16 14:00:00",4273,12.98,410,0,0.219,0.93,5.74,0.083,0.508,0.055,0.401,63.84,53.03
"2024-09-16 14:30:00",4274,12.98,410,0,0.257,1.15,6.64,0.102,0.588,0.082,0.483,67.48,55.51
"2024-09-16 15:00:00",4275,12.98,410,0,0.291,1.6,7.13,0.142,0.631,0.109,0.513,66.71,54.9
"2024-09-16 15:30:00",4276,12.98,410,0,0.296,1.52,7.4,0.135,0.655,0.1,0.531,63.58,53.18
"2024-09-16 16:00:00",4277,12.98,410,0,0.265,1.24,6.78,0.11,0.6,0.083,0.487,66.13,54.33
"2024-09-16 16:30:00",4278,12.98,410,0,0.246,1.03,6.46,0.091,0.572,0.064,0.459,62.89,52.49
"2024-09-16 17:00:00",4279,12.98,410,0,0.173,0.47,4.87,0.041,0.431,0.018,0.337,64.16,53.6
"2024-09-16 17:30:00",4280,12.98,410,0,0.122,0.03,3.84,0.003,0.34,-0.018,0.255,63.79,51.56
"2024-09-16 18:00:00",4281,12.98,410,0,0.079,-0.34,2.96,-0.031,0.262,-0.048,0.19,62.15,53.1
"2024-09-16 18:30:00",4282,12.97,410,0,0.018,-0.79,1.63,-0.07,0.144,-0.087,0.087,60.78,51.89
"2024-09-16 19:00:00",4283,12.97,410,0,-0.015,-1.08,0.92,-0.096,0.082,-0.109,0.029,62.57,50.07
"2024-09-16 19:30:00",4284,12.96,410,0,-0.045,-1.31,0.28,-0.117,0.025,-0.13,-0.02,60.86,50.72
"2024-09-16 20:00:00",4285,12.96,410,0,-0.061,-1.45,-0.03,-0.129,-0.003,-0.137,-0.044,61.32,49.5
"2024-09-16 20:30:00",4286,12.96,410,0,-0.067,-1.55,-0.1,-0.138,-0.009,-0.145,-0.047,59.74,51.11
"2024-09-16 21:00:00",4287,12.96,410,0,-0.074,-1.54,-0.34,-0.137,-0.031,-0.152,-0.067,61.39,49.58
"2024-09-16 21:30:00",4288,12.96,410,0,-0.081,-1.59,-0.49,-0.141,-0.044,-0.151,-0.085,61.53,49.55
"2024-09-16 22:00:00",4289,12.95,410,0,-0.088,-1.69,-0.59,-0.15,-0.053,-0.16,-0.091,62.05,49.97
"2024-09-16 22:30:00",4290,12.95,410,0,-0.09,-1.68,-0.66,-0.15,-0.059,-0.157,-0.096,60.01,50.28
"2024-09-16 23:00:00",4291,12.95,410,0,-0.091,-1.65,-0.73,-0.147,-0.066,-0.154,-0.099,60.86,50.45
"2024-09-16 23:30:00",4292,12.95,410,0,-0.091,-1.62,-0.76,-0.144,-0.069,-0.156,-0.102,60.68,50.38
"2024-09-17 00:00:00",4293,12.95,410,0,-0.091,-1.64,-0.73,-0.146,-0.065,-0.156,-0.099,61.54,49.58
"2024-09-17 00:30:00",4294,12.94,410,0,-0.09,-1.65,-0.69,-0.147,-0.062,-0.157,-0.096,61.95,50.55
"2024-09-17 01:00:00",4295,12.94,410,0,-0.092,-1.67,-0.73,-0.149,-0.065,-0.159,-0.098,61.85,50.3
"2024-09-17 01:30:00",4296,12.95,410,0,-0.091,-1.65,-0.73,-0.147,-0.066,-0.159,-0.104,61.15,50.33
"2024-09-17 02:00:00",4297,12.94,410,0,-0.09,-1.65,-0.69,-0.147,-0.062,-0.156,-0.096,61.35,51.63
"2024-09-17 02:30:00",4298,12.94,410,0,-0.092,-1.65,-0.76,-0.147,-0.069,-0.156,-0.102,61.68,50.13
"2024-09-17 03:00:00",4299,12.94,410,0,-0.09,-1.65,-0.69,-0.147,-0.062,-0.156,-0.099,62.61,50.11
"2024-09-17 03:30:00",4300,12.94,410,0,-0.088,-1.63,-0.66,-0.145,-0.059,-0.157,-0.093,61.31,50.48
"2024-09-17 04:00:00",4301,12.94,410,0,-0.086,-1.59,-0.66,-0.141,-0.059,-0.151,-0.093,61.57,50.17
"2024-09-17 04:30:00",4302,12.94,410,0,-0.086,-1.59,-0.66,-0.142,-0.059,-0.152,-0.099,63.02,49.69
"2024-09-17 05:00:00",4303,12.94,410,0,-0.085,-1.56,-0.66,-0.139,-0.059,-0.149,-0.096,61.46,49.23
"2024-09-17 05:30:00",4304,12.94,410,0,-0.088,-1.6,-0.7,-0.142,-0.063,-0.152,-0.096,62.61,51.21
"2024-09-17 06:00:00",4305,12.94,410,0,-0.085,-1.56,-0.66,-0.139,-0.059,-0.149,-0.099,61.68,51.54
"2024-09-17 06:30:00",4306,12.94,410,0,-0.087,-1.58,-0.7,-0.14,-0.063,-0.153,-0.099,60.74,51.01
"2024-09-17 07:00:00",4307,12.94,410,0,-0.083,-1.53,-0.63,-0.137,-0.056,-0.149,-0.091,61.95,49.03
"2024-09-17 07:30:00",4308,12.94,410,0,-0.076,-1.48,-0.48,-0.131,-0.044,-0.144,-0.081,62.7,49.2
"2024-09-17 08:00:00",4309,12.94,410,0,-0.064,-1.41,-0.2,-0.125,-0.019,-0.136,-0.061,62.65,50.68
"2024-09-17 08:30:00",4310,12.94,410,0,-0.044,-1.25,0.24,-0.112,0.021,-0.122,-0.02,63.61,53.05
"2024-09-17 09:00:00",4311,12.94,410,0,-0.007,-0.97,1.03,-0.087,0.091,-0.096,0.043,63.76,52.53
"2024-09-17 09:30:00",4312,12.94,410,0,0.078,-0.31,2.9,-0.028,0.257,-0.04,0.188,64.53,53.81
"2024-09-17 10:00:00",4313,12.94,410,0,0.139,0.17,4.2,0.015,0.372,-0.002,0.285,66.09,51.78
"2024-09-17 10:30:00",4314,12.94,410,0,0.171,0.49,4.78,0.044,0.423,0.023,0.336,63.5,52.68
"2024-09-17 11:00:00",4315,12.94,410,0,0.136,0.2,4.05,0.018,0.359,-0.003,0.277,63.51,53.53
"2024-09-17 11:30:00",4316,12.95,410,0,0.148,0.29,4.31,0.025,0.381,0.01,0.305,64.37,53.55
"2024-09-17 12:00:00",4317,12.94,410,0,0.157,0.35,4.52,0.031,0.4,0.005,0.314,63.45,53.99
"2024-09-17 12:30:00",4318,12.94,410,0,0.17,0.46,4.81,0.04,0.426,0.02,0.336,64.99,54.44
"2024-09-17 13:00:00",4319,12.94,410,0,0.181,0.53,5.06,0.047,0.448,0.023,0.354,64.31,52.24
"2024-09-17 13:30:00",4320,12.95,410,0,0.15,0.3,4.36,0.026,0.386,0.003,0.299,61.95,52.39
"2024-09-17 14:00:00",4321,12.94,410,0,0.124,0.09,3.84,0.008,0.34,-0.01,0.259,63.21,53.07
"2024-09-17 14:30:00",4322,12.94,410,0,0.101,-0.11,3.37,-0.01,0.299,-0.031,0.221,62.34,51.62
"2024-09-17 15:00:00",4323,12.94,410,0,-0.019,-1.06,0.78,-0.095,0.069,-0.105,0.026,61.4,50.42
"2024-09-17 15:30:00",4324,12.94,410,0,-0.026,-1.13,0.64,-0.101,0.056,-0.114,0.006,62.65,51.1
"2024-09-17 16:00:00",4325,12.94,410,0,-0.048,-1.32,0.21,-0.117,0.019,-0.131,-0.017,62.78,51.12
"2024-09-17 16:30:00",4326,12.93,410,0,-0.018,-1.12,0.89,-0.1,0.079,-0.113,0.026,60.94,50.54
"2024-09-17 17:00:00",4327,12.93,410,0,-0.024,-1.14,0.71,-0.102,0.063,-0.113,0.018,60.98,51.51
"2024-09-17 17:30:00",4328,12.93,410,0,-0.065,-1.42,-0.2,-0.126,-0.019,-0.136,-0.065,60.75,48.93
"2024-09-17 18:00:00",4329,12.93,410,0,-0.079,-1.59,-0.42,-0.142,-0.038,-0.152,-0.076,60.97,49.99
"2024-09-17 18:30:00",4330,12.93,410,0,-0.076,-1.53,-0.42,-0.136,-0.038,-0.146,-0.076,61.86,51.3
"2024-09-17 19:00:00",4331,12.93,410,0,-0.074,-1.53,-0.35,-0.137,-0.032,-0.152,-0.073,60.43,51.13
"2024-09-17 19:30:00",4332,12.92,410,0,-0.079,-1.56,-0.46,-0.139,-0.041,-0.149,-0.082,61.74,49.92
"2024-09-17 20:00:00",4333,12.92,410,0,-0.078,-1.5,-0.53,-0.134,-0.048,-0.146,-0.085,60.33,48.93
"2024-09-17 20:30:00",4334,12.92,410,0,-0.081,-1.55,-0.53,-0.138,-0.047,-0.149,-0.085,61.7,50.3
"2024-09-17 21:00:00",4335,12.92,410,0,-0.08,-1.52,-0.56,-0.136,-0.051,-0.145,-0.088,61.56,48.92
"2024-09-17 21:30:00",4336,12.91,410,0,-0.086,-1.61,-0.63,-0.143,-0.057,-0.151,-0.094,61.63,50.24
"2024-09-17 22:00:00",4337,12.91,410,0,-0.084,-1.55,-0.63,-0.138,-0.057,-0.15,-0.091,62.9,50.25
"2024-09-17 22:30:00",4338,12.92,410,0,-0.085,-1.61,-0.6,-0.143,-0.054,-0.153,-0.094,61.45,50.05
"2024-09-17 23:00:00",4339,12.91,410,0,-0.087,-1.6,-0.66,-0.143,-0.06,-0.153,-0.097,61.29,49.21
"2024-09-17 23:30:00",4340,12.91,410,0,-0.087,-1.55,-0.74,-0.138,-0.066,-0.148,-0.097,61.55,51.15
"2024-09-18 00:00:00",4341,12.91,410,0,-0.088,-1.58,-0.74,-0.14,-0.066,-0.148,-0.102,62.7,49.21
"2024-09-18 00:30:00",4342,12.91,410,0,-0.088,-1.55,-0.77,-0.138,-0.069,-0.148,-0.102,62.49,49.41
"2024-09-18 01:00:00",4343,12.91,410,0,-0.09,-1.55,-0.84,-0.138,-0.076,-0.148,-0.112,60.69,50.55
"2024-09-18 01:30:00",4344,12.91,410,0,-0.091,-1.6,-0.81,-0.143,-0.072,-0.153,-0.108,62.91,49.83
"2024-09-18 02:00:00",4345,12.91,410,0,-0.087,-1.54,-0.74,-0.137,-0.066,-0.148,-0.096,61.77,50.79
"2024-09-18 02:30:00",4346,12.91,410,0,-0.091,-1.6,-0.81,-0.143,-0.072,-0.153,-0.105,61.74,49.92
"2024-09-18 03:00:00",4347,12.91,410,0,-0.092,-1.61,-0.81,-0.143,-0.072,-0.153,-0.109,62.5,51.11
"2024-09-18 03:30:00",4348,12.91,410,0,-0.089,-1.55,-0.81,-0.138,-0.072,-0.151,-0.103,61.31,49.76
"2024-09-18 04:00:00",4349,12.91,410,0,-0.087,-1.53,-0.77,-0.136,-0.069,-0.149,-0.105,61.7,50.73
"2024-09-18 04:30:00",4350,12.91,410,0,-0.089,-1.59,-0.74,-0.141,-0.066,-0.151,-0.1,62.49,49.26
"2024-09-18 05:00:00",4351,12.9,410,0,-0.089,-1.55,-0.81,-0.138,-0.072,-0.148,-0.106,61.13,50.15
"2024-09-18 05:30:00",4352,12.9,410,0,-0.089,-1.55,-0.81,-0.138,-0.073,-0.146,-0.109,61.7,49.88
"2024-09-18 06:00:00",4353,12.9,410,0,-0.088,-1.52,-0.81,-0.136,-0.072,-0.146,-0.106,60.71,50.98
"2024-09-18 06:30:00",4354,12.9,410,0,-0.091,-1.59,-0.81,-0.141,-0.072,-0.151,-0.108,61.63,49.66
"2024-09-18 07:00:00",4355,12.9,410,0,-0.089,-1.53,-0.81,-0.136,-0.072,-0.146,-0.108,61.38,49.98
"2024-09-18 07:30:00",4356,12.9,410,0,-0.089,-1.51,-0.84,-0.135,-0.076,-0.148,-0.106,62.56,50.06
"2024-09-18 08:00:00",4357,12.9,410,0,-0.089,-1.55,-0.8,-0.138,-0.072,-0.146,-0.108,62.87,50.22
"2024-09-18 08:30:00",4358,12.9,410,0,-0.088,-1.55,-0.77,-0.138,-0.069,-0.148,-0.105,60.62,49.81
"2024-09-18 09:00:00",4359,12.9,410,0,-0.07,-1.33,-0.48,-0.119,-0.043,-0.13,-0.076,64.28,51.63
"2024-09-18 09:30:00",4360,12.9,410,0,-0.052,-1.26,0,-0.112,0,-0.123,-0.044,62.8,51.82
"2024-09-18 10:00:00",4361,12.9,410,0,0.008,-0.81,1.33,-0.072,0.118,-0.089,0.067,63.97,51.99
"2024-09-18 10:30:00",4362,12.9,410,0,0.118,0.03,3.71,0.003,0.328,-0.015,0.248,62.79,55.17
"2024-09-18 11:00:00",4363,12.9,410,0,0.089,-0.13,3.01,-0.013,0.266,-0.025,0.198,63.23,53.35
"2024-09-18 11:30:00",4364,12.9,410,0,-0.01,-0.92,0.88,-0.083,0.078,-0.094,0.029,62.54,51.57
"2024-09-18 12:00:00",4365,12.9,410,0,-0.042,-1.17,0.18,-0.105,0.016,-0.115,-0.026,61.18,50.78
"2024-09-18 12:30:00",4366,12.9,410,0,-0.075,-1.48,-0.45,-0.132,-0.041,-0.142,-0.076,61.93,49.98
"2024-09-18 13:00:00",4367,12.9,410,0,-0.079,-1.48,-0.56,-0.131,-0.051,-0.142,-0.091,61.6,49.38
"2024-09-18 13:30:00",4368,12.9,410,0,-0.067,-1.39,-0.3,-0.124,-0.028,-0.135,-0.063,64.1,51.3
"2024-09-18 14:00:00",4369,12.9,410,0,-0.031,-1.07,0.42,-0.096,0.037,-0.112,-0.009,62.78,52.65
"2024-09-18 14:30:00",4370,12.9,410,0,-0.044,-1.13,0.07,-0.101,0.006,-0.114,-0.041,62.64,50.41
"2024-09-18 15:00:00",4371,12.9,410,0,0.012,-1.36,2.21,-0.122,0.196,-0.131,0.138,61.15,54.78
"2024-09-18 15:30:00",4372,12.9,410,0,0.161,0.35,4.65,0.031,0.412,0.01,0.324,64.58,53.19
"2024-09-18 16:00:00",4373,12.9,410,0,0.354,1.83,8.84,0.162,0.782,0.13,0.632,64.16,53.44
"2024-09-18 16:30:00",4374,12.9,410,0,0.413,2.45,9.88,0.217,0.874,0.175,0.707,63.1,52.81
"2024-09-18 17:00:00",4375,12.9,410,0,0.479,2.88,11.42,0.255,1.011,0.215,0.823,64.41,51.35
"2024-09-18 17:30:00",4376,12.9,410,0,0.413,2.5,9.83,0.221,0.87,0.176,0.691,62.89,51.66
"2024-09-18 18:00:00",4377,12.9,410,0,0.247,1.22,6.25,0.108,0.553,0.073,0.427,62.46,52.47
"2024-09-18 18:30:00",4378,12.9,410,0,0.062,-0.29,2.36,-0.027,0.209,-0.044,0.141,62.07,51.93
"2024-09-18 19:00:00",4379,12.89,410,0,-0.016,-0.95,0.72,-0.085,0.064,-0.099,0.015,62.1,51.28
"2024-09-18 19:30:00",4380,12.89,410,0,-0.048,-1.23,0.07,-0.11,0.006,-0.122,-0.041,60.41,50.28
"2024-09-18 20:00:00",4381,12.89,410,0,-0.062,-1.37,-0.17,-0.123,-0.016,-0.135,-0.059,60.48,50.35
"2024-09-18 20:30:00",4382,12.89,410,0,-0.067,-1.39,-0.32,-0.124,-0.029,-0.137,-0.068,61.75,51.19
"2024-09-18 21:00:00",4383,12.88,410,0,-0.075,-1.48,-0.46,-0.132,-0.042,-0.145,-0.083,61.84,50.28
"2024-09-18 21:30:00",4384,12.88,410,0,-0.078,-1.53,-0.49,-0.137,-0.045,-0.147,-0.086,61.17,50.19
"2024-09-18 22:00:00",4385,12.88,410,0,-0.081,-1.57,-0.53,-0.14,-0.048,-0.149,-0.086,61.62,51.31
"2024-09-18 22:30:00",4386,12.88,410,0,-0.085,-1.6,-0.6,-0.143,-0.054,-0.153,-0.092,61.52,50.54
"2024-09-18 23:00:00",4387,12.88,410,0,-0.083,-1.57,-0.57,-0.14,-0.051,-0.15,-0.092,61.21,49.82
"2024-09-18 23:30:00",4388,12.87,410,0,-0.081,-1.51,-0.6,-0.134,-0.054,-0.145,-0.095,61.72,50.75
"2024-09-19 00:00:00",4389,12.87,410,0,-0.086,-1.57,-0.67,-0.14,-0.06,-0.149,-0.095,61.94,51.54
"2024-09-19 00:30:00",4390,12.87,410,0,-0.082,-1.51,-0.64,-0.135,-0.057,-0.147,-0.092,62.13,48.8
"2024-09-19 01:00:00",4391,12.87,410,0,-0.085,-1.57,-0.64,-0.14,-0.057,-0.147,-0.097,60.89,49.49
"2024-09-19 01:30:00",4392,12.87,410,0,-0.086,-1.57,-0.67,-0.14,-0.06,-0.149,-0.1,61.88,51.16
"2024-09-19 02:00:00",4393,12.87,410,0,-0.084,-1.53,-0.67,-0.137,-0.06,-0.147,-0.098,62.07,49.83
"2024-09-19 02:30:00",4394,12.87,410,0,-0.083,-1.53,-0.64,-0.136,-0.057,-0.144,-0.089,61.58,51.01
"2024-09-19 03:00:00",4395,12.87,410,0,-0.081,-1.53,-0.56,-0.137,-0.051,-0.147,-0.092,61.06,50.08
"2024-09-19 03:30:00",4396,12.86,410,0,-0.083,-1.53,-0.64,-0.137,-0.057,-0.144,-0.092,61.34,50.52
"2024-09-19 04:00:00",4397,12.87,410,0,-0.079,-1.5,-0.56,-0.134,-0.051,-0.144,-0.092,61.89,49.92
"2024-09-19 04:30:00",4398,12.87,410,0,-0.081,-1.51,-0.6,-0.135,-0.054,-0.142,-0.089,61.44,50.88
"2024-09-19 05:00:00",4399,12.86,410,0,-0.075,-1.42,-0.53,-0.126,-0.048,-0.139,-0.086,61.43,49.61
"2024-09-19 05:30:00",4400,12.86,410,0,-0.079,-1.51,-0.53,-0.135,-0.048,-0.145,-0.089,61.39,50.41
"2024-09-19 06:00:00",4401,12.86,410,0,-0.078,-1.49,-0.53,-0.133,-0.048,-0.146,-0.086,60.44,49.72
"2024-09-19 06:30:00",4402,12.86,410,0,-0.077,-1.46,-0.53,-0.13,-0.048,-0.14,-0.086,60.43,49.61
"2024-09-19 07:00:00",4403,12.86,410,0,-0.076,-1.45,-0.53,-0.13,-0.048,-0.14,-0.092,62.22,50.15
"2024-09-19 07:30:00",4404,12.86,410,0,-0.07,-1.39,-0.42,-0.124,-0.038,-0.137,-0.077,61.81,50.98
"2024-09-19 08:00:00",4405,12.86,410,0,-0.048,-1.23,0.07,-0.11,0.006,-0.123,-0.038,61.88,51.89
"2024-09-19 08:30:00",4406,12.85,410,0,0,-0.84,1.08,-0.076,0.095,-0.09,0.041,62.39,52.4
"2024-09-19 09:00:00",4407,12.85,410,0,0.077,-0.28,2.82,-0.026,0.249,-0.041,0.173,64.02,53.6
"2024-09-19 09:30:00",4408,12.86,410,0,0.096,-0.08,3.15,-0.008,0.279,-0.028,0.205,64.54,51.88
"2024-09-19 10:00:00",4409,12.85,410,0,0.192,0.62,5.29,0.055,0.468,0.031,0.369,63.59,54.7
"2024-09-19 10:30:00",4410,12.86,410,0,0.344,1.81,8.53,0.16,0.755,0.132,0.615,65.57,52.91
"2024-09-19 11:00:00",4411,12.86,410,0,0.459,2.72,10.98,0.241,0.972,0.212,0.797,65.81,52.18
"2024-09-19 11:30:00",4412,12.86,410,0,0.53,3.36,12.41,0.297,1.099,0.26,0.897,66.38,50.8
"2024-09-19 12:00:00",4413,12.86,410,0,0.49,3.99,10.29,0.353,1.233,0.317,1.004,65.17,50.84
"2024-09-19 12:30:00",4414,12.86,410,0,0.598,4.14,13.51,0.367,1.271,0.343,1.058,68.88,49.38
"2024-09-19 13:00:00",4415,12.87,410,0,0.571,4.16,12.63,0.368,1.249,-99,1.07,-99,49.8
"2024-09-19 13:30:00",4416,12.87,410,0,0.518,3.71,11.56,0.329,1.231,0.304,1.073,59.45,50.3
"2024-09-19 14:00:00",4417,12.88,410,0,0.559,3.94,12.53,0.349,1.25,0.301,1.06,62.07,49.84
"2024-09-19 14:30:00",4418,12.88,410,0,0.685,4.68,15.56,0.414,1.405,0.336,1.092,62.36,48.31
"2024-09-19 15:00:00",4419,12.88,410,0,0.647,4.59,14.48,0.407,1.375,0.335,1.064,61.66,48.86
"2024-09-19 15:30:00",4420,12.88,410,0,0.655,4.36,15.03,0.386,1.348,0.333,1.042,62.88,48.56
"2024-09-19 16:00:00",4421,12.88,410,0,0.616,4.13,14.1,0.365,1.248,0.312,0.978,64.53,48.95
"2024-09-19 16:30:00",4422,12.88,410,0,0.592,3.91,13.65,0.346,1.208,0.302,0.972,63.93,49.61
"2024-09-19 17:00:00",4423,12.88,410,0,0.506,3.12,11.94,0.276,1.057,0.235,0.849,64.08,52.27
"2024-09-19 17:30:00",4424,12.88,410,0,0.447,2.62,10.73,0.232,0.95,0.185,0.76,60.59,51.45
"2024-09-19 18:00:00",4425,12.88,410,0,0.282,1.43,7.06,0.126,0.625,0.091,0.493,62.68,51.69
"2024-09-19 18:30:00",4426,12.87,410,0,0.183,0.42,5.27,0.038,0.466,0.008,0.366,62.13,52.25
"2024-09-19 19:00:00",4427,12.87,410,0,0.104,-0.08,3.43,-0.008,0.304,-0.032,0.219,62.01,52.02
"2024-09-19 19:30:00",4428,12.87,410,0,0.019,-0.78,1.65,-0.07,0.146,-0.089,0.086,61.47,50.65
"2024-09-19 20:00:00",4429,12.86,410,0,-0.014,-1.08,0.95,-0.096,0.084,-0.107,0.03,61.56,50.74
"2024-09-19 20:30:00",4430,12.86,410,0,-0.03,-1.23,0.66,-0.11,0.058,-0.12,0.003,61.81,49.41
"2024-09-19 21:00:00",4431,12.85,410,0,-0.047,-1.37,0.29,-0.123,0.026,-0.136,-0.024,61.49,49.83
"2024-09-19 21:30:00",4432,12.85,410,0,-0.059,-1.43,0,-0.128,0,-0.143,-0.042,60.54,49.97
"2024-09-19 22:00:00",4433,12.84,410,0,-0.063,-1.46,-0.1,-0.13,-0.01,-0.143,-0.051,60.98,50.26
"2024-09-19 22:30:00",4434,12.84,410,0,-0.068,-1.48,-0.21,-0.132,-0.019,-0.142,-0.06,60.55,50.4
"2024-09-19 23:00:00",4435,12.84,410,0,-0.074,-1.56,-0.32,-0.139,-0.029,-0.151,-0.069,60.73,50.42
"2024-09-19 23:30:00",4436,12.83,410,0,-0.077,-1.55,-0.43,-0.138,-0.039,-0.151,-0.078,61.03,50.46
"2024-09-20 00:00:00",4437,12.83,410,0,-0.077,-1.55,-0.43,-0.138,-0.039,-0.146,-0.081,60.56,50.68
"2024-09-20 00:30:00",4438,12.83,410,0,-0.08,-1.57,-0.47,-0.14,-0.042,-0.155,-0.084,60.56,50.15
"2024-09-20 01:00:00",4439,12.83,410,0,-0.079,-1.48,-0.57,-0.132,-0.052,-0.145,-0.09,61.02,49.61
"2024-09-20 01:30:00",4440,12.83,410,0,-0.081,-1.56,-0.53,-0.139,-0.048,-0.152,-0.086,61.28,50.13
"2024-09-20 02:00:00",4441,12.83,410,0,-0.081,-1.52,-0.57,-0.136,-0.052,-0.148,-0.087,61.1,49.54
"2024-09-20 02:30:00",4442,12.83,410,0,-0.084,-1.57,-0.61,-0.14,-0.055,-0.151,-0.092,61.48,50.91
"2024-09-20 03:00:00",4443,12.83,410,0,-0.083,-1.52,-0.64,-0.135,-0.058,-0.145,-0.092,61.54,49.86
"2024-09-20 03:30:00",4444,12.82,410,0,-0.09,-1.6,-0.75,-0.143,-0.067,-0.155,-0.098,61.67,50.68
"2024-09-20 04:00:00",4445,12.82,410,0,-0.084,-1.55,-0.64,-0.138,-0.058,-0.151,-0.092,60.75,49.77
"2024-09-20 04:30:00",4446,12.82,410,0,-0.086,-1.56,-0.68,-0.139,-0.061,-0.151,-0.099,62.07,49.41
"2024-09-20 05:00:00",4447,12.82,410,0,-0.082,-1.5,-0.65,-0.134,-0.058,-0.146,-0.099,61.38,50.98
"2024-09-20 05:30:00",4448,12.82,410,0,-0.083,-1.52,-0.65,-0.135,-0.058,-0.143,-0.093,60.74,49.76
"2024-09-20 06:00:00",4449,12.82,410,0,-0.085,-1.52,-0.72,-0.135,-0.064,-0.145,-0.098,61.58,49.33
"2024-09-20 06:30:00",4450,12.81,410,0,-0.088,-1.55,-0.76,-0.138,-0.068,-0.148,-0.102,60.93,50.63
"2024-09-20 07:00:00",4451,12.81,410,0,-0.09,-1.58,-0.79,-0.141,-0.071,-0.151,-0.105,61.43,50.71
"2024-09-20 07:30:00",4452,12.81,410,0,-0.075,-1.45,-0.5,-0.129,-0.045,-0.143,-0.084,61.7,50.45
"2024-09-20 08:00:00",4453,12.81,410,0,-0.051,-1.23,-0.03,-0.11,-0.003,-0.121,-0.042,62.75,51.61
"2024-09-20 08:30:00",4454,12.81,410,0,0.008,-0.78,1.29,-0.07,0.114,-0.084,0.056,63.67,52.12
"2024-09-20 09:00:00",4455,12.81,410,0,0.074,-0.25,2.68,-0.023,0.237,-0.038,0.167,63.43,52.86
"2024-09-20 09:30:00",4456,12.81,410,0,0.16,0.46,4.48,0.041,0.396,0.023,0.314,64.69,53.96
"2024-09-20 10:00:00",4457,12.81,410,0,0.253,1.09,6.61,0.097,0.585,0.075,0.473,65.97,54.73
"2024-09-20 10:30:00",4458,12.81,410,0,0.332,1.8,8.17,0.159,0.723,0.131,0.588,65.27,52.62
"2024-09-20 11:00:00",4459,12.82,410,0,0.395,2.33,9.48,0.206,0.839,0.174,0.687,65.98,53.08
"2024-09-20 11:30:00",4460,12.82,410,0,0.448,2.78,10.55,0.246,0.934,0.217,0.779,66.02,52.38
"2024-09-20 12:00:00",4461,12.82,410,0,0.491,3.14,11.44,0.278,1.012,0.245,0.833,67.42,51.27
"2024-09-20 12:30:00",4462,12.83,410,0,0.504,3.18,11.8,0.282,1.044,-99,0.881,-99,52.07
"2024-09-20 13:00:00",4463,12.83,410,0,0.492,3.31,11.24,0.293,0.995,-99,0.843,-99,52.4
"2024-09-20 13:30:00",4464,12.83,410,0,0.406,1.58,10.81,0.14,0.957,0.139,0.84,66.3,52.4
"2024-09-20 14:00:00",4465,12.84,410,0,0.471,3.33,10.54,0.295,0.933,0.219,0.753,61.14,51.83
"2024-09-20 14:30:00",4466,12.84,410,0,0.45,3.01,10.31,0.266,0.913,0.194,0.727,60.27,51.39
"2024-09-20 15:00:00",4467,12.84,410,0,0.488,3.3,11.15,0.292,0.987,-99,0.818,-99,51.13
"2024-09-20 15:30:00",4468,12.84,410,0,0.517,3.2,12.18,0.283,1.078,0.24,0.841,62.58,51.19
"2024-09-20 16:00:00",4469,12.84,410,0,0.525,3.38,12.2,0.299,1.08,0.251,0.853,62.9,50.67
"2024-09-20 16:30:00",4470,12.84,410,0,0.474,2.83,11.32,0.251,1.002,0.209,0.802,63.67,51.03
"2024-09-20 17:00:00",4471,12.84,410,0,0.386,1.88,9.78,0.166,0.866,0.133,0.708,63.74,52.77
"2024-09-20 17:30:00",4472,12.84,410,0,0.361,1.84,9.03,0.163,0.8,0.124,0.634,62.38,51.67
"2024-09-20 18:00:00",4473,12.83,410,0,0.298,1.4,7.62,0.124,0.674,0.092,0.538,62.96,51.99
"2024-09-20 18:30:00",4474,12.83,410,0,0.184,0.55,5.14,0.049,0.455,0.021,0.351,61.94,51.39
"2024-09-20 19:00:00",4475,12.83,410,0,0.071,-0.24,2.59,-0.022,0.229,-0.048,0.153,62.08,50.69
"2024-09-20 19:30:00",4476,12.82,410,0,0,-0.85,1.11,-0.076,0.098,-0.093,0.039,61.28,49.63
"2024-09-20 20:00:00",4477,12.82,410,0,-0.034,-1.15,0.41,-0.103,0.036,-0.116,-0.015,60.01,49.71
"2024-09-20 20:30:00",4478,12.81,410,0,-0.049,-1.27,0.11,-0.114,0.01,-0.124,-0.036,60.86,50.45
"2024-09-20 21:00:00",4479,12.81,410,0,-0.062,-1.39,-0.14,-0.124,-0.013,-0.137,-0.051,62.15,50.74
"2024-09-20 21:30:00",4480,12.8,410,0,-0.066,-1.45,-0.21,-0.129,-0.02,-0.14,-0.066,60.98,49.42
"2024-09-20 22:00:00",4481,12.8,410,0,-0.071,-1.47,-0.32,-0.131,-0.029,-0.139,-0.072,61.03,51.3
"2024-09-20 22:30:00",4482,12.8,410,0,-0.076,-1.51,-0.43,-0.134,-0.039,-0.147,-0.078,61.58,50.34
"2024-09-20 23:00:00",4483,12.79,410,0,-0.078,-1.53,-0.47,-0.136,-0.042,-0.149,-0.081,59.72,49.83
"2024-09-20 23:30:00",4484,12.79,410,0,-0.081,-1.56,-0.54,-0.139,-0.049,-0.149,-0.084,61.29,50.31
"2024-09-21 00:00:00",4485,12.79,410,0,-0.083,-1.56,-0.58,-0.139,-0.052,-0.149,-0.09,60.6,50.87
"2024-09-21 00:30:00",4486,12.79,410,0,-0.083,-1.56,-0.61,-0.139,-0.055,-0.146,-0.09,61.06,50.08
"2024-09-21 01:00:00",4487,12.78,410,0,-0.084,-1.54,-0.65,-0.137,-0.058,-0.147,-0.096,61.79,50.38
"2024-09-21 01:30:00",4488,12.78,410,0,-0.084,-1.55,-0.65,-0.138,-0.058,-0.149,-0.099,60.61,50.46
"2024-09-21 02:00:00",4489,12.78,410,0,-0.084,-1.55,-0.65,-0.138,-0.058,-0.143,-0.096,60.87,50.88
"2024-09-21 02:30:00",4490,12.78,410,0,-0.083,-1.51,-0.65,-0.134,-0.058,-0.144,-0.093,60.1,51.21
"2024-09-21 03:00:00",4491,12.78,410,0,-0.086,-1.56,-0.69,-0.139,-0.062,-0.152,-0.096,62.15,50.74
"2024-09-21 03:30:00",4492,12.78,410,0,-0.091,-1.61,-0.79,-0.143,-0.071,-0.151,-0.099,61.33,49.92
"2024-09-21 04:00:00",4493,12.78,410,0,-0.089,-1.58,-0.75,-0.141,-0.068,-0.151,-0.099,60.51,50.78
"2024-09-21 04:30:00",4494,12.77,410,0,-0.09,-1.56,-0.83,-0.139,-0.075,-0.152,-0.108,61.56,50.74
"2024-09-21 05:00:00",4495,12.77,410,0,-0.093,-1.62,-0.83,-0.144,-0.074,-0.154,-0.108,60.85,50.29
"2024-09-21 05:30:00",4496,12.77,410,0,-0.088,-1.56,-0.76,-0.139,-0.068,-0.152,-0.103,61.16,50.6
"2024-09-21 06:00:00",4497,12.77,410,0,-0.09,-1.56,-0.83,-0.139,-0.075,-0.149,-0.109,59.94,51.04
"2024-09-21 06:30:00",4498,12.77,410,0,-0.09,-1.52,-0.87,-0.136,-0.078,-0.149,-0.114,62.23,50.57
"2024-09-21 07:00:00",4499,12.77,410,0,-0.093,-1.54,-0.94,-0.137,-0.084,-0.147,-0.12,61.83,50.42
"2024-09-21 07:30:00",4500,12.77,410,0,-0.092,-1.55,-0.9,-0.138,-0.08,-0.148,-0.114,61.41,49.86
"2024-09-21 08:00:00",4501,12.77,410,0,-0.083,-1.39,-0.82,-0.124,-0.074,-0.132,-0.111,63.85,51.19
"2024-09-21 08:30:00",4502,12.77,410,0,-0.031,-1.09,0.43,-0.097,0.038,-0.108,-0.009,61.86,51.72
"2024-09-21 09:00:00",4503,12.77,410,0,0.052,-0.43,2.23,-0.039,0.197,-0.056,0.13,62.35,53.04
"2024-09-21 09:30:00",4504,12.77,410,0,0.133,0.23,3.94,0.021,0.348,0,0.264,64.35,54.35
"2024-09-21 10:00:00",4505,12.77,410,0,0.144,0.34,4.12,0.03,0.365,0.015,0.285,67.04,53.96
"2024-09-21 10:30:00",4506,12.77,410,0,0.23,1.02,5.95,0.09,0.527,0.068,0.422,64.71,53.73
"2024-09-21 11:00:00",4507,12.78,410,0,0.307,1.65,7.58,0.146,0.671,0.124,0.548,66.19,54.22
"2024-09-21 11:30:00",4508,12.78,410,0,0.319,1.79,7.78,0.158,0.689,0.132,0.568,64.97,54.25
"2024-09-21 12:00:00",4509,12.78,410,0,0.336,1.95,8.09,0.173,0.716,0.147,0.59,67.5,53.18
"2024-09-21 12:30:00",4510,12.78,410,0,0.4,2.33,9.64,0.206,0.854,0.183,0.723,66.37,53.04
"2024-09-21 13:00:00",4511,12.79,410,0,0.406,2.52,9.56,0.223,0.846,-99,0.727,-99,54.44
"2024-09-21 13:30:00",4512,12.79,410,0,0.41,2.51,9.71,0.222,0.859,-99,0.736,-99,54.07
"2024-09-21 14:00:00",4513,12.8,410,0,0.464,3,10.78,0.266,0.954,0.213,0.772,60.65,51.76
"2024-09-21 14:30:00",4514,12.8,410,0,0.457,3.07,10.45,0.272,0.925,0.229,0.761,62.22,53.49
"2024-09-21 15:00:00",4515,12.8,410,0,0.506,4.2,10.51,0.372,0.93,-99,0.753,-99,52.14
"2024-09-21 15:30:00",4516,12.8,410,0,0.438,2.59,10.48,0.229,0.927,0.184,0.736,62.43,51.2
"2024-09-21 16:00:00",4517,12.8,410,0,0.428,2.62,10.13,0.232,0.897,0.194,0.708,64.2,51.82
"2024-09-21 16:30:00",4518,12.8,410,0,0.351,1.92,8.63,0.17,0.764,0.136,0.616,64.35,53.37
"2024-09-21 17:00:00",4519,12.8,410,0,0.366,2.34,8.52,0.207,0.754,-99,0.612,-99,52.61
"2024-09-21 17:30:00",4520,12.8,410,0,0.251,1.04,6.62,0.092,0.586,0.066,0.468,62.08,52.51
"2024-09-21 18:00:00",4521,12.79,410,0,0.151,0.34,4.36,0.03,0.385,0.008,0.296,62.09,51.95
"2024-09-21 18:30:00",4522,12.79,410,0,0.021,-0.69,1.58,-0.062,0.14,-0.079,0.078,62.16,51.17
"2024-09-21 19:00:00",4523,12.78,410,0,-0.036,-1.15,0.37,-0.103,0.033,-0.116,-0.018,61.1,50.28
"2024-09-21 19:30:00",4524,12.78,410,0,-0.058,-1.36,-0.06,-0.121,-0.007,-0.134,-0.054,61.42,48.61
"2024-09-21 20:00:00",4525,12.78,410,0,-0.07,-1.45,-0.32,-0.13,-0.029,-0.14,-0.072,61.15,49.6
"2024-09-21 20:30:00",4526,12.78,410,0,-0.071,-1.45,-0.36,-0.129,-0.033,-0.142,-0.076,60.9,49.66
"2024-09-21 21:00:00",4527,12.77,410,0,-0.077,-1.48,-0.51,-0.132,-0.046,-0.142,-0.081,60.44,49.46
"2024-09-21 21:30:00",4528,12.77,410,0,-0.074,-1.48,-0.43,-0.132,-0.039,-0.142,-0.081,60.93,49.37
"2024-09-21 22:00:00",4529,12.77,410,0,-0.075,-1.44,-0.5,-0.128,-0.045,-0.141,-0.084,61.1,49.29
"2024-09-21 22:30:00",4530,12.76,410,0,-0.081,-1.52,-0.58,-0.135,-0.052,-0.142,-0.094,60.61,50.47
"2024-09-21 23:00:00",4531,12.76,410,0,-0.081,-1.5,-0.61,-0.134,-0.055,-0.142,-0.094,61.33,50.09
"2024-09-21 23:30:00",4532,12.76,410,0,-0.081,-1.5,-0.61,-0.134,-0.055,-0.144,-0.096,60.24,50.77
"2024-09-22 00:00:00",4533,12.75,410,0,-0.083,-1.51,-0.65,-0.135,-0.058,-0.148,-0.093,61.33,50.61
"2024-09-22 00:30:00",4534,12.75,410,0,-0.084,-1.52,-0.69,-0.135,-0.062,-0.146,-0.103,60.83,50.85
"2024-09-22 01:00:00",4535,12.75,410,0,-0.083,-1.46,-0.72,-0.13,-0.065,-0.143,-0.1,61.62,50.64
"2024-09-22 01:30:00",4536,12.75,410,0,-0.084,-1.47,-0.76,-0.131,-0.069,-0.144,-0.103,60.18,50.03
"2024-09-22 02:00:00",4537,12.75,410,0,-0.087,-1.53,-0.76,-0.136,-0.068,-0.146,-0.106,60.84,50.01
"2024-09-22 02:30:00",4538,12.75,410,0,-0.086,-1.5,-0.76,-0.134,-0.068,-0.144,-0.106,61.63,49.4
"2024-09-22 03:00:00",4539,12.74,410,0,-0.087,-1.49,-0.8,-0.133,-0.072,-0.146,-0.106,61.53,49.87
"2024-09-22 03:30:00",4540,12.74,410,0,-0.089,-1.53,-0.83,-0.136,-0.075,-0.146,-0.105,62.19,51.04
"2024-09-22 04:00:00",4541,12.74,410,0,-0.089,-1.53,-0.83,-0.136,-0.075,-0.146,-0.109,62.53,49.88
"2024-09-22 04:30:00",4542,12.75,410,0,-0.085,-1.46,-0.8,-0.13,-0.071,-0.141,-0.105,60.66,50.09
"2024-09-22 05:00:00",4543,12.74,410,0,-0.087,-1.49,-0.8,-0.133,-0.071,-0.144,-0.109,60.46,50.57
"2024-09-22 05:30:00",4544,12.74,410,0,-0.089,-1.54,-0.8,-0.137,-0.071,-0.144,-0.105,61.02,50.19
"2024-09-22 06:00:00",4545,12.74,410,0,-0.087,-1.51,-0.8,-0.134,-0.072,-0.144,-0.109,61.2,51.21
"2024-09-22 06:30:00",4546,12.74,410,0,-0.086,-1.51,-0.76,-0.134,-0.068,-0.142,-0.103,60.57,49.85
"2024-09-22 07:00:00",4547,12.74,410,0,-0.089,-1.5,-0.87,-0.134,-0.078,-0.144,-0.115,61.51,50.79
"2024-09-22 07:30:00",4548,12.74,410,0,-0.092,-1.53,-0.91,-0.136,-0.081,-0.142,-0.115,61.14,50.58
"2024-09-22 08:00:00",4549,12.74,410,0,-0.089,-1.5,-0.87,-0.134,-0.078,-0.144,-0.111,61.03,49.21
"2024-09-22 08:30:00",4550,12.73,410,0,-0.089,-1.52,-0.83,-0.135,-0.074,-0.143,-0.111,60.87,50.57
"2024-09-22 09:00:00",4551,12.73,410,0,-0.085,-1.42,-0.83,-0.127,-0.074,-0.137,-0.105,62.57,49.5
"2024-09-22 09:30:00",4552,12.73,410,0,-0.077,-1.43,-0.57,-0.127,-0.051,-0.138,-0.084,61.85,50.87
"2024-09-22 10:00:00",4553,12.73,410,0,-0.033,-1.01,0.25,-0.09,0.022,-0.101,-0.021,64.67,52.44
"2024-09-22 10:30:00",4554,12.74,410,0,0.036,-0.46,1.76,-0.042,0.156,-0.056,0.101,63.12,51.72
"2024-09-22 11:00:00",4555,12.74,410,0,0.141,0.46,3.89,0.04,0.345,0.025,0.269,66.52,53.6
"2024-09-22 11:30:00",4556,12.74,410,0,0.176,0.56,4.85,0.05,0.429,0.026,0.337,64.38,54.23
"2024-09-22 12:00:00",4557,12.74,410,0,0.245,1.33,6.03,0.117,0.533,0.099,0.419,67.5,54.17
"2024-09-22 12:30:00",4558,12.74,410,0,0.284,1.52,7,0.135,0.619,0.103,0.498,64.55,54.14
"2024-09-22 13:00:00",4559,12.74,410,0,0.292,1.59,7.18,0.141,0.636,0.112,0.513,65.11,52.62
"2024-09-22 13:30:00",4560,12.74,410,0,0.371,2.12,8.98,0.188,0.794,-99,0.689,-99,56.13
"2024-09-22 14:00:00",4561,12.75,410,0,0.331,2,7.86,0.177,0.696,0.132,0.546,61.83,51.69
"2024-09-22 14:30:00",4562,12.75,410,0,0.282,1.53,6.94,0.135,0.614,0.104,0.488,63.25,53.1
"2024-09-22 15:00:00",4563,12.74,410,0,0.365,2.85,7.83,0.252,0.693,-99,0.56,-99,54.22
"2024-09-22 15:30:00",4564,12.75,410,0,0.315,1.89,7.51,0.167,0.665,0.131,0.529,64.25,52.02
"2024-09-22 16:00:00",4565,12.75,410,0,0.388,2.27,9.34,0.201,0.826,0.161,0.657,63.47,51.92
"2024-09-22 16:30:00",4566,12.75,410,0,0.419,2.53,9.98,0.224,0.883,0.18,0.71,63.65,51.99
"2024-09-22 17:00:00",4567,12.75,410,0,0.402,2.59,9.35,0.229,0.827,0.188,0.664,67.51,51.77
"2024-09-22 17:30:00",4568,12.74,410,0,0.336,1.81,8.27,0.161,0.732,0.123,0.581,63.13,52.72
"2024-09-22 18:00:00",4569,12.75,410,0,0.28,1.44,7,0.127,0.62,0.095,0.488,62.95,52.65
"2024-09-22 18:30:00",4570,12.74,410,0,0.168,0.56,4.61,0.049,0.408,0.021,0.312,62.49,52.18
"2024-09-22 19:00:00",4571,12.74,410,0,0.057,-0.24,2.12,-0.022,0.188,-0.046,0.121,61.1,51.63
"2024-09-22 19:30:00",4572,12.73,410,0,-0.014,-0.85,0.67,-0.076,0.059,-0.093,0.009,61.58,49.75
"2024-09-22 20:00:00",4573,12.73,410,0,-0.043,-1.13,0.11,-0.101,0.01,-0.114,-0.037,60.84,50.42
"2024-09-22 20:30:00",4574,12.73,410,0,-0.054,-1.22,-0.14,-0.109,-0.013,-0.119,-0.055,59.97,50.66
"2024-09-22 21:00:00",4575,12.72,410,0,-0.064,-1.34,-0.29,-0.119,-0.026,-0.133,-0.07,61.18,49.35
"2024-09-22 21:30:00",4576,12.72,410,0,-0.071,-1.38,-0.44,-0.123,-0.04,-0.133,-0.082,60.31,49.48
"2024-09-22 22:00:00",4577,12.72,410,0,-0.068,-1.31,-0.44,-0.117,-0.04,-0.128,-0.079,60.76,49.78
"2024-09-22 22:30:00",4578,12.71,410,0,-0.073,-1.38,-0.51,-0.123,-0.046,-0.136,-0.085,61.29,51.14
"2024-09-22 23:00:00",4579,12.71,410,0,-0.071,-1.36,-0.47,-0.122,-0.043,-0.13,-0.082,61.62,50.48
"2024-09-22 23:30:00",4580,12.71,410,0,-0.076,-1.41,-0.58,-0.125,-0.053,-0.136,-0.088,61.5,50.93
"2024-09-23 00:00:00",4581,12.71,410,0,-0.076,-1.37,-0.62,-0.122,-0.056,-0.132,-0.098,60.78,49.38
"2024-09-23 00:30:00",4582,12.7,410,0,-0.078,-1.43,-0.62,-0.127,-0.056,-0.138,-0.098,61.11,49.28
"2024-09-23 01:00:00",4583,12.7,410,0,-0.078,-1.46,-0.58,-0.13,-0.053,-0.138,-0.092,60.75,50.18
"2024-09-23 01:30:00",4584,12.7,410,0,-0.078,-1.43,-0.62,-0.127,-0.056,-0.14,-0.091,61.22,50.07
"2024-09-23 02:00:00",4585,12.7,410,0,-0.075,-1.37,-0.58,-0.122,-0.053,-0.135,-0.095,60.05,52
"2024-09-23 02:30:00",4586,12.7,410,0,-0.074,-1.36,-0.58,-0.121,-0.053,-0.132,-0.092,61.21,49.54
"2024-09-23 03:00:00",4587,12.69,410,0,-0.075,-1.36,-0.62,-0.122,-0.056,-0.135,-0.091,61.69,50.54
"2024-09-23 03:30:00",4588,12.69,410,0,-0.075,-1.39,-0.58,-0.124,-0.053,-0.137,-0.092,61.51,49.12
"2024-09-23 04:00:00",4589,12.69,410,0,-0.078,-1.42,-0.62,-0.127,-0.056,-0.137,-0.092,61.43,50.7
"2024-09-23 04:30:00",4590,12.69,410,0,-0.079,-1.39,-0.69,-0.124,-0.062,-0.137,-0.097,61.58,50.33
"2024-09-23 05:00:00",4591,12.69,410,0,-0.078,-1.36,-0.69,-0.121,-0.062,-0.134,-0.097,60.91,49.76
"2024-09-23 05:30:00",4592,12.69,410,0,-0.081,-1.45,-0.69,-0.129,-0.062,-0.137,-0.097,62.45,50.21
"2024-09-23 06:00:00",4593,12.69,410,0,-0.078,-1.39,-0.65,-0.123,-0.059,-0.134,-0.097,62,50.17
"2024-09-23 06:30:00",4594,12.69,410,0,-0.078,-1.35,-0.73,-0.121,-0.065,-0.131,-0.1,61.78,50.79
"2024-09-23 07:00:00",4595,12.69,410,0,-0.082,-1.44,-0.73,-0.129,-0.065,-0.139,-0.103,61.88,50.48
"2024-09-23 07:30:00",4596,12.68,410,0,-0.075,-1.37,-0.58,-0.122,-0.052,-0.133,-0.088,61.67,51.52
"2024-09-23 08:00:00",4597,12.69,410,0,-0.049,-1.16,-0.06,-0.103,-0.006,-0.114,-0.048,62.04,50.63
"2024-09-23 08:30:00",4598,12.68,410,0,-0.01,-0.83,0.77,-0.074,0.068,-0.088,0.021,63.45,52.19
"2024-09-23 09:00:00",4599,12.68,410,0,0.078,-0.14,2.68,-0.013,0.237,-0.033,0.17,63.76,53.35
"2024-09-23 09:30:00",4600,12.69,410,0,0.162,0.51,4.49,0.046,0.398,0.03,0.324,66.11,52.62
"2024-09-23 10:00:00",4601,12.69,410,0,0.246,1.2,6.24,0.106,0.552,0.078,0.439,64.2,53.21
"2024-09-23 10:30:00",4602,12.69,410,0,0.325,1.8,7.96,0.159,0.705,0.133,0.579,66.78,54.28
"2024-09-23 11:00:00",4603,12.69,410,0,0.371,2.16,8.94,0.191,0.791,0.158,0.658,63.97,53.4
"2024-09-23 11:30:00",4604,12.7,410,0,0.448,2.92,10.36,0.258,0.917,0.225,0.751,66.14,52.91
"2024-09-23 12:00:00",4605,12.7,410,0,0.478,3.07,11.12,0.272,0.984,0.24,0.819,66.29,52.36
"2024-09-23 12:30:00",4606,12.7,410,0,0.462,3.07,10.62,0.272,0.94,0.227,0.772,64.33,52.78
"2024-09-23 13:00:00",4607,12.71,410,0,0.417,2.63,9.76,0.233,0.864,0.192,0.706,64.25,52.43
"2024-09-23 13:30:00",4608,12.71,410,0,0.337,1.95,8.12,0.173,0.719,0.14,0.589,63.85,52.61
"2024-09-23 14:00:00",4609,12.71,410,0,0.228,1.12,5.77,0.099,0.511,0.071,0.404,64.73,52.92
"2024-09-23 14:30:00",4610,12.71,410,0,0.166,0.57,4.52,0.05,0.4,0.031,0.31,64.29,53.57
"2024-09-23 15:00:00",4611,12.71,410,0,0.148,0.4,4.17,0.035,0.37,0.013,0.281,63.47,52.48
"2024-09-23 15:30:00",4612,12.7,410,0,0.102,0.03,3.2,0.003,0.283,-0.019,0.207,62.62,51.07
"2024-09-23 16:00:00",4613,12.71,410,0,0.027,-0.54,1.58,-0.049,0.14,-0.066,0.084,62.38,51.82
"2024-09-23 16:30:00",4614,12.7,410,0,0,-0.73,0.98,-0.066,0.087,-0.08,0.033,62.73,50.76
"2024-09-23 17:00:00",4615,12.7,410,0,0.02,-0.65,1.49,-0.058,0.132,-0.073,0.078,61.94,51.79
"2024-09-23 17:30:00",4616,12.7,410,0,0.025,-0.63,1.65,-0.057,0.146,-0.074,0.087,62.23,51.66
"2024-09-23 18:00:00",4617,12.7,410,0,0.008,-0.72,1.21,-0.065,0.107,-0.079,0.054,62.4,51.42
"2024-09-23 18:30:00",4618,12.69,410,0,-0.019,-1.04,0.74,-0.093,0.066,-0.104,0.015,60.34,50.62
"2024-09-23 19:00:00",4619,12.69,410,0,-0.044,-1.18,0.15,-0.106,0.013,-0.117,-0.036,60.65,50.66
"2024-09-23 19:30:00",4620,12.69,410,0,-0.056,-1.23,-0.18,-0.11,-0.017,-0.123,-0.058,59.45,50.3
"2024-09-23 20:00:00",4621,12.69,410,0,-0.066,-1.36,-0.32,-0.122,-0.03,-0.135,-0.067,60.73,50.17
"2024-09-23 20:30:00",4622,12.69,410,0,-0.067,-1.36,-0.36,-0.121,-0.033,-0.131,-0.07,61.73,51.43
"2024-09-23 21:00:00",4623,12.68,410,0,-0.069,-1.36,-0.4,-0.121,-0.036,-0.132,-0.073,61.16,50.59
"2024-09-23 21:30:00",4624,12.68,410,0,-0.07,-1.39,-0.4,-0.124,-0.036,-0.135,-0.073,61.56,50.58
"2024-09-23 22:00:00",4625,12.68,410,0,-0.071,-1.36,-0.47,-0.122,-0.043,-0.132,-0.079,61.47,50.34
"2024-09-23 22:30:00",4626,12.68,410,0,-0.071,-1.36,-0.47,-0.121,-0.042,-0.134,-0.079,61.06,50.24
"2024-09-23 23:00:00",4627,12.68,410,0,-0.072,-1.39,-0.47,-0.124,-0.043,-0.132,-0.082,61.25,50.01
"2024-09-23 23:30:00",4628,12.67,410,0,-0.073,-1.42,-0.47,-0.127,-0.042,-0.135,-0.079,60.82,51.09
"2024-09-24 00:00:00",4629,12.67,410,0,-0.073,-1.36,-0.55,-0.121,-0.049,-0.135,-0.088,60.14,50.67
"2024-09-24 00:30:00",4630,12.67,410,0,-0.073,-1.36,-0.54,-0.121,-0.049,-0.132,-0.085,62.57,50.06
"2024-09-24 01:00:00",4631,12.67,410,0,-0.073,-1.39,-0.51,-0.124,-0.046,-0.134,-0.085,62.49,51.09
"2024-09-24 01:30:00",4632,12.67,410,0,-0.072,-1.36,-0.51,-0.121,-0.046,-0.135,-0.085,62.07,49.56
"2024-09-24 02:00:00",4633,12.67,410,0,-0.074,-1.36,-0.58,-0.121,-0.052,-0.132,-0.085,62.23,50.57
"2024-09-24 02:30:00",4634,12.67,410,0,-0.074,-1.39,-0.54,-0.124,-0.049,-0.132,-0.088,61.65,49.99
"2024-09-24 03:00:00",4635,12.66,410,0,-0.074,-1.32,-0.62,-0.118,-0.055,-0.129,-0.094,61.07,50.25
"2024-09-24 03:30:00",4636,12.67,410,0,-0.077,-1.42,-0.58,-0.127,-0.052,-0.135,-0.091,60.56,50.57
"2024-09-24 04:00:00",4637,12.66,410,0,-0.075,-1.36,-0.62,-0.121,-0.055,-0.132,-0.088,61.51,50.53
"2024-09-24 04:30:00",4638,12.66,410,0,-0.079,-1.45,-0.62,-0.13,-0.056,-0.14,-0.095,62.58,49.92
"2024-09-24 05:00:00",4639,12.66,410,0,-0.077,-1.39,-0.62,-0.123,-0.055,-0.134,-0.094,61.43,50.59
"2024-09-24 05:30:00",4640,12.66,410,0,-0.078,-1.39,-0.65,-0.123,-0.059,-0.134,-0.094,62.23,50.83
"2024-09-24 06:00:00",4641,12.66,410,0,-0.08,-1.42,-0.69,-0.126,-0.062,-0.14,-0.097,61.65,50.41
"2024-09-24 06:30:00",4642,12.66,410,0,-0.079,-1.39,-0.69,-0.123,-0.062,-0.132,-0.097,60.56,50.68
"2024-09-24 07:00:00",4643,12.66,410,0,-0.078,-1.39,-0.65,-0.123,-0.059,-0.132,-0.097,61.43,50.71
"2024-09-24 07:30:00",4644,12.66,410,0,-0.075,-1.35,-0.61,-0.12,-0.055,-0.133,-0.094,61.97,51.67
"2024-09-24 08:00:00",4645,12.66,410,0,-0.064,-1.29,-0.36,-0.115,-0.032,-0.125,-0.069,61.98,51.41
"2024-09-24 08:30:00",4646,12.66,410,0,-0.061,-1.23,-0.32,-0.11,-0.029,-0.121,-0.07,62.02,50.2
"2024-09-24 09:00:00",4647,12.66,410,0,-0.047,-1.12,-0.03,-0.1,-0.003,-0.114,-0.042,61.81,51.41
"2024-09-24 09:30:00",4648,12.66,410,0,-0.033,-1.04,0.29,-0.093,0.026,-0.105,-0.015,62.63,52.33
"2024-09-24 10:00:00",4649,12.66,410,0,-0.015,-0.9,0.68,-0.081,0.06,-0.095,0.018,63,51.18
"2024-09-24 10:30:00",4650,12.66,410,0,0.053,-0.31,2.11,-0.028,0.187,-0.043,0.128,64.88,53.22
"2024-09-24 11:00:00",4651,12.66,410,0,0.159,0.6,4.26,0.053,0.377,0.035,0.288,67.51,56.79
"2024-09-24 11:30:00",4652,12.66,410,0,0.315,1.61,7.88,0.142,0.698,0.123,0.582,66.27,55.29
"2024-09-24 12:00:00",4653,12.67,410,0,0.281,1.56,6.88,0.138,0.609,0.109,0.489,64.76,53.21
"2024-09-24 12:30:00",4654,12.66,410,0,0.24,1.24,6,0.11,0.531,0.081,0.432,64.6,52.78
"2024-09-24 13:00:00",4655,12.67,410,0,0.259,1.39,6.4,0.123,0.566,0.095,0.459,67.2,53.02
"2024-09-24 13:30:00",4656,12.67,410,0,0.253,1.26,6.39,0.111,0.565,0.079,0.455,63.8,53.65
"2024-09-24 14:00:00",4657,12.67,410,0,0.202,0.87,5.27,0.077,0.466,0.052,0.373,64.29,53.46
"2024-09-24 14:30:00",4658,12.67,410,0,0.151,0.49,4.14,0.043,0.367,0.021,0.282,63,52.85
"2024-09-24 15:00:00",4659,12.66,410,0,0.104,0.06,3.24,0.005,0.287,-0.016,0.21,63.34,52.09
"2024-09-24 15:30:00",4660,12.66,410,0,0.115,0.21,3.38,0.018,0.299,-0.003,0.226,65.09,52.85
"2024-09-24 16:00:00",4661,12.66,410,0,0.133,0.24,3.91,0.021,0.346,0.003,0.263,62.72,53.41
"2024-09-24 16:30:00",4662,12.66,410,0,0.144,0.36,4.09,0.032,0.362,0.008,0.277,64.33,53.5
"2024-09-24 17:00:00",4663,12.66,410,0,0.102,0.03,3.22,0.003,0.285,-0.016,0.211,63.53,52.96
"2024-09-24 17:30:00",4664,12.66,410,0,0.054,-0.36,2.21,-0.032,0.195,-0.05,0.13,62.34,51.36
"2024-09-24 18:00:00",4665,12.66,410,0,0.021,-0.61,1.48,-0.055,0.131,-0.074,0.073,61.57,52.27
"2024-09-24 18:30:00",4666,12.66,410,0,-0.019,-0.91,0.59,-0.082,0.053,-0.099,0.006,60.54,52.23
"2024-09-24 19:00:00",4667,12.66,410,0,-0.044,-1.16,0.11,-0.103,0.01,-0.117,-0.031,60.75,50.77
"2024-09-24 19:30:00",4668,12.65,410,0,-0.055,-1.24,-0.14,-0.111,-0.013,-0.125,-0.052,61.35,50.36
"2024-09-24 20:00:00",4669,12.65,410,0,-0.063,-1.31,-0.29,-0.117,-0.026,-0.13,-0.067,60.65,50.09
"2024-09-24 20:30:00",4670,12.65,410,0,-0.065,-1.34,-0.32,-0.119,-0.03,-0.13,-0.067,62.13,49.05
"2024-09-24 21:00:00",4671,12.65,410,0,-0.069,-1.36,-0.4,-0.122,-0.036,-0.132,-0.076,61.1,51.22
"2024-09-24 21:30:00",4672,12.65,410,0,-0.074,-1.39,-0.55,-0.124,-0.049,-0.132,-0.086,61.48,50.92
"2024-09-24 22:00:00",4673,12.65,410,0,-0.076,-1.4,-0.58,-0.125,-0.053,-0.135,-0.085,61.48,49.92
"2024-09-24 22:30:00",4674,12.64,410,0,-0.075,-1.4,-0.55,-0.125,-0.049,-0.135,-0.085,61.78,50.23
"2024-09-24 23:00:00",4675,12.64,410,0,-0.077,-1.4,-0.62,-0.125,-0.056,-0.135,-0.092,61.79,49.82
"2024-09-24 23:30:00",4676,12.64,410,0,-0.076,-1.4,-0.58,-0.125,-0.053,-0.135,-0.092,62.85,49.52
"2024-09-25 00:00:00",4677,12.64,410,0,-0.077,-1.43,-0.58,-0.127,-0.053,-0.135,-0.092,60.96,50.39
"2024-09-25 00:30:00",4678,12.64,410,0,-0.077,-1.43,-0.58,-0.127,-0.053,-0.135,-0.095,61.78,49.96
"2024-09-25 01:00:00",4679,12.64,410,0,-0.078,-1.43,-0.62,-0.127,-0.056,-0.135,-0.095,60.6,50.04
"2024-09-25 01:30:00",4680,12.64,410,0,-0.079,-1.39,-0.7,-0.124,-0.062,-0.135,-0.095,60.92,50.77
"2024-09-25 02:00:00",4681,12.63,410,0,-0.076,-1.36,-0.65,-0.121,-0.059,-0.137,-0.097,61.43,50.29
"2024-09-25 02:30:00",4682,12.63,410,0,-0.079,-1.39,-0.69,-0.124,-0.062,-0.135,-0.098,61.83,50.28
"2024-09-25 03:00:00",4683,12.63,410,0,-0.08,-1.42,-0.69,-0.127,-0.062,-0.137,-0.1,61.77,49.38
"2024-09-25 03:30:00",4684,12.63,410,0,-0.08,-1.43,-0.66,-0.127,-0.059,-0.135,-0.095,62.26,50.43
"2024-09-25 04:00:00",4685,12.63,410,0,-0.083,-1.45,-0.73,-0.13,-0.065,-0.137,-0.101,62.07,50.51
"2024-09-25 04:30:00",4686,12.63,410,0,-0.08,-1.4,-0.7,-0.125,-0.062,-0.138,-0.098,61.54,51.54
"2024-09-25 05:00:00",4687,12.63,410,0,-0.084,-1.45,-0.77,-0.13,-0.069,-0.14,-0.101,61.69,49.7
"2024-09-25 05:30:00",4688,12.63,410,0,-0.081,-1.44,-0.7,-0.128,-0.062,-0.139,-0.101,61.92,50.25
"2024-09-25 06:00:00",4689,12.63,410,0,-0.081,-1.38,-0.77,-0.123,-0.069,-0.131,-0.101,62.12,50.98
"2024-09-25 06:30:00",4690,12.63,410,0,-0.081,-1.41,-0.73,-0.126,-0.065,-0.14,-0.103,62.11,49.04
"2024-09-25 07:00:00",4691,12.63,410,0,-0.083,-1.45,-0.73,-0.129,-0.065,-0.135,-0.103,61.44,51.3
"2024-09-25 07:30:00",4692,12.62,410,0,-0.082,-1.42,-0.76,-0.127,-0.069,-0.137,-0.104,63.16,50.93
"2024-09-25 08:00:00",4693,12.63,410,0,-0.078,-1.38,-0.69,-0.123,-0.062,-0.131,-0.097,62.75,50.93
"2024-09-25 08:30:00",4694,12.63,410,0,-0.072,-1.35,-0.54,-0.12,-0.048,-0.131,-0.085,62.91,51.67
"2024-09-25 09:00:00",4695,12.63,410,0,-0.062,-1.27,-0.32,-0.114,-0.029,-0.125,-0.066,63.12,50.48
"2024-09-25 09:30:00",4696,12.63,410,0,-0.053,-1.22,-0.1,-0.109,-0.01,-0.12,-0.048,62.32,52.17
"2024-09-25 10:00:00",4697,12.63,410,0,-0.027,-0.99,0.43,-0.089,0.038,-0.103,-0.006,65.08,52.69
"2024-09-25 10:30:00",4698,12.63,410,0,0.019,-0.66,1.48,-0.059,0.131,-0.076,0.078,62.28,52.97
"2024-09-25 11:00:00",4699,12.63,410,0,0.072,-0.25,2.64,-0.023,0.234,-0.041,0.168,65.18,54.47
"2024-09-25 11:30:00",4700,12.63,410,0,0.103,0.06,3.19,0.005,0.282,-0.016,0.204,63.88,54.99
"2024-09-25 12:00:00",4701,12.63,410,0,0.112,0.12,3.41,0.011,0.302,-0.01,0.229,65.6,52.95
"2024-09-25 12:30:00",4702,12.63,410,0,0.157,0.5,4.33,0.044,0.383,0.02,0.301,64.85,53.04
"2024-09-25 13:00:00",4703,12.63,410,0,0.161,0.54,4.4,0.048,0.39,0.029,0.301,64.09,53.79
"2024-09-25 13:30:00",4704,12.64,410,0,0.124,0.22,3.64,0.019,0.322,-0.003,0.245,61.89,52.59
"2024-09-25 14:00:00",4705,12.63,410,0,-0.022,-0.85,0.41,-0.076,0.036,-0.093,-0.009,62.27,50.72
"2024-09-25 14:30:00",4706,12.63,410,0,-0.07,-1.35,-0.47,-0.12,-0.042,-0.131,-0.079,61.38,49.72
"2024-09-25 15:00:00",4707,12.63,410,0,-0.076,-1.36,-0.65,-0.121,-0.059,-0.132,-0.098,61.97,50.74
"2024-09-25 15:30:00",4708,12.63,410,0,-0.079,-1.43,-0.65,-0.128,-0.059,-0.141,-0.091,61.12,49.72
"2024-09-25 16:00:00",4709,12.63,410,0,-0.064,-1.35,-0.28,-0.121,-0.026,-0.129,-0.066,62.94,51.8
"2024-09-25 16:30:00",4710,12.63,410,0,-0.031,-1.15,0.51,-0.103,0.045,-0.114,0,61.45,50.48
"2024-09-25 17:00:00",4711,12.63,410,0,-0.009,-0.92,0.92,-0.082,0.082,-0.094,0.03,61.43,51.86
"2024-09-25 17:30:00",4712,12.62,410,0,-0.004,-0.92,1.07,-0.082,0.095,-0.097,0.043,61.31,51.32
"2024-09-25 18:00:00",4713,12.63,410,0,-0.019,-0.95,0.63,-0.085,0.056,-0.099,0.006,61.26,51.53
