"TOA5","CR300Series_310","CR300","5804","CR300.Std.11.00","CPU:CR300_sapflow.CR300","32345","Table1"
"TIMESTAMP","RECORD","BattV_Min","id","SDI0","SapFlwTot0","VhOuter0","VhInner0","AlphaOut0","AlphaIn0","BetaOut0","BetaIn0","tMaxTout0","tMaxTin0"
"TS","RN","Volts","","","literPerHour","heatVelocity","heatVelocity","logTRatio","logTRatio","logTRatio","logTRatio","second","second"
"","","Min","Smp","Smp","Smp","Smp","Smp","Smp","Smp","Smp","Smp","Smp","Smp"
"2025-01-10 14:30:00",9790,13.08,310,0,-0.345,-3.27,-13.93,-0.272,-1.153,-0.278,-1.153,63.52,67.08
"2025-01-10 15:00:00",9791,13.02,310,0,-0.356,-2.81,-15.13,-0.234,-1.253,-0.232,-1.299,66.45,65.26
"2025-01-10 15:30:00",9792,13.01,310,0,-0.359,-2.75,-15.39,-0.23,-1.273,-0.22,-1.273,68.08,60.14
"2025-01-10 16:00:00",9793,13,310,0,-0.375,-2.65,-16.37,-0.222,-1.355,-0.226,-1.386,67.95,71.01
"2025-01-10 16:30:00",9794,12.99,310,0,-0.37,-2.4,-16.45,-0.2,-1.361,-0.205,-1.411,70.07,65.64
"2025-01-10 17:00:00",9795,12.99,310,0,-0.381,-2.2,-17.29,-0.183,-1.431,-0.188,-1.494,71.32,59.14
"2025-01-10 17:30:00",9796,12.98,310,0,-0.383,-2.34,-17.18,-0.195,-1.421,-0.198,-1.455,72,58.57
"2025-01-10 18:00:00",9797,12.98,310,0,-0.433,-2.53,-19.6,-0.21,-1.622,-0.213,-1.61,72.88,60.45
"2025-01-10 18:30:00",9798,12.97,310,0,-0.466,-2.6,-21.26,-0.216,-1.758,-0.223,-1.808,72.5,57.57
"2025-01-10 19:00:00",9799,12.97,310,0,-0.428,-2.71,-19.11,-0.226,-1.581,-0.232,-1.624,73.2,56.52
"2025-01-10 19:30:00",9800,12.97,310,0,-0.366,-2.25,-16.44,-0.187,-1.36,-0.193,-1.343,74.81,55.89
"2025-01-10 20:00:00",9801,12.97,310,0,-0.315,-2.23,-13.72,-0.187,-1.136,-0.197,-1.105,75.63,53.7
"2025-01-10 20:30:00",9802,12.96,310,0,-0.268,-2.04,-11.49,-0.171,-0.951,-0.176,-0.911,78,53.32
"2025-01-10 21:00:00",9803,12.96,310,0,-0.234,-1.88,-9.89,-0.158,-0.819,-0.172,-0.782,78.32,53.89
"2025-01-10 21:30:00",9804,12.96,310,0,-0.202,-1.78,-8.37,-0.15,-0.693,-0.168,-0.663,77.76,55.83
"2025-01-10 22:00:00",9805,12.96,310,0,-0.166,-1.59,-6.69,-0.134,-0.555,-0.147,-0.522,80.5,56.52
"2025-01-10 22:30:00",9806,12.96,310,0,-0.144,-1.45,-5.72,-0.121,-0.475,-0.134,-0.454,82,58.02
"2025-01-10 23:00:00",9807,12.96,310,0,-0.13,-1.6,-4.77,-0.135,-0.396,-0.148,-0.378,78.56,58.63
"2025-01-10 23:30:00",9808,12.95,310,0,-0.111,-1.29,-4.18,-0.109,-0.348,-0.121,-0.337,83,60.82
"2025-01-11 00:00:00",9809,12.95,310,0,-0.105,-1.22,-3.94,-0.103,-0.328,-0.124,-0.312,82.9,62.2
"2025-01-11 00:30:00",9810,12.95,310,0,-0.095,-1.1,-3.6,-0.093,-0.3,-0.11,-0.301,86.5,61.32
"2025-01-11 01:00:00",9811,12.94,310,0,-0.087,-1.04,-3.21,-0.088,-0.267,-0.101,-0.269,84.2,64.01
"2025-01-11 01:30:00",9812,12.94,310,0,-0.08,-1,-2.9,-0.085,-0.242,-0.098,-0.24,82.8,62.57
"2025-01-11 02:00:00",9813,12.94,310,0,-0.07,-0.83,-2.62,-0.071,-0.219,-0.084,-0.217,83.7,65.51
"2025-01-11 02:30:00",9814,12.94,310,0,-0.07,-0.94,-2.48,-0.079,-0.207,-0.092,-0.209,85.7,64
"2025-01-11 03:00:00",9815,12.94,310,0,-0.068,-0.97,-2.33,-0.083,-0.194,-0.098,-0.206,86.6,66.63
"2025-01-11 03:30:00",9816,12.93,310,0,-0.065,-0.93,-2.19,-0.078,-0.183,-0.095,-0.195,85.8,66.32
"2025-01-11 04:00:00",9817,12.93,310,0,-0.061,-0.93,-1.99,-0.079,-0.167,-0.095,-0.174,86.6,68.14
"2025-01-11 04:30:00",9818,12.93,310,0,-0.055,-0.82,-1.81,-0.069,-0.151,-0.086,-0.163,87.9,68.45
"2025-01-11 05:00:00",9819,12.93,310,0,-0.052,-0.82,-1.67,-0.069,-0.14,-0.085,-0.152,87.7,67.26
"2025-01-11 05:30:00",9820,12.93,310,0,-0.048,-0.76,-1.56,-0.065,-0.131,-0.081,-0.147,86.8,69.57
"2025-01-11 06:00:00",9821,12.93,310,0,-0.049,-0.82,-1.49,-0.07,-0.125,-0.086,-0.141,89.3,69.89
"2025-01-11 06:30:00",9822,12.93,310,0,-0.045,-0.76,-1.38,-0.065,-0.115,-0.077,-0.131,89.6,71.38
"2025-01-11 07:00:00",9823,12.93,310,0,-0.045,-0.87,-1.25,-0.074,-0.106,-0.085,-0.121,89.3,71.14
"2025-01-11 07:30:00",9824,12.93,310,0,-0.039,-0.76,-1.08,-0.065,-0.092,-0.077,-0.112,89.8,73.88
"2025-01-11 08:00:00",9825,12.93,310,0,-0.039,-0.76,-1.08,-0.064,-0.092,-0.072,-0.107,91.1,73.38
"2025-01-11 08:30:00",9826,12.92,310,0,-0.037,-0.76,-0.97,-0.065,-0.083,-0.076,-0.102,90.1,72.44
"2025-01-11 09:00:00",9827,12.92,310,0,-0.031,-0.55,-0.91,-0.048,-0.078,-0.065,-0.097,89.4,73.51
"2025-01-11 09:30:00",9828,12.92,310,0,-0.032,-0.63,-0.86,-0.055,-0.073,-0.059,-0.092,91.6,74.14
"2025-01-11 10:00:00",9829,12.92,310,0,-0.029,-0.63,-0.69,-0.054,-0.06,-0.066,-0.079,95.6,76.46
"2025-01-11 10:30:00",9830,12.93,310,0,-0.032,-0.82,-0.59,-0.069,-0.051,-0.072,-0.074,90.3,77.65
"2025-01-11 11:00:00",9831,12.93,310,0,-0.026,-0.69,-0.48,-0.059,-0.042,-0.062,-0.057,95,78.09
"2025-01-11 11:30:00",9832,12.93,310,0,-0.037,-1.15,-0.42,-0.097,-0.037,-0.086,-0.057,95.6,80.4
"2025-01-11 12:00:00",9833,12.93,310,0,-0.031,-0.98,-0.33,-0.083,-0.029,-0.073,-0.041,94.4,81
"2025-01-11 12:30:00",9834,12.93,310,0,-0.022,-0.7,-0.23,-0.061,-0.021,-0.057,-0.033,95,85
"2025-01-11 13:00:00",9835,12.93,310,0,-0.019,-0.58,-0.23,-0.05,-0.021,-0.046,-0.032,98.6,85.9
"2025-01-11 13:30:00",9836,12.93,310,0,-0.024,-0.82,-0.19,-0.069,-0.017,-0.065,-0.028,94.9,84.7
"2025-01-11 14:00:00",9837,12.94,310,0,-0.029,-0.97,-0.23,-0.083,-0.021,-0.071,-0.024,101.3,86.9
"2025-01-11 14:30:00",9838,12.94,310,0,-0.017,-0.59,-0.13,-0.051,-0.013,-0.043,-0.012,92.4,85.7
"2025-01-11 15:00:00",9839,12.94,310,0,-0.022,-0.8,-0.07,-0.068,-0.009,-0.063,-0.012,93.4,86.4
"2025-01-11 15:30:00",9840,12.93,310,0,-0.026,-0.96,-0.13,-0.08,-0.013,-0.078,-0.021,97,87.1
"2025-01-11 16:00:00",9841,12.93,310,0,-0.024,-0.86,-0.13,-0.072,-0.013,-0.063,-0.017,95.3,88.9
"2025-01-11 16:30:00",9842,12.93,310,0,-0.018,-0.63,-0.13,-0.055,-0.013,-0.051,-0.017,95,85.6
"2025-01-11 17:00:00",9843,12.92,310,0,-0.019,-0.7,-0.09,-0.06,-0.009,-0.047,-0.013,94.8,86.9
"2025-01-11 17:30:00",9844,12.92,310,0,-0.017,-0.62,-0.07,-0.053,-0.009,-0.049,-0.012,98.6,86.4
"2025-01-11 18:00:00",9845,12.92,310,0,-0.019,-0.65,-0.13,-0.056,-0.013,-0.051,-0.02,102.4,89.4
"2025-01-11 18:30:00",9846,12.91,310,0,-0.017,-0.56,-0.13,-0.049,-0.013,-0.037,-0.012,97.4,88.8
"2025-01-11 19:00:00",9847,12.91,310,0,-0.023,-0.8,-0.13,-0.068,-0.013,-0.059,-0.013,101.6,87.6
"2025-01-11 19:30:00",9848,12.9,310,0,-0.015,-0.55,-0.07,-0.048,-0.009,-0.056,-0.012,100.7,87.8
"2025-01-11 20:00:00",9849,12.9,310,0,-0.018,-0.68,-0.07,-0.057,-0.009,-0.053,-0.012,99.3,89.8
"2025-01-11 20:30:00",9850,12.9,310,0,-0.019,-0.69,-0.07,-0.059,-0.009,-0.046,-0.012,98.1,87.1
"2025-01-11 21:00:00",9851,12.9,310,0,-0.019,-0.7,-0.07,-0.06,-0.009,-0.063,-0.012,100.4,87.7
"2025-01-11 21:30:00",9852,12.9,310,0,-0.014,-0.47,-0.13,-0.04,-0.013,-0.033,-0.013,101.9,88.7
"2025-01-11 22:00:00",9853,12.89,310,0,-0.015,-0.55,-0.07,-0.048,-0.009,-0.044,-0.016,100.4,88.2
"2025-01-11 22:30:00",9854,12.89,310,0,-0.02,-0.69,-0.13,-0.058,-0.013,-0.062,-0.017,93.2,88.5
"2025-01-11 23:00:00",9855,12.89,310,0,-0.071,-2.55,-0.34,-0.213,-0.03,-0.199,-0.042,102.7,86
"2025-01-11 23:30:00",9856,12.89,310,0,-0.108,-3.95,-0.45,-0.329,-0.039,-0.323,-0.055,97.5,84.4
"2025-01-12 00:00:00",9857,12.88,310,0,-0.125,-4.63,-0.45,-0.384,-0.039,-0.38,-0.055,98.1,85.6
"2025-01-12 00:30:00",9858,12.88,310,0,-0.227,-8.44,-0.8,-0.699,-0.068,-0.737,-0.08,84.9,80.2
"2025-01-12 01:00:00",9859,12.88,310,0,-0.3,-11.69,-0.33,-0.967,-0.029,-0.908,-0.038,110,79.81
"2025-01-12 01:30:00",9860,12.87,310,0,-0.323,-12.5,-0.49,-1.035,-0.043,-0.949,-0.047,107,76.62
"2025-01-12 02:00:00",9861,12.87,310,0,-0.324,-12.49,-0.55,-1.033,-0.047,-0.981,-0.06,102.4,77.99
"2025-01-12 02:30:00",9862,12.87,310,0,-0.26,-10.01,-0.45,-0.829,-0.039,-0.78,-0.044,98.5,77.79
"2025-01-12 03:00:00",9863,12.87,310,0,-0.173,-6.62,-0.34,-0.549,-0.031,-0.496,-0.031,101.5,74.55
"2025-01-12 03:30:00",9864,12.86,310,0,-0.199,-7.51,-0.56,-0.623,-0.048,-0.536,-0.053,94.1,73.16
"2025-01-12 04:00:00",9865,12.86,310,0,-0.203,-7.37,-0.93,-0.611,-0.079,-0.56,-0.078,86.8,72.17
"2025-01-12 04:30:00",9866,12.85,310,0,-0.187,-6.85,-0.76,-0.568,-0.065,-0.511,-0.064,103.7,71.79
"2025-01-12 05:00:00",9867,12.85,310,0,-0.208,-7.89,-0.51,-0.654,-0.044,-0.654,-0.05,79.52,70.34
"2025-01-12 05:30:00",9868,12.85,310,0,-0.18,-6.63,-0.7,-0.55,-0.06,-0.405,-0.053,109.1,72.91
"2025-01-12 06:00:00",9869,12.84,310,0,-0.212,-7.89,-0.73,-0.654,-0.063,-0.619,-0.07,84.6,68.4
"2025-01-12 06:30:00",9870,12.84,310,0,-0.188,-6.99,-0.68,-0.58,-0.058,-0.446,-0.058,108.8,68.67
"2025-01-12 07:00:00",9871,12.84,310,0,-0.187,-6.99,-0.61,-0.58,-0.052,-0.511,-0.052,83.9,66.98
"2025-01-12 07:30:00",9872,12.83,310,0,-0.17,-6.15,-0.83,-0.511,-0.07,-0.425,-0.07,108.4,67.22
"2025-01-12 08:00:00",9873,12.83,310,0,-0.196,-7.09,-0.93,-0.588,-0.079,-0.477,-0.071,108.3,65.6
"2025-01-12 08:30:00",9874,12.83,310,0,-0.177,-6.5,-0.72,-0.539,-0.062,-0.425,-0.061,109.9,65.49
"2025-01-12 09:00:00",9875,12.83,310,0,-0.225,-8.37,-0.77,-0.693,-0.065,-0.56,-0.065,108.1,65.19
"2025-01-12 09:30:00",9876,12.84,310,0,-0.311,-11.84,-0.72,-0.981,-0.062,-0.887,-0.054,105.3,67.14
"2025-01-12 10:00:00",9877,12.84,310,0,-0.156,-5.57,-0.87,-0.462,-0.075,-0.454,-0.074,66.47,69.03
"2025-01-12 10:30:00",9878,12.86,310,0,-0.166,-5.8,-1.07,-0.482,-0.09,-0.477,-0.1,72.09,71.66
"2025-01-12 11:00:00",9879,12.86,310,0,-0.137,-4.74,-0.97,-0.393,-0.082,-0.405,-0.089,70.6,76.91
"2025-01-12 11:30:00",9880,12.87,310,0,-0.039,-1.31,-0.34,-0.11,-0.03,-0.13,-0.041,83.5,82.6
"2025-01-12 12:00:00",9881,12.87,310,0,-0.015,-0.51,-0.13,-0.043,-0.013,-0.056,-0.016,95.5,85
"2025-01-12 12:30:00",9882,12.88,310,0,-0.024,-0.93,-0.03,-0.078,-0.004,-0.085,-0.008,94.6,88.4
"2025-01-12 13:00:00",9883,12.88,310,0,-0.019,-0.75,-0.03,-0.064,-0.004,-0.062,-0.012,105.4,90.5
"2025-01-12 13:30:00",9884,12.88,310,0,-0.019,-0.7,-0.07,-0.061,-0.008,-0.047,-0.016,102.4,90.2
"2025-01-12 14:00:00",9885,12.88,310,0,-0.016,-0.63,-0.03,-0.055,-0.004,-0.055,-0.012,96.8,86.9
"2025-01-12 14:30:00",9886,12.88,310,0,-0.021,-0.83,-0.03,-0.07,-0.004,-0.07,-0.008,91.1,85.2
"2025-01-12 15:00:00",9887,12.88,310,0,-0.024,-0.91,-0.03,-0.077,-0.004,-0.084,-0.008,95.3,87.6
"2025-01-12 15:30:00",9888,12.88,310,0,-0.026,-0.98,-0.09,-0.084,-0.009,-0.082,-0.013,91.8,85.9
"2025-01-12 16:00:00",9889,12.88,310,0,-0.016,-0.56,-0.09,-0.049,-0.009,-0.041,-0.009,98,86.1
"2025-01-12 16:30:00",9890,12.87,310,0,-0.019,-0.69,-0.09,-0.059,-0.009,-0.055,-0.013,92,85.8
"2025-01-12 17:00:00",9891,12.87,310,0,-0.013,-0.51,-0.03,-0.043,-0.005,-0.036,-0.009,93.8,85.6
"2025-01-12 17:30:00",9892,12.87,310,0,-0.017,-0.65,-0.03,-0.055,-0.004,-0.051,-0.004,95.3,86.6
"2025-01-12 18:00:00",9893,12.86,310,0,-0.096,-3.55,-0.35,-0.295,-0.031,-0.281,-0.043,99.6,84.4
"2025-01-12 18:30:00",9894,12.85,310,0,-0.398,-15.3,-0.73,-1.266,-0.063,-1.228,-0.071,107.7,79.8
"2025-01-12 19:00:00",9895,12.84,310,0,-0.244,-9.56,-0.21,-0.791,-0.02,-0.706,-0.025,105.5,77.85
"2025-01-12 19:30:00",9896,12.84,310,0,-0.144,-5.66,-0.1,-0.47,-0.01,-0.435,-0.01,107.5,77.11
"2025-01-12 20:00:00",9897,12.83,310,0,-0.159,-6.15,-0.23,-0.511,-0.021,-0.427,-0.021,106.1,74.17
"2025-01-12 20:30:00",9898,12.83,310,0,-0.142,-5.54,-0.17,-0.46,-0.016,-0.431,-0.021,103.5,74.86
"2025-01-12 21:00:00",9899,12.82,310,0,-0.157,-5.94,-0.38,-0.493,-0.033,-0.433,-0.033,105.4,74.97
"2025-01-12 21:30:00",9900,12.81,310,0,-0.152,-5.66,-0.52,-0.47,-0.045,-0.33,-0.045,109.5,74.04
"2025-01-12 22:00:00",9901,12.81,310,0,-0.165,-6.15,-0.54,-0.511,-0.047,-0.389,-0.046,107.5,71.85
"2025-01-12 22:30:00",9902,12.81,310,0,-0.191,-7.25,-0.48,-0.601,-0.042,-0.47,-0.041,109.9,71.99
"2025-01-12 23:00:00",9903,12.8,310,0,-0.185,-7.09,-0.35,-0.588,-0.031,-0.523,-0.031,109.5,71.1
"2025-01-12 23:30:00",9904,12.8,310,0,-0.147,-5.58,-0.35,-0.463,-0.032,-0.336,-0.032,109.5,71.6
"2025-01-13 00:00:00",9905,12.8,310,0,-0.178,-6.63,-0.61,-0.55,-0.052,-0.463,-0.045,105.4,72.73
"2025-01-13 00:30:00",9906,12.8,310,0,-0.178,-6.63,-0.61,-0.55,-0.052,-0.405,-0.058,108.5,70.85
"2025-01-13 01:00:00",9907,12.79,310,0,-0.199,-7.47,-0.62,-0.619,-0.053,-0.463,-0.053,106.9,71.98
"2025-01-13 01:30:00",9908,12.79,310,0,-0.213,-7.93,-0.72,-0.657,-0.061,-0.56,-0.061,109.3,70.6
"2025-01-13 02:00:00",9909,12.79,310,0,-0.189,-6.99,-0.72,-0.58,-0.062,-0.486,-0.062,109.4,69.74
"2025-01-13 02:30:00",9910,12.78,310,0,-0.19,-6.99,-0.73,-0.58,-0.062,-0.511,-0.069,109.9,69.79
"2025-01-13 03:00:00",9911,12.78,310,0,-0.2,-7.4,-0.75,-0.613,-0.063,-0.405,-0.07,109,69.86
"2025-01-13 03:30:00",9912,12.78,310,0,-0.189,-6.88,-0.83,-0.571,-0.071,-0.405,-0.078,109.9,67.49
"2025-01-13 04:00:00",9913,12.78,310,0,-0.251,-9.42,-0.76,-0.78,-0.065,-0.734,-0.065,109.7,67.79
"2025-01-13 04:30:00",9914,12.78,310,0,-0.192,-6.99,-0.89,-0.58,-0.075,-0.486,-0.074,109.9,67.29
"2025-01-13 05:00:00",9915,12.77,310,0,-0.191,-6.88,-0.97,-0.571,-0.082,-0.405,-0.082,108.6,66.23
"2025-01-13 05:30:00",9916,12.77,310,0,-0.191,-6.88,-0.96,-0.571,-0.081,-0.47,-0.074,108.2,67.04
"2025-01-13 06:00:00",9917,12.77,310,0,-0.199,-7.22,-0.94,-0.598,-0.08,-0.511,-0.087,104.4,65.73
"2025-01-13 06:30:00",9918,12.77,310,0,-0.198,-7.09,-1.04,-0.588,-0.088,-0.442,-0.087,107,67.86
"2025-01-13 07:00:00",9919,12.77,310,0,-0.179,-6.35,-1.04,-0.526,-0.088,-0.427,-0.087,108.5,66.05
"2025-01-13 07:30:00",9920,12.77,310,0,-0.164,-5.78,-1.01,-0.48,-0.086,-0.336,-0.093,108.5,65.81
"2025-01-13 08:00:00",9921,12.77,310,0,-0.158,-5.54,-1,-0.46,-0.085,-0.38,-0.084,107.8,65.62
"2025-01-13 08:30:00",9922,12.77,310,0,-0.259,-9.64,-0.89,-0.799,-0.076,-0.742,-0.082,109.4,65.69
"2025-01-13 09:00:00",9923,12.77,310,0,-0.325,-12.22,-0.93,-1.012,-0.079,-0.932,-0.079,108.7,66.76
"2025-01-13 09:30:00",9924,12.78,310,0,-0.216,-7.82,-1.04,-0.648,-0.088,-0.634,-0.088,68.2,69.01
"2025-01-13 10:00:00",9925,12.78,310,0,-0.167,-5.69,-1.28,-0.472,-0.107,-0.476,-0.107,75.53,69.1
"2025-01-13 10:30:00",9926,12.79,310,0,-0.148,-4.98,-1.19,-0.413,-0.1,-0.388,-0.108,87.9,74.23
"2025-01-13 11:00:00",9927,12.8,310,0,-0.06,-2.09,-0.4,-0.174,-0.035,-0.176,-0.047,84,80
"2025-01-13 11:30:00",9928,12.8,310,0,-0.033,-1.19,-0.19,-0.101,-0.017,-0.108,-0.029,97.4,85.2
"2025-01-13 12:00:00",9929,12.8,310,0,-0.021,-0.73,-0.13,-0.062,-0.013,-0.057,-0.02,103.9,88.9
"2025-01-13 12:30:00",9930,12.81,310,0,-0.025,-0.87,-0.19,-0.074,-0.017,-0.072,-0.02,107.5,89.1
"2025-01-13 13:00:00",9931,12.81,310,0,-0.003,-0.12,0,-0.012,0,-0.014,-0.004,101.3,92.9
"2025-01-13 13:30:00",9932,12.81,310,0,-0.012,-0.42,-0.07,-0.038,-0.008,-0.03,-0.016,102.2,90.5
"2025-01-13 14:00:00",9933,12.82,310,0,-0.025,-0.9,-0.13,-0.076,-0.013,-0.067,-0.016,95.5,89.8
"2025-01-13 14:30:00",9934,12.82,310,0,-0.025,-0.91,-0.09,-0.078,-0.009,-0.054,-0.013,101.8,83.9
"2025-01-13 15:00:00",9935,12.82,310,0,-0.022,-0.87,-0.03,-0.075,-0.004,-0.068,-0.008,100.3,87.1
"2025-01-13 15:30:00",9936,12.81,310,0,-0.02,-0.75,-0.09,-0.064,-0.009,-0.037,-0.013,108.9,88.3
"2025-01-13 16:00:00",9937,12.81,310,0,-0.03,-1,-0.24,-0.084,-0.022,-0.073,-0.026,97.2,83.8
"2025-01-13 16:30:00",9938,12.81,310,0,-0.021,-0.83,-0.03,-0.071,-0.005,-0.067,-0.013,91.5,85.6
"2025-01-13 17:00:00",9939,12.81,310,0,-0.015,-0.58,-0.03,-0.05,-0.005,-0.038,-0.009,90.3,81.8
"2025-01-13 17:30:00",9940,12.8,310,0,-0.016,-0.62,-0.03,-0.053,-0.005,-0.05,-0.004,94.4,86.5
"2025-01-13 18:00:00",9941,12.79,310,0,-0.02,-0.66,-0.2,-0.056,-0.018,-0.048,-0.022,96.8,85.1
"2025-01-13 18:30:00",9942,12.78,310,0,-0.019,-0.65,-0.14,-0.055,-0.013,-0.047,-0.013,100.1,87.4
"2025-01-13 19:00:00",9943,12.77,310,0,-0.02,-0.7,-0.14,-0.06,-0.013,-0.051,-0.017,98.7,86.7
"2025-01-13 19:30:00",9944,12.76,310,0,-0.014,-0.58,0,-0.05,0,-0.038,-0.009,101.3,88.2
"2025-01-13 20:00:00",9945,12.75,310,0,-0.2,-7.54,-0.58,-0.625,-0.05,-0.539,-0.061,110,82.5
"2025-01-13 20:30:00",9946,12.75,310,0,-0.253,-9.54,-0.69,-0.79,-0.059,-0.743,-0.075,109.2,85.3
"2025-01-13 21:00:00",9947,12.74,310,0,-0.327,-12.5,-0.69,-1.034,-0.059,-0.994,-0.075,109.3,83.4
"2025-01-13 21:30:00",9948,12.74,310,0,-0.335,-12.85,-0.65,-1.064,-0.056,-1.05,-0.064,107.5,80.6
"2025-01-13 22:00:00",9949,12.73,310,0,-0.339,-13.05,-0.61,-1.08,-0.052,-1.063,-0.055,107,81.1
"2025-01-13 22:30:00",9950,12.72,310,0,-0.36,-13.86,-0.61,-1.147,-0.052,-1.118,-0.06,95.3,79.1
"2025-01-13 23:00:00",9951,12.72,310,0,-0.337,-13.09,-0.44,-1.083,-0.039,-1.04,-0.047,109.3,78.86
"2025-01-13 23:30:00",9952,12.72,310,0,-0.355,-13.76,-0.49,-1.138,-0.043,-1.091,-0.052,108.7,77.54
"2025-01-14 00:00:00",9953,12.71,310,0,-0.362,-13.96,-0.62,-1.155,-0.053,-1.114,-0.057,109.7,77.05
"2025-01-14 00:30:00",9954,12.71,310,0,-0.362,-13.93,-0.62,-1.153,-0.053,-1.073,-0.057,106.5,77.85
"2025-01-14 01:00:00",9955,12.71,310,0,-0.302,-11.76,-0.34,-0.973,-0.03,-0.934,-0.035,91.2,75.79
"2025-01-14 01:30:00",9956,12.7,310,0,-0.176,-6.76,-0.35,-0.56,-0.031,-0.511,-0.031,102.6,77.23
"2025-01-14 02:00:00",9957,12.7,310,0,-0.186,-7.04,-0.49,-0.583,-0.042,-0.488,-0.047,109.8,75.67
"2025-01-14 02:30:00",9958,12.69,310,0,-0.198,-7.43,-0.58,-0.615,-0.049,-0.52,-0.049,104.6,72.47
"2025-01-14 03:00:00",9959,12.69,310,0,-0.174,-6.5,-0.58,-0.539,-0.05,-0.433,-0.05,109.1,73.48
"2025-01-14 03:30:00",9960,12.68,310,0,-0.208,-7.68,-0.8,-0.636,-0.069,-0.531,-0.068,101.5,72.79
"2025-01-14 04:00:00",9961,12.68,310,0,-0.187,-6.94,-0.69,-0.575,-0.059,-0.47,-0.053,100.3,70.92
"2025-01-14 04:30:00",9962,12.68,310,0,-0.182,-6.76,-0.63,-0.56,-0.055,-0.477,-0.049,108.9,70.48
"2025-01-14 05:00:00",9963,12.67,310,0,-0.202,-7.53,-0.66,-0.624,-0.057,-0.534,-0.063,110,72.09
"2025-01-14 05:30:00",9964,12.67,310,0,-0.173,-6.31,-0.76,-0.523,-0.065,-0.442,-0.059,101.9,71.28
"2025-01-14 06:00:00",9965,12.67,310,0,-0.2,-7.47,-0.63,-0.619,-0.054,-0.523,-0.054,108.1,71.16
"2025-01-14 06:30:00",9966,12.66,310,0,-0.2,-7.4,-0.75,-0.613,-0.063,-0.511,-0.063,109.3,69.66
"2025-01-14 07:00:00",9967,12.66,310,0,-0.225,-8.37,-0.77,-0.693,-0.065,-0.58,-0.058,107.9,65.54
"2025-01-14 07:30:00",9968,12.66,310,0,-0.212,-7.89,-0.7,-0.654,-0.06,-0.523,-0.06,109.6,68.41
"2025-01-14 08:00:00",9969,12.66,310,0,-0.254,-9.42,-0.91,-0.78,-0.077,-0.446,-0.069,109.1,65.67
"2025-01-14 08:30:00",9970,12.65,310,0,-0.168,-5.99,-0.96,-0.496,-0.081,-0.405,-0.074,109.1,65.42
"2025-01-14 09:00:00",9971,12.66,310,0,-0.279,-10.44,-0.9,-0.865,-0.076,-0.747,-0.076,108.7,67.5
"2025-01-14 09:30:00",9972,12.66,310,0,-0.353,-13.27,-1.01,-1.099,-0.085,-1.099,-0.079,70.76,66.82
"2025-01-14 10:00:00",9973,12.66,310,0,-0.382,-14.38,-1.1,-1.19,-0.093,-1.121,-0.086,75.13,67.7
"2025-01-14 10:30:00",9974,12.67,310,0,-0.242,-8.69,-1.24,-0.72,-0.104,-0.706,-0.104,67.65,70.71
"2025-01-14 11:00:00",9975,12.67,310,0,-0.225,-7.96,-1.32,-0.659,-0.112,-0.66,-0.122,72.78,71.59
"2025-01-14 11:30:00",9976,12.67,310,0,-0.216,-7.54,-1.39,-0.625,-0.117,-0.615,-0.129,70.09,74.65
"2025-01-14 12:00:00",9977,12.68,310,0,-0.102,-3.53,-0.69,-0.294,-0.059,-0.313,-0.075,74.46,76.77
"2025-01-14 12:30:00",9978,12.68,310,0,-0.042,-1.5,-0.24,-0.126,-0.022,-0.165,-0.039,87.1,81.9
"2025-01-14 13:00:00",9979,12.68,310,0,-0.019,-0.7,-0.09,-0.061,-0.009,-0.079,-0.021,96.2,84.2
"2025-01-14 13:30:00",9980,12.68,310,0,-0.024,-0.9,-0.09,-0.076,-0.009,-0.064,-0.017,93.3,86.1
"2025-01-14 14:00:00",9981,12.68,310,0,-0.027,-1.05,-0.03,-0.09,-0.004,-0.07,-0.009,94.4,86.7
"2025-01-14 14:30:00",9982,12.68,310,0,-0.014,-0.56,0,-0.048,0,-0.04,-0.004,94.7,88.2
"2025-01-14 15:00:00",9983,12.68,310,0,-0.015,-0.62,0,-0.054,0,-0.049,-0.004,104,86.5
"2025-01-14 15:30:00",9984,12.68,310,0,-0.016,-0.65,0,-0.056,0,-0.052,-0.004,99.1,87.6
"2025-01-14 16:00:00",9985,12.68,310,0,-0.021,-0.82,-0.03,-0.07,-0.004,-0.06,-0.013,97.8,87.4
"2025-01-14 16:30:00",9986,12.67,310,0,-0.013,-0.51,-0.03,-0.044,-0.005,-0.041,-0.004,93.9,85.2
"2025-01-14 17:00:00",9987,12.67,310,0,-0.012,-0.52,0.06,-0.045,0.005,-0.033,0.004,93.4,85
"2025-01-14 17:30:00",9988,12.66,310,0,-0.009,-0.38,0,-0.033,0,-0.022,-0.004,100,85.5
"2025-01-14 18:00:00",9989,12.65,310,0,-0.475,-18.03,-1.17,-1.492,-0.098,-1.45,-0.115,106.5,79.79
"2025-01-14 18:30:00",9990,12.65,310,0,-0.456,-17.52,-0.83,-1.449,-0.071,-1.439,-0.075,87.4,78.23
"2025-01-14 19:00:00",9991,12.64,310,0,-0.203,-7.81,-0.37,-0.647,-0.032,-0.602,-0.027,96.5,73.6
"2025-01-14 19:30:00",9992,12.63,310,0,-0.153,-5.8,-0.38,-0.482,-0.033,-0.435,-0.033,95,74.11
"2025-01-14 20:00:00",9993,12.63,310,0,-0.176,-6.76,-0.33,-0.56,-0.029,-0.448,-0.028,109.8,73.09
"2025-01-14 20:30:00",9994,12.63,310,0,-0.115,-4.29,-0.37,-0.357,-0.033,-0.288,-0.033,106.5,73.8
"2025-01-14 21:00:00",9995,12.62,310,0,-0.199,-7.64,-0.35,-0.633,-0.031,-0.606,-0.031,98.8,76.61
"2025-01-14 21:30:00",9996,12.62,310,0,-0.367,-14.24,-0.47,-1.179,-0.04,-1.179,-0.045,84.1,76.93
"2025-01-14 22:00:00",9997,12.62,310,0,-0.502,-19.31,-0.91,-1.597,-0.077,-1.591,-0.094,83,78.31
"2025-01-14 22:30:00",9998,12.62,310,0,-0.399,-15.08,-1.05,-1.248,-0.089,-1.283,-0.105,75.12,78.93
"2025-01-14 23:00:00",9999,12.63,310,0,-0.164,-6.06,-0.63,-0.502,-0.055,-0.565,-0.066,78.75,80.1
"2025-01-14 23:30:00",10000,12.62,310,0,-0.105,-3.94,-0.31,-0.327,-0.028,-0.365,-0.044,82.7,83.5
"2025-01-15 00:00:00",10001,12.62,310,0,-0.378,-14.45,-0.77,-1.195,-0.065,-1.199,-0.082,101.8,81.4
"2025-01-15 00:30:00",10002,12.62,310,0,-0.372,-14.21,-0.77,-1.176,-0.066,-1.19,-0.078,94,79.87
"2025-01-15 01:00:00",10003,12.62,310,0,-0.336,-12.92,-0.62,-1.069,-0.053,-1.063,-0.061,80.2,79.74
"2025-01-15 01:30:00",10004,12.61,310,0,-0.267,-10.41,-0.27,-0.862,-0.025,-0.797,-0.029,103.5,77.36
"2025-01-15 02:00:00",10005,12.61,310,0,-0.253,-9.75,-0.4,-0.808,-0.035,-0.791,-0.035,86.5,77.31
"2025-01-15 02:30:00",10006,12.61,310,0,-0.181,-6.99,-0.28,-0.58,-0.026,-0.584,-0.036,80.1,74.42
"2025-01-15 03:00:00",10007,12.61,310,0,-0.179,-6.83,-0.38,-0.566,-0.033,-0.593,-0.033,81.4,74.18
"2025-01-15 03:30:00",10008,12.6,310,0,-0.128,-4.64,-0.62,-0.386,-0.054,-0.274,-0.053,95.5,71.29
"2025-01-15 04:00:00",10009,12.6,310,0,-0.207,-7.85,-0.51,-0.651,-0.044,-0.571,-0.051,107,70.11
"2025-01-15 04:30:00",10010,12.6,310,0,-0.151,-5.58,-0.55,-0.463,-0.048,-0.463,-0.047,76.05,68.86
"2025-01-15 05:00:00",10011,12.59,310,0,-0.171,-6.35,-0.59,-0.526,-0.051,-0.496,-0.058,78.54,67.86
"2025-01-15 05:30:00",10012,12.59,310,0,-0.134,-4.88,-0.62,-0.405,-0.053,-0.163,-0.061,109.6,66.74
"2025-01-15 06:00:00",10013,12.59,310,0,-0.125,-4.29,-0.93,-0.357,-0.078,-0.383,-0.078,91.6,65.67
"2025-01-15 06:30:00",10014,12.59,310,0,-0.184,-6.59,-0.98,-0.547,-0.083,-0.46,-0.083,95.5,64.61
"2025-01-15 07:00:00",10015,12.58,310,0,-0.18,-6.15,-1.36,-0.511,-0.115,-0.511,-0.115,69.35,65.67
"2025-01-15 07:30:00",10016,12.58,310,0,-0.163,-5.38,-1.47,-0.446,-0.123,-0.274,-0.122,108.6,62.72
"2025-01-15 08:00:00",10017,12.58,310,0,-0.204,-6.85,-1.67,-0.568,-0.14,-0.336,-0.139,109.9,64.79
"2025-01-15 08:30:00",10018,12.58,310,0,-0.194,-6.45,-1.71,-0.534,-0.143,-0.49,-0.153,109.6,64.66
"2025-01-15 09:00:00",10019,12.58,310,0,-0.166,-5.12,-1.98,-0.425,-0.165,-0.251,-0.164,109.9,61.25
"2025-01-15 09:30:00",10020,12.58,310,0,-0.406,-14.78,-1.83,-1.224,-0.153,-1.224,-0.151,94.5,62.56
"2025-01-15 10:00:00",10021,12.58,310,0,-0.149,-4.51,-1.9,-0.375,-0.159,-0.288,-0.166,87.2,61.51
"2025-01-15 10:30:00",10022,12.59,310,0,-0.249,-8.37,-2.08,-0.693,-0.174,-0.575,-0.181,103.6,61.45
"2025-01-15 11:00:00",10023,12.59,310,0,-0.284,-9.8,-2.02,-0.811,-0.169,-0.811,-0.167,79.13,61.45
"2025-01-15 11:30:00",10024,12.59,310,0,-0.375,-13.27,-2.19,-1.099,-0.182,-0.898,-0.189,109.9,62.27
"2025-01-15 12:00:00",10025,12.6,310,0,-0.417,-14.78,-2.41,-1.224,-0.202,-1.281,-0.19,55.21,62.52
"2025-01-15 12:30:00",10026,12.6,310,0,-0.279,-9.24,-2.51,-0.765,-0.21,-0.762,-0.208,62.64,63.71
"2025-01-15 13:00:00",10027,12.6,310,0,-0.221,-6.78,-2.68,-0.563,-0.223,-0.553,-0.221,67.03,62.59
"2025-01-15 13:30:00",10028,12.6,310,0,-0.272,-8.51,-3.1,-0.705,-0.258,-0.705,-0.256,70.03,65.09
"2025-01-15 14:00:00",10029,12.61,310,0,-0.249,-7.32,-3.44,-0.606,-0.286,-0.608,-0.292,75.78,65.09
"2025-01-15 14:30:00",10030,12.6,310,0,-0.286,-8.77,-3.46,-0.727,-0.288,-0.713,-0.286,65.4,65.21
"2025-01-15 15:00:00",10031,12.6,310,0,-0.211,-6.42,-2.65,-0.533,-0.221,-0.54,-0.224,66.77,66.83
"2025-01-15 15:30:00",10032,12.6,310,0,-0.164,-5.03,-2.01,-0.418,-0.168,-0.426,-0.181,70.27,70.58
"2025-01-15 16:00:00",10033,12.6,310,0,-0.138,-4.33,-1.57,-0.36,-0.132,-0.375,-0.15,70.95,70.26
"2025-01-15 16:30:00",10034,12.6,310,0,-0.125,-4.02,-1.25,-0.335,-0.106,-0.35,-0.128,68.51,71.32
"2025-01-15 17:00:00",10035,12.6,310,0,-0.108,-3.46,-1.12,-0.288,-0.095,-0.299,-0.112,72.87,73.43
"2025-01-15 17:30:00",10036,12.59,310,0,-0.316,-11.3,-1.69,-0.935,-0.141,-0.957,-0.154,73.3,72.12
"2025-01-15 18:00:00",10037,12.59,310,0,-0.304,-11.37,-0.98,-0.941,-0.084,-0.965,-0.088,79.29,70.61
"2025-01-15 18:30:00",10038,12.58,310,0,-0.153,-5.54,-0.73,-0.46,-0.062,-0.46,-0.062,82.4,69.49
"2025-01-15 19:00:00",10039,12.58,310,0,-0.19,-6.94,-0.83,-0.575,-0.071,-0.552,-0.071,84.3,68.87
"2025-01-15 19:30:00",10040,12.57,310,0,-0.207,-7.53,-0.94,-0.624,-0.08,-0.56,-0.08,85.3,67.6
"2025-01-15 20:00:00",10041,12.57,310,0,-0.235,-8.37,-1.31,-0.693,-0.11,-0.693,-0.103,79.47,67.55
"2025-01-15 20:30:00",10042,12.56,310,0,-0.214,-7.4,-1.47,-0.613,-0.124,-0.613,-0.117,96,68.55
"2025-01-15 21:00:00",10043,12.56,310,0,-0.235,-8.37,-1.33,-0.693,-0.112,-0.606,-0.105,97.6,66.23
"2025-01-15 21:30:00",10044,12.55,310,0,-0.237,-8.37,-1.42,-0.693,-0.12,-0.606,-0.12,102.4,64.48
"2025-01-15 22:00:00",10045,12.55,310,0,-0.226,-7.68,-1.73,-0.636,-0.145,-0.636,-0.145,92.9,65.04
"2025-01-15 22:30:00",10046,12.55,310,0,-0.217,-7.22,-1.88,-0.598,-0.157,-0.598,-0.156,75.27,63.85
"2025-01-15 23:00:00",10047,12.54,310,0,-0.202,-6.35,-2.27,-0.526,-0.19,-0.496,-0.188,97.7,63.29
"2025-01-15 23:30:00",10048,12.54,310,0,-0.192,-5.99,-2.23,-0.496,-0.186,-0.405,-0.184,105.7,61.54
"2025-01-16 00:00:00",10049,12.54,310,0,-0.202,-6.5,-2.02,-0.539,-0.169,-0.329,-0.167,109.3,61.66
"2025-01-16 00:30:00",10050,12.53,310,0,-0.154,-4.64,-1.97,-0.386,-0.165,-0.251,-0.163,109.5,62.41
"2025-01-16 01:00:00",10051,12.53,310,0,-0.12,-3.3,-1.97,-0.274,-0.164,-0.077,-0.162,109.7,61.54
"2025-01-16 01:30:00",10052,12.53,310,0,-0.114,-2.57,-2.62,-0.214,-0.219,-0.223,-0.219,110,62.85
"2025-01-16 02:00:00",10053,12.53,310,0,-0.175,-4.67,-3.06,-0.388,-0.254,-0.215,-0.254,109.4,66.47
"2025-01-16 02:30:00",10054,12.52,310,0,-0.151,-2.86,-4.22,-0.238,-0.35,-0.082,-0.35,109.5,67.84
"2025-01-16 03:00:00",10055,12.52,310,0,-0.144,-1.97,-5.05,-0.164,-0.419,-0.08,-0.419,109.8,72.4
"2025-01-16 03:30:00",10056,12.52,310,0,-0.129,-2.33,-3.73,-0.194,-0.31,-0.08,-0.343,109.7,70.28
"2025-01-16 04:00:00",10057,12.52,310,0,-0.209,-5.73,-3.46,-0.475,-0.288,-0.394,-0.288,109.4,65.72
"2025-01-16 04:30:00",10058,12.51,310,0,-0.133,-2.55,-3.67,-0.213,-0.305,-0.21,-0.305,109.4,85.7
"2025-01-16 05:00:00",10059,12.52,310,0,-0.118,-1.05,-4.88,-0.089,-0.405,-0.035,-0.325,109.9,90.7
"2025-01-16 05:30:00",10060,12.51,310,0,-0.122,-1.46,-4.51,-0.123,-0.375,-0.049,-0.288,109.8,99.1
"2025-01-16 06:00:00",10061,12.51,310,0,-0.145,-1.53,-5.66,-0.129,-0.47,-0.074,-0.375,109.2,103.2
"2025-01-16 06:30:00",10062,12.51,310,0,-0.094,-1.59,-2.89,-0.134,-0.241,-0.067,-0.134,109.7,109.8
"2025-01-16 07:00:00",10063,12.51,310,0,-0.062,-1.08,-1.84,-0.091,-0.154,-0.037,0,109.9,109.4
"2025-01-16 07:30:00",10064,12.5,310,0,-0.174,-2.15,-6.39,-0.18,-0.531,-0.144,-0.496,108.9,109.7
"2025-01-16 08:00:00",10065,12.5,310,0,-0.052,-1.1,-1.32,-0.093,-0.111,-0.051,-0.077,109.9,109.9
"2025-01-16 08:30:00",10066,12.5,310,0,-0.067,-1.67,-1.32,-0.141,-0.111,-0.103,-0.074,109.7,109.8
"2025-01-16 09:00:00",10067,12.51,310,0,-0.108,-4.29,0,-0.357,0,-0.244,-0.087,109.8,109.6
"2025-01-16 09:30:00",10068,12.52,310,0,-0.122,-4.88,0,-0.405,0,-0.208,-0.223,109.9,107.5
"2025-01-16 10:00:00",10069,12.52,310,0,-0.147,-5.86,0,-0.486,0,-0.405,0,109.6,107.7
"2025-01-16 10:30:00",10070,12.53,310,0,-0.448,-11.55,-8.37,-0.956,-0.693,-0.956,0,109.9,108.5
"2025-01-16 11:00:00",10071,12.54,310,0,-0.257,-10.23,0,-0.847,0,-0.894,-0.693,66.39,105.9
"2025-01-16 11:30:00",10072,12.55,310,0,-0.246,-9.8,-99,-0.811,-99,-0.802,-99,68.52,108.6
"2025-01-16 12:00:00",10073,12.56,310,0,-0.157,-6.25,-99,-0.518,-99,-0.525,0,59.09,89.1
"2025-01-16 12:30:00",10074,12.56,310,0,-0.1,-4,0,-0.333,0,-0.318,0,63.97,89.3
"2025-01-16 13:00:00",10075,12.56,310,0,-0.236,-3.11,-8.37,-0.26,-0.693,-0.255,-0.693,67.1,109.2
"2025-01-16 13:30:00",10076,12.57,310,0,-0.266,-4.32,-8.37,-0.359,-0.693,-0.366,-0.693,66.29,99.3
"2025-01-16 14:00:00",10077,12.57,310,0,-0.236,-3.13,-8.37,-0.26,-0.693,-0.253,0,64.35,80.9
"2025-01-16 14:30:00",10078,12.57,310,0,-0.056,-2.25,0,-0.188,0,-0.186,0,66.1,76.91
"2025-01-16 15:00:00",10079,12.57,310,0,-0.208,-1.99,-8.37,-0.166,-0.693,-0.173,-0.693,67.72,61.28
"2025-01-16 15:30:00",10080,12.57,310,0,-0.091,-1.6,-2.68,-0.135,-0.223,-0.134,-0.223,68.97,73.03
"2025-01-16 16:00:00",10081,12.57,310,0,-0.073,-1.28,-2.19,-0.108,-0.182,-0.106,-0.182,69.96,68.53
"2025-01-16 16:30:00",10082,12.57,310,0,-0.061,-1.07,-1.84,-0.09,-0.154,-0.089,-0.154,68.96,62.53
"2025-01-16 17:00:00",10083,12.57,310,0,-0.057,-1.22,-1.4,-0.103,-0.118,-0.101,-0.118,70.95,69.51
"2025-01-16 17:30:00",10084,12.57,310,0,-0.079,-1.15,-2.68,-0.097,-0.223,-0.096,-0.223,72.38,68.69
"2025-01-16 18:00:00",10085,12.56,310,0,-0.057,-1.21,-1.4,-0.101,-0.118,-0.1,-0.118,74.14,72.45
"2025-01-16 18:30:00",10086,12.56,310,0,-0.11,-1.15,-4.29,-0.098,-0.357,-0.103,-0.357,72.56,61.88
"2025-01-16 19:00:00",10087,12.55,310,0,-0.102,-1.19,-3.83,-0.101,-0.318,-0.099,-0.318,73.32,68.63
"2025-01-16 19:30:00",10088,12.55,310,0,-0.069,-1.11,-2.19,-0.094,-0.182,-0.092,-0.182,74.87,64.94
"2025-01-16 20:00:00",10089,12.55,310,0,-0.074,-1.29,-2.19,-0.109,-0.182,-0.107,-0.182,74.76,62.82
"2025-01-16 20:30:00",10090,12.54,310,0,-0.123,-1.22,-4.88,-0.103,-0.405,-0.108,-0.405,74.32,61.64
"2025-01-16 21:00:00",10091,12.54,310,0,-0.132,-1.28,-5.33,-0.107,-0.442,-0.105,-0.442,75.58,68.65
"2025-01-16 21:30:00",10092,12.54,310,0,-0.133,-1.38,-5.24,-0.116,-0.435,-0.119,-0.435,76.64,65.95
"2025-01-16 22:00:00",10093,12.54,310,0,-0.146,-1.73,-5.45,-0.144,-0.452,-0.139,-0.452,87,69.34
"2025-01-16 22:30:00",10094,12.55,310,0,-0.129,-1.59,-4.71,-0.134,-0.391,-0.142,-0.391,79.34,63.65
"2025-01-16 23:00:00",10095,12.55,310,0,-0.15,-1.32,-6.22,-0.111,-0.516,-0.113,-0.531,77.67,62.48
"2025-01-16 23:30:00",10096,12.55,310,0,-0.101,-0.45,-4.77,-0.039,-0.395,-0.047,-0.386,85.9,59.73
"2025-01-17 00:00:00",10097,12.55,310,0,-0.093,-0.89,-3.76,-0.075,-0.312,-0.082,-0.296,85.3,57.9
"2025-01-17 00:30:00",10098,12.55,310,0,-0.087,-0.87,-3.44,-0.074,-0.285,-0.075,-0.278,86.2,58.47
"2025-01-17 01:00:00",10099,12.55,310,0,-0.079,-0.9,-3,-0.076,-0.249,-0.077,-0.238,85.6,60.4
"2025-01-17 01:30:00",10100,12.55,310,0,-0.069,-0.75,-2.65,-0.064,-0.222,-0.07,-0.205,84.9,62.01
"2025-01-17 02:00:00",10101,12.54,310,0,-0.069,-0.72,-2.71,-0.061,-0.226,-0.067,-0.21,92.3,59.88
"2025-01-17 02:30:00",10102,12.54,310,0,-0.069,-0.82,-2.55,-0.069,-0.213,-0.069,-0.204,92.3,61.4
"2025-01-17 03:00:00",10103,12.53,310,0,-0.066,-0.89,-2.33,-0.075,-0.194,-0.08,-0.185,85.3,60.84
"2025-01-17 03:30:00",10104,12.53,310,0,-0.059,-0.73,-2.15,-0.063,-0.179,-0.068,-0.171,88.1,63.13
"2025-01-17 04:00:00",10105,12.53,310,0,-0.059,-0.73,-2.13,-0.062,-0.178,-0.059,-0.165,90.4,63.7
"2025-01-17 04:30:00",10106,12.52,310,0,-0.446,-15.47,-3.04,-1.28,-0.254,-1.272,-0.235,89.3,57.63
"2025-01-17 05:00:00",10107,12.52,310,0,-0.394,-13.68,-2.65,-1.131,-0.221,-1.12,-0.193,88.6,56.44
"2025-01-17 05:30:00",10108,12.51,310,0,-0.263,-8.63,-2.44,-0.715,-0.204,-0.693,-0.181,96.5,55.87
"2025-01-17 06:00:00",10109,12.51,310,0,-0.253,-8.05,-2.72,-0.667,-0.227,-0.566,-0.216,96.4,57.55
"2025-01-17 06:30:00",10110,12.51,310,0,-0.288,-9.15,-3.09,-0.758,-0.257,-0.693,-0.253,96.6,55.68
"2025-01-17 07:00:00",10111,12.5,310,0,-0.304,-9.68,-3.2,-0.802,-0.266,-0.728,-0.249,101.4,54
"2025-01-17 07:30:00",10112,12.5,310,0,-0.256,-7.96,-2.97,-0.659,-0.248,-0.534,-0.234,99.3,54.13
"2025-01-17 08:00:00",10113,12.49,310,0,-0.249,-7.53,-3.17,-0.624,-0.264,-0.477,-0.249,109.2,53.81
"2025-01-17 08:30:00",10114,12.5,310,0,-0.196,-5.45,-3.11,-0.452,-0.26,-0.363,-0.246,109.8,56.13
"2025-01-17 09:00:00",10115,12.5,310,0,-0.345,-11.34,-3.18,-0.938,-0.265,-0.833,-0.245,108.8,56.14
"2025-01-17 09:30:00",10116,12.5,310,0,-0.368,-11.74,-3.87,-0.972,-0.321,-0.979,-0.286,75.34,56.91
"2025-01-17 10:00:00",10117,12.51,310,0,-0.054,-0.84,-1.74,-0.072,-0.146,-0.104,-0.138,88.5,63.04
"2025-01-17 10:30:00",10118,12.52,310,0,-0.05,-0.98,-1.36,-0.083,-0.114,-0.105,-0.113,87.9,67.48
"2025-01-17 11:00:00",10119,12.52,310,0,-0.031,-0.58,-0.86,-0.05,-0.073,-0.062,-0.086,97.2,70.8
"2025-01-17 11:30:00",10120,12.53,310,0,-0.042,-1.19,-0.66,-0.101,-0.056,-0.126,-0.065,88.5,74.8
"2025-01-17 12:00:00",10121,12.53,310,0,-0.017,-0.45,-0.31,-0.039,-0.027,-0.04,-0.04,96.9,79.19
"2025-01-17 12:30:00",10122,12.54,310,0,-0.023,-0.76,-0.2,-0.065,-0.018,-0.085,-0.035,95.8,83.1
"2025-01-17 13:00:00",10123,12.54,310,0,0.019,0.81,-0.03,0.068,-0.004,0.04,-0.009,99,87.3
"2025-01-17 13:30:00",10124,12.55,310,0,-0.024,-0.82,-0.19,-0.07,-0.018,-0.073,-0.026,96.7,88
"2025-01-17 14:00:00",10125,12.55,310,0,-0.026,-1.04,0,-0.088,0,-0.083,-0.009,91.6,87.7
"2025-01-17 14:30:00",10126,12.55,310,0,-0.021,-0.82,-0.03,-0.07,-0.005,-0.074,-0.009,93.3,85.9
"2025-01-17 15:00:00",10127,12.55,310,0,-0.017,-0.7,0,-0.06,0,-0.051,-0.009,97.3,89.1
"2025-01-17 15:30:00",10128,12.55,310,0,-0.028,-1.08,-0.03,-0.091,-0.005,-0.089,-0.013,92.8,87.8
"2025-01-17 16:00:00",10129,12.54,310,0,-0.028,-1.01,-0.14,-0.086,-0.014,-0.08,-0.018,94.9,86.5
"2025-01-17 16:30:00",10130,12.54,310,0,-0.013,-0.51,0,-0.044,0,-0.036,-0.005,93.7,84.8
"2025-01-17 17:00:00",10131,12.53,310,0,-0.015,-0.61,0,-0.052,0,-0.044,-0.005,91.9,85.2
"2025-01-17 17:30:00",10132,12.53,310,0,-0.017,-0.7,0,-0.06,0,-0.051,-0.005,95.4,85.4
"2025-01-17 18:00:00",10133,12.52,310,0,-0.015,-0.61,0,-0.053,0,-0.049,-0.009,97.8,85.3
"2025-01-17 18:30:00",10134,12.51,310,0,-0.021,-0.83,-0.03,-0.071,-0.005,-0.069,-0.004,100.3,87.6
"2025-01-17 19:00:00",10135,12.51,310,0,-0.016,-0.66,0,-0.056,0,-0.047,-0.004,101.7,88.3
"2025-01-17 19:30:00",10136,12.5,310,0,-0.013,-0.54,0,-0.047,0,-0.034,-0.004,101.7,89.3
"2025-01-17 20:00:00",10137,12.5,310,0,-0.014,-0.61,0.06,-0.052,0.005,-0.043,-0.004,99.2,88.1
"2025-01-17 20:30:00",10138,12.49,310,0,-0.014,-0.55,0,-0.047,0,-0.039,-0.004,100.2,90.1
"2025-01-17 21:00:00",10139,12.49,310,0,-0.014,-0.55,0,-0.047,0,-0.043,-0.009,99.4,87.7
"2025-01-17 21:30:00",10140,12.49,310,0,-0.078,-2.97,-0.2,-0.248,-0.019,-0.215,-0.027,107.7,87.7
"2025-01-17 22:00:00",10141,12.48,310,0,-0.023,-0.89,-0.03,-0.075,-0.005,-0.073,-0.013,97.6,86.7
"2025-01-17 22:30:00",10142,12.48,310,0,-0.014,-0.54,-0.03,-0.047,-0.005,-0.043,-0.009,97.9,89.7
"2025-01-17 23:00:00",10143,12.48,310,0,-0.014,-0.55,-0.03,-0.048,-0.005,-0.044,-0.009,97.3,86.6
"2025-01-17 23:30:00",10144,12.48,310,0,-0.017,-0.7,0,-0.061,0,-0.056,-0.009,101.6,88.9
"2025-01-18 00:00:00",10145,12.48,310,0,-0.011,-0.44,0,-0.038,0,-0.03,-0.009,98.6,89.1
"2025-01-18 00:30:00",10146,12.48,310,0,-0.014,-0.55,-0.03,-0.047,-0.005,-0.039,-0.004,100.4,85.9
"2025-01-18 01:00:00",10147,12.48,310,0,-0.016,-0.66,0,-0.056,0,-0.051,-0.004,99.4,89.3
"2025-01-18 01:30:00",10148,12.47,310,0,-0.012,-0.49,0,-0.043,0,-0.035,-0.004,100.4,87.7
"2025-01-18 02:00:00",10149,12.47,310,0,-0.011,-0.44,0,-0.038,0,-0.035,-0.004,98.4,88
"2025-01-18 02:30:00",10150,12.47,310,0,-0.014,-0.55,0,-0.047,0,-0.039,-0.004,101.1,87.9
"2025-01-18 03:00:00",10151,12.47,310,0,-0.014,-0.55,-0.03,-0.047,-0.005,-0.052,-0.009,98.9,89.5
"2025-01-18 03:30:00",10152,12.47,310,0,-0.013,-0.54,0,-0.046,0,-0.042,-0.009,104.1,87.7
"2025-01-18 04:00:00",10153,12.46,310,0,-0.013,-0.55,0.06,-0.047,0.005,-0.039,0,99.5,86.6
"2025-01-18 04:30:00",10154,12.46,310,0,-0.012,-0.49,0,-0.043,0,-0.031,-0.004,96.7,86.8
"2025-01-18 05:00:00",10155,12.46,310,0,-0.015,-0.59,-0.03,-0.051,-0.005,-0.042,-0.004,103.2,87.6
"2025-01-18 05:30:00",10156,12.46,310,0,-0.012,-0.54,0.06,-0.046,0.005,-0.042,0,102.2,88
"2025-01-18 06:00:00",10157,12.47,310,0,-0.016,-0.63,0,-0.054,0,-0.045,-0.009,105.8,87.8
"2025-01-18 06:30:00",10158,12.47,310,0,-0.013,-0.54,0,-0.046,0,-0.038,-0.004,104.8,89.2
"2025-01-18 07:00:00",10159,12.47,310,0,-0.017,-0.65,-0.03,-0.056,-0.005,-0.051,-0.009,100.2,87.5
"2025-01-18 07:30:00",10160,12.47,310,0,-0.018,-0.7,-0.03,-0.06,-0.005,-0.059,-0.009,101.7,89.2
"2025-01-18 08:00:00",10161,12.47,310,0,-0.021,-0.8,-0.03,-0.068,-0.004,-0.066,-0.009,103.5,90.8
"2025-01-18 08:30:00",10162,12.47,310,0,-0.022,-0.8,-0.09,-0.068,-0.009,-0.062,-0.009,100.6,88.7
"2025-01-18 09:00:00",10163,12.48,310,0,-0.017,-0.61,-0.07,-0.052,-0.009,-0.05,-0.016,109.4,92.7
"2025-01-18 09:30:00",10164,12.48,310,0,-0.022,-0.8,-0.09,-0.068,-0.009,-0.07,-0.013,109.5,91.1
"2025-01-18 10:00:00",10165,12.49,310,0,-0.011,-0.37,-0.07,-0.032,-0.009,-0.028,-0.012,109.4,98.7
"2025-01-18 10:30:00",10166,12.49,310,0,-0.021,-0.77,-0.09,-0.065,-0.009,-0.052,-0.009,99.5,87.1
"2025-01-18 11:00:00",10167,12.5,310,0,-0.02,-0.77,-0.03,-0.066,-0.004,-0.052,-0.012,109.6,94.9
"2025-01-18 11:30:00",10168,12.5,310,0,-0.021,-0.89,0.06,-0.075,0.004,-0.076,0,109.5,96.1
"2025-01-18 12:00:00",10169,12.5,310,0,-0.012,-0.4,-0.09,-0.035,-0.009,-0.024,-0.013,104.9,91.2
"2025-01-18 12:30:00",10170,12.51,310,0,0.005,0,0.29,0,0.025,0.045,0.031,110,108.5
"2025-01-18 13:00:00",10171,12.51,310,0,-0.039,-1.46,-0.14,-0.123,-0.013,-0.137,-0.021,84.5,86.6
"2025-01-18 13:30:00",10172,12.51,310,0,-0.014,-0.55,-0.03,-0.048,-0.004,-0.043,-0.004,109.8,89.4
"2025-01-18 14:00:00",10173,12.52,310,0,-0.023,-0.84,-0.09,-0.072,-0.009,-0.062,-0.018,96.6,86.7
"2025-01-18 14:30:00",10174,12.51,310,0,-0.016,-0.54,-0.14,-0.046,-0.014,-0.029,-0.018,104.8,84.8
"2025-01-18 15:00:00",10175,12.51,310,0,-0.022,-0.86,-0.03,-0.073,-0.005,-0.064,-0.013,95.4,87.9
"2025-01-18 15:30:00",10176,12.51,310,0,-0.024,-0.89,-0.09,-0.075,-0.009,-0.073,-0.013,98,88.6
"2025-01-18 16:00:00",10177,12.51,310,0,-0.023,-0.84,-0.09,-0.072,-0.009,-0.072,-0.013,96.7,86.5
"2025-01-18 16:30:00",10178,12.5,310,0,-0.022,-0.83,-0.09,-0.07,-0.009,-0.069,-0.013,98.5,85.8
"2025-01-18 17:00:00",10179,12.5,310,0,-0.021,-0.79,-0.09,-0.067,-0.009,-0.067,-0.013,98.7,87
"2025-01-18 17:30:00",10180,12.5,310,0,-0.02,-0.79,-0.03,-0.067,-0.005,-0.058,-0.009,90.4,83.8
"2025-01-18 18:00:00",10181,12.49,310,0,-0.024,-0.9,-0.09,-0.076,-0.01,-0.066,-0.014,91.3,82.9
"2025-01-18 18:30:00",10182,12.48,310,0,-0.023,-0.8,-0.14,-0.069,-0.014,-0.064,-0.014,94.6,85.7
"2025-01-18 19:00:00",10183,12.48,310,0,-0.02,-0.72,-0.09,-0.062,-0.009,-0.052,-0.014,98.7,85.7
"2025-01-18 19:30:00",10184,12.47,310,0,-0.021,-0.83,0,-0.071,0,-0.057,-0.004,98.1,85.1
"2025-01-18 20:00:00",10185,12.47,310,0,-0.022,-0.86,-0.03,-0.073,-0.005,-0.058,-0.009,96.5,85.9
"2025-01-18 20:30:00",10186,12.47,310,0,-0.022,-0.83,-0.09,-0.071,-0.009,-0.065,-0.013,99.2,85.5
"2025-01-18 21:00:00",10187,12.46,310,0,-0.022,-0.82,-0.09,-0.069,-0.009,-0.063,-0.013,101.2,87.5
"2025-01-18 21:30:00",10188,12.46,310,0,-0.018,-0.66,-0.09,-0.057,-0.009,-0.052,-0.017,103,91.6
"2025-01-18 22:00:00",10189,12.46,310,0,-0.02,-0.79,-0.03,-0.067,-0.004,-0.056,-0.012,109.6,91.2
"2025-01-18 22:30:00",10190,12.46,310,0,-0.025,-0.91,-0.09,-0.077,-0.009,-0.072,-0.013,93.8,89.1
"2025-01-18 23:00:00",10191,12.46,310,0,-0.031,-1.14,-0.14,-0.096,-0.014,-0.093,-0.013,98.1,87.4
"2025-01-18 23:30:00",10192,12.46,310,0,-0.026,-0.98,-0.09,-0.083,-0.009,-0.077,-0.013,94.1,88.9
"2025-01-19 00:00:00",10193,12.46,310,0,-0.023,-0.93,0,-0.078,0,-0.075,-0.004,109.7,88
"2025-01-19 00:30:00",10194,12.45,310,0,-0.027,-1,-0.09,-0.084,-0.009,-0.083,-0.013,92.5,86.8
"2025-01-19 01:00:00",10195,12.45,310,0,-0.023,-0.82,-0.14,-0.069,-0.014,-0.064,-0.014,94.9,85
"2025-01-19 01:30:00",10196,12.45,310,0,-0.022,-0.8,-0.09,-0.068,-0.01,-0.063,-0.014,95.5,85
"2025-01-19 02:00:00",10197,12.45,310,0,-0.02,-0.75,-0.09,-0.064,-0.01,-0.059,-0.009,97,86
"2025-01-19 02:30:00",10198,12.44,310,0,-0.019,-0.72,-0.03,-0.062,-0.005,-0.052,-0.009,99.9,85.4
"2025-01-19 03:00:00",10199,12.44,310,0,-0.022,-0.76,-0.14,-0.065,-0.014,-0.065,-0.014,94.5,85.4
"2025-01-19 03:30:00",10200,12.44,310,0,-0.019,-0.63,-0.16,-0.054,-0.014,-0.046,-0.014,94.3,86.1
"2025-01-19 04:00:00",10201,12.43,310,0,-0.018,-0.63,-0.09,-0.054,-0.01,-0.055,-0.009,96,84.8
"2025-01-19 04:30:00",10202,12.43,310,0,-0.016,-0.63,-0.03,-0.054,-0.005,-0.046,-0.009,95.3,85.6
"2025-01-19 05:00:00",10203,12.43,310,0,-0.018,-0.69,-0.03,-0.059,-0.005,-0.05,-0.009,97.5,84.1
"2025-01-19 05:30:00",10204,12.42,310,0,-0.019,-0.68,-0.09,-0.058,-0.01,-0.054,-0.014,98.5,86.3
"2025-01-19 06:00:00",10205,12.42,310,0,-0.023,-0.84,-0.09,-0.072,-0.01,-0.066,-0.014,98.4,86.2
"2025-01-19 06:30:00",10206,12.42,310,0,-0.02,-0.75,-0.09,-0.064,-0.009,-0.049,-0.018,108.6,88.9
"2025-01-19 07:00:00",10207,12.42,310,0,-0.022,-0.77,-0.14,-0.066,-0.014,-0.056,-0.013,102.5,88.3
"2025-01-19 07:30:00",10208,12.42,310,0,-0.022,-0.77,-0.14,-0.066,-0.014,-0.06,-0.013,100.5,89.1
"2025-01-19 08:00:00",10209,12.42,310,0,-0.019,-0.69,-0.09,-0.06,-0.009,-0.05,-0.018,103.4,88.9
"2025-01-19 08:30:00",10210,12.42,310,0,-0.018,-0.68,-0.03,-0.058,-0.005,-0.052,-0.013,108.4,92.4
"2025-01-19 09:00:00",10211,12.42,310,0,-0.018,-0.65,-0.09,-0.055,-0.009,-0.052,-0.012,109.7,96
"2025-01-19 09:30:00",10212,12.42,310,0,-0.021,-0.73,-0.13,-0.063,-0.013,-0.053,-0.012,107.3,95.1
"2025-01-19 10:00:00",10213,12.43,310,0,-0.02,-0.72,-0.13,-0.061,-0.013,-0.047,-0.016,108.2,95.7
"2025-01-19 10:30:00",10214,12.43,310,0,-0.016,-0.56,-0.09,-0.049,-0.009,-0.04,-0.012,109.2,96.5
"2025-01-19 11:00:00",10215,12.43,310,0,-0.016,-0.58,-0.09,-0.049,-0.009,-0.037,-0.013,103,95
"2025-01-19 11:30:00",10216,12.44,310,0,-0.022,-0.83,-0.09,-0.071,-0.009,-0.064,-0.012,107.1,96.7
"2025-01-19 12:00:00",10217,12.44,310,0,-0.018,-0.63,-0.09,-0.054,-0.009,-0.049,-0.017,103.9,94.2
"2025-01-19 12:30:00",10218,12.44,310,0,-0.021,-0.72,-0.14,-0.061,-0.014,-0.052,-0.018,98.5,85.5
"2025-01-19 13:00:00",10219,12.44,310,0,-0.021,-0.73,-0.14,-0.062,-0.014,-0.053,-0.013,97.5,88.8
"2025-01-19 13:30:00",10220,12.44,310,0,-0.022,-0.83,-0.09,-0.071,-0.009,-0.065,-0.013,99.8,90.6
"2025-01-19 14:00:00",10221,12.44,310,0,-0.023,-0.84,-0.09,-0.072,-0.009,-0.061,-0.013,101.2,86.5
"2025-01-19 14:30:00",10222,12.44,310,0,-0.019,-0.68,-0.09,-0.058,-0.009,-0.058,-0.014,95.2,87.2
"2025-01-19 15:00:00",10223,12.44,310,0,-0.021,-0.79,-0.09,-0.067,-0.009,-0.062,-0.014,96.8,85.4
"2025-01-19 15:30:00",10224,12.43,310,0,-0.021,-0.72,-0.14,-0.061,-0.014,-0.056,-0.013,100.2,85.8
"2025-01-19 16:00:00",10225,12.43,310,0,-0.02,-0.73,-0.09,-0.063,-0.009,-0.054,-0.014,97.8,87.6
"2025-01-19 16:30:00",10226,12.43,310,0,-0.022,-0.79,-0.14,-0.067,-0.014,-0.058,-0.014,101.5,85.8
"2025-01-19 17:00:00",10227,12.43,310,0,-0.019,-0.73,-0.03,-0.062,-0.005,-0.062,-0.014,97.6,87.9
"2025-01-19 17:30:00",10228,12.43,310,0,-0.026,-0.93,-0.14,-0.079,-0.014,-0.073,-0.014,98.1,88.4
"2025-01-19 18:00:00",10229,12.42,310,0,-0.024,-0.83,-0.16,-0.07,-0.015,-0.061,-0.015,84.3,82.9
"2025-01-19 18:30:00",10230,12.42,310,0,-0.026,-0.9,-0.16,-0.076,-0.015,-0.063,-0.02,87.3,83.1
"2025-01-19 19:00:00",10231,12.41,310,0,-0.026,-0.91,-0.16,-0.078,-0.015,-0.058,-0.01,92.3,80.4
"2025-01-19 19:30:00",10232,12.4,310,0,-0.037,-1.39,-0.1,-0.117,-0.01,-0.137,-0.01,81.1,80.4
"2025-01-19 20:00:00",10233,12.4,310,0,-0.025,-0.93,-0.1,-0.079,-0.01,-0.049,-0.015,99.4,83.2
"2025-01-19 20:30:00",10234,12.4,310,0,-0.018,-0.69,-0.03,-0.059,-0.005,-0.05,-0.01,95.9,85.4
"2025-01-19 21:00:00",10235,12.39,310,0,-0.024,-0.93,-0.03,-0.079,-0.005,-0.073,-0.009,99.1,85.9
"2025-01-19 21:30:00",10236,12.39,310,0,-0.012,-0.47,-0.03,-0.04,-0.005,-0.038,-0.005,90.9,83.9
"2025-01-19 22:00:00",10237,12.39,310,0,-0.027,-0.97,-0.16,-0.083,-0.015,-0.067,-0.019,96,83.5
"2025-01-19 22:30:00",10238,12.38,310,0,-0.039,-1.46,-0.1,-0.123,-0.01,-0.141,-0.014,87.3,83.6
"2025-01-19 23:00:00",10239,12.38,310,0,-0.014,-0.55,-0.03,-0.047,-0.005,-0.034,-0.009,97.8,86.2
"2025-01-19 23:30:00",10240,12.38,310,0,-0.044,-1.66,-0.1,-0.139,-0.01,-0.113,-0.02,97.2,82.7
"2025-01-20 00:00:00",10241,12.37,310,0,-0.012,-0.47,-0.03,-0.04,-0.005,-0.061,-0.01,88,81.8
"2025-01-20 00:30:00",10242,12.37,310,0,-0.016,-0.66,0,-0.057,0,-0.043,-0.005,97.3,83.4
"2025-01-20 01:00:00",10243,12.37,310,0,-0.019,-0.75,-0.03,-0.064,-0.005,-0.055,-0.01,97.6,85.4
"2025-01-20 01:30:00",10244,12.36,310,0,-0.025,-0.96,-0.03,-0.081,-0.005,-0.097,-0.01,81.6,81.6
"2025-01-20 02:00:00",10245,12.36,310,0,-0.013,-0.44,-0.1,-0.038,-0.01,-0.021,-0.01,108,85.6
"2025-01-20 02:30:00",10246,12.35,310,0,-0.009,-0.34,-0.03,-0.03,-0.005,-0.024,-0.005,92.8,85.4
"2025-01-20 03:00:00",10247,12.35,310,0,-0.02,-0.76,-0.03,-0.065,-0.005,-0.045,-0.014,100.6,84.4
"2025-01-20 03:30:00",10248,12.35,310,0,-0.013,-0.52,0,-0.045,0,-0.037,-0.005,94.9,84.4
"2025-01-20 04:00:00",10249,12.34,310,0,-0.01,-0.34,-0.09,-0.03,-0.01,-0.022,-0.01,103.2,85.5
"2025-01-20 04:30:00",10250,12.34,310,0,-0.022,-0.86,-0.03,-0.073,-0.005,-0.063,-0.009,98.7,86.1
"2025-01-20 05:00:00",10251,12.34,310,0,-0.021,-0.83,-0.03,-0.07,-0.005,-0.08,-0.009,98.5,86.1
"2025-01-20 05:30:00",10252,12.34,310,0,-0.014,-0.56,0,-0.049,0,-0.045,-0.005,100.2,86.5
"2025-01-20 06:00:00",10253,12.34,310,0,-0.018,-0.61,-0.16,-0.052,-0.015,-0.049,-0.01,92.7,84.5
"2025-01-20 06:30:00",10254,12.33,310,0,-0.078,-3.25,0.2,-0.27,0.016,-0.236,0.016,105.7,78.3
"2025-01-20 07:00:00",10255,12.33,310,0,-0.077,-3.06,0,-0.255,0,-0.211,-0.006,106.6,74.43
"2025-01-20 07:30:00",10256,12.33,310,0,-0.067,-2.68,0,-0.223,0,-0.213,-0.006,103.9,76.49
"2025-01-20 08:00:00",10257,12.33,310,0,-0.073,-2.88,-0.05,-0.239,-0.006,-0.203,-0.011,106.2,75.55
"2025-01-20 08:30:00",10258,12.33,310,0,-0.033,-1.28,-0.05,-0.108,-0.005,-0.103,-0.005,109.8,77.37
"2025-01-20 09:00:00",10259,12.33,310,0,-0.135,-5.27,-0.16,-0.437,-0.016,-0.446,-0.02,90,77.82
"2025-01-20 09:30:00",10260,12.33,310,0,-0.334,-12.89,-0.52,-1.067,-0.045,-1.099,-0.054,86.9,79.26
"2025-01-20 10:00:00",10261,12.33,310,0,-0.194,-7.44,-0.38,-0.616,-0.034,-0.624,-0.047,90.1,83.9
"2025-01-20 10:30:00",10262,12.33,310,0,-0.038,-1.47,-0.03,-0.124,-0.005,-0.151,-0.014,90.8,88.4
"2025-01-20 11:00:00",10263,12.34,310,0,-0.018,-0.68,-0.03,-0.058,-0.005,-0.05,-0.005,94,86.8
"2025-01-20 11:30:00",10264,12.34,310,0,-0.002,-0.14,0.06,-0.014,0.005,-0.016,-0.005,102.3,89.9
"2025-01-20 12:00:00",10265,12.34,310,0,-0.008,-0.35,0.06,-0.031,0.004,-0.04,0,103.5,95
"2025-01-20 12:30:00",10266,12.34,310,0,-0.005,-0.21,0,-0.019,0,-0.013,-0.004,104.5,90.8
"2025-01-20 13:00:00",10267,12.34,310,0,-0.015,-0.62,0,-0.054,0,-0.058,-0.004,101.5,90.1
"2025-01-20 13:30:00",10268,12.35,310,0,-0.019,-0.77,0,-0.066,0,-0.082,-0.013,98.2,90.5
"2025-01-20 14:00:00",10269,12.35,310,0,-0.015,-0.56,-0.03,-0.049,-0.005,-0.065,-0.009,96.7,89
"2025-01-20 14:30:00",10270,12.35,310,0,-0.002,-0.17,0.11,-0.016,0.01,-0.015,0.005,88.6,90.2
"2025-01-20 15:00:00",10271,12.35,310,0,-0.015,-0.56,-0.03,-0.049,-0.005,-0.04,-0.009,96.7,87
"2025-01-20 15:30:00",10272,12.34,310,0,-0.018,-0.76,0.06,-0.065,0.005,-0.046,-0.005,100.2,90.7
"2025-01-20 16:00:00",10273,12.34,310,0,-0.014,-0.58,0,-0.049,0,-0.036,-0.005,96.8,87.8
"2025-01-20 16:30:00",10274,12.34,310,0,-0.026,-1,-0.03,-0.085,-0.005,-0.073,-0.01,97.6,85.2
"2025-01-20 17:00:00",10275,12.34,310,0,-0.011,-0.47,0,-0.041,0,-0.038,-0.005,96.3,85.9
"2025-01-20 17:30:00",10276,12.33,310,0,-0.011,-0.47,0,-0.04,0,-0.042,-0.005,92.1,84.4
"2025-01-20 18:00:00",10277,12.33,310,0,-0.012,-0.52,0.06,-0.045,0.005,-0.043,0,88.3,85.6
"2025-01-20 18:30:00",10278,12.32,310,0,-0.017,-0.7,0,-0.06,0,-0.041,0,100.3,86.1
"2025-01-20 19:00:00",10279,12.32,310,0,-0.025,-1,0,-0.085,0,-0.075,-0.005,93.7,83.2
"2025-01-20 19:30:00",10280,12.32,310,0,-0.021,-0.76,-0.1,-0.065,-0.01,-0.061,-0.01,99.2,85.3
"2025-01-20 20:00:00",10281,12.31,310,0,-0.02,-0.77,-0.03,-0.066,-0.005,-0.046,-0.01,103.2,85.8
"2025-01-20 20:30:00",10282,12.31,310,0,-0.158,-5.94,-0.47,-0.493,-0.041,-0.38,-0.041,109.8,71.36
"2025-01-20 21:00:00",10283,12.3,310,0,-0.201,-7.85,-0.2,-0.651,-0.019,-0.651,-0.019,85.5,71.86
"2025-01-20 21:30:00",10284,12.3,310,0,-0.131,-5.12,-0.13,-0.425,-0.013,-0.425,-0.013,91,71.3
"2025-01-20 22:00:00",10285,12.3,310,0,-0.175,-6.76,-0.3,-0.56,-0.027,-0.318,-0.027,108.4,70.54
"2025-01-20 22:30:00",10286,12.29,310,0,-0.231,-8.9,-0.41,-0.738,-0.036,-0.693,-0.028,50.62,69.67
"2025-01-20 23:00:00",10287,12.29,310,0,-0.372,-14.55,-0.34,-1.204,-0.03,-1.05,-0.03,109.8,69.41
"2025-01-20 23:30:00",10288,12.28,310,0,-0.098,-3.63,-0.37,-0.302,-0.033,-0.345,-0.024,71.28,67.35
"2025-01-21 00:00:00",10289,12.28,310,0,-0.277,-10.72,-0.4,-0.887,-0.035,-0.493,-0.043,109,64.61
"2025-01-21 00:30:00",10290,12.28,310,0,-0.12,-4.37,-0.54,-0.363,-0.047,-0.288,-0.046,109.4,64.79
"2025-01-21 01:00:00",10291,12.28,310,0,-0.156,-5.78,-0.58,-0.48,-0.049,-0.496,-0.049,108.6,62.48
"2025-01-21 01:30:00",10292,12.27,310,0,-0.239,-8.96,-0.75,-0.742,-0.063,-0.452,-0.073,109.3,64.16
"2025-01-21 02:00:00",10293,12.27,310,0,-0.166,-6.01,-0.82,-0.499,-0.07,-0.31,-0.081,109.9,63.47
"2025-01-21 02:30:00",10294,12.26,310,0,-0.071,-2.36,-0.61,-0.197,-0.052,-0.182,-0.051,87.6,61.22
"2025-01-21 03:00:00",10295,12.26,310,0,-0.052,-1.84,-0.33,-0.154,-0.029,-0.031,-0.029,109.9,60.72
"2025-01-21 03:30:00",10296,12.26,310,0,-0.043,-1.71,0,-0.143,0,-0.029,0.016,109.5,62.59
"2025-01-21 04:00:00",10297,12.26,310,0,-0.083,-3.32,0,-0.276,0,-0.159,0,109.5,62.85
"2025-01-21 04:30:00",10298,12.25,310,0,-0.624,-24.63,-0.24,-2.037,-0.022,-1.344,0,41.24,64.78
"2025-01-21 05:00:00",10299,12.25,310,0,-0.081,-1.73,-1.99,-0.145,-0.167,-0.022,-0.167,110,66.09
"2025-01-21 05:30:00",10300,12.25,310,0,-0.093,-1.28,-3.23,-0.108,-0.268,-0.021,-0.268,110,62.09
"2025-01-21 06:00:00",10301,12.25,310,0,-0.099,-1.76,-2.89,-0.147,-0.241,-0.076,-0.241,109.5,69.9
"2025-01-21 06:30:00",10302,12.24,310,0,-0.238,-6.63,-3.77,-0.55,-0.314,-0.34,-0.314,109.8,68.7
"2025-01-21 07:00:00",10303,12.24,310,0,-0.098,-0.23,-4.88,-0.021,-0.405,0.063,-0.405,109.6,83.9
"2025-01-21 07:30:00",10304,12.24,310,0,-0.005,-0.76,0.73,-0.065,0.061,-0.025,0.118,108.2,87
"2025-01-21 08:00:00",10305,12.24,310,0,-0.061,0.15,-3.46,0.013,-0.288,0.04,-0.251,109.8,109.9
"2025-01-21 08:30:00",10306,12.24,310,0,-0.082,-2.54,-0.94,-0.211,-0.08,-0.105,-0.134,109.8,108.4
"2025-01-21 09:00:00",10307,12.24,310,0,-0.026,-1.04,0,-0.089,0,-0.056,0,109.8,109.9
"2025-01-21 09:30:00",10308,12.24,310,0,-0.03,-0.54,-0.87,-0.047,-0.074,-0.039,0,109.9,108.8
"2025-01-21 10:00:00",10309,12.24,310,0,-0.151,-5.24,-1.03,-0.435,-0.087,-0.154,-0.061,109.8,109.6
"2025-01-21 10:30:00",10310,12.25,310,0,-0.027,-0.38,-0.94,-0.034,-0.08,0.037,-0.054,109.8,108.9
"2025-01-21 11:00:00",10311,12.25,310,0,-0.171,-6.83,0,-0.566,0,-0.251,-0.069,109.8,109.6
"2025-01-21 11:30:00",10312,12.25,310,0,-0.065,-1.54,-1.4,-0.129,-0.118,-0.182,-0.167,74.98,109.5
"2025-01-21 12:00:00",10313,12.25,310,0,-0.097,-3.87,0,-0.322,0,-0.214,-0.074,109.7,109.7
"2025-01-21 12:30:00",10314,12.26,310,0,-0.039,-1.54,0,-0.13,0,-0.043,0,109.6,109.9
"2025-01-21 13:00:00",10315,12.26,310,0,-0.126,-3.83,-1.59,-0.318,-0.134,-0.137,-0.087,109.4,109.2
"2025-01-21 13:30:00",10316,12.26,310,0,-0.069,-1.36,-1.84,-0.114,-0.154,0.022,-0.201,109.8,109.9
"2025-01-21 14:00:00",10317,12.26,310,0,-0.111,-3.35,-1.4,-0.279,-0.118,-0.217,-0.08,109.8,109.6
"2025-01-21 14:30:00",10318,12.26,310,0,-0.097,-2.68,-1.59,-0.223,-0.134,-0.134,-0.182,109.8,109.1
"2025-01-21 15:00:00",10319,12.26,310,0,-0.071,-1.99,-1.12,-0.167,-0.095,-0.308,-0.065,101.6,109.4
"2025-01-21 15:30:00",10320,12.26,310,0,0.063,-1.92,5.97,-0.161,0.492,-0.083,0.302,109.9,107.2
"2025-01-21 16:00:00",10321,12.26,310,0,-0.029,-0.47,-0.94,-0.041,-0.08,0,0,109.9,110
"2025-01-21 16:30:00",10322,12.25,310,0,-0.05,-0.82,-1.59,-0.069,-0.134,-0.026,-0.134,109.8,109.9
"2025-01-21 17:00:00",10323,12.25,310,0,-0.019,-0.76,0,-0.065,0,-0.012,0,109.9,109.5
"2025-01-21 17:30:00",10324,12.25,310,0,-0.038,-1.53,0,-0.129,0,-0.138,0,101.6,109.9
"2025-01-21 18:00:00",10325,12.25,310,0,-0.057,-0.89,-1.84,-0.075,-0.154,-0.047,-0.069,109.9,109.8
"2025-01-21 18:30:00",10326,12.24,310,0,-0.063,-1.73,-1.03,-0.144,-0.087,-0.096,-0.061,110,109.6
"2025-01-21 19:00:00",10327,12.24,310,0,-0.116,-3.52,-1.46,-0.293,-0.123,-0.168,-0.145,109.8,109.1
"2025-01-21 19:30:00",10328,12.24,310,0,-0.095,-2.47,-1.77,-0.205,-0.148,-0.238,-0.108,93.4,109.4
"2025-01-21 20:00:00",10329,12.24,310,0,0,0,0,0,0,0.036,0,109.6,109.9
"2025-01-21 20:30:00",10330,12.23,310,0,-0.032,-0.8,-0.63,-0.068,-0.054,-0.067,-0.08,109.8,109.4
"2025-01-21 21:00:00",10331,12.23,310,0,-0.058,-1.69,-0.84,-0.141,-0.072,-0.11,-0.072,109.7,110
"2025-01-21 21:30:00",10332,12.23,310,0,-0.039,-1.19,-0.47,-0.101,-0.041,-0.162,-0.015,104,109.9
"2025-01-21 22:00:00",10333,12.22,310,0,-0.023,-0.42,-0.66,-0.037,-0.056,0.008,-0.042,109.5,109.9
"2025-01-21 22:30:00",10334,12.22,310,0,-0.027,-0.44,-0.83,-0.038,-0.07,-0.016,-0.053,107.4,109.9
"2025-01-21 23:00:00",10335,12.22,310,0,-0.011,-0.19,-0.35,-0.018,-0.031,0,-0.024,109.7,109.5
"2025-01-21 23:30:00",10336,12.22,310,0,-0.048,-1.4,-0.66,-0.118,-0.056,-0.075,-0.043,110,109.8
"2025-01-22 00:00:00",10337,12.22,310,0,-0.054,-1.6,-0.75,-0.135,-0.064,-0.111,-0.061,104.6,109.9
"2025-01-22 00:30:00",10338,12.21,310,0,-0.021,-0.52,-0.4,-0.045,-0.035,-0.054,-0.037,106.9,109.9
"2025-01-22 01:00:00",10339,12.21,310,0,-0.052,-1.6,-0.61,-0.135,-0.052,-0.128,-0.043,88,109.5
"2025-01-22 01:30:00",10340,12.21,310,0,-0.036,-1.11,-0.41,-0.094,-0.036,-0.072,-0.03,101.4,108.4
"2025-01-22 02:00:00",10341,12.21,310,0,-0.037,-1.11,-0.48,-0.093,-0.042,-0.062,-0.037,96.6,101.4
"2025-01-22 02:30:00",10342,12.21,310,0,-0.015,-0.35,-0.34,-0.031,-0.03,0.006,-0.033,92.1,100.4
"2025-01-22 03:00:00",10343,12.2,310,0,-0.002,0.13,-0.31,0.011,-0.028,0.01,-0.032,90.3,96.4
"2025-01-22 03:30:00",10344,12.21,310,0,-0.011,-0.3,-0.21,-0.026,-0.019,-0.04,-0.018,82.7,90.1
"2025-01-22 04:00:00",10345,12.2,310,0,-0.008,-0.16,-0.2,-0.015,-0.018,0,-0.023,89,87.8
"2025-01-22 04:30:00",10346,12.2,310,0,-0.026,-0.9,-0.19,-0.076,-0.017,-0.074,-0.016,81.9,85
"2025-01-22 05:00:00",10347,12.2,310,0,-0.042,-1.49,-0.24,-0.125,-0.022,-0.118,-0.027,77.32,79.13
"2025-01-22 05:30:00",10348,12.2,310,0,-0.043,-1.54,-0.23,-0.13,-0.021,-0.129,-0.026,69.89,73.2
"2025-01-22 06:00:00",10349,12.2,310,0,0.01,0.57,-0.21,0.047,-0.02,0.047,-0.015,73.7,70.01
"2025-01-22 06:30:00",10350,12.19,310,0,-0.036,-1.21,-0.31,-0.102,-0.028,-0.106,-0.023,69.2,66.51
"2025-01-22 07:00:00",10351,12.19,310,0,-0.003,-0.03,-0.14,-0.004,-0.014,-0.009,-0.009,62.4,64.46
"2025-01-22 07:30:00",10352,12.19,310,0,0.003,0.2,-0.09,0.016,-0.009,0.016,-0.009,67.02,62.83
"2025-01-22 08:00:00",10353,12.19,310,0,-0.048,-1.66,-0.34,-0.139,-0.03,-0.132,-0.025,58.53,59.59
"2025-01-22 08:30:00",10354,12.19,310,0,-0.014,-0.38,-0.24,-0.033,-0.021,-0.041,-0.013,64.02,59.84
"2025-01-22 09:00:00",10355,12.19,310,0,-0.024,-0.72,-0.34,-0.061,-0.03,-0.052,-0.021,63.4,58.97
"2025-01-22 09:30:00",10356,12.19,310,0,-0.014,-0.45,-0.13,-0.04,-0.012,-0.04,-0.008,70.15,64.22
"2025-01-22 10:00:00",10357,12.19,310,0,0.012,0.6,-0.13,0.05,-0.013,0.049,-0.013,68.84,65.15
"2025-01-22 10:30:00",10358,12.19,310,0,-0.016,-0.56,-0.09,-0.049,-0.009,-0.048,-0.013,80.7,70.28
"2025-01-22 11:00:00",10359,12.19,310,0,-0.014,-0.45,-0.14,-0.039,-0.014,-0.029,-0.014,88.2,76.28
"2025-01-22 11:30:00",10360,12.2,310,0,0,0,-0.03,0,-0.005,0.008,-0.01,89.5,81.8
"2025-01-22 12:00:00",10361,12.2,310,0,-0.005,-0.12,-0.12,-0.012,-0.012,0.015,-0.011,109.7,97.5
"2025-01-22 12:30:00",10362,12.2,310,0,-0.003,-0.05,-0.12,-0.006,-0.012,0.005,-0.016,102.2,101.3
"2025-01-22 13:00:00",10363,12.2,310,0,-0.063,-2.29,-0.31,-0.191,-0.027,-0.103,-0.029,109.7,109.8
"2025-01-22 13:30:00",10364,12.21,310,0,-0.061,-2.12,-0.41,-0.177,-0.035,-0.117,-0.036,108.8,109.7
"2025-01-22 14:00:00",10365,12.21,310,0,-0.046,-1.57,-0.33,-0.132,-0.029,-0.073,-0.032,110,109.8
"2025-01-22 14:30:00",10366,12.21,310,0,-0.009,-0.2,-0.21,-0.018,-0.019,0.015,-0.023,109.9,109.9
"2025-01-22 15:00:00",10367,12.21,310,0,0.009,0.71,-0.45,0.059,-0.04,0.085,-0.033,109.9,110
"2025-01-22 15:30:00",10368,12.21,310,0,-0.015,-0.49,-0.16,-0.043,-0.015,-0.04,-0.02,93,109.8
"2025-01-22 16:00:00",10369,12.2,310,0,-0.006,-0.06,-0.26,-0.007,-0.023,0,-0.027,109.7,109.5
"2025-01-22 16:30:00",10370,12.2,310,0,-0.026,-0.8,-0.31,-0.069,-0.027,-0.071,-0.038,88.9,97.3
"2025-01-22 17:00:00",10371,12.2,310,0,-0.008,-0.13,-0.27,-0.013,-0.024,0.006,-0.023,83.8,85.8
"2025-01-22 17:30:00",10372,12.19,310,0,-0.004,-0.03,-0.16,-0.005,-0.015,-0.005,-0.01,68.64,68.7
"2025-01-22 18:00:00",10373,12.19,310,0,-0.012,-0.31,-0.2,-0.027,-0.018,-0.022,-0.013,61.89,59.96
"2025-01-22 18:30:00",10374,12.18,310,0,-0.006,-0.13,-0.13,-0.013,-0.013,-0.008,-0.004,57.96,54.02
"2025-01-22 19:00:00",10375,12.17,310,0,-0.008,-0.17,-0.19,-0.017,-0.017,-0.008,-0.008,54.39,49.96
"2025-01-22 19:30:00",10376,12.16,310,0,-0.002,0,-0.13,0,-0.013,0.008,-0.008,52.26,46.33
"2025-01-22 20:00:00",10377,12.15,310,0,-0.016,-0.42,-0.28,-0.037,-0.025,-0.023,-0.007,49.84,45.9
"2025-01-22 20:30:00",10378,12.15,310,0,-0.017,-0.45,-0.28,-0.039,-0.025,-0.018,-0.007,49.89,43.22
"2025-01-22 21:00:00",10379,12.15,310,0,-0.002,0.14,-0.28,0.011,-0.025,0.011,-0.007,49.14,42.72
"2025-01-22 21:30:00",10380,12.14,310,0,-0.013,-0.3,-0.27,-0.027,-0.025,-0.018,-0.007,48.33,41.9
"2025-01-22 22:00:00",10381,12.14,310,0,-0.004,0,-0.23,0,-0.021,0.007,-0.007,47.02,40.84
"2025-01-22 22:30:00",10382,12.13,310,0,-0.019,-0.49,-0.33,-0.043,-0.029,-0.025,-0.01,45.33,39.91
"2025-01-22 23:00:00",10383,12.13,310,0,-0.009,-0.12,-0.33,-0.011,-0.029,-0.003,-0.007,46.52,40.09
"2025-01-22 23:30:00",10384,12.13,310,0,-0.003,0.04,-0.23,0.004,-0.021,0.01,-0.003,46.33,39.41
"2025-01-23 00:00:00",10385,12.13,310,0,-0.008,-0.16,-0.23,-0.015,-0.02,-0.003,-0.003,46.08,38.9
"2025-01-23 00:30:00",10386,12.12,310,0,-0.007,-0.12,-0.23,-0.011,-0.02,0,0,45.59,38.16
"2025-01-23 01:00:00",10387,12.12,310,0,-0.005,0,-0.27,0,-0.024,0.007,-0.003,44.96,39.03
"2025-01-23 01:30:00",10388,12.12,310,0,-0.015,-0.35,-0.33,-0.031,-0.029,-0.01,-0.003,43.46,37.54
"2025-01-23 02:00:00",10389,12.12,310,0,-0.005,-0.02,-0.23,-0.004,-0.02,0.01,-0.003,44.33,37.65
"2025-01-23 02:30:00",10390,12.12,310,0,-0.007,-0.06,-0.27,-0.007,-0.024,0.007,-0.007,44.71,38.03
"2025-01-23 03:00:00",10391,12.12,310,0,-0.01,-0.2,-0.27,-0.018,-0.024,0,-0.007,43.34,37.16
"2025-01-23 03:30:00",10392,12.12,310,0,-0.012,-0.28,-0.27,-0.026,-0.024,-0.01,-0.003,43.78,36.85
"2025-01-23 04:00:00",10393,12.11,310,0,-0.01,-0.16,-0.31,-0.015,-0.028,0.003,-0.007,43.9,36.72
"2025-01-23 04:30:00",10394,12.11,310,0,-0.009,-0.12,-0.31,-0.011,-0.028,0.007,-0.003,43.52,37.1
"2025-01-23 05:00:00",10395,12.11,310,0,-0.007,-0.06,-0.31,-0.007,-0.028,0.007,-0.007,42.52,36.35
"2025-01-23 05:30:00",10396,12.11,310,0,-0.008,-0.1,-0.31,-0.011,-0.028,0.003,-0.003,43.65,36.22
"2025-01-23 06:00:00",10397,12.11,310,0,-0.013,-0.24,-0.35,-0.022,-0.032,-0.007,-0.007,43.15,36.23
"2025-01-23 06:30:00",10398,12.11,310,0,-0.012,-0.24,-0.31,-0.022,-0.028,-0.003,0,43.41,35.98
"2025-01-23 07:00:00",10399,12.11,310,0,-0.015,-0.37,-0.31,-0.033,-0.028,-0.01,-0.003,44.03,36.35
"2025-01-23 07:30:00",10400,12.11,310,0,-0.014,-0.33,-0.31,-0.029,-0.027,-0.01,-0.003,44.21,37.29
"2025-01-23 08:00:00",10401,12.11,310,0,-0.009,-0.19,-0.26,-0.018,-0.023,-0.003,-0.003,45.78,36.85
"2025-01-23 08:30:00",10402,12.12,310,0,-0.017,-0.45,-0.3,-0.039,-0.027,-0.017,-0.007,45.23,38.8
"2025-01-23 09:00:00",10403,12.12,310,0,-0.015,-0.41,-0.26,-0.036,-0.023,-0.02,0,47.73,38.55
"2025-01-23 09:30:00",10404,12.13,310,0,-0.012,-0.27,-0.26,-0.025,-0.023,-0.017,-0.003,51.87,40.94
"2025-01-23 10:00:00",10405,12.13,310,0,-0.018,-0.51,-0.26,-0.044,-0.023,-0.039,-0.003,54.24,42.81
"2025-01-23 10:30:00",10406,12.14,310,0,-0.015,-0.42,-0.26,-0.037,-0.024,-0.033,-0.007,58.62,46.94
"2025-01-23 11:00:00",10407,12.15,310,0,-0.015,-0.45,-0.21,-0.039,-0.02,-0.039,-0.007,68.82,52.14
"2025-01-23 11:30:00",10408,12.16,310,0,-0.015,-0.45,-0.17,-0.039,-0.017,-0.039,-0.012,77.19,59.01
"2025-01-23 12:00:00",10409,12.16,310,0,-0.023,-0.76,-0.2,-0.065,-0.018,-0.046,-0.018,92.7,70.51
"2025-01-23 12:30:00",10410,12.17,310,0,-0.048,-1.74,-0.23,-0.146,-0.021,-0.097,-0.021,103.8,83.6
"2025-01-23 13:00:00",10411,12.17,310,0,-0.029,-0.96,-0.27,-0.081,-0.024,-0.061,-0.022,109.9,97.9
"2025-01-23 13:30:00",10412,12.18,310,0,-0.03,-1.08,-0.14,-0.091,-0.014,-0.066,-0.012,109.8,109.3
"2025-01-23 14:00:00",10413,12.18,310,0,-0.054,-1.92,-0.28,-0.161,-0.026,-0.127,-0.022,109.8,109.9
"2025-01-23 14:30:00",10414,12.18,310,0,-0.047,-1.74,-0.2,-0.146,-0.018,-0.116,-0.023,109.8,109.6
"2025-01-23 15:00:00",10415,12.18,310,0,-0.046,-1.57,-0.35,-0.132,-0.031,-0.101,-0.025,109.9,109.7
"2025-01-23 15:30:00",10416,12.18,310,0,-0.059,-1.99,-0.45,-0.167,-0.039,-0.089,-0.031,109.8,109.8
"2025-01-23 16:00:00",10417,12.18,310,0,-0.072,-2.33,-0.69,-0.194,-0.059,-0.134,-0.047,109.9,110
"2025-01-23 16:30:00",10418,12.17,310,0,-0.044,-1.54,-0.28,-0.13,-0.026,-0.102,-0.031,109.8,109.8
"2025-01-23 17:00:00",10419,12.17,310,0,-0.034,-1.18,-0.23,-0.1,-0.021,-0.054,-0.026,110,109.8
"2025-01-23 17:30:00",10420,12.17,310,0,-0.025,-0.89,-0.17,-0.075,-0.016,-0.043,-0.021,109.8,109.9
"2025-01-23 18:00:00",10421,12.16,310,0,-0.021,-0.69,-0.21,-0.059,-0.019,-0.041,-0.024,106.2,100
"2025-01-23 18:30:00",10422,12.16,310,0,-0.022,-0.7,-0.26,-0.06,-0.023,-0.05,-0.027,90.4,87.2
"2025-01-23 19:00:00",10423,12.15,310,0,-0.013,-0.41,-0.16,-0.036,-0.015,-0.03,-0.02,81.1,77.17
"2025-01-23 19:30:00",10424,12.15,310,0,-0.013,-0.37,-0.2,-0.033,-0.018,-0.028,-0.014,73.42,68.73
"2025-01-23 20:00:00",10425,12.14,310,0,-0.012,-0.35,-0.19,-0.031,-0.018,-0.031,-0.013,68.29,61.86
"2025-01-23 20:30:00",10426,12.14,310,0,-0.013,-0.34,-0.24,-0.03,-0.022,-0.03,-0.017,63.29,55.86
"2025-01-23 21:00:00",10427,12.14,310,0,-0.01,-0.23,-0.24,-0.021,-0.022,-0.021,-0.008,60.17,53.48
"2025-01-23 21:30:00",10428,12.13,310,0,-0.01,-0.27,-0.19,-0.025,-0.017,-0.02,-0.008,57.41,49.48
"2025-01-23 22:00:00",10429,12.13,310,0,-0.015,-0.38,-0.28,-0.033,-0.026,-0.032,-0.008,54.22,47.04
"2025-01-23 22:30:00",10430,12.12,310,0,-0.013,-0.31,-0.28,-0.028,-0.025,-0.019,-0.007,52.85,44.67
"2025-01-23 23:00:00",10431,12.12,310,0,-0.011,-0.27,-0.23,-0.024,-0.021,-0.015,-0.007,50.79,43.11
"2025-01-23 23:30:00",10432,12.11,310,0,-0.016,-0.37,-0.34,-0.032,-0.03,-0.022,-0.011,48.35,41.92
"2025-01-24 00:00:00",10433,12.11,310,0,-0.011,-0.21,-0.33,-0.02,-0.03,-0.011,-0.011,47.16,41.48
"2025-01-24 00:30:00",10434,12.1,310,0,-0.012,-0.26,-0.28,-0.023,-0.025,-0.014,-0.007,46.6,40.42
"2025-01-24 01:00:00",10435,12.1,310,0,-0.015,-0.35,-0.33,-0.031,-0.029,-0.014,-0.003,46.59,38.67
"2025-01-24 01:30:00",10436,12.1,310,0,-0.017,-0.49,-0.27,-0.042,-0.025,-0.025,-0.003,46.97,39.04
"2025-01-24 02:00:00",10437,12.1,310,0,-0.013,-0.3,-0.27,-0.026,-0.025,-0.01,-0.003,46.35,38.17
"2025-01-24 02:30:00",10438,12.09,310,0,-0.009,-0.2,-0.23,-0.019,-0.02,-0.01,-0.003,45.79,38.86
"2025-01-24 03:00:00",10439,12.09,310,0,-0.007,-0.12,-0.23,-0.011,-0.02,0,-0.003,44.79,37.61
"2025-01-24 03:30:00",10440,12.09,310,0,-0.017,-0.44,-0.33,-0.038,-0.029,-0.017,-0.007,43.23,37.04
"2025-01-24 04:00:00",10441,12.09,310,0,-0.015,-0.34,-0.33,-0.03,-0.029,-0.01,-0.007,44.91,37.23
"2025-01-24 04:30:00",10442,12.09,310,0,-0.009,-0.16,-0.27,-0.015,-0.024,0,-0.003,44.35,37.42
"2025-01-24 05:00:00",10443,12.09,310,0,-0.013,-0.3,-0.27,-0.026,-0.024,-0.01,-0.003,44.03,36.6
"2025-01-24 05:30:00",10444,12.09,310,0,-0.022,-0.62,-0.33,-0.053,-0.028,-0.02,-0.007,42.48,36.8
"2025-01-24 06:00:00",10445,12.08,310,0,-0.015,-0.34,-0.33,-0.03,-0.029,-0.01,-0.003,43.54,36.86
"2025-01-24 06:30:00",10446,12.08,310,0,-0.012,-0.28,-0.27,-0.026,-0.024,-0.007,-0.007,43.29,36.36
"2025-01-24 07:00:00",10447,12.08,310,0,-0.012,-0.24,-0.33,-0.022,-0.028,-0.007,-0.003,43.41,36.23
"2025-01-24 07:30:00",10448,12.08,310,0,-0.013,-0.28,-0.31,-0.026,-0.028,-0.007,-0.003,43.41,35.49
"2025-01-24 08:00:00",10449,12.08,310,0,-0.013,-0.31,-0.26,-0.028,-0.023,-0.01,-0.006,44.97,36.04
"2025-01-24 08:30:00",10450,12.08,310,0,-0.014,-0.35,-0.3,-0.031,-0.027,-0.016,-0.007,47.24,36.81
"2025-01-24 09:00:00",10451,12.08,310,0,-0.012,-0.34,-0.2,-0.03,-0.019,-0.016,-0.003,52.25,39.82
"2025-01-24 09:30:00",10452,12.09,310,0,-0.015,-0.45,-0.2,-0.039,-0.019,-0.031,-0.007,53.89,42.21
"2025-01-24 10:00:00",10453,12.1,310,0,-0.013,-0.37,-0.21,-0.033,-0.019,-0.033,-0.007,66.22,46.78
"2025-01-24 10:30:00",10454,12.11,310,0,-0.017,-0.51,-0.23,-0.044,-0.02,-0.039,-0.012,77.78,54.35
"2025-01-24 11:00:00",10455,12.13,310,0,-0.032,-1.12,-0.2,-0.095,-0.018,-0.085,-0.018,107,67.29
"2025-01-24 11:30:00",10456,12.13,310,0,-0.041,-1.54,-0.12,-0.129,-0.012,-0.112,-0.011,109.7,91.5
"2025-01-24 12:00:00",10457,12.14,310,0,-0.067,-2.51,-0.2,-0.21,-0.018,-0.134,-0.016,109.6,109.4
"2025-01-24 12:30:00",10458,12.14,310,0,-0.076,-2.89,-0.16,-0.241,-0.015,-0.176,0,109.8,109.9
"2025-01-24 13:00:00",10459,12.15,310,0,-0.151,-5.38,-0.83,-0.446,-0.071,-0.262,-0.018,108.9,110
"2025-01-24 13:30:00",10460,12.15,310,0,-0.184,-6.99,-0.44,-0.58,-0.038,-0.523,-0.027,58.68,110
"2025-01-24 14:00:00",10461,12.15,310,0,-0.114,-4.05,-0.66,-0.336,-0.057,-0.327,-0.08,63.11,109.9
"2025-01-24 14:30:00",10462,12.15,310,0,-0.126,-3.37,-2.19,-0.28,-0.182,-0.295,-0.125,58.86,109.7
"2025-01-24 15:00:00",10463,12.15,310,0,-0.124,-2.68,-3.02,-0.223,-0.251,-0.219,-0.167,72.55,109.9
"2025-01-24 15:30:00",10464,12.15,310,0,-0.182,-3.6,-4.88,-0.3,-0.405,-0.312,-0.134,66.79,109.8
"2025-01-24 16:00:00",10465,12.14,310,0,-0.129,-3.11,-2.68,-0.259,-0.223,-0.271,-0.336,67.47,109.3
"2025-01-24 16:30:00",10466,12.14,310,0,-0.154,-3.53,-3.46,-0.294,-0.288,-0.282,-0.223,64.84,108.4
"2025-01-24 17:00:00",10467,12.14,310,0,-0.101,-4.01,0,-0.333,0,-0.31,-0.223,66.39,109.2
"2025-01-24 17:30:00",10468,12.13,310,0,-0.128,-5.1,0,-0.424,0,-0.424,0,65.01,109.8
"2025-01-24 18:00:00",10469,12.13,310,0,-0.106,-4.23,0,-0.351,0,-0.351,-0.223,68.25,109.8
"2025-01-24 18:30:00",10470,12.13,310,0,-0.024,-4.63,4.9,-0.384,0.405,-0.405,0,65.77,107.3
"2025-01-24 19:00:00",10471,12.12,310,0,-0.481,-15.48,-4.88,-1.281,-0.405,-1.281,-0.288,70.69,109.7
"2025-01-24 19:30:00",10472,12.12,310,0,-0.309,-15.97,4.9,-1.322,0.405,-1.322,0,65,109
"2025-01-24 20:00:00",10473,12.11,310,0,-0.312,-12.44,0,-1.03,0,-1.03,0,78.37,108.7
"2025-01-24 20:30:00",10474,12.1,310,0,-0.333,-13.27,0,-1.099,0,-1.179,0.118,82.4,109.2
"2025-01-24 21:00:00",10475,12.1,310,0,-0.003,-1.4,1.7,-0.118,0.14,-0.105,0.182,92.8,109.9
"2025-01-24 21:30:00",10476,12.1,310,0,-0.034,-1.5,0.18,-0.126,0.015,-0.088,0.012,110,109.5
"2025-01-24 22:00:00",10477,12.09,310,0,-0.024,-0.89,-0.07,-0.076,-0.009,-0.071,-0.015,109.6,109.4
"2025-01-24 22:30:00",10478,12.09,310,0,-0.032,-1.12,-0.21,-0.095,-0.019,-0.091,-0.024,101.1,94.4
"2025-01-24 23:00:00",10479,12.08,310,0,-0.01,-0.26,-0.17,-0.023,-0.016,-0.016,-0.016,87.2,80
"2025-01-24 23:30:00",10480,12.08,310,0,-0.01,-0.28,-0.16,-0.025,-0.015,-0.029,-0.019,77.85,70.92
"2025-01-25 00:00:00",10481,12.07,310,0,-0.012,-0.31,-0.2,-0.027,-0.018,-0.032,-0.013,71.84,63.91
"2025-01-25 00:30:00",10482,12.07,310,0,-0.012,-0.35,-0.14,-0.031,-0.013,-0.035,-0.013,64.97,58.29
"2025-01-25 01:00:00",10483,12.07,310,0,-0.012,-0.28,-0.24,-0.025,-0.022,-0.021,-0.012,63.96,55.54
"2025-01-25 01:30:00",10484,12.06,310,0,-0.014,-0.38,-0.24,-0.033,-0.021,-0.033,-0.016,61.04,52.36
"2025-01-25 02:00:00",10485,12.06,310,0,-0.018,-0.47,-0.34,-0.041,-0.03,-0.032,-0.016,58.85,49.67
"2025-01-25 02:30:00",10486,12.06,310,0,-0.017,-0.47,-0.28,-0.04,-0.025,-0.039,-0.015,57.03,48.36
"2025-01-25 03:00:00",10487,12.06,310,0,-0.013,-0.27,-0.34,-0.024,-0.03,-0.015,-0.015,55.3,46.62
"2025-01-25 03:30:00",10488,12.05,310,0,-0.016,-0.37,-0.34,-0.032,-0.03,-0.019,-0.015,53.86,45.18
"2025-01-25 04:00:00",10489,12.05,310,0,-0.013,-0.35,-0.23,-0.031,-0.021,-0.018,-0.007,52.8,44.37
"2025-01-25 04:30:00",10490,12.05,310,0,-0.019,-0.49,-0.33,-0.043,-0.029,-0.03,-0.015,51.8,44.12
"2025-01-25 05:00:00",10491,12.05,310,0,-0.017,-0.44,-0.33,-0.039,-0.029,-0.018,-0.011,50.54,42.86
"2025-01-25 05:30:00",10492,12.05,310,0,-0.013,-0.3,-0.27,-0.027,-0.025,-0.018,-0.011,50.54,42.11
"2025-01-25 06:00:00",10493,12.04,310,0,-0.015,-0.34,-0.33,-0.031,-0.029,-0.018,-0.011,49.6,41.17
"2025-01-25 06:30:00",10494,12.04,310,0,-0.018,-0.44,-0.38,-0.038,-0.033,-0.021,-0.014,49.67,41.99
"2025-01-25 07:00:00",10495,12.04,310,0,-0.016,-0.4,-0.33,-0.035,-0.029,-0.021,-0.007,48.98,41.05
"2025-01-25 07:30:00",10496,12.04,310,0,-0.015,-0.34,-0.33,-0.03,-0.029,-0.017,-0.007,49.54,39.61
"2025-01-25 08:00:00",10497,12.04,310,0,-0.015,-0.33,-0.37,-0.029,-0.032,-0.017,-0.014,49.85,40.68
"2025-01-25 08:30:00",10498,12.04,310,0,-0.018,-0.45,-0.35,-0.039,-0.031,-0.024,-0.014,51.93,41.75
"2025-01-25 09:00:00",10499,12.04,310,0,-0.016,-0.45,-0.26,-0.039,-0.023,-0.035,-0.014,58,44.32
"2025-01-25 09:30:00",10500,12.05,310,0,-0.019,-0.52,-0.31,-0.046,-0.028,-0.049,-0.015,65.07,48.39
"2025-01-25 10:00:00",10501,12.05,310,0,-0.021,-0.58,-0.33,-0.05,-0.029,-0.053,-0.02,76.2,54.27
"2025-01-25 10:30:00",10502,12.06,310,0,-0.025,-0.8,-0.24,-0.068,-0.022,-0.068,-0.017,101.6,63.65
"2025-01-25 11:00:00",10503,12.07,310,0,-0.017,-0.55,-0.16,-0.048,-0.015,-0.041,-0.015,109.5,77.59
"2025-01-25 11:30:00",10504,12.08,310,0,-0.031,-1.08,-0.21,-0.091,-0.019,-0.055,-0.018,110,97.8
"2025-01-25 12:00:00",10505,12.08,310,0,-0.029,-1.08,-0.09,-0.092,-0.009,-0.041,-0.008,109.7,109.3
"2025-01-25 12:30:00",10506,12.08,310,0,-0.092,-3.46,-0.28,-0.288,-0.026,-0.213,-0.021,110,109.8
"2025-01-25 13:00:00",10507,12.08,310,0,-0.142,-5.51,-0.21,-0.457,-0.019,-0.268,-0.015,109.9,109.9
"2025-01-25 13:30:00",10508,12.09,310,0,-0.149,-5.66,-0.35,-0.47,-0.032,-0.33,0,109.1,109.6
"2025-01-25 14:00:00",10509,12.09,310,0,-0.131,-4.75,-0.63,-0.395,-0.054,-0.384,0,65.1,109.9
"2025-01-25 14:30:00",10510,12.09,310,0,-0.164,-4.88,-2.19,-0.405,-0.182,-0.405,-0.125,59.42,109.5
"2025-01-25 15:00:00",10511,12.09,310,0,-0.158,-3.7,-3.46,-0.308,-0.288,-0.321,-0.182,65.23,109
"2025-01-25 15:30:00",10512,12.09,310,0,-0.128,-3.1,-2.68,-0.258,-0.223,-0.267,0,62.35,109.4
"2025-01-25 16:00:00",10513,12.09,310,0,-0.159,-3.74,-3.46,-0.312,-0.288,-0.305,-0.182,66.28,109.3
"2025-01-25 16:30:00",10514,12.08,310,0,-0.165,-2.89,-4.88,-0.241,-0.405,-0.254,-0.511,69.09,109.1
"2025-01-25 17:00:00",10515,12.08,310,0,-0.343,-3.69,-13.27,-0.307,-1.099,-0.294,-0.405,63.51,108.1
"2025-01-25 17:30:00",10516,12.08,310,0,-0.103,-4.09,0,-0.34,0,-0.34,0,66.19,109.2
"2025-01-25 18:00:00",10517,12.07,310,0,-0.116,-4.64,0,-0.386,0,-0.405,0,63.56,106.9
"2025-01-25 18:30:00",10518,12.07,310,0,-0.606,-14.17,-13.27,-1.173,-1.099,-1.196,-0.693,67.68,109.2
"2025-01-25 19:00:00",10519,12.06,310,0,-0.468,-12.35,-8.37,-1.022,-0.693,-1.061,0,90.7,108.3
"2025-01-25 19:30:00",10520,12.06,310,0,-0.399,-12.22,-4.88,-1.012,-0.405,-1.012,-0.288,78.36,109.4
"2025-01-25 20:00:00",10521,12.05,310,0,-0.368,-12.07,-3.46,-0.999,-0.288,-0.999,-0.182,80.9,110
"2025-01-25 20:30:00",10522,12.05,310,0,-0.269,-10.72,0,-0.887,0,-0.887,0.118,89,109.8
"2025-01-25 21:00:00",10523,12.04,310,0,-0.124,-6.15,1.61,-0.511,0.134,-0.405,0.147,91.2,108.5
"2025-01-25 21:30:00",10524,12.04,310,0,-0.044,-1.99,0.31,-0.167,0.026,-0.072,0.021,110,109.5
"2025-01-25 22:00:00",10525,12.04,310,0,-0.068,-2.46,-0.35,-0.205,-0.032,-0.149,-0.013,109.6,109.9
"2025-01-25 22:30:00",10526,12.04,310,0,-0.052,-1.87,-0.26,-0.156,-0.023,-0.115,-0.019,110,109.8
"2025-01-25 23:00:00",10527,12.04,310,0,-0.034,-1.14,-0.31,-0.096,-0.028,-0.079,-0.032,109.9,110
"2025-01-25 23:30:00",10528,12.03,310,0,-0.028,-1,-0.16,-0.085,-0.015,-0.076,-0.027,109.9,110
"2025-01-26 00:00:00",10529,12.03,310,0,-0.035,-1.35,-0.07,-0.114,-0.008,-0.103,-0.007,109.6,110
"2025-01-26 00:30:00",10530,12.03,310,0,-0.049,-1.76,-0.26,-0.147,-0.023,-0.104,-0.019,109.9,109.5
"2025-01-26 01:00:00",10531,12.04,310,0,-0.083,-2.95,-0.49,-0.245,-0.043,-0.172,-0.034,110,109.8
"2025-01-26 01:30:00",10532,12.04,310,0,-0.089,-3.28,-0.37,-0.273,-0.033,-0.197,-0.026,109.7,109.8
"2025-01-26 02:00:00",10533,12.04,310,0,-0.09,-3.27,-0.41,-0.272,-0.036,-0.167,-0.028,109.9,109.9
"2025-01-26 02:30:00",10534,12.04,310,0,-0.103,-3.76,-0.45,-0.312,-0.039,-0.223,-0.031,110,109.6
"2025-01-26 03:00:00",10535,12.04,310,0,-0.11,-3.83,-0.76,-0.318,-0.065,-0.223,-0.05,109.8,109.9
"2025-01-26 03:30:00",10536,12.04,310,0,-0.138,-5.06,-0.56,-0.42,-0.049,-0.265,-0.037,109.5,109.1
"2025-01-26 04:00:00",10537,12.04,310,0,-0.217,-8.37,-0.35,-0.693,-0.032,-0.427,-0.048,109.3,109.8
"2025-01-26 04:30:00",10538,12.04,310,0,-0.305,-11.34,-1.08,-0.938,-0.091,-0.738,-0.065,109.6,109.9
"2025-01-26 05:00:00",10539,12.04,310,0,-0.213,-7.85,-0.82,-0.651,-0.069,-0.571,-0.049,96.4,106.5
"2025-01-26 05:30:00",10540,12.04,310,0,-0.178,-7.09,0,-0.588,0,-0.624,-0.074,65.34,108.6
"2025-01-26 06:00:00",10541,12.04,310,0,-0.167,-6.66,0,-0.552,0,-0.511,0,57.47,108.8
"2025-01-26 06:30:00",10542,12.04,310,0,-0.195,-5.17,-3.46,-0.429,-0.288,-0.405,-0.182,62.91,107.7
"2025-01-26 07:00:00",10543,12.04,310,0,-0.373,-4.88,-13.27,-0.405,-1.099,-0.416,-0.693,61.16,109.7
"2025-01-26 07:30:00",10544,12.04,310,0,-0.107,-4.26,0,-0.354,0,-0.366,0,63.02,105.6
"2025-01-26 08:00:00",10545,12.04,310,0,-0.111,-4.43,0,-0.368,0,-0.351,0,61.77,100.6
"2025-01-26 08:30:00",10546,12.04,310,0,-0.072,-2.86,0,-0.238,0,-0.234,0,74.91,101
"2025-01-26 09:00:00",10547,12.04,310,0,-0.09,-3.59,-99,-0.299,-99,-0.309,-99,62.98,108.5
"2025-01-26 09:30:00",10548,12.04,310,0,-0.097,-3.87,0,-0.322,0,-0.317,0,62.79,103.1
"2025-01-26 10:00:00",10549,12.04,310,0,-0.074,-2.95,0,-0.246,0,-0.226,0,81.9,103.2
"2025-01-26 10:30:00",10550,12.04,310,0,-0.233,-3.02,-8.37,-0.251,-0.693,-0.245,-0.693,64.36,99.7
"2025-01-26 11:00:00",10551,12.04,310,0,-0.051,-2.04,0,-0.17,0,-0.154,0,62.68,84.8
"2025-01-26 11:30:00",10552,12.05,310,0,-0.03,-1.22,0,-0.103,0,-0.093,-0.288,69.25,90.6
"2025-01-26 12:00:00",10553,12.05,310,0,-0.037,-1.49,0,-0.125,0,-0.123,0,73.01,67.82
"2025-01-26 12:30:00",10554,12.05,310,0,-0.01,0.42,-1.12,0.035,-0.095,0.035,-0.095,71.89,75.71
"2025-01-26 13:00:00",10555,12.06,310,0,-0.027,-0.52,-0.76,-0.045,-0.065,-0.051,-0.065,72.95,69.76
"2025-01-26 13:30:00",10556,12.06,310,0,-0.04,-1.21,-0.49,-0.101,-0.043,-0.099,-0.043,78.84,63.89
"2025-01-26 14:00:00",10557,12.06,310,0,-0.084,-2.68,-0.87,-0.223,-0.074,-0.264,-0.074,82.6,62.4
"2025-01-26 14:30:00",10558,12.07,310,0,-0.079,-2.55,-0.79,-0.213,-0.067,-0.224,-0.066,93.9,60.39
"2025-01-26 15:00:00",10559,12.06,310,0,-0.043,-1.15,-0.73,-0.098,-0.062,-0.092,-0.073,91.7,63.77
"2025-01-26 15:30:00",10560,12.06,310,0,-0.061,-1.83,-0.83,-0.153,-0.071,-0.175,-0.06,79.04,62.59
"2025-01-26 16:00:00",10561,12.06,310,0,-0.018,-0.51,-0.28,-0.044,-0.025,-0.047,-0.033,88,65.77
"2025-01-26 16:30:00",10562,12.06,310,0,-0.017,-0.56,-0.16,-0.048,-0.015,-0.027,-0.015,107.9,69.7
"2025-01-26 17:00:00",10563,12.06,310,0,-0.037,-1.43,-0.06,-0.12,-0.007,-0.116,-0.015,80.5,68.3
"2025-01-26 17:30:00",10564,12.05,310,0,-0.026,-0.93,-0.14,-0.079,-0.014,-0.075,-0.014,87,69.28
"2025-01-26 18:00:00",10565,12.05,310,0,-0.025,-0.97,-0.06,-0.082,-0.007,-0.083,-0.014,89,69.77
"2025-01-26 18:30:00",10566,12.04,310,0,-0.023,-0.87,-0.06,-0.074,-0.007,-0.07,-0.014,92.6,70.14
"2025-01-26 19:00:00",10567,12.03,310,0,-0.023,-0.86,-0.06,-0.073,-0.007,-0.069,-0.007,90.9,72.19
"2025-01-26 19:30:00",10568,12.02,310,0,-0.023,-0.91,0,-0.078,0,-0.077,0,95.4,71.5
"2025-01-26 20:00:00",10569,12.02,310,0,-0.017,-0.73,0.08,-0.063,0.008,-0.068,0.008,92.2,70.06
"2025-01-26 20:30:00",10570,12.01,310,0,-0.184,-6.8,-0.69,-0.564,-0.06,-0.569,-0.059,90.1,65.63
"2025-01-26 21:00:00",10571,12,310,0,-0.126,-4.72,-0.37,-0.393,-0.033,-0.41,-0.033,84.9,66.19
"2025-01-26 21:30:00",10572,12,310,0,-0.064,-2.36,-0.27,-0.197,-0.024,-0.22,-0.032,84,68.87
"2025-01-26 22:00:00",10573,12,310,0,-0.032,-1.08,-0.27,-0.091,-0.024,-0.117,-0.016,86.5,68.31
"2025-01-26 22:30:00",10574,11.99,310,0,-0.029,-0.87,-0.35,-0.074,-0.032,-0.084,-0.039,88.5,68.82
"2025-01-26 23:00:00",10575,11.99,310,0,-0.025,-0.68,-0.45,-0.058,-0.04,-0.069,-0.032,89.2,69
"2025-01-26 23:30:00",10576,11.99,310,0,-0.025,-0.68,-0.45,-0.058,-0.04,-0.065,-0.048,88.2,68.76
"2025-01-27 00:00:00",10577,11.99,310,0,-0.036,-1,-0.56,-0.084,-0.048,-0.094,-0.056,87.6,68.62
"2025-01-27 00:30:00",10578,11.98,310,0,-0.03,-0.79,-0.55,-0.068,-0.048,-0.078,-0.056,88.6,67.69
"2025-01-27 01:00:00",10579,11.98,310,0,-0.031,-0.73,-0.65,-0.062,-0.055,-0.073,-0.055,91.5,68.82
"2025-01-27 01:30:00",10580,11.98,310,0,-0.029,-0.73,-0.55,-0.062,-0.047,-0.073,-0.055,92.2,67.82
"2025-01-27 02:00:00",10581,11.98,310,0,-0.028,-0.73,-0.54,-0.063,-0.046,-0.063,-0.046,91.3,69.32
"2025-01-27 02:30:00",10582,11.98,310,0,-0.026,-0.73,-0.42,-0.062,-0.037,-0.063,-0.037,91.9,66.27
"2025-01-27 03:00:00",10583,11.98,310,0,-0.027,-0.69,-0.49,-0.059,-0.043,-0.064,-0.036,96.5,67.53
"2025-01-27 03:30:00",10584,11.98,310,0,-0.03,-0.91,-0.4,-0.078,-0.035,-0.077,-0.049,96.3,70.4
"2025-01-27 04:00:00",10585,11.98,310,0,-0.024,-0.66,-0.4,-0.056,-0.034,-0.052,-0.034,95.7,69.28
"2025-01-27 04:30:00",10586,11.98,310,0,-0.014,-0.45,-0.14,-0.04,-0.013,-0.042,-0.02,96.3,69.91
"2025-01-27 05:00:00",10587,11.98,310,0,-0.019,-0.68,-0.13,-0.058,-0.013,-0.054,-0.013,92,72.59
"2025-01-27 05:30:00",10588,11.98,310,0,-0.026,-0.86,-0.21,-0.073,-0.02,-0.072,-0.019,93.4,70.97
"2025-01-27 06:00:00",10589,11.98,310,0,-0.016,-0.54,-0.13,-0.046,-0.013,-0.042,-0.026,96.5,72.84
"2025-01-27 06:30:00",10590,11.98,310,0,-0.024,-0.73,-0.28,-0.062,-0.026,-0.063,-0.025,96.3,72.15
"2025-01-27 07:00:00",10591,11.98,310,0,-0.023,-0.75,-0.21,-0.063,-0.019,-0.064,-0.025,96.4,70.72
"2025-01-27 07:30:00",10592,11.98,310,0,-0.022,-0.73,-0.2,-0.062,-0.019,-0.062,-0.031,97.7,74.03
"2025-01-27 08:00:00",10593,11.98,310,0,-0.023,-0.66,-0.35,-0.056,-0.031,-0.052,-0.031,98.4,72.71
"2025-01-27 08:30:00",10594,11.98,310,0,-0.023,-0.76,-0.2,-0.065,-0.018,-0.059,-0.024,100.1,75.16
"2025-01-27 09:00:00",10595,11.98,310,0,-0.025,-0.86,-0.19,-0.073,-0.018,-0.067,-0.029,101.7,75.8
"2025-01-27 09:30:00",10596,11.98,310,0,-0.028,-0.86,-0.33,-0.073,-0.029,-0.077,-0.034,98.8,77.37
"2025-01-27 10:00:00",10597,11.98,310,0,-0.013,-0.45,-0.12,-0.039,-0.011,-0.031,-0.022,109.4,79.44
"2025-01-27 10:30:00",10598,11.99,310,0,-0.018,-0.65,-0.12,-0.055,-0.011,-0.042,-0.016,109.3,79.82
"2025-01-27 11:00:00",10599,11.99,310,0,-0.019,-0.66,-0.12,-0.057,-0.011,-0.056,-0.022,99.5,81.1
"2025-01-27 11:30:00",10600,11.99,310,0,-0.022,-0.83,-0.05,-0.071,-0.006,-0.067,-0.021,109.7,80.8
"2025-01-27 12:00:00",10601,11.99,310,0,-0.019,-0.63,-0.16,-0.054,-0.016,-0.041,-0.03,98.9,87
"2025-01-27 12:30:00",10602,12,310,0,-0.021,-0.83,0,-0.071,0,-0.07,-0.01,95.2,86
"2025-01-27 13:00:00",10603,12,310,0,-0.023,-0.89,-0.05,-0.075,-0.005,-0.067,-0.01,103.2,86.3
"2025-01-27 13:30:00",10604,12,310,0,-0.019,-0.76,0,-0.065,0,-0.055,-0.015,98.4,87.7
"2025-01-27 14:00:00",10605,12,310,0,-0.021,-0.89,0.07,-0.075,0.005,-0.06,-0.01,101.7,87.2
"2025-01-27 14:30:00",10606,12,310,0,-0.02,-0.91,0.13,-0.077,0.011,-0.066,0,96.2,87.7
"2025-01-27 15:00:00",10607,12,310,0,-0.018,-0.72,0,-0.061,0,-0.047,-0.005,103.3,87.8
"2025-01-27 15:30:00",10608,12,310,0,-0.018,-0.79,0.07,-0.067,0.005,-0.054,-0.005,109.8,90.8
"2025-01-27 16:00:00",10609,11.99,310,0,-0.027,-1.1,0,-0.093,0,-0.087,-0.011,94.5,86
"2025-01-27 16:30:00",10610,11.99,310,0,-0.019,-0.83,0.07,-0.07,0.005,-0.053,0,109.5,86.6
"2025-01-27 17:00:00",10611,11.99,310,0,-0.023,-0.98,0.07,-0.083,0.006,-0.079,0,87.2,83.7
"2025-01-27 17:30:00",10612,11.99,310,0,-0.022,-0.96,0.07,-0.081,0.006,-0.077,0,90.9,83.7
"2025-01-27 18:00:00",10613,11.98,310,0,-0.026,-1.03,0,-0.087,0,-0.086,0,91,86.3
"2025-01-27 18:30:00",10614,11.97,310,0,-0.024,-1.01,0.07,-0.086,0.005,-0.075,0,92.6,87.6
"2025-01-27 19:00:00",10615,11.96,310,0,-0.021,-0.91,0.07,-0.078,0.005,-0.076,-0.005,97.8,86.6
"2025-01-27 19:30:00",10616,11.96,310,0,-0.019,-0.8,0.07,-0.068,0.005,-0.067,-0.005,98.6,88.2
"2025-01-27 20:00:00",10617,11.96,310,0,-0.024,-0.97,0,-0.082,0,-0.075,-0.005,99.3,88.8
"2025-01-27 20:30:00",10618,11.95,310,0,-0.023,-0.93,0,-0.078,0,-0.072,-0.005,99.2,88.3
"2025-01-27 21:00:00",10619,11.95,310,0,-0.027,-1.04,-0.05,-0.088,-0.005,-0.086,-0.01,99.2,89.3
"2025-01-27 21:30:00",10620,11.94,310,0,-0.019,-0.8,0.07,-0.068,0.005,-0.068,-0.005,100.1,88.4
"2025-01-27 22:00:00",10621,11.94,310,0,-0.02,-0.82,0,-0.069,0,-0.059,-0.005,98.8,90.6
"2025-01-27 22:30:00",10622,11.94,310,0,-0.021,-0.86,0,-0.073,0,-0.068,-0.01,97,87.8
"2025-01-27 23:00:00",10623,11.94,310,0,-0.02,-0.84,0.07,-0.072,0.005,-0.06,-0.005,102.6,89.9
"2025-01-27 23:30:00",10624,11.94,310,0,-0.024,-1.03,0.06,-0.087,0.005,-0.1,-0.004,109.7,103
"2025-01-28 00:00:00",10625,11.94,310,0,-0.023,-0.9,-0.03,-0.076,-0.005,-0.077,-0.014,110,91.8
"2025-01-28 00:30:00",10626,11.94,310,0,-0.017,-0.66,-0.03,-0.056,-0.005,-0.072,-0.014,109.9,96.2
"2025-01-28 01:00:00",10627,11.94,310,0,-0.019,-0.7,-0.05,-0.061,-0.005,-0.07,-0.02,99.9,87.2
"2025-01-28 01:30:00",10628,11.94,310,0,-0.017,-0.69,0,-0.059,0,-0.036,-0.01,98.1,89.2
"2025-01-28 02:00:00",10629,11.94,310,0,-0.029,-1.12,-0.05,-0.095,-0.005,-0.094,-0.015,91.2,89
"2025-01-28 02:30:00",10630,11.95,310,0,-0.037,-1.49,0,-0.125,0,-0.127,-0.01,88.6,87.7
"2025-01-28 03:00:00",10631,11.94,310,0,-0.013,-0.63,0.13,-0.055,0.011,-0.055,0,93.4,86.7
"2025-01-28 03:30:00",10632,11.94,310,0,-0.038,-1.53,0,-0.129,0,-0.088,-0.01,99.2,89
"2025-01-28 04:00:00",10633,11.94,310,0,-0.028,-1.08,-0.05,-0.091,-0.006,-0.091,-0.011,87.9,84.7
"2025-01-28 04:30:00",10634,11.94,310,0,-0.016,-0.7,0.07,-0.061,0.005,-0.032,0,103.9,90.5
"2025-01-28 05:00:00",10635,11.93,310,0,-0.028,-1.18,0.07,-0.1,0.005,-0.099,-0.005,100.9,88.7
"2025-01-28 05:30:00",10636,11.93,310,0,-0.029,-1.17,0,-0.099,0,-0.081,-0.005,99.9,88.5
"2025-01-28 06:00:00",10637,11.93,310,0,-0.026,-1.03,0,-0.087,0,-0.061,-0.01,109.9,89.4
"2025-01-28 06:30:00",10638,11.93,310,0,-0.021,-0.83,0,-0.07,0,-0.073,-0.01,101.7,90.2
"2025-01-28 07:00:00",10639,11.93,310,0,-0.026,-1.01,-0.05,-0.086,-0.005,-0.073,-0.01,102,91.5
"2025-01-28 07:30:00",10640,11.93,310,0,-0.022,-0.84,-0.05,-0.072,-0.005,-0.061,-0.015,106.4,93.4
"2025-01-28 08:00:00",10641,11.93,310,0,-0.031,-1.19,-0.03,-0.101,-0.005,-0.087,-0.015,107.1,93
"2025-01-28 08:30:00",10642,11.93,310,0,-0.014,-0.61,0.06,-0.052,0.005,-0.047,-0.005,98.6,92.9
"2025-01-28 09:00:00",10643,11.93,310,0,-0.031,-1.22,-0.03,-0.103,-0.005,-0.094,-0.015,99.3,93.1
"2025-01-28 09:30:00",10644,11.93,310,0,-0.033,-1.26,-0.05,-0.106,-0.005,-0.097,-0.015,103.3,90.9
"2025-01-28 10:00:00",10645,11.93,310,0,-0.031,-1.25,0,-0.105,0,-0.123,-0.005,93.7,99.3
"2025-01-28 10:30:00",10646,11.94,310,0,-0.03,-1.15,-0.05,-0.097,-0.005,-0.101,-0.015,93.9,89.7
"2025-01-28 11:00:00",10647,11.94,310,0,-0.01,-0.4,0,-0.035,0,-0.04,-0.005,101.3,93.9
"2025-01-28 11:30:00",10648,11.94,310,0,-0.017,-0.66,-0.03,-0.057,-0.005,-0.063,-0.019,108.3,97.8
