"TOA5","CR300Series_410","CR300","5798","CR300.Std.11.00","CPU:CR300_sapflow.CR300","32345","Table2"
"TIMESTAMP","RECORD","BattV_Min","id","SDI1","SapFlwTot1","VhOuter1","VhInner1","AlphaOut1","AlphaIn1","BetaOut1","BetaIn1","tMaxTout1","tMaxTin1"
"TS","RN","Volts","","","literPerHour","heatVelocity","heatVelocity","logTRatio","logTRatio","logTRatio","logTRatio","second","second"
"","","Min","Smp","Smp","Smp","Smp","Smp","Smp","Smp","Smp","Smp","Smp","Smp"
"2024-08-03 15:30:00",2164,13.05,410,1,3.895,6.77,10.78,0.599,0.954,0.534,0.553,52.44,42.63
"2024-08-03 16:00:00",2165,13.05,410,1,4.312,8.11,11.29,0.718,0.999,0.602,0.557,50.24,41.41
"2024-08-03 16:30:00",2166,13.05,410,1,4.088,7.14,11.28,0.632,0.998,0.559,0.541,53.25,42.76
"2024-08-03 17:00:00",2167,13.05,410,1,4.222,7.46,11.56,0.66,1.023,0.587,0.54,55.22,42.66
"2024-08-03 17:30:00",2168,13.05,410,1,3.92,7.11,10.54,0.63,0.933,0.526,0.493,51.95,42.56
"2024-08-03 18:00:00",2169,13.05,410,1,3.185,5.57,8.78,0.493,0.777,0.414,0.394,54.3,42.98
"2024-08-03 18:30:00",2170,13.04,410,1,2.397,4.03,6.78,0.357,0.6,0.3,0.297,56.71,43.05
"2024-08-03 19:00:00",2171,13.04,410,1,1.93,3.08,5.63,0.272,0.498,0.232,0.247,56.58,42.35
"2024-08-03 19:30:00",2172,13.03,410,1,1.743,2.74,5.13,0.243,0.454,0.203,0.214,56.33,42.52
"2024-08-03 20:00:00",2173,13.03,410,1,1.325,1.9,4.09,0.168,0.362,0.14,0.162,55.16,42.17
"2024-08-03 20:30:00",2174,13.02,410,1,1.03,1.39,3.27,0.123,0.289,0.101,0.123,55.29,40.63
"2024-08-03 21:00:00",2175,13.02,410,1,0.749,0.79,2.61,0.07,0.231,0.058,0.093,56.62,40.88
"2024-08-03 21:30:00",2176,13.01,410,1,0.573,0.46,2.15,0.041,0.19,0.035,0.067,55.39,39.9
"2024-08-03 22:00:00",2177,13.01,410,1,0.446,0.19,1.85,0.017,0.163,0.011,0.053,56.49,40.17
"2024-08-03 22:30:00",2178,13.01,410,1,0.373,0.08,1.63,0.007,0.144,0.002,0.044,56.05,39.98
"2024-08-03 23:00:00",2179,13,410,1,0.329,0,1.51,0,0.134,-0.005,0.038,55.28,39.54
"2024-08-03 23:30:00",2180,13,410,1,0.3,-0.02,1.4,-0.002,0.124,-0.009,0.032,54.94,39.45
"2024-08-04 00:00:00",2181,13,410,1,0.263,-0.07,1.28,-0.007,0.113,-0.009,0.027,55.62,39.14
"2024-08-04 00:30:00",2182,12.99,410,1,0.263,-0.07,1.28,-0.007,0.113,-0.012,0.027,55.75,39.85
"2024-08-04 01:00:00",2183,12.99,410,1,0.269,-0.07,1.31,-0.007,0.116,-0.007,0.027,56.08,39.49
"2024-08-04 01:30:00",2184,12.99,410,1,0.276,-0.07,1.34,-0.007,0.118,-0.014,0.025,56.37,39.36
"2024-08-04 02:00:00",2185,12.98,410,1,0.324,0.12,1.36,0.01,0.121,0.005,0.025,51.98,39.81
"2024-08-04 02:30:00",2186,12.98,410,1,0.259,-0.02,1.21,-0.002,0.107,-0.007,0.019,54.43,39.5
"2024-08-04 03:00:00",2187,12.98,410,1,0.183,-0.21,1.06,-0.019,0.094,-0.016,0.011,56,39.67
"2024-08-04 03:30:00",2188,12.98,410,1,0.177,-0.18,1,-0.017,0.088,-0.016,0.006,55.69,40.19
"2024-08-04 04:00:00",2189,12.97,410,1,0.195,-0.13,1.03,-0.012,0.092,-0.016,0.006,54.61,39.26
"2024-08-04 04:30:00",2190,12.97,410,1,0.171,-0.15,0.94,-0.015,0.083,-0.019,0.002,55.11,40.19
"2024-08-04 05:00:00",2191,12.97,410,1,0.164,-0.18,0.94,-0.017,0.083,-0.016,0.004,54.97,39.31
"2024-08-04 05:30:00",2192,12.97,410,1,0.157,-0.21,0.94,-0.019,0.083,-0.019,0.004,55.05,40.13
"2024-08-04 06:00:00",2193,12.96,410,1,0.188,-0.13,1,-0.012,0.088,-0.016,0.002,55.11,40.02
"2024-08-04 06:30:00",2194,12.96,410,1,0.263,-0.02,1.23,-0.002,0.109,-0.007,0.017,55.22,39.3
"2024-08-04 07:00:00",2195,12.96,410,1,0.464,0.38,1.73,0.033,0.153,0.025,0.045,54.77,39.96
"2024-08-04 07:30:00",2196,12.96,410,1,0.722,0.91,2.36,0.081,0.209,0.064,0.076,58.05,39.64
"2024-08-04 08:00:00",2197,12.95,410,1,0.961,1.31,3.04,0.116,0.269,0.097,0.11,56.96,41.47
"2024-08-04 08:30:00",2198,12.95,410,1,1.373,2.12,4.08,0.188,0.361,0.163,0.164,59.03,43.13
"2024-08-04 09:00:00",2199,12.96,410,1,1.608,2.52,4.74,0.223,0.419,0.189,0.197,58.49,42.74
"2024-08-04 09:30:00",2200,12.95,410,1,1.676,2.78,4.78,0.246,0.423,0.208,0.198,57.87,42.53
"2024-08-04 10:00:00",2201,12.95,410,1,1.453,2.28,4.28,0.202,0.379,0.177,0.172,57.44,42.78
"2024-08-04 10:30:00",2202,12.95,410,1,1.667,2.72,4.8,0.24,0.425,0.206,0.205,58.34,42.84
"2024-08-04 11:00:00",2203,12.96,410,1,1.771,2.84,5.15,0.252,0.456,0.219,0.224,60.21,43.88
"2024-08-04 11:30:00",2204,12.95,410,1,2.683,4.51,7.59,0.399,0.672,0.356,0.351,59.15,44.64
"2024-08-04 12:00:00",2205,12.96,410,1,3.21,5.46,9.01,0.484,0.797,0.422,0.423,56.47,43.73
"2024-08-04 12:30:00",2206,12.96,410,1,3.557,6.13,9.9,0.542,0.876,0.479,0.469,55.54,43.64
"2024-08-04 13:00:00",2207,12.96,410,1,3.295,5.67,9.18,0.502,0.812,0.438,0.427,55.75,43.99
"2024-08-04 13:30:00",2208,12.96,410,1,3.147,5.32,8.87,0.471,0.785,0.414,0.421,56.23,44.07
"2024-08-04 14:00:00",2209,12.96,410,1,3.293,5.67,9.17,0.502,0.811,0.438,0.429,56.85,43.85
"2024-08-04 14:30:00",2210,12.96,410,1,2.933,5.01,8.21,0.443,0.727,0.389,0.375,56.46,44.14
"2024-08-04 15:00:00",2211,12.96,410,1,3.03,5.35,8.3,0.474,0.735,0.406,0.383,56.49,43.34
"2024-08-04 15:30:00",2212,12.95,410,1,2.75,4.8,7.59,0.425,0.672,0.371,0.348,59.72,44.23
"2024-08-04 16:00:00",2213,12.96,410,1,2.517,4.38,6.96,0.388,0.616,0.327,0.312,56.44,43.03
"2024-08-04 16:30:00",2214,12.95,410,1,1.776,2.97,5.04,0.263,0.446,0.225,0.212,58.13,42.63
"2024-08-04 17:00:00",2215,12.95,410,1,1.93,2.63,6.1,0.232,0.54,0.205,0.274,55.33,43.99
"2024-08-04 17:30:00",2216,12.94,410,1,2.376,4.09,6.62,0.362,0.586,0.308,0.29,56.83,43.57
"2024-08-04 18:00:00",2217,12.94,410,1,1.265,1.99,3.72,0.176,0.329,0.148,0.145,56.7,41.61
"2024-08-04 18:30:00",2218,12.94,410,1,0.814,1.17,2.51,0.104,0.222,0.076,0.075,56.53,39.52
"2024-08-04 19:00:00",2219,12.94,410,1,0.459,0.39,1.7,0.034,0.151,0.021,0.045,56.27,39.37
"2024-08-04 19:30:00",2220,12.93,410,1,0.31,0.08,1.34,0.007,0.118,0.002,0.024,55.32,39.97
"2024-08-04 20:00:00",2221,12.93,410,1,0.217,-0.1,1.1,-0.01,0.097,-0.012,0.015,55.22,39.56
"2024-08-04 20:30:00",2222,12.92,410,1,0.197,-0.13,1.04,-0.012,0.092,-0.014,0.009,55.53,38.94
"2024-08-04 21:00:00",2223,12.92,410,1,0.152,-0.21,0.92,-0.02,0.082,-0.024,0,54.91,39.26
"2024-08-04 21:30:00",2224,12.92,410,1,0.115,-0.29,0.83,-0.027,0.073,-0.028,-0.002,54.97,39.05
"2024-08-04 22:00:00",2225,12.92,410,1,0.055,-0.35,0.62,-0.032,0.055,-0.028,-0.015,54.44,38.52
"2024-08-04 22:30:00",2226,12.91,410,1,0.037,-0.4,0.59,-0.037,0.052,-0.038,-0.015,54.69,39.02
"2024-08-04 23:00:00",2227,12.91,410,1,-0.008,-0.49,0.47,-0.044,0.042,-0.04,-0.022,55.72,38.29
"2024-08-04 23:30:00",2228,12.91,410,1,-0.013,-0.51,0.47,-0.046,0.042,-0.042,-0.019,54.04,38.54
"2024-08-05 00:00:00",2229,12.91,410,1,0.011,-0.43,0.5,-0.039,0.044,-0.042,-0.019,55.43,38.53
"2024-08-05 00:30:00",2230,12.9,410,1,0.004,-0.46,0.5,-0.041,0.044,-0.04,-0.019,55.21,39.45
"2024-08-05 01:00:00",2231,12.9,410,1,-0.013,-0.48,0.44,-0.044,0.039,-0.045,-0.022,56.12,39.36
"2024-08-05 01:30:00",2232,12.9,410,1,-0.033,-0.54,0.41,-0.049,0.036,-0.045,-0.026,55.29,39.21
"2024-08-05 02:00:00",2233,12.9,410,1,-0.041,-0.49,0.32,-0.044,0.029,-0.045,-0.028,54.84,38.49
"2024-08-05 02:30:00",2234,12.9,410,1,-0.053,-0.54,0.32,-0.048,0.029,-0.049,-0.028,55.29,38.54
"2024-08-05 03:00:00",2235,12.9,410,1,-0.039,-0.51,0.35,-0.046,0.031,-0.047,-0.03,55.46,38.31
"2024-08-05 03:30:00",2236,12.9,410,1,-0.046,-0.51,0.32,-0.046,0.029,-0.045,-0.028,56.32,39.15
"2024-08-05 04:00:00",2237,12.9,410,1,-0.045,-0.48,0.29,-0.043,0.026,-0.04,-0.03,56.12,38.69
"2024-08-05 04:30:00",2238,12.9,410,1,-0.066,-0.54,0.26,-0.049,0.023,-0.045,-0.034,57.69,38.3
"2024-08-05 05:00:00",2239,12.9,410,1,-0.032,-0.48,0.35,-0.043,0.031,-0.042,-0.028,55.42,39.09
"2024-08-05 05:30:00",2240,12.9,410,1,-0.013,-0.48,0.44,-0.043,0.039,-0.042,-0.026,56.03,38.71
"2024-08-05 06:00:00",2241,12.9,410,1,-0.008,-0.43,0.41,-0.039,0.036,-0.04,-0.028,55.57,39.24
"2024-08-05 06:30:00",2242,12.9,410,1,-0.026,-0.48,0.38,-0.044,0.034,-0.045,-0.028,56.82,39.25
"2024-08-05 07:00:00",2243,12.9,410,1,0.003,-0.38,0.41,-0.034,0.036,-0.033,-0.026,56.29,39.29
"2024-08-05 07:30:00",2244,12.9,410,1,0.111,-0.24,0.76,-0.022,0.067,-0.023,-0.006,56.21,39.22
"2024-08-05 08:00:00",2245,12.9,410,1,0.395,0.29,1.51,0.026,0.134,0.016,0.036,57.85,40.28
"2024-08-05 08:30:00",2246,12.89,410,1,1.028,1.43,3.22,0.127,0.285,0.107,0.119,58.09,41.51
"2024-08-05 09:00:00",2247,12.89,410,1,1.626,2.58,4.76,0.229,0.422,0.195,0.203,58.5,43
"2024-08-05 09:30:00",2248,12.9,410,1,2.24,3.75,6.35,0.332,0.562,0.288,0.286,58.47,43.66
"2024-08-05 10:00:00",2249,12.9,410,1,2.819,4.79,7.92,0.424,0.701,0.372,0.363,57.91,44.23
"2024-08-05 10:30:00",2250,12.9,410,1,3.267,5.54,9.19,0.491,0.813,0.439,0.433,57.23,44.07
"2024-08-05 11:00:00",2251,12.9,410,1,3.446,5.96,9.57,0.527,0.847,0.468,0.454,56.18,43.19
"2024-08-05 11:30:00",2252,12.9,410,1,3.701,6.34,10.34,0.562,0.915,0.503,0.492,54.45,43.38
"2024-08-05 12:00:00",2253,12.9,410,1,3.865,6.64,10.78,0.588,0.954,0.527,0.523,53.65,42.75
"2024-08-05 12:30:00",2254,12.9,410,1,4.007,6.93,11.13,0.614,0.985,0.548,0.538,53.28,42.63
"2024-08-05 13:00:00",2255,12.9,410,1,3.978,6.79,11.14,0.601,0.986,0.544,0.546,53.09,42.18
"2024-08-05 13:30:00",2256,12.91,410,1,4.044,7.14,11.08,0.632,0.981,0.592,0.562,60.3,42.9
"2024-08-05 14:00:00",2257,12.91,410,1,3.201,3.98,10.52,0.352,0.931,0.371,0.548,46.41,41.99
"2024-08-05 14:30:00",2258,12.91,410,1,3.735,6.08,10.77,0.538,0.953,0.525,0.583,54.47,42.57
"2024-08-05 15:00:00",2259,12.91,410,1,3.967,6.23,11.68,0.552,1.034,0.544,0.599,52.96,41.64
"2024-08-05 15:30:00",2260,12.91,410,1,4.219,6.97,12.06,0.617,1.067,0.555,0.582,49.83,41.42
"2024-08-05 16:00:00",2261,12.91,410,1,4.554,8.62,11.87,0.763,1.05,0.63,0.571,50.88,40.8
"2024-08-05 16:30:00",2262,12.91,410,1,3.929,6.32,11.41,0.56,1.01,0.52,0.567,51.79,42.12
"2024-08-05 17:00:00",2263,12.91,410,1,4.326,7.6,11.89,0.673,1.053,0.602,0.558,54.26,41.85
"2024-08-05 17:30:00",2264,12.91,410,1,4.022,7.07,11.05,0.626,0.978,0.544,0.534,50.83,42.83
"2024-08-05 18:00:00",2265,12.9,410,1,3.775,6.54,10.47,0.579,0.927,0.49,0.497,52.04,42.23
"2024-08-05 18:30:00",2266,12.9,410,1,3.759,6.48,10.46,0.574,0.926,0.486,0.47,54.67,44.18
"2024-08-05 19:00:00",2267,12.9,410,1,3.096,5.17,8.79,0.458,0.778,0.396,0.405,54.68,44.03
"2024-08-05 19:30:00",2268,12.89,410,1,2.573,4.36,7.24,0.386,0.641,0.322,0.321,55.59,43.43
"2024-08-05 20:00:00",2269,12.89,410,1,1.843,2.94,5.38,0.26,0.476,0.219,0.226,56.86,42.36
"2024-08-05 20:30:00",2270,12.89,410,1,1.203,1.68,3.76,0.149,0.333,0.128,0.15,55.61,42.2
"2024-08-05 21:00:00",2271,12.88,410,1,0.794,0.92,2.68,0.081,0.237,0.067,0.09,55.8,40.16
"2024-08-05 21:30:00",2272,12.88,410,1,0.553,0.39,2.13,0.034,0.188,0.024,0.064,56.28,39.7
"2024-08-05 22:00:00",2273,12.87,410,1,0.418,0.17,1.74,0.015,0.154,0.007,0.045,56.1,39.51
"2024-08-05 22:30:00",2274,12.87,410,1,0.305,0,1.4,0,0.124,-0.007,0.028,55.45,39.39
"2024-08-05 23:00:00",2275,12.87,410,1,0.218,-0.18,1.19,-0.017,0.106,-0.021,0.022,56.31,38.31
"2024-08-05 23:30:00",2276,12.87,410,1,0.178,-0.27,1.1,-0.025,0.098,-0.026,0.015,55.01,39.36
"2024-08-06 00:00:00",2277,12.86,410,1,0.14,-0.32,0.98,-0.029,0.087,-0.031,0.006,56.14,39.66
"2024-08-06 00:30:00",2278,12.86,410,1,0.12,-0.37,0.94,-0.033,0.083,-0.033,0.009,56.19,40.54
"2024-08-06 01:00:00",2279,12.86,410,1,0.131,-0.35,0.97,-0.032,0.086,-0.031,0.004,55.97,39.9
"2024-08-06 01:30:00",2280,12.86,410,1,0.165,-0.24,1.01,-0.022,0.089,-0.026,0.011,55.25,39.5
"2024-08-06 02:00:00",2281,12.86,410,1,0.172,-0.24,1.04,-0.022,0.092,-0.024,0.009,56.68,40.35
"2024-08-06 02:30:00",2282,12.86,410,1,0.179,-0.21,1.04,-0.02,0.092,-0.019,0.011,55.36,39.87
"2024-08-06 03:00:00",2283,12.86,410,1,0.161,-0.24,0.99,-0.022,0.087,-0.024,0.009,56.27,39.52
"2024-08-06 03:30:00",2284,12.85,410,1,0.148,-0.27,0.96,-0.025,0.085,-0.024,0.004,54.93,39.27
"2024-08-06 04:00:00",2285,12.85,410,1,0.146,-0.24,0.92,-0.022,0.082,-0.026,0.004,56.21,38.89
"2024-08-06 04:30:00",2286,12.85,410,1,0.128,-0.27,0.87,-0.025,0.077,-0.026,0.002,54.75,39.67
"2024-08-06 05:00:00",2287,12.85,410,1,0.135,-0.24,0.87,-0.022,0.077,-0.022,0,54.85,39.19
"2024-08-06 05:30:00",2288,12.85,410,1,0.139,-0.24,0.89,-0.022,0.079,-0.029,0.002,54.89,38.97
"2024-08-06 06:00:00",2289,12.85,410,1,0.139,-0.24,0.89,-0.022,0.079,-0.024,0.002,55.14,39.65
"2024-08-06 06:30:00",2290,12.85,410,1,0.268,-0.02,1.25,-0.002,0.11,-0.005,0.019,56.05,39.3
"2024-08-06 07:00:00",2291,12.85,410,1,0.59,0.57,2.11,0.051,0.187,0.035,0.065,58.49,40.91
"2024-08-06 07:30:00",2292,12.85,410,1,0.879,1.12,2.86,0.099,0.253,0.082,0.103,58.12,41.79
"2024-08-06 08:00:00",2293,12.85,410,1,1.17,1.7,3.59,0.15,0.318,0.127,0.144,58.26,42.77
"2024-08-06 08:30:00",2294,12.84,410,1,1.719,2.71,5.05,0.239,0.447,0.203,0.212,58.8,44.7
"2024-08-06 09:00:00",2295,12.85,410,1,2.499,4.15,7.12,0.367,0.63,0.321,0.329,58.37,43.56
"2024-08-06 09:30:00",2296,12.85,410,1,2.988,5.07,8.4,0.448,0.743,0.391,0.388,58.84,44.85
"2024-08-06 10:00:00",2297,12.85,410,1,3.429,5.78,9.68,0.511,0.857,0.45,0.457,56.43,43.85
"2024-08-06 10:30:00",2298,12.85,410,1,3.789,6.49,10.59,0.574,0.937,0.506,0.512,54.87,43.12
"2024-08-06 11:00:00",2299,12.85,410,1,3.985,6.83,11.13,0.605,0.985,0.542,0.536,54.07,42.33
"2024-08-06 11:30:00",2300,12.85,410,1,3.998,6.83,11.19,0.605,0.991,0.545,0.545,53.78,43.03
"2024-08-06 12:00:00",2301,12.85,410,1,3.993,6.82,11.18,0.603,0.99,0.548,0.548,54.84,41.59
"2024-08-06 12:30:00",2302,12.86,410,1,4.046,6.87,11.37,0.608,1.006,0.551,0.56,53.43,42.11
"2024-08-06 13:00:00",2303,12.86,410,1,4.129,7.09,11.52,0.627,1.02,0.569,0.565,53.97,41.14
"2024-08-06 13:30:00",2304,12.86,410,1,3.953,6.91,10.9,0.612,0.965,0.59,0.566,63.39,43.51
"2024-08-06 14:00:00",2305,12.86,410,1,3.287,4.54,10.33,0.402,0.915,0.419,0.552,46.87,41.63
"2024-08-06 14:30:00",2306,12.86,410,1,3.68,6.25,10.34,0.553,0.915,0.519,0.566,54.73,42.83
"2024-08-06 15:00:00",2307,12.86,410,1,3.902,6.01,11.61,0.532,1.027,0.528,0.595,58.52,42.78
"2024-08-06 15:30:00",2308,12.86,410,1,4.722,9.04,12.2,0.8,1.079,0.657,0.567,50.96,42.13
"2024-08-06 16:00:00",2309,12.86,410,1,4.235,7.64,11.43,0.676,1.012,0.576,0.534,52.84,42.61
"2024-08-06 16:30:00",2310,12.86,410,1,3.824,6.3,10.95,0.557,0.969,0.507,0.518,55.47,42.48
"2024-08-06 17:00:00",2311,12.85,410,1,3.909,6.67,10.95,0.59,0.97,0.528,0.524,53.23,42.32
"2024-08-06 17:30:00",2312,12.85,410,1,3.657,6.16,10.33,0.545,0.914,0.474,0.502,53.59,42.94
"2024-08-06 18:00:00",2313,12.85,410,1,3.588,6.38,9.78,0.564,0.865,0.47,0.457,54.42,42.68
"2024-08-06 18:30:00",2314,12.84,410,1,3.265,5.57,9.15,0.493,0.81,0.416,0.411,54.68,43.78
"2024-08-06 19:00:00",2315,12.84,410,1,2.468,4.12,7.01,0.365,0.62,0.306,0.312,56.45,43.04
"2024-08-06 19:30:00",2316,12.84,410,1,1.623,2.48,4.85,0.219,0.429,0.181,0.196,57.85,42.1
"2024-08-06 20:00:00",2317,12.84,410,1,1.105,1.49,3.51,0.132,0.31,0.108,0.136,57.33,41.01
"2024-08-06 20:30:00",2318,12.83,410,1,0.736,0.76,2.58,0.067,0.228,0.05,0.091,55.65,40.72
"2024-08-06 21:00:00",2319,12.83,410,1,0.529,0.36,2.05,0.032,0.181,0.021,0.063,57.98,40.25
"2024-08-06 21:30:00",2320,12.83,410,1,0.411,0.14,1.74,0.012,0.154,0.007,0.05,57.2,39.46
"2024-08-06 22:00:00",2321,12.83,410,1,0.315,-0.05,1.5,-0.005,0.132,-0.01,0.035,56.62,40.28
"2024-08-06 22:30:00",2322,12.82,410,1,0.242,-0.16,1.28,-0.015,0.114,-0.021,0.024,54.88,39.96
"2024-08-06 23:00:00",2323,12.82,410,1,0.211,-0.24,1.22,-0.022,0.108,-0.024,0.022,55.33,38.76
"2024-08-06 23:30:00",2324,12.82,410,1,0.178,-0.27,1.1,-0.025,0.098,-0.026,0.017,55.39,39.07
"2024-08-07 00:00:00",2325,12.82,410,1,0.14,-0.32,0.98,-0.029,0.087,-0.031,0.011,54.66,39.33
"2024-08-07 00:30:00",2326,12.82,410,1,0.158,-0.3,1.04,-0.027,0.092,-0.029,0.011,55.25,39.08
"2024-08-07 01:00:00",2327,12.82,410,1,0.13,-0.32,0.93,-0.029,0.082,-0.031,0.004,55.76,39.18
"2024-08-07 01:30:00",2328,12.81,410,1,0.13,-0.32,0.93,-0.03,0.082,-0.036,0.007,56.39,38.82
"2024-08-07 02:00:00",2329,12.81,410,1,0.1,-0.41,0.89,-0.037,0.079,-0.036,0.004,55.63,39.45
"2024-08-07 02:30:00",2330,12.81,410,1,0.103,-0.35,0.84,-0.032,0.074,-0.034,0.004,55,38.93
"2024-08-07 03:00:00",2331,12.81,410,1,0.076,-0.41,0.78,-0.037,0.069,-0.038,-0.004,56.64,39.07
"2024-08-07 03:30:00",2332,12.81,410,1,0.07,-0.38,0.72,-0.035,0.064,-0.034,-0.007,55.26,38.93
"2024-08-07 04:00:00",2333,12.81,410,1,0.07,-0.38,0.72,-0.035,0.063,-0.036,-0.004,55.14,38.81
"2024-08-07 04:30:00",2334,12.81,410,1,0.057,-0.41,0.69,-0.037,0.061,-0.036,-0.009,56.44,39.29
"2024-08-07 05:00:00",2335,12.81,410,1,0.063,-0.41,0.72,-0.037,0.064,-0.036,-0.007,55.78,38.78
"2024-08-07 05:30:00",2336,12.81,410,1,0.057,-0.35,0.63,-0.032,0.056,-0.036,-0.013,56.24,39.5
"2024-08-07 06:00:00",2337,12.8,410,1,0.036,-0.47,0.66,-0.042,0.058,-0.041,-0.009,55.72,38.83
"2024-08-07 06:30:00",2338,12.8,410,1,0.024,-0.44,0.57,-0.04,0.05,-0.036,-0.013,56.06,39.31
"2024-08-07 07:00:00",2339,12.8,410,1,0.05,-0.41,0.66,-0.037,0.058,-0.034,-0.009,56.04,39.14
"2024-08-07 07:30:00",2340,12.8,410,1,0.061,-0.38,0.68,-0.034,0.061,-0.036,-0.004,56.05,38.89
"2024-08-07 08:00:00",2341,12.8,410,1,0.272,-0.02,1.27,-0.002,0.113,-0.007,0.022,57.4,39.82
"2024-08-07 08:30:00",2342,12.8,410,1,0.8,0.91,2.72,0.081,0.241,0.066,0.095,58.39,41.64
"2024-08-07 09:00:00",2343,12.8,410,1,1.722,2.61,5.17,0.231,0.458,0.201,0.226,59.37,43.05
"2024-08-07 09:30:00",2344,12.8,410,1,2.318,3.75,6.71,0.332,0.594,0.29,0.305,59.3,43.65
"2024-08-07 10:00:00",2345,12.8,410,1,2.874,4.81,8.15,0.426,0.721,0.375,0.374,58.12,44.86
"2024-08-07 10:30:00",2346,12.8,410,1,3.412,5.79,9.59,0.513,0.849,0.45,0.457,56.07,44.17
"2024-08-07 11:00:00",2347,12.81,410,1,3.514,5.96,9.88,0.527,0.874,0.472,0.472,56.82,43.25
"2024-08-07 11:30:00",2348,12.81,410,1,3.61,6.18,10.09,0.547,0.893,0.484,0.485,55.86,43.44
"2024-08-07 12:00:00",2349,12.81,410,1,3.742,6.54,10.32,0.579,0.913,0.507,0.498,54.24,43.33
"2024-08-07 12:30:00",2350,12.81,410,1,3.915,6.63,11.02,0.587,0.975,0.531,0.538,54.28,43.11
"2024-08-07 13:00:00",2351,12.81,410,1,4.264,7.31,11.91,0.647,1.054,0.576,0.586,52.21,42.29
"2024-08-07 13:30:00",2352,12.81,410,1,4.319,7.55,11.91,0.668,1.054,0.591,0.577,52.3,40.98
"2024-08-07 14:00:00",2353,12.81,410,1,4.058,6.74,11.56,0.596,1.023,0.551,0.575,54.08,41.77
"2024-08-07 14:30:00",2354,12.81,410,1,3.94,6.71,11.05,0.593,0.978,0.559,0.564,55.76,44.01
"2024-08-07 15:00:00",2355,12.81,410,1,4.294,7.42,11.93,0.657,1.056,0.585,0.583,51.37,41.29
"2024-08-07 15:30:00",2356,12.81,410,1,4.421,7.9,12.01,0.699,1.063,0.601,0.582,50.18,41.77
"2024-08-07 16:00:00",2357,12.81,410,1,3.843,6.44,10.89,0.57,0.964,0.508,0.525,53.53,42.88
"2024-08-07 16:30:00",2358,12.81,410,1,3.629,6.33,10.02,0.56,0.886,0.484,0.463,54.77,42.77
"2024-08-07 17:00:00",2359,12.81,410,1,3.341,5.7,9.36,0.505,0.829,0.442,0.443,55.3,43.14
"2024-08-07 17:30:00",2360,12.8,410,1,2.955,5.05,8.27,0.447,0.732,0.385,0.382,55.89,43.72
"2024-08-07 18:00:00",2361,12.8,410,1,2.319,3.84,6.62,0.34,0.586,0.289,0.296,57.85,42.62
"2024-08-07 18:30:00",2362,12.8,410,1,1.736,2.68,5.16,0.237,0.456,0.202,0.221,57.56,42.89
"2024-08-07 19:00:00",2363,12.79,410,1,1.174,1.64,3.67,0.145,0.325,0.12,0.144,55.63,41.8
"2024-08-07 19:30:00",2364,12.79,410,1,0.684,0.66,2.45,0.058,0.216,0.044,0.083,55.6,40.53
"2024-08-07 20:00:00",2365,12.79,410,1,0.404,0.11,1.74,0.01,0.154,0.005,0.048,55.29,38.95
"2024-08-07 20:30:00",2366,12.78,410,1,0.275,-0.13,1.4,-0.013,0.124,-0.015,0.035,55.66,38.9
"2024-08-07 21:00:00",2367,12.78,410,1,0.211,-0.24,1.22,-0.022,0.108,-0.022,0.022,55.4,39.06
"2024-08-07 21:30:00",2368,12.78,410,1,0.122,-0.39,0.97,-0.035,0.086,-0.034,0.009,55.51,39.33
"2024-08-07 22:00:00",2369,12.78,410,1,0.091,-0.47,0.91,-0.042,0.08,-0.043,0.007,55.51,37.92
"2024-08-07 22:30:00",2370,12.78,410,1,0.043,-0.5,0.72,-0.045,0.064,-0.043,-0.004,54.84,38.34
"2024-08-07 23:00:00",2371,12.77,410,1,0.051,-0.5,0.76,-0.045,0.067,-0.043,-0.002,55.1,38.76
"2024-08-07 23:30:00",2372,12.77,410,1,0.025,-0.55,0.69,-0.05,0.061,-0.048,-0.007,54.29,38.95
"2024-08-08 00:00:00",2373,12.77,410,1,0.014,-0.55,0.64,-0.05,0.056,-0.048,-0.004,56.28,38.96
"2024-08-08 00:30:00",2374,12.77,410,1,0.005,-0.55,0.6,-0.05,0.053,-0.048,-0.011,56.35,39.18
"2024-08-08 01:00:00",2375,12.77,410,1,0,-0.55,0.57,-0.05,0.051,-0.048,-0.009,55.66,39.32
"2024-08-08 01:30:00",2376,12.77,410,1,-0.002,-0.53,0.54,-0.047,0.048,-0.046,-0.013,55.99,38.97
"2024-08-08 02:00:00",2377,12.77,410,1,0,-0.52,0.54,-0.047,0.048,-0.048,-0.013,55.18,39
"2024-08-08 02:30:00",2378,12.76,410,1,-0.002,-0.5,0.51,-0.045,0.045,-0.046,-0.013,56.13,39.37
"2024-08-08 03:00:00",2379,12.76,410,1,-0.007,-0.55,0.54,-0.05,0.048,-0.05,-0.013,56.03,38.72
"2024-08-08 03:30:00",2380,12.76,410,1,-0.027,-0.58,0.48,-0.052,0.043,-0.05,-0.018,55.48,37.9
"2024-08-08 04:00:00",2381,12.77,410,1,0.003,-0.5,0.54,-0.045,0.048,-0.041,-0.02,54.88,38.15
"2024-08-08 04:30:00",2382,12.76,410,1,-0.027,-0.58,0.48,-0.052,0.043,-0.053,-0.018,56.11,38.68
"2024-08-08 05:00:00",2383,12.76,410,1,0.004,-0.47,0.51,-0.042,0.045,-0.043,-0.015,55.01,39.1
"2024-08-08 05:30:00",2384,12.76,410,1,0.004,-0.47,0.51,-0.042,0.045,-0.043,-0.018,55.37,39.3
"2024-08-08 06:00:00",2385,12.76,410,1,0.024,-0.41,0.54,-0.037,0.048,-0.039,-0.013,55.27,39.1
"2024-08-08 06:30:00",2386,12.76,410,1,0.017,-0.44,0.54,-0.04,0.048,-0.036,-0.013,56.62,39.46
"2024-08-08 07:00:00",2387,12.76,410,1,0.017,-0.47,0.57,-0.042,0.051,-0.039,-0.013,56.09,39.51
"2024-08-08 07:30:00",2388,12.76,410,1,-0.013,-0.52,0.48,-0.047,0.042,-0.046,-0.018,55.73,37.74
"2024-08-08 08:00:00",2389,12.76,410,1,-0.007,-0.52,0.51,-0.047,0.045,-0.048,-0.02,56.83,39.25
"2024-08-08 08:30:00",2390,12.76,410,1,-0.013,-0.49,0.45,-0.044,0.04,-0.043,-0.022,56.03,39.29
"2024-08-08 09:00:00",2391,12.76,410,1,-0.04,-0.55,0.39,-0.049,0.034,-0.048,-0.024,56.66,39.66
"2024-08-08 09:30:00",2392,12.76,410,1,-0.064,-0.6,0.33,-0.054,0.029,-0.05,-0.026,56.08,39.08
"2024-08-08 10:00:00",2393,12.76,410,1,-0.055,-0.59,0.36,-0.053,0.031,-0.05,-0.022,56.04,38.46
"2024-08-08 10:30:00",2394,12.75,410,1,-0.038,-0.57,0.42,-0.051,0.037,-0.05,-0.022,56.24,38.51
"2024-08-08 11:00:00",2395,12.76,410,1,0.043,-0.43,0.65,-0.039,0.058,-0.041,-0.015,55.39,38.81
"2024-08-08 11:30:00",2396,12.76,410,1,0.223,-0.16,1.19,-0.015,0.105,-0.019,0.024,56.29,39.54
"2024-08-08 12:00:00",2397,12.76,410,1,0.452,0.33,1.73,0.029,0.153,0.017,0.039,59.04,40.48
"2024-08-08 12:30:00",2398,12.76,410,1,0.858,1.03,2.86,0.091,0.253,0.077,0.104,58.5,41.76
"2024-08-08 13:00:00",2399,12.76,410,1,1.52,2.25,4.62,0.199,0.409,0.171,0.195,58.46,41.99
"2024-08-08 13:30:00",2400,12.76,410,1,2.041,3.32,5.89,0.293,0.522,0.254,0.26,58.04,43.38
"2024-08-08 14:00:00",2401,12.76,410,1,2.18,3.63,6.2,0.321,0.549,0.278,0.271,58.99,43.09
"2024-08-08 14:30:00",2402,12.76,410,1,2.174,3.52,6.29,0.311,0.556,0.282,0.285,59.9,44.16
"2024-08-08 15:00:00",2403,12.76,410,1,2.429,4.15,6.8,0.367,0.602,0.313,0.309,58.04,44.22
"2024-08-08 15:30:00",2404,12.76,410,1,2.323,3.96,6.51,0.351,0.576,0.3,0.288,57.8,43.14
"2024-08-08 16:00:00",2405,12.76,410,1,2.027,3.37,5.77,0.299,0.511,0.255,0.249,58.74,42.83
"2024-08-08 16:30:00",2406,12.76,410,1,1.959,3.19,5.65,0.283,0.5,0.243,0.248,58.62,43.55
"2024-08-08 17:00:00",2407,12.76,410,1,1.898,3.13,5.43,0.277,0.481,0.239,0.236,58.89,42.57
"2024-08-08 17:30:00",2408,12.76,410,1,1.713,2.72,5.01,0.241,0.444,0.208,0.217,59.2,42.61
"2024-08-08 18:00:00",2409,12.75,410,1,1.482,2.34,4.35,0.207,0.385,0.173,0.17,57.95,43.45
"2024-08-08 18:30:00",2410,12.75,410,1,1.375,2.11,4.1,0.186,0.363,0.163,0.161,57.53,43.03
"2024-08-08 19:00:00",2411,12.75,410,1,1.213,1.78,3.7,0.157,0.328,0.133,0.146,58.05,41.47
"2024-08-08 19:30:00",2412,12.75,410,1,0.986,1.35,3.11,0.12,0.275,0.096,0.112,57.63,41.46
"2024-08-08 20:00:00",2413,12.75,410,1,0.748,0.93,2.46,0.082,0.218,0.065,0.088,57.8,41.06
"2024-08-08 20:30:00",2414,12.75,410,1,0.59,0.62,2.06,0.055,0.182,0.043,0.061,56.6,40.69
"2024-08-08 21:00:00",2415,12.75,410,1,0.453,0.37,1.69,0.032,0.15,0.019,0.046,58.08,39.83
"2024-08-08 21:30:00",2416,12.74,410,1,0.461,0.34,1.76,0.03,0.155,0.019,0.044,56.53,42.12
"2024-08-08 22:00:00",2417,12.74,410,1,0.386,0.22,1.54,0.02,0.136,0.017,0.046,56.78,39.2
"2024-08-08 22:30:00",2418,12.74,410,1,0.328,0.11,1.39,0.01,0.123,0,0.028,55.95,38.78
"2024-08-08 23:00:00",2419,12.74,410,1,0.248,0,1.14,0,0.101,-0.01,0.011,56.67,40.08
"2024-08-08 23:30:00",2420,12.74,410,1,0.333,0.14,1.38,0.012,0.123,0.005,0.037,57.61,39.04
"2024-08-09 00:00:00",2421,12.74,410,1,0.303,0.06,1.33,0.005,0.118,0,0.04,54.97,38.22
"2024-08-09 00:30:00",2422,12.74,410,1,0.27,0,1.24,0,0.11,-0.005,0.018,56.67,39.67
"2024-08-09 01:00:00",2423,12.74,410,1,0.362,0.2,1.45,0.017,0.128,0.005,0.015,55.96,36.55
"2024-08-09 01:30:00",2424,12.74,410,1,0.302,0.11,1.27,0.01,0.113,0.01,0.035,55.75,39.16
"2024-08-09 02:00:00",2425,12.74,410,1,0.271,0.06,1.18,0.005,0.104,0,0.018,57.39,40.64
"2024-08-09 02:30:00",2426,12.74,410,1,0.231,-0.02,1.08,-0.002,0.096,-0.014,0.015,58.13,38.47
"2024-08-09 03:00:00",2427,12.74,410,1,0.38,0.25,1.48,0.022,0.131,0.017,0.033,56.51,40.75
"2024-08-09 03:30:00",2428,12.73,410,1,0.271,0.06,1.18,0.005,0.104,-0.002,0.007,56.98,39.56
"2024-08-09 04:00:00",2429,12.73,410,1,0.251,0.03,1.12,0.003,0.099,-0.005,0.024,56.59,40.25
"2024-08-09 04:30:00",2430,12.74,410,1,0.288,0.08,1.24,0.007,0.11,0,0.02,57.98,38.32
"2024-08-09 05:00:00",2431,12.74,410,1,0.282,0.11,1.18,0.01,0.104,0.002,0.011,55.73,39.24
"2024-08-09 05:30:00",2432,12.73,410,1,0.349,0.2,1.39,0.018,0.123,0.012,0.024,56.17,39
"2024-08-09 06:00:00",2433,12.73,410,1,0.244,0.03,1.09,0.003,0.097,0,-0.011,56.45,40.12
"2024-08-09 06:30:00",2434,12.73,410,1,0.142,-0.16,0.82,-0.015,0.073,-0.022,-0.018,59.13,39.05
"2024-08-09 07:00:00",2435,12.73,410,1,0.189,-0.08,0.95,-0.008,0.084,-0.007,0.009,55.97,38.38
"2024-08-09 07:30:00",2436,12.73,410,1,0.364,0.25,1.41,0.023,0.124,0.017,0.031,56.13,38.29
"2024-08-09 08:00:00",2437,12.72,410,1,0.737,0.89,2.45,0.078,0.217,0.069,0.097,56.34,39.16
"2024-08-09 08:30:00",2438,12.73,410,1,1.622,2.56,4.76,0.227,0.421,0.195,0.186,58.26,43.01
"2024-08-09 09:00:00",2439,12.72,410,1,2.029,3.35,5.8,0.297,0.514,0.253,0.248,62.18,45.18
"2024-08-09 09:30:00",2440,12.73,410,1,2.486,4.19,7.02,0.371,0.622,0.316,0.298,59.39,45.14
"2024-08-09 10:00:00",2441,12.73,410,1,2.627,4.51,7.33,0.399,0.649,0.349,0.335,58.8,44.55
"2024-08-09 10:30:00",2442,12.73,410,1,2.827,4.89,7.85,0.433,0.695,0.376,0.364,59.26,44.02
"2024-08-09 11:00:00",2443,12.73,410,1,3.192,5.44,8.95,0.482,0.792,0.428,0.425,58.37,44.54
"2024-08-09 11:30:00",2444,12.73,410,1,3.315,5.68,9.26,0.503,0.819,0.441,0.425,56.23,44.48
"2024-08-09 12:00:00",2445,12.73,410,1,3.349,5.67,9.43,0.502,0.835,0.447,0.455,57.38,43.71
"2024-08-09 12:30:00",2446,12.73,410,1,3.417,5.88,9.52,0.521,0.843,0.464,0.452,59.33,43.41
"2024-08-09 13:00:00",2447,12.73,410,1,3.769,6.23,10.77,0.551,0.953,0.508,0.526,55.92,43.18
"2024-08-09 13:30:00",2448,12.73,410,1,4.046,7.04,11.19,0.623,0.991,0.55,0.533,53.92,44.09
"2024-08-09 14:00:00",2449,12.73,410,1,4.184,7.58,11.26,0.671,0.996,0.574,0.542,54.06,42.31
"2024-08-09 14:30:00",2450,12.73,410,1,3.978,7.08,10.84,0.627,0.959,0.536,0.498,54.42,43.5
"2024-08-09 15:00:00",2451,12.73,410,1,2.287,4.12,6.18,0.364,0.547,0.301,0.257,57.56,42.89
"2024-08-09 15:30:00",2452,12.72,410,1,1.377,2.13,4.09,0.189,0.362,0.16,0.162,58.04,42.12
"2024-08-09 16:00:00",2453,12.72,410,1,2.051,3.23,6.03,0.286,0.534,0.244,0.27,59.53,43.05
"2024-08-09 16:30:00",2454,12.72,410,1,3.11,5.27,8.75,0.467,0.775,0.408,0.403,57.83,44.15
"2024-08-09 17:00:00",2455,12.72,410,1,3.266,5.37,9.36,0.475,0.828,0.423,0.431,58.34,43.25
"2024-08-09 17:30:00",2456,12.72,410,1,3.154,5.14,9.09,0.455,0.804,0.409,0.437,56.97,42.97
"2024-08-09 18:00:00",2457,12.72,410,1,3.26,5.66,9.03,0.501,0.799,0.428,0.418,56.02,43.59
"2024-08-09 18:30:00",2458,12.72,410,1,2.644,4.53,7.39,0.401,0.654,0.339,0.332,58.42,43.75
"2024-08-09 19:00:00",2459,12.71,410,1,1.924,3.13,5.55,0.277,0.491,0.237,0.24,59.2,42.44
"2024-08-09 19:30:00",2460,12.71,410,1,1.33,2.01,4,0.178,0.354,0.153,0.159,58.36,41.6
"2024-08-09 20:00:00",2461,12.71,410,1,0.939,1.24,3.01,0.11,0.266,0.095,0.112,57.6,41.67
"2024-08-09 20:30:00",2462,12.71,410,1,0.716,0.8,2.45,0.071,0.216,0.056,0.079,57.1,40.5
"2024-08-09 21:00:00",2463,12.71,410,1,0.476,0.34,1.83,0.03,0.162,0.025,0.051,55.74,40.4
"2024-08-09 21:30:00",2464,12.71,410,1,0.486,0.41,1.8,0.036,0.16,0.027,0.051,56.75,40.41
"2024-08-09 22:00:00",2465,12.71,410,1,0.348,0.14,1.45,0.013,0.128,0.002,0.029,56.39,38.8
"2024-08-09 22:30:00",2466,12.7,410,1,0.294,0.03,1.32,0.003,0.117,0,0.024,55.91,39.58
"2024-08-09 23:00:00",2467,12.7,410,1,0.261,0,1.2,0,0.106,-0.005,0.013,56.18,39.43
"2024-08-09 23:30:00",2468,12.7,410,1,0.243,-0.05,1.17,-0.005,0.103,-0.01,0.011,56.68,38.84
"2024-08-10 00:00:00",2469,12.7,410,1,0.197,-0.1,1.01,-0.01,0.089,-0.015,0.011,56.29,39.38
"2024-08-10 00:30:00",2470,12.69,410,1,0.151,-0.19,0.89,-0.018,0.078,-0.022,0.002,56.07,39.06
"2024-08-10 01:00:00",2471,12.7,410,1,0.164,-0.16,0.92,-0.015,0.081,-0.02,0.002,56.61,39.28
"2024-08-10 01:30:00",2472,12.69,410,1,0.13,-0.25,0.86,-0.023,0.076,-0.025,-0.002,56.82,39.07
"2024-08-10 02:00:00",2473,12.69,410,1,0.115,-0.22,0.76,-0.02,0.067,-0.024,-0.009,56.64,39.47
"2024-08-10 02:30:00",2474,12.7,410,1,0.084,-0.3,0.7,-0.028,0.062,-0.029,-0.007,55.51,38.34
"2024-08-10 03:00:00",2475,12.7,410,1,0.082,-0.28,0.67,-0.025,0.059,-0.029,-0.009,56.13,39.21
"2024-08-10 03:30:00",2476,12.69,410,1,0.064,-0.3,0.61,-0.028,0.054,-0.032,-0.013,55.41,38.91
"2024-08-10 04:00:00",2477,12.69,410,1,0.057,-0.36,0.64,-0.033,0.057,-0.034,-0.013,55.87,38.86
"2024-08-10 04:30:00",2478,12.69,410,1,0.062,-0.28,0.58,-0.025,0.051,-0.029,-0.016,55.74,40.07
"2024-08-10 05:00:00",2479,12.69,410,1,0.049,-0.31,0.55,-0.028,0.049,-0.032,-0.018,55.93,38.92
"2024-08-10 05:30:00",2480,12.69,410,1,0.042,-0.34,0.55,-0.031,0.049,-0.03,-0.013,56.09,39.33
"2024-08-10 06:00:00",2481,12.69,410,1,0.042,-0.34,0.55,-0.031,0.049,-0.032,-0.016,55.81,39.06
"2024-08-10 06:30:00",2482,12.69,410,1,0.049,-0.28,0.52,-0.025,0.046,-0.03,-0.02,55.32,39.39
"2024-08-10 07:00:00",2483,12.69,410,1,0.038,-0.36,0.55,-0.033,0.049,-0.037,-0.018,57.1,38.67
"2024-08-10 07:30:00",2484,12.68,410,1,0.018,-0.35,0.45,-0.032,0.04,-0.036,-0.024,57.39,38.96
"2024-08-10 08:00:00",2485,12.68,410,1,0.071,-0.3,0.64,-0.028,0.056,-0.029,-0.013,56.85,39.95
"2024-08-10 08:30:00",2486,12.69,410,1,0.351,0.23,1.37,0.02,0.121,0.012,0.027,58.36,39.94
"2024-08-10 09:00:00",2487,12.69,410,1,1.27,1.88,3.86,0.166,0.342,0.136,0.155,59.67,43.33
"2024-08-10 09:30:00",2488,12.69,410,1,2.765,4.57,7.9,0.404,0.699,0.35,0.361,57.64,43.96
"2024-08-10 10:00:00",2489,12.68,410,1,3.584,6.04,10.12,0.534,0.896,0.472,0.477,56.39,43.8
"2024-08-10 10:30:00",2490,12.69,410,1,4.117,6.97,11.59,0.617,1.026,0.548,0.558,53.52,42.44
"2024-08-10 11:00:00",2491,12.69,410,1,4.219,7.14,11.88,0.632,1.052,0.574,0.582,53.45,42.37
"2024-08-10 11:30:00",2492,12.69,410,1,4.442,7.49,12.54,0.663,1.11,0.6,0.614,51.69,41.76
"2024-08-10 12:00:00",2493,12.69,410,1,4.561,7.81,12.75,0.691,1.128,0.626,0.621,52.22,41.03
"2024-08-10 12:30:00",2494,12.69,410,1,4.626,7.96,12.89,0.705,1.141,0.646,0.633,50.18,40.66
"2024-08-10 13:00:00",2495,12.69,410,1,4.531,7.79,12.63,0.689,1.118,0.627,0.626,51.36,40.86
"2024-08-10 13:30:00",2496,12.7,410,1,4.428,7.57,12.39,0.67,1.097,0.64,0.639,52.64,40.89
"2024-08-10 14:00:00",2497,12.7,410,1,4.192,6.45,12.48,0.571,1.104,0.561,0.64,54.9,41.08
"2024-08-10 14:30:00",2498,12.7,410,1,4.538,7.86,12.59,0.695,1.114,0.622,0.622,48.45,40.87
"2024-08-10 15:00:00",2499,12.7,410,1,3.985,5.88,12.13,0.52,1.074,0.51,0.604,50.34,41.09
"2024-08-10 15:30:00",2500,12.7,410,1,3.939,6.46,11.31,0.571,1.001,0.538,0.593,52.25,41.76
"2024-08-10 16:00:00",2501,12.7,410,1,4.491,7.76,12.48,0.687,1.105,0.613,0.61,49.65,41.39
"2024-08-10 16:30:00",2502,12.69,410,1,4.483,7.85,12.35,0.695,1.093,0.605,0.581,51.44,41.52
"2024-08-10 17:00:00",2503,12.69,410,1,4.089,7.07,11.36,0.626,1.006,0.547,0.549,53,42.5
"2024-08-10 17:30:00",2504,12.69,410,1,3.768,6.16,10.84,0.545,0.96,0.5,0.547,53.6,42.84
"2024-08-10 18:00:00",2505,12.7,410,1,4.053,6.95,11.32,0.615,1.002,0.532,0.528,52.73,42.65
"2024-08-10 18:30:00",2506,12.69,410,1,3.5,5.92,9.86,0.524,0.873,0.459,0.463,55.82,43.92
"2024-08-10 19:00:00",2507,12.69,410,1,2.932,4.71,8.52,0.417,0.755,0.376,0.402,57,43.43
"2024-08-10 19:30:00",2508,12.69,410,1,2.515,4.25,7.09,0.376,0.627,0.317,0.317,56.44,43.71
"2024-08-10 20:00:00",2509,12.69,410,1,1.833,2.97,5.3,0.263,0.469,0.221,0.225,56.96,42.45
"2024-08-10 20:30:00",2510,12.69,410,1,1.308,1.95,3.96,0.173,0.351,0.144,0.16,57.34,42.1
"2024-08-10 21:00:00",2511,12.68,410,1,0.945,1.22,3.06,0.108,0.271,0.084,0.111,56.83,40.92
"2024-08-10 21:30:00",2512,12.67,410,1,0.71,0.78,2.44,0.069,0.216,0.057,0.081,56.61,40.42
"2024-08-10 22:00:00",2513,12.67,410,1,0.573,0.46,2.15,0.041,0.19,0.03,0.069,57.57,40.15
"2024-08-10 22:30:00",2514,12.67,410,1,0.454,0.29,1.78,0.026,0.157,0.015,0.049,55.7,40.35
"2024-08-10 23:00:00",2515,12.67,410,1,0.365,0.12,1.55,0.01,0.137,0.005,0.038,56.87,39.54
"2024-08-10 23:30:00",2516,12.66,410,1,0.303,0,1.39,0,0.123,-0.005,0.031,55.96,40.04
"2024-08-11 00:00:00",2517,12.66,410,1,0.272,-0.05,1.3,-0.005,0.115,-0.005,0.022,55.82,39.32
"2024-08-11 00:30:00",2518,12.66,410,1,0.232,-0.08,1.15,-0.008,0.102,-0.015,0.016,55.72,39.37
"2024-08-11 01:00:00",2519,12.66,410,1,0.208,-0.13,1.09,-0.013,0.096,-0.015,0.013,56.56,40.06
"2024-08-11 01:30:00",2520,12.66,410,1,0.179,-0.19,1.02,-0.018,0.091,-0.022,0.011,55.62,39.44
"2024-08-11 02:00:00",2521,12.66,410,1,0.146,-0.19,0.87,-0.018,0.077,-0.02,0.002,57.29,39.86
"2024-08-11 02:30:00",2522,12.65,410,1,0.137,-0.22,0.86,-0.02,0.076,-0.022,0,56.52,38.92
"2024-08-11 03:00:00",2523,12.65,410,1,0.157,-0.19,0.92,-0.017,0.081,-0.017,0.009,56.96,40.78
"2024-08-11 03:30:00",2524,12.65,410,1,0.177,-0.17,0.99,-0.016,0.087,-0.02,0.009,55.97,39.89
"2024-08-11 04:00:00",2525,12.65,410,1,0.206,-0.11,1.06,-0.01,0.093,-0.015,0.007,57.05,40.46
"2024-08-11 04:30:00",2526,12.65,410,1,0.237,0,1.09,0,0.097,-0.003,0.011,54.61,39.11
"2024-08-11 05:00:00",2527,12.65,410,1,0.244,0.03,1.09,0.003,0.097,-0.003,0.011,55.51,38.75
"2024-08-11 05:30:00",2528,12.64,410,1,0.253,0,1.16,0,0.102,-0.005,0.016,55.51,39.32
"2024-08-11 06:00:00",2529,12.64,410,1,0.273,0.06,1.19,0.005,0.105,-0.003,0.016,55.15,39.64
"2024-08-11 06:30:00",2530,12.64,410,1,0.28,0.06,1.22,0.005,0.108,0.003,0.02,56.58,39.4
"2024-08-11 07:00:00",2531,12.64,410,1,0.446,0.38,1.65,0.033,0.146,0.025,0.041,56.85,39.67
"2024-08-11 07:30:00",2532,12.64,410,1,0.933,1.25,2.97,0.111,0.263,0.093,0.108,59.51,41.25
"2024-08-11 08:00:00",2533,12.64,410,1,1.739,2.71,5.14,0.24,0.455,0.207,0.225,57.65,43.24
"2024-08-11 08:30:00",2534,12.64,410,1,2.405,3.94,6.91,0.348,0.612,0.307,0.314,58.74,43.91
"2024-08-11 09:00:00",2535,12.64,410,1,3.146,5.21,8.98,0.462,0.795,0.405,0.416,57.28,43.7
"2024-08-11 09:30:00",2536,12.64,410,1,3.637,6.09,10.31,0.539,0.912,0.481,0.491,57.25,42.84
"2024-08-11 10:00:00",2537,12.64,410,1,3.937,6.69,11.06,0.592,0.979,0.532,0.54,54.32,43.14
"2024-08-11 10:30:00",2538,12.64,410,1,4.086,6.95,11.47,0.615,1.015,0.558,0.567,54.28,42.52
"2024-08-11 11:00:00",2539,12.65,410,1,4.129,7.12,11.49,0.63,1.017,0.571,0.565,53.87,42.79
"2024-08-11 11:30:00",2540,12.65,410,1,4.057,6.9,11.39,0.611,1.008,0.56,0.571,53.81,42.32
"2024-08-11 12:00:00",2541,12.65,410,1,4.181,7.08,11.77,0.626,1.041,0.58,0.598,53.07,41.74
"2024-08-11 12:30:00",2542,12.65,410,1,4.328,7.55,11.95,0.668,1.057,0.6,0.598,52.12,41.47
"2024-08-11 13:00:00",2543,12.65,410,1,4.291,7.37,11.97,0.652,1.059,0.6,0.606,53.42,41.41
"2024-08-11 13:30:00",2544,12.66,410,1,4.029,6.48,11.7,0.573,1.035,0.572,0.616,60.95,42.14
"2024-08-11 14:00:00",2545,12.66,410,1,3.757,5.93,11.03,0.525,0.976,0.51,0.591,49.95,41.54
"2024-08-11 14:30:00",2546,12.66,410,1,4.58,8.17,12.46,0.723,1.103,0.631,0.604,51.5,41.26
"2024-08-11 15:00:00",2547,12.66,410,1,4.124,6.86,11.74,0.607,1.039,0.566,0.59,55.25,42.25
"2024-08-11 15:30:00",2548,12.66,410,1,3.304,4.63,10.31,0.41,0.913,0.419,0.576,51.51,42.26
"2024-08-11 16:00:00",2549,12.66,410,1,4.242,7.91,11.18,0.701,0.99,0.567,0.566,48.51,41.92
"2024-08-11 16:30:00",2550,12.66,410,1,4.463,7.83,12.28,0.693,1.087,0.583,0.565,51.61,41.11
"2024-08-11 17:00:00",2551,12.66,410,1,4.08,6.81,11.59,0.603,1.026,0.541,0.549,52.07,42.14
"2024-08-11 17:30:00",2552,12.65,410,1,3.803,6.14,11.02,0.543,0.976,0.495,0.535,53.89,42.71
"2024-08-11 18:00:00",2553,12.65,410,1,3.548,6.13,9.86,0.542,0.873,0.469,0.463,54.69,43.35
"2024-08-11 18:30:00",2554,12.65,410,1,2.857,4.83,8.05,0.427,0.712,0.364,0.365,56.16,43.73
"2024-08-11 19:00:00",2555,12.65,410,1,2.214,3.57,6.42,0.316,0.569,0.27,0.281,57.67,42.59
"2024-08-11 19:30:00",2556,12.64,410,1,1.611,2.4,4.88,0.212,0.432,0.184,0.207,56.58,41.5
"2024-08-11 20:00:00",2557,12.64,410,1,1.249,1.72,3.93,0.153,0.348,0.129,0.161,56.9,41.81
"2024-08-11 20:30:00",2558,12.64,410,1,0.991,1.26,3.23,0.112,0.286,0.092,0.128,56.96,41.3
"2024-08-11 21:00:00",2559,12.63,410,1,0.809,0.87,2.8,0.077,0.248,0.062,0.101,56.12,40.2
"2024-08-11 21:30:00",2560,12.63,410,1,0.682,0.64,2.46,0.057,0.218,0.047,0.088,56.29,40.11
"2024-08-11 22:00:00",2561,12.63,410,1,0.586,0.44,2.23,0.039,0.198,0.03,0.077,56.5,39.75
"2024-08-11 22:30:00",2562,12.63,410,1,0.533,0.38,2.05,0.033,0.181,0.027,0.063,56.36,39.18
"2024-08-11 23:00:00",2563,12.63,410,1,0.491,0.32,1.92,0.028,0.17,0.022,0.056,56.16,39.65
"2024-08-11 23:30:00",2564,12.62,410,1,0.456,0.23,1.85,0.021,0.164,0.017,0.056,56.47,40.12
"2024-08-12 00:00:00",2565,12.62,410,1,0.44,0.2,1.81,0.018,0.161,0.012,0.054,56.51,40.01
"2024-08-12 00:30:00",2566,12.62,410,1,0.416,0.2,1.7,0.018,0.15,0.015,0.052,56.12,39.94
"2024-08-12 01:00:00",2567,12.62,410,1,0.378,0.14,1.59,0.013,0.141,0.007,0.043,56.7,39.79
"2024-08-12 01:30:00",2568,12.62,410,1,0.354,0.12,1.5,0.01,0.133,0.005,0.038,55.57,40.06
"2024-08-12 02:00:00",2569,12.62,410,1,0.348,0.12,1.47,0.01,0.13,0.003,0.038,56.5,39.59
"2024-08-12 02:30:00",2570,12.61,410,1,0.314,0.03,1.41,0.003,0.125,0,0.034,56.61,39.69
"2024-08-12 03:00:00",2571,12.61,410,1,0.312,0.06,1.37,0.005,0.122,0,0.027,56.87,39.28
"2024-08-12 03:30:00",2572,12.61,410,1,0.308,0.06,1.35,0.005,0.119,0.005,0.032,55.36,39.44
"2024-08-12 04:00:00",2573,12.61,410,1,0.306,0.09,1.31,0.008,0.116,0.003,0.032,56.19,39.02
"2024-08-12 04:30:00",2574,12.61,410,1,0.306,0.06,1.34,0.005,0.119,0.003,0.032,56.35,39.59
"2024-08-12 05:00:00",2575,12.6,410,1,0.322,0.12,1.35,0.01,0.119,0,0.032,56.67,39.91
"2024-08-12 05:30:00",2576,12.61,410,1,0.335,0.15,1.38,0.013,0.122,0.008,0.034,55.85,40.18
"2024-08-12 06:00:00",2577,12.6,410,1,0.341,0.15,1.41,0.013,0.125,0.012,0.034,57.05,39.45
"2024-08-12 06:30:00",2578,12.6,410,1,0.388,0.23,1.54,0.021,0.136,0.012,0.041,56.42,39.65
"2024-08-12 07:00:00",2579,12.6,410,1,0.677,0.75,2.32,0.067,0.206,0.052,0.079,57,40.5
"2024-08-12 07:30:00",2580,12.6,410,1,1.165,1.64,3.63,0.145,0.321,0.126,0.146,58.82,41.48
"2024-08-12 08:00:00",2581,12.6,410,1,1.654,2.55,4.92,0.226,0.435,0.197,0.218,58.8,43.14
"2024-08-12 08:30:00",2582,12.6,410,1,1.898,2.98,5.59,0.263,0.495,0.237,0.256,59.96,44.05
"2024-08-12 09:00:00",2583,12.6,410,1,3.197,5.3,9.12,0.469,0.807,0.413,0.439,57.18,44.32
"2024-08-12 09:30:00",2584,12.6,410,1,3.658,6.07,10.43,0.537,0.923,0.482,0.51,55.72,42.87
"2024-08-12 10:00:00",2585,12.6,410,1,3.64,6.19,10.22,0.548,0.905,0.496,0.506,56.22,43.89
"2024-08-12 10:30:00",2586,12.6,410,1,3.796,6.32,10.8,0.559,0.956,0.509,0.535,54.57,43.23
"2024-08-12 11:00:00",2587,12.61,410,1,3.969,6.77,11.12,0.599,0.984,0.546,0.556,54.83,42.65
"2024-08-12 11:30:00",2588,12.61,410,1,3.941,6.6,11.17,0.584,0.988,0.538,0.572,53.4,42.48
"2024-08-12 12:00:00",2589,12.61,410,1,4.163,7.22,11.54,0.639,1.021,0.58,0.59,52.06,42.38
"2024-08-12 12:30:00",2590,12.62,410,1,3.999,6.95,11.07,0.615,0.98,0.545,0.548,54.98,42.8
"2024-08-12 13:00:00",2591,12.62,410,1,4.106,6.95,11.56,0.616,1.023,0.562,0.581,54.63,42.3
"2024-08-12 13:30:00",2592,12.62,410,1,4.041,6.65,11.58,0.588,1.025,0.563,0.607,55.56,41.73
"2024-08-12 14:00:00",2593,12.62,410,1,3.897,6.59,10.98,0.583,0.972,0.53,0.595,57.03,41.55
"2024-08-12 14:30:00",2594,12.62,410,1,4.354,7.78,11.83,0.689,1.047,0.606,0.6,50.29,41.87
"2024-08-12 15:00:00",2595,12.62,410,1,4.262,7.33,11.88,0.649,1.051,0.591,0.59,52.79,41.62
"2024-08-12 15:30:00",2596,12.62,410,1,3.778,6.28,10.76,0.556,0.953,0.525,0.581,51.33,42.34
"2024-08-12 16:00:00",2597,12.62,410,1,4.216,7.54,11.45,0.668,1.014,0.591,0.571,52.22,41.72
"2024-08-12 16:30:00",2598,12.62,410,1,4.232,7.33,11.74,0.649,1.039,0.568,0.574,52.91,41.99
"2024-08-12 17:00:00",2599,12.62,410,1,4.112,7.15,11.38,0.633,1.008,0.553,0.547,53.42,41.93
"2024-08-12 17:30:00",2600,12.62,410,1,3.927,6.73,10.97,0.596,0.971,0.543,0.536,56.35,43.51
"2024-08-12 18:00:00",2601,12.61,410,1,3.428,5.88,9.57,0.52,0.847,0.453,0.449,56.06,43.31
"2024-08-12 18:30:00",2602,12.61,410,1,3.062,5.07,8.74,0.448,0.773,0.387,0.403,55.76,43.03
"2024-08-12 19:00:00",2603,12.61,410,1,2.433,3.67,7.32,0.324,0.648,0.297,0.336,58.83,43.6
"2024-08-12 19:30:00",2604,12.61,410,1,2.258,3.6,6.59,0.319,0.583,0.275,0.297,56.38,43.12
"2024-08-12 20:00:00",2605,12.6,410,1,1.761,2.73,5.22,0.242,0.462,0.206,0.227,56.15,41.9
"2024-08-12 20:30:00",2606,12.6,410,1,1.265,1.76,3.96,0.155,0.35,0.131,0.156,56.18,40.83
"2024-08-12 21:00:00",2607,12.6,410,1,0.9,1.06,3.02,0.094,0.267,0.08,0.113,56.06,40.14
"2024-08-12 21:30:00",2608,12.6,410,1,0.749,0.79,2.61,0.07,0.231,0.055,0.093,57.06,39.89
"2024-08-12 22:00:00",2609,12.59,410,1,0.607,0.5,2.26,0.044,0.2,0.035,0.075,56.06,40.82
"2024-08-12 22:30:00",2610,12.59,410,1,0.524,0.35,2.04,0.031,0.18,0.023,0.064,56.34,39.74
"2024-08-12 23:00:00",2611,12.59,410,1,0.442,0.21,1.81,0.018,0.16,0.013,0.052,55.52,39.75
"2024-08-12 23:30:00",2612,12.58,410,1,0.385,0.12,1.64,0.01,0.145,0.01,0.043,55.91,40.39
"2024-08-13 00:00:00",2613,12.58,410,1,0.371,0.09,1.61,0.008,0.143,0.003,0.043,55.88,39.13
"2024-08-13 00:30:00",2614,12.58,410,1,0.358,0.09,1.55,0.008,0.137,0.003,0.041,55.86,39.92
"2024-08-13 01:00:00",2615,12.58,410,1,0.323,0.03,1.45,0.003,0.128,-0.005,0.036,56.22,39.46
"2024-08-13 01:30:00",2616,12.58,410,1,0.309,0,1.42,0,0.126,-0.005,0.034,56.2,39.18
"2024-08-13 02:00:00",2617,12.57,410,1,0.303,0,1.39,0,0.123,-0.003,0.032,57.05,39.29
"2024-08-13 02:30:00",2618,12.57,410,1,0.292,-0.02,1.36,-0.003,0.12,-0.005,0.034,56.89,39.97
"2024-08-13 03:00:00",2619,12.57,410,1,0.31,0.03,1.39,0.003,0.123,-0.003,0.03,56.59,39.66
"2024-08-13 03:30:00",2620,12.57,410,1,0.31,0.06,1.36,0.005,0.12,0,0.03,56.33,38.99
"2024-08-13 04:00:00",2621,12.57,410,1,0.301,0.06,1.32,0.005,0.117,-0.003,0.027,56.58,39.82
"2024-08-13 04:30:00",2622,12.57,410,1,0.301,0.06,1.32,0.005,0.117,0,0.025,56.8,39.35
"2024-08-13 05:00:00",2623,12.56,410,1,0.288,0,1.32,0,0.117,-0.005,0.032,57.11,39.77
"2024-08-13 05:30:00",2624,12.57,410,1,0.288,0.03,1.29,0.003,0.114,-0.003,0.027,56.22,39.04
"2024-08-13 06:00:00",2625,12.56,410,1,0.286,0.09,1.22,0.008,0.108,0.003,0.027,56.98,39.97
"2024-08-13 06:30:00",2626,12.56,410,1,0.295,0.06,1.29,0.005,0.114,0,0.027,55.57,39.07
"2024-08-13 07:00:00",2627,12.56,410,1,0.4,0.29,1.53,0.026,0.136,0.015,0.039,57.31,40.13
"2024-08-13 07:30:00",2628,12.56,410,1,0.781,0.93,2.61,0.082,0.231,0.071,0.097,58.4,40.65
"2024-08-13 08:00:00",2629,12.56,410,1,1.048,1.44,3.3,0.128,0.292,0.11,0.133,58.95,41.93
"2024-08-13 08:30:00",2630,12.56,410,1,1.637,2.55,4.84,0.225,0.428,0.199,0.213,59.17,42.15
"2024-08-13 09:00:00",2631,12.56,410,1,2.233,3.68,6.39,0.326,0.566,0.284,0.293,58.98,43.9
"2024-08-13 09:30:00",2632,12.56,410,1,2.882,4.77,8.23,0.422,0.729,0.375,0.389,58.28,44.44
"2024-08-13 10:00:00",2633,12.57,410,1,3.12,5.24,8.83,0.464,0.781,0.412,0.419,58.36,43.85
"2024-08-13 10:30:00",2634,12.57,410,1,3.449,5.83,9.72,0.516,0.86,0.46,0.466,56.17,43.74
"2024-08-13 11:00:00",2635,12.57,410,1,3.641,6.1,10.32,0.54,0.913,0.487,0.512,56.67,43.67
"2024-08-13 11:30:00",2636,12.57,410,1,3.749,6.37,10.53,0.564,0.932,0.511,0.521,55.38,43.63
"2024-08-13 12:00:00",2637,12.57,410,1,3.811,6.49,10.69,0.574,0.946,0.522,0.535,54.82,43.23
"2024-08-13 12:30:00",2638,12.58,410,1,3.917,6.85,10.8,0.606,0.956,0.543,0.542,54.51,43.18
"2024-08-13 13:00:00",2639,12.58,410,1,3.938,6.97,10.77,0.617,0.953,0.546,0.532,53.96,42.78
"2024-08-13 13:30:00",2640,12.58,410,1,3.509,5.35,10.5,0.474,0.93,-99,0.573,-99,43.13
"2024-08-13 14:00:00",2641,12.58,410,1,3.615,6.09,10.21,0.539,0.904,0.536,0.588,59.42,42.55
"2024-08-13 14:30:00",2642,12.59,410,1,4.126,7.28,11.31,0.644,1.001,0.575,0.597,50.07,41.49
"2024-08-13 15:00:00",2643,12.58,410,1,3.696,5.27,11.44,0.467,1.013,0.456,0.57,52.07,41.98
"2024-08-13 15:30:00",2644,12.59,410,1,3.423,5.84,9.59,0.517,0.849,0.516,0.563,60.18,43.45
"2024-08-13 16:00:00",2645,12.59,410,1,5.086,10.32,12.53,0.914,1.109,0.667,0.557,49.84,42
"2024-08-13 16:30:00",2646,12.59,410,1,3.881,6.27,11.24,0.555,0.994,0.485,0.525,53.12,42.21
"2024-08-13 17:00:00",2647,12.59,410,1,3.856,6.41,10.98,0.568,0.972,0.503,0.524,53.53,41.79
"2024-08-13 17:30:00",2648,12.58,410,1,3.376,5.15,10.1,0.456,0.894,0.442,0.49,61.84,43.86
"2024-08-13 18:00:00",2649,12.58,410,1,3.72,6.37,10.4,0.564,0.92,0.48,0.476,54.14,42.55
"2024-08-13 18:30:00",2650,12.58,410,1,3.362,5.64,9.52,0.499,0.843,0.426,0.441,55.07,42.91
"2024-08-13 19:00:00",2651,12.58,410,1,2.937,4.77,8.48,0.422,0.751,0.371,0.396,56.83,43.16
"2024-08-13 19:30:00",2652,12.57,410,1,2.454,4.03,7.04,0.357,0.623,0.302,0.314,56.4,43.4
"2024-08-13 20:00:00",2653,12.57,410,1,1.785,2.79,5.27,0.247,0.466,0.21,0.224,56.87,41.79
"2024-08-13 20:30:00",2654,12.56,410,1,1.267,1.79,3.94,0.158,0.349,0.131,0.157,57.14,41.24
"2024-08-13 21:00:00",2655,12.56,410,1,0.916,1.1,3.05,0.097,0.27,0.078,0.116,56.12,40.63
"2024-08-13 21:30:00",2656,12.56,410,1,0.7,0.71,2.47,0.063,0.219,0.048,0.08,57.09,40.77
"2024-08-13 22:00:00",2657,12.55,410,1,0.529,0.39,2.02,0.034,0.179,0.025,0.064,55.61,39.12
"2024-08-13 22:30:00",2658,12.55,410,1,0.405,0.15,1.7,0.013,0.15,0.005,0.05,54.96,39.2
"2024-08-13 23:00:00",2659,12.55,410,1,0.334,0.03,1.5,0.003,0.133,0.003,0.039,56.2,39.44
"2024-08-13 23:30:00",2660,12.55,410,1,0.3,-0.05,1.43,-0.005,0.126,-0.01,0.032,56.6,39.85
"2024-08-14 00:00:00",2661,12.55,410,1,0.258,-0.11,1.3,-0.01,0.115,-0.013,0.025,55.14,39.37
"2024-08-14 00:30:00",2662,12.54,410,1,0.265,-0.11,1.33,-0.01,0.118,-0.013,0.03,55.76,39.43
"2024-08-14 01:00:00",2663,12.54,410,1,0.252,-0.08,1.24,-0.008,0.109,-0.013,0.025,56.68,39.1
"2024-08-14 01:30:00",2664,12.54,410,1,0.258,-0.11,1.3,-0.01,0.115,-0.015,0.032,55.59,39.66
"2024-08-14 02:00:00",2665,12.54,410,1,0.252,-0.08,1.24,-0.008,0.11,-0.01,0.027,55.9,39.83
"2024-08-14 02:30:00",2666,12.53,410,1,0.272,-0.02,1.27,-0.003,0.112,-0.003,0.03,55.64,38.89
"2024-08-14 03:00:00",2667,12.53,410,1,0.265,-0.08,1.3,-0.008,0.115,-0.01,0.027,56.59,39.01
"2024-08-14 03:30:00",2668,12.53,410,1,0.257,-0.02,1.2,-0.003,0.106,-0.005,0.025,55.65,39.17
"2024-08-14 04:00:00",2669,12.53,410,1,0.292,0,1.34,0,0.118,-0.005,0.028,56.03,39.28
"2024-08-14 04:30:00",2670,12.53,410,1,0.284,0.03,1.27,0.003,0.113,0,0.028,55.68,38.66
"2024-08-14 05:00:00",2671,12.53,410,1,0.27,0,1.24,0,0.109,-0.003,0.025,56.53,38.77
"2024-08-14 05:30:00",2672,12.53,410,1,0.237,-0.02,1.11,-0.003,0.098,-0.008,0.018,56.6,39.17
"2024-08-14 06:00:00",2673,12.52,410,1,0.257,0,1.18,0,0.104,-0.005,0.023,54.63,38.7
"2024-08-14 06:30:00",2674,12.52,410,1,0.268,0,1.23,0,0.109,-0.005,0.025,55.16,39.65
"2024-08-14 07:00:00",2675,12.52,410,1,0.416,0.23,1.67,0.02,0.148,0.015,0.048,56.55,39.53
"2024-08-14 07:30:00",2676,12.52,410,1,0.917,1.18,2.97,0.105,0.263,0.087,0.116,57.75,41.15
"2024-08-14 08:00:00",2677,12.52,410,1,1.503,2.27,4.52,0.201,0.4,0.175,0.19,59.56,43.07
"2024-08-14 08:30:00",2678,12.53,410,1,2.083,3.35,6.05,0.296,0.535,0.262,0.275,59.71,43.37
"2024-08-14 09:00:00",2679,12.52,410,1,2.542,4.15,7.32,0.367,0.648,0.325,0.346,59.39,43.32
"2024-08-14 09:30:00",2680,12.52,410,1,2.942,4.9,8.37,0.433,0.741,0.388,0.404,57.76,44.08
"2024-08-14 10:00:00",2681,12.53,410,1,3.32,5.55,9.42,0.491,0.833,0.443,0.461,56.79,44.05
"2024-08-14 10:30:00",2682,12.53,410,1,3.588,5.98,10.2,0.529,0.903,0.481,0.505,56.5,42.83
"2024-08-14 11:00:00",2683,12.53,410,1,3.666,6.13,10.4,0.543,0.92,0.495,0.525,55.76,43.34
"2024-08-14 11:30:00",2684,12.54,410,1,3.793,6.44,10.66,0.57,0.944,0.518,0.534,54.8,42.91
"2024-08-14 12:00:00",2685,12.54,410,1,3.827,6.52,10.73,0.578,0.949,0.528,0.541,54.91,43.17
"2024-08-14 12:30:00",2686,12.54,410,1,3.975,6.99,10.92,0.619,0.967,0.554,0.549,54.28,42.53
"2024-08-14 13:00:00",2687,12.55,410,1,3.913,6.67,10.97,0.591,0.971,0.54,0.563,54.78,42.79
"2024-08-14 13:30:00",2688,12.55,410,1,3.608,5.64,10.65,0.5,0.943,-99,0.581,64.95,43.66
"2024-08-14 14:00:00",2689,12.55,410,1,3.577,5.95,10.18,0.527,0.901,0.518,0.579,57.83,42.37
"2024-08-14 14:30:00",2690,12.55,410,1,4.128,7.59,10.99,0.672,0.972,0.592,0.574,53.38,42.06
"2024-08-14 15:00:00",2691,12.55,410,1,3.543,5.4,10.6,0.478,0.938,0.48,0.578,59.92,43.04
"2024-08-14 15:30:00",2692,12.55,410,1,4.061,7.72,10.55,0.683,0.934,0.622,0.574,56.91,42.68
"2024-08-14 16:00:00",2693,12.55,410,1,4.24,7.75,11.34,0.686,1.004,0.571,0.566,49.53,41.95
"2024-08-14 16:30:00",2694,12.55,410,1,4.67,8.58,12.44,0.76,1.101,0.607,0.558,50.15,41.32
"2024-08-14 17:00:00",2695,12.55,410,1,4.162,7.53,11.21,0.667,0.993,0.553,0.518,51.51,42.68
"2024-08-14 17:30:00",2696,12.55,410,1,3.788,6.75,10.31,0.597,0.912,0.501,0.479,54.01,42.69
"2024-08-14 18:00:00",2697,12.55,410,1,3.237,5.4,9.2,0.478,0.814,0.418,0.429,55.95,44.36
"2024-08-14 18:30:00",2698,12.54,410,1,2.924,4.98,8.2,0.441,0.726,0.37,0.374,55.67,42.68
"2024-08-14 19:00:00",2699,12.54,410,1,2.241,3.64,6.47,0.322,0.573,0.272,0.283,56.98,42.89
"2024-08-14 19:30:00",2700,12.54,410,1,1.545,2.32,4.66,0.205,0.413,0.173,0.198,57.46,41.98
"2024-08-14 20:00:00",2701,12.53,410,1,1.109,1.46,3.56,0.129,0.315,0.108,0.138,55.61,40.95
"2024-08-14 20:30:00",2702,12.53,410,1,0.811,0.88,2.8,0.077,0.248,0.061,0.099,55.82,39.91
"2024-08-14 21:00:00",2703,12.53,410,1,0.611,0.48,2.3,0.042,0.203,0.036,0.076,55.63,40.29
"2024-08-14 21:30:00",2704,12.52,410,1,0.476,0.27,1.9,0.024,0.168,0.015,0.053,55.89,39.56
"2024-08-14 22:00:00",2705,12.52,410,1,0.391,0.09,1.7,0.008,0.151,0.003,0.044,54.9,39.25
"2024-08-14 22:30:00",2706,12.52,410,1,0.334,0.03,1.5,0.003,0.133,0,0.039,55.32,39.56
"2024-08-14 23:00:00",2707,12.51,410,1,0.32,0,1.47,0,0.13,-0.008,0.037,55.15,38.67
"2024-08-14 23:30:00",2708,12.51,410,1,0.274,-0.08,1.34,-0.008,0.118,-0.008,0.03,54.86,39.36
"2024-08-15 00:00:00",2709,12.51,410,1,0.258,-0.08,1.27,-0.008,0.113,-0.008,0.025,55.43,39.52
"2024-08-15 00:30:00",2710,12.51,410,1,0.254,-0.11,1.28,-0.011,0.113,-0.015,0.028,55.47,39.29
"2024-08-15 01:00:00",2711,12.5,410,1,0.218,-0.17,1.18,-0.016,0.104,-0.02,0.021,55.6,39.01
"2024-08-15 01:30:00",2712,12.5,410,1,0.21,-0.17,1.14,-0.016,0.101,-0.015,0.021,56.27,38.84
"2024-08-15 02:00:00",2713,12.5,410,1,0.19,-0.2,1.08,-0.018,0.096,-0.02,0.018,55.98,39.64
"2024-08-15 02:30:00",2714,12.5,410,1,0.204,-0.11,1.05,-0.01,0.093,-0.013,0.016,55.8,39.06
"2024-08-15 03:00:00",2715,12.5,410,1,0.203,-0.17,1.11,-0.016,0.099,-0.015,0.018,56.24,39.22
"2024-08-15 03:30:00",2716,12.5,410,1,0.206,-0.14,1.09,-0.013,0.096,-0.015,0.018,56.89,39.14
"2024-08-15 04:00:00",2717,12.49,410,1,0.196,-0.17,1.08,-0.016,0.096,-0.018,0.018,56.14,38.97
"2024-08-15 04:30:00",2718,12.49,410,1,0.211,-0.08,1.05,-0.008,0.093,-0.01,0.016,54.99,39.07
"2024-08-15 05:00:00",2719,12.49,410,1,0.216,-0.14,1.14,-0.013,0.101,-0.015,0.021,56.62,39.44
"2024-08-15 05:30:00",2720,12.49,410,1,0.203,-0.14,1.08,-0.013,0.095,-0.015,0.018,55.15,38.97
"2024-08-15 06:00:00",2721,12.49,410,1,0.21,-0.13,1.1,-0.013,0.097,-0.017,0.018,56.25,39.49
"2024-08-15 06:30:00",2722,12.49,410,1,0.241,-0.05,1.16,-0.005,0.103,-0.005,0.023,55.72,38.81
"2024-08-15 07:00:00",2723,12.49,410,1,0.428,0.26,1.69,0.023,0.15,0.015,0.048,57.59,40
"2024-08-15 07:30:00",2724,12.49,410,1,0.763,0.9,2.56,0.08,0.226,0.065,0.091,58.51,41.76
"2024-08-15 08:00:00",2725,12.49,410,1,1.661,2.59,4.91,0.23,0.435,0.197,0.216,58.97,43.73
"2024-08-15 08:30:00",2726,12.49,410,1,2.254,3.64,6.53,0.323,0.578,0.281,0.295,57.95,44.11
"2024-08-15 09:00:00",2727,12.49,410,1,2.701,4.51,7.67,0.399,0.678,0.35,0.358,57.89,44.31
"2024-08-15 09:30:00",2728,12.49,410,1,3.184,5.31,9.05,0.47,0.801,0.42,0.434,57.92,43.67
"2024-08-15 10:00:00",2729,12.49,410,1,3.497,5.86,9.91,0.519,0.877,0.46,0.48,56.04,43.72
"2024-08-15 10:30:00",2730,12.49,410,1,3.622,6.08,10.25,0.538,0.907,0.484,0.504,56.31,43.05
"2024-08-15 11:00:00",2731,12.5,410,1,3.733,6.28,10.55,0.556,0.934,0.506,0.526,55.35,43.19
"2024-08-15 11:30:00",2732,12.5,410,1,3.7,6.26,10.42,0.554,0.922,0.502,0.524,54.9,43.31
"2024-08-15 12:00:00",2733,12.5,410,1,3.789,6.43,10.65,0.569,0.943,0.518,0.538,54.57,42.42
"2024-08-15 12:30:00",2734,12.51,410,1,3.864,6.6,10.82,0.584,0.958,0.532,0.545,54.57,42.57
"2024-08-15 13:00:00",2735,12.51,410,1,3.921,6.75,10.92,0.597,0.967,0.548,0.555,54.32,42.99
"2024-08-15 13:30:00",2736,12.51,410,1,4.163,8.08,10.64,0.715,0.942,0.665,0.562,68.91,43.04
"2024-08-15 14:00:00",2737,12.51,410,1,3.366,5.41,9.78,0.479,0.865,0.482,0.565,59.53,43.23
"2024-08-15 14:30:00",2738,12.51,410,1,4.004,7.2,10.83,0.638,0.959,0.558,0.557,50.15,42.16
"2024-08-15 15:00:00",2739,12.52,410,1,4.522,8.82,11.51,0.781,1.019,0.626,0.548,51.7,42.03
"2024-08-15 15:30:00",2740,12.52,410,1,3.525,6.04,9.85,0.534,0.871,0.497,0.536,57.21,43.97
"2024-08-15 16:00:00",2741,12.52,410,1,4.21,7.78,11.17,0.688,0.988,0.572,0.547,49.34,42.02
"2024-08-15 16:30:00",2742,12.52,410,1,4.56,8.31,12.22,0.735,1.082,0.589,0.546,51.04,40.97
