"TOA5","CR300Series_311","CR300","3917","CR300.Std.11.00","CPU:CR300_sapflow.CR300","32345","Table2"
"TIMESTAMP","RECORD","BattV_Min","id","SDI1","SapFlwTot1","VhOuter1","VhInner1","AlphaOut1","AlphaIn1","BetaOut1","BetaIn1","tMaxTout1","tMaxTin1"
"TS","RN","Volts","","","literPerHour","heatVelocity","heatVelocity","logTRatio","logTRatio","logTRatio","logTRatio","second","second"
"","","Min","Smp","Smp","Smp","Smp","Smp","Smp","Smp","Smp","Smp","Smp","Smp"
"2024-08-16 13:30:00",2832,13.15,311,1,-1.064,-0.79,-3.24,-0.062,-0.252,-0.079,-0.438,52.96,61.2
"2024-08-16 14:00:00",2833,13.12,311,1,-1.652,-3.03,-3.11,-0.236,-0.242,-0.186,-99,53.23,-99
"2024-08-16 14:30:00",2834,13.1,311,1,-0.987,-0.67,-3.07,-0.053,-0.239,-0.1,-99,75.89,-99
"2024-08-16 15:00:00",2835,13.09,311,1,-1.286,-1.55,-3.28,-0.121,-0.255,-0.088,-0.442,49.37,60.93
"2024-08-16 15:30:00",2836,13.08,311,1,-1.089,-0.73,-3.4,-0.058,-0.264,-0.068,-0.447,51.9,59.14
"2024-08-16 16:00:00",2837,13.06,311,1,-1.139,-0.91,-3.4,-0.072,-0.264,-0.061,-0.448,47.74,60.14
"2024-08-16 16:30:00",2838,13.06,311,1,-1.2,-1.07,-3.46,-0.084,-0.269,-0.027,-0.466,47.02,58.33
"2024-08-16 17:00:00",2839,13.05,311,1,-1.081,-0.53,-3.58,-0.042,-0.279,-0.085,-0.496,47.78,55.59
"2024-08-16 17:30:00",2840,13.04,311,1,-1.586,-2.33,-3.6,-0.182,-0.28,-0.099,-0.49,46.05,57.2
"2024-08-16 18:00:00",2841,13.03,311,1,-1.087,-0.43,-3.71,-0.034,-0.289,-0.045,-0.5,48.97,56.94
"2024-08-16 18:30:00",2842,13.03,311,1,-1.351,-1.36,-3.73,-0.106,-0.29,-0.167,-0.506,43.08,55.64
"2024-08-16 19:00:00",2843,13.02,311,1,-1.125,-0.53,-3.75,-0.042,-0.292,0.71,-0.512,44.14,56.39
"2024-08-16 19:30:00",2844,13.01,311,1,-1.697,-2.57,-3.77,-0.2,-0.293,0.618,-0.507,45.67,56.15
"2024-08-16 20:00:00",2845,13,311,1,-1.576,-2.19,-3.71,-0.171,-0.289,-0.194,-0.507,44.93,57.34
"2024-08-16 20:30:00",2846,12.99,311,1,-1.516,-1.9,-3.79,-0.148,-0.295,-0.078,-0.514,42.16,54.41
"2024-08-16 21:00:00",2847,12.99,311,1,-1.987,-3.69,-3.69,-0.287,-0.287,-0.175,-0.503,52.5,56.99
"2024-08-16 21:30:00",2848,12.98,311,1,-1.117,-0.52,-3.73,-0.041,-0.29,-0.051,-0.5,61.46,57.19
"2024-08-16 22:00:00",2849,12.97,311,1,-1.531,-2.03,-3.71,-0.158,-0.289,-0.192,-0.501,45.69,55.61
"2024-08-16 22:30:00",2850,12.96,311,1,-1.336,-1.41,-3.62,-0.11,-0.282,-0.125,-0.496,48.43,57.66
"2024-08-16 23:00:00",2851,12.96,311,1,-1.754,-2.88,-3.66,-0.224,-0.285,-0.144,-0.492,57.16,59.56
"2024-08-16 23:30:00",2852,12.95,311,1,-1.371,-1.51,-3.65,-0.118,-0.284,-0.165,-0.493,54.33,56.73
"2024-08-17 00:00:00",2853,12.95,311,1,-1.666,-2.57,-3.65,-0.2,-0.284,-0.214,-0.497,51.25,57.82
"2024-08-17 00:30:00",2854,12.94,311,1,-1.298,-1.21,-3.69,-0.094,-0.287,-0.126,-0.497,47.41,55.39
"2024-08-17 01:00:00",2855,12.94,311,1,-1.351,-1.4,-3.69,-0.109,-0.287,-0.194,-0.495,58.49,56.46
"2024-08-17 01:30:00",2856,12.94,311,1,-1.177,-0.83,-3.63,-0.065,-0.283,-0.06,-0.491,49.1,57.07
"2024-08-17 02:00:00",2857,12.93,311,1,-1.288,-1.2,-3.66,-0.094,-0.285,-0.152,-0.489,52.88,57.62
"2024-08-17 02:30:00",2858,12.93,311,1,-1.372,-1.56,-3.6,-0.122,-0.28,-0.158,-0.484,53.08,56.47
"2024-08-17 03:00:00",2859,12.92,311,1,-1.331,-1.43,-3.58,-0.111,-0.279,-0.163,-0.48,52.96,58.7
"2024-08-17 03:30:00",2860,12.92,311,1,-1.385,-1.52,-3.69,-0.119,-0.287,-0.173,-0.497,52.51,58.66
"2024-08-17 04:00:00",2861,12.92,311,1,-1.383,-1.6,-3.6,-0.125,-0.28,-0.15,-0.484,59.74,57.14
"2024-08-17 04:30:00",2862,12.91,311,1,-1.373,-1.47,-3.7,-0.115,-0.288,-0.149,-0.492,58.61,58.92
"2024-08-17 05:00:00",2863,12.91,311,1,-1.369,-1.5,-3.65,-0.117,-0.284,-0.057,-0.488,38.16,59.17
"2024-08-17 05:30:00",2864,12.91,311,1,-1.614,-2.43,-3.6,-0.189,-0.28,-0.218,-0.488,53.06,58.38
"2024-08-17 06:00:00",2865,12.91,311,1,-1.397,-1.62,-3.63,-0.127,-0.283,-0.179,-0.481,64.23,59.95
"2024-08-17 06:30:00",2866,12.91,311,1,-1.36,-1.45,-3.67,-0.113,-0.286,-0.129,-0.484,57.75,59.47
"2024-08-17 07:00:00",2867,12.9,311,1,-1.303,-1.31,-3.6,-0.102,-0.28,-0.064,-0.478,44.79,59.29
"2024-08-17 07:30:00",2868,12.9,311,1,-1.397,-1.78,-3.46,-0.139,-0.269,-0.191,-0.461,76.46,59.09
"2024-08-17 08:00:00",2869,12.9,311,1,-1.308,-1.49,-3.43,-0.116,-0.267,-0.147,-0.462,56.42,60.9
"2024-08-17 08:30:00",2870,12.9,311,1,-1.225,-1.22,-3.4,-0.095,-0.264,0.077,-0.456,60.95,59.33
"2024-08-17 09:00:00",2871,12.9,311,1,-1.299,-1.39,-3.5,-0.109,-0.272,-0.079,-0.46,52.33,58.9
"2024-08-17 09:30:00",2872,12.89,311,1,-1.672,-2.77,-3.46,-0.216,-0.269,-0.151,-0.458,48.52,59.84
"2024-08-17 10:00:00",2873,12.89,311,1,-1.245,-1.31,-3.38,-0.102,-0.263,-0.139,-0.448,56.2,61.1
"2024-08-17 10:30:00",2874,12.9,311,1,-1.214,-1.17,-3.41,-0.091,-0.266,-0.125,-0.451,52.87,61.11
"2024-08-17 11:00:00",2875,12.89,311,1,-1.096,-0.97,-3.17,-0.076,-0.247,-0.104,-99,56.61,-99
"2024-08-17 11:30:00",2876,12.89,311,1,-1.193,-1.13,-3.37,-0.089,-0.262,-0.118,-0.447,49.42,59.06
"2024-08-17 12:00:00",2877,12.89,311,1,-1.343,-1.53,-3.52,-0.119,-0.274,-0.119,-0.474,51.55,58.38
"2024-08-17 12:30:00",2878,12.89,311,1,-1.154,-1.15,-3.2,-0.09,-0.249,-0.131,-0.419,57.01,62.06
"2024-08-17 13:00:00",2879,12.89,311,1,-1.31,-1.57,-3.35,-0.122,-0.26,-0.109,-0.438,49.85,61.42
"2024-08-17 13:30:00",2880,12.88,311,1,-1.185,-0.96,-3.52,-0.075,-0.274,-0.122,-0.473,57.1,58.67
"2024-08-17 14:00:00",2881,12.88,311,1,-1.197,-1.07,-3.45,-0.084,-0.268,-0.093,-0.46,48.51,58.41
"2024-08-17 14:30:00",2882,12.88,311,1,-1.213,-1.07,-3.51,-0.084,-0.273,-0.118,-0.466,49.63,58.7
"2024-08-17 15:00:00",2883,12.88,311,1,-1.252,-1.26,-3.46,-0.098,-0.269,-0.141,-0.459,59,60.15
"2024-08-17 15:30:00",2884,12.87,311,1,-1.267,-1.22,-3.56,-0.095,-0.277,-0.129,-0.483,51.79,59.86
"2024-08-17 16:00:00",2885,12.87,311,1,-1.173,-0.76,-3.69,-0.06,-0.287,-0.127,-0.495,43.19,58.52
"2024-08-17 16:30:00",2886,12.87,311,1,-0.989,-0.5,-3.26,-0.039,-0.253,-0.068,-0.435,55.26,61.26
"2024-08-17 17:00:00",2887,12.86,311,1,-1.271,-1.14,-3.66,-0.089,-0.285,-0.133,-0.49,54.22,58.28
"2024-08-17 17:30:00",2888,12.86,311,1,-1.247,-1.09,-3.62,-0.085,-0.281,-0.125,-0.492,51.13,56.44
"2024-08-17 18:00:00",2889,12.86,311,1,-1.237,-1.12,-3.55,-0.088,-0.276,-0.153,-0.484,52.4,56.47
"2024-08-17 18:30:00",2890,12.85,311,1,-1.427,-1.71,-3.65,-0.133,-0.284,-0.163,-0.487,51.46,57.46
"2024-08-17 19:00:00",2891,12.85,311,1,-1.327,-1.37,-3.63,-0.107,-0.282,-0.152,-0.494,51.65,57.12
"2024-08-17 19:30:00",2892,12.85,311,1,-1.481,-1.82,-3.74,-0.142,-0.291,-0.154,-0.502,45.49,55.13
"2024-08-17 20:00:00",2893,12.85,311,1,-1.428,-1.63,-3.74,-0.127,-0.291,-0.181,-0.502,47.12,56.61
"2024-08-17 20:30:00",2894,12.84,311,1,-1.266,-1.13,-3.65,-0.088,-0.284,-0.136,-0.492,52.36,55.86
"2024-08-17 21:00:00",2895,12.84,311,1,-1.272,-1.17,-3.63,-0.092,-0.283,-0.145,-0.486,46.82,56.72
"2024-08-17 21:30:00",2896,12.83,311,1,-1.485,-1.91,-3.66,-0.149,-0.285,-0.149,-0.49,60.77,55.82
"2024-08-17 22:00:00",2897,12.83,311,1,-0.866,0.28,-3.62,0.021,-0.282,-0.043,-0.484,58.52,57.74
"2024-08-17 22:30:00",2898,12.82,311,1,-1.221,-0.96,-3.66,-0.075,-0.285,-0.142,-0.482,51.58,57.73
"2024-08-17 23:00:00",2899,12.82,311,1,-1.456,-1.87,-3.59,-0.145,-0.28,-0.15,-0.481,58.08,59.39
"2024-08-17 23:30:00",2900,12.82,311,1,-0.937,-0.02,-3.57,-0.002,-0.277,-0.044,-0.482,54.03,56.84
"2024-08-18 00:00:00",2901,12.82,311,1,-1.21,-0.92,-3.66,-0.072,-0.285,-0.103,-0.486,47.09,57.98
"2024-08-18 00:30:00",2902,12.81,311,1,-1.361,-1.49,-3.63,-0.116,-0.283,-0.123,-0.49,49.7,57.1
"2024-08-18 01:00:00",2903,12.81,311,1,-1.407,-1.63,-3.66,-0.127,-0.285,-0.173,-0.487,56.7,57.27
"2024-08-18 01:30:00",2904,12.81,311,1,-1.024,-0.25,-3.66,-0.02,-0.285,-0.06,-0.494,49.67,57.07
"2024-08-18 02:00:00",2905,12.81,311,1,-1.16,-0.73,-3.67,-0.057,-0.286,-0.126,-0.492,48.37,57.44
"2024-08-18 02:30:00",2906,12.8,311,1,-1.396,-1.6,-3.65,-0.125,-0.284,-0.153,-0.49,55.03,57.43
"2024-08-18 03:00:00",2907,12.8,311,1,-1.399,-1.59,-3.67,-0.124,-0.286,-0.173,-0.493,61.51,59.58
"2024-08-18 03:30:00",2908,12.8,311,1,-1.305,-1.29,-3.63,-0.101,-0.283,-0.148,-0.486,60.2,57.18
"2024-08-18 04:00:00",2909,12.79,311,1,-1.65,-2.44,-3.73,-0.19,-0.29,-0.103,-0.49,52.19,58.18
"2024-08-18 04:30:00",2910,12.79,311,1,-1.362,-1.57,-3.55,-0.122,-0.276,-0.128,-0.483,46.85,57.01
"2024-08-18 05:00:00",2911,12.79,311,1,-1.325,-1.38,-3.61,-0.108,-0.28,-0.13,-0.49,70.1,57.48
"2024-08-18 05:30:00",2912,12.79,311,1,-1.546,-2.12,-3.67,-0.165,-0.286,-0.173,-0.493,49.67,58.06
"2024-08-18 06:00:00",2913,12.78,311,1,-2.065,-3.99,-3.67,-0.311,-0.286,-0.172,-0.491,41.57,57.57
"2024-08-18 06:30:00",2914,12.78,311,1,-0.952,-0.02,-3.63,-0.002,-0.283,-0.078,-0.486,59.77,56.74
"2024-08-18 07:00:00",2915,12.78,311,1,-1.186,-0.88,-3.61,-0.069,-0.281,-0.048,-0.48,57.23,58.22
"2024-08-18 07:30:00",2916,12.78,311,1,-1.286,-1.38,-3.46,-0.107,-0.269,-0.129,-0.467,64.63,58.53
"2024-08-18 08:00:00",2917,12.77,311,1,-1.271,-1.26,-3.53,-0.098,-0.275,-0.133,-0.466,53.06,59.05
"2024-08-18 08:30:00",2918,12.77,311,1,-1.329,-1.49,-3.51,-0.117,-0.273,-0.131,-0.459,56.21,60.28
"2024-08-18 09:00:00",2919,12.76,311,1,-1.417,-1.75,-3.57,-0.137,-0.278,-0.184,-0.467,50.18,58.41
"2024-08-18 09:30:00",2920,12.77,311,1,-1.183,-1.19,-3.27,-0.093,-0.254,0.89,-0.431,49.81,63.3
"2024-08-18 10:00:00",2921,12.76,311,1,-1.183,-1.18,-3.28,-0.092,-0.255,-0.131,-0.432,53.21,63.8
"2024-08-18 10:30:00",2922,12.76,311,1,-1.295,-1.47,-3.4,-0.115,-0.264,-0.142,-0.454,54.24,60.65
"2024-08-18 11:00:00",2923,12.76,311,1,-1.589,-2.52,-3.41,-0.196,-0.265,-0.174,-0.448,46.72,61.21
"2024-08-18 11:30:00",2924,12.76,311,1,-1.286,-1.58,-3.25,-0.123,-0.253,-0.125,-0.436,51.5,62.08
"2024-08-18 12:00:00",2925,12.76,311,1,-4.286,-12.72,-2.89,-0.988,-0.225,-0.724,-99,77.15,-99
"2024-08-18 12:30:00",2926,12.76,311,1,-1.47,-1.97,-3.54,-0.153,-0.276,-0.159,-0.465,48.28,57.91
"2024-08-18 13:00:00",2927,12.76,311,1,-1.285,-1.65,-3.17,-0.128,-0.247,-0.132,-99,59.96,-99
"2024-08-18 13:30:00",2928,12.76,311,1,-1.234,-1.24,-3.41,-0.097,-0.265,-0.13,-0.451,56.69,59.76
"2024-08-18 14:00:00",2929,12.75,311,1,-1.392,-1.82,-3.4,-0.142,-0.265,-0.128,-0.456,54.96,60.27
"2024-08-18 14:30:00",2930,12.75,311,1,-1.032,-0.73,-3.18,-0.058,-0.247,-0.102,-0.433,53.53,61.09
"2024-08-18 15:00:00",2931,12.75,311,1,-1.482,-2.22,-3.32,-0.173,-0.259,-0.179,-0.438,37.59,61.07
"2024-08-18 15:30:00",2932,12.74,311,1,-1.364,-1.69,-3.43,-0.131,-0.267,-0.145,-0.461,47.22,61.02
"2024-08-18 16:00:00",2933,12.74,311,1,-1.476,-2.14,-3.38,-0.166,-0.263,0.248,-0.451,59.24,58.98
"2024-08-18 16:30:00",2934,12.74,311,1,-1.298,-1.5,-3.38,-0.117,-0.263,-0.061,-0.453,44.36,59.68
"2024-08-18 17:00:00",2935,12.74,311,1,-1.107,-0.52,-3.69,-0.041,-0.287,-0.069,-0.49,41.62,57.35
"2024-08-18 17:30:00",2936,12.74,311,1,-2.154,-4.29,-3.69,-0.333,-0.287,-0.2,-0.498,72.34,56.41
"2024-08-18 18:00:00",2937,12.74,311,1,-1.308,-1.3,-3.63,-0.102,-0.282,-0.152,-0.498,67.13,57.03
"2024-08-18 18:30:00",2938,12.73,311,1,-1.428,-1.61,-3.76,-0.125,-0.292,0.231,-0.512,63.79,54.94
"2024-08-18 19:00:00",2939,12.73,311,1,-1.063,-0.39,-3.66,-0.031,-0.284,-0.059,-0.502,46.62,55.27
"2024-08-18 19:30:00",2940,12.72,311,1,-1.479,-2.01,-3.53,-0.157,-0.275,-0.002,-0.493,60.85,56.16
"2024-08-18 20:00:00",2941,12.72,311,1,-1.168,-0.74,-3.69,-0.059,-0.287,-0.027,-0.505,51.44,55.93
"2024-08-18 20:30:00",2942,12.72,311,1,-2.037,-3.85,-3.71,-0.3,-0.289,-0.097,-0.503,45.06,56.37
"2024-08-18 21:00:00",2943,12.71,311,1,-2.547,-5.63,-3.77,-0.438,-0.293,0.242,-0.506,27.2,56.14
"2024-08-18 21:30:00",2944,12.71,311,1,-1.194,-0.89,-3.63,-0.07,-0.282,-0.1,-0.493,68.42,56.22
"2024-08-18 22:00:00",2945,12.7,311,1,-1.261,-1.13,-3.63,-0.088,-0.282,-0.007,-0.494,53.63,56.86
"2024-08-18 22:30:00",2946,12.7,311,1,-1.837,-3.17,-3.67,-0.246,-0.286,-0.149,-0.498,59.46,57.11
"2024-08-18 23:00:00",2947,12.7,311,1,-1.221,-0.92,-3.7,-0.072,-0.288,0.152,-0.502,46.36,56.26
"2024-08-18 23:30:00",2948,12.69,311,1,-1.113,-0.56,-3.67,-0.044,-0.286,0.078,-0.498,52.47,56.8
"2024-08-19 00:00:00",2949,12.69,311,1,-1.132,-0.59,-3.71,-0.046,-0.289,-0.052,-0.503,73.95,55.76
"2024-08-19 00:30:00",2950,12.69,311,1,-1.247,-1.12,-3.59,-0.087,-0.279,0.03,-0.488,47.79,57.43
"2024-08-19 01:00:00",2951,12.68,311,1,-1.114,-0.61,-3.62,-0.048,-0.281,-0.062,-0.496,44.3,56.7
"2024-08-19 01:30:00",2952,12.68,311,1,-0.937,0.13,-3.73,0.01,-0.29,0.137,-0.497,47.99,56.9
"2024-08-19 02:00:00",2953,12.67,311,1,-1.812,-3.08,-3.67,-0.24,-0.286,-0.098,-0.493,48.36,57.01
"2024-08-19 02:30:00",2954,12.67,311,1,-1.292,-1.27,-3.6,-0.1,-0.28,-0.098,-0.492,52.58,57.63
"2024-08-19 03:00:00",2955,12.67,311,1,-1.344,-1.42,-3.64,-0.111,-0.283,0.015,-0.489,43.44,57.66
"2024-08-19 03:30:00",2956,12.67,311,1,-1.907,-3.59,-3.49,-0.279,-0.272,-0.102,-0.478,46.78,56.83
"2024-08-19 04:00:00",2957,12.66,311,1,-1.517,-1.93,-3.76,-0.15,-0.292,-0.218,-0.497,54.85,56.99
"2024-08-19 04:30:00",2958,12.66,311,1,-2.6,-5.99,-3.59,-0.466,-0.279,-0.433,-0.485,50.43,57.15
"2024-08-19 05:00:00",2959,12.66,311,1,-0.975,-0.15,-3.58,-0.013,-0.278,0.041,-0.484,58.12,57.18
"2024-08-19 05:30:00",2960,12.66,311,1,-1.231,-0.93,-3.73,-0.073,-0.29,-0.09,-0.492,60.65,58.62
"2024-08-19 06:00:00",2961,12.65,311,1,-1.55,-2.18,-3.62,-0.17,-0.281,0.015,-0.491,47.58,57.49
"2024-08-19 06:30:00",2962,12.65,311,1,-2.646,-6.13,-3.62,-0.477,-0.281,-0.045,-0.484,55.22,57.62
"2024-08-19 07:00:00",2963,12.65,311,1,-0.772,0.6,-3.6,0.046,-0.28,0.043,-0.486,46.09,58.22
"2024-08-19 07:30:00",2964,12.64,311,1,-1.544,-2.16,-3.62,-0.169,-0.281,0.011,-0.483,46.05,59.13
"2024-08-19 08:00:00",2965,12.64,311,1,-1.209,-1.02,-3.55,-0.08,-0.276,-0.111,-0.472,40.59,58.98
"2024-08-19 08:30:00",2966,12.64,311,1,-1.994,-3.93,-3.46,-0.305,-0.269,-0.11,-0.454,59.55,61.53
"2024-08-19 09:00:00",2967,12.64,311,1,-0.624,0.9,-3.35,0.07,-0.261,0.13,-0.449,66.73,60.11
"2024-08-19 09:30:00",2968,12.64,311,1,-1.85,-3.61,-3.25,-0.281,-0.253,-0.185,-0.437,62.81,60.88
"2024-08-19 10:00:00",2969,12.64,311,1,-0.723,0.57,-3.38,0.044,-0.263,0.029,-0.446,64.6,60.33
"2024-08-19 10:30:00",2970,12.63,311,1,-1.413,-1.85,-3.45,-0.144,-0.269,-0.151,-0.457,50.33,59.66
"2024-08-19 11:00:00",2971,12.63,311,1,-0.719,0.69,-3.49,0.054,-0.271,0.052,-0.462,64,58.48
"2024-08-19 11:30:00",2972,12.63,311,1,-0.018,3.08,-3.35,0.239,-0.261,0.268,-0.453,67.8,60.77
"2024-08-19 12:00:00",2973,12.63,311,1,-0.856,-0.8,-2.43,-0.063,-0.189,-0.037,-99,76.74,-99
"2024-08-19 12:30:00",2974,12.63,311,1,-0.547,1.43,-3.62,0.111,-0.281,0.173,-0.489,54.75,56.88
"2024-08-19 13:00:00",2975,12.63,311,1,-1.616,-2.59,-3.44,-0.202,-0.268,-0.148,-0.451,50.38,59.03
"2024-08-19 13:30:00",2976,12.63,311,1,-1.466,-2.17,-3.31,-0.169,-0.258,0.038,-0.446,53.53,60.09
"2024-08-19 14:00:00",2977,12.63,311,1,-1.068,-0.67,-3.38,-0.053,-0.263,0.358,-0.438,54.32,63.55
"2024-08-19 14:30:00",2978,12.62,311,1,-1.837,-3.63,-3.18,-0.283,-0.248,0.145,-99,34.87,-99
"2024-08-19 15:00:00",2979,12.62,311,1,-0.871,-0.17,-3.16,-0.014,-0.246,0.124,-99,78.09,-99
"2024-08-19 15:30:00",2980,12.62,311,1,-1.66,-2.88,-3.3,-0.224,-0.257,0.022,-0.442,47.41,62.97
"2024-08-19 16:00:00",2981,12.61,311,1,-1.06,-0.68,-3.34,-0.054,-0.26,0.032,-0.438,41.89,59.85
"2024-08-19 16:30:00",2982,12.61,311,1,-1.078,-0.64,-3.45,-0.05,-0.268,-0.005,-0.464,64.86,57.93
"2024-08-19 17:00:00",2983,12.61,311,1,-1.283,-1.2,-3.64,-0.094,-0.283,-0.064,-0.501,44.36,57.18
"2024-08-19 17:30:00",2984,12.61,311,1,-1.426,-1.52,-3.85,-0.119,-0.299,-0.12,-0.527,44.19,53.82
"2024-08-19 18:00:00",2985,12.61,311,1,-0.805,0.67,-3.8,0.052,-0.296,-0.016,-0.518,40.78,53.44
"2024-08-19 18:30:00",2986,12.61,311,1,-1.523,-1.51,-4.23,-0.118,-0.329,-0.179,-0.576,51.97,50.46
"2024-08-19 19:00:00",2987,12.61,311,1,-1.409,-1.41,-3.9,-0.11,-0.303,-0.071,-0.538,54.2,53.41
"2024-08-19 19:30:00",2988,12.6,311,1,-2,-3.5,-3.94,-0.272,-0.306,-0.057,-0.532,52.53,54.1
"2024-08-19 20:00:00",2989,12.59,311,1,-3.38,-8.49,-3.92,-0.659,-0.305,-0.564,-0.53,45.14,53.54
"2024-08-19 20:30:00",2990,12.59,311,1,-1.108,-0.45,-3.77,-0.036,-0.293,-0.058,-0.507,59.93,56.08
"2024-08-19 21:00:00",2991,12.58,311,1,-0.863,0.46,-3.8,0.035,-0.296,-0.011,-0.516,64.64,57.44
"2024-08-19 21:30:00",2992,12.58,311,1,-1.692,-2.56,-3.76,-0.199,-0.292,-0.09,-0.506,35.43,54.66
"2024-08-19 22:00:00",2993,12.57,311,1,-1.181,-0.61,-3.88,-0.048,-0.301,0.037,-0.515,38.98,56.65
"2024-08-19 22:30:00",2994,12.57,311,1,-1.592,-2.2,-3.76,-0.171,-0.292,-0.105,-0.506,43.49,56.98
"2024-08-19 23:00:00",2995,12.57,311,1,-1.022,-0.26,-3.64,-0.021,-0.283,-0.074,-0.494,52.76,57.08
"2024-08-19 23:30:00",2996,12.56,311,1,-0.354,2.08,-3.57,0.162,-0.278,0.177,-0.491,56.89,56.11
"2024-08-20 00:00:00",2997,12.56,311,1,-2.226,-4.55,-3.69,-0.353,-0.287,0.009,-0.494,53.76,56.42
"2024-08-20 00:30:00",2998,12.56,311,1,-2.195,-4.39,-3.74,-0.341,-0.291,-0.257,-0.506,55.55,56.7
"2024-08-20 01:00:00",2999,12.55,311,1,-1.091,-0.49,-3.66,-0.039,-0.284,0.212,-0.488,50.52,57.51
"2024-08-20 01:30:00",3000,12.55,311,1,-2.502,-5.63,-3.6,-0.437,-0.28,0.217,-0.485,28.35,58.69
"2024-08-20 02:00:00",3001,12.55,311,1,-1.392,-1.63,-3.6,-0.127,-0.28,-0.05,-0.488,46.37,59.03
"2024-08-20 02:30:00",3002,12.55,311,1,-1.78,-2.83,-3.81,-0.22,-0.297,-0.178,-0.5,46.18,56.91
"2024-08-20 03:00:00",3003,12.54,311,1,0.977,6.97,-3.67,0.54,-0.286,0.488,-0.489,49.61,57.27
"2024-08-20 03:30:00",3004,12.54,311,1,-2.032,-3.88,-3.66,-0.302,-0.284,0.087,-0.485,57.85,58.58
"2024-08-20 04:00:00",3005,12.54,311,1,-1.325,-1.22,-3.78,-0.095,-0.294,0.065,-0.494,56.49,57.63
"2024-08-20 04:30:00",3006,12.54,311,1,-1.912,-3.4,-3.71,-0.264,-0.289,0.02,-0.5,37.84,56.35
"2024-08-20 05:00:00",3007,12.53,311,1,-1.616,-2.27,-3.78,-0.177,-0.294,-0.153,-0.506,41.97,56.47
"2024-08-20 05:30:00",3008,12.53,311,1,-1.466,-1.74,-3.77,-0.136,-0.293,-0.156,-0.497,78.52,56.98
"2024-08-20 06:00:00",3009,12.53,311,1,-1.432,-1.68,-3.7,-0.131,-0.288,-0.121,-0.499,58.06,57.96
"2024-08-20 06:30:00",3010,12.53,311,1,-1.231,-0.95,-3.71,-0.074,-0.289,-0.067,-0.495,57.5,56.72
"2024-08-20 07:00:00",3011,12.52,311,1,-1.651,-2.46,-3.71,-0.191,-0.289,-0.129,-0.485,65.11,57.08
"2024-08-20 07:30:00",3012,12.52,311,1,-1.125,-0.51,-3.77,-0.041,-0.293,-0.072,-0.496,48.56,57.63
"2024-08-20 08:00:00",3013,12.52,311,1,-1.427,-1.7,-3.66,-0.132,-0.284,-0.063,-0.492,51.14,57.71
"2024-08-20 08:30:00",3014,12.52,311,1,-1.716,-2.8,-3.6,-0.218,-0.28,-0.116,-0.476,57.71,59.43
"2024-08-20 09:00:00",3015,12.51,311,1,-1.517,-2.08,-3.6,-0.162,-0.28,-0.2,-0.473,60.59,57.98
"2024-08-20 09:30:00",3016,12.51,311,1,-0.997,-0.34,-3.46,-0.027,-0.269,-0.015,-0.462,21.94,59.65
"2024-08-20 10:00:00",3017,12.51,311,1,-1.177,-0.84,-3.62,-0.066,-0.281,-0.007,-0.485,65.72,57.69
"2024-08-20 10:30:00",3018,12.51,311,1,-6.162,-18.79,-3.62,-1.458,-0.281,-0.963,-0.482,57.93,59.66
"2024-08-20 11:00:00",3019,12.5,311,1,-1.278,-1.25,-3.57,-0.098,-0.277,0.408,-0.463,65.85,58.81
"2024-08-20 11:30:00",3020,12.5,311,1,-2.611,-6.02,-3.6,-0.468,-0.28,0.235,-0.478,34.36,58.45
"2024-08-20 12:00:00",3021,12.5,311,1,-9.61,-31.11,-3.71,-2.413,-0.289,-0.197,-0.485,44.2,56.61
"2024-08-20 12:30:00",3022,12.51,311,1,-1.287,-1.33,-3.52,-0.104,-0.274,-0.097,-0.468,47.38,58.38
"2024-08-20 13:00:00",3023,12.5,311,1,-1.066,-0.55,-3.5,-0.044,-0.272,-0.026,-0.462,66.18,59.98
"2024-08-20 13:30:00",3024,12.5,311,1,-5.731,-17.72,-3.11,-1.375,-0.242,-1.145,-99,44.7,-99
"2024-08-20 14:00:00",3025,12.49,311,1,-1.064,-0.77,-3.26,-0.061,-0.253,0.339,-0.428,54.82,62.64
"2024-08-20 14:30:00",3026,12.49,311,1,-2.664,-6.26,-3.55,-0.486,-0.276,-0.257,-0.48,49.45,58.52
"2024-08-20 15:00:00",3027,12.49,311,1,-1.118,-0.59,-3.66,-0.047,-0.284,-0.053,-0.488,45.67,56.66
"2024-08-20 15:30:00",3028,12.49,311,1,-1.41,-1.51,-3.8,-0.118,-0.295,-0.153,-0.498,43.25,56.91
"2024-08-20 16:00:00",3029,12.5,311,1,-1.425,-1.76,-3.59,-0.137,-0.279,-0.13,-0.487,73.75,55.56
"2024-08-20 16:30:00",3030,12.49,311,1,-1.383,-1.45,-3.76,-0.113,-0.292,-0.149,-0.503,41.02,56.76
"2024-08-20 17:00:00",3031,12.49,311,1,-1.57,-1.98,-3.91,-0.154,-0.304,-0.112,-0.519,51.32,55.39
"2024-08-20 17:30:00",3032,12.49,311,1,-1.052,-0.35,-3.66,-0.028,-0.284,-0.004,-0.486,49.7,56.68
"2024-08-20 18:00:00",3033,12.48,311,1,-2.308,-4.96,-3.57,-0.385,-0.278,-0.178,-0.484,53.45,58.76
"2024-08-20 18:30:00",3034,12.48,311,1,-2.456,-5.49,-3.57,-0.427,-0.278,0.06,-0.49,39.38,58.46
"2024-08-20 19:00:00",3035,12.47,311,1,-1.366,-1.36,-3.79,-0.106,-0.294,-0.096,-0.502,47.05,55.44
"2024-08-20 19:30:00",3036,12.47,311,1,-1.156,-0.66,-3.73,-0.052,-0.29,-0.071,-0.506,45.02,55.34
"2024-08-20 20:00:00",3037,12.47,311,1,-1.732,-2.64,-3.83,-0.206,-0.298,-0.027,-0.51,47.2,56.43
"2024-08-20 20:30:00",3038,12.46,311,1,-1.583,-1.97,-3.97,-0.154,-0.308,-0.12,-0.519,79.81,55.1
"2024-08-20 21:00:00",3039,12.46,311,1,-1.467,-1.8,-3.71,-0.14,-0.289,-0.186,-0.506,53.16,55.97
"2024-08-20 21:30:00",3040,12.46,311,1,-1.762,-2.73,-3.85,-0.213,-0.299,-0.212,-0.515,50.03,56.18
"2024-08-20 22:00:00",3041,12.45,311,1,-1.605,-2.21,-3.8,-0.172,-0.296,-0.156,-0.506,51.91,56.13
"2024-08-20 22:30:00",3042,12.45,311,1,-1.726,-2.75,-3.69,-0.214,-0.287,-0.228,-0.486,48.72,56.12
"2024-08-20 23:00:00",3043,12.45,311,1,-1.285,-1.04,-3.82,-0.081,-0.297,-0.082,-0.506,52.27,58.26
"2024-08-20 23:30:00",3044,12.44,311,1,-1.843,-3.05,-3.82,-0.237,-0.297,-0.245,-0.502,45.56,57.72
"2024-08-21 00:00:00",3045,12.44,311,1,-3.679,-9.69,-3.79,-0.752,-0.295,-0.747,-0.501,64.01,57.23
"2024-08-21 00:30:00",3046,12.44,311,1,-1.649,-2.35,-3.82,-0.183,-0.297,-0.218,-0.509,48.57,55.14
"2024-08-21 01:00:00",3047,12.43,311,1,-1.495,-1.88,-3.73,-0.146,-0.29,-0.188,-0.499,70.98,57.37
"2024-08-21 01:30:00",3048,12.43,311,1,-1.521,-2.01,-3.69,-0.156,-0.287,-0.184,-0.499,45.55,55.31
"2024-08-21 02:00:00",3049,12.43,311,1,-1.15,-0.61,-3.76,-0.048,-0.292,-0.054,-0.505,47.6,56.93
"2024-08-21 02:30:00",3050,12.42,311,1,-2.489,-5.28,-3.92,-0.411,-0.305,-0.156,-0.512,49.47,56.2
"2024-08-21 03:00:00",3051,12.42,311,1,-1.425,-1.6,-3.76,-0.125,-0.292,-0.04,-0.493,67.34,57.22
"2024-08-21 03:30:00",3052,12.42,311,1,-1.204,-0.86,-3.7,-0.067,-0.288,-0.007,-0.495,55.34,55.81
"2024-08-21 04:00:00",3053,12.42,311,1,-1.51,-1.83,-3.84,-0.142,-0.299,-0.145,-0.505,66.84,56.88
"2024-08-21 04:30:00",3054,12.41,311,1,-2.125,-4,-3.89,-0.311,-0.302,-0.117,-0.507,57.04,58.19
"2024-08-21 05:00:00",3055,12.41,311,1,-1.442,-1.68,-3.74,-0.131,-0.291,-0.051,-0.49,62.05,57.62
"2024-08-21 05:30:00",3056,12.4,311,1,-1.162,-0.53,-3.89,-0.042,-0.302,-0.063,-0.503,61.53,56.84
"2024-08-21 06:00:00",3057,12.4,311,1,-1.383,-1.41,-3.8,-0.11,-0.296,-0.069,-0.505,55.19,56.75
"2024-08-21 06:30:00",3058,12.4,311,1,-1.957,-3.61,-3.66,-0.281,-0.284,-0.191,-0.489,53.17,58.91
"2024-08-21 07:00:00",3059,12.4,311,1,-1.17,-0.73,-3.71,-0.057,-0.289,0.002,-0.491,53.07,57.72
"2024-08-21 07:30:00",3060,12.4,311,1,-1.599,-2.35,-3.63,-0.183,-0.282,-0.167,-0.482,52.55,59.12
"2024-08-21 08:00:00",3061,12.39,311,1,-1.417,-1.72,-3.6,-0.134,-0.28,-0.167,-0.478,52.77,60.6
"2024-08-21 08:30:00",3062,12.39,311,1,-1.515,-2.15,-3.52,-0.168,-0.274,-0.113,-0.455,51.07,61.98
"2024-08-21 09:00:00",3063,12.39,311,1,-1.345,-1.51,-3.55,-0.118,-0.276,-0.139,-0.46,48.69,58.75
"2024-08-21 09:30:00",3064,12.39,311,1,-0.817,0.24,-3.39,0.019,-0.264,-0.009,-0.448,51.94,61.17
"2024-08-21 10:00:00",3065,12.39,311,1,-1.167,-1.02,-3.39,-0.08,-0.263,-0.094,-0.439,58.58,61.24
"2024-08-21 10:30:00",3066,12.39,311,1,-1.154,-1.03,-3.33,-0.081,-0.259,-0.121,-0.441,64.41,60.97
"2024-08-21 11:00:00",3067,12.39,311,1,-1.101,-0.63,-3.55,-0.049,-0.276,-0.081,-0.473,51.02,58.69
"2024-08-21 11:30:00",3068,12.39,311,1,-1.086,-0.84,-3.27,-0.066,-0.254,-0.075,-0.431,59.88,64.52
"2024-08-21 12:00:00",3069,12.39,311,1,-1.071,-1.03,-3.01,-0.081,-0.234,-0.081,-99,57.88,-99
"2024-08-21 12:30:00",3070,12.4,311,1,-1.295,-1.31,-3.57,-0.102,-0.278,-0.153,-0.472,54.2,58.84
"2024-08-21 13:00:00",3071,12.4,311,1,-1.455,-1.98,-3.47,-0.154,-0.27,-0.14,-0.448,45.66,60.57
"2024-08-21 13:30:00",3072,12.4,311,1,-1.358,-1.64,-3.46,-0.128,-0.269,-0.146,-0.45,53.07,60.21
"2024-08-21 14:00:00",3073,12.39,311,1,-1.288,-1.55,-3.29,-0.121,-0.256,-0.149,-0.44,47.12,62.45
"2024-08-21 14:30:00",3074,12.39,311,1,-0.578,1.17,-3.46,0.091,-0.269,0.113,-0.447,46.43,58.16
"2024-08-21 15:00:00",3075,12.38,311,1,-1.087,-1.07,-3.03,-0.084,-0.236,-0.101,-99,78.69,-99
"2024-08-21 15:30:00",3076,12.38,311,1,-1.231,-1.39,-3.24,-0.109,-0.252,-0.055,-99,50.95,-99
"2024-08-21 16:00:00",3077,12.38,311,1,-1.244,-1.37,-3.31,-0.107,-0.258,0.009,-0.427,62.39,62.28
"2024-08-21 16:30:00",3078,12.38,311,1,-1.494,-1.98,-3.62,-0.154,-0.281,-0.096,-0.474,63.68,58.16
"2024-08-21 17:00:00",3079,12.38,311,1,-0.92,0.37,-3.92,0.028,-0.305,-0.044,-0.523,62.12,55.61
"2024-08-21 17:30:00",3080,12.38,311,1,-1.74,-2.65,-3.85,-0.206,-0.299,-0.182,-0.512,36.8,55.73
"2024-08-21 18:00:00",3081,12.38,311,1,-1.704,-2.68,-3.68,-0.209,-0.287,-0.25,-0.507,51.65,55.87
"2024-08-21 18:30:00",3082,12.38,311,1,-1.363,-1.31,-3.83,-0.102,-0.298,-0.151,-0.51,72.19,55.4
"2024-08-21 19:00:00",3083,12.37,311,1,-1.417,-1.44,-3.9,-0.112,-0.303,-0.188,-0.523,59.67,53.89
"2024-08-21 19:30:00",3084,12.37,311,1,-1.4,-1.34,-3.94,-0.105,-0.306,-0.096,-0.525,51.43,55.5
"2024-08-21 20:00:00",3085,12.37,311,1,-1.905,-3.14,-3.96,-0.245,-0.308,-0.12,-0.527,41.5,56.57
"2024-08-21 20:30:00",3086,12.36,311,1,-1.234,-0.78,-3.9,-0.062,-0.303,-0.024,-0.518,47.48,55.04
"2024-08-21 21:00:00",3087,12.36,311,1,-1.163,-0.42,-4.01,-0.033,-0.311,-0.07,-0.523,48.27,56.24
"2024-08-21 21:30:00",3088,12.35,311,1,-3.104,-7.62,-3.79,-0.592,-0.295,-0.153,-0.509,59.34,55.64
"2024-08-21 22:00:00",3089,12.35,311,1,-0.459,1.89,-3.77,0.147,-0.294,0.096,-0.507,60.02,57.15
"2024-08-21 22:30:00",3090,12.35,311,1,-1.689,-2.57,-3.74,-0.2,-0.291,-0.101,-0.501,79.68,56.62
"2024-08-21 23:00:00",3091,12.34,311,1,-0.813,0.69,-3.85,0.054,-0.299,0.119,-0.508,46.51,55.43
"2024-08-21 23:30:00",3092,12.34,311,1,-1.179,-0.62,-3.86,-0.049,-0.301,-0.074,-0.512,52.98,57.89
"2024-08-22 00:00:00",3093,12.33,311,1,-3.524,-8.99,-3.94,-0.698,-0.306,-0.264,-0.515,33.88,56.15
"2024-08-22 00:30:00",3094,12.33,311,1,-1.455,-1.7,-3.77,-0.132,-0.293,-0.149,-0.504,50.38,57.79
"2024-08-22 01:00:00",3095,12.33,311,1,-0.884,0.49,-3.91,0.038,-0.304,-0.007,-0.506,66.33,59.55
"2024-08-22 01:30:00",3096,12.32,311,1,-1.595,-2.07,-3.91,-0.161,-0.304,-0.204,-0.505,60.88,56.87
"2024-08-22 02:00:00",3097,12.32,311,1,-1.562,-2.01,-3.85,-0.156,-0.299,-0.194,-0.506,61.14,56.45
"2024-08-22 02:30:00",3098,12.32,311,1,-1.402,-1.46,-3.82,-0.114,-0.297,-0.146,-0.491,51.6,59.16
"2024-08-22 03:00:00",3099,12.31,311,1,-1.343,-1.35,-3.71,-0.105,-0.289,-0.139,-0.496,51.45,58.02
"2024-08-22 03:30:00",3100,12.31,311,1,-1.58,-2.1,-3.82,-0.163,-0.297,-0.201,-0.506,62.28,58.42
"2024-08-22 04:00:00",3101,12.31,311,1,-1.212,-0.89,-3.7,-0.07,-0.288,-0.135,-0.491,59.02,58.24
"2024-08-22 04:30:00",3102,12.31,311,1,-1.242,-0.96,-3.74,-0.075,-0.291,-99,-0.494,-99,57.39
"2024-08-22 05:00:00",3103,12.3,311,1,-1.462,-1.79,-3.7,-0.14,-0.288,-0.023,-0.49,47.6,56.83
"2024-08-22 05:30:00",3104,12.3,311,1,-5.164,-15.13,-3.69,-1.174,-0.287,-0.311,-0.487,36.06,59.32
"2024-08-22 06:00:00",3105,12.3,311,1,-1.549,-2.02,-3.79,-0.158,-0.294,-0.203,-0.497,58.01,57.75
"2024-08-22 06:30:00",3106,12.3,311,1,-1.364,-1.4,-3.74,-0.11,-0.291,-0.151,-0.49,44.04,57.28
"2024-08-22 07:00:00",3107,12.29,311,1,-1.432,-1.68,-3.7,-0.131,-0.288,-0.156,-0.483,52.67,59.09
"2024-08-22 07:30:00",3108,12.29,311,1,-0.922,0.06,-3.6,0.005,-0.28,-0.051,-0.476,76.99,60.36
"2024-08-22 08:00:00",3109,12.29,311,1,-1.276,-1.26,-3.55,-0.098,-0.276,-0.109,-0.462,57.87,59.43
"2024-08-22 08:30:00",3110,12.28,311,1,-1.184,-1.08,-3.39,-0.084,-0.264,-0.126,-0.44,57.9,61.29
"2024-08-22 09:00:00",3111,12.29,311,1,-1.107,-0.87,-3.32,-0.068,-0.258,0.335,-0.43,71.45,62.17
"2024-08-22 09:30:00",3112,12.28,311,1,-1.422,-2.02,-3.3,-0.157,-0.257,-0.143,-99,56.14,-99
"2024-08-22 10:00:00",3113,12.28,311,1,-1.218,-1.41,-3.17,-0.11,-0.247,-0.114,-99,50.51,-99
"2024-08-22 10:30:00",3114,12.29,311,1,-1.264,-1.35,-3.41,-0.106,-0.265,-0.143,-0.45,55.5,61.23
"2024-08-22 11:00:00",3115,12.29,311,1,-1.173,-1.05,-3.38,-0.082,-0.263,-0.112,-0.436,67.92,60.31
"2024-08-22 11:30:00",3116,12.29,311,1,-1.278,-1.4,-3.41,-0.109,-0.266,-0.161,-0.452,56.03,62.03
"2024-08-22 12:00:00",3117,12.29,311,1,-1.908,-3.65,-3.43,-0.284,-0.267,-0.25,-99,68.16,-99
"2024-08-22 12:30:00",3118,12.29,311,1,-1.367,-1.72,-3.41,-0.134,-0.265,-0.15,-0.453,65.1,59
"2024-08-22 13:00:00",3119,12.29,311,1,-1.299,-1.26,-3.64,-0.099,-0.283,-0.102,-0.471,52.89,58.2
"2024-08-22 13:30:00",3120,12.3,311,1,-1.063,-0.73,-3.3,-0.057,-0.257,-0.002,-0.427,51.64,62.79
"2024-08-22 14:00:00",3121,12.29,311,1,-1.163,-1.07,-3.32,-0.083,-0.258,0.004,-0.446,53.54,60.68
"2024-08-22 14:30:00",3122,12.29,311,1,-1.436,-2.43,-2.92,-0.189,-0.228,-0.11,-99,62.49,-99
"2024-08-22 15:00:00",3123,12.29,311,1,-0.827,-0.15,-3.01,-0.012,-0.234,-0.031,-99,58.49,-99
"2024-08-22 15:30:00",3124,12.28,311,1,-1.579,-2.69,-3.19,-0.209,-0.248,-0.161,-99,54.85,-99
"2024-08-22 16:00:00",3125,12.28,311,1,-0.88,0.07,-3.45,0.005,-0.269,-0.04,-0.455,66.98,60.62
"2024-08-22 16:30:00",3126,12.28,311,1,-1.5,-2.03,-3.59,-0.158,-0.279,-0.13,-0.47,42.7,60.52
"2024-08-22 17:00:00",3127,12.28,311,1,-1.145,-0.48,-3.88,-0.038,-0.302,-0.085,-0.514,61.77,55.57
"2024-08-22 17:30:00",3128,12.28,311,1,-0.428,2.01,-3.78,0.156,-0.294,0.127,-0.508,70.8,55.53
"2024-08-22 18:00:00",3129,12.28,311,1,-1.512,-1.96,-3.71,-0.153,-0.289,-0.144,-0.503,55.04,57.28
"2024-08-22 18:30:00",3130,12.28,311,1,-1.169,-0.66,-3.78,-0.052,-0.294,-0.057,-0.511,53.8,56.35
"2024-08-22 19:00:00",3131,12.28,311,1,-1.221,-0.81,-3.82,-0.064,-0.297,-0.047,-0.515,55.72,54.36
"2024-08-22 19:30:00",3132,12.27,311,1,-1.264,-0.84,-3.95,-0.066,-0.307,-0.034,-0.526,60.79,55.94
"2024-08-22 20:00:00",3133,12.26,311,1,-1.593,-2.15,-3.82,-0.168,-0.297,-0.061,-0.519,50.97,56.29
"2024-08-22 20:30:00",3134,12.26,311,1,-1.665,-2.38,-3.85,-0.186,-0.3,-0.127,-0.522,57.58,56.65
"2024-08-22 21:00:00",3135,12.26,311,1,-1.025,-0.17,-3.75,-0.014,-0.291,-0.019,-0.517,70.22,56.76
"2024-08-22 21:30:00",3136,12.25,311,1,-2.27,-4.52,-3.89,-0.351,-0.302,-0.19,-0.52,42.32,55.56
"2024-08-22 22:00:00",3137,12.24,311,1,-0.511,1.74,-3.81,0.135,-0.296,0.197,-0.508,48.58,56.97
"2024-08-22 22:30:00",3138,12.24,311,1,-1.033,-0.17,-3.78,-0.014,-0.294,0.141,-0.507,40.86,58.28
"2024-08-22 23:00:00",3139,12.23,311,1,-1.648,-2.45,-3.71,-0.191,-0.289,-0.027,-0.504,47.43,57.49
"2024-08-22 23:30:00",3140,12.23,311,1,-1.206,-0.82,-3.75,-0.064,-0.291,-0.118,-0.507,63.84,57.64
"2024-08-23 00:00:00",3141,12.23,311,1,-1.311,-1.18,-3.77,-0.092,-0.294,-0.096,-0.501,51.69,56.18
"2024-08-23 00:30:00",3142,12.22,311,1,-1.423,-1.64,-3.71,-0.128,-0.289,-0.133,-0.494,56.24,57.13
"2024-08-23 01:00:00",3143,12.22,311,1,-1.865,-3.23,-3.71,-0.251,-0.289,-0.239,-0.498,49.69,57.67
"2024-08-23 01:30:00",3144,12.22,311,1,-2.061,-3.91,-3.74,-0.304,-0.291,-0.198,-0.495,55.65,58.46
"2024-08-23 02:00:00",3145,12.21,311,1,-1.222,-0.87,-3.76,-0.069,-0.292,-0.024,-0.499,45.37,56.12
"2024-08-23 02:30:00",3146,12.21,311,1,-1.485,-1.78,-3.8,-0.139,-0.296,-0.081,-0.499,51.19,59.01
"2024-08-23 03:00:00",3147,12.21,311,1,-1.527,-1.94,-3.79,-0.151,-0.295,-0.15,-0.5,64.1,56.65
"2024-08-23 03:30:00",3148,12.21,311,1,-1.121,-0.56,-3.7,-0.044,-0.288,0.051,-0.492,53.11,58
"2024-08-23 04:00:00",3149,12.2,311,1,-1.467,-1.78,-3.73,-0.139,-0.29,-0.099,-0.497,68.83,57.47
"2024-08-23 04:30:00",3150,12.2,311,1,-1.384,-1.47,-3.74,-0.115,-0.291,-0.101,-0.495,43.28,57.1
"2024-08-23 05:00:00",3151,12.2,311,1,-1.681,-2.55,-3.73,-0.198,-0.29,-0.16,-0.495,73.09,59.38
"2024-08-23 05:30:00",3152,12.19,311,1,-1.601,-2.32,-3.67,-0.181,-0.285,-0.099,-0.49,53.67,56.49
"2024-08-23 06:00:00",3153,12.19,311,1,-1.691,-2.39,-3.94,-0.186,-0.306,-0.135,-0.504,61.06,56.79
"2024-08-23 06:30:00",3154,12.19,311,1,-1.676,-2.55,-3.71,-0.199,-0.289,0.026,-0.486,44.19,57.02
"2024-08-23 07:00:00",3155,12.19,311,1,-1.535,-2.11,-3.64,-0.165,-0.283,-0.199,-0.491,70.47,57.59
"2024-08-23 07:30:00",3156,12.18,311,1,-1.567,-2.28,-3.58,-0.178,-0.279,-0.08,-0.476,67.7,60.5
"2024-08-23 08:00:00",3157,12.18,311,1,-1.537,-2.19,-3.56,-0.17,-0.277,-0.049,-0.465,46.65,60.15
"2024-08-23 08:30:00",3158,12.18,311,1,-1.619,-2.62,-3.42,-0.204,-0.266,-0.13,-0.448,47.7,62.46
"2024-08-23 09:00:00",3159,12.18,311,1,-1.2,-1.27,-3.25,-0.099,-0.253,-0.029,-99,59.82,-99
"2024-08-23 09:30:00",3160,12.17,311,1,-1.517,-2.27,-3.4,-0.177,-0.265,-0.171,-0.439,61.09,64.32
"2024-08-23 10:00:00",3161,12.18,311,1,-1.522,-2.43,-3.25,-0.189,-0.253,-0.106,-99,54.14,-99
"2024-08-23 10:30:00",3162,12.18,311,1,-1.571,-2.56,-3.3,-0.199,-0.256,-0.116,-0.431,49.23,63.45
"2024-08-23 11:00:00",3163,12.18,311,1,-1.012,-0.45,-3.4,-0.036,-0.264,-0.016,-0.442,54.87,61.7
"2024-08-23 11:30:00",3164,12.18,311,1,-0.647,0.44,-2.95,0.035,-0.229,0.15,-99,66.55,-99
"2024-08-23 12:00:00",3165,12.18,311,1,-1.538,-2.59,-3.14,-0.202,-0.245,-0.143,-99,55.37,-99
"2024-08-23 12:30:00",3166,12.19,311,1,-1.339,-1.43,-3.61,-0.111,-0.281,-0.098,-0.475,46.53,59.77
"2024-08-23 13:00:00",3167,12.19,311,1,-1.14,-1.12,-3.18,-0.087,-0.247,-0.118,-0.423,73.69,62.74
"2024-08-23 13:30:00",3168,12.19,311,1,-1.534,-2.35,-3.38,-0.183,-0.263,-0.102,-0.446,54.34,61.06
"2024-08-23 14:00:00",3169,12.18,311,1,-0.841,0.23,-3.47,0.018,-0.27,0.037,-0.467,70.02,61.17
"2024-08-23 14:30:00",3170,12.18,311,1,-0.74,0.49,-3.36,0.038,-0.261,0.017,-0.44,54.04,61.44
"2024-08-23 15:00:00",3171,12.18,311,1,-1.161,-0.97,-3.42,-0.076,-0.266,-0.08,-0.456,51.12,60.61
"2024-08-23 15:30:00",3172,12.18,311,1,-1.174,-1.13,-3.3,-0.088,-0.257,-0.029,-0.437,56.93,62.24
"2024-08-23 16:00:00",3173,12.18,311,1,-1.527,-2.24,-3.47,-0.174,-0.27,-0.179,-0.465,61.33,60.65
"2024-08-23 16:30:00",3174,12.17,311,1,-1.56,-2.21,-3.63,-0.173,-0.282,-0.163,-0.48,47.03,57.09
"2024-08-23 17:00:00",3175,12.17,311,1,-1.524,-2.08,-3.63,-0.162,-0.282,-0.095,-0.48,37.7,55.93
"2024-08-23 17:30:00",3176,12.17,311,1,-1.597,-2.34,-3.63,-0.182,-0.282,-0.187,-0.493,64.78,56.35
"2024-08-23 18:00:00",3177,12.17,311,1,-1.069,-0.47,-3.6,-0.037,-0.28,-0.08,-0.49,63.92,56.58
"2024-08-23 18:30:00",3178,12.17,311,1,-1.533,-2.1,-3.64,-0.164,-0.283,-0.091,-0.495,52.52,56.59
"2024-08-23 19:00:00",3179,12.16,311,1,-1.269,-1.02,-3.78,-0.08,-0.294,-0.12,-0.513,69.05,54.77
"2024-08-23 19:30:00",3180,12.16,311,1,-1.742,-2.61,-3.9,-0.203,-0.303,-0.071,-0.517,45.42,54.49
"2024-08-23 20:00:00",3181,12.15,311,1,-1.213,-0.79,-3.81,-0.062,-0.296,-0.058,-0.519,52.68,56.32
"2024-08-23 20:30:00",3182,12.15,311,1,-1.669,-2.28,-3.97,-0.177,-0.309,-0.188,-0.527,66.56,54.79
"2024-08-23 21:00:00",3183,12.15,311,1,-1.292,-1.16,-3.72,-0.091,-0.289,-0.081,-0.508,50.99,56.3
"2024-08-23 21:30:00",3184,12.14,311,1,-1.453,-1.54,-3.93,-0.121,-0.306,-0.11,-0.523,48.17,58.07
"2024-08-23 22:00:00",3185,12.13,311,1,-1.49,-1.74,-3.86,-0.135,-0.3,-0.077,-0.508,54.11,56.66
"2024-08-23 22:30:00",3186,12.13,311,1,-1.908,-3.32,-3.78,-0.258,-0.294,-0.107,-0.511,54.74,56.88
"2024-08-23 23:00:00",3187,12.12,311,1,-1.523,-2.01,-3.7,-0.157,-0.288,-0.164,-0.502,52.66,56.73
"2024-08-23 23:30:00",3188,12.12,311,1,-1.441,-1.63,-3.79,-0.127,-0.295,-0.158,-0.505,56.44,55.92
"2024-08-24 00:00:00",3189,12.12,311,1,-1.179,-0.64,-3.84,-0.05,-0.298,0.287,-0.498,61.21,56.1
"2024-08-24 00:30:00",3190,12.11,311,1,-1.319,-1.2,-3.78,-0.094,-0.294,0.206,-0.498,35.63,56.94
"2024-08-24 01:00:00",3191,12.11,311,1,-1.525,-1.94,-3.78,-0.151,-0.294,-0.174,-0.498,52.74,58.22
"2024-08-24 01:30:00",3192,12.11,311,1,-1.258,-1,-3.76,-0.079,-0.292,-0.14,-0.496,47.48,56.96
"2024-08-24 02:00:00",3193,12.1,311,1,-1.473,-1.82,-3.71,-0.142,-0.289,-0.126,-0.496,51.16,57.32
"2024-08-24 02:30:00",3194,12.1,311,1,-1.57,-2.18,-3.7,-0.169,-0.288,-0.132,-0.498,43.87,58.78
"2024-08-24 03:00:00",3195,12.09,311,1,-1.055,-0.38,-3.64,-0.03,-0.283,-0.019,-0.491,57.78,58.93
"2024-08-24 03:30:00",3196,12.09,311,1,-1.587,-2.26,-3.68,-0.176,-0.287,-0.114,-0.491,48.35,59.08
"2024-08-24 04:00:00",3197,12.09,311,1,-1.472,-1.78,-3.75,-0.139,-0.291,-0.085,-0.491,49.23,58.3
"2024-08-24 04:30:00",3198,12.09,311,1,-1.22,-0.89,-3.73,-0.07,-0.29,-0.029,-0.491,54.87,60.34
"2024-08-24 05:00:00",3199,12.08,311,1,-1.908,-3.31,-3.79,-0.258,-0.295,-0.119,-0.499,48.24,59.23
"2024-08-24 05:30:00",3200,12.08,311,1,-1.31,-1.26,-3.68,-0.098,-0.287,-0.108,-0.491,56.06,58.72
"2024-08-24 06:00:00",3201,12.08,311,1,-1.562,-2.12,-3.73,-0.165,-0.29,-0.108,-0.487,49.68,59.32
"2024-08-24 06:30:00",3202,12.08,311,1,-1.312,-1.22,-3.73,-0.096,-0.29,-0.054,-0.494,56.65,58.22
"2024-08-24 07:00:00",3203,12.07,311,1,-1.534,-2.01,-3.74,-0.157,-0.291,-0.164,-0.491,51.66,59.22
"2024-08-24 07:30:00",3204,12.07,311,1,-1.603,-2.39,-3.6,-0.186,-0.28,-0.073,-0.477,54.73,59.89
"2024-08-24 08:00:00",3205,12.07,311,1,-1.376,-1.61,-3.56,-0.126,-0.277,-0.062,-0.469,67.9,58.62
"2024-08-24 08:30:00",3206,12.07,311,1,-1.485,-2.22,-3.33,-0.173,-0.259,-0.146,-0.43,58.79,63.84
"2024-08-24 09:00:00",3207,12.07,311,1,-1.77,-3.33,-3.24,-0.259,-0.252,-0.116,-99,56.22,-99
"2024-08-24 09:30:00",3208,12.07,311,1,-0.487,1.29,-3.24,0.1,-0.252,0.113,-99,68.62,-99
"2024-08-24 10:00:00",3209,12.06,311,1,-0.83,-0.02,-3.16,-0.003,-0.245,-0.005,-99,77.95,-99
"2024-08-24 10:30:00",3210,12.06,311,1,-1.128,-0.88,-3.39,-0.069,-0.263,-0.063,-0.433,63.6,62.09
"2024-08-24 11:00:00",3211,12.07,311,1,-0.719,0.33,-3.11,0.025,-0.242,0.039,-99,49.53,-99
"2024-08-24 11:30:00",3212,12.07,311,1,-0.684,0.28,-2.92,0.022,-0.227,0.07,-99,76.07,-99
"2024-08-24 12:00:00",3213,12.07,311,1,-1.31,-1.72,-3.19,-0.134,-0.248,-0.124,-99,58.38,-99
"2024-08-24 12:30:00",3214,12.08,311,1,-1.419,-1.7,-3.63,-0.132,-0.282,-0.076,-0.476,48.98,59.71
"2024-08-24 13:00:00",3215,12.08,311,1,-1.506,-2.38,-3.24,-0.185,-0.252,-0.163,-99,45.28,-99
"2024-08-24 13:30:00",3216,12.08,311,1,-1.1,-1.05,-3.1,-0.082,-0.241,-0.084,-99,61.68,-99
"2024-08-24 14:00:00",3217,12.07,311,1,-1.802,-3.25,-3.45,-0.253,-0.268,-0.136,-0.453,40.72,62.44
"2024-08-24 14:30:00",3218,12.07,311,1,-1.148,-1.27,-3.05,-0.099,-0.237,-0.073,-99,42.96,-99
"2024-08-24 15:00:00",3219,12.07,311,1,-1.294,-1.71,-3.14,-0.133,-0.244,-0.106,-99,47.77,-99
"2024-08-24 15:30:00",3220,12.07,311,1,-1.454,-2.24,-3.19,-0.175,-0.248,-0.115,-99,43.52,-99
"2024-08-24 16:00:00",3221,12.07,311,1,-1.256,-1.5,-3.22,-0.117,-0.25,-0.057,-0.425,52.89,62.53
"2024-08-24 16:30:00",3222,12.07,311,1,-1.321,-1.46,-3.51,-0.114,-0.273,-0.095,-0.469,46.11,58.09
"2024-08-24 17:00:00",3223,12.06,311,1,-1.561,-2.07,-3.78,-0.162,-0.294,-0.09,-0.506,41.84,56.06
"2024-08-24 17:30:00",3224,12.06,311,1,-1.115,-0.51,-3.73,-0.04,-0.29,-0.079,-0.507,44.93,55.41
"2024-08-24 18:00:00",3225,12.06,311,1,-1.33,-1.2,-3.82,-0.094,-0.297,-0.072,-0.508,47.15,56.23
"2024-08-24 18:30:00",3226,12.06,311,1,-1.054,-0.14,-3.89,-0.012,-0.303,-0.04,-0.521,73.4,56.61
"2024-08-24 19:00:00",3227,12.06,311,1,-1.848,-3,-3.89,-0.233,-0.303,-0.192,-0.516,52.53,56.44
"2024-08-24 19:30:00",3228,12.05,311,1,-1.15,-0.59,-3.78,-0.047,-0.294,-0.028,-0.511,48.36,56.17
"2024-08-24 20:00:00",3229,12.05,311,1,-1.361,-1.22,-3.92,-0.096,-0.305,-0.087,-0.525,54.07,54.54
"2024-08-24 20:30:00",3230,12.04,311,1,-1.603,-2.12,-3.89,-0.165,-0.303,-0.136,-0.52,40.28,56.6
"2024-08-24 21:00:00",3231,12.04,311,1,-1.151,-0.51,-3.87,-0.041,-0.301,-0.028,-0.526,77.82,55.87
"2024-08-24 21:30:00",3232,12.03,311,1,-1.451,-1.75,-3.7,-0.136,-0.288,-0.118,-0.503,53.21,56.18
"2024-08-24 22:00:00",3233,12.03,311,1,-1.624,-2.24,-3.84,-0.174,-0.299,-0.123,-0.509,53.84,57.33
"2024-08-24 22:30:00",3234,12.02,311,1,-1.657,-2.37,-3.83,-0.185,-0.298,-0.125,-0.507,50.45,56.6
"2024-08-24 23:00:00",3235,12.02,311,1,-1.507,-1.85,-3.81,-0.144,-0.296,-0.05,-0.497,57.39,58.12
"2024-08-24 23:30:00",3236,12.02,311,1,-1.377,-1.4,-3.79,-0.109,-0.295,-0.082,-0.503,61.61,57.76
"2024-08-25 00:00:00",3237,12.01,311,1,-1.01,-0.03,-3.84,-0.003,-0.299,-0.025,-0.5,47.6,56.67
"2024-08-25 00:30:00",3238,12.01,311,1,-1.38,-1.38,-3.82,-0.108,-0.297,-0.144,-0.503,52.48,58.21
"2024-08-25 01:00:00",3239,12,311,1,-1.331,-1.26,-3.76,-0.098,-0.293,-0.105,-0.499,68.08,57.39
"2024-08-25 01:30:00",3240,12,311,1,-1.35,-1.3,-3.79,-0.101,-0.295,-0.103,-0.497,68.09,57.97
"2024-08-25 02:00:00",3241,12,311,1,-1.491,-1.81,-3.79,-0.141,-0.295,-0.152,-0.492,44.92,57.31
"2024-08-25 02:30:00",3242,12,311,1,-0.642,1.09,-3.62,0.085,-0.282,0.191,-0.492,63.87,57.5
"2024-08-25 03:00:00",3243,11.99,311,1,-1.695,-2.6,-3.73,-0.203,-0.29,-0.087,-0.497,53.64,59.53
"2024-08-25 03:30:00",3244,11.99,311,1,-0.891,0.35,-3.79,0.027,-0.295,0.029,-0.499,48.07,56.88
"2024-08-25 04:00:00",3245,11.98,311,1,-1.707,-2.7,-3.67,-0.21,-0.285,-0.02,-0.484,48.69,58.18
"2024-08-25 04:30:00",3246,11.98,311,1,-1.165,-0.72,-3.7,-0.057,-0.288,0.132,-0.486,45.67,57.67
"2024-08-25 05:00:00",3247,11.98,311,1,-1.297,-1.14,-3.76,-0.089,-0.293,0.031,-0.49,74.66,57.86
"2024-08-25 05:30:00",3248,11.98,311,1,-1.248,-1.02,-3.7,-0.08,-0.288,0.097,-0.493,45.78,60.28
"2024-08-25 06:00:00",3249,11.97,311,1,-1.459,-1.78,-3.7,-0.139,-0.288,0.059,-0.492,50.31,57.46
"2024-08-25 06:30:00",3250,11.97,311,1,-1.525,-1.97,-3.75,-0.153,-0.291,0.002,-0.493,75,58.21
"2024-08-25 07:00:00",3251,11.97,311,1,-1.439,-1.63,-3.78,-0.127,-0.294,0.079,-0.488,55.22,58.3
"2024-08-25 07:30:00",3252,11.97,311,1,-1.22,-1.06,-3.55,-0.083,-0.276,0.085,-0.471,61.17,58.4
"2024-08-25 08:00:00",3253,11.96,311,1,-1.463,-1.99,-3.49,-0.155,-0.272,-0.084,-0.466,69.5,58.81
"2024-08-25 08:30:00",3254,11.96,311,1,-1.164,-0.98,-3.42,-0.077,-0.266,-0.014,-0.441,65.36,62.5
"2024-08-25 09:00:00",3255,11.96,311,1,-1.082,-0.89,-3.2,-0.07,-0.249,0.139,-99,44.46,-99
"2024-08-25 09:30:00",3256,11.96,311,1,-1.05,-0.9,-3.07,-0.07,-0.239,0.109,-99,73.19,-99
"2024-08-25 10:00:00",3257,11.96,311,1,-0.975,-0.47,-3.24,-0.037,-0.252,0.03,-99,61.8,-99
"2024-08-25 10:30:00",3258,11.96,311,1,-1.375,-1.76,-3.4,-0.137,-0.265,0.179,-0.439,45.76,62.91
"2024-08-25 11:00:00",3259,11.96,311,1,-0.968,-0.32,-3.37,-0.026,-0.262,-0.031,-0.445,72.37,62.51
"2024-08-25 11:30:00",3260,11.96,311,1,-1.296,-1.69,-3.17,-0.132,-0.246,-0.027,-99,66.17,-99
"2024-08-25 12:00:00",3261,11.96,311,1,-1.471,-2.16,-3.34,-0.168,-0.26,-0.116,-99,39.22,-99
"2024-08-25 12:30:00",3262,11.97,311,1,-1.299,-1.38,-3.51,-0.108,-0.273,0.067,-0.456,57.57,61.79
"2024-08-25 13:00:00",3263,11.97,311,1,-0.852,0.03,-3.3,0.003,-0.257,-0.017,-0.442,62.51,62.15
"2024-08-25 13:30:00",3264,11.97,311,1,-1.116,-1.22,-2.98,-0.095,-0.232,0.013,-99,52.35,-99
"2024-08-25 14:00:00",3265,11.96,311,1,-1.419,-1.69,-3.64,-0.132,-0.283,0,-0.464,73.37,61.18
"2024-08-25 14:30:00",3266,11.96,311,1,-1.599,-2.96,-2.98,-0.23,-0.232,0.028,-99,54.06,-99
"2024-08-25 15:00:00",3267,11.96,311,1,-0.792,0.18,-3.23,0.014,-0.251,0.161,-99,53,-99
"2024-08-25 15:30:00",3268,11.96,311,1,-1.482,-2.19,-3.35,-0.171,-0.26,-0.034,-99,48.95,-99
"2024-08-25 16:00:00",3269,11.95,311,1,-1.178,-1.01,-3.44,-0.079,-0.267,-0.012,-0.45,73.81,59.96
"2024-08-25 16:30:00",3270,11.95,311,1,-1.655,-2.58,-3.6,-0.201,-0.28,0.028,-0.472,47.08,59.06
"2024-08-25 17:00:00",3271,11.95,311,1,-1.32,-1.11,-3.88,-0.087,-0.301,-0.013,-0.514,48.39,56.47
"2024-08-25 17:30:00",3272,11.95,311,1,-1.572,-2.13,-3.76,-0.166,-0.293,-0.118,-0.511,48.4,55.54
"2024-08-25 18:00:00",3273,11.95,311,1,-1.537,-1.92,-3.85,-0.149,-0.299,-0.155,-0.518,41.05,55.53
"2024-08-25 18:30:00",3274,11.95,311,1,-1.469,-1.74,-3.78,-0.136,-0.294,-0.098,-0.513,46.79,55.86
"2024-08-25 19:00:00",3275,11.94,311,1,-1.156,-0.49,-3.91,-0.039,-0.304,0.159,-0.523,70.71,54.34
"2024-08-25 19:30:00",3276,11.94,311,1,-1.529,-1.91,-3.83,-0.149,-0.298,-0.17,-0.522,47.02,54.68
"2024-08-25 20:00:00",3277,11.93,311,1,-1.181,-0.56,-3.93,-0.044,-0.305,0.215,-0.52,44.75,55.33
"2024-08-25 20:30:00",3278,11.93,311,1,-1.327,-1.23,-3.78,-0.096,-0.294,-0.028,-0.51,48.48,55.46
"2024-08-25 21:00:00",3279,11.93,311,1,-1.176,-0.78,-3.68,-0.061,-0.286,-0.048,-0.503,70.03,57
"2024-08-25 21:30:00",3280,11.92,311,1,-1.378,-1.46,-3.73,-0.114,-0.29,-0.093,-0.501,68.75,56.56
"2024-08-25 22:00:00",3281,11.91,311,1,-1.086,-0.36,-3.78,-0.029,-0.294,0.007,-0.506,66,56.57
"2024-08-25 22:30:00",3282,11.91,311,1,-0.726,0.89,-3.73,0.069,-0.29,0.056,-0.506,58.9,57.28
"2024-08-25 23:00:00",3283,11.91,311,1,-1.561,-2.1,-3.75,-0.164,-0.291,-0.031,-0.499,51.73,56.21
"2024-08-25 23:30:00",3284,11.9,311,1,-1.507,-1.85,-3.81,-0.144,-0.296,-0.117,-0.507,49.48,57.3
"2024-08-26 00:00:00",3285,11.9,311,1,-1.796,-3.01,-3.68,-0.234,-0.286,-0.166,-0.497,47.15,57.46
"2024-08-26 00:30:00",3286,11.89,311,1,-1.402,-1.63,-3.64,-0.127,-0.283,-0.073,-0.491,47.51,57.26
"2024-08-26 01:00:00",3287,11.89,311,1,-1.225,-0.86,-3.78,-0.067,-0.294,-0.067,-0.499,52.01,58.16
"2024-08-26 01:30:00",3288,11.89,311,1,-1.591,-2.18,-3.78,-0.17,-0.294,-0.133,-0.497,49.27,57.09
"2024-08-26 02:00:00",3289,11.88,311,1,-1.017,-0.17,-3.72,-0.014,-0.289,-0.062,-0.497,55.87,57.59
"2024-08-26 02:30:00",3290,11.88,311,1,-1.506,-1.92,-3.73,-0.15,-0.29,-0.105,-0.497,50.34,56.07
"2024-08-26 03:00:00",3291,11.88,311,1,-1.369,-1.38,-3.78,-0.108,-0.294,-0.054,-0.502,58.28,57.08
"2024-08-26 03:30:00",3292,11.88,311,1,-1.299,-1.25,-3.65,-0.098,-0.284,-0.128,-0.485,52.47,59.87
"2024-08-26 04:00:00",3293,11.87,311,1,-1.551,-2.11,-3.7,-0.165,-0.288,-0.141,-0.488,51.75,59.58
"2024-08-26 04:30:00",3294,11.87,311,1,-1.593,-2.28,-3.68,-0.178,-0.286,-0.083,-0.488,47.38,57.13
"2024-08-26 05:00:00",3295,11.87,311,1,-0.587,1.41,-3.75,0.11,-0.291,0.067,-0.497,57.88,57.78
"2024-08-26 05:30:00",3296,11.86,311,1,-1.445,-1.68,-3.75,-0.131,-0.291,-0.094,-0.5,40.54,58.52
"2024-08-26 06:00:00",3297,11.86,311,1,-1.697,-2.59,-3.75,-0.202,-0.291,-0.126,-0.493,53.48,57.39
"2024-08-26 06:30:00",3298,11.86,311,1,-1.295,-1.16,-3.73,-0.091,-0.29,-0.038,-0.495,66.35,59.73
"2024-08-26 07:00:00",3299,11.85,311,1,-1.582,-2.28,-3.64,-0.177,-0.283,-0.132,-0.484,65.37,58.44
"2024-08-26 07:30:00",3300,11.85,311,1,-1.284,-1.26,-3.58,-0.098,-0.278,-0.04,-0.479,73.19,59.58
"2024-08-26 08:00:00",3301,11.85,311,1,-1.946,-3.75,-3.47,-0.291,-0.27,-0.128,-0.459,43.26,59.84
"2024-08-26 08:30:00",3302,11.84,311,1,-1.593,-2.61,-3.33,-0.203,-0.259,-0.107,-0.428,70.27,64.32
"2024-08-26 09:00:00",3303,11.85,311,1,-1.301,-1.68,-3.2,-0.131,-0.249,-0.049,-99,58.87,-99
"2024-08-26 09:30:00",3304,11.84,311,1,-1.206,-1.33,-3.21,-0.104,-0.249,-0.031,-99,62.18,-99
"2024-08-26 10:00:00",3305,11.84,311,1,-0.979,-0.53,-3.19,-0.042,-0.248,0.002,-99,43.28,-99
"2024-08-26 10:30:00",3306,11.85,311,1,-0.779,0.17,-3.17,0.013,-0.246,0.125,-0.425,42.49,61.72
"2024-08-26 11:00:00",3307,11.85,311,1,-1.219,-1.46,-3.12,-0.114,-0.243,-0.052,-99,58.27,-99
"2024-08-26 11:30:00",3308,11.85,311,1,-1.202,-1.56,-2.95,-0.122,-0.23,-0.038,-99,65.37,-99
"2024-08-26 12:00:00",3309,11.85,311,1,-1.13,-1,-3.27,-0.078,-0.254,-0.014,-99,50.09,-99
"2024-08-26 12:30:00",3310,11.85,311,1,-0.749,0.46,-3.36,0.036,-0.261,0.069,-0.452,72.45,59.27
"2024-08-26 13:00:00",3311,11.86,311,1,-1.798,-3.33,-3.35,-0.259,-0.26,-0.188,-99,55.37,-99
"2024-08-26 13:30:00",3312,11.85,311,1,-1.217,-1.36,-3.22,-0.107,-0.251,-0.098,-0.43,48.02,62.34
"2024-08-26 14:00:00",3313,11.85,311,1,-0.913,0.16,-3.67,0.012,-0.285,0.018,-0.487,46.65,56.96
"2024-08-26 14:30:00",3314,11.84,311,1,-0.901,-0.53,-2.89,-0.042,-0.225,0.031,-99,46.33,-99
"2024-08-26 15:00:00",3315,11.84,311,1,-1.015,-0.79,-3.05,-0.062,-0.237,-0.032,-99,64.07,-99
"2024-08-26 15:30:00",3316,11.84,311,1,-1.139,-0.87,-3.44,-0.068,-0.267,0.18,-0.448,52.51,60.06
"2024-08-26 16:00:00",3317,11.84,311,1,-1.553,-2.41,-3.39,-0.187,-0.263,-0.163,-0.458,40.49,59.39
"2024-08-26 16:30:00",3318,11.84,311,1,-1.71,-2.28,-4.13,-0.178,-0.321,-0.104,-0.553,42.56,52.88
"2024-08-26 17:00:00",3319,11.84,311,1,-0.858,0.48,-3.8,0.037,-0.295,0.179,-0.516,38.37,55.51
"2024-08-26 17:30:00",3320,11.83,311,1,-0.903,0.3,-3.78,0.023,-0.294,-0.028,-0.507,48.84,54.99
"2024-08-26 18:00:00",3321,11.83,311,1,0.052,3.61,-3.64,0.28,-0.283,0.427,-0.496,50.27,56.68
"2024-08-26 18:30:00",3322,11.82,311,1,-1.015,-0.15,-3.73,-0.012,-0.29,0.413,-0.498,38.68,57.32
"2024-08-26 19:00:00",3323,11.82,311,1,-1.261,-1.17,-3.59,-0.092,-0.279,0.312,-0.493,77.61,54.74
"2024-08-26 19:30:00",3324,11.82,311,1,-1.136,-0.57,-3.75,-0.045,-0.291,0.359,-0.5,52.62,57.52
"2024-08-26 20:00:00",3325,11.81,311,1,-1.707,-2.69,-3.68,-0.209,-0.286,0.29,-0.497,47.15,58.04
"2024-08-26 20:30:00",3326,11.81,311,1,-1.436,-1.62,-3.78,-0.126,-0.294,0.032,-0.503,28.49,55.75
"2024-08-26 21:00:00",3327,11.81,311,1,-2.035,-3.9,-3.65,-0.303,-0.284,0.215,-0.49,52.15,57.89
"2024-08-26 21:30:00",3328,11.8,311,1,-1.031,-0.33,-3.6,-0.027,-0.28,0.281,-0.487,65.48,56.62
"2024-08-26 22:00:00",3329,11.8,311,1,-1.32,-1.38,-3.59,-0.108,-0.279,0.273,-0.486,60.08,55.55
"2024-08-26 22:30:00",3330,11.8,311,1,-1.33,-1.37,-3.64,-0.107,-0.283,-0.108,-0.493,56.69,59.66
"2024-08-26 23:00:00",3331,11.79,311,1,-2.019,-3.89,-3.6,-0.302,-0.28,0.237,-0.492,45.21,56.78
"2024-08-26 23:30:00",3332,11.79,311,1,-1.125,-0.52,-3.76,-0.041,-0.293,-0.068,-0.5,59.13,56.68
"2024-08-27 00:00:00",3333,11.78,311,1,-1.526,-2,-3.72,-0.156,-0.289,-0.162,-0.495,51.94,56.42
"2024-08-27 00:30:00",3334,11.78,311,1,-1.292,-1.16,-3.72,-0.091,-0.289,0.323,-0.497,68.52,57.57
"2024-08-27 01:00:00",3335,11.78,311,1,-0.923,0.15,-3.7,0.011,-0.288,-0.018,-0.495,49.45,58.25
"2024-08-27 01:30:00",3336,11.77,311,1,-0.538,1.52,-3.68,0.118,-0.286,0.255,-0.486,67.3,57.77
"2024-08-27 02:00:00",3337,11.77,311,1,0.222,4.26,-3.68,0.331,-0.286,0.333,-0.498,46.77,57.08
"2024-08-27 02:30:00",3338,11.77,311,1,-1.158,-0.64,-3.76,-0.05,-0.293,-0.018,-0.5,42.93,57.58
"2024-08-27 03:00:00",3339,11.76,311,1,-1.374,-1.49,-3.68,-0.116,-0.286,-0.156,-0.488,56.91,57.49
"2024-08-27 03:30:00",3340,11.76,311,1,0.228,4.28,-3.68,0.332,-0.286,0.443,-0.486,61.9,56.22
"2024-08-27 04:00:00",3341,11.76,311,1,-0.393,2.04,-3.68,0.159,-0.286,0.411,-0.488,68.15,58.04
"2024-08-27 04:30:00",3342,11.75,311,1,-1.293,-1.2,-3.68,-0.094,-0.286,0.434,-0.49,37.19,57.92
"2024-08-27 05:00:00",3343,11.75,311,1,-0.441,1.87,-3.68,0.145,-0.286,-99,-0.49,-99,57.68
"2024-08-27 05:30:00",3344,11.75,311,1,-1.816,-3.14,-3.62,-0.245,-0.282,0.289,-0.486,79.3,56.95
"2024-08-27 06:00:00",3345,11.74,311,1,-2.013,-3.85,-3.62,-0.299,-0.282,-0.067,-0.483,54.5,57.16
"2024-08-27 06:30:00",3346,11.74,311,1,0.09,3.68,-3.57,0.286,-0.278,0.39,-0.483,57.46,58.45
"2024-08-27 07:00:00",3347,11.74,311,1,-1.859,-3.5,-3.4,-0.272,-0.264,0.05,-0.472,54.61,58.83
"2024-08-27 07:30:00",3348,11.74,311,1,-1.215,-1.06,-3.53,-0.083,-0.274,0.259,-0.471,57.44,58.59
"2024-08-27 08:00:00",3349,11.73,311,1,-0.041,2.98,-3.33,0.231,-0.259,0.235,-0.454,62.01,60.5
"2024-08-27 08:30:00",3350,11.73,311,1,-2.961,-7.6,-3.26,-0.59,-0.253,-0.077,-99,53.62,-99
"2024-08-27 09:00:00",3351,11.73,311,1,-0.9,-0.2,-3.24,-0.016,-0.252,-0.015,-99,56.13,-99
"2024-08-27 09:30:00",3352,11.72,311,1,-4.496,-13.31,-3.07,-1.033,-0.239,-0.072,-99,58.83,-99
"2024-08-27 10:00:00",3353,11.72,311,1,-0.071,2.57,-3.01,0.2,-0.234,0.399,-99,62.91,-99
"2024-08-27 10:30:00",3354,11.72,311,1,-4.304,-12.39,-3.31,-0.962,-0.258,-0.044,-0.439,44.95,62.09
"2024-08-27 11:00:00",3355,11.72,311,1,0.629,5.37,-3.3,0.417,-0.257,0.42,-0.438,62.23,63.38
"2024-08-27 11:30:00",3356,11.72,311,1,-0.198,2.31,-3.22,0.179,-0.25,0.251,-99,58.49,-99
"2024-08-27 12:00:00",3357,11.72,311,1,-1.469,-2.52,-2.95,-0.196,-0.23,-0.118,-99,68.49,-99
"2024-08-27 12:30:00",3358,11.73,311,1,-1.151,-1.16,-3.18,-0.091,-0.247,0.311,-0.446,46.86,59.68
"2024-08-27 13:00:00",3359,11.73,311,1,-1.915,-4.08,-3,-0.317,-0.233,0.005,-99,43.79,-99
"2024-08-27 13:30:00",3360,11.72,311,1,0.188,3.46,-2.96,0.269,-0.23,0.301,-99,70.76,-99
"2024-08-27 14:00:00",3361,11.72,311,1,-2.548,-5.88,-3.51,-0.457,-0.273,-0.069,-0.46,53.62,59.6
"2024-08-27 14:30:00",3362,11.71,311,1,-1.119,-1.39,-2.81,-0.109,-0.218,0.251,-99,46.2,-99
"2024-08-27 15:00:00",3363,11.71,311,1,-0.539,0.99,-3.12,0.077,-0.243,0.329,-99,46.35,-99
"2024-08-27 15:30:00",3364,11.71,311,1,-7.855,-25.19,-3.3,-1.955,-0.257,-0.296,-99,42.17,-99
"2024-08-27 16:00:00",3365,11.71,311,1,1.062,7.22,-3.61,0.56,-0.281,0.488,-0.464,62.48,60.03
"2024-08-27 16:30:00",3366,11.7,311,1,0.764,6.1,-3.56,0.473,-0.277,0.517,-0.467,68.14,56.37
"2024-08-27 17:00:00",3367,11.7,311,1,-1.124,-0.48,-3.8,-0.038,-0.296,0.232,-0.522,50.14,56.13
"2024-08-27 17:30:00",3368,11.7,311,1,-0.729,1.01,-3.87,0.078,-0.301,0.412,-0.521,56.57,54.96
"2024-08-27 18:00:00",3369,11.7,311,1,-0.906,0.28,-3.77,0.022,-0.293,0.173,-0.517,54.27,54.16
"2024-08-27 18:30:00",3370,11.7,311,1,-2.52,-5.6,-3.7,-0.435,-0.288,0.008,-0.517,36.29,54.26
"2024-08-27 19:00:00",3371,11.69,311,1,-0.263,2.67,-3.85,0.207,-0.3,0.268,-0.519,56.66,55.88
"2024-08-27 19:30:00",3372,11.69,311,1,-1.71,-2.57,-3.82,-0.2,-0.297,-0.218,-0.521,46.01,53.15
"2024-08-27 20:00:00",3373,11.68,311,1,-1.621,-2.23,-3.84,-0.174,-0.299,0.194,-0.52,39.16,54.06
"2024-08-27 20:30:00",3374,11.68,311,1,-1.617,-2.3,-3.75,-0.179,-0.292,0.236,-0.518,51.26,54.08
"2024-08-27 21:00:00",3375,11.67,311,1,-1.38,-1.41,-3.79,-0.11,-0.294,0.146,-0.521,45.74,55.23
"2024-08-27 21:30:00",3376,11.67,311,1,-1.291,-1.09,-3.79,-0.086,-0.294,-0.115,-0.51,79.5,57.56
"2024-08-27 22:00:00",3377,11.67,311,1,-1.561,-2.1,-3.75,-0.164,-0.292,-0.061,-0.503,39.86,57.27
"2024-08-27 22:30:00",3378,11.66,311,1,-1.239,-0.96,-3.73,-0.075,-0.29,0.085,-0.504,56.05,56.78
"2024-08-27 23:00:00",3379,11.65,311,1,-1.289,-1.09,-3.78,-0.085,-0.294,0.033,-0.509,33.82,55.98
"2024-08-27 23:30:00",3380,11.65,311,1,-1.317,-1.2,-3.77,-0.094,-0.293,0.17,-0.496,74.73,57.68
"2024-08-28 00:00:00",3381,11.65,311,1,-1.386,-1.63,-3.58,-0.127,-0.279,-0.037,-0.496,77.47,55.84
"2024-08-28 00:30:00",3382,11.64,311,1,-1.453,-1.71,-3.75,-0.134,-0.292,-0.061,-0.499,34.43,57.25
"2024-08-28 01:00:00",3383,11.64,311,1,-1.293,-1.2,-3.68,-0.094,-0.286,-0.067,-0.494,67.62,57.25
"2024-08-28 01:30:00",3384,11.64,311,1,-1.326,-1.28,-3.72,-0.1,-0.289,-0.095,-0.492,54.78,56.76
"2024-08-28 02:00:00",3385,11.63,311,1,-1.535,-2.1,-3.65,-0.164,-0.284,-0.193,-0.495,48.04,56.28
"2024-08-28 02:30:00",3386,11.63,311,1,-1.545,-2.09,-3.7,-0.163,-0.288,-0.13,-0.487,50.9,58.3
"2024-08-28 03:00:00",3387,11.62,311,1,-1.394,-1.61,-3.63,-0.126,-0.283,-0.095,-0.482,55.95,58.5
"2024-08-28 03:30:00",3388,11.62,311,1,-1.452,-1.83,-3.62,-0.142,-0.281,-0.081,-0.485,52.82,57.98
"2024-08-28 04:00:00",3389,11.62,311,1,-1.31,-1.27,-3.67,-0.099,-0.285,-0.086,-0.493,47.24,58.4
"2024-08-28 04:30:00",3390,11.61,311,1,-1.242,-1.14,-3.55,-0.089,-0.276,-0.113,-0.48,50.85,57
"2024-08-28 05:00:00",3391,11.61,311,1,-1.411,-1.7,-3.6,-0.133,-0.28,-0.099,-0.48,50.76,57.75
"2024-08-28 05:30:00",3392,11.61,311,1,-0.99,-0.26,-3.52,-0.021,-0.274,-0.04,-0.478,69.67,58.05
"2024-08-28 06:00:00",3393,11.6,311,1,-1.117,-0.65,-3.59,-0.051,-0.279,-0.064,-0.475,56.88,57.87
"2024-08-28 06:30:00",3394,11.6,311,1,-1.062,-0.49,-3.55,-0.039,-0.276,-0.008,-0.477,59.5,56.64
"2024-08-28 07:00:00",3395,11.6,311,1,-1.371,-1.63,-3.52,-0.127,-0.274,-0.148,-0.475,62.87,58.02
"2024-08-28 07:30:00",3396,11.6,311,1,-1.173,-0.87,-3.57,-0.068,-0.278,-0.094,-0.469,56.91,59.73
"2024-08-28 08:00:00",3397,11.59,311,1,-1.068,-0.55,-3.51,-0.043,-0.273,-0.052,-0.456,61.96,59.77
"2024-08-28 08:30:00",3398,11.59,311,1,-1.444,-1.98,-3.43,-0.155,-0.267,-0.127,-0.45,50.61,60.51
"2024-08-28 09:00:00",3399,11.58,311,1,-1.503,-2.2,-3.42,-0.172,-0.266,-0.181,-0.437,57.18,59.31
"2024-08-28 09:30:00",3400,11.58,311,1,-1.217,-1.31,-3.27,-0.102,-0.254,-0.041,-99,49.45,-99
"2024-08-28 10:00:00",3401,11.58,311,1,-1.108,-1.09,-3.09,-0.085,-0.24,-0.048,-99,48.56,-99
"2024-08-28 10:30:00",3402,11.57,311,1,-1.175,-1.15,-3.28,-0.09,-0.255,-0.109,-99,60.18,-99
"2024-08-28 11:00:00",3403,11.57,311,1,-0.905,-0.32,-3.13,-0.025,-0.243,-0.005,-99,69.78,-99
"2024-08-28 11:30:00",3404,11.57,311,1,-1.197,-1.57,-2.92,-0.123,-0.227,-0.101,-99,57.45,-99
"2024-08-28 12:00:00",3405,11.57,311,1,-1.363,-1.64,-3.48,-0.128,-0.271,-0.164,-0.458,75.16,60.31
"2024-08-28 12:30:00",3406,11.57,311,1,-1.068,-1,-3.03,-0.079,-0.236,-0.025,-99,61.57,-99
"2024-08-28 13:00:00",3407,11.57,311,1,-1.57,-2.65,-3.2,-0.206,-0.249,-0.097,-99,56.39,-99
"2024-08-28 13:30:00",3408,11.57,311,1,-0.933,-0.1,-3.47,-0.009,-0.27,-0.038,-0.466,58.37,58.94
"2024-08-28 14:00:00",3409,11.56,311,1,-1.058,-0.89,-3.11,-0.07,-0.242,-0.025,-99,62.58,-99
"2024-08-28 14:30:00",3410,11.56,311,1,-0.984,-0.99,-2.72,-0.077,-0.212,-0.041,-99,74.58,-99
"2024-08-28 15:00:00",3411,11.55,311,1,-1.246,-1.65,-3.02,-0.129,-0.235,-0.134,-99,45.76,-99
"2024-08-28 15:30:00",3412,11.55,311,1,-0.83,-0.06,-3.12,-0.005,-0.243,-0.023,-99,61.06,-99
"2024-08-28 16:00:00",3413,11.55,311,1,-2.998,-7.65,-3.35,-0.594,-0.261,-0.209,-0.446,32.27,60.63
"2024-08-28 16:30:00",3414,11.54,311,1,-1.45,-1.99,-3.44,-0.155,-0.268,-0.166,-0.46,52.69,57.32
"2024-08-28 17:00:00",3415,11.54,311,1,-2.22,-4.54,-3.68,-0.353,-0.286,-0.137,-0.505,50.65,54.29
"2024-08-28 17:30:00",3416,11.53,311,1,-1.351,-1.41,-3.68,-0.11,-0.286,-0.106,-0.497,63.51,55.33
"2024-08-28 18:00:00",3417,11.53,311,1,-1.247,-0.97,-3.75,-0.076,-0.292,-0.078,-0.507,57.36,55.75
"2024-08-28 18:30:00",3418,11.52,311,1,-1.165,-0.72,-3.7,-0.057,-0.288,-0.068,-0.509,66.15,55.63
"2024-08-28 19:00:00",3419,11.52,311,1,-1.413,-1.5,-3.82,-0.117,-0.297,-0.098,-0.518,53.04,54.6
"2024-08-28 19:30:00",3420,11.51,311,1,-1.333,-1.26,-3.77,-0.098,-0.293,-0.113,-0.515,39.84,54.58
"2024-08-28 20:00:00",3421,11.51,311,1,-1.325,-1.26,-3.74,-0.098,-0.29,-0.146,-0.523,55.55,54.87
"2024-08-28 20:30:00",3422,11.5,311,1,-1.378,-1.42,-3.77,-0.111,-0.293,-0.112,-0.517,42.04,55.02
"2024-08-28 21:00:00",3423,11.49,311,1,-1.482,-1.75,-3.82,-0.136,-0.297,-0.156,-0.517,67.21,54.34
"2024-08-28 21:30:00",3424,11.49,311,1,-1.429,-1.52,-3.86,-0.119,-0.3,-0.154,-0.515,60.4,57.63
"2024-08-28 22:00:00",3425,11.48,311,1,-1.333,-1.24,-3.79,-0.097,-0.295,-0.189,-0.51,59.19,56.74
"2024-08-28 22:30:00",3426,11.47,311,1,-1.265,-1.06,-3.72,-0.083,-0.289,-0.128,-0.504,43.29,55.95
"2024-08-28 23:00:00",3427,11.47,311,1,-1.326,-1.28,-3.72,-0.1,-0.289,-0.059,-0.501,36.61,56.93
"2024-08-28 23:30:00",3428,11.46,311,1,-1.372,-1.4,-3.77,-0.109,-0.293,-0.003,-0.51,68.24,56.88
"2024-08-29 00:00:00",3429,11.46,311,1,-2.141,-4.3,-3.63,-0.335,-0.282,-0.065,-0.496,53.09,55.75
"2024-08-29 00:30:00",3430,11.45,311,1,-0.379,2.14,-3.73,0.166,-0.29,0.105,-0.499,49.56,58.22
"2024-08-29 01:00:00",3431,11.44,311,1,-1.36,-1.44,-3.68,-0.113,-0.286,-0.156,-0.496,66.13,55.75
"2024-08-29 01:30:00",3432,11.44,311,1,-1.528,-2.01,-3.72,-0.157,-0.289,-0.022,-0.499,45.23,57.63
"2024-08-29 02:00:00",3433,11.43,311,1,-1.309,-1.24,-3.7,-0.097,-0.288,-0.003,-0.494,60.71,57.12
"2024-08-29 02:30:00",3434,11.42,311,1,-1.357,-1.44,-3.67,-0.113,-0.285,0.008,-0.487,63.57,58.46
"2024-08-29 03:00:00",3435,11.42,311,1,-1.467,-1.79,-3.72,-0.139,-0.289,-0.186,-0.487,58.3,57.78
"2024-08-29 03:30:00",3436,11.41,311,1,-1.6,-2.37,-3.61,-0.184,-0.281,-0.225,-0.478,44.7,56.94
"2024-08-29 04:00:00",3437,11.41,311,1,-1.266,-1.13,-3.65,-0.088,-0.284,-0.062,-0.494,62.04,57.92
"2024-08-29 04:30:00",3438,11.41,311,1,-1.357,-1.44,-3.67,-0.112,-0.285,-0.141,-0.493,49.82,57.63
"2024-08-29 05:00:00",3439,11.4,311,1,-1.379,-1.52,-3.67,-0.119,-0.285,-0.053,-0.493,50.31,58.13
"2024-08-29 05:30:00",3440,11.39,311,1,-1.35,-1.3,-3.79,-0.101,-0.295,-0.025,-0.496,48.92,57.57
"2024-08-29 06:00:00",3441,11.39,311,1,-1.049,-0.32,-3.68,-0.026,-0.286,-0.11,-0.49,71.45,59.25
"2024-08-29 06:30:00",3442,11.38,311,1,-1.226,-0.96,-3.68,-0.075,-0.286,0.019,-0.495,64.07,57.71
"2024-08-29 07:00:00",3443,11.38,311,1,-1.274,-1.16,-3.65,-0.091,-0.284,0.016,-0.488,40.89,58.45
"2024-08-29 07:30:00",3444,11.37,311,1,-1.263,-1.27,-3.49,-0.1,-0.272,-0.076,-0.474,54.42,58.49
"2024-08-29 08:00:00",3445,11.36,311,1,-1.351,-1.55,-3.53,-0.121,-0.275,0.123,-0.466,44.71,59.04
"2024-08-29 08:30:00",3446,11.35,311,1,-1.356,-1.7,-3.39,-0.132,-0.264,0.106,-99,77.12,-99
"2024-08-29 09:00:00",3447,11.34,311,1,-1.032,-0.71,-3.2,-0.056,-0.249,0.049,-99,62.96,-99
"2024-08-29 09:30:00",3448,11.33,311,1,-1.024,-0.86,-3.01,-0.068,-0.235,-0.016,-99,55.71,-99
"2024-08-29 10:00:00",3449,11.33,311,1,-1.359,-1.86,-3.23,-0.145,-0.251,-0.033,-99,49.75,-99
"2024-08-29 10:30:00",3450,11.32,311,1,-1.094,-0.87,-3.27,-0.069,-0.254,-0.042,-99,68.07,-99
"2024-08-29 11:00:00",3451,11.31,311,1,-1.464,-2.36,-3.1,-0.184,-0.242,-0.151,-99,52.38,-99
"2024-08-29 11:30:00",3452,11.31,311,1,-0.983,-0.63,-3.1,-0.049,-0.241,-0.06,-99,77.61,-99
"2024-08-29 12:00:00",3453,11.3,311,1,-0.896,-0.72,-2.67,-0.056,-0.208,-0.052,-99,68.71,-99
"2024-08-29 12:30:00",3454,11.3,311,1,-1.14,-0.81,-3.51,-0.064,-0.273,-0.021,-0.473,48.86,59.18
"2024-08-29 13:00:00",3455,11.29,311,1,-1.493,-2.08,-3.51,-0.162,-0.273,-0.162,-0.462,56.15,57.71
"2024-08-29 13:30:00",3456,11.28,311,1,-1.026,-0.51,-3.39,-0.04,-0.264,-0.022,-0.455,55.97,59.35
"2024-08-29 14:00:00",3457,11.26,311,1,-0.84,-0.32,-2.88,-0.026,-0.224,0.046,-99,57.8,-99
"2024-08-29 14:30:00",3458,11.25,311,1,-1.595,-2.72,-3.22,-0.211,-0.25,-0.127,-99,56.64,-99
"2024-08-29 15:00:00",3459,11.23,311,1,-0.936,-0.47,-3.09,-0.037,-0.241,-0.04,-99,53.47,-99
"2024-08-29 15:30:00",3460,11.21,311,1,-1.12,-0.85,-3.39,-0.067,-0.264,-0.084,-0.453,45.64,59.03
"2024-08-29 16:00:00",3461,11.19,311,1,-1.202,-0.89,-3.66,-0.07,-0.285,-0.103,-0.473,51.22,56.11
"2024-08-29 16:30:00",3462,11.17,311,1,-1.207,-0.87,-3.7,-0.069,-0.288,-0.078,-0.489,68.82,55.8
"2024-08-29 17:00:00",3463,11.15,311,1,-1.776,-2.62,-4.02,-0.204,-0.312,-0.213,-0.551,49.94,51.92
"2024-08-29 17:30:00",3464,11.12,311,1,0.258,4.83,-4.15,0.375,-0.322,0.266,-0.552,52.19,53.33
"2024-08-29 18:00:00",3465,11.04,311,1,-1.539,-1.68,-4.11,-0.131,-0.319,-0.152,-0.561,47.61,54.75
"2024-08-29 18:30:00",3466,10.55,311,1,-1.357,-0.95,-4.19,-0.074,-0.326,-0.096,-0.58,51.36,54.75
