"TOA5","CR300Series_403","CR300","27029","CR300-RF407.Std.10.03","CPU:CR300_sapflow.CR300","32345","Table2"
"TIMESTAMP","RECORD","BattV_Min","id","SDI1","SapFlwTot1","VhOuter1","VhInner1","AlphaOut1","AlphaIn1","BetaOut1","BetaIn1","tMaxTout1","tMaxTin1"
"TS","RN","Volts","","","literPerHour","heatVelocity","heatVelocity","logTRatio","logTRatio","logTRatio","logTRatio","second","second"
"","","Min","Smp","Smp","Smp","Smp","Smp","Smp","Smp","Smp","Smp","Smp","Smp"
"2024-08-15 17:00:00",5090,13.06,403,1,0.282,5.7,7.37,0.472,0.609,0.499,0.436,85.5,77.35
"2024-08-15 17:30:00",5091,13.05,403,1,0.257,5.03,6.93,0.415,0.573,0.454,0.414,86.8,78.41
"2024-08-15 18:00:00",5092,13.05,403,1,0.231,4.55,6.23,0.376,0.515,0.419,0.372,90.4,77.59
"2024-08-15 18:30:00",5093,13.05,403,1,0.193,3.81,5.17,0.315,0.427,0.375,0.308,90.5,80.9
"2024-08-15 19:00:00",5094,13.05,403,1,0.097,1.82,2.73,0.15,0.225,0.202,0.141,90,79.87
"2024-08-15 19:30:00",5095,13.05,403,1,0.011,0,0.62,0,0.051,0.046,-0.01,89.5,74.4
"2024-08-15 20:00:00",5096,13.05,403,1,-0.029,-0.82,-0.47,-0.07,-0.041,-0.028,-0.096,86.8,73.27
"2024-08-15 20:30:00",5097,13.04,403,1,-0.062,-1.57,-1.18,-0.131,-0.1,-0.098,-0.146,86.4,71.04
"2024-08-15 21:00:00",5098,13.03,403,1,-0.071,-1.64,-1.57,-0.138,-0.132,-0.105,-0.172,86.9,70.59
"2024-08-15 21:30:00",5099,13.03,403,1,-0.085,-2.05,-1.77,-0.171,-0.148,-0.138,-0.188,86.8,67.98
"2024-08-15 22:00:00",5100,13.02,403,1,-0.085,-1.92,-1.94,-0.161,-0.162,-0.128,-0.202,85.4,70.32
"2024-08-15 22:30:00",5101,13.02,403,1,-0.09,-2.05,-2.06,-0.171,-0.172,-0.145,-0.212,86.3,71.01
"2024-08-15 23:00:00",5102,13.01,403,1,-0.091,-2.08,-2.08,-0.174,-0.174,-0.141,-0.209,87.2,69.69
"2024-08-15 23:30:00",5103,13.01,403,1,-0.094,-2.16,-2.13,-0.181,-0.178,-0.148,-0.21,86.3,71.49
"2024-08-16 00:00:00",5104,13,403,1,-0.101,-2.34,-2.25,-0.196,-0.187,-0.169,-0.223,83.5,68.4
"2024-08-16 00:30:00",5105,13,403,1,-0.099,-2.29,-2.22,-0.191,-0.185,-0.149,-0.218,90.5,69.69
"2024-08-16 01:00:00",5106,13,403,1,-0.107,-2.5,-2.34,-0.209,-0.195,-0.182,-0.228,85.7,66.9
"2024-08-16 01:30:00",5107,13,403,1,-0.093,-2.06,-2.18,-0.173,-0.182,-0.129,-0.211,92.8,69.07
"2024-08-16 02:00:00",5108,13,403,1,-0.095,-2.05,-2.3,-0.171,-0.192,-0.128,-0.225,94.2,68.69
"2024-08-16 02:30:00",5109,12.99,403,1,-0.099,-2.25,-2.26,-0.187,-0.189,-0.154,-0.222,88.3,69.81
"2024-08-16 03:00:00",5110,12.99,403,1,-0.101,-2.33,-2.25,-0.194,-0.188,-0.161,-0.22,87.8,68.52
"2024-08-16 03:30:00",5111,12.99,403,1,-0.11,-2.57,-2.4,-0.214,-0.2,-0.186,-0.229,83.6,68.07
"2024-08-16 04:00:00",5112,12.99,403,1,-0.102,-2.27,-2.36,-0.19,-0.197,-0.16,-0.229,87.4,67.63
"2024-08-16 04:30:00",5113,12.99,403,1,-0.1,-2.26,-2.32,-0.188,-0.193,-0.151,-0.222,90,68.75
"2024-08-16 05:00:00",5114,12.99,403,1,-0.099,-2.2,-2.3,-0.184,-0.192,-0.146,-0.221,91.3,67.87
"2024-08-16 05:30:00",5115,12.99,403,1,-0.099,-2.27,-2.23,-0.19,-0.187,-0.157,-0.219,84.8,69.73
"2024-08-16 06:00:00",5116,12.98,403,1,-0.102,-2.33,-2.29,-0.195,-0.191,-0.162,-0.22,85.2,70.66
"2024-08-16 06:30:00",5117,12.98,403,1,-0.114,-2.75,-2.39,-0.229,-0.199,-0.198,-0.225,85.5,68.69
"2024-08-16 07:00:00",5118,12.98,403,1,-0.079,-1.77,-1.85,-0.149,-0.155,-0.103,-0.187,92.2,72.71
"2024-08-16 07:30:00",5119,12.98,403,1,-0.043,-1.15,-0.73,-0.097,-0.063,-0.043,-0.1,94.3,76.74
"2024-08-16 08:00:00",5120,12.98,403,1,0.011,0.04,0.56,0.003,0.046,0.074,0,97.3,78.02
"2024-08-16 08:30:00",5121,12.98,403,1,0.061,1.01,1.92,0.083,0.159,0.162,0.108,98.7,82.9
"2024-08-16 09:00:00",5122,12.98,403,1,0.102,1.78,3.05,0.147,0.252,0.234,0.197,103,83.7
"2024-08-16 09:30:00",5123,12.99,403,1,0.173,3.22,4.9,0.266,0.405,0.346,0.321,97.2,82.6
"2024-08-16 10:00:00",5124,13,403,1,0.269,5.48,7,0.452,0.579,0.56,0.458,109.8,79.83
"2024-08-16 10:30:00",5125,13,403,1,0.294,5.86,7.8,0.484,0.645,0.492,0.492,80.3,76.62
"2024-08-16 11:00:00",5126,13.01,403,1,0.314,6.35,8.21,0.524,0.678,0.536,0.515,82,74.07
"2024-08-16 11:30:00",5127,13.02,403,1,0.279,5.28,7.79,0.437,0.644,0.499,0.509,95.2,76.11
"2024-08-16 12:00:00",5128,13.02,403,1,0.246,4.47,7.12,0.37,0.588,0.4,0.51,85.9,78.03
"2024-08-16 12:30:00",5129,13.03,403,1,0.304,6.22,7.87,0.514,0.651,0.545,0.514,109.9,74.94
"2024-08-16 13:00:00",5130,13.03,403,1,0.35,7.54,8.53,0.622,0.705,0.598,0.508,79.93,73.79
"2024-08-16 13:30:00",5131,13.03,403,1,0.354,7.2,9.2,0.595,0.76,0.602,0.551,79.37,72.23
"2024-08-16 14:00:00",5132,13.03,403,1,0.349,7,9.18,0.579,0.758,0.587,0.549,81.3,72.16
"2024-08-16 14:30:00",5133,13.03,403,1,0.314,6.19,8.42,0.512,0.695,0.537,0.503,85.1,73.27
"2024-08-16 15:00:00",5134,13.04,403,1,0.33,6.6,8.76,0.545,0.723,0.565,0.525,84.4,72.84
"2024-08-16 15:30:00",5135,13.04,403,1,0.321,6.53,8.34,0.539,0.689,0.558,0.502,82.4,73.72
"2024-08-16 16:00:00",5136,13.04,403,1,0.319,6.42,8.39,0.53,0.693,0.547,0.5,83.8,74.45
"2024-08-16 16:30:00",5137,13.04,403,1,0.3,6,7.97,0.496,0.659,0.513,0.48,83.3,73.95
"2024-08-16 17:00:00",5138,13.04,403,1,0.248,4.93,6.6,0.407,0.545,0.447,0.393,87.1,78.22
"2024-08-16 17:30:00",5139,13.03,403,1,0.222,4.37,5.95,0.361,0.492,0.405,0.355,86.9,79.02
"2024-08-16 18:00:00",5140,13.03,403,1,0.167,3.24,4.57,0.267,0.377,0.322,0.266,90.9,80.3
"2024-08-16 18:30:00",5141,13.02,403,1,0.094,1.72,2.7,0.142,0.223,0.2,0.138,91.7,77.39
"2024-08-16 19:00:00",5142,13.02,403,1,0.013,0.04,0.69,0.004,0.057,0.059,-0.006,92.2,77.38
"2024-08-16 19:30:00",5143,13.01,403,1,-0.019,-0.66,-0.13,-0.057,-0.013,-0.007,-0.067,91.3,75.7
"2024-08-16 20:00:00",5144,13.01,403,1,-0.047,-1.22,-0.84,-0.103,-0.071,-0.057,-0.119,88.7,73.4
"2024-08-16 20:30:00",5145,13.01,403,1,-0.069,-1.73,-1.36,-0.145,-0.114,-0.115,-0.158,85.7,70.85
"2024-08-16 21:00:00",5146,13,403,1,-0.079,-1.88,-1.69,-0.157,-0.141,-0.121,-0.181,87.5,68.67
"2024-08-16 21:30:00",5147,13,403,1,-0.086,-2.01,-1.87,-0.167,-0.156,-0.134,-0.195,89.1,70.52
"2024-08-16 22:00:00",5148,12.99,403,1,-0.086,-1.99,-1.9,-0.167,-0.159,-0.126,-0.202,87.6,68.28
"2024-08-16 22:30:00",5149,12.98,403,1,-0.09,-2.08,-2.02,-0.174,-0.169,-0.132,-0.204,90.6,67.1
"2024-08-16 23:00:00",5150,12.98,403,1,-0.089,-1.98,-2.11,-0.166,-0.176,-0.129,-0.209,87.8,70.75
"2024-08-16 23:30:00",5151,12.98,403,1,-0.088,-1.99,-2.04,-0.167,-0.17,-0.131,-0.203,89.2,68.9
"2024-08-17 00:00:00",5152,12.97,403,1,-0.101,-2.37,-2.18,-0.198,-0.182,-0.171,-0.222,84.5,69.21
"2024-08-17 00:30:00",5153,12.97,403,1,-0.094,-2.09,-2.18,-0.175,-0.182,-0.134,-0.215,91.8,68.57
"2024-08-17 01:00:00",5154,12.97,403,1,-0.093,-2.04,-2.23,-0.171,-0.186,-0.138,-0.222,89.6,70.06
"2024-08-17 01:30:00",5155,12.97,403,1,-0.095,-2.13,-2.22,-0.178,-0.185,-0.135,-0.214,91.3,68.52
"2024-08-17 02:00:00",5156,12.96,403,1,-0.092,-2.08,-2.12,-0.174,-0.177,-0.13,-0.206,92.8,69.76
"2024-08-17 02:30:00",5157,12.96,403,1,-0.094,-2.15,-2.13,-0.18,-0.178,-0.136,-0.204,89.6,70.57
"2024-08-17 03:00:00",5158,12.96,403,1,-0.094,-2.13,-2.12,-0.178,-0.177,-0.131,-0.207,91.6,71.56
"2024-08-17 03:30:00",5159,12.96,403,1,-0.094,-2.16,-2.13,-0.18,-0.179,-0.143,-0.208,89.5,69.02
"2024-08-17 04:00:00",5160,12.96,403,1,-0.094,-2.15,-2.12,-0.18,-0.177,-0.143,-0.206,87.2,70.94
"2024-08-17 04:30:00",5161,12.96,403,1,-0.096,-2.18,-2.19,-0.182,-0.182,-0.155,-0.215,85.4,69.14
"2024-08-17 05:00:00",5162,12.96,403,1,-0.096,-2.19,-2.19,-0.183,-0.182,-0.146,-0.211,87.4,70.13
"2024-08-17 05:30:00",5163,12.95,403,1,-0.094,-2.13,-2.15,-0.178,-0.179,-0.142,-0.212,87.7,70.38
"2024-08-17 06:00:00",5164,12.96,403,1,-0.095,-2.15,-2.19,-0.179,-0.183,-0.142,-0.212,86.2,70.13
"2024-08-17 06:30:00",5165,12.96,403,1,-0.093,-2.06,-2.2,-0.172,-0.184,-0.136,-0.213,91,68.71
"2024-08-17 07:00:00",5166,12.96,403,1,-0.083,-1.91,-1.85,-0.16,-0.155,-0.109,-0.185,93.7,71.25
"2024-08-17 07:30:00",5167,12.95,403,1,-0.056,-1.35,-1.18,-0.113,-0.099,-0.056,-0.133,93.2,74.42
"2024-08-17 08:00:00",5168,12.95,403,1,-0.005,-0.35,0.2,-0.031,0.016,0.039,-0.026,98.6,78.34
"2024-08-17 08:30:00",5169,12.95,403,1,0.005,-0.06,0.41,-0.007,0.033,0.054,-0.013,96.6,76.35
"2024-08-17 09:00:00",5170,12.96,403,1,0.033,0.42,1.19,0.035,0.099,0.1,0.044,95.7,79.89
"2024-08-17 09:30:00",5171,12.96,403,1,0.043,0.64,1.44,0.054,0.119,0.113,0.06,95.8,77.49
"2024-08-17 10:00:00",5172,12.96,403,1,0.019,0.17,0.8,0.014,0.066,0.083,0.013,96.9,78.9
"2024-08-17 10:30:00",5173,12.96,403,1,0.037,0.52,1.27,0.042,0.106,0.108,0.051,97.4,81.3
"2024-08-17 11:00:00",5174,12.96,403,1,0.082,1.44,2.44,0.12,0.201,0.19,0.136,96.9,82.3
"2024-08-17 11:30:00",5175,12.96,403,1,0.126,2.27,3.68,0.188,0.304,0.269,0.236,97.3,81.7
"2024-08-17 12:00:00",5176,12.97,403,1,0.197,3.84,5.35,0.317,0.442,0.367,0.337,91.2,80.1
"2024-08-17 12:30:00",5177,12.96,403,1,0.21,4.02,5.79,0.332,0.478,0.396,0.369,93.8,80.5
"2024-08-17 13:00:00",5178,12.97,403,1,0.238,4.73,6.33,0.392,0.523,0.444,0.396,89.8,80.7
"2024-08-17 13:30:00",5179,12.97,403,1,0.26,5.14,6.98,0.425,0.576,0.467,0.438,87.6,77.28
"2024-08-17 14:00:00",5180,12.97,403,1,0.255,5.03,6.85,0.415,0.566,0.471,0.427,90,79.38
"2024-08-17 14:30:00",5181,12.97,403,1,0.308,6.08,8.25,0.502,0.682,0.519,0.512,82.4,78.47
"2024-08-17 15:00:00",5182,12.98,403,1,0.3,6.18,7.72,0.511,0.638,0.524,0.465,82.9,76.23
"2024-08-17 15:30:00",5183,12.98,403,1,0.168,3.33,4.47,0.275,0.369,0.333,0.264,90.7,78.33
"2024-08-17 16:00:00",5184,12.97,403,1,0.189,3.63,5.23,0.299,0.432,0.362,0.32,93.6,79.76
"2024-08-17 16:30:00",5185,12.97,403,1,0.2,3.94,5.39,0.325,0.446,0.403,0.331,100.3,79.75
"2024-08-17 17:00:00",5186,12.97,403,1,0.227,4.47,6.09,0.37,0.503,0.412,0.364,89.7,80.1
"2024-08-17 17:30:00",5187,12.97,403,1,0.199,3.85,5.44,0.319,0.449,0.377,0.324,92,79.18
"2024-08-17 18:00:00",5188,12.97,403,1,0.189,3.7,5.1,0.306,0.422,0.357,0.306,88.6,79.98
"2024-08-17 18:30:00",5189,12.96,403,1,0.153,2.94,4.2,0.243,0.348,0.299,0.248,90.1,82.7
"2024-08-17 19:00:00",5190,12.96,403,1,0.089,1.61,2.62,0.133,0.216,0.182,0.131,91.2,80.6
"2024-08-17 19:30:00",5191,12.96,403,1,0.01,-0.02,0.57,-0.004,0.047,0.053,-0.016,92.5,75.25
"2024-08-17 20:00:00",5192,12.96,403,1,-0.032,-0.89,-0.51,-0.076,-0.044,-0.028,-0.092,90.1,73.5
"2024-08-17 20:30:00",5193,12.95,403,1,-0.057,-1.39,-1.18,-0.117,-0.099,-0.078,-0.139,90.2,71.46
"2024-08-17 21:00:00",5194,12.95,403,1,-0.07,-1.7,-1.47,-0.142,-0.123,-0.103,-0.163,87.1,71.83
"2024-08-17 21:30:00",5195,12.94,403,1,-0.076,-1.78,-1.67,-0.15,-0.14,-0.11,-0.173,91.1,70.59
"2024-08-17 22:00:00",5196,12.94,403,1,-0.084,-1.94,-1.87,-0.162,-0.156,-0.112,-0.189,94.1,73.07
"2024-08-17 22:30:00",5197,12.94,403,1,-0.086,-1.97,-1.94,-0.165,-0.163,-0.121,-0.195,92.7,72.7
"2024-08-17 23:00:00",5198,12.94,403,1,-0.092,-2.11,-2.06,-0.176,-0.172,-0.135,-0.202,89.1,70.04
"2024-08-17 23:30:00",5199,12.93,403,1,-0.099,-2.32,-2.15,-0.193,-0.18,-0.155,-0.209,87.1,70.78
"2024-08-18 00:00:00",5200,12.93,403,1,-0.107,-2.48,-2.34,-0.207,-0.195,-0.172,-0.225,86.4,68.35
"2024-08-18 00:30:00",5201,12.93,403,1,-0.112,-2.65,-2.43,-0.221,-0.203,-0.193,-0.235,82.1,69.52
"2024-08-18 01:00:00",5202,12.93,403,1,-0.116,-2.72,-2.53,-0.227,-0.211,-0.199,-0.24,85,67.72
"2024-08-18 01:30:00",5203,12.92,403,1,-0.108,-2.4,-2.54,-0.201,-0.212,-0.163,-0.237,90.7,68.46
"2024-08-18 02:00:00",5204,12.92,403,1,-0.11,-2.46,-2.58,-0.205,-0.216,-0.171,-0.238,88.9,68.4
"2024-08-18 02:30:00",5205,12.92,403,1,-0.112,-2.55,-2.55,-0.212,-0.212,-0.178,-0.238,87.2,67.23
"2024-08-18 03:00:00",5206,12.92,403,1,-0.113,-2.57,-2.58,-0.214,-0.216,-0.176,-0.241,87.6,67.79
"2024-08-18 03:30:00",5207,12.92,403,1,-0.11,-2.44,-2.61,-0.204,-0.217,-0.169,-0.243,88.6,68.84
"2024-08-18 04:00:00",5208,12.92,403,1,-0.111,-2.5,-2.57,-0.208,-0.214,-0.173,-0.24,88.5,68.03
"2024-08-18 04:30:00",5209,12.92,403,1,-0.111,-2.51,-2.55,-0.209,-0.213,-0.175,-0.235,86.3,67.48
"2024-08-18 05:00:00",5210,12.92,403,1,-0.111,-2.5,-2.57,-0.208,-0.214,-0.18,-0.24,89.1,69.58
"2024-08-18 05:30:00",5211,12.91,403,1,-0.112,-2.5,-2.61,-0.209,-0.217,-0.17,-0.243,89.2,67.89
"2024-08-18 06:00:00",5212,12.91,403,1,-0.112,-2.48,-2.61,-0.207,-0.217,-0.169,-0.243,88.5,68.77
"2024-08-18 06:30:00",5213,12.91,403,1,-0.112,-2.54,-2.57,-0.212,-0.214,-0.18,-0.244,89.7,67.72
"2024-08-18 07:00:00",5214,12.91,403,1,-0.114,-2.55,-2.62,-0.213,-0.219,-0.186,-0.241,88.6,68.33
"2024-08-18 07:30:00",5215,12.91,403,1,-0.108,-2.4,-2.55,-0.2,-0.212,-0.166,-0.235,89.4,70.38
"2024-08-18 08:00:00",5216,12.9,403,1,-0.103,-2.3,-2.39,-0.192,-0.199,-0.158,-0.225,88,70.21
"2024-08-18 08:30:00",5217,12.91,403,1,-0.064,-1.47,-1.45,-0.124,-0.122,-0.078,-0.155,93.4,74.61
"2024-08-18 09:00:00",5218,12.91,403,1,-0.009,-0.44,0.08,-0.039,0.007,0.024,-0.035,94.8,75.79
"2024-08-18 09:30:00",5219,12.91,403,1,0.054,0.88,1.72,0.073,0.142,0.137,0.093,96.3,84
"2024-08-18 10:00:00",5220,12.91,403,1,0.115,1.92,3.59,0.159,0.296,0.252,0.252,109.5,84.5
"2024-08-18 10:30:00",5221,12.91,403,1,0.175,3.25,4.97,0.268,0.411,0.326,0.315,92.3,83.5
"2024-08-18 11:00:00",5222,12.92,403,1,0.218,4.29,5.86,0.354,0.484,0.411,0.376,92.7,80.3
"2024-08-18 11:30:00",5223,12.92,403,1,0.243,4.64,6.71,0.383,0.554,0.462,0.437,97.7,78.4
"2024-08-18 12:00:00",5224,12.92,403,1,0.236,4.64,6.35,0.383,0.524,0.407,0.396,84.9,79.78
"2024-08-18 12:30:00",5225,12.93,403,1,0.238,4.73,6.36,0.391,0.525,0.548,0.394,107.2,79.7
"2024-08-18 13:00:00",5226,12.93,403,1,0.246,4.69,6.79,0.387,0.561,0.433,0.445,86.7,77.81
"2024-08-18 13:30:00",5227,12.93,403,1,0.298,5.93,7.94,0.489,0.657,0.521,0.495,84.7,76.57
"2024-08-18 14:00:00",5228,12.93,403,1,0.281,5.65,7.41,0.466,0.612,0.495,0.451,84.1,76
"2024-08-18 14:30:00",5229,12.93,403,1,0.279,5.46,7.55,0.452,0.623,0.487,0.464,85.3,76.43
"2024-08-18 15:00:00",5230,12.93,403,1,0.267,5.17,7.3,0.427,0.603,0.478,0.452,88.4,76.55
"2024-08-18 15:30:00",5231,12.93,403,1,0.287,5.67,7.69,0.468,0.635,0.506,0.469,88.1,76.99
"2024-08-18 16:00:00",5232,12.93,403,1,0.294,5.77,7.92,0.477,0.654,0.505,0.481,84.3,75.63
"2024-08-18 16:30:00",5233,12.93,403,1,0.296,5.84,7.96,0.482,0.658,0.507,0.478,83.8,74.69
"2024-08-18 17:00:00",5234,12.93,403,1,0.264,5.3,6.99,0.438,0.577,0.468,0.419,86.3,76.18
"2024-08-18 17:30:00",5235,12.93,403,1,0.212,4.05,5.87,0.334,0.485,0.385,0.357,89.4,78.03
"2024-08-18 18:00:00",5236,12.93,403,1,0.109,1.99,3.17,0.165,0.261,0.221,0.177,94.5,80.4
"2024-08-18 18:30:00",5237,12.92,403,1,0.031,0.39,1.13,0.033,0.094,0.087,0.032,91.3,78.69
"2024-08-18 19:00:00",5238,12.92,403,1,-0.016,-0.61,-0.02,-0.052,-0.003,-0.004,-0.056,90.1,75.28
"2024-08-18 19:30:00",5239,12.91,403,1,-0.117,-3.73,-1.22,-0.31,-0.103,-0.377,-0.192,62.21,61.78
"2024-08-18 20:00:00",5240,12.9,403,1,-0.102,-2.61,-1.94,-0.217,-0.162,-0.219,-0.21,73.53,65.16
"2024-08-18 20:30:00",5241,12.9,403,1,-0.083,-1.71,-2.13,-0.143,-0.178,-0.088,-0.211,97.4,68.95
"2024-08-18 21:00:00",5242,12.89,403,1,-0.111,-2.71,-2.29,-0.226,-0.191,-0.202,-0.225,83.1,67.28
"2024-08-18 21:30:00",5243,12.88,403,1,-0.102,-2.19,-2.48,-0.182,-0.207,-0.148,-0.24,88.8,66.29
"2024-08-18 22:00:00",5244,12.88,403,1,-0.107,-2.37,-2.51,-0.198,-0.21,-0.171,-0.243,85.5,68.47
"2024-08-18 22:30:00",5245,12.88,403,1,-0.104,-2.32,-2.44,-0.194,-0.204,-0.144,-0.233,94.7,68.02
"2024-08-18 23:00:00",5246,12.87,403,1,-0.098,-2.06,-2.43,-0.173,-0.203,-0.123,-0.229,95.9,68.16
"2024-08-18 23:30:00",5247,12.87,403,1,-0.108,-2.43,-2.51,-0.202,-0.209,-0.167,-0.238,88.7,69.89
"2024-08-19 00:00:00",5248,12.86,403,1,-0.11,-2.53,-2.48,-0.21,-0.208,-0.178,-0.234,86.9,66.67
"2024-08-19 00:30:00",5249,12.87,403,1,-0.108,-2.48,-2.43,-0.208,-0.202,-0.18,-0.232,86.5,67.23
"2024-08-19 01:00:00",5250,12.86,403,1,-0.106,-2.36,-2.47,-0.196,-0.205,-0.162,-0.228,86.8,69.95
"2024-08-19 01:30:00",5251,12.87,403,1,-0.102,-2.26,-2.39,-0.189,-0.199,-0.151,-0.225,91.2,68.96
"2024-08-19 02:00:00",5252,12.86,403,1,-0.106,-2.46,-2.37,-0.205,-0.198,-0.17,-0.227,90,68.03
"2024-08-19 02:30:00",5253,12.87,403,1,-0.102,-2.25,-2.43,-0.187,-0.202,-0.145,-0.228,90.4,70.58
"2024-08-19 03:00:00",5254,12.86,403,1,-0.106,-2.46,-2.34,-0.204,-0.195,-0.17,-0.225,87.3,69.21
"2024-08-19 03:30:00",5255,12.86,403,1,-0.099,-2.2,-2.34,-0.184,-0.195,-0.146,-0.225,87.7,67.73
"2024-08-19 04:00:00",5256,12.86,403,1,-0.104,-2.33,-2.4,-0.194,-0.2,-0.16,-0.223,90.7,69.89
"2024-08-19 04:30:00",5257,12.86,403,1,-0.108,-2.48,-2.44,-0.207,-0.204,-0.172,-0.23,88.4,67.92
"2024-08-19 05:00:00",5258,12.86,403,1,-0.102,-2.34,-2.32,-0.196,-0.193,-0.161,-0.219,90.8,70.52
"2024-08-19 05:30:00",5259,12.86,403,1,-0.102,-2.33,-2.32,-0.195,-0.194,-0.152,-0.224,89.8,67.54
"2024-08-19 06:00:00",5260,12.86,403,1,-0.101,-2.3,-2.32,-0.193,-0.193,-0.158,-0.219,89.1,69.77
"2024-08-19 06:30:00",5261,12.86,403,1,-0.098,-2.25,-2.23,-0.187,-0.187,-0.152,-0.216,89.7,68.46
"2024-08-19 07:00:00",5262,12.85,403,1,-0.085,-1.97,-1.88,-0.164,-0.158,-0.124,-0.188,91.1,72.12
"2024-08-19 07:30:00",5263,12.86,403,1,-0.073,-1.76,-1.56,-0.147,-0.131,-0.099,-0.165,91.6,71.07
"2024-08-19 08:00:00",5264,12.85,403,1,-0.049,-1.22,-0.97,-0.103,-0.082,-0.053,-0.117,91.3,73.8
"2024-08-19 08:30:00",5265,12.86,403,1,0.001,-0.2,0.36,-0.018,0.031,0.042,-0.02,95.2,79.39
"2024-08-19 09:00:00",5266,12.86,403,1,0.037,0.48,1.37,0.039,0.114,0.107,0.058,95.5,80.2
"2024-08-19 09:30:00",5267,12.86,403,1,0.078,1.29,2.44,0.107,0.202,0.168,0.138,95.6,81.8
"2024-08-19 10:00:00",5268,12.86,403,1,0.125,2.65,3.12,0.219,0.258,0.383,0.186,109.6,83.8
"2024-08-19 10:30:00",5269,12.86,403,1,0.18,3.53,4.85,0.292,0.4,0.333,0.296,87.2,80.6
"2024-08-19 11:00:00",5270,12.86,403,1,0.219,4.23,6.01,0.35,0.496,0.404,0.378,89.1,79
"2024-08-19 11:30:00",5271,12.86,403,1,0.233,4.33,6.64,0.357,0.548,0.424,0.434,93.3,80.5
"2024-08-19 12:00:00",5272,12.87,403,1,0.236,4.5,6.56,0.372,0.542,0.45,0.483,104.8,82.5
"2024-08-19 12:30:00",5273,12.87,403,1,0.311,6.19,8.28,0.512,0.684,0.602,0.538,110,77
"2024-08-19 13:00:00",5274,12.87,403,1,0.478,11.84,9.62,0.978,0.796,0.705,0.514,70.84,71.64
"2024-08-19 13:30:00",5275,12.87,403,1,0.347,6.98,9.15,0.577,0.756,0.578,0.523,79.85,70.72
"2024-08-19 14:00:00",5276,12.87,403,1,0.355,7.2,9.26,0.595,0.765,0.591,0.538,79.27,71.89
"2024-08-19 14:30:00",5277,12.87,403,1,0.338,6.72,9.01,0.555,0.744,0.576,0.534,83.1,72.01
"2024-08-19 15:00:00",5278,12.87,403,1,0.322,6.47,8.48,0.535,0.7,0.552,0.509,84.2,74.86
"2024-08-19 15:30:00",5279,12.87,403,1,0.307,6.05,8.22,0.5,0.679,0.527,0.495,84.4,74.31
"2024-08-19 16:00:00",5280,12.88,403,1,0.301,5.87,8.15,0.485,0.674,0.52,0.493,85.7,75.37
"2024-08-19 16:30:00",5281,12.87,403,1,0.294,5.76,7.93,0.476,0.655,0.506,0.481,85.4,75.75
"2024-08-19 17:00:00",5282,12.87,403,1,0.262,5.34,6.82,0.441,0.564,0.458,0.405,85.9,75.3
"2024-08-19 17:30:00",5283,12.87,403,1,0.115,2.09,3.32,0.172,0.274,0.233,0.185,91.9,80.7
"2024-08-19 18:00:00",5284,12.86,403,1,0.042,0.63,1.41,0.052,0.117,0.111,0.052,91.3,78.5
"2024-08-19 18:30:00",5285,12.86,403,1,-0.042,-1.11,-0.75,-0.094,-0.064,-0.053,-0.113,89.1,74.07
"2024-08-19 19:00:00",5286,12.85,403,1,-0.088,-2.11,-1.88,-0.176,-0.157,-0.142,-0.193,85.7,67.68
"2024-08-19 19:30:00",5287,12.85,403,1,-0.101,-2.39,-2.19,-0.199,-0.183,-0.167,-0.213,87.9,66.68
"2024-08-19 20:00:00",5288,12.84,403,1,-0.1,-2.29,-2.27,-0.191,-0.189,-0.156,-0.219,89.2,68.98
"2024-08-19 20:30:00",5289,12.84,403,1,-0.104,-2.41,-2.32,-0.201,-0.193,-0.166,-0.223,89.6,68.54
"2024-08-19 21:00:00",5290,12.84,403,1,-0.099,-2.25,-2.29,-0.188,-0.191,-0.157,-0.222,87.2,68.16
"2024-08-19 21:30:00",5291,12.83,403,1,-0.106,-2.43,-2.37,-0.203,-0.198,-0.167,-0.228,87.9,66.86
"2024-08-19 22:00:00",5292,12.82,403,1,-0.108,-2.47,-2.41,-0.206,-0.202,-0.171,-0.232,86.5,67.17
"2024-08-19 22:30:00",5293,12.82,403,1,-0.111,-2.55,-2.48,-0.213,-0.207,-0.178,-0.236,85.7,69.39
"2024-08-19 23:00:00",5294,12.82,403,1,-0.111,-2.55,-2.51,-0.213,-0.21,-0.184,-0.239,86.6,67.78
"2024-08-19 23:30:00",5295,12.82,403,1,-0.112,-2.55,-2.53,-0.213,-0.211,-0.178,-0.244,90.1,69.38
"2024-08-20 00:00:00",5296,12.82,403,1,-0.111,-2.51,-2.54,-0.21,-0.212,-0.178,-0.242,88.7,68.45
"2024-08-20 00:30:00",5297,12.81,403,1,-0.109,-2.48,-2.5,-0.207,-0.209,-0.175,-0.235,88.9,67.64
"2024-08-20 01:00:00",5298,12.81,403,1,-0.107,-2.44,-2.44,-0.204,-0.204,-0.172,-0.233,88.1,69.31
"2024-08-20 01:30:00",5299,12.8,403,1,-0.107,-2.44,-2.43,-0.204,-0.202,-0.169,-0.233,88.6,68.08
"2024-08-20 02:00:00",5300,12.81,403,1,-0.102,-2.34,-2.32,-0.195,-0.193,-0.16,-0.227,88.6,69.31
"2024-08-20 02:30:00",5301,12.8,403,1,-0.108,-2.48,-2.41,-0.207,-0.201,-0.172,-0.231,88.6,69.81
"2024-08-20 03:00:00",5302,12.8,403,1,-0.104,-2.37,-2.37,-0.198,-0.198,-0.159,-0.228,87.5,69.26
"2024-08-20 03:30:00",5303,12.8,403,1,-0.103,-2.33,-2.37,-0.194,-0.198,-0.163,-0.228,88,67.02
"2024-08-20 04:00:00",5304,12.8,403,1,-0.103,-2.36,-2.33,-0.197,-0.195,-0.162,-0.225,87.4,67.14
"2024-08-20 04:30:00",5305,12.8,403,1,-0.104,-2.39,-2.33,-0.2,-0.194,-0.164,-0.225,87.4,67.34
"2024-08-20 05:00:00",5306,12.79,403,1,-0.105,-2.39,-2.39,-0.199,-0.199,-0.163,-0.233,89.5,69.26
"2024-08-20 05:30:00",5307,12.79,403,1,-0.103,-2.36,-2.34,-0.196,-0.195,-0.165,-0.225,87.9,67.88
"2024-08-20 06:00:00",5308,12.79,403,1,-0.104,-2.37,-2.37,-0.198,-0.198,-0.163,-0.228,86.5,68.99
"2024-08-20 06:30:00",5309,12.79,403,1,-0.102,-2.39,-2.26,-0.199,-0.189,-0.163,-0.219,87.3,69.06
"2024-08-20 07:00:00",5310,12.79,403,1,-0.086,-2.01,-1.91,-0.168,-0.16,-0.13,-0.194,89.3,69.06
"2024-08-20 07:30:00",5311,12.78,403,1,-0.066,-1.62,-1.38,-0.135,-0.116,-0.088,-0.154,92.7,72.47
"2024-08-20 08:00:00",5312,12.79,403,1,-0.044,-1.15,-0.79,-0.098,-0.068,-0.057,-0.117,89.9,73.4
"2024-08-20 08:30:00",5313,12.78,403,1,-0.037,-0.96,-0.69,-0.082,-0.059,-0.029,-0.101,91.9,73.39
"2024-08-20 09:00:00",5314,12.78,403,1,0.019,0.18,0.77,0.015,0.063,0.076,0.003,93,76.18
"2024-08-20 09:30:00",5315,12.78,403,1,0.068,1.19,2.06,0.099,0.17,0.186,0.113,105.8,81.3
"2024-08-20 10:00:00",5316,12.78,403,1,0.098,1.74,2.93,0.144,0.241,0.21,0.164,92.8,80.2
"2024-08-20 10:30:00",5317,12.78,403,1,0.129,2.3,3.82,0.19,0.316,0.284,0.234,106.3,83.3
"2024-08-20 11:00:00",5318,12.78,403,1,0.183,3.56,4.99,0.294,0.412,0.344,0.302,91.6,81
"2024-08-20 11:30:00",5319,12.78,403,1,0.167,3.19,4.61,0.264,0.381,0.338,0.288,96.3,82.7
"2024-08-20 12:00:00",5320,12.79,403,1,0.177,3.05,5.32,0.252,0.44,0.296,0.353,90.9,81.8
"2024-08-20 12:30:00",5321,12.78,403,1,0.223,4.3,6.11,0.356,0.504,0.404,0.389,86.8,78.16
"2024-08-20 13:00:00",5322,12.79,403,1,0.244,4.88,6.46,0.403,0.533,0.44,0.431,85.8,81.6
"2024-08-20 13:30:00",5323,12.78,403,1,0.262,5,7.24,0.414,0.598,0.493,0.452,98,76.48
"2024-08-20 14:00:00",5324,12.79,403,1,0.28,5.69,7.3,0.47,0.603,0.507,0.453,87,77.36
"2024-08-20 14:30:00",5325,12.79,403,1,0.276,5.62,7.19,0.464,0.594,0.494,0.44,85.3,76.17
"2024-08-20 15:00:00",5326,12.79,403,1,0.26,4.95,7.2,0.408,0.595,0.46,0.456,89.3,77.25
"2024-08-20 15:30:00",5327,12.79,403,1,0.265,5.3,7.02,0.437,0.58,0.486,0.434,88.4,77.8
"2024-08-20 16:00:00",5328,12.79,403,1,0.258,5.02,7.03,0.414,0.581,0.47,0.435,93,77.92
"2024-08-20 16:30:00",5329,12.79,403,1,0.254,4.93,6.92,0.407,0.572,0.452,0.426,89.8,76.93
"2024-08-20 17:00:00",5330,12.79,403,1,0.253,5.11,6.61,0.422,0.546,0.453,0.398,89,77.66
"2024-08-20 17:30:00",5331,12.79,403,1,0.217,4.37,5.73,0.361,0.474,0.405,0.343,90.4,77.28
"2024-08-20 18:00:00",5332,12.79,403,1,0.146,2.79,4.08,0.23,0.336,0.292,0.227,91.9,79.56
"2024-08-20 18:30:00",5333,12.78,403,1,0.095,1.72,2.79,0.143,0.23,0.207,0.146,92.3,81.4
"2024-08-20 19:00:00",5334,12.78,403,1,0.041,0.64,1.32,0.053,0.108,0.113,0.04,91.1,76.52
"2024-08-20 19:30:00",5335,12.77,403,1,-0.015,-0.54,-0.1,-0.046,-0.011,0.007,-0.065,91.2,75.64
"2024-08-20 20:00:00",5336,12.77,403,1,-0.053,-1.32,-1.05,-0.111,-0.089,-0.063,-0.134,91.4,71.86
"2024-08-20 20:30:00",5337,12.77,403,1,-0.075,-1.85,-1.49,-0.155,-0.125,-0.112,-0.17,89.2,69.93
"2024-08-20 21:00:00",5338,12.76,403,1,-0.082,-1.91,-1.78,-0.159,-0.149,-0.118,-0.187,91.3,70.3
"2024-08-20 21:30:00",5339,12.76,403,1,-0.088,-2.05,-1.97,-0.172,-0.164,-0.137,-0.202,86.2,70.91
"2024-08-20 22:00:00",5340,12.75,403,1,-0.091,-2.12,-2.01,-0.177,-0.168,-0.139,-0.206,88.6,67.07
"2024-08-20 22:30:00",5341,12.75,403,1,-0.094,-2.16,-2.09,-0.181,-0.175,-0.142,-0.209,89.2,69.24
"2024-08-20 23:00:00",5342,12.75,403,1,-0.105,-2.5,-2.26,-0.209,-0.188,-0.176,-0.222,86.3,68.23
"2024-08-20 23:30:00",5343,12.75,403,1,-0.096,-2.2,-2.18,-0.184,-0.182,-0.142,-0.216,90.5,68.29
"2024-08-21 00:00:00",5344,12.74,403,1,-0.109,-2.65,-2.27,-0.221,-0.19,-0.193,-0.232,86.4,66.12
"2024-08-21 00:30:00",5345,12.74,403,1,-0.105,-2.44,-2.3,-0.204,-0.192,-0.172,-0.229,85.8,69.01
"2024-08-21 01:00:00",5346,12.73,403,1,-0.1,-2.26,-2.27,-0.189,-0.19,-0.153,-0.223,91.2,67.7
"2024-08-21 01:30:00",5347,12.73,403,1,-0.098,-2.18,-2.32,-0.182,-0.193,-0.139,-0.227,91.5,67.27
"2024-08-21 02:00:00",5348,12.73,403,1,-0.094,-2.05,-2.23,-0.171,-0.186,-0.132,-0.224,92.1,67.45
"2024-08-21 02:30:00",5349,12.73,403,1,-0.092,-2.05,-2.13,-0.171,-0.178,-0.125,-0.209,92.2,70
"2024-08-21 03:00:00",5350,12.72,403,1,-0.098,-2.25,-2.2,-0.188,-0.184,-0.145,-0.219,91.1,69.09
"2024-08-21 03:30:00",5351,12.72,403,1,-0.098,-2.22,-2.23,-0.185,-0.187,-0.146,-0.217,90.6,68.4
"2024-08-21 04:00:00",5352,12.72,403,1,-0.099,-2.27,-2.25,-0.189,-0.187,-0.15,-0.218,87.3,69.82
"2024-08-21 04:30:00",5353,12.72,403,1,-0.098,-2.19,-2.26,-0.183,-0.189,-0.148,-0.219,87.3,70.32
"2024-08-21 05:00:00",5354,12.72,403,1,-0.1,-2.27,-2.26,-0.189,-0.188,-0.15,-0.219,91.5,69.26
"2024-08-21 05:30:00",5355,12.72,403,1,-0.097,-2.19,-2.23,-0.182,-0.187,-0.144,-0.214,90.2,70.44
"2024-08-21 06:00:00",5356,12.72,403,1,-0.1,-2.27,-2.26,-0.189,-0.189,-0.15,-0.223,91.1,69.07
"2024-08-21 06:30:00",5357,12.72,403,1,-0.098,-2.2,-2.27,-0.184,-0.19,-0.144,-0.22,91.4,68.21
"2024-08-21 07:00:00",5358,12.71,403,1,-0.079,-1.66,-1.97,-0.138,-0.164,-0.084,-0.202,95.6,69.18
"2024-08-21 07:30:00",5359,12.71,403,1,-0.055,-1.29,-1.18,-0.109,-0.1,-0.047,-0.134,98.9,73.96
"2024-08-21 08:00:00",5360,12.71,403,1,0.001,-0.2,0.38,-0.018,0.031,0.052,-0.017,97.3,80.2
"2024-08-21 08:30:00",5361,12.71,403,1,0.08,1.37,2.47,0.113,0.204,0.192,0.139,97.9,81.8
"2024-08-21 09:00:00",5362,12.71,403,1,0.139,2.62,3.92,0.216,0.325,0.288,0.248,96.8,82.2
"2024-08-21 09:30:00",5363,12.72,403,1,0.176,3.31,4.97,0.273,0.411,0.357,0.312,100.2,82.7
"2024-08-21 10:00:00",5364,12.72,403,1,0.174,2.93,5.38,0.242,0.444,0.327,0.377,96.2,84.4
"2024-08-21 10:30:00",5365,12.72,403,1,0.248,5.45,5.93,0.45,0.49,0.507,0.376,94.7,82.1
"2024-08-21 11:00:00",5366,12.72,403,1,0.262,5.37,6.75,0.444,0.558,0.494,0.417,90,76.89
"2024-08-21 11:30:00",5367,12.73,403,1,0.246,4.72,6.81,0.39,0.563,0.443,0.476,88,79.84
"2024-08-21 12:00:00",5368,12.73,403,1,0.229,4.4,6.33,0.363,0.523,0.437,0.483,109.8,84.8
"2024-08-21 12:30:00",5369,12.73,403,1,0.298,6.64,6.99,0.549,0.577,0.662,0.47,109.8,78.3
"2024-08-21 13:00:00",5370,12.74,403,1,0.366,8.64,7.9,0.714,0.653,0.554,0.453,74.31,73.13
"2024-08-21 13:30:00",5371,12.74,403,1,0.308,6.23,8.07,0.516,0.666,0.62,0.48,104.4,75.45
"2024-08-21 14:00:00",5372,12.74,403,1,0.301,6.02,7.96,0.498,0.657,0.524,0.482,85.5,75.63
"2024-08-21 14:30:00",5373,12.74,403,1,0.286,5.63,7.7,0.465,0.636,0.505,0.47,87.1,76
"2024-08-21 15:00:00",5374,12.74,403,1,0.283,5.59,7.56,0.462,0.625,0.506,0.465,89,78.11
"2024-08-21 15:30:00",5375,12.74,403,1,0.268,5.24,7.28,0.433,0.602,0.489,0.45,89.8,77.25
"2024-08-21 16:00:00",5376,12.74,403,1,0.29,6.09,7.31,0.504,0.604,0.508,0.427,83.1,76.67
"2024-08-21 16:30:00",5377,12.74,403,1,0.256,4.97,6.98,0.411,0.576,0.468,0.428,90.3,78.24
"2024-08-21 17:00:00",5378,12.74,403,1,0.255,5.09,6.79,0.42,0.562,0.457,0.414,85.5,77.86
"2024-08-21 17:30:00",5379,12.73,403,1,0.228,4.5,6.14,0.371,0.507,0.42,0.367,89.5,77.9
"2024-08-21 18:00:00",5380,12.74,403,1,0.198,3.89,5.32,0.322,0.44,0.372,0.317,90.7,79.58
"2024-08-21 18:30:00",5381,12.73,403,1,0.161,3.11,4.44,0.257,0.367,0.316,0.254,91.8,82.4
"2024-08-21 19:00:00",5382,12.73,403,1,0.106,1.99,3.01,0.164,0.249,0.229,0.163,91.8,80.5
"2024-08-21 19:30:00",5383,12.73,403,1,0.03,0.34,1.18,0.028,0.097,0.07,0.02,85.9,76.26
"2024-08-21 20:00:00",5384,12.72,403,1,-0.023,-0.62,-0.38,-0.054,-0.033,-0.012,-0.095,88.1,71.1
"2024-08-21 20:30:00",5385,12.72,403,1,-0.056,-1.39,-1.12,-0.117,-0.095,-0.072,-0.148,88,69.97
"2024-08-21 21:00:00",5386,12.71,403,1,-0.072,-1.7,-1.53,-0.142,-0.129,-0.103,-0.178,88.8,69.04
"2024-08-21 21:30:00",5387,12.71,403,1,-0.076,-1.7,-1.78,-0.143,-0.149,-0.101,-0.194,90.9,69.95
"2024-08-21 22:00:00",5388,12.7,403,1,-0.079,-1.76,-1.84,-0.147,-0.154,-0.11,-0.195,88.8,68.53
"2024-08-21 22:30:00",5389,12.7,403,1,-0.088,-2.04,-1.98,-0.17,-0.166,-0.139,-0.211,86,69.21
"2024-08-21 23:00:00",5390,12.7,403,1,-0.09,-2.05,-2.04,-0.171,-0.17,-0.126,-0.204,92.7,70.19
"2024-08-21 23:30:00",5391,12.69,403,1,-0.088,-1.98,-2.05,-0.166,-0.171,-0.121,-0.209,91.4,69.39
"2024-08-22 00:00:00",5392,12.68,403,1,-0.101,-2.44,-2.09,-0.203,-0.175,-0.169,-0.217,83.9,66.36
"2024-08-22 00:30:00",5393,12.68,403,1,-0.095,-2.22,-2.09,-0.185,-0.175,-0.154,-0.208,88.9,69.14
"2024-08-22 01:00:00",5394,12.68,403,1,-0.085,-1.85,-2.04,-0.155,-0.17,-0.107,-0.201,92.7,71
"2024-08-22 01:30:00",5395,12.67,403,1,-0.104,-2.54,-2.13,-0.212,-0.178,-0.192,-0.216,82.1,69.51
"2024-08-22 02:00:00",5396,12.68,403,1,-0.101,-2.36,-2.2,-0.197,-0.184,-0.165,-0.222,85.8,67.09
"2024-08-22 02:30:00",5397,12.67,403,1,-0.104,-2.5,-2.19,-0.208,-0.182,-0.175,-0.224,86.5,67.71
"2024-08-22 03:00:00",5398,12.67,403,1,-0.093,-2.12,-2.09,-0.178,-0.175,-0.139,-0.212,88.3,68.51
"2024-08-22 03:30:00",5399,12.67,403,1,-0.092,-2.06,-2.15,-0.173,-0.18,-0.141,-0.222,85.4,68.62
"2024-08-22 04:00:00",5400,12.67,403,1,-0.098,-2.23,-2.22,-0.186,-0.186,-0.151,-0.22,89.2,67.94
"2024-08-22 04:30:00",5401,12.66,403,1,-0.102,-2.33,-2.32,-0.194,-0.193,-0.162,-0.227,84.6,69.05
"2024-08-22 05:00:00",5402,12.66,403,1,-0.106,-2.57,-2.2,-0.214,-0.184,-0.174,-0.211,88.4,70.67
"2024-08-22 05:30:00",5403,12.66,403,1,-0.09,-1.97,-2.15,-0.164,-0.18,-0.116,-0.21,93.4,71.72
"2024-08-22 06:00:00",5404,12.66,403,1,-0.099,-2.19,-2.36,-0.182,-0.197,-0.143,-0.231,88.7,67.75
"2024-08-22 06:30:00",5405,12.66,403,1,-0.094,-2.11,-2.19,-0.176,-0.183,-0.134,-0.214,91.2,69.74
"2024-08-22 07:00:00",5406,12.66,403,1,-0.076,-1.7,-1.76,-0.143,-0.147,-0.095,-0.181,94.5,72.53
"2024-08-22 07:30:00",5407,12.65,403,1,-0.056,-1.32,-1.19,-0.111,-0.101,-0.048,-0.133,98.8,74.39
"2024-08-22 08:00:00",5408,12.65,403,1,0.009,-0.02,0.55,-0.004,0.045,0.072,-0.003,100.3,80.3
"2024-08-22 08:30:00",5409,12.66,403,1,0.02,0.17,0.87,0.014,0.072,0.093,0.029,104.3,82.3
"2024-08-22 09:00:00",5410,12.65,403,1,0.085,1.44,2.61,0.119,0.216,0.207,0.16,101.1,83.1
"2024-08-22 09:30:00",5411,12.66,403,1,0.167,3.15,4.71,0.26,0.389,0.395,0.305,109.8,83.6
"2024-08-22 10:00:00",5412,12.67,403,1,0.238,4.97,6,0.411,0.496,0.577,0.417,109.8,83.1
"2024-08-22 10:30:00",5413,12.67,403,1,0.278,5.84,6.99,0.482,0.577,0.566,0.455,97,78.73
"2024-08-22 11:00:00",5414,12.68,403,1,0.275,5.49,7.31,0.454,0.604,0.499,0.467,88.2,78.34
"2024-08-22 11:30:00",5415,12.67,403,1,0.253,4.9,6.92,0.405,0.572,0.451,0.47,86.2,77.57
"2024-08-22 12:00:00",5416,12.68,403,1,0.223,4.23,6.21,0.349,0.512,0.382,0.492,102.8,87.2
"2024-08-22 12:30:00",5417,12.69,403,1,0.279,5.87,6.99,0.485,0.578,0.508,0.478,89.1,77.96
"2024-08-22 13:00:00",5418,12.69,403,1,0.154,-99,8.21,-99,0.679,0.741,0.48,61.47,71.96
"2024-08-22 13:30:00",5419,12.7,403,1,0.283,5.03,8.34,0.415,0.689,0.487,0.529,104.5,75.99
"2024-08-22 14:00:00",5420,12.7,403,1,0.292,5.67,7.94,0.468,0.657,0.501,0.48,86.5,75.6
"2024-08-22 14:30:00",5421,12.7,403,1,0.312,6.33,8.15,0.523,0.674,0.539,0.484,85.2,74.1
"2024-08-22 15:00:00",5422,12.69,403,1,0.286,5.66,7.66,0.467,0.633,0.508,0.466,86.1,76.27
"2024-08-22 15:30:00",5423,12.69,403,1,0.282,5.45,7.73,0.451,0.638,0.497,0.474,89,76.9
"2024-08-22 16:00:00",5424,12.7,403,1,0.272,5.34,7.35,0.441,0.608,0.48,0.441,88,75.4
"2024-08-22 16:30:00",5425,12.69,403,1,0.279,5.52,7.48,0.456,0.618,0.496,0.451,87.3,76.15
"2024-08-22 17:00:00",5426,12.7,403,1,0.254,4.96,6.91,0.41,0.571,0.453,0.422,87.5,76.63
"2024-08-22 17:30:00",5427,12.69,403,1,0.242,4.82,6.44,0.398,0.532,0.443,0.387,90,77.68
"2024-08-22 18:00:00",5428,12.69,403,1,0.211,4.15,5.7,0.342,0.471,0.395,0.339,90.2,78.85
"2024-08-22 18:30:00",5429,12.68,403,1,0.179,3.5,4.88,0.29,0.403,0.343,0.284,91.9,80.1
"2024-08-22 19:00:00",5430,12.68,403,1,0.118,2.19,3.35,0.181,0.277,0.243,0.187,92.4,80.8
"2024-08-22 19:30:00",5431,12.68,403,1,0.034,0.49,1.19,0.041,0.098,0.087,0.021,88.7,77.59
"2024-08-22 20:00:00",5432,12.67,403,1,-0.032,-0.94,-0.42,-0.08,-0.037,-0.039,-0.095,88.7,71.86
"2024-08-22 20:30:00",5433,12.67,403,1,-0.057,-1.35,-1.21,-0.114,-0.102,-0.072,-0.149,89.9,72.4
"2024-08-22 21:00:00",5434,12.66,403,1,-0.077,-1.9,-1.56,-0.159,-0.131,-0.131,-0.18,81.5,68.18
"2024-08-22 21:30:00",5435,12.66,403,1,-0.092,-2.29,-1.83,-0.191,-0.152,-0.162,-0.194,82.1,68.99
"2024-08-22 22:00:00",5436,12.65,403,1,-0.089,-2.08,-1.98,-0.174,-0.166,-0.143,-0.204,86.6,68.55
"2024-08-22 22:30:00",5437,12.64,403,1,-0.108,-2.69,-2.16,-0.224,-0.18,-0.198,-0.218,83.8,69.29
"2024-08-22 23:00:00",5438,12.64,403,1,-0.093,-2.04,-2.2,-0.17,-0.184,-0.125,-0.218,90.9,66.93
"2024-08-22 23:30:00",5439,12.64,403,1,-0.09,-1.98,-2.15,-0.165,-0.179,-0.123,-0.21,93.3,68.79
"2024-08-23 00:00:00",5440,12.64,403,1,-0.104,-2.43,-2.29,-0.202,-0.191,-0.162,-0.229,87.4,69.58
"2024-08-23 00:30:00",5441,12.63,403,1,-0.096,-2.15,-2.25,-0.18,-0.187,-0.134,-0.218,91.1,68.41
"2024-08-23 01:00:00",5442,12.63,403,1,-0.1,-2.27,-2.29,-0.19,-0.191,-0.157,-0.226,88.8,68.04
"2024-08-23 01:30:00",5443,12.62,403,1,-0.102,-2.3,-2.36,-0.193,-0.197,-0.176,-0.231,84,67.22
"2024-08-23 02:00:00",5444,12.62,403,1,-0.098,-2.23,-2.25,-0.186,-0.188,-0.155,-0.218,86.2,69.38
"2024-08-23 02:30:00",5445,12.62,403,1,-0.094,-2.09,-2.18,-0.175,-0.182,-0.125,-0.216,91,69.01
"2024-08-23 03:00:00",5446,12.62,403,1,-0.096,-2.25,-2.11,-0.187,-0.176,-0.152,-0.211,88.9,68.4
"2024-08-23 03:30:00",5447,12.62,403,1,-0.088,-1.95,-2.05,-0.163,-0.172,-0.114,-0.203,94.7,69.7
"2024-08-23 04:00:00",5448,12.62,403,1,-0.09,-1.97,-2.13,-0.164,-0.178,-0.118,-0.213,90.1,69.08
"2024-08-23 04:30:00",5449,12.61,403,1,-0.089,-1.97,-2.09,-0.164,-0.175,-0.125,-0.206,87.8,70.06
"2024-08-23 05:00:00",5450,12.61,403,1,-0.092,-2.05,-2.15,-0.171,-0.179,-0.139,-0.218,87.8,67.83
"2024-08-23 05:30:00",5451,12.61,403,1,-0.089,-2.05,-2.01,-0.171,-0.167,-0.134,-0.198,90.4,70.14
"2024-08-23 06:00:00",5452,12.61,403,1,-0.089,-1.98,-2.09,-0.165,-0.174,-0.123,-0.21,91,68.52
"2024-08-23 06:30:00",5453,12.6,403,1,-0.096,-2.18,-2.19,-0.182,-0.183,-0.146,-0.218,85.1,69.01
"2024-08-23 07:00:00",5454,12.6,403,1,-0.048,-1.07,-1.11,-0.09,-0.094,-0.033,-0.137,92.5,72.22
"2024-08-23 07:30:00",5455,12.6,403,1,0.022,0.21,0.92,0.018,0.076,0.091,0.023,100.8,80
"2024-08-23 08:00:00",5456,12.59,403,1,0.061,0.98,1.95,0.081,0.16,0.17,0.107,102.8,82.3
"2024-08-23 08:30:00",5457,12.6,403,1,0.127,2.3,3.71,0.19,0.306,0.276,0.234,102,84.7
"2024-08-23 09:00:00",5458,12.6,403,1,0.195,3.66,5.51,0.302,0.455,0.383,0.355,95.6,82.5
"2024-08-23 09:30:00",5459,12.6,403,1,0.195,3.74,5.37,0.31,0.444,0.392,0.386,109.8,87.3
"2024-08-23 10:00:00",5460,12.61,403,1,0.179,2.76,5.84,0.228,0.482,0.286,0.402,88.4,81.3
"2024-08-23 10:30:00",5461,12.62,403,1,0.282,5.73,7.35,0.473,0.608,0.48,0.469,80.4,76.27
"2024-08-23 11:00:00",5462,12.62,403,1,0.296,6.02,7.69,0.497,0.636,0.514,0.493,82.9,77.51
"2024-08-23 11:30:00",5463,12.63,403,1,0.24,4.38,6.89,0.363,0.569,0.377,0.488,80.5,78.85
"2024-08-23 12:00:00",5464,12.64,403,1,0.223,4.31,6.11,0.356,0.504,0.397,0.5,105.5,88.7
"2024-08-23 12:30:00",5465,12.64,403,1,0.292,6.36,7.02,0.525,0.58,0.544,0.477,83.2,78.54
"2024-08-23 13:00:00",5466,12.64,403,1,0.487,13.88,7.35,1.147,0.607,0.496,0.452,62.85,74.84
"2024-08-23 13:30:00",5467,12.64,403,1,0.27,4.58,8.24,0.379,0.681,0.407,0.513,109.8,75.82
"2024-08-23 14:00:00",5468,12.64,403,1,0.327,6.7,8.45,0.554,0.698,0.553,0.487,83.8,73.69
"2024-08-23 14:30:00",5469,12.65,403,1,0.298,5.77,8.15,0.477,0.673,0.517,0.483,87.2,75.6
"2024-08-23 15:00:00",5470,12.64,403,1,0.266,5.45,6.85,0.45,0.566,0.475,0.395,85.4,76.27
"2024-08-23 15:30:00",5471,12.65,403,1,0.218,3.74,6.6,0.309,0.545,0.386,0.423,102.2,79.45
"2024-08-23 16:00:00",5472,12.65,403,1,0.289,6.02,7.33,0.498,0.605,0.503,0.429,83.7,76.28
"2024-08-23 16:30:00",5473,12.64,403,1,0.268,5.27,7.2,0.435,0.594,0.473,0.433,86.5,76.65
"2024-08-23 17:00:00",5474,12.64,403,1,0.268,5.38,7.07,0.445,0.584,0.471,0.422,85.4,76.33
"2024-08-23 17:30:00",5475,12.64,403,1,0.23,4.52,6.22,0.374,0.514,0.423,0.368,89.4,79.8
"2024-08-23 18:00:00",5476,12.64,403,1,0.2,3.88,5.45,0.32,0.45,0.374,0.318,91.1,77.75
"2024-08-23 18:30:00",5477,12.64,403,1,0.163,3.11,4.52,0.257,0.374,0.316,0.26,91.9,79.79
"2024-08-23 19:00:00",5478,12.63,403,1,0.11,1.99,3.19,0.164,0.264,0.221,0.165,91.6,79.78
"2024-08-23 19:30:00",5479,12.62,403,1,0.029,0.39,1.05,0.032,0.087,0.086,0.014,91.7,76.6
"2024-08-23 20:00:00",5480,12.62,403,1,-0.024,-0.69,-0.37,-0.059,-0.033,-0.019,-0.084,88.9,73.86
"2024-08-23 20:30:00",5481,12.62,403,1,-0.059,-1.45,-1.22,-0.122,-0.103,-0.08,-0.153,88.7,70.62
"2024-08-23 21:00:00",5482,12.61,403,1,-0.075,-1.78,-1.59,-0.15,-0.133,-0.115,-0.183,88,66.95
"2024-08-23 21:30:00",5483,12.6,403,1,-0.082,-1.94,-1.76,-0.161,-0.147,-0.126,-0.186,89,69.74
"2024-08-23 22:00:00",5484,12.6,403,1,-0.083,-1.85,-1.94,-0.155,-0.162,-0.105,-0.201,91.6,69.61
"2024-08-23 22:30:00",5485,12.6,403,1,-0.096,-2.29,-2.04,-0.191,-0.17,-0.15,-0.209,88.4,68.36
"2024-08-23 23:00:00",5486,12.59,403,1,-0.09,-2.08,-2.02,-0.173,-0.169,-0.151,-0.204,84.8,68.24
"2024-08-23 23:30:00",5487,12.59,403,1,-0.084,-1.83,-2.02,-0.152,-0.169,-0.098,-0.2,99,72.01
"2024-08-24 00:00:00",5488,12.58,403,1,-0.1,-2.36,-2.16,-0.197,-0.181,-0.177,-0.219,80.3,68.42
"2024-08-24 00:30:00",5489,12.58,403,1,-0.085,-1.83,-2.06,-0.152,-0.172,-0.107,-0.207,90.3,68.6
"2024-08-24 01:00:00",5490,12.58,403,1,-0.104,-2.48,-2.19,-0.208,-0.183,-0.183,-0.218,85.5,68.96
"2024-08-24 01:30:00",5491,12.57,403,1,-0.098,-2.3,-2.15,-0.192,-0.179,-0.156,-0.218,86.5,70.75
"2024-08-24 02:00:00",5492,12.57,403,1,-0.092,-2.09,-2.11,-0.174,-0.176,-0.143,-0.207,85.1,69.33
"2024-08-24 02:30:00",5493,12.57,403,1,-0.087,-1.9,-2.08,-0.159,-0.174,-0.116,-0.213,90.1,67.33
"2024-08-24 03:00:00",5494,12.57,403,1,-0.093,-2.08,-2.15,-0.174,-0.18,-0.135,-0.215,90.3,69.82
"2024-08-24 03:30:00",5495,12.57,403,1,-0.096,-2.16,-2.19,-0.18,-0.183,-0.144,-0.218,86.4,68.58
"2024-08-24 04:00:00",5496,12.56,403,1,-0.093,-2.09,-2.15,-0.175,-0.18,-0.136,-0.207,89.1,71.61
"2024-08-24 04:30:00",5497,12.56,403,1,-0.091,-1.99,-2.18,-0.167,-0.182,-0.122,-0.209,94.8,69.82
"2024-08-24 05:00:00",5498,12.56,403,1,-0.094,-2.09,-2.22,-0.175,-0.185,-0.132,-0.216,89.9,69.63
"2024-08-24 05:30:00",5499,12.55,403,1,-0.11,-2.57,-2.4,-0.214,-0.2,-0.189,-0.234,83.7,68.95
"2024-08-24 06:00:00",5500,12.55,403,1,-0.095,-2.15,-2.16,-0.179,-0.181,-0.136,-0.216,92.5,69.25
"2024-08-24 06:30:00",5501,12.55,403,1,-0.096,-2.11,-2.3,-0.176,-0.192,-0.134,-0.223,93.7,68.21
"2024-08-24 07:00:00",5502,12.54,403,1,-0.071,-1.54,-1.7,-0.13,-0.143,-0.084,-0.182,94.1,70.68
"2024-08-24 07:30:00",5503,12.55,403,1,-0.043,-1.1,-0.84,-0.093,-0.071,-0.039,-0.107,95.1,74.09
"2024-08-24 08:00:00",5504,12.54,403,1,-0.002,-0.23,0.21,-0.021,0.018,0.06,-0.024,104.3,79.3
"2024-08-24 08:30:00",5505,12.55,403,1,0.063,1.05,1.98,0.087,0.164,0.174,0.11,104,84.8
"2024-08-24 09:00:00",5506,12.55,403,1,0.117,2.09,3.46,0.172,0.286,0.265,0.225,103.4,84.1
"2024-08-24 09:30:00",5507,12.56,403,1,0.198,3.88,5.35,0.32,0.443,0.448,0.365,109.4,84.9
"2024-08-24 10:00:00",5508,12.56,403,1,0.2,3.66,5.79,0.302,0.478,0.365,0.383,91,82.1
"2024-08-24 10:30:00",5509,12.56,403,1,0.235,4.69,6.22,0.388,0.513,0.456,0.4,92.4,81.3
"2024-08-24 11:00:00",5510,12.57,403,1,0.265,5.17,7.17,0.427,0.592,0.48,0.465,88.7,79.05
"2024-08-24 11:30:00",5511,12.57,403,1,0.266,5.3,7.07,0.438,0.584,0.441,0.472,77.73,78.04
"2024-08-24 12:00:00",5512,12.58,403,1,0.261,5.31,6.79,0.438,0.562,0.533,0.492,105.4,80.6
"2024-08-24 12:30:00",5513,12.58,403,1,0.312,6.47,7.96,0.535,0.657,0.578,0.492,93.2,74.39
"2024-08-24 13:00:00",5514,12.59,403,1,0.44,11.68,7.79,0.966,0.643,0.592,0.477,66.88,73.41
"2024-08-24 13:30:00",5515,12.59,403,1,0.249,3.99,7.89,0.33,0.651,0.357,0.532,109.8,78.87
"2024-08-24 14:00:00",5516,12.59,403,1,0.329,6.82,8.39,0.564,0.693,0.552,0.49,80.9,73.07
"2024-08-24 14:30:00",5517,12.59,403,1,0.295,5.87,7.86,0.485,0.649,0.516,0.476,85.3,75.18
"2024-08-24 15:00:00",5518,12.59,403,1,0.3,5.98,7.97,0.494,0.659,0.525,0.478,86.1,76.23
"2024-08-24 15:30:00",5519,12.59,403,1,0.275,5.28,7.58,0.436,0.626,0.487,0.469,88.3,77.23
"2024-08-24 16:00:00",5520,12.59,403,1,0.238,4.51,6.61,0.373,0.547,0.437,0.404,94.3,77.47
"2024-08-24 16:30:00",5521,12.59,403,1,0.255,5.07,6.81,0.419,0.563,0.457,0.412,86.2,78.28
"2024-08-24 17:00:00",5522,12.59,403,1,0.228,4.43,6.23,0.366,0.515,0.42,0.375,88.7,77.64
"2024-08-24 17:30:00",5523,12.58,403,1,0.206,3.92,5.7,0.324,0.471,0.382,0.345,91.1,78.51
"2024-08-24 18:00:00",5524,12.58,403,1,0.177,3.38,4.89,0.279,0.404,0.33,0.29,89.5,78.68
"2024-08-24 18:30:00",5525,12.58,403,1,0.132,2.44,3.75,0.201,0.31,0.257,0.21,90.7,78.86
"2024-08-24 19:00:00",5526,12.57,403,1,0.061,0.99,1.96,0.082,0.162,0.139,0.085,92.3,79.97
"2024-08-24 19:30:00",5527,12.57,403,1,-0.014,-0.63,0.08,-0.055,0.007,-0.021,-0.056,84.7,72.63
"2024-08-24 20:00:00",5528,12.56,403,1,-0.049,-1.22,-1,-0.103,-0.084,-0.07,-0.132,85.4,72.31
"2024-08-24 20:30:00",5529,12.56,403,1,-0.074,-1.74,-1.6,-0.146,-0.134,-0.103,-0.177,89.6,70.37
"2024-08-24 21:00:00",5530,12.56,403,1,-0.09,-2.13,-1.94,-0.179,-0.162,-0.147,-0.208,84.8,68.51
"2024-08-24 21:30:00",5531,12.55,403,1,-0.091,-2.11,-2.05,-0.176,-0.171,-0.132,-0.207,93.6,68.63
"2024-08-24 22:00:00",5532,12.55,403,1,-0.1,-2.37,-2.15,-0.198,-0.18,-0.165,-0.218,85.8,68.5
"2024-08-24 22:30:00",5533,12.54,403,1,-0.098,-2.25,-2.19,-0.187,-0.182,-0.151,-0.217,86.8,69.24
"2024-08-24 23:00:00",5534,12.54,403,1,-0.105,-2.48,-2.29,-0.207,-0.191,-0.173,-0.226,86.5,68.24
"2024-08-24 23:30:00",5535,12.53,403,1,-0.103,-2.37,-2.29,-0.198,-0.191,-0.175,-0.222,83.2,69.11
"2024-08-25 00:00:00",5536,12.53,403,1,-0.114,-2.74,-2.41,-0.228,-0.201,-0.206,-0.236,82.9,67.61
"2024-08-25 00:30:00",5537,12.53,403,1,-0.102,-2.32,-2.3,-0.194,-0.192,-0.162,-0.227,87.1,69.6
"2024-08-25 01:00:00",5538,12.52,403,1,-0.107,-2.47,-2.37,-0.206,-0.197,-0.17,-0.233,89.9,65.69
"2024-08-25 01:30:00",5539,12.52,403,1,-0.107,-2.53,-2.32,-0.211,-0.194,-0.183,-0.225,85,68.97
"2024-08-25 02:00:00",5540,12.51,403,1,-0.1,-2.2,-2.39,-0.184,-0.199,-0.139,-0.231,92.8,69.57
"2024-08-25 02:30:00",5541,12.51,403,1,-0.109,-2.58,-2.36,-0.215,-0.197,-0.187,-0.229,84.2,67.66
"2024-08-25 03:00:00",5542,12.51,403,1,-0.106,-2.4,-2.44,-0.2,-0.204,-0.168,-0.235,84.6,68.78
"2024-08-25 03:30:00",5543,12.51,403,1,-0.108,-2.43,-2.48,-0.203,-0.207,-0.162,-0.234,89.8,68.04
"2024-08-25 04:00:00",5544,12.51,403,1,-0.112,-2.64,-2.41,-0.22,-0.201,-0.187,-0.233,89,68.97
"2024-08-25 04:30:00",5545,12.51,403,1,-0.102,-2.3,-2.36,-0.192,-0.196,-0.156,-0.231,90.3,69.03
"2024-08-25 05:00:00",5546,12.51,403,1,-0.114,-2.61,-2.55,-0.218,-0.212,-0.189,-0.24,87.7,68.22
"2024-08-25 05:30:00",5547,12.5,403,1,-0.116,-2.72,-2.53,-0.227,-0.211,-0.193,-0.246,87.4,67.17
"2024-08-25 06:00:00",5548,12.5,403,1,-0.112,-2.55,-2.55,-0.213,-0.213,-0.179,-0.244,87.4,66.36
"2024-08-25 06:30:00",5549,12.5,403,1,-0.122,-2.97,-2.51,-0.248,-0.21,-0.217,-0.245,85.8,67.79
"2024-08-25 07:00:00",5550,12.5,403,1,-0.095,-2.15,-2.16,-0.18,-0.18,-0.14,-0.216,91.2,69.22
"2024-08-25 07:30:00",5551,12.5,403,1,-0.08,-1.91,-1.69,-0.16,-0.141,-0.107,-0.173,101.8,71.39
"2024-08-25 08:00:00",5552,12.49,403,1,-0.04,-1.03,-0.75,-0.087,-0.063,-0.02,-0.096,106.5,77.84
"2024-08-25 08:30:00",5553,12.49,403,1,0.034,0.42,1.25,0.035,0.104,0.12,0.063,105.8,84
"2024-08-25 09:00:00",5554,12.49,403,1,0.099,1.72,2.96,0.142,0.244,0.233,0.189,102.4,85.6
"2024-08-25 09:30:00",5555,12.5,403,1,0.172,3.57,4.37,0.295,0.361,0.423,0.305,109.9,88.9
"2024-08-25 10:00:00",5556,12.51,403,1,0.143,1.86,5.14,0.154,0.425,0.182,0.355,83,81.3
"2024-08-25 10:30:00",5557,12.51,403,1,0.223,4.3,6.11,0.355,0.504,0.432,0.407,94.1,81.5
"2024-08-25 11:00:00",5558,12.51,403,1,0.299,6.29,7.49,0.52,0.619,0.537,0.472,82.1,76.71
"2024-08-25 11:30:00",5559,12.52,403,1,0.269,5.53,6.92,0.457,0.572,0.568,0.452,107.9,77.19
"2024-08-25 12:00:00",5560,12.53,403,1,0.313,7.03,7.24,0.581,0.598,0.526,0.454,77.29,76.36
"2024-08-25 12:30:00",5561,12.53,403,1,0.29,6.15,7.2,0.508,0.595,0.646,0.459,109.8,80.6
"2024-08-25 13:00:00",5562,12.53,403,1,0.348,8.59,7.02,0.71,0.58,0.488,0.416,69.79,76.31
"2024-08-25 13:30:00",5563,12.54,403,1,0.226,3.91,6.79,0.323,0.561,0.409,0.465,110,83.7
"2024-08-25 14:00:00",5564,12.53,403,1,0.311,6.21,8.24,0.513,0.68,0.53,0.474,83.1,74.25
"2024-08-25 14:30:00",5565,12.53,403,1,0.303,5.95,8.14,0.492,0.673,0.518,0.488,83.4,74.24
"2024-08-25 15:00:00",5566,12.54,403,1,0.304,6.04,8.08,0.498,0.668,0.53,0.485,87.4,76.3
"2024-08-25 15:30:00",5567,12.54,403,1,0.279,5.38,7.65,0.444,0.632,0.491,0.472,89,75.69
"2024-08-25 16:00:00",5568,12.54,403,1,0.287,5.73,7.61,0.474,0.628,0.504,0.459,84.5,77.61
"2024-08-25 16:30:00",5569,12.54,403,1,0.269,5.37,7.16,0.443,0.591,0.482,0.429,86.8,76.92
"2024-08-25 17:00:00",5570,12.53,403,1,0.241,4.73,6.49,0.392,0.536,0.435,0.39,88.3,77.41
"2024-08-25 17:30:00",5571,12.53,403,1,0.206,3.94,5.7,0.325,0.471,0.374,0.34,92,80.4
"2024-08-25 18:00:00",5572,12.53,403,1,0.167,3.15,4.68,0.261,0.386,0.314,0.272,91.3,81.4
"2024-08-25 18:30:00",5573,12.52,403,1,0.112,2.03,3.25,0.167,0.268,0.225,0.174,91.6,79.3
"2024-08-25 19:00:00",5574,12.52,403,1,0.04,0.55,1.41,0.046,0.117,0.096,0.042,89.6,78.29
"2024-08-25 19:30:00",5575,12.52,403,1,-0.024,-0.76,-0.24,-0.065,-0.022,-0.02,-0.079,88.5,75.68
"2024-08-25 20:00:00",5576,12.51,403,1,-0.058,-1.39,-1.24,-0.117,-0.105,-0.068,-0.152,93.5,71.2
"2024-08-25 20:30:00",5577,12.5,403,1,-0.085,-2.08,-1.74,-0.174,-0.146,-0.137,-0.186,86.7,68.89
"2024-08-25 21:00:00",5578,12.5,403,1,-0.084,-1.94,-1.9,-0.163,-0.158,-0.12,-0.193,89.8,70.57
"2024-08-25 21:30:00",5579,12.5,403,1,-0.094,-2.19,-2.06,-0.183,-0.172,-0.151,-0.215,88,67.52
"2024-08-25 22:00:00",5580,12.49,403,1,-0.097,-2.2,-2.23,-0.184,-0.186,-0.141,-0.218,90.8,68.76
"2024-08-25 22:30:00",5581,12.48,403,1,-0.097,-2.18,-2.25,-0.182,-0.188,-0.155,-0.22,87.7,69.19
"2024-08-25 23:00:00",5582,12.48,403,1,-0.105,-2.43,-2.33,-0.203,-0.194,-0.158,-0.226,93.4,69.43
"2024-08-25 23:30:00",5583,12.48,403,1,-0.107,-2.51,-2.33,-0.209,-0.194,-0.181,-0.226,85.5,70.49
"2024-08-26 00:00:00",5584,12.48,403,1,-0.114,-2.68,-2.47,-0.223,-0.206,-0.197,-0.237,87.4,67.38
"2024-08-26 00:30:00",5585,12.48,403,1,-0.105,-2.39,-2.41,-0.199,-0.202,-0.163,-0.23,91.9,68.93
"2024-08-26 01:00:00",5586,12.47,403,1,-0.108,-2.47,-2.44,-0.205,-0.203,-0.173,-0.235,88.9,69.42
"2024-08-26 01:30:00",5587,12.47,403,1,-0.11,-2.48,-2.54,-0.207,-0.212,-0.166,-0.243,89.6,66.32
"2024-08-26 02:00:00",5588,12.47,403,1,-0.113,-2.62,-2.5,-0.219,-0.208,-0.194,-0.236,84.4,67.38
"2024-08-26 02:30:00",5589,12.47,403,1,-0.11,-2.53,-2.47,-0.21,-0.206,-0.177,-0.234,92.6,68.38
"2024-08-26 03:00:00",5590,12.46,403,1,-0.104,-2.27,-2.48,-0.189,-0.207,-0.142,-0.231,94.5,68.74
"2024-08-26 03:30:00",5591,12.46,403,1,-0.106,-2.32,-2.54,-0.193,-0.212,-0.157,-0.24,95.5,69.55
"2024-08-26 04:00:00",5592,12.46,403,1,-0.112,-2.6,-2.48,-0.217,-0.207,-0.184,-0.239,90.5,69.49
"2024-08-26 04:30:00",5593,12.46,403,1,-0.109,-2.5,-2.47,-0.208,-0.206,-0.179,-0.234,86.9,68.92
"2024-08-26 05:00:00",5594,12.46,403,1,-0.108,-2.47,-2.46,-0.206,-0.205,-0.165,-0.233,94,68.56
"2024-08-26 05:30:00",5595,12.45,403,1,-0.103,-2.3,-2.39,-0.193,-0.199,-0.149,-0.231,92.2,70.9
"2024-08-26 06:00:00",5596,12.45,403,1,-0.116,-2.72,-2.51,-0.227,-0.21,-0.192,-0.238,89.2,70.9
"2024-08-26 06:30:00",5597,12.45,403,1,-0.11,-2.51,-2.51,-0.209,-0.21,-0.176,-0.234,89.4,70.1
"2024-08-26 07:00:00",5598,12.45,403,1,-0.091,-2.13,-1.99,-0.179,-0.167,-0.135,-0.199,90.6,71.34
"2024-08-26 07:30:00",5599,12.45,403,1,-0.035,-0.96,-0.58,-0.081,-0.05,-0.014,-0.087,98.7,77.23
"2024-08-26 08:00:00",5600,12.45,403,1,-0.002,-0.37,0.39,-0.033,0.032,0.042,-0.01,103.1,79.66
"2024-08-26 08:30:00",5601,12.45,403,1,0.013,0,0.73,0,0.06,0.077,0.017,103,83.2
"2024-08-26 09:00:00",5602,12.45,403,1,0.041,0.56,1.47,0.046,0.121,0.128,0.08,103.3,82.7
"2024-08-26 09:30:00",5603,12.45,403,1,0.084,1.36,2.68,0.112,0.222,0.257,0.175,109.9,86.1
"2024-08-26 10:00:00",5604,12.46,403,1,0.193,4.5,4.26,0.372,0.352,0.455,0.299,107.3,87.3
"2024-08-26 10:30:00",5605,12.46,403,1,0.194,3.87,5.14,0.319,0.425,0.368,0.328,89.7,82.8
"2024-08-26 11:00:00",5606,12.47,403,1,0.218,4.24,5.94,0.351,0.491,0.417,0.385,94.2,80.1
"2024-08-26 11:30:00",5607,12.47,403,1,0.229,4.4,6.3,0.364,0.521,0.423,0.403,92,81.9
"2024-08-26 12:00:00",5608,12.47,403,1,0.255,4.93,7,0.407,0.579,0.488,0.455,98.9,79.85
"2024-08-26 12:30:00",5609,12.47,403,1,0.284,5.53,7.72,0.457,0.638,0.487,0.492,84.6,76.68
"2024-08-26 13:00:00",5610,12.48,403,1,0.279,5.62,7.33,0.464,0.606,0.477,0.457,83.4,76.5
"2024-08-26 13:30:00",5611,12.48,403,1,0.295,5.88,7.83,0.486,0.648,0.56,0.496,97.7,78.66
"2024-08-26 14:00:00",5612,12.48,403,1,0.307,5.91,8.42,0.489,0.696,0.518,0.524,83.1,75
"2024-08-26 14:30:00",5613,12.48,403,1,0.331,6.68,8.66,0.552,0.715,0.571,0.522,81.9,73.76
"2024-08-26 15:00:00",5614,12.48,403,1,0.312,6.14,8.39,0.507,0.693,0.531,0.516,83.1,74.94
"2024-08-26 15:30:00",5615,12.48,403,1,0.296,5.53,8.36,0.458,0.691,0.494,0.512,85.6,75.5
"2024-08-26 16:00:00",5616,12.48,403,1,0.282,5.9,7.12,0.487,0.588,0.494,0.416,81.3,77.15
"2024-08-26 16:30:00",5617,12.48,403,1,0.038,0.8,0.97,0.067,0.08,0.074,0,79.26,72.88
"2024-08-26 17:00:00",5618,12.47,403,1,0.01,-0.07,0.66,-0.008,0.055,0.058,-0.007,95.9,78.1
"2024-08-26 17:30:00",5619,12.46,403,1,0.128,2.34,3.7,0.193,0.305,0.258,0.212,94.9,81.8
"2024-08-26 18:00:00",5620,12.46,403,1,0.102,1.82,3.03,0.151,0.249,0.213,0.155,92.9,81.8
"2024-08-26 18:30:00",5621,12.45,403,1,0.015,0,0.84,0,0.069,0.06,0.01,94.1,76.3
"2024-08-26 19:00:00",5622,12.45,403,1,-0.054,-1.39,-1.01,-0.117,-0.085,-0.07,-0.13,91.3,72.01
"2024-08-26 19:30:00",5623,12.45,403,1,-0.077,-1.88,-1.57,-0.157,-0.132,-0.11,-0.165,93.6,73.32
"2024-08-26 20:00:00",5624,12.45,403,1,-0.087,-2.05,-1.87,-0.171,-0.156,-0.131,-0.192,91.9,69.91
"2024-08-26 20:30:00",5625,12.44,403,1,-0.096,-2.29,-2.06,-0.191,-0.173,-0.155,-0.205,87.3,70.27
"2024-08-26 21:00:00",5626,12.44,403,1,-0.1,-2.34,-2.16,-0.195,-0.181,-0.159,-0.217,87.9,69.84
"2024-08-26 21:30:00",5627,12.44,403,1,-0.1,-2.34,-2.19,-0.195,-0.182,-0.154,-0.215,88.5,68.48
"2024-08-26 22:00:00",5628,12.44,403,1,-0.1,-2.3,-2.22,-0.193,-0.185,-0.16,-0.221,89.9,68.1
"2024-08-26 22:30:00",5629,12.43,403,1,-0.108,-2.55,-2.34,-0.213,-0.195,-0.179,-0.224,83.9,68.83
"2024-08-26 23:00:00",5630,12.43,403,1,-0.108,-2.57,-2.29,-0.214,-0.191,-0.184,-0.22,85.6,68.28
"2024-08-26 23:30:00",5631,12.42,403,1,-0.104,-2.43,-2.29,-0.202,-0.191,-0.164,-0.219,86.2,70.94
"2024-08-27 00:00:00",5632,12.43,403,1,-0.108,-2.53,-2.39,-0.21,-0.199,-0.177,-0.227,88.1,68.08
"2024-08-27 00:30:00",5633,12.42,403,1,-0.109,-2.53,-2.43,-0.21,-0.203,-0.177,-0.231,87.2,69.2
"2024-08-27 01:00:00",5634,12.42,403,1,-0.108,-2.47,-2.43,-0.206,-0.203,-0.168,-0.236,87.3,69.26
"2024-08-27 01:30:00",5635,12.42,403,1,-0.111,-2.58,-2.43,-0.215,-0.202,-0.182,-0.235,87.7,67.96
"2024-08-27 02:00:00",5636,12.42,403,1,-0.115,-2.64,-2.58,-0.22,-0.215,-0.191,-0.248,84.1,67.77
"2024-08-27 02:30:00",5637,12.41,403,1,-0.116,-2.65,-2.61,-0.221,-0.217,-0.184,-0.242,85.6,68.57
"2024-08-27 03:00:00",5638,12.41,403,1,-0.114,-2.6,-2.61,-0.217,-0.217,-0.183,-0.242,89.2,70.38
"2024-08-27 03:30:00",5639,12.41,403,1,-0.114,-2.6,-2.57,-0.216,-0.214,-0.182,-0.242,89.3,67.28
"2024-08-27 04:00:00",5640,12.41,403,1,-0.113,-2.57,-2.58,-0.214,-0.215,-0.18,-0.244,91.5,69.76
"2024-08-27 04:30:00",5641,12.4,403,1,-0.114,-2.6,-2.6,-0.217,-0.216,-0.179,-0.245,90.1,69.58
"2024-08-27 05:00:00",5642,12.41,403,1,-0.113,-2.55,-2.6,-0.212,-0.216,-0.178,-0.241,91.3,69.02
"2024-08-27 05:30:00",5643,12.4,403,1,-0.114,-2.64,-2.55,-0.22,-0.213,-0.187,-0.242,87.2,67.22
"2024-08-27 06:00:00",5644,12.4,403,1,-0.117,-2.65,-2.65,-0.221,-0.221,-0.183,-0.249,92.4,67.22
"2024-08-27 06:30:00",5645,12.4,403,1,-0.116,-2.64,-2.62,-0.22,-0.219,-0.186,-0.248,88.4,67.89
"2024-08-27 07:00:00",5646,12.4,403,1,-0.12,-2.72,-2.72,-0.227,-0.227,-0.192,-0.252,89.4,68.64
"2024-08-27 07:30:00",5647,12.4,403,1,-0.115,-2.62,-2.61,-0.219,-0.217,-0.177,-0.239,94.7,67.96
"2024-08-27 08:00:00",5648,12.4,403,1,-0.091,-2.12,-1.98,-0.177,-0.165,-0.125,-0.19,94,71.76
"2024-08-27 08:30:00",5649,12.39,403,1,-0.033,-0.96,-0.47,-0.081,-0.04,-0.019,-0.082,94.9,76.11
"2024-08-27 09:00:00",5650,12.4,403,1,0.052,0.71,1.81,0.059,0.15,0.141,0.092,100.6,82.3
"2024-08-27 09:30:00",5651,12.4,403,1,0.102,1.75,3.1,0.145,0.256,0.237,0.192,104,84.7
"2024-08-27 10:00:00",5652,12.41,403,1,0.171,3.64,4.23,0.301,0.349,0.383,0.311,98.3,87.2
"2024-08-27 10:30:00",5653,12.41,403,1,0.232,4.52,6.29,0.374,0.52,0.394,0.398,83.9,80.5
"2024-08-27 11:00:00",5654,12.41,403,1,0.269,5.32,7.2,0.44,0.595,0.468,0.452,84.5,76.87
"2024-08-27 11:30:00",5655,12.41,403,1,0.244,4.48,7,0.37,0.579,0.399,0.534,109.8,86.2
"2024-08-27 12:00:00",5656,12.42,403,1,0.338,7.23,8.34,0.597,0.688,0.644,0.514,91.3,77.17
"2024-08-27 12:30:00",5657,12.42,403,1,0.321,6.42,8.48,0.53,0.701,0.568,0.546,109.8,78.08
"2024-08-27 13:00:00",5658,12.42,403,1,1.095,36.84,8.99,3.045,0.744,0.992,0.493,65.53,70.81
"2024-08-27 13:30:00",5659,12.42,403,1,0.36,7.56,9.02,0.625,0.746,0.636,0.53,82.9,72.31
"2024-08-27 14:00:00",5660,12.42,403,1,0.332,6.77,8.6,0.56,0.711,0.569,0.514,83.1,73.97
"2024-08-27 14:30:00",5661,12.43,403,1,0.318,6.21,8.64,0.513,0.714,0.548,0.509,86.6,73.47
"2024-08-27 15:00:00",5662,12.43,403,1,0.296,5.72,8.11,0.472,0.67,0.504,0.493,85,76.15
"2024-08-27 15:30:00",5663,12.43,403,1,0.29,5.65,7.87,0.466,0.651,0.509,0.489,88.8,75.91
"2024-08-27 16:00:00",5664,12.43,403,1,0.294,5.87,7.8,0.484,0.645,0.517,0.471,85.1,75.53
"2024-08-27 16:30:00",5665,12.43,403,1,0.261,5.16,6.99,0.426,0.577,0.466,0.427,87.3,77.13
"2024-08-27 17:00:00",5666,12.42,403,1,0.204,4.01,5.52,0.331,0.456,0.387,0.334,92.7,80.6
"2024-08-27 17:30:00",5667,12.42,403,1,0.168,3.21,4.64,0.265,0.383,0.326,0.273,92.5,81.7
"2024-08-27 18:00:00",5668,12.42,403,1,0.153,2.87,4.31,0.237,0.356,0.296,0.25,92.6,79.52
"2024-08-27 18:30:00",5669,12.42,403,1,0.128,2.38,3.66,0.197,0.302,0.255,0.203,92.9,81.3
"2024-08-27 19:00:00",5670,12.41,403,1,0.089,1.55,2.66,0.128,0.22,0.183,0.134,90.3,79.44
"2024-08-27 19:30:00",5671,12.41,403,1,0,-0.27,0.41,-0.025,0.034,0.024,-0.029,92.6,76.57
"2024-08-27 20:00:00",5672,12.4,403,1,-0.044,-1.18,-0.76,-0.099,-0.065,-0.056,-0.114,90.6,73.03
"2024-08-27 20:30:00",5673,12.4,403,1,-0.063,-1.59,-1.22,-0.133,-0.103,-0.093,-0.148,88,70.47
"2024-08-27 21:00:00",5674,12.39,403,1,-0.079,-1.95,-1.6,-0.163,-0.134,-0.125,-0.175,86.7,71.14
"2024-08-27 21:30:00",5675,12.39,403,1,-0.084,-2.04,-1.74,-0.17,-0.145,-0.134,-0.19,90.5,69.47
"2024-08-27 22:00:00",5676,12.38,403,1,-0.091,-2.19,-1.91,-0.183,-0.16,-0.145,-0.2,88.3,68.8
"2024-08-27 22:30:00",5677,12.37,403,1,-0.096,-2.32,-2.04,-0.193,-0.17,-0.157,-0.203,87.3,69.96
"2024-08-27 23:00:00",5678,12.37,403,1,-0.1,-2.33,-2.19,-0.194,-0.183,-0.161,-0.22,86.4,68.66
"2024-08-27 23:30:00",5679,12.37,403,1,-0.105,-2.48,-2.27,-0.207,-0.189,-0.169,-0.218,86.9,68.59
"2024-08-28 00:00:00",5680,12.37,403,1,-0.104,-2.41,-2.3,-0.202,-0.193,-0.169,-0.221,90.5,68.96
"2024-08-28 00:30:00",5681,12.37,403,1,-0.11,-2.58,-2.37,-0.216,-0.198,-0.182,-0.234,86.8,68.77
"2024-08-28 01:00:00",5682,12.36,403,1,-0.11,-2.55,-2.46,-0.212,-0.205,-0.174,-0.233,90.6,67.85
"2024-08-28 01:30:00",5683,12.36,403,1,-0.11,-2.6,-2.4,-0.216,-0.2,-0.182,-0.233,87.6,68.28
"2024-08-28 02:00:00",5684,12.36,403,1,-0.109,-2.47,-2.5,-0.206,-0.208,-0.167,-0.236,90.9,67.92
"2024-08-28 02:30:00",5685,12.36,403,1,-0.108,-2.48,-2.44,-0.208,-0.204,-0.169,-0.229,87.9,67.17
"2024-08-28 03:00:00",5686,12.35,403,1,-0.107,-2.46,-2.41,-0.204,-0.201,-0.166,-0.231,90.4,68.65
"2024-08-28 03:30:00",5687,12.35,403,1,-0.107,-2.47,-2.39,-0.206,-0.2,-0.168,-0.229,91.2,69.46
"2024-08-28 04:00:00",5688,12.35,403,1,-0.107,-2.43,-2.43,-0.202,-0.203,-0.164,-0.232,91.7,67.91
"2024-08-28 04:30:00",5689,12.35,403,1,-0.107,-2.44,-2.41,-0.204,-0.201,-0.166,-0.226,89.9,68.59
"2024-08-28 05:00:00",5690,12.35,403,1,-0.103,-2.39,-2.3,-0.199,-0.192,-0.162,-0.221,87.8,68.53
"2024-08-28 05:30:00",5691,12.35,403,1,-0.097,-2.23,-2.16,-0.187,-0.181,-0.149,-0.207,90.8,69.83
"2024-08-28 06:00:00",5692,12.35,403,1,-0.096,-2.23,-2.12,-0.187,-0.177,-0.145,-0.206,91.4,72.63
"2024-08-28 06:30:00",5693,12.35,403,1,-0.096,-2.23,-2.11,-0.186,-0.176,-0.145,-0.205,89.8,72.26
"2024-08-28 07:00:00",5694,12.35,403,1,-0.076,-1.81,-1.62,-0.152,-0.135,-0.104,-0.172,93.2,73.68
"2024-08-28 07:30:00",5695,12.34,403,1,-0.059,-1.42,-1.24,-0.119,-0.105,-0.068,-0.142,94.4,71.39
"2024-08-28 08:00:00",5696,12.34,403,1,-0.018,-0.65,-0.1,-0.055,-0.011,0.014,-0.046,105.3,77.79
"2024-08-28 08:30:00",5697,12.35,403,1,0.05,0.71,1.72,0.059,0.143,0.137,0.095,101,82.7
"2024-08-28 09:00:00",5698,12.35,403,1,0.115,1.99,3.46,0.165,0.286,0.245,0.215,98.7,83.7
"2024-08-28 09:30:00",5699,12.35,403,1,0.168,3.18,4.72,0.263,0.39,0.352,0.305,103.1,83.5
"2024-08-28 10:00:00",5700,12.36,403,1,0.21,4.4,5.28,0.363,0.437,0.439,0.366,96.1,83.2
"2024-08-28 10:30:00",5701,12.36,403,1,0.219,4.31,5.88,0.356,0.486,0.411,0.372,88.6,79.97
"2024-08-28 11:00:00",5702,12.36,403,1,0.2,3.7,5.7,0.306,0.471,0.412,0.37,109.3,84
"2024-08-28 11:30:00",5703,12.36,403,1,0.268,5.37,7.09,0.443,0.586,0.457,0.453,81.2,78
"2024-08-28 12:00:00",5704,12.37,403,1,0.22,4.31,5.93,0.356,0.49,0.428,0.362,95.2,78.36
"2024-08-28 12:30:00",5705,12.36,403,1,0.274,5.51,7.23,0.455,0.597,0.575,0.465,109.9,78.95
"2024-08-28 13:00:00",5706,12.37,403,1,0.313,7.12,7.13,0.588,0.589,0.445,0.407,71.59,73.89
"2024-08-28 13:30:00",5707,12.37,403,1,0.309,6.33,7.97,0.523,0.659,0.528,0.467,83.1,74.73
"2024-08-28 14:00:00",5708,12.37,403,1,0.302,6.09,7.93,0.504,0.655,0.531,0.481,84.5,74.65
"2024-08-28 14:30:00",5709,12.36,403,1,0.306,6.01,8.27,0.496,0.683,0.53,0.508,85.7,75.28
"2024-08-28 15:00:00",5710,12.37,403,1,0.289,5.53,8,0.457,0.661,0.496,0.496,88,74.61
"2024-08-28 15:30:00",5711,12.37,403,1,0.264,5.24,7.05,0.432,0.582,0.479,0.424,90.6,76.52
"2024-08-28 16:00:00",5712,12.37,403,1,0.232,4.52,6.32,0.374,0.522,0.424,0.385,90.4,77.76
"2024-08-28 16:30:00",5713,12.37,403,1,0.2,3.85,5.49,0.318,0.453,0.376,0.331,90.8,79.18
"2024-08-28 17:00:00",5714,12.36,403,1,0.156,2.9,4.45,0.24,0.368,0.3,0.26,94.6,80.7
"2024-08-28 17:30:00",5715,12.36,403,1,0.11,1.95,3.25,0.16,0.269,0.223,0.183,92.7,79.86
"2024-08-28 18:00:00",5716,12.36,403,1,0.075,1.26,2.33,0.104,0.192,0.165,0.119,92.6,80.5
"2024-08-28 18:30:00",5717,12.36,403,1,0.099,1.74,2.98,0.143,0.246,0.203,0.166,92.2,80.6
"2024-08-28 19:00:00",5718,12.35,403,1,0.08,1.34,2.48,0.111,0.205,0.169,0.126,92.3,79.66
"2024-08-28 19:30:00",5719,12.35,403,1,0.009,-0.13,0.69,-0.012,0.056,0.036,-0.007,91.2,75.36
"2024-08-28 20:00:00",5720,12.34,403,1,-0.048,-1.32,-0.8,-0.111,-0.068,-0.068,-0.113,91.3,73.49
"2024-08-28 20:30:00",5721,12.34,403,1,-0.061,-1.54,-1.17,-0.13,-0.099,-0.094,-0.14,90.7,70.21
"2024-08-28 21:00:00",5722,12.34,403,1,-0.073,-1.84,-1.4,-0.154,-0.118,-0.108,-0.156,90.1,70.76
"2024-08-28 21:30:00",5723,12.34,403,1,-0.08,-1.95,-1.63,-0.164,-0.137,-0.119,-0.174,92.7,70.44
"2024-08-28 22:00:00",5724,12.33,403,1,-0.083,-1.99,-1.74,-0.166,-0.145,-0.129,-0.182,91,69.02
"2024-08-28 22:30:00",5725,12.33,403,1,-0.083,-2.01,-1.73,-0.167,-0.144,-0.122,-0.182,90.4,71.81
"2024-08-28 23:00:00",5726,12.33,403,1,-0.082,-1.98,-1.71,-0.165,-0.143,-0.121,-0.18,90.9,72.11
"2024-08-28 23:30:00",5727,12.33,403,1,-0.085,-2.05,-1.77,-0.171,-0.148,-0.13,-0.181,91.6,72.85
"2024-08-29 00:00:00",5728,12.32,403,1,-0.087,-2.05,-1.87,-0.172,-0.156,-0.131,-0.189,90.2,71.18
"2024-08-29 00:30:00",5729,12.32,403,1,-0.087,-2.05,-1.87,-0.171,-0.156,-0.126,-0.186,91.3,70.81
"2024-08-29 01:00:00",5730,12.32,403,1,-0.092,-2.22,-1.95,-0.185,-0.164,-0.144,-0.201,89,71.23
"2024-08-29 01:30:00",5731,12.32,403,1,-0.091,-2.2,-1.91,-0.185,-0.16,-0.143,-0.193,88.7,70.86
"2024-08-29 02:00:00",5732,12.31,403,1,-0.085,-2.05,-1.77,-0.172,-0.148,-0.127,-0.182,93.3,70.31
"2024-08-29 02:30:00",5733,12.31,403,1,-0.085,-2.04,-1.83,-0.17,-0.152,-0.132,-0.19,89.7,72.11
"2024-08-29 03:00:00",5734,12.31,403,1,-0.087,-2.08,-1.83,-0.174,-0.153,-0.136,-0.191,88.2,71.36
"2024-08-29 03:30:00",5735,12.3,403,1,-0.085,-2.02,-1.83,-0.169,-0.153,-0.128,-0.186,89.8,69.57
"2024-08-29 04:00:00",5736,12.31,403,1,-0.09,-2.13,-1.92,-0.179,-0.161,-0.137,-0.195,89.3,70.48
"2024-08-29 04:30:00",5737,12.3,403,1,-0.096,-2.25,-2.12,-0.188,-0.177,-0.145,-0.207,88.8,70.79
"2024-08-29 05:00:00",5738,12.3,403,1,-0.099,-2.34,-2.12,-0.196,-0.177,-0.158,-0.206,89.3,70.78
"2024-08-29 05:30:00",5739,12.3,403,1,-0.096,-2.25,-2.12,-0.188,-0.177,-0.149,-0.207,88,70.91
"2024-08-29 06:00:00",5740,12.3,403,1,-0.095,-2.27,-1.99,-0.19,-0.167,-0.156,-0.205,85.4,69.54
"2024-08-29 06:30:00",5741,12.29,403,1,-0.088,-2.05,-1.92,-0.171,-0.161,-0.13,-0.195,91.3,70.73
"2024-08-29 07:00:00",5742,12.29,403,1,-0.06,-1.43,-1.28,-0.121,-0.108,-0.077,-0.15,92.5,70.96
"2024-08-29 07:30:00",5743,12.29,403,1,-0.017,-0.59,-0.12,-0.051,-0.011,0.011,-0.058,96.6,77.36
"2024-08-29 08:00:00",5744,12.29,403,1,0.06,0.88,2.03,0.073,0.167,0.154,0.106,100.5,82.5
"2024-08-29 08:30:00",5745,12.29,403,1,0.12,2.1,3.59,0.174,0.296,0.259,0.216,99,82.4
"2024-08-29 09:00:00",5746,12.29,403,1,0.171,3.11,4.95,0.257,0.408,0.335,0.306,98.2,80.4
"2024-08-29 09:30:00",5747,12.29,403,1,0.212,4.06,5.87,0.336,0.485,0.411,0.379,98.1,81
"2024-08-29 10:00:00",5748,12.29,403,1,0.168,2.37,5.79,0.195,0.478,0.28,0.399,110,81
"2024-08-29 10:30:00",5749,12.3,403,1,0.286,6.08,7.09,0.502,0.586,0.539,0.439,92.4,77.83
"2024-08-29 11:00:00",5750,12.3,403,1,0.264,5.18,7.13,0.428,0.589,0.546,0.462,109.9,78.94
"2024-08-29 11:30:00",5751,12.3,403,1,0.294,5.84,7.82,0.483,0.645,0.521,0.52,109.9,79.15
"2024-08-29 12:00:00",5752,12.3,403,1,0.307,6.22,8.01,0.514,0.662,0.488,0.481,76.62,73.95
"2024-08-29 12:30:00",5753,12.31,403,1,0.31,6.29,8.07,0.52,0.667,0.553,0.484,86.7,75.62
"2024-08-29 13:00:00",5754,12.31,403,1,0.349,7.66,8.32,0.633,0.688,0.522,0.478,73.67,72.99
"2024-08-29 13:30:00",5755,12.31,403,1,0.315,6.61,7.94,0.546,0.656,0.554,0.474,82.5,76.31
"2024-08-29 14:00:00",5756,12.31,403,1,0.282,6.04,6.93,0.499,0.573,0.513,0.403,87.5,77.89
"2024-08-29 14:30:00",5757,12.31,403,1,0.27,5.39,7.14,0.445,0.591,0.479,0.426,85.4,76.52
"2024-08-29 15:00:00",5758,12.31,403,1,0.282,5.55,7.56,0.458,0.624,0.493,0.451,88,77.65
