"TOA5","CR300Series_401","CR300","27022","CR300-RF407.Std.10.04","CPU:CR300_sapflow.CR300","32345","Table1"
"TIMESTAMP","RECORD","BattV_Min","id","SDI0","SapFlwTot0","VhOuter0","VhInner0","AlphaOut0","AlphaIn0","BetaOut0","BetaIn0","tMaxTout0","tMaxTin0"
"TS","RN","Volts","","","literPerHour","heatVelocity","heatVelocity","logTRatio","logTRatio","logTRatio","logTRatio","second","second"
"","","Min","Smp","Smp","Smp","Smp","Smp","Smp","Smp","Smp","Smp","Smp","Smp"
"2024-10-31 12:30:00",8055,13.29,401,0,0.648,0.77,2.32,0.068,0.206,-99,0.071,-99,56.68
"2024-10-31 13:00:00",8056,13.27,401,0,0.676,0.5,2.74,0.044,0.243,0,0.011,54.3,46.57
"2024-10-31 13:30:00",8057,13.26,401,0,0.923,1.21,3.19,0.107,0.283,0.087,0.053,59.45,48.14
"2024-10-31 14:00:00",8058,13.25,401,0,1.006,1.58,3.2,0.139,0.283,0.094,0.041,59.15,47.16
"2024-10-31 14:30:00",8059,13.24,401,0,0.766,0.82,2.84,0.072,0.252,0.025,0.02,55,47.26
"2024-10-31 15:00:00",8060,13.24,401,0,0.786,0.76,3,0.068,0.266,0.049,0.054,63.63,48.16
"2024-10-31 15:30:00",8061,13.23,401,0,0.855,1.21,2.86,0.107,0.254,-99,0.046,-99,48.72
"2024-10-31 16:00:00",8062,13.22,401,0,0.862,1.48,2.61,0.131,0.231,0.09,0.013,59.94,46.54
"2024-10-31 16:30:00",8063,13.21,401,0,0.596,0.6,2.25,0.053,0.199,0.003,-0.025,54.54,44.05
"2024-10-31 17:00:00",8064,13.2,401,0,0.42,0.36,1.65,0.032,0.146,-0.013,-0.058,55.68,47.43
"2024-10-31 17:30:00",8065,13.19,401,0,0.181,-0.08,0.96,-0.008,0.085,-0.042,-0.095,56.88,43.9
"2024-10-31 18:00:00",8066,13.18,401,0,-0.113,-0.58,0.06,-0.052,0.005,-0.08,-0.143,56.4,43.69
"2024-10-31 18:30:00",8067,13.17,401,0,-0.302,-0.87,-0.55,-0.078,-0.049,-0.101,-0.18,56.99,43.18
"2024-10-31 19:00:00",8068,13.17,401,0,-0.376,-1.01,-0.76,-0.09,-0.068,-0.111,-0.192,56.46,43.48
"2024-10-31 19:30:00",8069,13.16,401,0,-0.412,-1.09,-0.85,-0.097,-0.076,-0.12,-0.191,55.99,42.34
"2024-10-31 20:00:00",8070,13.15,401,0,-0.429,-1.11,-0.91,-0.099,-0.081,-0.125,-0.203,56.52,43.39
"2024-10-31 20:30:00",8071,13.14,401,0,-0.448,-1.14,-0.97,-0.102,-0.087,-0.122,-0.2,56.04,43.9
"2024-10-31 21:00:00",8072,13.14,401,0,-0.448,-1.14,-0.97,-0.102,-0.087,-0.12,-0.2,57.42,43.19
"2024-10-31 21:30:00",8073,13.14,401,0,-0.454,-1.11,-1.03,-0.099,-0.092,-0.122,-0.2,57.17,42.36
"2024-10-31 22:00:00",8074,13.13,401,0,-0.46,-1.14,-1.03,-0.102,-0.092,-0.12,-0.204,58.25,42.77
"2024-10-31 22:30:00",8075,13.13,401,0,-0.454,-1.14,-1,-0.102,-0.089,-0.12,-0.202,55.6,41.53
"2024-10-31 23:00:00",8076,13.12,401,0,-0.479,-1.2,-1.06,-0.108,-0.095,-0.128,-0.205,57.83,43.6
"2024-10-31 23:30:00",8077,13.12,401,0,-0.473,-1.17,-1.06,-0.104,-0.095,-0.127,-0.207,57.1,43.29
"2024-11-01 00:00:00",8078,13.11,401,0,-0.479,-1.17,-1.09,-0.104,-0.097,-0.125,-0.209,57.01,43.35
"2024-11-01 00:30:00",8079,13.11,401,0,-0.475,-1.16,-1.08,-0.104,-0.097,-0.119,-0.208,57.48,42.84
"2024-11-01 01:00:00",8080,13.11,401,0,-0.481,-1.19,-1.08,-0.106,-0.097,-0.124,-0.211,57.68,43.61
"2024-11-01 01:30:00",8081,13.11,401,0,-0.492,-1.2,-1.12,-0.107,-0.1,-0.13,-0.214,57.87,43.65
"2024-11-01 02:00:00",8082,13.1,401,0,-0.468,-1.12,-1.09,-0.1,-0.097,-0.123,-0.212,56.8,42.73
"2024-11-01 02:30:00",8083,13.1,401,0,-0.479,-1.2,-1.06,-0.107,-0.095,-0.127,-0.205,56.14,43.41
"2024-11-01 03:00:00",8084,13.1,401,0,-0.473,-1.14,-1.09,-0.102,-0.097,-0.122,-0.207,57.43,42.37
"2024-11-01 03:30:00",8085,13.09,401,0,-0.491,-1.17,-1.15,-0.104,-0.103,-0.127,-0.209,57.32,44.34
"2024-11-01 04:00:00",8086,13.09,401,0,-0.485,-1.14,-1.15,-0.102,-0.103,-0.127,-0.21,56.92,42.12
"2024-11-01 04:30:00",8087,13.08,401,0,-0.485,-1.17,-1.12,-0.104,-0.1,-0.124,-0.212,55.62,44.71
"2024-11-01 05:00:00",8088,13.08,401,0,-0.502,-1.19,-1.18,-0.106,-0.105,-0.127,-0.212,58.83,42.94
"2024-11-01 05:30:00",8089,13.08,401,0,-0.498,-1.17,-1.18,-0.104,-0.105,-0.124,-0.211,56.53,42.98
"2024-11-01 06:00:00",8090,13.08,401,0,-0.491,-1.17,-1.15,-0.104,-0.103,-0.122,-0.21,56.74,41.68
"2024-11-01 06:30:00",8091,13.08,401,0,-0.498,-1.2,-1.15,-0.107,-0.103,-0.127,-0.207,57.64,43.41
"2024-11-01 07:00:00",8092,13.07,401,0,-0.491,-1.17,-1.15,-0.104,-0.103,-0.125,-0.21,57.55,43.16
"2024-11-01 07:30:00",8093,13.07,401,0,-0.498,-1.2,-1.15,-0.107,-0.103,-0.125,-0.212,57.86,42.8
"2024-11-01 08:00:00",8094,13.07,401,0,-0.469,-1.16,-1.05,-0.103,-0.094,-0.121,-0.205,57.8,43.99
"2024-11-01 08:30:00",8095,13.07,401,0,-0.346,-0.92,-0.71,-0.082,-0.064,-0.101,-0.183,57.22,43.98
"2024-11-01 09:00:00",8096,13.07,401,0,-0.11,-0.51,0,-0.046,0,-0.066,-0.141,59.38,46.97
"2024-11-01 09:30:00",8097,13.07,401,0,0.064,-0.21,0.53,-0.02,0.047,-0.045,-0.105,58.06,47.56
"2024-11-01 10:00:00",8098,13.07,401,0,0.231,0.14,0.97,0.012,0.086,-0.017,-0.075,58.84,44.61
"2024-11-01 10:30:00",8099,13.07,401,0,0.296,0.22,1.2,0.02,0.106,-0.012,-0.064,58.98,46.15
"2024-11-01 11:00:00",8100,13.07,401,0,0.301,0.25,1.19,0.022,0.105,-0.01,-0.073,59.44,45.62
"2024-11-01 11:30:00",8101,13.07,401,0,0.444,0.48,1.64,0.043,0.145,0.007,-0.044,58.25,45.27
"2024-11-01 12:00:00",8102,13.07,401,0,0.379,0.37,1.44,0.033,0.127,-0.002,-0.058,58.22,46.63
"2024-11-01 12:30:00",8103,13.07,401,0,0.43,0.33,1.73,0.029,0.153,0,-0.035,60.39,46.74
"2024-11-01 13:00:00",8104,13.07,401,0,0.437,0.43,1.66,0.038,0.147,-0.002,-0.047,58.52,46.79
"2024-11-01 13:30:00",8105,13.07,401,0,0.588,0.79,2.01,0.07,0.178,0.031,-0.024,59.09,47.51
"2024-11-01 14:00:00",8106,13.06,401,0,0.469,0.5,1.74,0.044,0.154,0.01,-0.045,57.18,45.85
"2024-11-01 14:30:00",8107,13.06,401,0,0.336,0.23,1.38,0.02,0.123,-0.014,-0.063,57.74,46.84
"2024-11-01 15:00:00",8108,13.06,401,0,0.321,0.23,1.31,0.021,0.116,-0.015,-0.07,58.45,45.04
"2024-11-01 15:30:00",8109,13.06,401,0,0.412,0.39,1.58,0.035,0.14,0.002,-0.049,59.54,45.87
"2024-11-01 16:00:00",8110,13.06,401,0,0.624,0.89,2.08,0.079,0.184,0.059,-0.009,67.89,47.57
"2024-11-01 16:30:00",8111,13.06,401,0,0.551,0.6,2.03,0.053,0.179,0.01,-0.029,57.21,46.46
"2024-11-01 17:00:00",8112,13.05,401,0,0.445,0.41,1.72,0.037,0.152,-0.003,-0.043,57.93,46.86
"2024-11-01 17:30:00",8113,13.05,401,0,0.18,-0.05,0.92,-0.005,0.082,-0.038,-0.091,57.07,45.18
"2024-11-01 18:00:00",8114,13.05,401,0,-0.118,-0.53,-0.02,-0.048,-0.003,-0.076,-0.147,56.14,43.16
"2024-11-01 18:30:00",8115,13.04,401,0,-0.308,-0.89,-0.56,-0.079,-0.05,-0.106,-0.178,56.28,43.28
"2024-11-01 19:00:00",8116,13.04,401,0,-0.386,-1.01,-0.81,-0.09,-0.072,-0.114,-0.195,56.39,42.98
"2024-11-01 19:30:00",8117,13.03,401,0,-0.422,-1.09,-0.9,-0.097,-0.081,-0.118,-0.202,55.81,42.56
"2024-11-01 20:00:00",8118,13.03,401,0,-0.431,-1.1,-0.93,-0.098,-0.083,-0.119,-0.202,57.47,42.14
"2024-11-01 20:30:00",8119,13.03,401,0,-0.464,-1.16,-1.03,-0.104,-0.092,-0.122,-0.202,57.93,43.27
"2024-11-01 21:00:00",8120,13.02,401,0,-0.447,-1.11,-1,-0.099,-0.09,-0.117,-0.202,57.53,44.69
"2024-11-01 21:30:00",8121,13.02,401,0,-0.468,-1.15,-1.06,-0.102,-0.095,-0.123,-0.204,56.64,43.48
"2024-11-01 22:00:00",8122,13.02,401,0,-0.471,-1.15,-1.07,-0.103,-0.095,-0.124,-0.203,57.72,43.06
"2024-11-01 22:30:00",8123,13.02,401,0,-0.477,-1.14,-1.11,-0.102,-0.099,-0.123,-0.208,55.96,42.7
"2024-11-01 23:00:00",8124,13.01,401,0,-0.481,-1.16,-1.11,-0.104,-0.099,-0.122,-0.21,56.15,43.58
"2024-11-01 23:30:00",8125,13.01,401,0,-0.477,-1.17,-1.08,-0.105,-0.097,-0.128,-0.211,56.37,42.7
"2024-11-02 00:00:00",8126,13.01,401,0,-0.473,-1.17,-1.06,-0.105,-0.095,-0.125,-0.208,55.8,41.56
"2024-11-02 00:30:00",8127,13.01,401,0,-0.469,-1.17,-1.04,-0.104,-0.093,-0.125,-0.208,56.35,43.62
"2024-11-02 01:00:00",8128,13,401,0,-0.46,-1.13,-1.04,-0.101,-0.093,-0.121,-0.208,55.64,42.49
"2024-11-02 01:30:00",8129,13,401,0,-0.467,-1.16,-1.04,-0.103,-0.093,-0.121,-0.203,55,42.58
"2024-11-02 02:00:00",8130,12.99,401,0,-0.453,-1.1,-1.04,-0.098,-0.093,-0.119,-0.211,56.28,42.71
"2024-11-02 02:30:00",8131,12.99,401,0,-0.475,-1.15,-1.09,-0.102,-0.098,-0.123,-0.21,56.5,43.08
"2024-11-02 03:00:00",8132,12.98,401,0,-0.462,-1.12,-1.06,-0.1,-0.095,-0.121,-0.205,55.65,42.39
"2024-11-02 03:30:00",8133,12.98,401,0,-0.456,-1.12,-1.03,-0.1,-0.092,-0.12,-0.208,56.59,42.5
"2024-11-02 04:00:00",8134,12.98,401,0,-0.449,-1.09,-1.03,-0.097,-0.092,-0.118,-0.206,57.07,42.99
"2024-11-02 04:30:00",8135,12.97,401,0,-0.456,-1.12,-1.03,-0.1,-0.092,-0.121,-0.208,56.22,42.55
"2024-11-02 05:00:00",8136,12.97,401,0,-0.46,-1.11,-1.06,-0.099,-0.095,-0.12,-0.208,57,42.5
"2024-11-02 05:30:00",8137,12.97,401,0,-0.464,-1.09,-1.1,-0.097,-0.098,-0.121,-0.211,56.87,42.78
"2024-11-02 06:00:00",8138,12.96,401,0,-0.468,-1.12,-1.09,-0.1,-0.098,-0.121,-0.211,56.51,43.25
"2024-11-02 06:30:00",8139,12.96,401,0,-0.466,-1.08,-1.12,-0.097,-0.1,-0.123,-0.208,56.31,43.15
"2024-11-02 07:00:00",8140,12.96,401,0,-0.474,-1.12,-1.12,-0.1,-0.1,-0.123,-0.208,57.08,42.26
"2024-11-02 07:30:00",8141,12.96,401,0,-0.483,-1.12,-1.16,-0.1,-0.103,-0.121,-0.213,56.34,42.35
"2024-11-02 08:00:00",8142,12.95,401,0,-0.457,-1.07,-1.09,-0.095,-0.097,-0.117,-0.207,56.41,43.26
"2024-11-02 08:30:00",8143,12.95,401,0,-0.329,-0.88,-0.67,-0.079,-0.06,-0.103,-0.183,57.43,43.44
"2024-11-02 09:00:00",8144,12.95,401,0,-0.137,-0.53,-0.11,-0.048,-0.011,-0.07,-0.144,57.94,43.96
"2024-11-02 09:30:00",8145,12.95,401,0,0.091,-0.19,0.64,-0.017,0.056,-0.043,-0.109,59.35,45.94
"2024-11-02 10:00:00",8146,12.96,401,0,0.267,0.2,1.08,0.017,0.096,-0.014,-0.081,59.12,46.28
"2024-11-02 10:30:00",8147,12.95,401,0,0.313,0.21,1.29,0.019,0.114,-0.002,-0.06,62.24,47.74
"2024-11-02 11:00:00",8148,12.96,401,0,0.478,0.54,1.74,0.048,0.154,0.027,-0.033,63.7,47.12
"2024-11-02 11:30:00",8149,12.96,401,0,0.655,0.89,2.23,0.078,0.197,0.043,-0.007,60.99,47.01
"2024-11-02 12:00:00",8150,12.97,401,0,0.695,0.92,2.39,0.082,0.211,0.045,0,60.28,47.97
"2024-11-02 12:30:00",8151,12.97,401,0,0.8,1.29,2.51,0.114,0.222,-99,0.072,-99,55.11
"2024-11-02 13:00:00",8152,12.97,401,0,0.49,-0.29,2.67,-0.026,0.236,-0.059,0.007,51.21,46.38
"2024-11-02 13:30:00",8153,12.98,401,0,1.219,2.55,3.21,0.226,0.284,0.184,0.046,63.98,48.66
"2024-11-02 14:00:00",8154,12.98,401,0,0.9,1.37,2.91,0.121,0.257,0.066,0.02,57.44,46.68
"2024-11-02 14:30:00",8155,12.97,401,0,0.763,0.89,2.75,0.079,0.243,0.026,0.009,55.32,45.66
"2024-11-02 15:00:00",8156,12.98,401,0,0.648,0.39,2.72,0.035,0.241,0.024,0.034,63.12,49.56
"2024-11-02 15:30:00",8157,12.97,401,0,0.919,1.39,2.98,0.123,0.263,0.112,0.065,66.23,50.75
"2024-11-02 16:00:00",8158,12.97,401,0,0.66,0.79,2.36,0.07,0.209,0.04,-0.002,60.15,47
"2024-11-02 16:30:00",8159,12.97,401,0,0.543,0.63,1.96,0.056,0.173,0.005,-0.047,56.3,44.72
"2024-11-02 17:00:00",8160,12.97,401,0,0.359,0.28,1.44,0.024,0.127,-0.015,-0.072,56.28,44.79
"2024-11-02 17:30:00",8161,12.97,401,0,0.173,-0.05,0.89,-0.005,0.079,-0.041,-0.1,56.65,45.05
"2024-11-02 18:00:00",8162,12.96,401,0,-0.076,-0.45,0.1,-0.041,0.008,-0.074,-0.143,55.4,43.65
"2024-11-02 18:30:00",8163,12.95,401,0,-0.272,-0.81,-0.47,-0.072,-0.043,-0.099,-0.176,55.76,42.34
"2024-11-02 19:00:00",8164,12.95,401,0,-0.354,-0.92,-0.75,-0.082,-0.068,-0.112,-0.188,56.07,42.82
"2024-11-02 19:30:00",8165,12.95,401,0,-0.405,-1.05,-0.86,-0.094,-0.077,-0.117,-0.198,56.92,42.52
"2024-11-02 20:00:00",8166,12.94,401,0,-0.424,-1.08,-0.92,-0.096,-0.082,-0.117,-0.2,55.62,42.78
"2024-11-02 20:30:00",8167,12.94,401,0,-0.443,-1.11,-0.98,-0.099,-0.088,-0.12,-0.205,56.13,43.39
"2024-11-02 21:00:00",8168,12.93,401,0,-0.432,-1.05,-0.99,-0.094,-0.088,-0.122,-0.205,55.63,42.47
"2024-11-02 21:30:00",8169,12.93,401,0,-0.458,-1.12,-1.04,-0.1,-0.093,-0.124,-0.205,55.88,42.73
"2024-11-02 22:00:00",8170,12.92,401,0,-0.466,-1.15,-1.05,-0.103,-0.093,-0.123,-0.205,57.1,41.75
"2024-11-02 22:30:00",8171,12.92,401,0,-0.467,-1.16,-1.04,-0.103,-0.093,-0.124,-0.207,55.41,42.57
"2024-11-02 23:00:00",8172,12.91,401,0,-0.485,-1.16,-1.13,-0.103,-0.101,-0.126,-0.212,55.84,42.83
"2024-11-02 23:30:00",8173,12.91,401,0,-0.458,-1.12,-1.04,-0.1,-0.093,-0.124,-0.205,56,41.75
"2024-11-03 00:00:00",8174,12.91,401,0,-0.479,-1.15,-1.11,-0.103,-0.099,-0.121,-0.21,56.57,42.58
"2024-11-03 00:30:00",8175,12.9,401,0,-0.475,-1.14,-1.1,-0.102,-0.098,-0.123,-0.211,56.8,42.72
"2024-11-03 01:00:00",8176,12.9,401,0,-0.477,-1.15,-1.1,-0.102,-0.098,-0.126,-0.208,56.44,43.03
"2024-11-03 01:30:00",8177,12.9,401,0,-0.485,-1.17,-1.12,-0.104,-0.1,-0.125,-0.211,56.43,43.44
"2024-11-03 02:00:00",8178,12.89,401,0,-0.472,-1.11,-1.12,-0.099,-0.1,-0.123,-0.208,56.55,42.46
"2024-11-03 02:30:00",8179,12.89,401,0,-0.473,-1.14,-1.09,-0.102,-0.097,-0.12,-0.21,56.98,42.99
"2024-11-03 03:00:00",8180,12.89,401,0,-0.479,-1.14,-1.12,-0.102,-0.1,-0.125,-0.208,57.14,42.47
"2024-11-03 03:30:00",8181,12.9,401,0,-0.485,-1.14,-1.15,-0.102,-0.103,-0.123,-0.208,57.14,43.57
"2024-11-03 04:00:00",8182,12.89,401,0,-0.478,-1.11,-1.15,-0.099,-0.103,-0.122,-0.213,56.78,42.11
"2024-11-03 04:30:00",8183,12.89,401,0,-0.472,-1.11,-1.12,-0.099,-0.1,-0.12,-0.211,56.78,43.21
"2024-11-03 05:00:00",8184,12.89,401,0,-0.483,-1.12,-1.16,-0.1,-0.103,-0.125,-0.208,56.72,42.89
"2024-11-03 05:30:00",8185,12.89,401,0,-0.485,-1.11,-1.18,-0.099,-0.106,-0.125,-0.213,55.95,42.68
"2024-11-03 06:00:00",8186,12.89,401,0,-0.491,-1.14,-1.18,-0.102,-0.106,-0.123,-0.213,57.49,42.41
"2024-11-03 06:30:00",8187,12.89,401,0,-0.478,-1.08,-1.18,-0.096,-0.106,-0.12,-0.213,57.27,43.44
"2024-11-03 07:00:00",8188,12.88,401,0,-0.485,-1.14,-1.15,-0.102,-0.103,-0.12,-0.213,57.02,43.04
"2024-11-03 07:30:00",8189,12.88,401,0,-0.491,-1.17,-1.15,-0.104,-0.103,-0.125,-0.211,56.78,43.36
"2024-11-03 08:00:00",8190,12.88,401,0,-0.459,-1.08,-1.09,-0.096,-0.097,-0.12,-0.205,56.46,42.89
"2024-11-03 08:30:00",8191,12.88,401,0,-0.371,-0.92,-0.83,-0.082,-0.074,-0.106,-0.193,57.23,43.82
"2024-11-03 09:00:00",8192,12.88,401,0,-0.244,-0.7,-0.45,-0.063,-0.041,-0.085,-0.168,58.48,44.65
"2024-11-03 09:30:00",8193,12.88,401,0,-0.114,-0.48,-0.05,-0.044,-0.005,-0.066,-0.142,60.61,44.7
"2024-11-03 10:00:00",8194,12.88,401,0,0.04,-0.13,0.33,-0.013,0.029,-0.042,-0.117,57.36,46.03
"2024-11-03 10:30:00",8195,12.89,401,0,0.11,-0.15,0.69,-0.014,0.061,-99,-0.078,-99,48.06
"2024-11-03 11:00:00",8196,12.89,401,0,0.349,0.54,1.12,0.048,0.1,0.025,-0.072,63.4,46.66
"2024-11-03 11:30:00",8197,12.9,401,0,0.392,0.47,1.4,0.041,0.124,0.009,-0.058,61.38,46.31
"2024-11-03 12:00:00",8198,12.9,401,0,0.469,0.51,1.73,0.045,0.153,0.012,-0.04,58.92,47.17
"2024-11-03 12:30:00",8199,12.91,401,0,0.611,1.01,1.89,0.089,0.167,-99,0.045,-99,58.44
"2024-11-03 13:00:00",8200,12.91,401,0,0.361,-0.35,2.11,-0.032,0.187,-0.066,-0.023,52.4,46.48
"2024-11-03 13:30:00",8201,12.91,401,0,1.06,2.04,2.98,0.181,0.263,0.143,0.037,61.76,49.6
"2024-11-03 14:00:00",8202,12.92,401,0,0.792,1.13,2.64,0.1,0.233,0.044,0,57.26,46.08
"2024-11-03 14:30:00",8203,12.92,401,0,0.81,1.09,2.77,0.097,0.245,0.04,0.007,55.23,46.55
"2024-11-03 15:00:00",8204,12.92,401,0,0.811,1.11,2.75,0.098,0.243,0.077,0.033,64.89,48.57
"2024-11-03 15:30:00",8205,12.92,401,0,1.01,1.53,3.27,0.135,0.289,0.124,0.079,67,52.18
"2024-11-03 16:00:00",8206,12.92,401,0,0.995,2.13,2.57,0.188,0.227,0.151,0.007,69.27,46.97
"2024-11-03 16:30:00",8207,12.91,401,0,0.612,0.77,2.15,0.069,0.19,0.021,-0.028,57.15,45.66
"2024-11-03 17:00:00",8208,12.91,401,0,0.422,0.4,1.62,0.035,0.144,-0.005,-0.058,57.25,45.09
"2024-11-03 17:30:00",8209,12.91,401,0,0.18,-0.02,0.89,-0.003,0.079,-0.038,-0.102,56.63,44.21
"2024-11-03 18:00:00",8210,12.91,401,0,-0.091,-0.48,0.06,-0.043,0.006,-0.077,-0.148,57.04,43.64
"2024-11-03 18:30:00",8211,12.9,401,0,-0.28,-0.78,-0.54,-0.07,-0.049,-0.1,-0.179,55.49,42.5
"2024-11-03 19:00:00",8212,12.9,401,0,-0.373,-0.96,-0.8,-0.086,-0.071,-0.11,-0.194,55.66,43.08
"2024-11-03 19:30:00",8213,12.89,401,0,-0.416,-1.04,-0.92,-0.093,-0.082,-0.114,-0.2,56.7,42.88
"2024-11-03 20:00:00",8214,12.89,401,0,-0.437,-1.08,-0.98,-0.096,-0.088,-0.12,-0.201,56.06,43.07
"2024-11-03 20:30:00",8215,12.88,401,0,-0.435,-1.07,-0.98,-0.096,-0.088,-0.12,-0.2,56.11,43.12
"2024-11-03 21:00:00",8216,12.88,401,0,-0.468,-1.1,-1.11,-0.099,-0.099,-0.122,-0.21,56.27,42.45
"2024-11-03 21:30:00",8217,12.87,401,0,-0.462,-1.13,-1.05,-0.101,-0.093,-0.122,-0.205,56.04,43.72
"2024-11-03 22:00:00",8218,12.87,401,0,-0.462,-1.1,-1.08,-0.098,-0.096,-0.122,-0.21,56.28,42.87
"2024-11-03 22:30:00",8219,12.86,401,0,-0.481,-1.16,-1.11,-0.103,-0.099,-0.124,-0.213,56.58,42.33
"2024-11-03 23:00:00",8220,12.86,401,0,-0.487,-1.16,-1.14,-0.103,-0.102,-0.127,-0.213,56.41,42.73
"2024-11-03 23:30:00",8221,12.86,401,0,-0.485,-1.15,-1.14,-0.103,-0.101,-0.124,-0.212,55.97,43.39
"2024-11-04 00:00:00",8222,12.85,401,0,-0.479,-1.12,-1.14,-0.1,-0.101,-0.124,-0.212,57.86,42.21
"2024-11-04 00:30:00",8223,12.85,401,0,-0.487,-1.16,-1.14,-0.103,-0.101,-0.126,-0.212,56.85,42.04
"2024-11-04 01:00:00",8224,12.85,401,0,-0.492,-1.18,-1.14,-0.106,-0.101,-0.127,-0.213,56.45,42.77
"2024-11-04 01:30:00",8225,12.84,401,0,-0.5,-1.17,-1.19,-0.105,-0.107,-0.128,-0.214,55.69,43.1
"2024-11-04 02:00:00",8226,12.85,401,0,-0.489,-1.15,-1.16,-0.102,-0.104,-0.126,-0.212,57.54,42.46
"2024-11-04 02:30:00",8227,12.84,401,0,-0.489,-1.15,-1.16,-0.102,-0.104,-0.123,-0.212,57.23,42.41
"2024-11-04 03:00:00",8228,12.83,401,0,-0.483,-1.15,-1.13,-0.102,-0.101,-0.123,-0.209,56.77,42.68
"2024-11-04 03:30:00",8229,12.84,401,0,-0.504,-1.15,-1.23,-0.102,-0.109,-0.126,-0.215,56.32,42.9
"2024-11-04 04:00:00",8230,12.84,401,0,-0.497,-1.15,-1.2,-0.103,-0.107,-0.126,-0.213,57.19,43.77
"2024-11-04 04:30:00",8231,12.83,401,0,-0.489,-1.12,-1.19,-0.1,-0.107,-0.121,-0.212,56.15,42.47
"2024-11-04 05:00:00",8232,12.83,401,0,-0.5,-1.17,-1.19,-0.105,-0.106,-0.128,-0.214,56.03,43.71
"2024-11-04 05:30:00",8233,12.83,401,0,-0.5,-1.17,-1.19,-0.105,-0.106,-0.126,-0.212,56.92,42.68
"2024-11-04 06:00:00",8234,12.82,401,0,-0.502,-1.18,-1.19,-0.105,-0.106,-0.126,-0.212,56.2,42.37
"2024-11-04 06:30:00",8235,12.83,401,0,-0.506,-1.17,-1.22,-0.104,-0.109,-0.125,-0.214,57.77,42.84
"2024-11-04 07:00:00",8236,12.83,401,0,-0.489,-1.12,-1.19,-0.1,-0.107,-0.121,-0.215,56.28,42.02
"2024-11-04 07:30:00",8237,12.82,401,0,-0.506,-1.2,-1.19,-0.107,-0.106,-0.125,-0.212,57.29,42.62
"2024-11-04 08:00:00",8238,12.82,401,0,-0.495,-1.13,-1.21,-0.101,-0.108,-0.125,-0.211,56.26,43.67
"2024-11-04 08:30:00",8239,12.82,401,0,-0.457,-1.05,-1.11,-0.094,-0.099,-0.113,-0.205,58.42,43.19
"2024-11-04 09:00:00",8240,12.82,401,0,-0.366,-0.89,-0.84,-0.079,-0.076,-0.101,-0.187,59.1,43.76
"2024-11-04 09:30:00",8241,12.82,401,0,-0.257,-0.75,-0.46,-0.067,-0.042,-0.082,-0.159,61.19,45.28
"2024-11-04 10:00:00",8242,12.83,401,0,-0.079,-0.35,-0.02,-0.032,-0.003,-0.055,-0.135,60.18,45.52
"2024-11-04 10:30:00",8243,12.83,401,0,0.086,-0.11,0.53,-0.011,0.047,-99,-0.09,-99,48.66
"2024-11-04 11:00:00",8244,12.84,401,0,0.268,0.26,1.02,0.023,0.091,0,-0.073,63.4,47.09
"2024-11-04 11:30:00",8245,12.85,401,0,0.395,0.38,1.51,0.033,0.134,0.009,-0.04,62.52,47.86
"2024-11-04 12:00:00",8246,12.85,401,0,0.484,0.56,1.75,0.05,0.155,0.019,-0.033,59.5,47.34
"2024-11-04 12:30:00",8247,12.85,401,0,0.684,1.31,1.93,0.116,0.171,-99,0.038,-99,55.76
"2024-11-04 13:00:00",8248,12.86,401,0,0.62,0.33,2.65,0.03,0.234,0.003,0.026,55,47.83
"2024-11-04 13:30:00",8249,12.86,401,0,0.829,1.06,2.89,0.094,0.256,0.048,0.031,56.4,47.15
"2024-11-04 14:00:00",8250,12.87,401,0,0.862,1.23,2.87,0.109,0.254,0.058,0.025,57.86,46.12
"2024-11-04 14:30:00",8251,12.87,401,0,0.596,0.74,2.1,0.066,0.186,0.023,-0.02,58.11,46.52
"2024-11-04 15:00:00",8252,12.87,401,0,0.442,0.49,1.62,0.043,0.144,0.007,-0.05,59.98,46.16
"2024-11-04 15:30:00",8253,12.87,401,0,0.327,0.24,1.33,0.021,0.118,-0.015,-0.066,56.86,45.38
"2024-11-04 16:00:00",8254,12.86,401,0,0.205,0.03,0.96,0.003,0.085,-0.032,-0.087,57.53,45.64
"2024-11-04 16:30:00",8255,12.86,401,0,0.113,-0.11,0.66,-0.011,0.058,-0.043,-0.109,57.93,44.69
"2024-11-04 17:00:00",8256,12.86,401,0,-0.059,-0.43,0.16,-0.039,0.014,-0.068,-0.137,58.06,44.91
"2024-11-04 17:30:00",8257,12.86,401,0,-0.184,-0.65,-0.21,-0.059,-0.02,-0.086,-0.159,56.72,43.73
"2024-11-04 18:00:00",8258,12.86,401,0,-0.344,-0.93,-0.69,-0.083,-0.062,-0.108,-0.186,56.77,42.69
"2024-11-04 18:30:00",8259,12.85,401,0,-0.405,-1.02,-0.89,-0.091,-0.079,-0.118,-0.196,56.09,42.27
"2024-11-04 19:00:00",8260,12.84,401,0,-0.447,-1.1,-1.01,-0.099,-0.091,-0.12,-0.201,56.84,43.17
"2024-11-04 19:30:00",8261,12.84,401,0,-0.47,-1.14,-1.08,-0.102,-0.096,-0.123,-0.206,56.49,43.24
"2024-11-04 20:00:00",8262,12.84,401,0,-0.468,-1.13,-1.08,-0.101,-0.096,-0.122,-0.209,57.01,42.61
"2024-11-04 20:30:00",8263,12.83,401,0,-0.474,-1.13,-1.11,-0.101,-0.099,-0.125,-0.209,55.8,42.13
"2024-11-04 21:00:00",8264,12.83,401,0,-0.493,-1.16,-1.17,-0.104,-0.104,-0.125,-0.213,56.76,43.76
"2024-11-04 21:30:00",8265,12.82,401,0,-0.483,-1.14,-1.14,-0.101,-0.102,-0.123,-0.211,55.91,43.07
"2024-11-04 22:00:00",8266,12.82,401,0,-0.493,-1.16,-1.17,-0.103,-0.104,-0.125,-0.211,56.48,42.66
"2024-11-04 22:30:00",8267,12.82,401,0,-0.5,-1.16,-1.2,-0.103,-0.107,-0.124,-0.213,55.66,42.67
"2024-11-04 23:00:00",8268,12.82,401,0,-0.494,-1.19,-1.14,-0.106,-0.101,-0.127,-0.211,56.81,42.72
"2024-11-04 23:30:00",8269,12.81,401,0,-0.506,-1.22,-1.17,-0.108,-0.104,-0.132,-0.213,57.11,42.61
"2024-11-05 00:00:00",8270,12.81,401,0,-0.517,-1.21,-1.23,-0.108,-0.11,-0.129,-0.215,57.38,42.72
"2024-11-05 00:30:00",8271,12.81,401,0,-0.519,-1.22,-1.23,-0.108,-0.11,-0.129,-0.215,57.47,43.07
"2024-11-05 01:00:00",8272,12.81,401,0,-0.5,-1.2,-1.16,-0.107,-0.104,-0.128,-0.213,56.81,43.55
"2024-11-05 01:30:00",8273,12.8,401,0,-0.504,-1.16,-1.22,-0.104,-0.109,-0.123,-0.209,57.6,42.94
"2024-11-05 02:00:00",8274,12.8,401,0,-0.506,-1.18,-1.21,-0.105,-0.108,-0.124,-0.211,57.06,43.5
"2024-11-05 02:30:00",8275,12.8,401,0,-0.511,-1.21,-1.2,-0.108,-0.107,-0.127,-0.211,57.79,43.39
"2024-11-05 03:00:00",8276,12.8,401,0,-0.51,-1.2,-1.21,-0.107,-0.108,-0.128,-0.212,56.07,43.34
"2024-11-05 03:30:00",8277,12.8,401,0,-0.519,-1.2,-1.25,-0.107,-0.111,-0.126,-0.214,56.77,41.69
"2024-11-05 04:00:00",8278,12.8,401,0,-0.515,-1.21,-1.22,-0.108,-0.109,-0.126,-0.214,55.98,42.72
"2024-11-05 04:30:00",8279,12.8,401,0,-0.521,-1.24,-1.22,-0.111,-0.109,-0.129,-0.213,57.75,42.83
"2024-11-05 05:00:00",8280,12.8,401,0,-0.519,-1.2,-1.25,-0.107,-0.112,-0.128,-0.216,58.12,43.71
"2024-11-05 05:30:00",8281,12.8,401,0,-0.523,-1.26,-1.21,-0.112,-0.108,-0.128,-0.212,56.86,42.35
"2024-11-05 06:00:00",8282,12.79,401,0,-0.506,-1.17,-1.22,-0.105,-0.109,-0.123,-0.212,57.17,42.92
"2024-11-05 06:30:00",8283,12.79,401,0,-0.517,-1.2,-1.24,-0.108,-0.11,-0.126,-0.215,57.27,42.45
"2024-11-05 07:00:00",8284,12.8,401,0,-0.521,-1.2,-1.26,-0.107,-0.112,-0.126,-0.214,57.14,42.49
"2024-11-05 07:30:00",8285,12.8,401,0,-0.514,-1.17,-1.26,-0.105,-0.112,-0.123,-0.214,57.94,42.86
"2024-11-05 08:00:00",8286,12.79,401,0,-0.561,-1.11,-1.55,-0.099,-0.138,-0.118,-0.248,58.65,44.15
"2024-11-05 08:30:00",8287,12.79,401,0,-0.539,-1.15,-1.4,-0.103,-0.125,-0.12,-0.238,58.7,43.79
"2024-11-05 09:00:00",8288,12.8,401,0,-0.567,-1.04,-1.65,-0.093,-0.147,-0.11,-0.254,58.39,46.49
"2024-11-05 09:30:00",8289,12.8,401,0,-0.558,-1,-1.65,-0.089,-0.147,-0.104,-0.264,58.29,50.44
"2024-11-05 10:00:00",8290,12.8,401,0,-0.421,-0.74,-1.26,-0.066,-0.112,-0.082,-0.22,58.77,44.79
"2024-11-05 10:30:00",8291,12.81,401,0,-1.207,-0.69,-5.11,-0.062,-0.453,-0.075,-0.568,63.67,51.1
"2024-11-05 11:00:00",8292,12.81,401,0,-0.023,-0.31,0.21,-0.028,0.018,-0.044,-0.122,62.18,45.86
"2024-11-05 11:30:00",8293,12.81,401,0,0.105,-0.1,0.61,-0.01,0.054,-0.031,-0.094,60.4,46.43
"2024-11-05 12:00:00",8294,12.81,401,0,0.193,0.09,0.84,0.008,0.074,-0.02,-0.086,59.3,45.9
"2024-11-05 12:30:00",8295,12.81,401,0,0.222,0.25,0.81,0.023,0.071,-99,-0.039,-99,52.59
"2024-11-05 13:00:00",8296,12.82,401,0,0.383,0.16,1.68,0.014,0.149,-0.019,-0.043,55.37,46.55
"2024-11-05 13:30:00",8297,12.82,401,0,0.366,-0.05,1.82,-0.006,0.161,-0.037,-0.034,55.97,46.73
"2024-11-05 14:00:00",8298,12.82,401,0,0.671,1.03,2.16,0.091,0.191,0.038,-0.021,59.23,45.16
"2024-11-05 14:30:00",8299,12.82,401,0,0.546,0.53,2.08,0.047,0.184,0.005,-0.023,55.09,46.41
"2024-11-05 15:00:00",8300,12.82,401,0,0.478,0.22,2.08,0.02,0.184,-0.007,-0.007,61.58,47.5
"2024-11-05 15:30:00",8301,12.82,401,0,0.833,1.24,2.72,0.109,0.241,0.08,0.024,59.28,48.12
"2024-11-05 16:00:00",8302,12.82,401,0,0.659,0.83,2.31,0.074,0.205,0.057,0.02,63.25,49.17
"2024-11-05 16:30:00",8303,12.81,401,0,0.585,0.74,2.05,0.065,0.181,0.018,-0.042,57.85,45.28
"2024-11-05 17:00:00",8304,12.81,401,0,0.45,0.43,1.72,0.038,0.152,-0.003,-0.049,55.67,45.6
"2024-11-05 17:30:00",8305,12.81,401,0,0.196,-0.02,0.97,-0.003,0.086,-0.036,-0.092,55.75,44.85
"2024-11-05 18:00:00",8306,12.81,401,0,-0.11,-0.51,0,-0.046,0,-0.08,-0.149,57.18,44.35
"2024-11-05 18:30:00",8307,12.8,401,0,-0.342,-0.94,-0.67,-0.084,-0.06,-0.111,-0.185,55.09,41.53
"2024-11-05 19:00:00",8308,12.8,401,0,-0.405,-1.05,-0.86,-0.094,-0.077,-0.115,-0.197,55.51,43.77
"2024-11-05 19:30:00",8309,12.79,401,0,-0.426,-1.06,-0.95,-0.094,-0.085,-0.118,-0.2,55.66,43.09
"2024-11-05 20:00:00",8310,12.79,401,0,-0.43,-1.08,-0.95,-0.096,-0.085,-0.118,-0.2,55.74,42.34
"2024-11-05 20:30:00",8311,12.79,401,0,-0.464,-1.14,-1.05,-0.101,-0.093,-0.12,-0.207,56.51,43.27
"2024-11-05 21:00:00",8312,12.78,401,0,-0.449,-1.07,-1.05,-0.096,-0.093,-0.117,-0.209,56.86,42.21
"2024-11-05 21:30:00",8313,12.78,401,0,-0.464,-1.11,-1.08,-0.099,-0.096,-0.121,-0.207,56.36,43.37
"2024-11-05 22:00:00",8314,12.78,401,0,-0.475,-1.16,-1.08,-0.104,-0.096,-0.125,-0.212,55.55,42.14
"2024-11-05 22:30:00",8315,12.78,401,0,-0.481,-1.16,-1.11,-0.104,-0.099,-0.12,-0.209,57.58,43.08
"2024-11-05 23:00:00",8316,12.77,401,0,-0.487,-1.16,-1.14,-0.103,-0.102,-0.122,-0.209,58.24,42.34
"2024-11-05 23:30:00",8317,12.77,401,0,-0.487,-1.16,-1.14,-0.103,-0.101,-0.122,-0.211,56.98,43.83
"2024-11-06 00:00:00",8318,12.77,401,0,-0.491,-1.15,-1.17,-0.103,-0.104,-0.124,-0.214,56.89,43.49
"2024-11-06 00:30:00",8319,12.77,401,0,-0.491,-1.12,-1.2,-0.1,-0.107,-0.119,-0.214,56.31,43.58
"2024-11-06 01:00:00",8320,12.77,401,0,-0.476,-1.12,-1.13,-0.1,-0.101,-0.119,-0.211,57.29,42.63
"2024-11-06 01:30:00",8321,12.77,401,0,-0.51,-1.18,-1.23,-0.105,-0.109,-0.124,-0.214,56.91,43.51
"2024-11-06 02:00:00",8322,12.76,401,0,-0.489,-1.18,-1.13,-0.105,-0.101,-0.124,-0.209,58.29,43.64
"2024-11-06 02:30:00",8323,12.76,401,0,-0.474,-1.11,-1.13,-0.099,-0.101,-0.12,-0.211,57.23,42.58
"2024-11-06 03:00:00",8324,12.76,401,0,-0.489,-1.12,-1.19,-0.1,-0.106,-0.121,-0.213,56.2,43.78
"2024-11-06 03:30:00",8325,12.76,401,0,-0.506,-1.17,-1.22,-0.105,-0.109,-0.126,-0.213,58.4,42.08
"2024-11-06 04:00:00",8326,12.76,401,0,-0.498,-1.19,-1.16,-0.106,-0.104,-0.13,-0.214,55.75,43.18
"2024-11-06 04:30:00",8327,12.76,401,0,-0.5,-1.16,-1.2,-0.103,-0.107,-0.125,-0.216,56.36,44.2
"2024-11-06 05:00:00",8328,12.76,401,0,-0.489,-1.15,-1.16,-0.103,-0.104,-0.124,-0.214,58.48,43.57
"2024-11-06 05:30:00",8329,12.75,401,0,-0.489,-1.15,-1.16,-0.103,-0.104,-0.127,-0.216,57.2,43.22
"2024-11-06 06:00:00",8330,12.75,401,0,-0.493,-1.13,-1.2,-0.101,-0.107,-0.122,-0.217,56.94,43.12
"2024-11-06 06:30:00",8331,12.75,401,0,-0.517,-1.21,-1.23,-0.108,-0.11,-0.127,-0.222,56.88,42.8
"2024-11-06 07:00:00",8332,12.75,401,0,-0.499,-1.13,-1.23,-0.101,-0.11,-0.122,-0.222,55.49,42.92
"2024-11-06 07:30:00",8333,12.75,401,0,-0.512,-1.19,-1.23,-0.106,-0.11,-0.125,-0.223,58.05,43.65
"2024-11-06 08:00:00",8334,12.74,401,0,-0.516,-1.18,-1.26,-0.105,-0.112,-0.124,-0.222,55.97,44.22
"2024-11-06 08:30:00",8335,12.74,401,0,-0.455,-1.05,-1.1,-0.094,-0.098,-0.116,-0.211,58.02,43.94
"2024-11-06 09:00:00",8336,12.74,401,0,-0.333,-0.83,-0.74,-0.074,-0.066,-0.097,-0.188,57.3,44.15
"2024-11-06 09:30:00",8337,12.75,401,0,-0.13,-0.5,-0.11,-0.045,-0.011,-0.063,-0.143,59.11,45.55
"2024-11-06 10:00:00",8338,12.74,401,0,0.109,-0.02,0.55,-0.003,0.049,-0.035,-0.104,58.38,47.47
"2024-11-06 10:30:00",8339,12.75,401,0,0.224,0.06,1.02,0.005,0.09,-0.019,-0.073,60.09,46.27
"2024-11-06 11:00:00",8340,12.75,401,0,0.38,0.36,1.46,0.031,0.129,0.007,-0.053,63.42,46.27
"2024-11-06 11:30:00",8341,12.75,401,0,0.426,0.36,1.68,0.032,0.148,0.007,-0.034,61.41,48.02
"2024-11-06 12:00:00",8342,12.75,401,0,0.575,0.76,1.98,0.067,0.175,0.03,-0.018,60.48,47.5
"2024-11-06 12:30:00",8343,12.76,401,0,0.389,0.17,1.7,0.015,0.151,-99,0.025,-99,52.27
"2024-11-06 13:00:00",8344,12.76,401,0,0.947,1.7,2.79,0.15,0.247,0.076,0.009,55.6,45.8
"2024-11-06 13:30:00",8345,12.76,401,0,0.544,0.16,2.46,0.014,0.218,-0.019,-0.002,54.43,45.19
"2024-11-06 14:00:00",8346,12.76,401,0,0.655,0.71,2.42,0.063,0.214,0.021,-0.012,58.6,45.2
"2024-11-06 14:30:00",8347,12.76,401,0,0.683,0.78,2.48,0.069,0.219,0.029,0,56.85,46.53
"2024-11-06 15:00:00",8348,12.76,401,0,1.112,2.43,2.82,0.215,0.25,-99,0.036,-99,49.99
"2024-11-06 15:30:00",8349,12.76,401,0,0.844,1.54,2.46,0.136,0.217,0.083,0.002,60.66,46.27
"2024-11-06 16:00:00",8350,12.75,401,0,0.704,0.77,2.59,0.068,0.23,0.045,0.029,58.4,49.16
"2024-11-06 16:30:00",8351,12.75,401,0,0.551,0.64,1.99,0.057,0.176,0.005,-0.038,57.21,45.47
"2024-11-06 17:00:00",8352,12.75,401,0,0.218,0.03,1.02,0.003,0.091,-0.032,-0.094,56.9,45.42
"2024-11-06 17:30:00",8353,12.75,401,0,-0.009,-0.36,0.33,-0.033,0.029,-0.065,-0.13,55.73,44.82
"2024-11-06 18:00:00",8354,12.75,401,0,-0.205,-0.74,-0.22,-0.066,-0.02,-0.095,-0.165,56.66,42.59
"2024-11-06 18:30:00",8355,12.74,401,0,-0.319,-0.89,-0.61,-0.08,-0.055,-0.108,-0.182,56.71,43.31
"2024-11-06 19:00:00",8356,12.74,401,0,-0.38,-1.01,-0.78,-0.09,-0.07,-0.115,-0.194,56.73,43.06
"2024-11-06 19:30:00",8357,12.73,401,0,-0.411,-1.04,-0.9,-0.093,-0.081,-0.115,-0.196,56.87,42.48
"2024-11-06 20:00:00",8358,12.73,401,0,-0.443,-1.12,-0.97,-0.1,-0.087,-0.12,-0.201,57.07,43.25
"2024-11-06 20:30:00",8359,12.73,401,0,-0.45,-1.12,-1,-0.1,-0.089,-0.122,-0.208,57.25,43.01
"2024-11-06 21:00:00",8360,12.73,401,0,-0.456,-1.12,-1.03,-0.1,-0.092,-0.119,-0.203,57.33,42.94
"2024-11-06 21:30:00",8361,12.72,401,0,-0.464,-1.14,-1.05,-0.102,-0.094,-0.121,-0.205,56.91,43.25
"2024-11-06 22:00:00",8362,12.72,401,0,-0.466,-1.14,-1.06,-0.102,-0.094,-0.124,-0.203,56.68,42.86
"2024-11-06 22:30:00",8363,12.72,401,0,-0.475,-1.15,-1.09,-0.103,-0.098,-0.125,-0.208,56.83,42.75
"2024-11-06 23:00:00",8364,12.72,401,0,-0.479,-1.17,-1.09,-0.105,-0.097,-0.126,-0.21,57,42.61
"2024-11-06 23:30:00",8365,12.72,401,0,-0.479,-1.14,-1.12,-0.102,-0.1,-0.124,-0.208,57.61,42.7
"2024-11-07 00:00:00",8366,12.72,401,0,-0.476,-1.12,-1.13,-0.1,-0.101,-0.125,-0.211,56.79,43.54
"2024-11-07 00:30:00",8367,12.71,401,0,-0.481,-1.18,-1.09,-0.105,-0.098,-0.125,-0.208,57.29,42.9
"2024-11-07 01:00:00",8368,12.72,401,0,-0.489,-1.15,-1.16,-0.103,-0.104,-0.125,-0.217,57.52,42.86
"2024-11-07 01:30:00",8369,12.71,401,0,-0.491,-1.14,-1.18,-0.102,-0.106,-0.121,-0.211,57.34,43.52
"2024-11-07 02:00:00",8370,12.71,401,0,-0.483,-1.15,-1.13,-0.103,-0.101,-0.125,-0.213,56.3,43.06
"2024-11-07 02:30:00",8371,12.7,401,0,-0.489,-1.15,-1.16,-0.103,-0.104,-0.125,-0.214,56.05,43.74
"2024-11-07 03:00:00",8372,12.71,401,0,-0.483,-1.12,-1.16,-0.1,-0.103,-0.122,-0.211,57.45,43.21
"2024-11-07 03:30:00",8373,12.71,401,0,-0.494,-1.17,-1.16,-0.105,-0.103,-0.124,-0.211,57.56,43.17
"2024-11-07 04:00:00",8374,12.7,401,0,-0.494,-1.17,-1.16,-0.105,-0.103,-0.124,-0.211,57.98,42.91
"2024-11-07 04:30:00",8375,12.7,401,0,-0.502,-1.21,-1.16,-0.108,-0.103,-0.124,-0.211,56.62,43.79
"2024-11-07 05:00:00",8376,12.7,401,0,-0.502,-1.18,-1.19,-0.105,-0.107,-0.125,-0.217,57.03,42.95
"2024-11-07 05:30:00",8377,12.7,401,0,-0.5,-1.19,-1.17,-0.106,-0.104,-0.125,-0.214,57.03,43.79
"2024-11-07 06:00:00",8378,12.69,401,0,-0.51,-1.18,-1.23,-0.106,-0.11,-0.125,-0.222,57.21,44.22
"2024-11-07 06:30:00",8379,12.7,401,0,-0.498,-1.18,-1.17,-0.106,-0.104,-0.128,-0.217,56.39,43.39
"2024-11-07 07:00:00",8380,12.69,401,0,-0.483,-1.12,-1.16,-0.1,-0.104,-0.122,-0.214,57.08,43.82
"2024-11-07 07:30:00",8381,12.69,401,0,-0.497,-1.12,-1.23,-0.1,-0.11,-0.12,-0.218,57.42,43.33
"2024-11-07 08:00:00",8382,12.69,401,0,-0.499,-1.14,-1.22,-0.102,-0.109,-0.125,-0.219,56.64,42.4
"2024-11-07 08:30:00",8383,12.69,401,0,-0.476,-1.1,-1.15,-0.098,-0.103,-0.12,-0.213,57.76,44.35
"2024-11-07 09:00:00",8384,12.69,401,0,-0.413,-1,-0.95,-0.089,-0.085,-0.109,-0.203,58.11,43.73
"2024-11-07 09:30:00",8385,12.68,401,0,-0.35,-0.9,-0.75,-0.081,-0.067,-0.099,-0.185,58.7,43.63
"2024-11-07 10:00:00",8386,12.69,401,0,-0.268,-0.76,-0.5,-0.068,-0.045,-0.091,-0.17,59.6,43.71
"2024-11-07 10:30:00",8387,12.69,401,0,-0.15,-0.55,-0.15,-0.049,-0.014,-0.07,-0.148,59.45,44.81
"2024-11-07 11:00:00",8388,12.69,401,0,-0.075,-0.38,0.03,-0.034,0.003,-0.061,-0.136,58.73,44.5
"2024-11-07 11:30:00",8389,12.69,401,0,-0.002,-0.32,0.32,-0.029,0.028,-0.054,-0.119,58.76,45.35
"2024-11-07 12:00:00",8390,12.69,401,0,0.203,-0.02,1,-0.003,0.088,-0.028,-0.075,59.06,46.49
"2024-11-07 12:30:00",8391,12.69,401,0,0.303,0.12,1.34,0.01,0.119,-0.018,-0.059,59.03,46.73
"2024-11-07 13:00:00",8392,12.69,401,0,0.443,0.38,1.74,0.033,0.154,0.007,-0.033,60.03,47.2
"2024-11-07 13:30:00",8393,12.69,401,0,0.563,0.24,2.47,0.021,0.219,-0.003,0.021,58.46,48.38
"2024-11-07 14:00:00",8394,12.69,401,0,1.026,1.34,3.55,0.119,0.314,0.085,0.083,60.51,48.36
"2024-11-07 14:30:00",8395,12.7,401,0,0.905,1.19,3.12,0.106,0.276,0.066,0.047,59.53,47.8
"2024-11-07 15:00:00",8396,12.7,401,0,1.418,3.38,3.3,0.299,0.292,-99,0.063,-99,50.67
"2024-11-07 15:30:00",8397,12.7,401,0,0.865,1.32,2.79,0.117,0.247,0.069,0.014,59.55,46.57
"2024-11-07 16:00:00",8398,12.7,401,0,0.589,0.68,2.13,0.06,0.189,0.018,-0.021,57.48,46.16
"2024-11-07 16:30:00",8399,12.69,401,0,0.487,0.45,1.88,0.04,0.167,0.003,-0.033,58.3,46.57
"2024-11-07 17:00:00",8400,12.69,401,0,0.306,0.19,1.28,0.017,0.114,-0.019,-0.075,56.18,45.02
"2024-11-07 17:30:00",8401,12.69,401,0,0.07,-0.24,0.59,-0.022,0.053,-0.053,-0.112,57.33,44.5
"2024-11-07 18:00:00",8402,12.69,401,0,-0.182,-0.66,-0.19,-0.059,-0.018,-0.088,-0.162,56.45,43.88
"2024-11-07 18:30:00",8403,12.68,401,0,-0.335,-0.9,-0.68,-0.08,-0.061,-0.108,-0.183,54.9,43.15
"2024-11-07 19:00:00",8404,12.68,401,0,-0.386,-1.01,-0.81,-0.09,-0.073,-0.113,-0.193,55.98,42.99
"2024-11-07 19:30:00",8405,12.68,401,0,-0.424,-1.05,-0.95,-0.094,-0.085,-0.119,-0.199,57.17,42.78
"2024-11-07 20:00:00",8406,12.67,401,0,-0.441,-1.07,-1.01,-0.096,-0.09,-0.118,-0.205,56.7,42.63
"2024-11-07 20:30:00",8407,12.67,401,0,-0.449,-1.11,-1.01,-0.099,-0.091,-0.121,-0.201,56.72,42.64
"2024-11-07 21:00:00",8408,12.67,401,0,-0.471,-1.15,-1.07,-0.103,-0.096,-0.125,-0.205,57.2,42.81
"2024-11-07 21:30:00",8409,12.66,401,0,-0.47,-1.12,-1.1,-0.1,-0.098,-0.125,-0.207,56.61,42.54
"2024-11-07 22:00:00",8410,12.66,401,0,-0.477,-1.18,-1.07,-0.105,-0.095,-0.125,-0.207,56.41,43.27
"2024-11-07 22:30:00",8411,12.66,401,0,-0.471,-1.15,-1.07,-0.103,-0.095,-0.122,-0.207,57.68,42.62
"2024-11-07 23:00:00",8412,12.66,401,0,-0.464,-1.12,-1.07,-0.1,-0.095,-0.123,-0.21,57.24,43.01
"2024-11-07 23:30:00",8413,12.65,401,0,-0.453,-1.1,-1.04,-0.098,-0.093,-0.118,-0.207,56.81,42.99
"2024-11-08 00:00:00",8414,12.66,401,0,-0.466,-1.13,-1.07,-0.1,-0.096,-0.123,-0.203,56.2,43.37
"2024-11-08 00:30:00",8415,12.65,401,0,-0.468,-1.14,-1.07,-0.101,-0.096,-0.121,-0.205,57.04,42.96
"2024-11-08 01:00:00",8416,12.65,401,0,-0.447,-1.09,-1.02,-0.097,-0.091,-0.12,-0.202,55.38,43.37
"2024-11-08 01:30:00",8417,12.65,401,0,-0.436,-1.06,-1,-0.095,-0.09,-0.118,-0.203,56.8,43.23
"2024-11-08 02:00:00",8418,12.65,401,0,-0.447,-1.1,-1.01,-0.098,-0.09,-0.118,-0.201,56.34,43.08
"2024-11-08 02:30:00",8419,12.65,401,0,-0.456,-1.11,-1.04,-0.099,-0.093,-0.121,-0.201,57.11,42.87
"2024-11-08 03:00:00",8420,12.65,401,0,-0.458,-1.11,-1.05,-0.099,-0.094,-0.119,-0.207,56.12,43.28
"2024-11-08 03:30:00",8421,12.64,401,0,-0.451,-1.08,-1.05,-0.096,-0.094,-0.116,-0.202,57.34,43.09
"2024-11-08 04:00:00",8422,12.64,401,0,-0.441,-1.07,-1.01,-0.096,-0.09,-0.118,-0.203,56.9,43.65
"2024-11-08 04:30:00",8423,12.64,401,0,-0.453,-1.1,-1.04,-0.098,-0.093,-0.121,-0.204,56.8,43.23
"2024-11-08 05:00:00",8424,12.64,401,0,-0.456,-1.11,-1.04,-0.099,-0.093,-0.121,-0.207,56.53,42.97
"2024-11-08 05:30:00",8425,12.64,401,0,-0.464,-1.08,-1.11,-0.096,-0.099,-0.121,-0.209,57.11,42.86
"2024-11-08 06:00:00",8426,12.64,401,0,-0.447,-1.07,-1.04,-0.096,-0.093,-0.118,-0.204,56.64,42.56
"2024-11-08 06:30:00",8427,12.63,401,0,-0.455,-1.07,-1.08,-0.096,-0.096,-0.118,-0.207,56.75,42.93
"2024-11-08 07:00:00",8428,12.63,401,0,-0.445,-1.05,-1.05,-0.094,-0.094,-0.119,-0.208,57.68,42.35
"2024-11-08 07:30:00",8429,12.62,401,0,-0.453,-1.1,-1.04,-0.098,-0.093,-0.121,-0.204,56.8,42.82
"2024-11-08 08:00:00",8430,12.62,401,0,-0.44,-1.04,-1.04,-0.093,-0.093,-0.113,-0.204,57.79,42.87
"2024-11-08 08:30:00",8431,12.63,401,0,-0.371,-0.94,-0.81,-0.084,-0.073,-0.107,-0.191,57.58,43.33
"2024-11-08 09:00:00",8432,12.63,401,0,-0.135,-0.51,-0.12,-0.046,-0.012,-0.073,-0.151,58.83,45
"2024-11-08 09:30:00",8433,12.62,401,0,0.108,-0.14,0.67,-0.013,0.059,-0.04,-0.103,59.33,45.35
"2024-11-08 10:00:00",8434,12.62,401,0,0.514,0.61,1.84,0.054,0.163,0.023,-0.028,60.88,47.74
"2024-11-08 10:30:00",8435,12.62,401,0,0.804,1.28,2.54,0.113,0.225,0.075,0.012,61.6,47.52
"2024-11-08 11:00:00",8436,12.62,401,0,0.767,1.07,2.58,0.095,0.228,0.056,0.009,60.03,46.63
"2024-11-08 11:30:00",8437,12.63,401,0,0.803,0.98,2.85,0.086,0.252,0.059,0.037,60.82,47.42
"2024-11-08 12:00:00",8438,12.63,401,0,0.935,1.31,3.14,0.116,0.278,0.07,0.042,59.24,46.26
"2024-11-08 12:30:00",8439,12.63,401,0,0.616,0.3,2.66,0.027,0.236,-99,0.093,-99,56.43
"2024-11-08 13:00:00",8440,12.63,401,0,0.998,1.38,3.37,0.122,0.299,0.037,0.027,52.57,45.56
"2024-11-08 13:30:00",8441,12.63,401,0,0.762,0.64,3.01,0.057,0.267,0.006,0.019,54.31,46.05
"2024-11-08 14:00:00",8442,12.63,401,0,0.802,0.9,2.93,0.079,0.259,0.032,0.024,57.13,45.8
"2024-11-08 14:30:00",8443,12.63,401,0,0.843,1.09,2.93,0.097,0.259,0.061,0.028,60.92,46.68
"2024-11-08 15:00:00",8444,12.63,401,0,1.473,3.49,3.45,0.309,0.306,-99,0.069,-99,49.03
"2024-11-08 15:30:00",8445,12.63,401,0,0.733,1.02,2.47,0.09,0.219,0.04,0,58.67,45.85
"2024-11-08 16:00:00",8446,12.63,401,0,0.489,0.23,2.12,0.02,0.188,-0.016,-0.012,55.92,46.1
"2024-11-08 16:30:00",8447,12.63,401,0,0.546,0.53,2.08,0.046,0.184,0.003,-0.037,56.03,46.37
"2024-11-08 17:00:00",8448,12.62,401,0,0.354,0.24,1.46,0.021,0.129,-0.025,-0.072,54.94,43.62
"2024-11-08 17:30:00",8449,12.62,401,0,0.074,-0.25,0.62,-0.023,0.055,-0.055,-0.12,55.97,44.23
"2024-11-08 18:00:00",8450,12.62,401,0,-0.188,-0.68,-0.2,-0.061,-0.018,-0.094,-0.16,54.97,42.39
"2024-11-08 18:30:00",8451,12.62,401,0,-0.336,-0.93,-0.65,-0.083,-0.058,-0.115,-0.189,56.06,41.98
"2024-11-08 19:00:00",8452,12.61,401,0,-0.391,-1.03,-0.81,-0.092,-0.073,-0.114,-0.198,55.06,43.16
"2024-11-08 19:30:00",8453,12.6,401,0,-0.43,-1.08,-0.95,-0.096,-0.085,-0.121,-0.203,55.74,42.59
"2024-11-08 20:00:00",8454,12.6,401,0,-0.428,-1.04,-0.98,-0.093,-0.088,-0.121,-0.206,55.85,43.02
"2024-11-08 20:30:00",8455,12.6,401,0,-0.46,-1.14,-1.03,-0.102,-0.092,-0.122,-0.204,57.58,42.51
"2024-11-08 21:00:00",8456,12.6,401,0,-0.453,-1.1,-1.04,-0.098,-0.093,-0.123,-0.208,56.4,42.16
"2024-11-08 21:30:00",8457,12.59,401,0,-0.477,-1.14,-1.11,-0.102,-0.099,-0.127,-0.211,55.63,42.63
"2024-11-08 22:00:00",8458,12.59,401,0,-0.462,-1.15,-1.03,-0.103,-0.092,-0.125,-0.207,56.55,42.31
"2024-11-08 22:30:00",8459,12.59,401,0,-0.468,-1.12,-1.09,-0.1,-0.097,-0.125,-0.203,57.21,42.97
"2024-11-08 23:00:00",8460,12.59,401,0,-0.473,-1.15,-1.08,-0.103,-0.096,-0.125,-0.205,58.53,43.29
"2024-11-08 23:30:00",8461,12.59,401,0,-0.475,-1.16,-1.08,-0.104,-0.097,-0.124,-0.203,57.57,44.16
"2024-11-09 00:00:00",8462,12.58,401,0,-0.485,-1.17,-1.12,-0.105,-0.1,-0.127,-0.208,57,43.33
"2024-11-09 00:30:00",8463,12.59,401,0,-0.464,-1.14,-1.05,-0.102,-0.094,-0.125,-0.203,57.41,42.76
"2024-11-09 01:00:00",8464,12.58,401,0,-0.46,-1.11,-1.06,-0.1,-0.095,-0.122,-0.208,56.69,42.87
"2024-11-09 01:30:00",8465,12.58,401,0,-0.473,-1.14,-1.09,-0.102,-0.097,-0.124,-0.206,57.36,43.79
"2024-11-09 02:00:00",8466,12.58,401,0,-0.473,-1.14,-1.09,-0.102,-0.097,-0.119,-0.208,56.53,43.38
"2024-11-09 02:30:00",8467,12.58,401,0,-0.468,-1.15,-1.06,-0.102,-0.095,-0.127,-0.211,56.41,41.6
"2024-11-09 03:00:00",8468,12.58,401,0,-0.46,-1.11,-1.06,-0.1,-0.095,-0.119,-0.209,56.05,43.06
"2024-11-09 03:30:00",8469,12.57,401,0,-0.476,-1.12,-1.13,-0.1,-0.101,-0.125,-0.206,55.49,41.51
"2024-11-09 04:00:00",8470,12.57,401,0,-0.46,-1.11,-1.06,-0.1,-0.095,-0.122,-0.206,57.37,43.39
"2024-11-09 04:30:00",8471,12.57,401,0,-0.462,-1.12,-1.06,-0.1,-0.095,-0.123,-0.206,56.16,41.92
"2024-11-09 05:00:00",8472,12.57,401,0,-0.477,-1.15,-1.1,-0.103,-0.098,-0.125,-0.209,56.71,43.31
"2024-11-09 05:30:00",8473,12.57,401,0,-0.462,-1.12,-1.06,-0.1,-0.095,-0.128,-0.206,56.63,42.55
"2024-11-09 06:00:00",8474,12.57,401,0,-0.47,-1.12,-1.1,-0.1,-0.098,-0.123,-0.212,56.78,40.87
"2024-11-09 06:30:00",8475,12.56,401,0,-0.481,-1.16,-1.11,-0.104,-0.099,-0.126,-0.21,57.41,42.5
"2024-11-09 07:00:00",8476,12.56,401,0,-0.485,-1.12,-1.17,-0.1,-0.104,-0.123,-0.214,56.47,42.91
"2024-11-09 07:30:00",8477,12.56,401,0,-0.477,-1.15,-1.1,-0.103,-0.098,-0.123,-0.212,56.15,43.58
"2024-11-09 08:00:00",8478,12.55,401,0,-0.474,-1.11,-1.13,-0.1,-0.101,-0.125,-0.209,56.01,42.61
"2024-11-09 08:30:00",8479,12.55,401,0,-0.335,-0.86,-0.72,-0.077,-0.065,-0.1,-0.186,58.1,44.01
"2024-11-09 09:00:00",8480,12.55,401,0,-0.097,-0.45,0,-0.041,0,-0.07,-0.145,58.75,44.51
"2024-11-09 09:30:00",8481,12.55,401,0,0.147,-0.02,0.73,-0.003,0.064,-0.03,-0.093,60.29,46.46
"2024-11-09 10:00:00",8482,12.55,401,0,0.362,0.4,1.33,0.035,0.118,-0.003,-0.063,58.84,46.42
"2024-11-09 10:30:00",8483,12.55,401,0,0.401,0.34,1.58,0.031,0.14,0.003,-0.035,62.47,48.8
"2024-11-09 11:00:00",8484,12.55,401,0,0.512,0.67,1.77,0.059,0.156,0.021,-0.036,58.59,46.17
"2024-11-09 11:30:00",8485,12.55,401,0,0.517,0.54,1.93,0.048,0.171,0.013,-0.021,58.83,46.67
"2024-11-09 12:00:00",8486,12.55,401,0,0.636,0.82,2.21,0.072,0.195,0.029,-0.012,57.67,46.19
"2024-11-09 12:30:00",8487,12.56,401,0,0.583,0.72,2.06,0.064,0.182,-99,0.068,-99,58.39
"2024-11-09 13:00:00",8488,12.56,401,0,0.664,0.6,2.58,0.053,0.228,-0.02,-0.02,50.07,45.39
"2024-11-09 13:30:00",8489,12.56,401,0,0.649,0.51,2.6,0.045,0.23,-0.009,-0.005,52.3,45.96
"2024-11-09 14:00:00",8490,12.56,401,0,0.797,1.01,2.79,0.089,0.247,0.045,0.022,58.27,46.37
"2024-11-09 14:30:00",8491,12.56,401,0,0.985,1.78,2.89,0.157,0.256,-99,0.031,-99,47
"2024-11-09 15:00:00",8492,12.56,401,0,1.294,2.99,3.11,0.264,0.275,-99,0.04,-99,48.04
"2024-11-09 15:30:00",8493,12.56,401,0,0.721,0.85,2.59,0.076,0.229,0.02,0,56.07,46.26
"2024-11-09 16:00:00",8494,12.56,401,0,0.606,0.56,2.34,0.049,0.207,0.008,-0.007,57.18,46.69
"2024-11-09 16:30:00",8495,12.55,401,0,0.691,0.95,2.34,0.084,0.207,0.033,-0.025,55.6,45.35
"2024-11-09 17:00:00",8496,12.56,401,0,0.43,0.36,1.7,0.032,0.15,-0.014,-0.057,56.06,44.06
"2024-11-09 17:30:00",8497,12.55,401,0,0.167,-0.06,0.87,-0.006,0.077,-0.044,-0.108,56,44.26
"2024-11-09 18:00:00",8498,12.55,401,0,-0.119,-0.55,0,-0.05,0,-0.083,-0.154,54.82,43.23
"2024-11-09 18:30:00",8499,12.54,401,0,-0.258,-0.77,-0.44,-0.069,-0.04,-0.104,-0.182,55.6,42.45
"2024-11-09 19:00:00",8500,12.54,401,0,-0.336,-0.93,-0.65,-0.084,-0.058,-0.112,-0.187,56.37,42.39
"2024-11-09 19:30:00",8501,12.54,401,0,-0.377,-0.96,-0.82,-0.086,-0.073,-0.117,-0.197,56.18,42.35
"2024-11-09 20:00:00",8502,12.52,401,0,-0.401,-1,-0.89,-0.089,-0.079,-0.117,-0.202,55.9,43.47
"2024-11-09 20:30:00",8503,12.52,401,0,-0.432,-1.05,-0.99,-0.094,-0.088,-0.119,-0.204,55.53,41.87
"2024-11-09 21:00:00",8504,12.52,401,0,-0.451,-1.08,-1.05,-0.097,-0.094,-0.125,-0.209,56.02,42.19
"2024-11-09 21:30:00",8505,12.52,401,0,-0.458,-1.11,-1.05,-0.099,-0.094,-0.124,-0.209,56.75,42.77
"2024-11-09 22:00:00",8506,12.51,401,0,-0.447,-1.1,-1.01,-0.098,-0.091,-0.123,-0.206,56.19,42.2
"2024-11-09 22:30:00",8507,12.51,401,0,-0.475,-1.16,-1.08,-0.104,-0.096,-0.126,-0.211,55.92,41.93
"2024-11-09 23:00:00",8508,12.51,401,0,-0.464,-1.11,-1.08,-0.099,-0.097,-0.124,-0.211,55.92,42.93
"2024-11-09 23:30:00",8509,12.5,401,0,-0.466,-1.12,-1.08,-0.1,-0.096,-0.123,-0.206,56.65,43.24
"2024-11-10 00:00:00",8510,12.5,401,0,-0.483,-1.16,-1.12,-0.103,-0.1,-0.126,-0.209,56.34,42.1
"2024-11-10 00:30:00",8511,12.49,401,0,-0.479,-1.14,-1.12,-0.101,-0.1,-0.124,-0.212,56.91,42.66
"2024-11-10 01:00:00",8512,12.49,401,0,-0.483,-1.17,-1.11,-0.104,-0.099,-0.126,-0.209,56.32,41.82
"2024-11-10 01:30:00",8513,12.49,401,0,-0.472,-1.12,-1.11,-0.1,-0.099,-0.123,-0.208,56.33,43.08
"2024-11-10 02:00:00",8514,12.49,401,0,-0.474,-1.13,-1.11,-0.101,-0.099,-0.129,-0.211,56.92,42.09
"2024-11-10 02:30:00",8515,12.49,401,0,-0.466,-1.09,-1.11,-0.097,-0.099,-0.123,-0.209,57.12,42.88
"2024-11-10 03:00:00",8516,12.48,401,0,-0.464,-1.12,-1.07,-0.1,-0.096,-0.122,-0.211,55.55,41.98
"2024-11-10 03:30:00",8517,12.48,401,0,-0.483,-1.18,-1.1,-0.105,-0.098,-0.125,-0.21,57.63,43.12
"2024-11-10 04:00:00",8518,12.48,401,0,-0.472,-1.12,-1.11,-0.1,-0.099,-0.125,-0.208,56.85,42.76
"2024-11-10 04:30:00",8519,12.48,401,0,-0.468,-1.11,-1.1,-0.099,-0.098,-0.127,-0.208,57.79,42.45
"2024-11-10 05:00:00",8520,12.48,401,0,-0.471,-1.15,-1.07,-0.103,-0.096,-0.125,-0.208,57.26,43.44
"2024-11-10 05:30:00",8521,12.47,401,0,-0.487,-1.12,-1.18,-0.1,-0.105,-0.126,-0.211,57.53,43.29
"2024-11-10 06:00:00",8522,12.48,401,0,-0.474,-1.12,-1.12,-0.1,-0.1,-0.123,-0.209,57.94,42.87
"2024-11-10 06:30:00",8523,12.47,401,0,-0.477,-1.13,-1.12,-0.1,-0.1,-0.12,-0.208,58.06,44.07
"2024-11-10 07:00:00",8524,12.47,401,0,-0.487,-1.17,-1.13,-0.104,-0.101,-0.124,-0.21,57.91,42.84
"2024-11-10 07:30:00",8525,12.47,401,0,-0.498,-1.16,-1.19,-0.104,-0.106,-0.123,-0.212,57.85,41.94
"2024-11-10 08:00:00",8526,12.47,401,0,-0.478,-1.11,-1.15,-0.099,-0.103,-0.119,-0.208,58.54,43.2
"2024-11-10 08:30:00",8527,12.46,401,0,-0.369,-0.94,-0.8,-0.084,-0.072,-0.107,-0.186,57.53,43.7
"2024-11-10 09:00:00",8528,12.47,401,0,-0.223,-0.64,-0.41,-0.058,-0.037,-0.084,-0.166,59.31,43.99
"2024-11-10 09:30:00",8529,12.48,401,0,-0.196,-0.64,-0.28,-0.058,-0.026,-0.081,-0.155,58.95,44.87
"2024-11-10 10:00:00",8530,12.48,401,0,-0.169,-0.58,-0.21,-0.052,-0.02,-0.076,-0.15,58.87,44.63
"2024-11-10 10:30:00",8531,12.47,401,0,-0.129,-0.51,-0.09,-0.046,-0.008,-0.068,-0.142,60.35,44.46
"2024-11-10 11:00:00",8532,12.48,401,0,-0.013,-0.33,0.28,-0.03,0.025,-0.052,-0.114,61.11,46.47
"2024-11-10 11:30:00",8533,12.49,401,0,0.144,-0.07,0.77,-0.007,0.068,-0.027,-0.074,62.32,47.93
"2024-11-10 12:00:00",8534,12.49,401,0,0.267,0.2,1.08,0.018,0.095,-0.01,-0.068,59.95,46.97
"2024-11-10 12:30:00",8535,12.5,401,0,0.493,0.79,1.55,0.07,0.137,-99,-0.016,-99,50.3
"2024-11-10 13:00:00",8536,12.51,401,0,0.427,0.43,1.61,0.038,0.143,0.003,-0.04,58.67,46.94
"2024-11-10 13:30:00",8537,12.51,401,0,0.41,0.39,1.57,0.035,0.139,0.003,-0.042,59.23,46.09
"2024-11-10 14:00:00",8538,12.51,401,0,0.414,0.38,1.6,0.034,0.142,0.005,-0.043,59.3,48.39
"2024-11-10 14:30:00",8539,12.51,401,0,0.475,0.51,1.76,0.045,0.156,0.017,-0.03,60.59,46.62
"2024-11-10 15:00:00",8540,12.51,401,0,0.518,0.69,1.78,0.061,0.157,0.021,-0.033,58.21,45.8
"2024-11-10 15:30:00",8541,12.51,401,0,0.34,0.21,1.42,0.018,0.126,-0.013,-0.05,60.32,46.92
"2024-11-10 16:00:00",8542,12.51,401,0,0.364,0.33,1.41,0.03,0.124,-0.005,-0.057,58.88,45.89
"2024-11-10 16:30:00",8543,12.52,401,0,0.157,-0.02,0.78,-0.003,0.069,-0.039,-0.096,58.51,44.02
"2024-11-10 17:00:00",8544,12.51,401,0,-0.051,-0.39,0.16,-0.036,0.014,-0.068,-0.129,58,44.75
"2024-11-10 17:30:00",8545,12.5,401,0,-0.279,-0.8,-0.51,-0.072,-0.046,-0.103,-0.176,57.37,43.82
"2024-11-10 18:00:00",8546,12.51,401,0,-0.386,-1.01,-0.81,-0.091,-0.073,-0.113,-0.189,57.09,43.42
"2024-11-10 18:30:00",8547,12.51,401,0,-0.426,-1.07,-0.94,-0.096,-0.084,-0.121,-0.198,57.62,43.8
"2024-11-10 19:00:00",8548,12.5,401,0,-0.462,-1.11,-1.07,-0.099,-0.095,-0.124,-0.203,58.23,43.73
"2024-11-10 19:30:00",8549,12.5,401,0,-0.483,-1.15,-1.13,-0.103,-0.101,-0.127,-0.208,57.07,42.68
"2024-11-10 20:00:00",8550,12.5,401,0,-0.489,-1.18,-1.13,-0.106,-0.101,-0.125,-0.208,56.99,42.75
"2024-11-10 20:30:00",8551,12.5,401,0,-0.5,-1.2,-1.16,-0.107,-0.104,-0.127,-0.208,58.85,43.21
"2024-11-10 21:00:00",8552,12.49,401,0,-0.5,-1.23,-1.13,-0.11,-0.101,-0.127,-0.208,57.5,43.83
"2024-11-10 21:30:00",8553,12.49,401,0,-0.552,-1.2,-1.41,-0.107,-0.126,-0.129,-0.222,56.72,43.57
"2024-11-10 22:00:00",8554,12.49,401,0,0.424,3.75,-1.89,0.332,-0.168,0.339,-0.298,56.91,46.42
"2024-11-10 22:30:00",8555,12.49,401,0,-0.104,2.61,-3.25,0.231,-0.289,0.234,-0.448,57.33,52.66
"2024-11-10 23:00:00",8556,12.49,401,0,-0.429,1.23,-3.37,0.108,-0.299,0.118,-0.423,58.66,50.24
"2024-11-10 23:30:00",8557,12.49,401,0,-0.449,0.73,-2.94,0.064,-0.261,0.075,-0.371,58.35,47.85
"2024-11-11 00:00:00",8558,12.49,401,0,-0.13,2.27,-3.02,0.201,-0.268,0.206,-0.4,57.88,46.55
"2024-11-11 00:30:00",8559,12.48,401,0,1.504,8.99,-2.18,0.795,-0.193,0.71,-0.333,57.87,51.95
"2024-11-11 01:00:00",8560,12.48,401,0,0.842,6.08,-2.32,0.538,-0.206,0.507,-0.377,57.3,49.87
"2024-11-11 01:30:00",8561,12.48,401,0,0.272,3.28,-2.13,0.291,-0.189,0.232,-0.324,58.33,56.82
"2024-11-11 02:00:00",8562,12.48,401,0,-0.182,0.88,-1.81,0.078,-0.161,0.055,-0.322,56.8,53.63
"2024-11-11 02:30:00",8563,12.48,401,0,-0.302,0.3,-1.78,0.026,-0.158,0.011,-0.316,57.92,55.48
"2024-11-11 03:00:00",8564,12.47,401,0,-0.432,-0.47,-1.6,-0.043,-0.142,-0.055,-0.289,57.55,51.37
"2024-11-11 03:30:00",8565,12.48,401,0,-0.405,-0.41,-1.53,-0.037,-0.136,-0.044,-0.284,57.49,53.23
"2024-11-11 04:00:00",8566,12.48,401,0,-0.329,-0.06,-1.53,-0.006,-0.136,-0.011,-0.289,56.83,48.42
"2024-11-11 04:30:00",8567,12.47,401,0,-0.335,-0.09,-1.53,-0.009,-0.136,-0.025,-0.288,57.5,49.92
"2024-11-11 05:00:00",8568,12.47,401,0,-0.326,-0.02,-1.56,-0.003,-0.139,-0.011,-0.296,57.89,48.07
"2024-11-11 05:30:00",8569,12.47,401,0,-0.324,0.03,-1.6,0.003,-0.142,0.003,-0.293,56.54,47.29
"2024-11-11 06:00:00",8570,12.47,401,0,-0.287,0.2,-1.6,0.018,-0.143,0.014,-0.258,58.02,3.052
"2024-11-11 06:30:00",8571,12.47,401,0,-0.259,0.43,-1.71,0.038,-0.152,0.04,-0.312,56.88,49.14
"2024-11-11 07:00:00",8572,12.47,401,0,-0.251,0.4,-1.64,0.035,-0.146,0.037,-0.312,57.93,48.42
"2024-11-11 07:30:00",8573,12.46,401,0,-0.266,0.2,-1.5,0.018,-0.134,0.011,-0.294,56.83,49.51
"2024-11-11 08:00:00",8574,12.47,401,0,-0.299,-0.02,-1.43,-0.003,-0.128,-3.62,-0.286,56.54,53.95
"2024-11-11 08:30:00",8575,12.47,401,0,-0.288,0.07,-1.47,0.006,-0.131,0.003,-0.277,57.37,52.12
"2024-11-11 09:00:00",8576,12.46,401,0,-0.272,0.2,-1.53,0.017,-0.136,0.014,-0.282,57.15,49.3
"2024-11-11 09:30:00",8577,12.46,401,0,-0.257,0.23,-1.49,0.02,-0.133,0.017,-0.282,57.77,51.69
"2024-11-11 10:00:00",8578,12.46,401,0,-0.224,0.43,-1.54,0.039,-0.137,0.026,-0.28,57.31,50.55
"2024-11-11 10:30:00",8579,12.46,401,0,-0.172,0.66,-1.53,0.059,-0.136,-1.658,-0.283,57.41,50.92
"2024-11-11 11:00:00",8580,12.46,401,0,-0.165,0.6,-1.43,0.053,-0.127,0.055,-0.286,58.3,51.13
"2024-11-11 11:30:00",8581,12.46,401,0,-0.045,1.12,-1.4,0.099,-0.124,0.094,-0.281,57.71,53.03
"2024-11-11 12:00:00",8582,12.46,401,0,-1.706,-7.85,-99,-0.696,-99,-1.74,-99,57.04,-99
"2024-11-11 12:30:00",8583,12.46,401,0,0.485,2.23,-99,0.197,-99,-99,-99,-99,-99
"2024-11-11 13:00:00",8584,12.46,401,0,1.133,1.86,3.52,0.165,0.311,-0.009,0.961,55.54,3.051
"2024-11-11 13:30:00",8585,12.46,401,0,-1.348,-0.18,-6.33,-0.016,-0.561,-0.058,-0.469,58.13,37.91
"2024-11-11 14:00:00",8586,12.46,401,0,1.066,1.38,3.7,0.122,0.327,0.091,0.18,58.81,66.6
"2024-11-11 14:30:00",8587,12.46,401,0,0.388,1.04,0.78,0.092,0.069,0.044,-0.135,61.4,74.6
"2024-11-11 15:00:00",8588,12.46,401,0,0.588,1.84,0.91,0.163,0.081,-99,-0.091,-99,60.88
"2024-11-11 15:30:00",8589,12.46,401,0,-0.099,-1.27,0.85,-0.113,0.075,-0.109,-0.063,53.78,44.11
"2024-11-11 16:00:00",8590,12.46,401,0,0.549,0.86,1.75,0.077,0.155,0.037,0.102,65.34,35.16
"2024-11-11 16:30:00",8591,12.46,401,0,0.204,0.5,0.46,0.044,0.041,-0.041,0.033,57,38.86
"2024-11-11 17:00:00",8592,12.46,401,0,0.205,0.16,0.82,0.015,0.073,-0.047,-0.041,56.83,42.02
"2024-11-11 17:30:00",8593,12.46,401,0,0.003,-0.15,0.17,-0.015,0.015,-0.105,-0.171,56.42,61.3
"2024-11-11 18:00:00",8594,12.45,401,0,0.47,0.41,1.84,0.037,0.163,0.012,0.05,56.15,43.58
"2024-11-11 18:30:00",8595,12.45,401,0,-0.123,-0.39,-0.19,-0.035,-0.018,-0.072,-0.11,56.46,28.93
"2024-11-11 19:00:00",8596,12.44,401,0,-1.445,-6.65,-99,-0.589,-99,-0.859,-99,56.58,-99
"2024-11-11 19:30:00",8597,12.45,401,0,-0.234,-0.35,-0.77,-0.032,-0.069,-0.061,-0.195,57.14,45.66
"2024-11-11 20:00:00",8598,12.44,401,0,0.777,1.03,2.67,0.091,0.236,0.058,0.089,58.06,44.49
"2024-11-11 20:30:00",8599,12.44,401,0,0.146,-0.06,0.77,-0.006,0.069,-0.074,-0.08,58.94,47.19
"2024-11-11 21:00:00",8600,12.44,401,0,0.243,-0.09,1.27,-0.009,0.112,-0.115,0.044,57.81,43.42
"2024-11-11 21:30:00",8601,12.43,401,0,-0.597,-0.94,-1.9,-0.084,-0.169,-0.111,-0.294,57.31,51.23
"2024-11-11 22:00:00",8602,12.43,401,0,0.845,1.04,2.99,0.092,0.265,0.056,0.066,57.5,54.75
"2024-11-11 22:30:00",8603,12.43,401,0,0.097,0,0.47,0,0.042,-0.028,0.807,56.78,3.052
"2024-11-11 23:00:00",8604,12.43,401,0,0.325,0.17,1.39,0.015,0.123,-0.017,-0.051,56.64,51.55
"2024-11-11 23:30:00",8605,12.42,401,0,0.012,-0.22,0.29,-0.021,0.025,-0.072,-0.111,56.53,59.08
"2024-11-12 00:00:00",8606,12.42,401,0,1335,-0.98,6449,-0.088,-0.154,-0.117,1.178,56.62,3.051
"2024-11-12 00:30:00",8607,12.42,401,0,1367,-0.19,6606,-0.018,0.026,-0.045,1.387,55.13,3.05
"2024-11-12 01:00:00",8608,12.42,401,0,0.281,0.17,1.18,0.015,0.105,-0.062,-0.101,57.31,64.12
"2024-11-12 01:30:00",8609,12.42,401,0,1366,-4.07,6604,-0.361,-99,-0.39,1.026,55.28,3.052
"2024-11-12 02:00:00",8610,12.42,401,0,-0.566,-1.15,-1.53,-0.102,-0.136,-0.105,-0.143,56.54,47.29
"2024-11-12 02:30:00",8611,12.41,401,0,-0.234,-0.71,-0.39,-0.063,-0.035,-0.086,-0.169,57.27,49.27
"2024-11-12 03:00:00",8612,12.41,401,0,-0.659,-1.18,-1.95,-0.105,-0.174,-0.149,-0.288,56.27,53.26
"2024-11-12 03:30:00",8613,12.41,401,0,-0.208,-0.62,-0.36,-0.055,-0.032,-0.059,-0.122,55.93,45.99
"2024-11-12 04:00:00",8614,12.41,401,0,-0.332,-0.77,-0.8,-0.069,-0.072,-0.105,-0.089,57.95,42.04
"2024-11-12 04:30:00",8615,12.41,401,0,-0.871,-1.44,-2.7,-0.128,-0.24,-0.132,-0.242,57.52,40.79
"2024-11-12 05:00:00",8616,12.4,401,0,0.291,0.27,1.12,0.024,0.099,-0.009,-0.061,57.01,46.92
"2024-11-12 05:30:00",8617,12.4,401,0,-0.934,-4.3,-99,-0.382,-99,-0.493,-99,57.02,-99
"2024-11-12 06:00:00",8618,12.4,401,0,-0.76,-3.5,-99,-0.31,-99,-0.309,-99,57.48,-99
"2024-11-12 06:30:00",8619,12.4,401,0,-1.52,-1.52,-5.75,-0.136,-0.51,-0.157,-0.595,57.31,47.07
"2024-11-12 07:00:00",8620,12.4,401,0,3.433,6.67,9.58,0.59,0.848,0.54,0.665,57.77,44.52
"2024-11-12 07:30:00",8621,12.4,401,0,-0.343,-0.63,-1,-0.057,-0.089,-0.069,-0.204,57.73,44.89
"2024-11-12 08:00:00",8622,12.4,401,0,-0.297,-0.38,-1.04,-0.035,-0.093,-0.048,-0.212,56.49,44.74
"2024-11-12 08:30:00",8623,12.4,401,0,-0.741,-3.41,-99,-0.303,-99,-0.693,-99,59.93,-99
"2024-11-12 09:00:00",8624,12.39,401,0,-0.619,-2.85,-99,-0.253,-99,-0.397,0.14,57.19,54.18
"2024-11-12 09:30:00",8625,12.39,401,0,-1.343,-0.85,-5.6,-0.076,-0.497,-0.348,-0.133,58.59,46.68
"2024-11-12 10:00:00",8626,12.39,401,0,2.552,4.54,7.56,0.402,0.669,-0.015,0.517,57.44,43.03
"2024-11-12 10:30:00",8627,12.39,401,0,0.169,0.36,0.44,0.032,0.039,0.005,-0.135,58.42,51.67
"2024-11-12 11:00:00",8628,12.39,401,0,0.434,0.53,1.54,0.046,0.137,0.018,-0.059,62.85,49.7
"2024-11-12 11:30:00",8629,12.39,401,0,-0.471,-2.17,-99,-0.193,-99,-0.213,-99,61.38,-99
"2024-11-12 12:00:00",8630,12.39,401,0,1.157,1.82,3.68,0.161,0.326,0.073,0.066,57.39,56.19
"2024-11-12 12:30:00",8631,12.39,401,0,0.946,1.55,2.94,0.137,0.26,-99,0.117,-99,55.02
"2024-11-12 13:00:00",8632,12.4,401,0,0.92,1.46,2.91,0.13,0.258,0.045,-0.021,52.95,48.69
"2024-11-12 13:30:00",8633,12.39,401,0,-0.534,-0.45,-2.11,-0.041,-0.187,-0.09,-0.377,55.23,44.32
"2024-11-12 14:00:00",8634,12.4,401,0,0.453,-0.06,2.25,-0.006,0.199,-0.034,-0.017,54.66,51.07
"2024-11-12 14:30:00",8635,12.39,401,0,1.159,2.57,2.9,0.228,0.257,-99,0.038,-99,56.26
"2024-11-12 15:00:00",8636,12.39,401,0,1.131,2.65,2.68,0.235,0.237,0.145,-0.005,62.19,45.46
"2024-11-12 15:30:00",8637,12.39,401,0,0.593,0.28,2.57,0.025,0.228,-0.015,-0.003,55.66,48.07
"2024-11-12 16:00:00",8638,12.39,401,0,0.906,1.55,2.75,0.137,0.243,0.09,0.007,67.75,47.85
"2024-11-12 16:30:00",8639,12.39,401,0,0.608,1.12,1.76,0.099,0.156,0.042,-0.087,56.48,46.65
"2024-11-12 17:00:00",8640,12.39,401,0,0.659,0.88,2.26,0.078,0.2,0.025,-0.043,58.01,45.43
"2024-11-12 17:30:00",8641,12.38,401,0,0.411,0.5,1.46,0.044,0.129,-0.003,-0.082,56.72,46.49
"2024-11-12 18:00:00",8642,12.38,401,0,0.103,-0.06,0.56,-0.006,0.05,-0.047,-0.134,57.26,45.51
"2024-11-12 18:30:00",8643,12.38,401,0,-0.139,-0.48,-0.17,-0.044,-0.016,-0.078,-0.179,56.81,44.22
"2024-11-12 19:00:00",8644,12.37,401,0,-0.231,-0.64,-0.45,-0.058,-0.04,-0.086,-0.191,58.52,44.69
"2024-11-12 19:30:00",8645,12.37,401,0,2941,-0.74,7999,-0.067,-0.059,-0.094,1.929,57.76,3.01
"2024-11-12 20:00:00",8646,12.36,401,0,-0.353,-0.81,-0.86,-0.072,-0.077,-0.099,-0.212,56.09,43.77
"2024-11-12 20:30:00",8647,12.36,401,0,-0.571,-1.02,-1.69,-0.091,-0.151,-0.118,-0.278,57.04,44.61
"2024-11-12 21:00:00",8648,12.36,401,0,-0.387,-0.9,-0.93,-0.081,-0.084,-0.107,-0.212,55.97,44.22
"2024-11-12 21:30:00",8649,12.36,401,0,-0.621,-1.12,-1.83,-0.1,-0.163,-0.125,-0.289,56.02,43.86
"2024-11-12 22:00:00",8650,12.35,401,0,-0.435,-0.96,-1.1,-0.086,-0.099,-0.113,-0.222,55.75,44.01
"2024-11-12 22:30:00",8651,12.35,401,0,-0.446,-1,-1.11,-0.089,-0.099,-0.113,-0.225,57.37,44.38
"2024-11-12 23:00:00",8652,12.34,401,0,-0.423,-0.93,-1.07,-0.084,-0.096,-0.11,-0.223,56.66,44.07
"2024-11-12 23:30:00",8653,12.34,401,0,-0.402,-0.9,-1,-0.081,-0.089,-0.102,-0.208,56.39,43.81
"2024-11-13 00:00:00",8654,12.34,401,0,-0.414,-0.93,-1.03,-0.083,-0.092,-0.107,-0.211,56.97,42.31
"2024-11-13 00:30:00",8655,12.33,401,0,-0.408,-0.93,-1,-0.084,-0.089,-0.108,-0.211,57.02,43.03
"2024-11-13 01:00:00",8656,12.33,401,0,-0.421,-0.96,-1.03,-0.086,-0.092,-0.108,-0.214,57.25,43.16
"2024-11-13 01:30:00",8657,12.32,401,0,-0.423,-0.93,-1.07,-0.084,-0.095,-0.105,-0.214,56.51,42.68
"2024-11-13 02:00:00",8658,12.33,401,0,-0.425,-0.94,-1.07,-0.084,-0.096,-0.105,-0.214,56.77,42.78
"2024-11-13 02:30:00",8659,12.32,401,0,-0.421,-0.96,-1.03,-0.086,-0.092,-0.11,-0.212,55.73,43.4
"2024-11-13 03:00:00",8660,12.32,401,0,-0.429,-0.93,-1.1,-0.083,-0.098,-0.107,-0.214,56.98,43.15
"2024-11-13 03:30:00",8661,12.32,401,0,-0.414,-0.93,-1.03,-0.083,-0.092,-0.107,-0.211,55.97,42.82
"2024-11-13 04:00:00",8662,12.32,401,0,-0.403,-0.87,-1.04,-0.078,-0.093,-0.103,-0.214,56.68,42.84
"2024-11-13 04:30:00",8663,12.32,401,0,-0.41,-0.9,-1.04,-0.08,-0.093,-0.105,-0.214,57.46,43.36
"2024-11-13 05:00:00",8664,12.31,401,0,-0.401,-0.87,-1.03,-0.078,-0.092,-0.1,0.533,57.03,3.01
"2024-11-13 05:30:00",8665,12.31,401,0,-0.401,-0.87,-1.03,-0.078,-0.092,-0.1,-0.209,56.68,43.68
"2024-11-13 06:00:00",8666,12.31,401,0,-0.401,-0.87,-1.03,-0.078,-0.092,-0.102,-0.209,56.67,42.69
"2024-11-13 06:30:00",8667,12.31,401,0,-0.408,-0.9,-1.03,-0.081,-0.092,-0.102,-0.209,57.72,42.79
"2024-11-13 07:00:00",8668,12.31,401,0,-0.393,-0.83,-1.03,-0.075,-0.092,-0.097,-0.209,56.82,43.14
"2024-11-13 07:30:00",8669,12.31,401,0,-0.416,-0.9,-1.07,-0.081,-0.096,-0.1,-0.212,56.77,42.1
"2024-11-13 08:00:00",8670,12.3,401,0,-0.399,-0.86,-1.03,-0.077,-0.092,-0.099,0.559,58.2,3.01
"2024-11-13 08:30:00",8671,12.3,401,0,-0.374,-0.82,-0.95,-0.073,-0.085,-0.092,-0.208,58.25,44.25
"2024-11-13 09:00:00",8672,12.3,401,0,-0.285,-0.65,-0.7,-0.058,-0.063,-0.081,-0.189,58.66,44.82
"2024-11-13 09:30:00",8673,12.3,401,0,-0.204,-0.56,-0.4,-0.05,-0.036,-0.065,-0.154,64.06,46.22
"2024-11-13 10:00:00",8674,12.3,401,0,-0.072,-0.25,-0.09,-0.023,-0.009,-0.049,-0.151,57.82,44.82
"2024-11-13 10:30:00",8675,12.3,401,0,-0.459,-0.62,-1.57,-0.056,-0.14,-0.085,-0.273,59.74,48.4
"2024-11-13 11:00:00",8676,12.31,401,0,-0.404,-0.75,-1.17,-0.068,-0.105,-0.086,-0.263,62.8,47.98
"2024-11-13 11:30:00",8677,12.31,401,0,0.112,0,0.54,0,0.048,-0.023,-0.113,62.75,48.09
"2024-11-13 12:00:00",8678,12.31,401,0,0.106,0,0.51,0,0.045,-0.036,-0.129,57.1,46.75
"2024-11-13 12:30:00",8679,12.32,401,0,0.305,0.51,0.94,0.045,0.084,-99,-0.024,-99,56.24
"2024-11-13 13:00:00",8680,12.32,401,0,0.391,0.56,1.3,0.05,0.115,-0.015,-0.09,53.77,46.44
"2024-11-13 13:30:00",8681,12.33,401,0,0.377,0.22,1.59,0.019,0.141,-0.027,-0.066,54.93,44.85
"2024-11-13 14:00:00",8682,12.33,401,0,0.429,0.07,2,0.006,0.177,-0.025,-0.025,56.23,46.56
"2024-11-13 14:30:00",8683,12.33,401,0,0.553,0.4,2.25,0.036,0.199,0.023,0.019,63.81,50.55
"2024-11-13 15:00:00",8684,12.32,401,0,0.23,-0.17,1.29,-0.016,0.114,-0.051,-0.053,54.15,45.15
"2024-11-13 15:30:00",8685,12.33,401,0,0.569,0.58,2.14,0.051,0.19,0.027,-0.012,60.48,48.48
"2024-11-13 16:00:00",8686,12.33,401,0,0.908,1.91,2.38,0.169,0.211,0.134,0,67.29,48.21
"2024-11-13 16:30:00",8687,12.33,401,0,0.54,0.81,1.76,0.072,0.156,0.012,-0.073,55.85,44.37
"2024-11-13 17:00:00",8688,12.33,401,0,0.47,0.57,1.67,0.05,0.148,0.003,-0.077,57.07,45.73
"2024-11-13 17:30:00",8689,12.33,401,0,0.322,0.33,1.21,0.029,0.107,-0.014,-0.098,57.42,45.26
"2024-11-13 18:00:00",8690,12.32,401,0,0.014,0,0.07,0,0.006,-0.039,-0.178,55.87,45.11
"2024-11-13 18:30:00",8691,12.32,401,0,-0.174,-0.29,-0.54,-0.026,-0.048,-0.061,-0.215,56.15,46.06
"2024-11-13 19:00:00",8692,12.32,401,0,-0.133,-0.52,-0.1,-0.047,-0.009,-0.08,-0.156,56.84,43.59
"2024-11-13 19:30:00",8693,12.31,401,0,-0.217,-0.68,-0.34,-0.061,-0.031,-0.089,-0.172,55.84,44.1
"2024-11-13 20:00:00",8694,12.31,401,0,-0.274,-0.74,-0.55,-0.066,-0.049,-0.094,-0.182,57.43,43.19
"2024-11-13 20:30:00",8695,12.3,401,0,-0.306,-0.83,-0.61,-0.074,-0.055,-0.101,-0.184,56.8,44.38
"2024-11-13 21:00:00",8696,12.3,401,0,-0.337,-0.87,-0.72,-0.078,-0.065,-0.099,-0.195,57.06,43.39
"2024-11-13 21:30:00",8697,12.29,401,0,-0.362,-0.89,-0.82,-0.08,-0.074,-0.101,-0.201,57.06,42.81
"2024-11-13 22:00:00",8698,12.29,401,0,-0.387,-0.9,-0.93,-0.08,-0.083,-0.107,-0.206,57.27,43.29
"2024-11-13 22:30:00",8699,12.29,401,0,-0.393,-0.9,-0.96,-0.081,-0.086,-0.105,-0.206,56.47,43.46
"2024-11-13 23:00:00",8700,12.28,401,0,-0.412,-0.92,-1.03,-0.083,-0.092,-0.104,-0.214,57.63,43.13
"2024-11-13 23:30:00",8701,12.28,401,0,-0.416,-0.9,-1.07,-0.081,-0.096,-0.102,-0.217,56.87,44.03
"2024-11-14 00:00:00",8702,12.28,401,0,-0.429,-0.93,-1.1,-0.083,-0.098,-0.102,-0.217,57.28,43.04
"2024-11-14 00:30:00",8703,12.28,401,0,-0.45,-0.96,-1.17,-0.086,-0.104,-0.107,-0.223,56.87,43.2
"2024-11-14 01:00:00",8704,12.28,401,0,-0.443,-0.91,-1.19,-0.082,-0.107,-0.1,-0.219,58.02,44.03
"2024-11-14 01:30:00",8705,12.27,401,0,-0.431,-0.92,-1.12,-0.082,-0.1,-0.101,-0.219,57.96,43.72
"2024-11-14 02:00:00",8706,12.27,401,0,-0.435,-0.91,-1.15,-0.081,-0.103,-0.103,-0.215,58.83,43.76
"2024-11-14 02:30:00",8707,12.27,401,0,-0.412,-0.87,-1.08,-0.078,-0.096,-0.097,-0.209,58.61,43.94
"2024-11-14 03:00:00",8708,12.27,401,0,-0.401,-0.85,-1.05,-0.076,-0.094,-0.095,-0.207,57.81,43.72
"2024-11-14 03:30:00",8709,12.27,401,0,-0.399,-0.88,-1.01,-0.079,-0.09,-0.098,-0.204,56.98,43.98
"2024-11-14 04:00:00",8710,12.26,401,0,-0.412,-0.91,-1.04,-0.081,-0.093,-0.098,-0.209,57.67,43.83
"2024-11-14 04:30:00",8711,12.26,401,0,-0.42,-0.91,-1.08,-0.081,-0.096,-0.1,-0.212,58.07,43.67
"2024-11-14 05:00:00",8712,12.27,401,0,-0.406,-0.91,-1.01,-0.081,-0.09,-0.103,-0.209,57.55,43.88
"2024-11-14 05:30:00",8713,12.27,401,0,-0.419,-0.94,-1.04,-0.084,-0.093,-0.103,-0.207,57.39,44.23
"2024-11-14 06:00:00",8714,12.26,401,0,-0.41,-0.9,-1.04,-0.081,-0.093,-0.103,-0.207,58.16,44.59
"2024-11-14 06:30:00",8715,12.27,401,0,-0.418,-0.91,-1.07,-0.081,-0.096,-0.1,-0.209,57.17,43.91
"2024-11-14 07:00:00",8716,12.27,401,0,-0.419,-0.94,-1.04,-0.084,-0.093,-0.1,-0.207,57.69,43.6
"2024-11-14 07:30:00",8717,12.26,401,0,-0.406,-0.88,-1.04,-0.079,-0.093,-0.1,-0.207,57.46,44.04
"2024-11-14 08:00:00",8718,12.27,401,0,-0.42,-0.91,-1.08,-0.081,-0.096,-0.103,-0.207,57.34,43.09
"2024-11-14 08:30:00",8719,12.27,401,0,-0.347,-0.77,-0.87,-0.069,-0.077,-0.091,-0.198,59.06,44.81
"2024-11-14 09:00:00",8720,12.27,401,0,-0.248,-0.61,-0.56,-0.055,-0.05,-0.077,-0.179,59.69,43.51
"2024-11-14 09:30:00",8721,12.27,401,0,-0.197,-0.54,-0.39,-0.049,-0.035,-0.069,-0.166,58.7,45.13
"2024-11-14 10:00:00",8722,12.27,401,0,-0.363,-0.57,-1.16,-0.051,-0.104,-0.073,-0.246,59.73,47.3
"2024-11-14 10:30:00",8723,12.27,401,0,-0.11,-0.36,-0.16,-0.033,-0.015,-0.061,-0.167,58.86,46.12
"2024-11-14 11:00:00",8724,12.28,401,0,-0.056,-0.33,0.07,-0.03,0.006,-0.058,-0.151,58.81,46.49
"2024-11-14 11:30:00",8725,12.28,401,0,-0.044,-0.3,0.1,-0.027,0.009,-0.056,-0.152,58.32,46.42
"2024-11-14 12:00:00",8726,12.27,401,0,0.002,-0.21,0.23,-0.019,0.021,-0.048,-0.133,59.02,46.17
"2024-11-14 12:30:00",8727,12.28,401,0,0.092,-0.08,0.53,-0.008,0.047,-0.037,-0.12,60.57,46.74
"2024-11-14 13:00:00",8728,12.27,401,0,0.156,0.06,0.69,0.005,0.061,-0.023,-0.107,59.51,45.68
"2024-11-14 13:30:00",8729,12.27,401,0,0.206,0.09,0.9,0.008,0.079,-0.024,-0.095,59.25,47.5
"2024-11-14 14:00:00",8730,12.27,401,0,0.223,0.15,0.92,0.013,0.082,-0.016,-0.094,60.89,47.9
"2024-11-14 14:30:00",8731,12.28,401,0,0.198,0.12,0.83,0.011,0.074,-0.024,-0.1,59.45,46.46
"2024-11-14 15:00:00",8732,12.28,401,0,0.242,0.15,1.01,0.013,0.09,-0.013,-0.081,61.84,47.34
"2024-11-14 15:30:00",8733,12.27,401,0,0.259,0.19,1.05,0.016,0.093,-0.016,-0.084,59.32,46.9
"2024-11-14 16:00:00",8734,12.28,401,0,0.217,0.16,0.88,0.014,0.078,-0.024,-0.103,58.54,46.8
"2024-11-14 16:30:00",8735,12.28,401,0,0.105,-0.09,0.6,-0.008,0.054,-0.04,-0.118,58.91,45.5
"2024-11-14 17:00:00",8736,12.28,401,0,-0.046,-0.31,0.1,-0.028,0.009,-0.062,-0.147,57.68,45.67
"2024-11-14 17:30:00",8737,12.28,401,0,-0.162,-0.53,-0.23,-0.048,-0.021,-0.076,-0.168,57.88,45.04
"2024-11-14 18:00:00",8738,12.27,401,0,-0.282,-0.72,-0.61,-0.065,-0.055,-0.092,-0.195,57.22,44.23
"2024-11-14 18:30:00",8739,12.27,401,0,-0.336,-0.78,-0.81,-0.07,-0.073,-0.097,-0.211,58.3,45.57
"2024-11-14 19:00:00",8740,12.27,401,0,-0.421,-0.97,-1.02,-0.087,-0.091,-0.111,-0.224,58.51,45.67
"2024-11-14 19:30:00",8741,12.26,401,0,-0.436,-0.97,-1.09,-0.087,-0.097,-0.111,-0.227,57.35,44.2
"2024-11-14 20:00:00",8742,12.27,401,0,-0.48,-1.04,-1.23,-0.093,-0.11,-0.114,-0.232,57.57,45.41
"2024-11-14 20:30:00",8743,12.26,401,0,-0.539,-1.01,-1.55,-0.09,-0.139,-0.114,-0.265,57.08,45.17
"2024-11-14 21:00:00",8744,12.26,401,0,-0.617,-1.11,-1.82,-0.099,-0.162,-0.117,-0.299,56.65,46.41
"2024-11-14 21:30:00",8745,12.26,401,0,-0.64,-1.1,-1.94,-0.098,-0.173,-0.119,-0.305,57.27,45.37
"2024-11-14 22:00:00",8746,12.26,401,0,-2.353,-1.61,-9.68,-0.143,-0.858,-0.162,-0.957,56.23,45.58
"2024-11-14 22:30:00",8747,12.26,401,0,-0.639,-1.07,-1.97,-0.096,-0.175,-0.117,-0.295,57.68,43.85
"2024-11-14 23:00:00",8748,12.25,401,0,-0.574,-1.1,-1.62,-0.098,-0.145,-0.119,-0.27,58.22,48.29
"2024-11-14 23:30:00",8749,12.25,401,0,-0.555,-1.08,-1.55,-0.096,-0.139,-0.117,-0.269,58.93,44.53
"2024-11-15 00:00:00",8750,12.25,401,0,-0.559,-1.07,-1.58,-0.096,-0.141,-0.119,-0.264,58.42,42.93
"2024-11-15 00:30:00",8751,12.25,401,0,-0.545,-1.1,-1.48,-0.098,-0.132,-0.119,0.439,58.2,3.053
"2024-11-15 01:00:00",8752,12.25,401,0,-0.63,-1.14,-1.85,-0.101,-0.164,-0.12,-0.282,57.42,45.83
"2024-11-15 01:30:00",8753,12.24,401,0,-0.592,-1.11,-1.7,-0.099,-0.151,-0.12,-0.271,57.59,47.09
"2024-11-15 02:00:00",8754,12.24,401,0,-0.567,-1.07,-1.62,-0.096,-0.145,-0.12,-0.256,57.41,44.99
"2024-11-15 02:30:00",8755,12.24,401,0,-0.599,-1.14,-1.7,-0.101,-0.151,-0.12,-0.268,57.73,45.98
"2024-11-15 03:00:00",8756,12.24,401,0,-0.524,-1.08,-1.4,-0.096,-0.125,-0.118,-0.26,57.49,49.07
"2024-11-15 03:30:00",8757,12.24,401,0,-0.56,-1.04,-1.62,-0.093,-0.145,-0.112,0.073,57.38,3.053
"2024-11-15 04:00:00",8758,12.24,401,0,2941,-1.11,7999,-0.099,-0.145,-0.12,2.678,56.91,3.01
"2024-11-15 04:30:00",8759,12.24,401,0,-0.615,-1.14,-1.78,-0.102,-0.158,-0.117,-0.204,56.82,3.054
"2024-11-15 05:00:00",8760,12.23,401,0,-0.64,-1.11,-1.93,-0.099,-0.172,-0.12,-0.296,57.58,45.83
"2024-11-15 05:30:00",8761,12.24,401,0,-0.586,-1.11,-1.67,-0.099,-0.148,-0.12,-0.29,58.21,45.62
"2024-11-15 06:00:00",8762,12.23,401,0,-0.586,-1.08,-1.7,-0.096,-0.152,-0.115,-0.285,57.33,47.24
"2024-11-15 06:30:00",8763,12.23,401,0,-0.59,-1.05,-1.75,-0.094,-0.156,-0.113,-0.275,57.49,45.74
"2024-11-15 07:00:00",8764,12.23,401,0,-0.64,-1.09,-1.95,-0.097,-0.173,-0.447,-0.289,57.8,45.22
"2024-11-15 07:30:00",8765,12.22,401,0,-0.599,-1.12,-1.72,-0.1,-0.153,-0.121,-0.282,56.87,45.95
"2024-11-15 08:00:00",8766,12.23,401,0,-0.604,-1.08,-1.79,-0.096,-0.159,-0.115,-0.282,57.01,45.52
"2024-11-15 08:30:00",8767,12.23,401,0,-0.571,-1.08,-1.63,-0.096,-0.146,-0.115,-0.278,58.1,45.94
"2024-11-15 09:00:00",8768,12.23,401,0,-0.573,-1.06,-1.66,-0.095,-0.148,-0.113,-0.268,57.63,45.47
"2024-11-15 09:30:00",8769,12.23,401,0,-0.546,-1,-1.59,-0.089,-0.141,-0.111,-0.272,58.53,45.53
"2024-11-15 10:00:00",8770,12.22,401,0,-0.484,-0.86,-1.44,-0.077,-0.129,-0.096,-0.258,58.73,47.4
"2024-11-15 10:30:00",8771,12.22,401,0,-0.368,-0.83,-0.91,-0.075,-0.081,-0.094,-0.208,60.23,49.16
"2024-11-15 11:00:00",8772,12.23,401,0,-0.267,-0.64,-0.62,-0.058,-0.055,-0.072,-0.187,60.48,47.49
"2024-11-15 11:30:00",8773,12.23,401,0,-0.084,-0.18,-0.22,-0.017,-0.021,-0.046,-0.173,59.66,47.75
"2024-11-15 12:00:00",8774,12.23,401,0,0.001,-0.12,0.13,-0.011,0.012,-0.044,-0.15,58.93,48.59
"2024-11-15 12:30:00",8775,12.23,401,0,0.01,-0.21,0.27,-0.019,0.024,-0.042,-0.14,60.28,48.38
"2024-11-15 13:00:00",8776,12.23,401,0,-0.548,-0.64,-1.98,-0.057,-0.176,-0.082,-0.327,57.75,46
"2024-11-15 13:30:00",8777,12.23,401,0,0.072,0,0.35,0,0.031,-0.037,-0.151,57.23,48.23
"2024-11-15 14:00:00",8778,12.23,401,0,0.132,0.16,0.47,0.014,0.042,-0.016,-0.141,59.68,48.35
"2024-11-15 14:30:00",8779,12.23,401,0,0.188,0.16,0.74,0.014,0.066,-0.016,0.305,59.45,3.05
"2024-11-15 15:00:00",8780,12.23,401,0,0.206,0.13,0.86,0.011,0.076,-0.025,-0.113,57.32,46.67
"2024-11-15 15:30:00",8781,12.23,401,0,0.635,1.7,1.28,0.15,0.113,-99,-0.066,-99,52.27
"2024-11-15 16:00:00",8782,12.23,401,0,0.175,0.13,0.71,0.012,0.063,-0.028,-0.128,57.23,47.41
"2024-11-15 16:30:00",8783,12.22,401,0,0.129,0.03,0.59,0.003,0.052,-0.03,-0.135,56.65,46.41
"2024-11-15 17:00:00",8784,12.22,401,0,0.009,-0.16,0.21,-0.015,0.019,-0.051,-0.158,57.71,45.8
"2024-11-15 17:30:00",8785,12.22,401,0,-0.095,-0.32,-0.13,-0.029,-0.013,-0.062,-0.185,56.86,45.11
"2024-11-15 18:00:00",8786,12.21,401,0,-0.218,-0.51,-0.52,-0.046,-0.047,-0.078,-0.201,57.34,45.59
"2024-11-15 18:30:00",8787,12.22,401,0,-0.304,-0.64,-0.8,-0.057,-0.072,-0.085,-0.216,57.31,44.73
"2024-11-15 19:00:00",8788,12.21,401,0,-0.392,-0.81,-1.05,-0.072,-0.094,-0.097,-0.229,56.32,46.09
"2024-11-15 19:30:00",8789,12.21,401,0,-0.437,-0.91,-1.16,-0.081,-0.103,-0.103,-0.238,56.8,45.05
"2024-11-15 20:00:00",8790,12.21,401,0,-0.454,-0.93,-1.22,-0.083,-0.109,-0.105,-0.24,57.37,45.36
"2024-11-15 20:30:00",8791,12.2,401,0,-0.496,-0.99,-1.36,-0.089,-0.121,-0.11,-0.245,57.02,45.27
"2024-11-15 21:00:00",8792,12.2,401,0,-0.525,-1.02,-1.47,-0.091,-0.131,-0.113,-0.256,56.4,44.91
"2024-11-15 21:30:00",8793,12.2,401,0,-0.504,-0.99,-1.4,-0.088,-0.124,-0.11,-0.248,57.69,44.95
"2024-11-15 22:00:00",8794,12.2,401,0,-0.515,-1.02,-1.42,-0.091,-0.127,-0.113,-0.247,57.73,46.24
"2024-11-15 22:30:00",8795,12.19,401,0,-0.525,-1.06,-1.43,-0.095,-0.127,-0.116,-0.25,56.56,44.81
"2024-11-15 23:00:00",8796,12.2,401,0,-0.49,-1,-1.32,-0.09,-0.118,-0.114,-0.244,57.1,43.85
"2024-11-15 23:30:00",8797,12.2,401,0,-0.873,-1.21,-2.95,-0.108,-0.262,-0.132,-0.378,56.39,45.89
"2024-11-16 00:00:00",8798,12.19,401,0,-0.534,-1.06,-1.47,-0.095,-0.131,-0.113,-0.251,56.98,44.97
"2024-11-16 00:30:00",8799,12.19,401,0,-0.534,-1.06,-1.47,-0.095,-0.131,-0.116,-0.251,57.37,44.79
"2024-11-16 01:00:00",8800,12.19,401,0,-0.532,-1.06,-1.46,-0.094,-0.13,-0.116,-0.25,57.43,45.42
"2024-11-16 01:30:00",8801,12.18,401,0,-0.538,-1.09,-1.46,-0.098,-0.13,-0.113,-0.247,57.28,45.12
"2024-11-16 02:00:00",8802,12.19,401,0,-0.547,-1.09,-1.5,-0.098,-0.134,-0.116,-0.253,57.13,44.7
"2024-11-16 02:30:00",8803,12.18,401,0,-0.544,-1.09,-1.49,-0.098,-0.133,-0.119,-0.25,57.07,44.75
"2024-11-16 03:00:00",8804,12.18,401,0,-0.532,-1.06,-1.46,-0.094,-0.13,-0.113,-0.247,57.87,45.02
"2024-11-16 03:30:00",8805,12.18,401,0,-0.532,-1.06,-1.46,-0.094,-0.13,-0.252,-0.248,57.66,43.98
"2024-11-16 04:00:00",8806,12.18,401,0,-0.532,-1.06,-1.46,-0.095,-0.13,-0.116,-0.248,57.91,44.76
"2024-11-16 04:30:00",8807,12.18,401,0,-0.54,-1.06,-1.5,-0.094,-0.134,-0.116,-0.251,57.86,44.03
"2024-11-16 05:00:00",8808,12.18,401,0,-0.538,-1.09,-1.46,-0.098,-0.13,-0.116,-0.248,57.75,43.92
"2024-11-16 05:30:00",8809,12.18,401,0,-0.54,-1.06,-1.5,-0.095,-0.134,-0.116,-0.251,57.45,43.2
"2024-11-16 06:00:00",8810,12.18,401,0,-0.527,-1.03,-1.47,-0.092,-0.131,-0.111,-0.246,56.3,44.81
"2024-11-16 06:30:00",8811,12.17,401,0,-0.542,-1.07,-1.5,-0.095,-0.134,-0.117,-0.249,57.53,45.37
"2024-11-16 07:00:00",8812,12.17,401,0,-0.536,-1.07,-1.47,-0.095,-0.131,-0.117,-0.249,58.27,44.28
"2024-11-16 07:30:00",8813,12.17,401,0,-0.534,-1.06,-1.47,-0.094,-0.131,-0.113,-0.246,57.79,44.95
"2024-11-16 08:00:00",8814,12.17,401,0,-0.523,-1.02,-1.46,-0.091,-0.13,-0.113,-0.248,58.8,44.96
"2024-11-16 08:30:00",8815,12.16,401,0,-0.496,-1.01,-1.34,-0.09,-0.12,-0.109,-0.238,57.78,45.2
"2024-11-16 09:00:00",8816,12.17,401,0,-0.386,-0.81,-1.02,-0.072,-0.091,-0.092,-0.219,58.36,45.21
"2024-11-16 09:30:00",8817,12.16,401,0,-0.223,-0.47,-0.59,-0.042,-0.053,-0.062,-0.195,60.93,47.51
"2024-11-16 10:00:00",8818,12.17,401,0,-0.053,-0.23,-0.02,-0.022,-0.003,-0.042,-0.148,62.1,48.53
"2024-11-16 10:30:00",8819,12.17,401,0,0.249,0.3,0.89,0.027,0.078,-0.003,-0.076,62.72,46.66
"2024-11-16 11:00:00",8820,12.17,401,0,0.36,0.34,1.38,0.03,0.122,-0.003,-0.066,59.98,47.81
"2024-11-16 11:30:00",8821,12.17,401,0,0.661,1.04,2.1,0.092,0.186,0.053,-0.018,63.29,46.97
"2024-11-16 12:00:00",8822,12.17,401,0,0.522,0.81,1.67,0.072,0.148,0.03,-0.051,60.47,46.91
"2024-11-16 12:30:00",8823,12.17,401,0,0.196,-0.87,1.86,-0.078,0.165,-0.088,0,54.55,50.54
"2024-11-16 13:00:00",8824,12.18,401,0,0.78,0.97,2.75,0.086,0.244,0.041,0.018,55.38,48.62
"2024-11-16 13:30:00",8825,12.18,401,0,0.797,1,2.8,0.088,0.248,0.035,0.015,56.32,45.4
"2024-11-16 14:00:00",8826,12.18,401,0,0.827,1.05,2.89,0.093,0.256,0.043,0.028,56.02,49.26
"2024-11-16 14:30:00",8827,12.18,401,0,0.766,0.78,2.88,0.069,0.255,0.057,0.071,65.26,52.42
"2024-11-16 15:00:00",8828,12.18,401,0,0.384,-0.47,2.35,-0.043,0.208,-0.074,0.007,50.13,49.77
"2024-11-16 15:30:00",8829,12.18,401,0,1.101,1.96,3.26,0.173,0.288,-99,0.054,-99,50.8
"2024-11-16 16:00:00",8830,12.18,401,0,0.876,1.47,2.69,0.13,0.239,0.08,0.017,60.84,46.44
"2024-11-16 16:30:00",8831,12.18,401,0,0.768,0.96,2.7,0.085,0.239,0.029,-0.005,56.42,46.49
"2024-11-16 17:00:00",8832,12.18,401,0,0.58,0.65,2.12,0.058,0.188,0.009,-0.034,55.75,45.25
"2024-11-16 17:30:00",8833,12.18,401,0,0.279,0.13,1.21,0.012,0.107,-0.026,-0.083,57.63,45.88
"2024-11-16 18:00:00",8834,12.17,401,0,-0.043,-0.4,0.21,-0.036,0.019,-0.068,-0.136,56.8,43.39
"2024-11-16 18:30:00",8835,12.17,401,0,-0.243,-0.76,-0.38,-0.068,-0.035,-0.096,-0.173,56.6,44.69
"2024-11-16 19:00:00",8836,12.17,401,0,-0.323,-0.89,-0.63,-0.08,-0.057,-0.104,-0.189,56.8,42.72
"2024-11-16 19:30:00",8837,12.16,401,0,-0.404,-0.95,-0.96,-0.085,-0.085,-0.112,-0.217,56.69,43.12
"2024-11-16 20:00:00",8838,12.15,401,0,-0.448,-1.02,-1.1,-0.091,-0.098,-0.118,-0.226,57.21,43.64
"2024-11-16 20:30:00",8839,12.16,401,0,-0.478,-1.05,-1.21,-0.094,-0.108,-0.118,-0.235,56.61,43.35
"2024-11-16 21:00:00",8840,12.15,401,0,-0.505,-1.11,-1.28,-0.099,-0.114,-0.123,-0.24,56.43,44.26
"2024-11-16 21:30:00",8841,12.15,401,0,-0.499,-1.08,-1.28,-0.097,-0.114,-0.121,-0.238,57.27,45.11
"2024-11-16 22:00:00",8842,12.14,401,0,-0.65,-1.13,-1.96,-0.101,-0.174,-0.125,-0.297,54.89,43.56
"2024-11-16 22:30:00",8843,12.14,401,0,-0.534,-1.09,-1.44,-0.097,-0.128,-0.121,-0.259,56.85,43.7
"2024-11-16 23:00:00",8844,12.14,401,0,-0.543,-1.11,-1.46,-0.099,-0.13,-0.123,-0.255,56.29,44.54
"2024-11-16 23:30:00",8845,12.13,401,0,-0.551,-1.14,-1.47,-0.102,-0.131,-0.126,-0.255,56.69,45.2
"2024-11-17 00:00:00",8846,12.13,401,0,-0.56,-1.15,-1.5,-0.102,-0.134,-0.123,-0.256,56.52,44.2
"2024-11-17 00:30:00",8847,12.13,401,0,-0.545,-1.11,-1.47,-0.1,-0.131,-0.123,-0.253,57.22,44.22
"2024-11-17 01:00:00",8848,12.13,401,0,-0.568,-1.15,-1.54,-0.102,-0.137,-0.123,-0.262,56.87,44.29
"2024-11-17 01:30:00",8849,12.12,401,0,-0.756,-1.17,-2.43,-0.105,-0.216,-0.129,-0.336,57.39,45.22
"2024-11-17 02:00:00",8850,12.12,401,0,-0.583,-1.18,-1.58,-0.105,-0.14,-0.126,-0.264,57.02,43.6
"2024-11-17 02:30:00",8851,12.12,401,0,-0.574,-1.14,-1.58,-0.102,-0.14,-0.126,-0.262,56.74,45.67
"2024-11-17 03:00:00",8852,12.12,401,0,-0.759,-1.2,-2.41,-0.108,-0.214,-0.131,-0.335,57.42,44.99
"2024-11-17 03:30:00",8853,12.12,401,0,-0.497,-1.12,-1.23,-0.1,-0.11,-0.121,-0.221,56.7,43.71
"2024-11-17 04:00:00",8854,12.11,401,0,-0.484,-1.09,-1.2,-0.097,-0.107,-0.119,-0.22,56.58,43.43
"2024-11-17 04:30:00",8855,12.1,401,0,-0.501,-1.13,-1.24,-0.101,-0.111,-0.122,-0.221,56.23,43.23
"2024-11-17 05:00:00",8856,12.11,401,0,-0.482,-1.08,-1.2,-0.096,-0.107,-0.118,-0.226,57.65,43.25
"2024-11-17 05:30:00",8857,12.1,401,0,-0.477,-1.02,-1.24,-0.091,-0.11,-0.116,-0.223,56.35,43.51
"2024-11-17 06:00:00",8858,12.1,401,0,-0.482,-1.05,-1.23,-0.094,-0.11,-0.116,-0.222,57.34,44.08
"2024-11-17 06:30:00",8859,12.1,401,0,-0.473,-1.01,-1.23,-0.091,-0.11,-0.109,-0.22,57.6,43.2
"2024-11-17 07:00:00",8860,12.1,401,0,-0.463,-0.99,-1.2,-0.088,-0.107,-0.11,-0.22,57.9,43.4
"2024-11-17 07:30:00",8861,12.09,401,0,-0.463,-0.99,-1.2,-0.088,-0.107,-0.11,-0.217,57.19,42.95
"2024-11-17 08:00:00",8862,12.1,401,0,-0.471,-1.03,-1.2,-0.092,-0.107,-0.108,-0.221,57.27,43.44
"2024-11-17 08:30:00",8863,12.09,401,0,-0.433,-0.93,-1.12,-0.083,-0.1,-0.103,-0.211,58.72,43.23
"2024-11-17 09:00:00",8864,12.09,401,0,-0.355,-0.79,-0.89,-0.071,-0.08,-0.088,0.705,57.18,3.01
"2024-11-17 09:30:00",8865,12.09,401,0,-0.508,-0.8,-1.62,-0.072,-0.144,-0.088,-0.27,63.05,46.73
"2024-11-17 10:00:00",8866,12.1,401,0,-0.116,-0.52,-0.02,-0.047,-0.003,-0.064,-0.14,61.59,45.42
"2024-11-17 10:30:00",8867,12.1,401,0,0.054,-0.17,0.44,-0.016,0.039,-0.041,-0.093,61.52,48.69
"2024-11-17 11:00:00",8868,12.1,401,0,0.231,0.13,0.98,0.011,0.087,-0.019,-0.079,58.01,46.94
"2024-11-17 11:30:00",8869,12.1,401,0,0.292,0.19,1.21,0.017,0.107,-0.011,-0.066,60.62,46.54
"2024-11-17 12:00:00",8870,12.1,401,0,0.435,0.47,1.61,0.042,0.142,0.011,-0.043,60.33,47.08
"2024-11-17 12:30:00",8871,12.11,401,0,0.269,-0.22,1.53,-0.02,0.136,-0.044,-0.01,57.36,49.77
"2024-11-17 13:00:00",8872,12.11,401,0,0.475,0.07,2.22,0.006,0.197,-0.023,-0.008,57.1,47.59
"2024-11-17 13:30:00",8873,12.12,401,0,0.703,0.93,2.42,0.083,0.214,0.037,0,58.92,46.5
"2024-11-17 14:00:00",8874,12.11,401,0,0.792,1.09,2.68,0.096,0.237,0.054,0.018,58.73,47.14
"2024-11-17 14:30:00",8875,12.11,401,0,0.68,0.85,2.39,0.076,0.211,0.035,0.003,59.86,46.71
"2024-11-17 15:00:00",8876,12.12,401,0,0.565,0.55,2.15,0.049,0.19,0.011,-0.013,58.41,47.5
"2024-11-17 15:30:00",8877,12.12,401,0,0.522,0.59,1.9,0.052,0.168,0.017,-0.033,58.65,45.92
"2024-11-17 16:00:00",8878,12.11,401,0,0.551,0.63,2,0.056,0.177,0.014,-0.036,58.36,45.78
"2024-11-17 16:30:00",8879,12.11,401,0,0.431,0.4,1.66,0.035,0.147,-0.003,-0.054,57.25,45.67
"2024-11-17 17:00:00",8880,12.11,401,0,0.247,0.1,1.09,0.009,0.097,-0.028,-0.083,58.59,44.93
"2024-11-17 17:30:00",8881,12.1,401,0,0.106,-0.12,0.64,-0.012,0.057,-0.051,-0.112,56.96,44.95
"2024-11-17 18:00:00",8882,12.1,401,0,-0.07,-0.46,0.14,-0.042,0.013,-0.074,-0.14,56.54,43.96
"2024-11-17 18:30:00",8883,12.1,401,0,-0.213,-0.69,-0.31,-0.062,-0.028,-0.09,-0.168,56.44,43.86
"2024-11-17 19:00:00",8884,12.09,401,0,-0.327,-0.9,-0.64,-0.081,-0.057,-0.108,-0.182,56.1,42.84
"2024-11-17 19:30:00",8885,12.09,401,0,-0.38,-0.97,-0.82,-0.087,-0.073,-0.111,-0.197,56.15,44.13
"2024-11-17 20:00:00",8886,12.09,401,0,-0.436,-1.06,-1,-0.095,-0.09,-0.119,-0.214,56.04,43.04
"2024-11-17 20:30:00",8887,12.09,401,0,-0.426,-1.09,-0.92,-0.098,-0.082,-0.116,-0.201,56.82,43.56
"2024-11-17 21:00:00",8888,12.09,401,0,-0.452,-1.11,-1.02,-0.1,-0.091,-0.121,-0.206,57.17,42.93
"2024-11-17 21:30:00",8889,12.08,401,0,-0.452,-1.11,-1.02,-0.1,-0.091,-0.124,-0.206,56.56,43.56
"2024-11-17 22:00:00",8890,12.08,401,0,-0.472,-1.13,-1.1,-0.101,-0.098,-0.123,-0.209,57.06,43.5
"2024-11-17 22:30:00",8891,12.08,401,0,-0.476,-1.12,-1.13,-0.1,-0.101,-0.124,-0.215,57.6,42.94
"2024-11-17 23:00:00",8892,12.07,401,0,-0.506,-1.22,-1.17,-0.109,-0.104,-0.127,-0.218,57.23,43.24
"2024-11-17 23:30:00",8893,12.07,401,0,-0.491,-1.12,-1.2,-0.1,-0.107,-0.124,-0.221,56.95,44.11
"2024-11-18 00:00:00",8894,12.06,401,0,-0.495,-1.11,-1.23,-0.099,-0.11,-0.121,-0.22,57.9,43.5
"2024-11-18 00:30:00",8895,12.06,401,0,-0.486,-1.06,-1.24,-0.095,-0.111,-0.116,-0.221,56.95,43.38
"2024-11-18 01:00:00",8896,12.06,401,0,-0.491,-1.12,-1.2,-0.1,-0.107,-0.121,-0.224,57.64,43.14
"2024-11-18 01:30:00",8897,12.06,401,0,-0.482,-1.05,-1.23,-0.094,-0.11,-0.113,-0.218,56.67,43.1
"2024-11-18 02:00:00",8898,12.06,401,0,-0.488,-1.03,-1.28,-0.092,-0.114,-0.114,0.598,56.76,3.011
"2024-11-18 02:30:00",8899,12.06,401,0,-0.49,-1.05,-1.27,-0.094,-0.113,-0.116,-0.224,57.49,43.24
"2024-11-18 03:00:00",8900,12.06,401,0,-0.49,-1.05,-1.27,-0.094,-0.113,-0.113,-0.224,58.08,43.42
"2024-11-18 03:30:00",8901,12.05,401,0,-0.475,-1.02,-1.23,-0.091,-0.11,-0.113,-0.223,57.12,44.12
"2024-11-18 04:00:00",8902,12.05,401,0,-0.497,-1.08,-1.27,-0.096,-0.113,-0.115,-0.223,57.99,44.16
"2024-11-18 04:30:00",8903,12.05,401,0,-0.49,-1.05,-1.27,-0.094,-0.113,-0.116,-0.224,57.17,43.91
"2024-11-18 05:00:00",8904,12.05,401,0,-0.485,-0.99,-1.31,-0.089,-0.117,-0.111,-0.227,56.33,43.34
"2024-11-18 05:30:00",8905,12.04,401,0,-0.498,-1.05,-1.31,-0.094,-0.117,-0.11,-0.227,57.17,43.76
"2024-11-18 06:00:00",8906,12.05,401,0,-0.492,-1.06,-1.27,-0.095,-0.114,-0.111,-0.224,57.34,43.67
"2024-11-18 06:30:00",8907,12.04,401,0,-0.502,-1.03,-1.35,-0.092,-0.12,-0.108,-0.23,57.3,42.63
"2024-11-18 07:00:00",8908,12.05,401,0,-0.511,-1.08,-1.34,-0.096,-0.119,-0.112,-0.229,57.4,43.98
"2024-11-18 07:30:00",8909,12.04,401,0,-0.494,-1.04,-1.3,-0.093,-0.116,-0.113,-0.229,58.22,44.24
"2024-11-18 08:00:00",8910,12.04,401,0,-0.494,-1.04,-1.3,-0.093,-0.116,-1.174,-0.224,58.23,44.97
"2024-11-18 08:30:00",8911,12.04,401,0,-0.488,-1.01,-1.3,-0.09,-0.116,-1.187,-0.226,59.07,43.99
"2024-11-18 09:00:00",8912,12.04,401,0,-0.397,-0.85,-1.03,-0.076,-0.092,-0.091,-0.208,59.26,44.18
"2024-11-18 09:30:00",8913,12.04,401,0,-0.348,-0.75,-0.9,-0.068,-0.081,-0.082,-0.197,61.84,45.1
"2024-11-18 10:00:00",8914,12.05,401,0,-0.371,-0.73,-1.03,-0.066,-0.092,-0.082,-0.202,64.11,49.88
"2024-11-18 10:30:00",8915,12.05,401,0,-0.083,-0.34,-0.05,-0.031,-0.006,-0.048,-0.128,63.44,47.95
"2024-11-18 11:00:00",8916,12.05,401,0,0.064,-0.19,0.51,-0.017,0.045,-0.047,-0.111,58.4,46.5
"2024-11-18 11:30:00",8917,12.05,401,0,0.195,0,0.94,0,0.083,-0.024,-0.079,61.56,47.74
"2024-11-18 12:00:00",8918,12.05,401,0,0.476,0.54,1.73,0.048,0.153,0.016,-0.03,60.01,47.28
"2024-11-18 12:30:00",8919,12.07,401,0,0.626,0.89,2.09,0.079,0.185,0.031,0.01,57.98,48.47
"2024-11-18 13:00:00",8920,12.07,401,0,0.757,0.74,2.88,0.066,0.255,0.033,0.038,59.18,48.11
"2024-11-18 13:30:00",8921,12.07,401,0,1.07,1.6,3.49,0.142,0.309,0.09,0.07,59.02,48.78
"2024-11-18 14:00:00",8922,12.07,401,0,1.245,1.88,4.04,0.167,0.357,0.122,0.101,59.89,48.15
"2024-11-18 14:30:00",8923,12.08,401,0,0.936,0.85,3.63,0.075,0.322,0.055,0.105,60.74,49.82
"2024-11-18 15:00:00",8924,12.08,401,0,0.446,-1.07,3.28,-0.096,0.29,-0.091,0.093,55.27,50.18
"2024-11-18 15:30:00",8925,12.08,401,0,1.514,3.23,3.92,0.286,0.347,-99,0.107,-99,50.85
"2024-11-18 16:00:00",8926,12.08,401,0,0.746,0.65,2.92,0.057,0.258,0.032,0.054,60.57,49.24
"2024-11-18 16:30:00",8927,12.07,401,0,0.756,1,2.6,0.088,0.23,0.027,-0.011,55.67,45.18
"2024-11-18 17:00:00",8928,12.08,401,0,0.413,0.35,1.63,0.031,0.145,-0.012,-0.058,56.89,45.14
"2024-11-18 17:30:00",8929,12.08,401,0,0.053,-0.27,0.54,-0.025,0.048,-0.061,-0.119,56.58,44
"2024-11-18 18:00:00",8930,12.07,401,0,-0.212,-0.75,-0.24,-0.067,-0.022,-0.096,-0.165,55.82,43.92
"2024-11-18 18:30:00",8931,12.07,401,0,-0.325,-0.92,-0.61,-0.082,-0.055,-0.11,-0.185,55.4,43.5
"2024-11-18 19:00:00",8932,12.06,401,0,-0.361,-0.98,-0.72,-0.088,-0.064,-0.113,-0.193,55.46,43.71
"2024-11-18 19:30:00",8933,12.06,401,0,-0.42,-1.08,-0.9,-0.096,-0.08,-0.121,-0.201,56.44,42.36
"2024-11-18 20:00:00",8934,12.05,401,0,-0.445,-1.1,-1,-0.098,-0.09,-0.12,-0.203,56.5,43.24
"2024-11-18 20:30:00",8935,12.05,401,0,-0.437,-1.1,-0.96,-0.098,-0.086,-0.123,-0.203,56.93,42.68
"2024-11-18 21:00:00",8936,12.04,401,0,-0.453,-1.1,-1.04,-0.098,-0.093,-0.123,-0.209,56.72,43.05
"2024-11-18 21:30:00",8937,12.04,401,0,-0.468,-1.11,-1.1,-0.1,-0.098,-0.118,-0.205,57.39,42.88
"2024-11-18 22:00:00",8938,12.04,401,0,-0.485,-1.16,-1.13,-0.103,-0.101,-0.125,-0.213,56.5,43.08
"2024-11-18 22:30:00",8939,12.03,401,0,-0.487,-1.16,-1.14,-0.104,-0.101,-0.125,-0.214,57.18,43.19
"2024-11-18 23:00:00",8940,12.03,401,0,-0.504,-1.17,-1.21,-0.104,-0.108,-0.126,-0.22,56.88,43.47
"2024-11-18 23:30:00",8941,12.04,401,0,-0.496,-1.17,-1.17,-0.105,-0.104,-0.126,-0.216,58.53,43.61
"2024-11-19 00:00:00",8942,12.03,401,0,-0.504,-1.18,-1.2,-0.106,-0.107,-0.127,-0.219,57.21,44.06
"2024-11-19 00:30:00",8943,12.03,401,0,-0.518,-1.17,-1.28,-0.104,-0.114,-0.126,-0.226,57.52,43.53
"2024-11-19 01:00:00",8944,12.03,401,0,-0.506,-1.15,-1.24,-0.103,-0.111,-0.124,-0.226,58.36,44.69
"2024-11-19 01:30:00",8945,12.03,401,0,-0.516,-1.16,-1.28,-0.104,-0.114,-0.128,-0.226,57.05,44.06
"2024-11-19 02:00:00",8946,12.03,401,0,-0.533,-1.21,-1.31,-0.108,-0.117,-0.126,-0.226,57.57,44.99
"2024-11-19 02:30:00",8947,12.02,401,0,-0.541,-1.18,-1.38,-0.106,-0.123,-0.127,-0.236,57.74,43.91
"2024-11-19 03:00:00",8948,12.02,401,0,-0.527,-1.18,-1.31,-0.106,-0.117,-0.127,-0.231,57.53,43.86
"2024-11-19 03:30:00",8949,12.02,401,0,-0.525,-1.17,-1.31,-0.105,-0.117,-0.126,-0.232,57.63,43.81
"2024-11-19 04:00:00",8950,12.02,401,0,-0.649,-1.17,-1.91,-0.104,-0.17,-0.126,-0.279,56.96,44.12
"2024-11-19 04:30:00",8951,12.02,401,0,-0.543,-1.18,-1.39,-0.105,-0.124,-0.127,-0.238,57.74,44.17
"2024-11-19 05:00:00",8952,12.02,401,0,-0.546,-1.21,-1.37,-0.108,-0.122,-0.126,-0.239,56.17,43.43
"2024-11-19 05:30:00",8953,12.02,401,0,-0.554,-1.17,-1.45,-0.105,-0.129,-0.126,-0.242,56.64,44.89
"2024-11-19 06:00:00",8954,12.01,401,0,-0.544,-1.2,-1.37,-0.107,-0.122,-0.126,-0.239,58.11,43.61
"2024-11-19 06:30:00",8955,12.01,401,0,-0.535,-1.16,-1.37,-0.104,-0.122,-0.123,-0.242,56.1,43.51
"2024-11-19 07:00:00",8956,12.01,401,0,-0.526,-1.13,-1.36,-0.101,-0.122,-0.125,-0.239,57.8,43.55
"2024-11-19 07:30:00",8957,12.01,401,0,-0.366,-1.06,-0.66,-0.095,-0.059,-0.117,-0.174,57.28,43.3
"2024-11-19 08:00:00",8958,12.01,401,0,-0.495,-1.13,-1.21,-0.101,-0.108,-0.123,-0.215,56.91,43.92
"2024-11-19 08:30:00",8959,12,401,0,-0.455,-1.05,-1.1,-0.094,-0.098,-0.116,-0.209,57.94,43.28
"2024-11-19 09:00:00",8960,12,401,0,-0.534,-0.93,-1.61,-0.084,-0.143,-0.109,-0.262,59.24,45.68
"2024-11-19 09:30:00",8961,12,401,0,-0.17,-0.54,-0.26,-0.049,-0.024,-0.069,-0.154,61.39,45.74
"2024-11-19 10:00:00",8962,11.99,401,0,0.046,-0.14,0.37,-0.013,0.033,-0.031,-0.116,64.34,46.61
"2024-11-19 10:30:00",8963,12,401,0,0.27,0.3,0.99,0.026,0.088,0.008,-0.062,64.42,48.1
"2024-11-19 11:00:00",8964,12.01,401,0,0.546,0.72,1.88,0.063,0.167,0.022,-0.031,59.47,46.33
"2024-11-19 11:30:00",8965,12,401,0,0.711,0.92,2.47,0.081,0.219,0.043,0.005,61.66,47.43
"2024-11-19 12:00:00",8966,12.01,401,0,0.764,1,2.64,0.089,0.234,0.06,0.028,63.33,48.83
"2024-11-19 12:30:00",8967,12.01,401,0,0.825,1.11,2.82,0.099,0.249,0.063,0.033,61.57,48
"2024-11-19 13:00:00",8968,12.02,401,0,0.861,1.15,2.95,0.102,0.261,0.07,0.04,63.07,48
"2024-11-19 13:30:00",8969,12.02,401,0,0.954,1.35,3.19,0.12,0.282,0.074,0.051,60.65,48.48
"2024-11-19 14:00:00",8970,12.02,401,0,0.924,1.31,3.09,0.116,0.274,0.072,0.043,58.91,48.98
"2024-11-19 14:30:00",8971,12.02,401,0,0.635,0.78,2.25,0.069,0.199,0.026,-0.016,57.93,46.76
"2024-11-19 15:00:00",8972,12.02,401,0,0.521,0.33,2.17,0.03,0.192,0.008,-0.003,60.98,47.73
"2024-11-19 15:30:00",8973,12.02,401,0,0.684,0.87,2.39,0.077,0.211,0.031,-0.005,58.47,46.99
"2024-11-19 16:00:00",8974,12.02,401,0,0.545,0.61,1.99,0.054,0.176,0.011,-0.031,58.96,45.56
"2024-11-19 16:30:00",8975,12.02,401,0,0.315,0.2,1.31,0.018,0.116,-0.017,-0.068,57.97,46.64
"2024-11-19 17:00:00",8976,12.01,401,0,0.098,-0.16,0.64,-0.015,0.057,-0.046,-0.106,58.55,45.56
