"TOA5","CR300Series_501","CR300","27030","CR300-RF407.Std.10.03","CPU:CR300_sapflow.CR300","32345","Table1"
"TIMESTAMP","RECORD","BattV_Min","id","SDI0","SapFlwTot0","VhOuter0","VhInner0","AlphaOut0","AlphaIn0","BetaOut0","BetaIn0","tMaxTout0","tMaxTin0"
"TS","RN","Volts","","","literPerHour","heatVelocity","heatVelocity","logTRatio","logTRatio","logTRatio","logTRatio","second","second"
"","","Min","Smp","Smp","Smp","Smp","Smp","Smp","Smp","Smp","Smp","Smp","Smp"
"2024-10-31 16:00:00",8203,13.04,1,0,0.259,1.53,6.22,0.136,0.55,0.119,0.46,61.72,52.38
"2024-10-31 16:30:00",8204,12.94,1,0,0.226,1.17,5.63,0.104,0.498,0.092,0.419,62.37,52.2
"2024-10-31 17:00:00",8205,12.93,1,0,0.186,0.85,4.79,0.075,0.424,0.064,0.358,62.13,51.25
"2024-10-31 17:30:00",8206,12.94,1,0,0.149,0.56,4,0.049,0.354,0.041,0.298,61.32,51.4
"2024-10-31 18:00:00",8207,12.94,1,0,0.114,0.25,3.29,0.023,0.291,0.015,0.241,60.46,49.98
"2024-10-31 18:30:00",8208,12.95,1,0,0.084,0,2.69,0,0.239,-0.002,0.201,60.78,49.89
"2024-10-31 19:00:00",8209,12.95,1,0,0.07,-0.1,2.35,-0.01,0.208,-0.017,0.178,60.46,49.32
"2024-10-31 19:30:00",8210,12.95,1,0,0.057,-0.24,2.14,-0.022,0.189,-0.025,0.16,60.27,47.9
"2024-10-31 20:00:00",8211,12.95,1,0,0.047,-0.33,1.95,-0.03,0.173,-0.032,0.143,61.12,50.54
"2024-10-31 20:30:00",8212,12.94,1,0,0.039,-0.41,1.79,-0.037,0.158,-0.037,0.137,60.22,49.73
"2024-10-31 21:00:00",8213,12.95,1,0,0.033,-0.44,1.64,-0.04,0.145,-0.039,0.122,59.95,49.62
"2024-10-31 21:30:00",8214,12.94,1,0,0.028,-0.49,1.55,-0.044,0.137,-0.044,0.112,59.9,49.42
"2024-10-31 22:00:00",8215,12.94,1,0,0.025,-0.52,1.48,-0.047,0.131,-0.046,0.112,60.93,48.71
"2024-10-31 22:30:00",8216,12.94,1,0,0.019,-0.57,1.38,-0.052,0.122,-0.051,0.106,60.88,49.33
"2024-10-31 23:00:00",8217,12.94,1,0,0.021,-0.55,1.41,-0.049,0.125,-0.051,0.106,59.54,48.81
"2024-10-31 23:30:00",8218,12.94,1,0,0.019,-0.57,1.36,-0.052,0.12,-0.051,0.102,60.76,49.2
"2024-11-01 00:00:00",8219,12.94,1,0,0.019,-0.58,1.39,-0.052,0.123,-0.053,0.104,59.36,50
"2024-11-01 00:30:00",8220,12.95,1,0,0.015,-0.6,1.29,-0.054,0.114,-0.053,0.101,60.47,48.76
"2024-11-01 01:00:00",8221,12.95,1,0,0.019,-0.55,1.35,-0.049,0.119,-0.048,0.101,60.58,49.28
"2024-11-01 01:30:00",8222,12.95,1,0,0.017,-0.57,1.31,-0.052,0.116,-0.053,0.099,61.29,50.3
"2024-11-01 02:00:00",8223,12.95,1,0,0.017,-0.58,1.33,-0.052,0.117,-0.046,0.102,59.41,48.93
"2024-11-01 02:30:00",8224,12.94,1,0,0.016,-0.58,1.29,-0.052,0.115,-0.051,0.099,60.34,48.93
"2024-11-01 03:00:00",8225,12.94,1,0,0.017,-0.55,1.29,-0.049,0.115,-0.049,0.097,60.41,49.42
"2024-11-01 03:30:00",8226,12.94,1,0,0.015,-0.58,1.26,-0.052,0.111,-0.051,0.096,60.46,49.73
"2024-11-01 04:00:00",8227,12.94,1,0,0.016,-0.55,1.23,-0.049,0.109,-0.051,0.096,60.46,49.06
"2024-11-01 04:30:00",8228,12.94,1,0,0.017,-0.54,1.26,-0.049,0.112,-0.048,0.096,60.57,49.27
"2024-11-01 05:00:00",8229,12.94,1,0,0.014,-0.57,1.2,-0.052,0.106,-0.051,0.091,59.93,50.17
"2024-11-01 05:30:00",8230,12.94,1,0,0.015,-0.52,1.17,-0.047,0.103,-0.046,0.086,60.51,48.8
"2024-11-01 06:00:00",8231,12.94,1,0,0.012,-0.57,1.14,-0.052,0.101,-0.051,0.086,60.42,50.5
"2024-11-01 06:30:00",8232,12.94,1,0,0.013,-0.55,1.14,-0.05,0.101,-0.049,0.087,60.13,49.8
"2024-11-01 07:00:00",8233,12.94,1,0,0.013,-0.54,1.14,-0.049,0.1,-0.048,0.086,60.97,49.16
"2024-11-01 07:30:00",8234,12.94,1,0,0.011,-0.6,1.14,-0.054,0.101,-0.053,0.089,61.46,49.34
"2024-11-01 08:00:00",8235,12.94,1,0,0.032,-0.38,1.53,-0.034,0.136,-0.034,0.117,60.53,50.05
"2024-11-01 08:30:00",8236,12.93,1,0,0.045,-0.32,1.86,-0.029,0.165,-0.031,0.142,60.26,50.08
"2024-11-01 09:00:00",8237,12.93,1,0,0.082,-0.04,2.65,-0.005,0.235,-0.007,0.2,61.89,50.6
"2024-11-01 09:30:00",8238,12.94,1,0,0.104,0.14,3.11,0.012,0.275,0.007,0.237,61.24,49.69
"2024-11-01 10:00:00",8239,12.94,1,0,0.125,0.32,3.54,0.029,0.313,0.021,0.27,61.69,51.52
"2024-11-01 10:30:00",8240,12.94,1,0,0.161,0.6,4.33,0.053,0.384,0.045,0.326,62.45,52.12
"2024-11-01 11:00:00",8241,12.94,1,0,0.207,0.93,5.35,0.083,0.474,0.077,0.405,63.72,52.43
"2024-11-01 11:30:00",8242,12.94,1,0,0.23,1.2,5.73,0.106,0.507,0.093,0.429,63.19,52.31
"2024-11-01 12:00:00",8243,12.94,1,0,0.236,1.23,5.87,0.109,0.519,0.098,0.435,62.98,51.69
"2024-11-01 12:30:00",8244,12.95,1,0,0.193,0.97,4.84,0.086,0.429,0.074,0.358,62.6,51.05
"2024-11-01 13:00:00",8245,12.95,1,0,0.191,0.9,4.89,0.08,0.433,0.069,0.363,62.79,51.65
"2024-11-01 13:30:00",8246,12.95,1,0,0.207,1.04,5.19,0.092,0.46,0.079,0.386,62.67,51.38
"2024-11-01 14:00:00",8247,12.95,1,0,0.22,1.18,5.43,0.104,0.48,0.093,0.403,63.23,52.09
"2024-11-01 14:30:00",8248,12.95,1,0,0.236,1.21,5.9,0.107,0.522,0.094,0.438,63.98,51.87
"2024-11-01 15:00:00",8249,12.95,1,0,0.255,1.45,6.17,0.128,0.546,0.114,0.459,63.51,52.78
"2024-11-01 15:30:00",8250,12.95,1,0,0.27,1.61,6.46,0.143,0.572,0.128,0.477,62.86,51.58
"2024-11-01 16:00:00",8251,12.95,1,0,0.268,1.59,6.42,0.141,0.568,0.124,0.476,62.93,52.2
"2024-11-01 16:30:00",8252,12.95,1,0,0.247,1.41,5.98,0.124,0.529,0.108,0.441,62.85,52.28
"2024-11-01 17:00:00",8253,12.95,1,0,0.211,1.13,5.22,0.1,0.462,0.086,0.385,61.48,51.17
"2024-11-01 17:30:00",8254,12.95,1,0,0.166,0.75,4.27,0.067,0.378,0.056,0.315,61.18,51.42
"2024-11-01 18:00:00",8255,12.95,1,0,0.118,0.34,3.29,0.03,0.292,0.024,0.245,61.07,50.33
"2024-11-01 18:30:00",8256,12.95,1,0,0.085,0.06,2.63,0.005,0.232,0,0.192,59.4,50.05
"2024-11-01 19:00:00",8257,12.94,1,0,0.066,-0.1,2.23,-0.01,0.197,-0.012,0.165,60.41,49
"2024-11-01 19:30:00",8258,12.94,1,0,0.052,-0.19,1.92,-0.017,0.17,-0.02,0.145,60.07,48.51
"2024-11-01 20:00:00",8259,12.94,1,0,0.045,-0.33,1.86,-0.03,0.165,-0.027,0.14,60.52,50.04
"2024-11-01 20:30:00",8260,12.93,1,0,0.039,-0.36,1.71,-0.032,0.152,-0.032,0.128,60.58,48.46
"2024-11-01 21:00:00",8261,12.93,1,0,0.033,-0.38,1.55,-0.035,0.138,-0.034,0.117,60.05,49.16
"2024-11-01 21:30:00",8262,12.93,1,0,0.028,-0.41,1.43,-0.038,0.127,-0.037,0.11,60.26,48.71
"2024-11-01 22:00:00",8263,12.93,1,0,0.024,-0.5,1.43,-0.045,0.127,-0.042,0.105,60.22,49.48
"2024-11-01 22:30:00",8264,12.92,1,0,0.023,-0.5,1.4,-0.045,0.124,-0.042,0.107,60.21,48.81
"2024-11-01 23:00:00",8265,12.92,1,0,0.023,-0.47,1.35,-0.043,0.119,-0.042,0.106,59.93,49.19
"2024-11-01 23:30:00",8266,12.92,1,0,0.023,-0.47,1.37,-0.042,0.122,-0.039,0.1,59.04,49.68
"2024-11-02 00:00:00",8267,12.92,1,0,0.024,-0.47,1.38,-0.042,0.122,-0.042,0.103,60.85,49.55
"2024-11-02 00:30:00",8268,12.91,1,0,0.022,-0.47,1.32,-0.043,0.116,-0.042,0.1,59.87,48.72
"2024-11-02 01:00:00",8269,12.91,1,0,0.021,-0.47,1.31,-0.042,0.116,-0.042,0.095,59.7,49.12
"2024-11-02 01:30:00",8270,12.91,1,0,0.02,-0.47,1.25,-0.043,0.111,-0.039,0.095,59.47,48.73
"2024-11-02 02:00:00",8271,12.91,1,0,0.022,-0.44,1.28,-0.04,0.113,-0.042,0.1,59.73,49.81
"2024-11-02 02:30:00",8272,12.91,1,0,0.021,-0.45,1.26,-0.04,0.111,-0.039,0.096,59.31,49.55
"2024-11-02 03:00:00",8273,12.91,1,0,0.02,-0.44,1.23,-0.04,0.109,-0.039,0.093,59.38,49.05
"2024-11-02 03:30:00",8274,12.9,1,0,0.021,-0.39,1.19,-0.035,0.105,-0.034,0.087,59.71,49.53
"2024-11-02 04:00:00",8275,12.9,1,0,0.019,-0.44,1.19,-0.04,0.106,-0.037,0.09,60.37,48.41
"2024-11-02 04:30:00",8276,12.9,1,0,0.019,-0.39,1.14,-0.036,0.101,-0.035,0.086,60.17,48.46
"2024-11-02 05:00:00",8277,12.89,1,0,0.018,-0.39,1.1,-0.035,0.098,-0.034,0.08,59.09,48.77
"2024-11-02 05:30:00",8278,12.89,1,0,0.018,-0.39,1.1,-0.035,0.098,-0.034,0.083,59.64,48.49
"2024-11-02 06:00:00",8279,12.89,1,0,0.017,-0.39,1.07,-0.035,0.095,-0.034,0.083,60.3,47.67
"2024-11-02 06:30:00",8280,12.88,1,0,0.016,-0.42,1.07,-0.038,0.095,-0.037,0.08,59.98,48.58
"2024-11-02 07:00:00",8281,12.88,1,0,0.016,-0.39,1.04,-0.035,0.092,-0.035,0.08,59.95,48.8
"2024-11-02 07:30:00",8282,12.88,1,0,0.015,-0.44,1.07,-0.04,0.095,-0.037,0.078,60.18,49.18
"2024-11-02 08:00:00",8283,12.87,1,0,0.017,-0.41,1.09,-0.037,0.097,-0.034,0.083,60.69,48.98
"2024-11-02 08:30:00",8284,12.87,1,0,0.044,-0.21,1.67,-0.02,0.148,-0.019,0.126,60.98,50.24
"2024-11-02 09:00:00",8285,12.87,1,0,0.076,0.03,2.37,0.002,0.21,0,0.178,62.14,50.32
"2024-11-02 09:30:00",8286,12.87,1,0,0.101,0.25,2.88,0.022,0.255,0.017,0.215,61.66,50.92
"2024-11-02 10:00:00",8287,12.87,1,0,0.128,0.37,3.59,0.033,0.318,0.03,0.272,62.47,50.91
"2024-11-02 10:30:00",8288,12.87,1,0,0.166,0.78,4.25,0.069,0.376,0.061,0.324,62.89,53.12
"2024-11-02 11:00:00",8289,12.88,1,0,0.181,0.83,4.67,0.074,0.413,0.063,0.351,62.05,52.13
"2024-11-02 11:30:00",8290,12.87,1,0,0.204,0.96,5.23,0.085,0.463,0.078,0.392,61.13,52.18
"2024-11-02 12:00:00",8291,12.87,1,0,0.255,1.56,6.04,0.138,0.535,0.124,0.448,65.8,51.38
"2024-11-02 12:30:00",8292,12.88,1,0,0.177,-0.3,6.03,-0.027,0.534,-99,0.475,63.92,55.22
"2024-11-02 13:00:00",8293,12.89,1,0,0.341,3.01,6.84,0.266,0.605,-99,0.519,-99,54.51
"2024-11-02 13:30:00",8294,12.89,1,0,0.291,1.89,6.75,0.167,0.598,0.148,0.493,62.55,51.8
"2024-11-02 14:00:00",8295,12.89,1,0,0.286,1.78,6.72,0.158,0.595,0.142,0.489,62.22,52.45
"2024-11-02 14:30:00",8296,12.89,1,0,0.279,1.69,6.62,0.15,0.586,0.139,0.49,64.3,52.6
"2024-11-02 15:00:00",8297,12.89,1,0,0.294,2,6.68,0.177,0.591,0.151,0.488,61.24,52.39
"2024-11-02 15:30:00",8298,12.89,1,0,0.274,1.79,6.35,0.159,0.562,0.141,0.465,63.15,51.75
"2024-11-02 16:00:00",8299,12.89,1,0,0.243,1.56,5.65,0.139,0.5,0.123,0.415,62.22,51.89
"2024-11-02 16:30:00",8300,12.89,1,0,0.22,1.33,5.22,0.118,0.462,0.104,0.384,62.01,50.86
"2024-11-02 17:00:00",8301,12.89,1,0,0.193,1.14,4.62,0.101,0.409,0.09,0.343,61.57,52.21
"2024-11-02 17:30:00",8302,12.88,1,0,0.157,0.81,3.91,0.072,0.346,0.063,0.286,62.24,50.68
"2024-11-02 18:00:00",8303,12.88,1,0,0.117,0.45,3.11,0.04,0.276,0.034,0.232,60.73,51.48
"2024-11-02 18:30:00",8304,12.88,1,0,0.089,0.23,2.54,0.02,0.224,0.017,0.187,59.93,49.75
"2024-11-02 19:00:00",8305,12.88,1,0,0.07,0.08,2.11,0.008,0.187,0.005,0.16,59.56,49.08
"2024-11-02 19:30:00",8306,12.88,1,0,0.06,0,1.92,0,0.17,-0.005,0.142,60.13,49.13
"2024-11-02 20:00:00",8307,12.88,1,0,0.051,-0.1,1.76,-0.01,0.156,-0.012,0.131,61.1,49.13
"2024-11-02 20:30:00",8308,12.87,1,0,0.046,-0.13,1.64,-0.013,0.145,-0.015,0.119,59.87,49.39
"2024-11-02 21:00:00",8309,12.87,1,0,0.039,-0.19,1.51,-0.018,0.134,-0.02,0.117,60.08,49.08
"2024-11-02 21:30:00",8310,12.86,1,0,0.033,-0.27,1.42,-0.025,0.125,-0.025,0.106,59.67,49.34
"2024-11-02 22:00:00",8311,12.86,1,0,0.032,-0.27,1.38,-0.025,0.122,-0.027,0.103,60.29,49.14
"2024-11-02 22:30:00",8312,12.86,1,0,0.027,-0.3,1.26,-0.028,0.112,-0.027,0.093,60.6,48.62
"2024-11-02 23:00:00",8313,12.85,1,0,0.026,-0.33,1.26,-0.03,0.112,-0.03,0.091,59.95,49.46
"2024-11-02 23:30:00",8314,12.85,1,0,0.021,-0.38,1.16,-0.035,0.102,-0.034,0.085,61.03,49.87
"2024-11-03 00:00:00",8315,12.85,1,0,0.02,-0.38,1.15,-0.034,0.102,-0.034,0.087,60.96,48.83
"2024-11-03 00:30:00",8316,12.85,1,0,0.019,-0.38,1.12,-0.035,0.099,-0.037,0.085,60.53,50.46
"2024-11-03 01:00:00",8317,12.85,1,0,0.017,-0.44,1.12,-0.04,0.1,-0.037,0.088,60.51,48.95
"2024-11-03 01:30:00",8318,12.84,1,0,0.018,-0.41,1.12,-0.037,0.099,-0.034,0.085,59.95,49.21
"2024-11-03 02:00:00",8319,12.85,1,0,0.019,-0.38,1.1,-0.035,0.097,-0.034,0.085,61.02,49.3
"2024-11-03 02:30:00",8320,12.84,1,0,0.017,-0.39,1.06,-0.035,0.094,-0.034,0.078,60.15,48.59
"2024-11-03 03:00:00",8321,12.84,1,0,0.018,-0.36,1.06,-0.032,0.094,-0.034,0.08,59.65,48.49
"2024-11-03 03:30:00",8322,12.84,1,0,0.016,-0.39,1.03,-0.035,0.092,-0.034,0.08,60.7,48.72
"2024-11-03 04:00:00",8323,12.84,1,0,0.02,-0.33,1.09,-0.03,0.097,-0.029,0.08,60.71,49.56
"2024-11-03 04:30:00",8324,12.84,1,0,0.019,-0.33,1.06,-0.03,0.094,-0.029,0.08,60,49.25
"2024-11-03 05:00:00",8325,12.84,1,0,0.018,-0.36,1.06,-0.032,0.094,-0.032,0.08,59.76,49.17
"2024-11-03 05:30:00",8326,12.84,1,0,0.017,-0.36,1.03,-0.032,0.092,-0.029,0.08,59.96,49.21
"2024-11-03 06:00:00",8327,12.84,1,0,0.017,-0.36,1.03,-0.033,0.092,-0.029,0.08,60.73,49.73
"2024-11-03 06:30:00",8328,12.83,1,0,0.018,-0.33,1,-0.03,0.089,-0.032,0.075,59.16,50.06
"2024-11-03 07:00:00",8329,12.83,1,0,0.019,-0.3,1,-0.028,0.089,-0.027,0.078,59.79,48.64
"2024-11-03 07:30:00",8330,12.83,1,0,0.019,-0.33,1.04,-0.03,0.092,-0.029,0.075,59.94,49.6
"2024-11-03 08:00:00",8331,12.83,1,0,0.022,-0.33,1.13,-0.03,0.1,-0.029,0.083,60.11,49.36
"2024-11-03 08:30:00",8332,12.83,1,0,0.051,-0.07,1.72,-0.007,0.152,-0.007,0.129,60.2,49.87
"2024-11-03 09:00:00",8333,12.82,1,0,0.069,-0.02,2.23,-0.002,0.198,-0.005,0.168,61.86,51.53
"2024-11-03 09:30:00",8334,12.83,1,0,0.089,0.22,2.54,0.02,0.225,0.014,0.19,61.01,48.89
"2024-11-03 10:00:00",8335,12.83,1,0,0.088,0.03,2.76,0.002,0.245,0.002,0.21,62.61,51.46
"2024-11-03 10:30:00",8336,12.82,1,0,0.116,0.47,3.07,0.042,0.271,0.036,0.232,62.54,51.8
"2024-11-03 11:00:00",8337,12.83,1,0,0.118,0.3,3.36,0.027,0.298,0.024,0.256,61.47,51.96
"2024-11-03 11:30:00",8338,12.83,1,0,0.138,0.54,3.66,0.048,0.324,0.042,0.279,60.7,52.57
"2024-11-03 12:00:00",8339,12.83,1,0,0.17,0.88,4.24,0.078,0.375,0.072,0.315,61.39,51.32
"2024-11-03 12:30:00",8340,12.83,1,0,0.145,0,4.63,0,0.409,-99,0.367,70.03,56.28
"2024-11-03 13:00:00",8341,12.84,1,0,0.207,1.35,4.79,0.12,0.424,0.114,0.363,68.92,53.27
"2024-11-03 13:30:00",8342,12.84,1,0,0.222,1.31,5.32,0.116,0.471,0.101,0.392,60.79,51.85
"2024-11-03 14:00:00",8343,12.83,1,0,0.228,1.36,5.45,0.12,0.482,0.108,0.4,61.49,51.98
"2024-11-03 14:30:00",8344,12.84,1,0,0.245,1.64,5.61,0.145,0.496,0.137,0.413,68.91,52.45
"2024-11-03 15:00:00",8345,12.84,1,0,0.238,1.51,5.58,0.134,0.494,0.116,0.411,61.91,52.25
"2024-11-03 15:30:00",8346,12.84,1,0,0.238,1.55,5.51,0.137,0.488,0.12,0.41,61.7,51.93
"2024-11-03 16:00:00",8347,12.84,1,0,0.241,1.53,5.63,0.135,0.498,0.123,0.412,62.83,52.5
"2024-11-03 16:30:00",8348,12.84,1,0,0.228,1.42,5.36,0.126,0.474,0.114,0.395,61.78,52.27
"2024-11-03 17:00:00",8349,12.84,1,0,0.197,1.17,4.72,0.104,0.418,0.09,0.347,62.2,51.46
"2024-11-03 17:30:00",8350,12.84,1,0,0.165,0.92,4.02,0.082,0.356,0.073,0.293,61.75,50.86
"2024-11-03 18:00:00",8351,12.83,1,0,0.122,0.57,3.13,0.05,0.277,0.044,0.234,60.14,50.88
"2024-11-03 18:30:00",8352,12.83,1,0,0.094,0.37,2.51,0.033,0.223,0.03,0.186,60.22,49.89
"2024-11-03 19:00:00",8353,12.83,1,0,0.076,0.2,2.15,0.018,0.19,0.015,0.155,59.81,49.07
"2024-11-03 19:30:00",8354,12.83,1,0,0.061,0.06,1.86,0.005,0.165,0,0.14,59.72,49.14
"2024-11-03 20:00:00",8355,12.82,1,0,0.051,-0.02,1.64,-0.003,0.145,-0.005,0.122,60.08,49.75
"2024-11-03 20:30:00",8356,12.82,1,0,0.041,-0.1,1.45,-0.01,0.128,-0.012,0.106,61.06,48.93
"2024-11-03 21:00:00",8357,12.82,1,0,0.037,-0.16,1.39,-0.015,0.123,-0.015,0.101,60.48,49.58
"2024-11-03 21:30:00",8358,12.81,1,0,0.033,-0.19,1.29,-0.018,0.114,-0.02,0.096,59.8,49.3
"2024-11-03 22:00:00",8359,12.81,1,0,0.028,-0.24,1.2,-0.023,0.106,-0.025,0.088,59.91,48.6
"2024-11-03 22:30:00",8360,12.81,1,0,0.023,-0.3,1.13,-0.028,0.1,-0.027,0.086,59.54,48.65
"2024-11-03 23:00:00",8361,12.81,1,0,0.022,-0.33,1.13,-0.03,0.1,-0.029,0.083,59.76,48.76
"2024-11-03 23:30:00",8362,12.8,1,0,0.021,-0.3,1.07,-0.027,0.094,-0.027,0.08,60.15,48.84
"2024-11-04 00:00:00",8363,12.8,1,0,0.021,-0.3,1.07,-0.027,0.095,-0.027,0.08,59.59,48.44
"2024-11-04 00:30:00",8364,12.8,1,0,0.017,-0.36,1.03,-0.032,0.092,-0.029,0.075,60.37,49.22
"2024-11-04 01:00:00",8365,12.8,1,0,0.018,-0.33,1.01,-0.03,0.089,-0.032,0.078,59.56,48.81
"2024-11-04 01:30:00",8366,12.79,1,0,0.018,-0.33,1,-0.03,0.089,-0.029,0.078,60.28,49.12
"2024-11-04 02:00:00",8367,12.8,1,0,0.016,-0.33,0.94,-0.03,0.084,-0.029,0.07,59.51,49.17
"2024-11-04 02:30:00",8368,12.8,1,0,0.015,-0.36,0.97,-0.033,0.086,-0.032,0.075,59.44,50.18
"2024-11-04 03:00:00",8369,12.79,1,0,0.013,-0.39,0.94,-0.035,0.084,-0.037,0.073,60.83,49.51
"2024-11-04 03:30:00",8370,12.79,1,0,0.014,-0.39,0.97,-0.035,0.086,-0.034,0.073,59.71,49.93
"2024-11-04 04:00:00",8371,12.79,1,0,0.012,-0.39,0.91,-0.035,0.081,-0.034,0.07,60.83,49.11
"2024-11-04 04:30:00",8372,12.79,1,0,0.012,-0.39,0.91,-0.035,0.081,-0.032,0.068,59.4,48.91
"2024-11-04 05:00:00",8373,12.79,1,0,0.012,-0.39,0.91,-0.035,0.081,-0.034,0.073,60.25,50.07
"2024-11-04 05:30:00",8374,12.79,1,0,0.01,-0.41,0.88,-0.037,0.078,-0.037,0.062,59.96,48.8
"2024-11-04 06:00:00",8375,12.79,1,0,0.011,-0.41,0.91,-0.037,0.08,-0.034,0.067,59.9,49.41
"2024-11-04 06:30:00",8376,12.78,1,0,0.013,-0.36,0.88,-0.033,0.078,-0.032,0.065,59.54,49.21
"2024-11-04 07:00:00",8377,12.78,1,0,0.01,-0.42,0.88,-0.038,0.078,-0.037,0.065,59.75,49.15
"2024-11-04 07:30:00",8378,12.78,1,0,0.007,-0.45,0.82,-0.04,0.073,-0.037,0.063,60.28,49.28
"2024-11-04 08:00:00",8379,12.78,1,0,0.011,-0.36,0.82,-0.032,0.072,-0.032,0.06,60.44,49.13
"2024-11-04 08:30:00",8380,12.77,1,0,0.022,-0.32,1.12,-0.03,0.1,-0.029,0.085,60.16,50.08
"2024-11-04 09:00:00",8381,12.78,1,0,0.035,-0.24,1.43,-0.022,0.126,-0.022,0.108,60.64,50.3
"2024-11-04 09:30:00",8382,12.77,1,0,0.067,0.03,2.09,0.002,0.185,-0.002,0.156,62.19,50.21
"2024-11-04 10:00:00",8383,12.77,1,0,0.086,0.03,2.71,0.002,0.24,0.002,0.207,64.3,51.92
"2024-11-04 10:30:00",8384,12.78,1,0,0.116,0.32,3.26,0.028,0.288,0.023,0.247,62.33,51.18
"2024-11-04 11:00:00",8385,12.78,1,0,0.134,0.51,3.59,0.045,0.318,0.038,0.273,63.15,51.85
"2024-11-04 11:30:00",8386,12.79,1,0,0.143,0.52,3.86,0.046,0.341,0.038,0.295,61.56,52.2
"2024-11-04 12:00:00",8387,12.79,1,0,0.187,0.97,4.67,0.086,0.413,0.078,0.352,64.42,53.12
"2024-11-04 12:30:00",8388,12.79,1,0,0.237,1.62,5.4,0.143,0.478,-99,0.418,-99,55.24
"2024-11-04 13:00:00",8389,12.79,1,0,0.228,1.11,5.77,0.098,0.511,0.092,0.436,62.7,53.85
"2024-11-04 13:30:00",8390,12.8,1,0,0.254,1.47,6.14,0.13,0.543,0.115,0.459,62.2,53.25
"2024-11-04 14:00:00",8391,12.8,1,0,0.253,1.55,5.98,0.137,0.529,0.123,0.444,62.77,51.21
"2024-11-04 14:30:00",8392,12.8,1,0,0.255,1.7,5.84,0.15,0.517,0.141,0.433,64.56,52.04
"2024-11-04 15:00:00",8393,12.8,1,0,0.248,1.56,5.8,0.138,0.514,0.124,0.433,63.04,52.3
"2024-11-04 15:30:00",8394,12.8,1,0,0.245,1.52,5.76,0.135,0.509,0.12,0.428,63.03,52.7
"2024-11-04 16:00:00",8395,12.8,1,0,0.213,1.29,5.06,0.114,0.448,0.1,0.378,61.39,51.88
"2024-11-04 16:30:00",8396,12.8,1,0,0.166,0.89,4.11,0.079,0.364,0.07,0.305,62.11,52.19
"2024-11-04 17:00:00",8397,12.8,1,0,0.13,0.58,3.36,0.052,0.297,0.046,0.252,61.08,51.16
"2024-11-04 17:30:00",8398,12.8,1,0,0.097,0.31,2.66,0.027,0.235,0.024,0.199,60.21,51.52
"2024-11-04 18:00:00",8399,12.8,1,0,0.069,0.06,2.12,0.005,0.187,0.002,0.157,60.5,49.92
"2024-11-04 18:30:00",8400,12.8,1,0,0.052,-0.07,1.75,-0.007,0.155,-0.007,0.126,59.94,50.03
"2024-11-04 19:00:00",8401,12.8,1,0,0.042,-0.16,1.54,-0.015,0.136,-0.017,0.117,59.81,49.07
"2024-11-04 19:30:00",8402,12.79,1,0,0.034,-0.22,1.38,-0.02,0.122,-0.022,0.104,59.86,50.09
"2024-11-04 20:00:00",8403,12.79,1,0,0.027,-0.27,1.23,-0.025,0.109,-0.027,0.093,59.85,49.68
"2024-11-04 20:30:00",8404,12.79,1,0,0.023,-0.33,1.17,-0.03,0.103,-0.03,0.088,60.29,48.73
"2024-11-04 21:00:00",8405,12.79,1,0,0.019,-0.36,1.07,-0.033,0.095,-0.032,0.083,59.88,49.14
"2024-11-04 21:30:00",8406,12.78,1,0,0.016,-0.39,1.04,-0.035,0.092,-0.037,0.078,59.92,49.18
"2024-11-04 22:00:00",8407,12.78,1,0,0.015,-0.39,1.01,-0.035,0.089,-0.037,0.075,59.22,49.29
"2024-11-04 22:30:00",8408,12.78,1,0,0.01,-0.47,0.95,-0.043,0.084,-0.042,0.07,60.05,48.75
"2024-11-04 23:00:00",8409,12.78,1,0,0.008,-0.47,0.89,-0.043,0.078,-0.04,0.07,60.33,48.77
"2024-11-04 23:30:00",8410,12.77,1,0,0.008,-0.47,0.88,-0.043,0.078,-0.039,0.068,60.71,48.5
"2024-11-05 00:00:00",8411,12.77,1,0,0.008,-0.47,0.88,-0.043,0.078,-0.04,0.068,60.81,49.09
"2024-11-05 00:30:00",8412,12.77,1,0,0.007,-0.47,0.85,-0.043,0.076,-0.042,0.063,59.61,49.12
"2024-11-05 01:00:00",8413,12.77,1,0,0.006,-0.48,0.82,-0.043,0.073,-0.04,0.065,59.51,49.44
"2024-11-05 01:30:00",8414,12.76,1,0,0.007,-0.47,0.85,-0.043,0.076,-0.042,0.065,59.34,48.19
"2024-11-05 02:00:00",8415,12.76,1,0,0.006,-0.5,0.85,-0.045,0.076,-0.042,0.063,59.69,47.57
"2024-11-05 02:30:00",8416,12.76,1,0,0.008,-0.45,0.85,-0.04,0.076,-0.04,0.063,59.81,49.07
"2024-11-05 03:00:00",8417,12.76,1,0,0.003,-0.5,0.76,-0.045,0.067,-0.044,0.057,59.37,48.63
"2024-11-05 03:30:00",8418,12.76,1,0,0.003,-0.53,0.79,-0.048,0.07,-0.044,0.06,59.73,48.99
"2024-11-05 04:00:00",8419,12.76,1,0,0.002,-0.53,0.76,-0.047,0.067,-0.042,0.06,59.25,48.67
"2024-11-05 04:30:00",8420,12.75,1,0,0.003,-0.5,0.76,-0.045,0.067,-0.047,0.057,60.35,49.21
"2024-11-05 05:00:00",8421,12.75,1,0,0.002,-0.5,0.72,-0.045,0.064,-0.042,0.057,60.04,48.63
"2024-11-05 05:30:00",8422,12.75,1,0,0,-0.53,0.69,-0.048,0.061,-0.044,0.052,59.86,49.12
"2024-11-05 06:00:00",8423,12.75,1,0,0.002,-0.5,0.72,-0.045,0.064,-0.044,0.055,60.31,48.2
"2024-11-05 06:30:00",8424,12.75,1,0,-0.003,-0.58,0.66,-0.052,0.058,-0.049,0.052,60.35,49.19
"2024-11-05 07:00:00",8425,12.75,1,0,-0.002,-0.55,0.63,-0.05,0.056,-0.049,0.049,60.97,48.59
"2024-11-05 07:30:00",8426,12.75,1,0,-0.003,-0.58,0.66,-0.052,0.058,-0.049,0.049,60.15,49.26
"2024-11-05 08:00:00",8427,12.75,1,0,-0.006,-0.61,0.59,-0.055,0.053,-0.051,0.049,61.06,48.43
"2024-11-05 08:30:00",8428,12.75,1,0,-0.006,-0.58,0.56,-0.052,0.05,-0.051,0.041,61.4,48.87
"2024-11-05 09:00:00",8429,12.74,1,0,-0.009,-0.65,0.56,-0.059,0.049,-0.056,0.041,60.38,50.46
"2024-11-05 09:30:00",8430,12.75,1,0,-0.009,-0.65,0.56,-0.059,0.049,-0.053,0.041,60.74,48.77
"2024-11-05 10:00:00",8431,12.75,1,0,-0.014,-0.69,0.43,-0.062,0.038,-0.058,0.036,61.93,49.14
"2024-11-05 10:30:00",8432,12.75,1,0,-0.003,-0.59,0.67,-0.053,0.06,-0.052,0.054,61.3,50.31
"2024-11-05 11:00:00",8433,12.75,1,0,0.073,0.28,1.95,0.025,0.173,-99,0.151,-99,51.41
"2024-11-05 11:30:00",8434,12.75,1,0,0.125,0.28,3.61,0.025,0.319,0.017,0.277,62.09,52.43
"2024-11-05 12:00:00",8435,12.75,1,0,0.202,1.02,5.07,0.09,0.448,0.079,0.383,65.5,52.57
"2024-11-05 12:30:00",8436,12.75,1,0,0.194,0.15,5.99,0.013,0.53,0.015,0.471,63.85,54.76
"2024-11-05 13:00:00",8437,12.75,1,0,0.249,0.93,6.69,0.082,0.593,0.076,0.513,61.45,53.58
"2024-11-05 13:30:00",8438,12.76,1,0,0.295,1.65,7.18,0.146,0.635,0.13,0.54,61.31,52.37
"2024-11-05 14:00:00",8439,12.76,1,0,0.352,2.8,7.46,0.248,0.66,0.231,0.552,67.69,52.72
"2024-11-05 14:30:00",8440,12.76,1,0,0.304,1.85,7.2,0.164,0.638,0.15,0.538,65.24,53.13
"2024-11-05 15:00:00",8441,12.77,1,0,0.304,1.94,7.09,0.172,0.627,0.152,0.522,64.08,52.12
"2024-11-05 15:30:00",8442,12.77,1,0,0.293,1.87,6.84,0.165,0.606,0.147,0.508,62.27,52.77
"2024-11-05 16:00:00",8443,12.76,1,0,0.266,1.6,6.33,0.141,0.561,0.127,0.469,62.99,52.82
"2024-11-05 16:30:00",8444,12.77,1,0,0.236,1.43,5.6,0.126,0.496,0.109,0.418,63.51,51.8
"2024-11-05 17:00:00",8445,12.76,1,0,0.199,1.12,4.83,0.099,0.427,0.084,0.355,62.16,51.57
"2024-11-05 17:30:00",8446,12.76,1,0,0.157,0.77,3.97,0.068,0.352,0.06,0.294,61.5,51.58
"2024-11-05 18:00:00",8447,12.76,1,0,0.116,0.37,3.19,0.033,0.282,0.025,0.238,60.85,50.53
"2024-11-05 18:30:00",8448,12.76,1,0,0.083,0.11,2.51,0.01,0.222,0.008,0.182,61.01,50.02
"2024-11-05 19:00:00",8449,12.76,1,0,0.064,-0.08,2.16,-0.008,0.191,-0.01,0.157,59.9,50.24
"2024-11-05 19:30:00",8450,12.76,1,0,0.054,-0.13,1.9,-0.013,0.168,-0.012,0.144,61.15,49.59
"2024-11-05 20:00:00",8451,12.75,1,0,0.046,-0.19,1.71,-0.018,0.152,-0.017,0.128,60.11,49.78
"2024-11-05 20:30:00",8452,12.75,1,0,0.035,-0.33,1.56,-0.031,0.138,-0.032,0.118,60.16,50.24
"2024-11-05 21:00:00",8453,12.75,1,0,0.027,-0.41,1.41,-0.037,0.125,-0.037,0.109,61.2,48.58
"2024-11-05 21:30:00",8454,12.74,1,0,0.025,-0.39,1.33,-0.036,0.118,-0.035,0.102,60.5,49.51
"2024-11-05 22:00:00",8455,12.74,1,0,0.024,-0.39,1.27,-0.036,0.112,-0.035,0.099,60.31,49.42
"2024-11-05 22:30:00",8456,12.74,1,0,0.017,-0.48,1.17,-0.043,0.104,-0.04,0.089,60.62,48.65
"2024-11-05 23:00:00",8457,12.73,1,0,0.017,-0.48,1.18,-0.044,0.104,-0.043,0.084,59.21,50.26
"2024-11-05 23:30:00",8458,12.73,1,0,0.016,-0.48,1.15,-0.043,0.101,-0.045,0.084,60.77,48.55
"2024-11-06 00:00:00",8459,12.73,1,0,0.01,-0.57,1.08,-0.051,0.096,-0.047,0.084,59.49,49.16
"2024-11-06 00:30:00",8460,12.73,1,0,0.012,-0.51,1.05,-0.046,0.093,-0.045,0.084,59.81,49.89
"2024-11-06 01:00:00",8461,12.73,1,0,0.009,-0.54,1.02,-0.049,0.09,-0.045,0.079,59.7,48.96
"2024-11-06 01:30:00",8462,12.73,1,0,0.01,-0.51,0.99,-0.046,0.088,-0.045,0.076,60.67,48.71
"2024-11-06 02:00:00",8463,12.72,1,0,0.009,-0.54,1.02,-0.049,0.09,-0.05,0.079,59.44,48.7
"2024-11-06 02:30:00",8464,12.72,1,0,0.006,-0.55,0.94,-0.05,0.084,-0.049,0.073,61.6,48.97
"2024-11-06 03:00:00",8465,12.72,1,0,0.007,-0.56,0.97,-0.05,0.086,-0.047,0.076,61.05,49.74
"2024-11-06 03:30:00",8466,12.72,1,0,0.004,-0.62,0.95,-0.056,0.084,-0.052,0.076,61.09,48.46
"2024-11-06 04:00:00",8467,12.72,1,0,0.008,-0.54,0.99,-0.049,0.087,-0.045,0.073,59.29,49.63
"2024-11-06 04:30:00",8468,12.72,1,0,0.009,-0.51,0.96,-0.046,0.085,-0.045,0.071,59.71,48.15
"2024-11-06 05:00:00",8469,12.72,1,0,0.009,-0.51,0.96,-0.046,0.085,-0.043,0.074,59.45,48.86
"2024-11-06 05:30:00",8470,12.71,1,0,0.008,-0.48,0.9,-0.044,0.079,-0.045,0.071,60.83,49.69
"2024-11-06 06:00:00",8471,12.71,1,0,0.007,-0.54,0.93,-0.049,0.082,-0.048,0.074,59.54,49.62
"2024-11-06 06:30:00",8472,12.71,1,0,0.008,-0.54,0.96,-0.048,0.085,-0.048,0.071,59.8,48.91
"2024-11-06 07:00:00",8473,12.71,1,0,0.007,-0.51,0.89,-0.046,0.079,-0.045,0.071,60.07,48.77
"2024-11-06 07:30:00",8474,12.71,1,0,0.005,-0.54,0.89,-0.048,0.079,-0.045,0.068,60.67,47.73
"2024-11-06 08:00:00",8475,12.71,1,0,0.008,-0.51,0.92,-0.046,0.082,-0.045,0.071,60.31,48.5
"2024-11-06 08:30:00",8476,12.71,1,0,0.023,-0.42,1.3,-0.038,0.115,-0.035,0.1,60.34,49.19
"2024-11-06 09:00:00",8477,12.7,1,0,0.052,-0.18,1.88,-0.017,0.167,-0.022,0.146,61.98,50.83
"2024-11-06 09:30:00",8478,12.7,1,0,0.1,0.25,2.85,0.022,0.253,0.014,0.214,63.21,51.1
"2024-11-06 10:00:00",8479,12.7,1,0,0.137,0.35,3.89,0.031,0.344,0.026,0.299,62.74,52.68
"2024-11-06 10:30:00",8480,12.7,1,0,0.194,0.89,4.98,0.079,0.441,0.071,0.375,64.01,52.31
"2024-11-06 11:00:00",8481,12.7,1,0,0.283,2.15,6.13,0.19,0.543,-99,0.464,-99,53.38
"2024-11-06 11:30:00",8482,12.7,1,0,0.295,1.88,6.87,0.166,0.608,0.149,0.517,64.1,52.14
"2024-11-06 12:00:00",8483,12.7,1,0,0.303,1.85,7.17,0.163,0.635,0.149,0.539,63.58,53.66
"2024-11-06 12:30:00",8484,12.71,1,0,0.26,1.03,6.91,0.091,0.612,0.085,0.532,62.12,52.46
"2024-11-06 13:00:00",8485,12.71,1,0,0.254,0.92,6.86,0.081,0.607,0.075,0.522,61.08,52.4
"2024-11-06 13:30:00",8486,12.71,1,0,0.291,1.63,7.08,0.144,0.627,0.125,0.532,61.47,52.38
"2024-11-06 14:00:00",8487,12.71,1,0,0.318,2.23,7.16,0.197,0.634,0.177,0.532,64.06,53.19
"2024-11-06 14:30:00",8488,12.71,1,0,0.292,1.84,6.85,0.163,0.606,0.145,0.509,63.25,52.12
"2024-11-06 15:00:00",8489,12.71,1,0,0.291,1.89,6.74,0.168,0.596,0.146,0.496,63.32,52.34
"2024-11-06 15:30:00",8490,12.71,1,0,0.272,1.64,6.46,0.145,0.572,0.127,0.48,62.11,51.53
"2024-11-06 16:00:00",8491,12.71,1,0,0.252,1.54,5.96,0.136,0.528,0.119,0.441,63.28,52.81
"2024-11-06 16:30:00",8492,12.71,1,0,0.224,1.26,5.44,0.112,0.482,0.1,0.401,63.35,51
"2024-11-06 17:00:00",8493,12.71,1,0,0.18,0.87,4.58,0.077,0.405,0.068,0.34,61.55,50.56
"2024-11-06 17:30:00",8494,12.71,1,0,0.135,0.52,3.61,0.046,0.32,0.04,0.269,60.34,50.99
"2024-11-06 18:00:00",8495,12.71,1,0,0.102,0.23,2.95,0.021,0.261,0.015,0.216,60.75,51.09
"2024-11-06 18:30:00",8496,12.71,1,0,0.077,0,2.44,0,0.216,-0.005,0.182,60.64,49.76
"2024-11-06 19:00:00",8497,12.71,1,0,0.064,-0.11,2.18,-0.01,0.193,-0.015,0.161,60.41,49.12
"2024-11-06 19:30:00",8498,12.7,1,0,0.057,-0.16,2.03,-0.015,0.18,-0.018,0.151,60.34,48.64
"2024-11-06 20:00:00",8499,12.7,1,0,0.048,-0.25,1.86,-0.023,0.165,-0.023,0.137,60.27,49.95
"2024-11-06 20:30:00",8500,12.7,1,0,0.04,-0.31,1.7,-0.028,0.151,-0.028,0.13,60.23,50.72
"2024-11-06 21:00:00",8501,12.69,1,0,0.033,-0.4,1.57,-0.036,0.139,-0.035,0.119,60.17,50
"2024-11-06 21:30:00",8502,12.69,1,0,0.026,-0.45,1.44,-0.041,0.127,-0.04,0.111,60.14,49.81
"2024-11-06 22:00:00",8503,12.69,1,0,0.026,-0.42,1.38,-0.038,0.122,-0.038,0.106,60.44,49.85
"2024-11-06 22:30:00",8504,12.69,1,0,0.023,-0.45,1.32,-0.041,0.116,-0.043,0.101,59.93,49.45
"2024-11-06 23:00:00",8505,12.69,1,0,0.017,-0.51,1.22,-0.046,0.108,-0.045,0.095,59.81,48.67
"2024-11-06 23:30:00",8506,12.68,1,0,0.019,-0.48,1.25,-0.043,0.11,-0.043,0.095,60.32,49.59
"2024-11-07 00:00:00",8507,12.68,1,0,0.017,-0.51,1.21,-0.046,0.107,-0.048,0.095,60.75,49.05
"2024-11-07 00:30:00",8508,12.68,1,0,0.011,-0.59,1.15,-0.053,0.101,-0.05,0.087,61.02,48.8
"2024-11-07 01:00:00",8509,12.68,1,0,0.012,-0.57,1.15,-0.051,0.102,-0.048,0.092,61.73,49.51
"2024-11-07 01:30:00",8510,12.67,1,0,0.014,-0.51,1.12,-0.046,0.099,-0.048,0.084,59.26,48.94
"2024-11-07 02:00:00",8511,12.67,1,0,0.013,-0.54,1.12,-0.049,0.099,-0.048,0.085,60.95,49.4
"2024-11-07 02:30:00",8512,12.67,1,0,0.013,-0.51,1.09,-0.046,0.097,-0.048,0.082,60.05,49.32
"2024-11-07 03:00:00",8513,12.67,1,0,0.012,-0.51,1.06,-0.046,0.094,-0.045,0.082,60.42,49.13
"2024-11-07 03:30:00",8514,12.67,1,0,0.01,-0.54,1.03,-0.049,0.091,-0.045,0.082,60.26,49.13
"2024-11-07 04:00:00",8515,12.67,1,0,0.01,-0.54,1.03,-0.049,0.091,-0.05,0.08,60.94,48.57
"2024-11-07 04:30:00",8516,12.66,1,0,0.009,-0.57,1.06,-0.051,0.094,-0.053,0.082,61.31,49.35
"2024-11-07 05:00:00",8517,12.67,1,0,0.01,-0.54,1.03,-0.049,0.091,-0.048,0.077,61.14,48.93
"2024-11-07 05:30:00",8518,12.67,1,0,0.007,-0.57,0.99,-0.051,0.088,-0.05,0.077,59.96,49.24
"2024-11-07 06:00:00",8519,12.67,1,0,0.008,-0.54,0.96,-0.049,0.085,-0.05,0.074,59.8,48.92
"2024-11-07 06:30:00",8520,12.66,1,0,0.01,-0.54,1.03,-0.049,0.091,-0.045,0.077,61.23,49.28
"2024-11-07 07:00:00",8521,12.66,1,0,0.007,-0.57,0.99,-0.051,0.088,-0.05,0.074,59.61,48.63
"2024-11-07 07:30:00",8522,12.66,1,0,0.005,-0.57,0.93,-0.051,0.083,-0.048,0.072,59.74,49.68
"2024-11-07 08:00:00",8523,12.66,1,0,0.01,-0.54,1.03,-0.049,0.091,-0.05,0.077,60.33,49.35
"2024-11-07 08:30:00",8524,12.66,1,0,0.021,-0.39,1.18,-0.036,0.105,-0.035,0.087,60.57,49.85
"2024-11-07 09:00:00",8525,12.65,1,0,0.034,-0.3,1.47,-0.028,0.13,-0.03,0.113,61.66,50.11
"2024-11-07 09:30:00",8526,12.65,1,0,0.049,-0.24,1.87,-0.023,0.165,-0.025,0.139,61.94,49.99
"2024-11-07 10:00:00",8527,12.65,1,0,0.082,0,2.61,0,0.231,-0.002,0.196,62.38,50.28
"2024-11-07 10:30:00",8528,12.65,1,0,0.116,0.25,3.37,0.023,0.298,0.02,0.255,61.85,51.28
"2024-11-07 11:00:00",8529,12.65,1,0,0.195,1.27,4.5,0.112,0.399,0.104,0.338,67.5,51.87
"2024-11-07 11:30:00",8530,12.65,1,0,0.245,1.29,6.08,0.114,0.538,0.103,0.459,63.85,52.72
"2024-11-07 12:00:00",8531,12.65,1,0,0.276,1.57,6.7,0.139,0.593,0.124,0.499,63.61,51.82
"2024-11-07 12:30:00",8532,12.65,1,0,0.261,1.05,6.9,0.093,0.611,0.086,0.519,62.84,52.52
"2024-11-07 13:00:00",8533,12.65,1,0,0.308,2.02,7.12,0.179,0.63,0.156,0.524,61.68,52.18
"2024-11-07 13:30:00",8534,12.65,1,0,0.258,1.47,6.26,0.13,0.554,0.117,0.463,61.94,52.44
"2024-11-07 14:00:00",8535,12.65,1,0,0.291,1.88,6.75,0.166,0.597,0.149,0.505,63.71,51.35
"2024-11-07 14:30:00",8536,12.65,1,0,0.314,2.01,7.33,0.178,0.649,0.163,0.539,65.74,53.13
"2024-11-07 15:00:00",8537,12.65,1,0,0.306,1.97,7.1,0.174,0.629,0.152,0.524,62.06,52.15
"2024-11-07 15:30:00",8538,12.65,1,0,0.252,1.57,5.94,0.139,0.526,0.121,0.434,62.38,51.66
"2024-11-07 16:00:00",8539,12.65,1,0,0.233,1.36,5.59,0.121,0.495,0.103,0.411,61.82,52.17
"2024-11-07 16:30:00",8540,12.65,1,0,0.202,1.08,4.98,0.096,0.441,0.081,0.37,61.74,50.05
"2024-11-07 17:00:00",8541,12.65,1,0,0.164,0.79,4.18,0.07,0.37,0.061,0.306,61.24,50.68
"2024-11-07 17:30:00",8542,12.65,1,0,0.124,0.47,3.33,0.042,0.295,0.033,0.246,60.76,50.85
"2024-11-07 18:00:00",8543,12.65,1,0,0.091,0.18,2.67,0.016,0.236,0.01,0.2,61.31,50.02
"2024-11-07 18:30:00",8544,12.65,1,0,0.073,-0.02,2.35,-0.003,0.208,-0.005,0.176,60.16,49.84
"2024-11-07 19:00:00",8545,12.64,1,0,0.058,-0.14,2.02,-0.013,0.179,-0.015,0.15,59.54,49.48
"2024-11-07 19:30:00",8546,12.64,1,0,0.054,-0.14,1.9,-0.013,0.168,-0.018,0.139,60.21,50.15
"2024-11-07 20:00:00",8547,12.64,1,0,0.045,-0.26,1.77,-0.023,0.156,-0.023,0.131,60.84,48.88
"2024-11-07 20:30:00",8548,12.64,1,0,0.037,-0.32,1.6,-0.029,0.142,-0.028,0.121,59.56,48.83
"2024-11-07 21:00:00",8549,12.63,1,0,0.032,-0.37,1.51,-0.034,0.134,-0.036,0.118,60.51,49.62
"2024-11-07 21:30:00",8550,12.63,1,0,0.028,-0.38,1.41,-0.034,0.125,-0.031,0.108,60.03,48.89
"2024-11-07 22:00:00",8551,12.62,1,0,0.027,-0.38,1.38,-0.034,0.122,-0.033,0.103,60.15,48.45
"2024-11-07 22:30:00",8552,12.62,1,0,0.024,-0.4,1.31,-0.037,0.116,-0.036,0.1,60.35,49.62
"2024-11-07 23:00:00",8553,12.62,1,0,0.021,-0.43,1.25,-0.039,0.111,-0.036,0.089,60.36,48.8
"2024-11-07 23:30:00",8554,12.62,1,0,0.021,-0.46,1.27,-0.041,0.113,-0.043,0.091,61.57,49.05
"2024-11-08 00:00:00",8555,12.61,1,0,0.019,-0.46,1.21,-0.041,0.107,-0.043,0.091,61.39,49.58
"2024-11-08 00:30:00",8556,12.61,1,0,0.019,-0.46,1.21,-0.041,0.107,-0.043,0.089,61.63,48.6
"2024-11-08 01:00:00",8557,12.61,1,0,0.017,-0.46,1.17,-0.041,0.104,-0.038,0.088,60.2,50.13
"2024-11-08 01:30:00",8558,12.61,1,0,0.018,-0.43,1.14,-0.039,0.101,-0.038,0.086,59.84,49.77
"2024-11-08 02:00:00",8559,12.61,1,0,0.018,-0.43,1.15,-0.039,0.101,-0.036,0.086,60.26,48.3
"2024-11-08 02:30:00",8560,12.6,1,0,0.018,-0.44,1.15,-0.039,0.102,-0.039,0.081,60.17,47.8
"2024-11-08 03:00:00",8561,12.61,1,0,0.019,-0.4,1.15,-0.037,0.102,-0.039,0.089,59.04,48.56
"2024-11-08 03:30:00",8562,12.6,1,0,0.015,-0.46,1.09,-0.042,0.096,-0.039,0.081,59.67,48.11
"2024-11-08 04:00:00",8563,12.6,1,0,0.014,-0.46,1.05,-0.042,0.093,-0.044,0.084,59.26,48.67
"2024-11-08 04:30:00",8564,12.59,1,0,0.017,-0.37,1.05,-0.034,0.093,-0.036,0.081,60.25,50.08
"2024-11-08 05:00:00",8565,12.6,1,0,0.014,-0.43,1.01,-0.039,0.09,-0.038,0.076,60.48,50.15
"2024-11-08 05:30:00",8566,12.59,1,0,0.014,-0.43,1.01,-0.039,0.09,-0.038,0.078,60.63,48.67
"2024-11-08 06:00:00",8567,12.59,1,0,0.014,-0.44,1.02,-0.039,0.09,-0.041,0.079,60.62,49.22
"2024-11-08 06:30:00",8568,12.59,1,0,0.014,-0.41,0.99,-0.037,0.088,-0.036,0.073,59.55,49.23
"2024-11-08 07:00:00",8569,12.59,1,0,0.014,-0.41,0.99,-0.037,0.088,-0.034,0.073,61.04,48.26
"2024-11-08 07:30:00",8570,12.59,1,0,0.014,-0.38,0.96,-0.034,0.085,-0.034,0.073,60.33,48.62
"2024-11-08 08:00:00",8571,12.59,1,0,0.016,-0.41,1.06,-0.037,0.094,-0.036,0.079,59.76,48.61
"2024-11-08 08:30:00",8572,12.59,1,0,0.029,-0.28,1.31,-0.026,0.116,-0.026,0.1,61.09,49.69
"2024-11-08 09:00:00",8573,12.58,1,0,0.052,-0.11,1.79,-0.01,0.159,-0.01,0.135,60.87,49.58
"2024-11-08 09:30:00",8574,12.58,1,0,0.086,0.14,2.54,0.013,0.225,0.007,0.189,62.82,50.6
"2024-11-08 10:00:00",8575,12.57,1,0,0.118,0.34,3.3,0.03,0.292,0.025,0.247,62.66,51.26
"2024-11-08 10:30:00",8576,12.58,1,0,0.162,0.72,4.2,0.064,0.372,0.058,0.316,63.08,51.37
"2024-11-08 11:00:00",8577,12.58,1,0,0.313,3.38,5.47,0.299,0.484,-99,0.404,-99,54.19
"2024-11-08 11:30:00",8578,12.58,1,0,0.253,1.58,5.95,0.14,0.527,0.122,0.442,62.72,52.66
"2024-11-08 12:00:00",8579,12.58,1,0,0.277,1.7,6.56,0.15,0.581,0.135,0.48,64.08,51.31
"2024-11-08 12:30:00",8580,12.58,1,0,0.256,1.19,6.55,0.105,0.58,0.096,0.492,62.32,53.48
"2024-11-08 13:00:00",8581,12.59,1,0,0.25,1.09,6.51,0.097,0.576,0.087,0.488,61.75,52.66
"2024-11-08 13:30:00",8582,12.59,1,0,0.252,1.2,6.41,0.106,0.568,0.096,0.482,59.16,51.29
"2024-11-08 14:00:00",8583,12.59,1,0,0.27,1.7,6.33,0.151,0.56,0.136,0.475,63.38,52.9
"2024-11-08 14:30:00",8584,12.59,1,0,0.28,1.8,6.53,0.16,0.578,0.144,0.475,62.78,51.64
"2024-11-08 15:00:00",8585,12.59,1,0,0.272,1.79,6.28,0.158,0.556,0.138,0.459,61.16,51.4
"2024-11-08 15:30:00",8586,12.59,1,0,0.256,1.63,5.98,0.144,0.529,0.126,0.44,62.96,51.67
"2024-11-08 16:00:00",8587,12.59,1,0,0.238,1.52,5.56,0.135,0.492,0.12,0.411,62.82,52.65
"2024-11-08 16:30:00",8588,12.59,1,0,0.208,1.18,5.05,0.104,0.447,0.089,0.37,61.71,52.2
"2024-11-08 17:00:00",8589,12.58,1,0,0.172,0.94,4.23,0.083,0.375,0.074,0.308,61.87,52.62
"2024-11-08 17:30:00",8590,12.59,1,0,0.138,0.62,3.57,0.055,0.316,0.046,0.26,59.64,50.13
"2024-11-08 18:00:00",8591,12.58,1,0,0.109,0.41,2.92,0.037,0.258,0.031,0.212,61.21,50.48
"2024-11-08 18:30:00",8592,12.58,1,0,0.08,0.12,2.4,0.011,0.212,0.005,0.175,60.65,49.25
"2024-11-08 19:00:00",8593,12.58,1,0,0.069,0.06,2.11,0.005,0.187,0,0.155,60.16,49.43
"2024-11-08 19:30:00",8594,12.57,1,0,0.059,-0.02,1.91,-0.003,0.169,-0.005,0.143,59.95,49.78
"2024-11-08 20:00:00",8595,12.57,1,0,0.05,-0.11,1.75,-0.011,0.155,-0.013,0.127,60.92,49.78
"2024-11-08 20:30:00",8596,12.57,1,0,0.043,-0.17,1.61,-0.016,0.142,-0.018,0.119,60.05,48.91
"2024-11-08 21:00:00",8597,12.57,1,0,0.033,-0.29,1.45,-0.026,0.128,-0.026,0.106,59,49.23
"2024-11-08 21:30:00",8598,12.56,1,0,0.033,-0.32,1.48,-0.029,0.131,-0.028,0.106,59.47,50.22
"2024-11-08 22:00:00",8599,12.56,1,0,0.026,-0.37,1.31,-0.034,0.116,-0.036,0.1,60.75,48.78
"2024-11-08 22:30:00",8600,12.56,1,0,0.027,-0.31,1.27,-0.028,0.112,-0.03,0.097,61.45,48.92
"2024-11-08 23:00:00",8601,12.56,1,0,0.025,-0.34,1.24,-0.031,0.11,-0.031,0.089,59.46,48.47
"2024-11-08 23:30:00",8602,12.56,1,0,0.022,-0.41,1.25,-0.037,0.111,-0.036,0.092,60.37,50.04
"2024-11-09 00:00:00",8603,12.56,1,0,0.022,-0.37,1.18,-0.034,0.104,-0.033,0.089,60.32,48.61
"2024-11-09 00:30:00",8604,12.55,1,0,0.021,-0.38,1.18,-0.034,0.105,-0.034,0.092,59.7,48.96
"2024-11-09 01:00:00",8605,12.55,1,0,0.022,-0.37,1.2,-0.033,0.107,-0.033,0.086,60.93,49.37
"2024-11-09 01:30:00",8606,12.55,1,0,0.018,-0.4,1.11,-0.036,0.098,-0.033,0.084,60.61,49.62
"2024-11-09 02:00:00",8607,12.55,1,0,0.021,-0.35,1.15,-0.031,0.102,-0.031,0.084,60.28,49.29
"2024-11-09 02:30:00",8608,12.55,1,0,0.02,-0.38,1.15,-0.034,0.102,-0.031,0.087,60.52,49.94
"2024-11-09 03:00:00",8609,12.55,1,0,0.018,-0.4,1.12,-0.037,0.099,-0.033,0.084,59.9,49.73
"2024-11-09 03:30:00",8610,12.54,1,0,0.021,-0.32,1.09,-0.029,0.096,-0.028,0.081,59.13,48.8
"2024-11-09 04:00:00",8611,12.54,1,0,0.018,-0.35,1.05,-0.032,0.093,-0.031,0.082,59.1,48.77
"2024-11-09 04:30:00",8612,12.54,1,0,0.02,-0.34,1.09,-0.031,0.096,-0.031,0.079,60.95,49.14
"2024-11-09 05:00:00",8613,12.54,1,0,0.018,-0.35,1.05,-0.031,0.093,-0.033,0.079,59.71,48
"2024-11-09 05:30:00",8614,12.54,1,0,0.021,-0.31,1.09,-0.029,0.096,-0.028,0.079,60.21,49.22
"2024-11-09 06:00:00",8615,12.54,1,0,0.02,-0.29,1.02,-0.026,0.091,-0.028,0.079,59.53,48.95
"2024-11-09 06:30:00",8616,12.53,1,0,0.016,-0.35,0.99,-0.032,0.088,-0.033,0.073,59.7,49.12
"2024-11-09 07:00:00",8617,12.53,1,0,0.021,-0.26,1.03,-0.024,0.091,-0.023,0.077,59.97,49.23
"2024-11-09 07:30:00",8618,12.53,1,0,0.022,-0.26,1.06,-0.024,0.094,-0.023,0.077,59.87,48.72
"2024-11-09 08:00:00",8619,12.53,1,0,0.019,-0.32,1.03,-0.029,0.091,-0.026,0.076,59.81,49.89
"2024-11-09 08:30:00",8620,12.53,1,0,0.058,0,1.85,0,0.164,0.003,0.139,60.54,50.21
"2024-11-09 09:00:00",8621,12.52,1,0,0.103,0.35,2.82,0.031,0.25,0.025,0.207,60.91,49.76
"2024-11-09 09:30:00",8622,12.52,1,0,0.122,0.49,3.23,0.044,0.286,0.035,0.236,60.73,51.48
"2024-11-09 10:00:00",8623,12.52,1,0,0.119,0.41,3.25,0.036,0.288,0.033,0.244,62.42,51.94
"2024-11-09 10:30:00",8624,12.52,1,0,0.132,0.54,3.47,0.048,0.307,0.042,0.258,62.87,51.72
"2024-11-09 11:00:00",8625,12.52,1,0,0.281,3.59,4.15,0.318,0.367,-99,0.309,-99,55.05
"2024-11-09 11:30:00",8626,12.52,1,0,0.169,1.03,4.01,0.091,0.355,0.077,0.301,63.08,51.37
"2024-11-09 12:00:00",8627,12.52,1,0,0.179,0.97,4.41,0.086,0.39,0.071,0.322,62.98,51.02
"2024-11-09 12:30:00",8628,12.52,1,0,0.176,0.82,4.52,0.073,0.4,0.064,0.34,62.94,52.35
"2024-11-09 13:00:00",8629,12.52,1,0,0.169,0.47,4.75,0.042,0.42,0.036,0.356,61.4,53.28
"2024-11-09 13:30:00",8630,12.52,1,0,0.17,0.41,4.87,0.036,0.431,0.035,0.367,57.95,51.71
"2024-11-09 14:00:00",8631,12.52,1,0,0.203,0.98,5.15,0.087,0.455,0.078,0.388,61.57,53.04
"2024-11-09 14:30:00",8632,12.51,1,0,0.247,1.65,5.65,0.146,0.5,0.13,0.412,63.25,52.11
"2024-11-09 15:00:00",8633,12.52,1,0,0.24,1.55,5.58,0.137,0.494,0.118,0.409,61.28,51.77
"2024-11-09 15:30:00",8634,12.52,1,0,0.242,1.62,5.53,0.144,0.49,0.125,0.408,61.86,53.17
"2024-11-09 16:00:00",8635,12.51,1,0,0.237,1.57,5.44,0.139,0.481,0.123,0.392,62.05,52.38
"2024-11-09 16:30:00",8636,12.51,1,0,0.214,1.36,4.99,0.121,0.442,0.108,0.365,60.88,52.19
"2024-11-09 17:00:00",8637,12.51,1,0,0.189,1.15,4.49,0.102,0.397,0.089,0.327,62.01,51.68
"2024-11-09 17:30:00",8638,12.51,1,0,0.154,0.86,3.77,0.076,0.333,0.067,0.275,61.63,51.15
"2024-11-09 18:00:00",8639,12.51,1,0,0.127,0.69,3.13,0.061,0.277,0.055,0.226,61.24,49.68
"2024-11-09 18:30:00",8640,12.51,1,0,0.099,0.42,2.6,0.037,0.23,0.031,0.188,60.46,50.96
"2024-11-09 19:00:00",8641,12.51,1,0,0.08,0.24,2.24,0.021,0.199,0.021,0.164,60.02,49.28
"2024-11-09 19:30:00",8642,12.51,1,0,0.071,0.18,2.01,0.016,0.178,0.01,0.146,61.06,49.35
"2024-11-09 20:00:00",8643,12.5,1,0,0.063,0.12,1.84,0.011,0.163,0.005,0.132,59.97,48.57
"2024-11-09 20:30:00",8644,12.5,1,0,0.057,0.06,1.75,0.005,0.155,0.003,0.127,59.66,49.74
"2024-11-09 21:00:00",8645,12.5,1,0,0.05,0,1.58,0,0.139,0,0.115,60.08,49.49
"2024-11-09 21:30:00",8646,12.49,1,0,0.046,-0.02,1.5,-0.003,0.133,-0.008,0.113,59.97,49.48
"2024-11-09 22:00:00",8647,12.49,1,0,0.042,-0.08,1.44,-0.008,0.128,-0.01,0.105,59.68,50.16
"2024-11-09 22:30:00",8648,12.49,1,0,0.039,-0.08,1.34,-0.008,0.118,-0.01,0.099,59.38,48.22
"2024-11-09 23:00:00",8649,12.48,1,0,0.037,-0.11,1.34,-0.011,0.118,-0.01,0.099,59.93,49.6
"2024-11-09 23:30:00",8650,12.48,1,0,0.033,-0.14,1.24,-0.013,0.11,-0.013,0.091,59.66,48.51
"2024-11-10 00:00:00",8651,12.48,1,0,0.033,-0.14,1.24,-0.013,0.11,-0.018,0.091,58.81,48.63
"2024-11-10 00:30:00",8652,12.47,1,0,0.033,-0.14,1.24,-0.013,0.109,-0.015,0.091,59.79,48.63
"2024-11-10 01:00:00",8653,12.47,1,0,0.033,-0.14,1.24,-0.013,0.11,-0.016,0.088,60.29,49.55
"2024-11-10 01:30:00",8654,12.47,1,0,0.032,-0.17,1.24,-0.016,0.11,-0.016,0.094,59.69,49.92
"2024-11-10 02:00:00",8655,12.47,1,0,0.031,-0.14,1.17,-0.013,0.104,-0.016,0.088,58.81,49.14
"2024-11-10 02:30:00",8656,12.47,1,0,0.031,-0.17,1.2,-0.016,0.107,-0.016,0.088,59.66,49.18
"2024-11-10 03:00:00",8657,12.46,1,0,0.032,-0.14,1.2,-0.013,0.107,-0.013,0.085,59.92,48.51
"2024-11-10 03:30:00",8658,12.46,1,0,0.031,-0.14,1.17,-0.013,0.103,-0.013,0.088,58.51,49.67
"2024-11-10 04:00:00",8659,12.46,1,0,0.032,-0.14,1.2,-0.013,0.107,-0.016,0.088,60.28,49.54
"2024-11-10 04:30:00",8660,12.46,1,0,0.027,-0.2,1.14,-0.018,0.101,-0.016,0.085,59.69,48.94
"2024-11-10 05:00:00",8661,12.45,1,0,0.027,-0.17,1.1,-0.016,0.098,-0.018,0.08,59.28,48.54
"2024-11-10 05:30:00",8662,12.45,1,0,0.024,-0.23,1.07,-0.021,0.095,-0.021,0.08,60.81,49.5
"2024-11-10 06:00:00",8663,12.45,1,0,0.027,-0.17,1.1,-0.016,0.098,-0.018,0.077,60.34,48.22
"2024-11-10 06:30:00",8664,12.45,1,0,0.027,-0.17,1.1,-0.016,0.097,-0.015,0.082,61.08,48.71
"2024-11-10 07:00:00",8665,12.45,1,0,0.026,-0.17,1.06,-0.016,0.094,-0.015,0.08,59.81,49.22
"2024-11-10 07:30:00",8666,12.45,1,0,0.024,-0.23,1.06,-0.021,0.094,-0.021,0.077,60.38,49.23
"2024-11-10 08:00:00",8667,12.45,1,0,0.023,-0.23,1.03,-0.021,0.091,-0.021,0.079,60.33,49.33
"2024-11-10 08:30:00",8668,12.45,1,0,0.035,-0.13,1.28,-0.013,0.113,-0.01,0.095,60.12,49.94
"2024-11-10 09:00:00",8669,12.44,1,0,0.071,0.11,2.11,0.01,0.187,0.007,0.156,62.13,50.99
"2024-11-10 09:30:00",8670,12.45,1,0,0.081,0.17,2.34,0.015,0.207,0.01,0.179,62.92,51.21
"2024-11-10 10:00:00",8671,12.44,1,0,0.074,0.11,2.21,0.01,0.196,0.007,0.165,62.89,51.5
"2024-11-10 10:30:00",8672,12.44,1,0,0.073,0.17,2.11,0.015,0.187,0.012,0.16,62.59,51.6
"2024-11-10 11:00:00",8673,12.45,1,0,0.081,0.22,2.29,0.02,0.203,0.015,0.173,62.43,50.88
"2024-11-10 11:30:00",8674,12.45,1,0,0.092,0.28,2.54,0.025,0.225,0.02,0.191,63.13,51.99
"2024-11-10 12:00:00",8675,12.45,1,0,0.105,0.33,2.9,0.03,0.256,0.027,0.221,63.07,52.49
"2024-11-10 12:30:00",8676,12.45,1,0,0.14,0.66,3.59,0.058,0.318,0.053,0.273,63.99,53.82
"2024-11-10 13:00:00",8677,12.45,1,0,0.164,0.68,4.31,0.06,0.381,0.055,0.333,66.31,54.77
"2024-11-10 13:30:00",8678,12.46,1,0,0.189,0.95,4.76,0.084,0.421,0.075,0.363,61.4,52.97
"2024-11-10 14:00:00",8679,12.46,1,0,0.214,1.29,5.1,0.114,0.452,0.105,0.38,63.45,50.93
"2024-11-10 14:30:00",8680,12.47,1,0,0.202,1.21,4.82,0.107,0.426,0.098,0.36,64.25,52.54
"2024-11-10 15:00:00",8681,12.47,1,0,0.191,1.15,4.54,0.102,0.402,0.093,0.338,63.66,53.33
"2024-11-10 15:30:00",8682,12.47,1,0,0.201,1.2,4.8,0.106,0.425,0.097,0.363,64.17,53.59
"2024-11-10 16:00:00",8683,12.47,1,0,0.191,1.09,4.62,0.096,0.409,0.087,0.345,62.51,52.86
"2024-11-10 16:30:00",8684,12.47,1,0,0.156,0.8,3.91,0.071,0.346,0.063,0.293,63.45,50.93
"2024-11-10 17:00:00",8685,12.47,1,0,0.136,0.67,3.44,0.059,0.304,0.053,0.255,61.52,51.2
"2024-11-10 17:30:00",8686,12.47,1,0,0.103,0.41,2.72,0.036,0.24,0.033,0.203,61,50.68
"2024-11-10 18:00:00",8687,12.47,1,0,0.074,0.17,2.14,0.015,0.189,0.01,0.161,60.8,50.73
"2024-11-10 18:30:00",8688,12.47,1,0,0.056,0.03,1.75,0.003,0.155,0,0.134,61.22,50.07
"2024-11-10 19:00:00",8689,12.47,1,0,0.046,-0.05,1.53,-0.005,0.135,-0.008,0.116,60.09,50.84
"2024-11-10 19:30:00",8690,12.46,1,0,0.036,-0.17,1.36,-0.016,0.121,-0.018,0.105,59.93,49.2
"2024-11-10 20:00:00",8691,12.46,1,0,0.031,-0.22,1.27,-0.021,0.112,-0.023,0.092,60.3,49.56
"2024-11-10 20:30:00",8692,12.46,1,0,0.025,-0.28,1.17,-0.026,0.103,-0.028,0.091,59.91,48.93
"2024-11-10 21:00:00",8693,12.46,1,0,0.025,-0.23,1.11,-0.021,0.098,-0.023,0.081,60.06,48.92
"2024-11-10 21:30:00",8694,12.46,1,0,0.017,-0.34,1.01,-0.031,0.09,-0.033,0.076,60.46,50.39
"2024-11-10 22:00:00",8695,12.46,1,0,0.017,-0.34,1.01,-0.031,0.089,-0.031,0.076,61,49.04
"2024-11-10 22:30:00",8696,12.46,1,0,0.016,-0.34,0.95,-0.031,0.084,-0.033,0.073,61.01,50.02
"2024-11-10 23:00:00",8697,12.45,1,0,0.011,-0.4,0.88,-0.037,0.078,-0.036,0.071,59.89,48.6
"2024-11-10 23:30:00",8698,12.45,1,0,0.009,-0.43,0.85,-0.039,0.075,-0.041,0.065,59.8,49.06
"2024-11-11 00:00:00",8699,12.45,1,0,0.009,-0.4,0.82,-0.036,0.073,-0.036,0.06,60.75,49.45
"2024-11-11 00:30:00",8700,12.45,1,0,0.007,-0.43,0.79,-0.039,0.07,-0.038,0.057,59.27,49.2
"2024-11-11 01:00:00",8701,12.45,1,0,0.006,-0.46,0.79,-0.042,0.07,-0.041,0.062,59.84,49.92
"2024-11-11 01:30:00",8702,12.45,1,0,0.003,-0.49,0.75,-0.044,0.067,-0.044,0.057,60.34,49.76
"2024-11-11 02:00:00",8703,12.45,1,0,0.005,-0.46,0.78,-0.042,0.069,-0.043,0.06,61.28,50.7
"2024-11-11 02:30:00",8704,12.44,1,0,0.004,-0.46,0.75,-0.042,0.067,-0.041,0.057,60.6,48.23
"2024-11-11 03:00:00",8705,12.45,1,0,0.007,-0.43,0.79,-0.039,0.07,-0.038,0.06,60.45,49.31
"2024-11-11 03:30:00",8706,12.44,1,0,0.006,-0.43,0.76,-0.039,0.067,-0.036,0.06,61,48.48
"2024-11-11 04:00:00",8707,12.44,1,0,0.007,-0.43,0.79,-0.039,0.07,-0.041,0.06,59.93,51.5
"2024-11-11 04:30:00",8708,12.44,1,0,0.003,-0.46,0.72,-0.042,0.064,-0.041,0.052,60.54,48.74
"2024-11-11 05:00:00",8709,12.44,1,0,0.004,-0.46,0.75,-0.042,0.067,-0.041,0.057,60.98,49.01
"2024-11-11 05:30:00",8710,12.43,1,0,0.004,-0.46,0.75,-0.042,0.067,-0.041,0.057,59.95,49.88
"2024-11-11 06:00:00",8711,12.44,1,0,0,-0.55,0.69,-0.05,0.061,-0.044,0.054,60.2,49.06
"2024-11-11 06:30:00",8712,12.43,1,0,0.002,-0.46,0.69,-0.042,0.061,-0.041,0.049,60.81,49.52
"2024-11-11 07:00:00",8713,12.43,1,0,0.001,-0.49,0.69,-0.045,0.061,-0.044,0.054,60.71,48.75
"2024-11-11 07:30:00",8714,12.43,1,0,0,-0.49,0.66,-0.045,0.058,-0.041,0.052,60.47,49.74
"2024-11-11 08:00:00",8715,12.43,1,0,0,-0.52,0.66,-0.047,0.058,-0.044,0.049,59.38,49.46
"2024-11-11 08:30:00",8716,12.43,1,0,0.001,-0.46,0.66,-0.042,0.058,-0.039,0.049,60.41,49.27
"2024-11-11 09:00:00",8717,12.43,1,0,0.001,-0.46,0.66,-0.042,0.058,-0.041,0.052,60.45,48.74
"2024-11-11 09:30:00",8718,12.43,1,0,0.006,-0.46,0.79,-0.042,0.07,-0.041,0.057,60.56,48.6
"2024-11-11 10:00:00",8719,12.43,1,0,0.007,-0.46,0.85,-0.042,0.076,-0.041,0.065,60.63,49.07
"2024-11-11 10:30:00",8720,12.43,1,0,0.019,-0.34,1.05,-0.031,0.093,-0.031,0.079,61.29,49.74
"2024-11-11 11:00:00",8721,12.43,1,0,0.043,-0.02,1.38,-0.003,0.122,-0.005,0.106,63.62,49.47
"2024-11-11 11:30:00",8722,12.42,1,0,0.081,0.31,2.18,0.028,0.193,0.025,0.168,63.73,51.77
"2024-11-11 12:00:00",8723,12.42,1,0,0.099,0.2,2.88,0.018,0.255,0.015,0.217,62.27,51.94
"2024-11-11 12:30:00",8724,12.42,1,0,0.116,0.19,3.44,0.017,0.305,0.019,0.263,62.86,51.72
"2024-11-11 13:00:00",8725,12.42,1,0,0.117,-0.07,3.81,-0.007,0.337,-0.01,0.301,63.74,53.42
"2024-11-11 13:30:00",8726,12.42,1,0,0.142,-0.09,4.63,-0.009,0.41,-0.009,0.353,56.62,52.43
"2024-11-11 14:00:00",8727,12.42,1,0,0.228,1.27,5.55,0.113,0.491,0.103,0.418,61.04,52.1
"2024-11-11 14:30:00",8728,12.42,1,0,0.283,1.97,6.37,0.175,0.564,0.154,0.462,64.61,52.09
"2024-11-11 15:00:00",8729,12.42,1,0,0.279,1.78,6.5,0.158,0.575,0.135,0.475,60.93,51.83
"2024-11-11 15:30:00",8730,12.42,1,0,0.266,1.66,6.26,0.147,0.554,0.128,0.463,61.43,52.09
"2024-11-11 16:00:00",8731,12.42,1,0,0.263,1.72,6.09,0.153,0.539,0.134,0.445,62.92,51.79
"2024-11-11 16:30:00",8732,12.42,1,0,0.239,1.5,5.6,0.133,0.495,0.12,0.41,62.11,50.97
"2024-11-11 17:00:00",8733,12.42,1,0,0.205,1.21,4.9,0.107,0.434,0.097,0.357,61.69,51.51
"2024-11-11 17:30:00",8734,12.42,1,0,0.153,0.82,3.78,0.072,0.335,0.063,0.279,60.59,50.93
"2024-11-11 18:00:00",8735,12.42,1,0,0.11,0.43,2.93,0.038,0.259,0.032,0.215,61.98,50.02
"2024-11-11 18:30:00",8736,12.41,1,0,0.077,0.15,2.26,0.013,0.2,0.011,0.169,59.95,49.77
"2024-11-11 19:00:00",8737,12.42,1,0,0.061,0.03,1.89,0.003,0.168,-0.003,0.139,60.3,48.75
"2024-11-11 19:30:00",8738,12.41,1,0,0.048,-0.08,1.65,-0.008,0.146,-0.013,0.122,60.86,49.72
"2024-11-11 20:00:00",8739,12.41,1,0,0.041,-0.14,1.49,-0.013,0.132,-0.016,0.114,60.6,49.05
"2024-11-11 20:30:00",8740,12.41,1,0,0.037,-0.14,1.35,-0.013,0.12,-0.013,0.1,60.4,49.11
"2024-11-11 21:00:00",8741,12.4,1,0,0.027,-0.26,1.21,-0.024,0.108,-0.026,0.089,61.03,49.62
"2024-11-11 21:30:00",8742,12.4,1,0,0.025,-0.29,1.18,-0.027,0.105,-0.026,0.086,60.56,49.17
"2024-11-11 22:00:00",8743,12.4,1,0,0.018,-0.36,1.05,-0.032,0.093,-0.032,0.081,60.73,49.74
"2024-11-11 22:30:00",8744,12.39,1,0,0.016,-0.35,0.98,-0.032,0.087,-0.032,0.075,59.54,49.22
"2024-11-11 23:00:00",8745,12.39,1,0,0.014,-0.38,0.95,-0.035,0.084,-0.034,0.072,61.09,48.46
"2024-11-11 23:30:00",8746,12.39,1,0,0.015,-0.35,0.94,-0.032,0.084,-0.032,0.07,61.02,49.21
"2024-11-12 00:00:00",8747,12.39,1,0,0.011,-0.42,0.91,-0.038,0.081,-0.037,0.073,59.96,48.81
"2024-11-12 00:30:00",8748,12.39,1,0,0.012,-0.41,0.94,-0.038,0.084,-0.034,0.072,60.78,48.56
"2024-11-12 01:00:00",8749,12.39,1,0,0.014,-0.36,0.91,-0.032,0.081,-0.032,0.07,60.71,48.9
"2024-11-12 01:30:00",8750,12.38,1,0,0.014,-0.39,0.95,-0.035,0.084,-0.032,0.073,59.96,50.04
"2024-11-12 02:00:00",8751,12.38,1,0,0.013,-0.39,0.92,-0.035,0.081,-0.035,0.07,60.35,49.36
"2024-11-12 02:30:00",8752,12.38,1,0,0.019,-0.3,0.99,-0.027,0.088,-0.027,0.073,59.61,48.87
"2024-11-12 03:00:00",8753,12.38,1,0,0.016,-0.33,0.95,-0.03,0.084,-0.032,0.067,59,48.93
"2024-11-12 03:30:00",8754,12.37,1,0,0.013,-0.39,0.92,-0.035,0.081,-0.032,0.067,59.54,48.96
"2024-11-12 04:00:00",8755,12.37,1,0,0.014,-0.36,0.91,-0.032,0.081,-0.032,0.07,60.55,49.82
"2024-11-12 04:30:00",8756,12.38,1,0,0.015,-0.36,0.96,-0.033,0.085,-0.029,0.073,61.12,47.78
"2024-11-12 05:00:00",8757,12.37,1,0,0.017,-0.32,0.98,-0.03,0.087,-0.029,0.07,60.54,48.74
"2024-11-12 05:30:00",8758,12.37,1,0,0.018,-0.26,0.91,-0.024,0.081,-0.023,0.07,60.57,49.02
"2024-11-12 06:00:00",8759,12.36,1,0,0.009,-0.41,0.84,-0.037,0.075,-0.039,0.064,60.1,48.4
"2024-11-12 06:30:00",8760,12.36,1,0,0.018,-0.29,0.97,-0.027,0.086,-0.026,0.072,62.23,47.82
"2024-11-12 07:00:00",8761,12.36,1,0,0.017,-0.32,0.98,-0.03,0.086,-0.029,0.072,59.12,47.98
"2024-11-12 07:30:00",8762,12.36,1,0,0.021,-0.26,1.02,-0.024,0.09,-0.026,0.078,60.3,49
"2024-11-12 08:00:00",8763,12.36,1,0,0.023,-0.23,1.05,-0.022,0.093,-0.021,0.078,60.05,48.35
"2024-11-12 08:30:00",8764,12.36,1,0,0.048,-0.08,1.62,-0.008,0.143,-0.011,0.117,61.11,49.56
"2024-11-12 09:00:00",8765,12.36,1,0,0.09,0.24,2.55,0.021,0.226,0.018,0.191,61.76,49.81
"2024-11-12 09:30:00",8766,12.36,1,0,0.124,0.43,3.38,0.038,0.3,0.038,0.255,62.57,51.03
"2024-11-12 10:00:00",8767,12.36,1,0,0.153,0.72,3.9,0.063,0.345,0.055,0.288,60.95,51.45
"2024-11-12 10:30:00",8768,12.36,1,0,0.171,0.87,4.28,0.077,0.379,0.071,0.317,62.86,51.57
"2024-11-12 11:00:00",8769,12.36,1,0,0.356,4.4,5.48,0.389,0.485,-99,0.408,-99,59.13
"2024-11-12 11:30:00",8770,12.36,1,0,0.239,1.72,5.31,0.152,0.47,0.132,0.389,61.93,52.27
"2024-11-12 12:00:00",8771,12.35,1,0,0.244,1.52,5.75,0.134,0.509,0.121,0.411,63.81,52.82
"2024-11-12 12:30:00",8772,12.36,1,0,0.264,1.85,5.95,0.164,0.527,0.161,0.455,69.9,54.41
"2024-11-12 13:00:00",8773,12.36,1,0,0.18,-0.08,5.83,-0.008,0.516,-0.003,0.457,60.64,53.74
"2024-11-12 13:30:00",8774,12.36,1,0,0.197,0.1,6.13,0.009,0.542,0.012,0.455,57.17,50.93
"2024-11-12 14:00:00",8775,12.36,1,0,0.309,2.37,6.68,0.21,0.591,0.185,0.477,61.48,53.19
"2024-11-12 14:30:00",8776,12.35,1,0,0.304,2.23,6.72,0.198,0.595,0.182,0.487,64.71,53.16
"2024-11-12 15:00:00",8777,12.35,1,0,0.29,2.04,6.51,0.181,0.576,0.16,0.47,61.37,52.27
"2024-11-12 15:30:00",8778,12.35,1,0,0.259,1.69,5.99,0.15,0.53,0.133,0.44,61.16,52.22
"2024-11-12 16:00:00",8779,12.35,1,0,0.266,1.88,5.95,0.166,0.527,0.143,0.428,61.24,53.21
"2024-11-12 16:30:00",8780,12.35,1,0,0.244,1.68,5.54,0.148,0.49,0.129,0.4,61.9,52.54
"2024-11-12 17:00:00",8781,12.35,1,0,0.212,1.41,4.88,0.124,0.432,0.108,0.35,62.2,51.32
"2024-11-12 17:30:00",8782,12.35,1,0,0.175,1.1,4.1,0.097,0.363,0.082,0.295,60.85,51.75
"2024-11-12 18:00:00",8783,12.35,1,0,0.132,0.71,3.25,0.062,0.288,0.053,0.234,61.75,51.42
"2024-11-12 18:30:00",8784,12.35,1,0,0.099,0.43,2.57,0.038,0.227,0.035,0.188,60.62,50.03
"2024-11-12 19:00:00",8785,12.34,1,0,0.08,0.27,2.18,0.024,0.193,0.024,0.154,61.32,47.72
"2024-11-12 19:30:00",8786,12.34,1,0,0.063,0.09,1.88,0.008,0.167,0.011,0.138,61.21,48.16
"2024-11-12 20:00:00",8787,12.33,1,0,0.055,0.06,1.67,0.005,0.148,0.005,0.121,61.58,48.81
"2024-11-12 20:30:00",8788,12.33,1,0,0.05,0,1.6,0,0.142,-0.003,0.115,60.11,50.6
"2024-11-12 21:00:00",8789,12.33,1,0,0.044,-0.02,1.44,-0.003,0.127,-0.005,0.104,60.5,47.17
"2024-11-12 21:30:00",8790,12.33,1,0,0.042,-0.05,1.4,-0.005,0.124,-0.008,0.101,59.79,49.47
"2024-11-12 22:00:00",8791,12.33,1,0,0.038,-0.08,1.33,-0.008,0.118,-0.011,0.098,60.13,49.38
"2024-11-12 22:30:00",8792,12.33,1,0,0.035,-0.11,1.27,-0.011,0.112,-0.013,0.093,59.72,49.8
"2024-11-12 23:00:00",8793,12.32,1,0,0.033,-0.14,1.23,-0.014,0.109,-0.013,0.093,59.38,47.98
"2024-11-12 23:30:00",8794,12.32,1,0,0.031,-0.17,1.2,-0.016,0.106,-0.016,0.09,60.3,47.92
"2024-11-13 00:00:00",8795,12.32,1,0,0.032,-0.14,1.2,-0.014,0.106,-0.016,0.09,60.81,47.36
"2024-11-13 00:30:00",8796,12.32,1,0,0.031,-0.14,1.16,-0.013,0.103,-0.016,0.085,59.43,47.86
"2024-11-13 01:00:00",8797,12.32,1,0,0.029,-0.17,1.16,-0.016,0.103,-0.013,0.087,60.4,48.99
"2024-11-13 01:30:00",8798,12.32,1,0,0.03,-0.14,1.13,-0.014,0.1,-0.013,0.085,59.6,48.59
"2024-11-13 02:00:00",8799,12.31,1,0,0.029,-0.17,1.16,-0.016,0.103,-0.016,0.087,59.78,50.27
"2024-11-13 02:30:00",8800,12.31,1,0,0.028,-0.17,1.13,-0.016,0.1,-0.016,0.082,60.03,48.31
"2024-11-13 03:00:00",8801,12.31,1,0,0.024,-0.27,1.14,-0.025,0.101,-0.024,0.085,59.12,48.22
"2024-11-13 03:30:00",8802,12.3,1,0,0.031,-0.14,1.17,-0.014,0.103,-0.011,0.088,60.29,49.14
"2024-11-13 04:00:00",8803,12.3,1,0,0.031,-0.14,1.16,-0.014,0.103,-0.011,0.087,59.93,48.52
"2024-11-13 04:30:00",8804,12.3,1,0,0.033,-0.11,1.2,-0.011,0.106,-0.011,0.087,60.14,50.78
"2024-11-13 05:00:00",8805,12.3,1,0,0.031,-0.14,1.16,-0.014,0.103,-0.013,0.085,60.66,50.07
"2024-11-13 05:30:00",8806,12.3,1,0,0.032,-0.14,1.2,-0.014,0.106,-0.013,0.087,60.73,47.95
"2024-11-13 06:00:00",8807,12.3,1,0,0.032,-0.11,1.16,-0.011,0.103,-0.011,0.087,60.09,49.91
"2024-11-13 06:30:00",8808,12.29,1,0,0.03,-0.14,1.13,-0.014,0.1,-0.011,0.085,59.82,49.34
"2024-11-13 07:00:00",8809,12.29,1,0,0.03,-0.14,1.13,-0.014,0.1,-0.013,0.085,60.37,49.63
"2024-11-13 07:30:00",8810,12.29,1,0,0.031,-0.11,1.13,-0.011,0.1,-0.011,0.085,60.39,49.49
"2024-11-13 08:00:00",8811,12.29,1,0,0.031,-0.14,1.16,-0.013,0.103,-0.013,0.085,60.22,49.48
"2024-11-13 08:30:00",8812,12.29,1,0,0.042,-0.05,1.39,-0.005,0.123,-0.005,0.104,61.68,49.32
"2024-11-13 09:00:00",8813,12.29,1,0,0.068,0.12,1.99,0.011,0.176,0.005,0.148,60.68,49.53
"2024-11-13 09:30:00",8814,12.28,1,0,0.094,0.28,2.62,0.025,0.232,0.022,0.201,65.33,51.99
"2024-11-13 10:00:00",8815,12.28,1,0,0.107,0.45,2.81,0.04,0.248,0.034,0.21,60.28,50.51
"2024-11-13 10:30:00",8816,12.28,1,0,0.11,0.44,2.9,0.039,0.257,0.033,0.223,62.89,50.36
"2024-11-13 11:00:00",8817,12.28,1,0,0.283,3.92,3.79,0.347,0.335,-99,0.282,-99,58.07
"2024-11-13 11:30:00",8818,12.28,1,0,0.127,0.73,3.08,0.064,0.273,0.055,0.231,60.93,50.6
"2024-11-13 12:00:00",8819,12.29,1,0,0.129,0.63,3.27,0.055,0.289,0.047,0.241,61.52,50.38
"2024-11-13 12:30:00",8820,12.29,1,0,0.131,0.58,3.41,0.051,0.302,0.051,0.257,64.14,52.33
"2024-11-13 13:00:00",8821,12.28,1,0,0.08,-0.65,3.41,-0.058,0.302,-0.053,0.268,60.52,53.46
"2024-11-13 13:30:00",8822,12.28,1,0,0.052,-1.29,3.36,-0.115,0.298,-0.091,0.26,56.07,51.06
"2024-11-13 14:00:00",8823,12.28,1,0,0.165,0.91,4.03,0.08,0.357,0.064,0.298,60.43,50.78
"2024-11-13 14:30:00",8824,12.28,1,0,0.182,1.06,4.38,0.094,0.388,0.078,0.315,60.66,49.93
"2024-11-13 15:00:00",8825,12.28,1,0,0.179,1.01,4.34,0.089,0.384,0.076,0.318,59.02,51.56
"2024-11-13 15:30:00",8826,12.29,1,0,0.182,1.01,4.46,0.09,0.394,0.08,0.331,60.91,51.81
"2024-11-13 16:00:00",8827,12.28,1,0,0.188,1.11,4.52,0.098,0.4,0.085,0.329,59.81,50.71
"2024-11-13 16:30:00",8828,12.28,1,0,0.185,1.15,4.36,0.102,0.386,0.09,0.317,61.27,51.2
"2024-11-13 17:00:00",8829,12.28,1,0,0.168,1,4.02,0.089,0.356,0.079,0.293,61.35,51.02
"2024-11-13 17:30:00",8830,12.28,1,0,0.149,0.86,3.6,0.076,0.318,0.067,0.263,61.69,51.61
"2024-11-13 18:00:00",8831,12.28,1,0,0.124,0.65,3.07,0.058,0.272,0.048,0.223,60.78,49.89
"2024-11-13 18:30:00",8832,12.28,1,0,0.104,0.5,2.63,0.044,0.233,0.038,0.193,61.46,50.72
"2024-11-13 19:00:00",8833,12.28,1,0,0.085,0.34,2.26,0.03,0.2,0.027,0.162,60.07,49.33
"2024-11-13 19:30:00",8834,12.27,1,0,0.07,0.22,1.92,0.019,0.17,0.016,0.137,59.96,50.3
"2024-11-13 20:00:00",8835,12.26,1,0,0.059,0.16,1.67,0.014,0.148,0.011,0.123,60.09,48.94
"2024-11-13 20:30:00",8836,12.26,1,0,0.053,0.09,1.56,0.008,0.138,0.005,0.114,59.73,49.24
"2024-11-13 21:00:00",8837,12.26,1,0,0.047,0.03,1.46,0.003,0.129,0,0.106,59.16,50.31
"2024-11-13 21:30:00",8838,12.26,1,0,0.043,-0.02,1.39,-0.003,0.123,-0.003,0.1,59.99,49.81
"2024-11-13 22:00:00",8839,12.25,1,0,0.042,-0.02,1.35,-0.003,0.12,-0.003,0.097,59.37,48.88
"2024-11-13 22:30:00",8840,12.25,1,0,0.04,-0.02,1.29,-0.003,0.114,-0.003,0.097,59.64,48.64
"2024-11-13 23:00:00",8841,12.24,1,0,0.038,-0.02,1.25,-0.003,0.111,-0.003,0.094,59.59,48.84
"2024-11-13 23:30:00",8842,12.25,1,0,0.032,-0.11,1.18,-0.011,0.104,-0.008,0.086,58.51,48.99
"2024-11-14 00:00:00",8843,12.24,1,0,0.035,-0.08,1.22,-0.008,0.108,-0.008,0.083,59.78,48.89
"2024-11-14 00:30:00",8844,12.24,1,0,0.033,-0.08,1.15,-0.008,0.101,-0.008,0.083,60.59,49.02
"2024-11-14 01:00:00",8845,12.24,1,0,0.03,-0.11,1.11,-0.011,0.098,-0.011,0.083,60.53,50.19
"2024-11-14 01:30:00",8846,12.24,1,0,0.031,-0.11,1.14,-0.011,0.101,-0.011,0.086,60.98,50.08
"2024-11-14 02:00:00",8847,12.23,1,0,0.032,-0.08,1.11,-0.008,0.098,-0.008,0.077,59.61,49.27
"2024-11-14 02:30:00",8848,12.23,1,0,0.027,-0.17,1.1,-0.016,0.098,-0.016,0.083,60.55,50.06
"2024-11-14 03:00:00",8849,12.23,1,0,0.031,-0.11,1.14,-0.011,0.101,-0.008,0.085,59.84,49.51
"2024-11-14 03:30:00",8850,12.23,1,0,0.031,-0.11,1.13,-0.011,0.1,-0.011,0.082,59.77,49.85
"2024-11-14 04:00:00",8851,12.23,1,0,0.03,-0.14,1.13,-0.013,0.1,-0.016,0.082,61.69,49.57
"2024-11-14 04:30:00",8852,12.23,1,0,0.028,-0.17,1.12,-0.016,0.099,-0.016,0.085,61.48,50.17
"2024-11-14 05:00:00",8853,12.22,1,0,0.027,-0.14,1.05,-0.013,0.093,-0.013,0.079,60.76,49.2
"2024-11-14 05:30:00",8854,12.23,1,0,0.027,-0.17,1.08,-0.016,0.096,-0.016,0.079,59.27,50.17
"2024-11-14 06:00:00",8855,12.23,1,0,0.027,-0.14,1.06,-0.013,0.094,-0.016,0.079,60.9,49.91
"2024-11-14 06:30:00",8856,12.23,1,0,0.024,-0.2,1.02,-0.019,0.09,-0.019,0.076,60.47,49.47
"2024-11-14 07:00:00",8857,12.23,1,0,0.025,-0.17,1.02,-0.016,0.091,-0.016,0.073,60.18,49.85
"2024-11-14 07:30:00",8858,12.23,1,0,0.026,-0.17,1.05,-0.016,0.093,-0.016,0.079,60.39,49.66
"2024-11-14 08:00:00",8859,12.23,1,0,0.026,-0.17,1.05,-0.016,0.093,-0.018,0.076,60.13,49.96
"2024-11-14 08:30:00",8860,12.23,1,0,0.031,-0.14,1.18,-0.013,0.104,-0.013,0.087,60.98,49.42
"2024-11-14 09:00:00",8861,12.23,1,0,0.043,-0.05,1.44,-0.005,0.127,-0.005,0.109,62.39,50.01
"2024-11-14 09:30:00",8862,12.23,1,0,0.058,0.03,1.82,0.003,0.161,0.003,0.135,61.52,51.76
"2024-11-14 10:00:00",8863,12.23,1,0,0.07,0.15,2.04,0.013,0.181,0.008,0.157,62.3,49.67
"2024-11-14 10:30:00",8864,12.23,1,0,0.084,0.2,2.4,0.018,0.212,0.015,0.181,61.75,51.27
"2024-11-14 11:00:00",8865,12.23,1,0,0.104,0.38,2.79,0.034,0.247,0.031,0.213,62.38,52.47
"2024-11-14 11:30:00",8866,12.23,1,0,0.115,0.47,3.04,0.042,0.269,0.036,0.23,62.38,51.24
"2024-11-14 12:00:00",8867,12.23,1,0,0.116,0.48,3.04,0.043,0.269,0.039,0.229,62.58,51.84
"2024-11-14 12:30:00",8868,12.24,1,0,0.114,0.51,2.94,0.045,0.26,0.039,0.221,61.92,51.18
"2024-11-14 13:00:00",8869,12.23,1,0,0.111,0.48,2.9,0.042,0.257,0.039,0.218,62.37,51.48
"2024-11-14 13:30:00",8870,12.23,1,0,0.116,0.54,2.97,0.048,0.263,0.042,0.224,61.87,51.81
"2024-11-14 14:00:00",8871,12.23,1,0,0.12,0.56,3.07,0.05,0.271,0.044,0.229,61.78,50.64
"2024-11-14 14:30:00",8872,12.23,1,0,0.122,0.56,3.15,0.05,0.279,0.046,0.234,62.51,52.6
"2024-11-14 15:00:00",8873,12.23,1,0,0.132,0.63,3.37,0.055,0.298,0.052,0.251,61.66,52.72
"2024-11-14 15:30:00",8874,12.23,1,0,0.133,0.66,3.35,0.058,0.296,0.05,0.248,61.48,51.57
"2024-11-14 16:00:00",8875,12.23,1,0,0.124,0.57,3.18,0.05,0.282,0.044,0.232,62.07,52.31
"2024-11-14 16:30:00",8876,12.23,1,0,0.12,0.57,3.06,0.051,0.27,0.045,0.224,61.68,49.72
"2024-11-14 17:00:00",8877,12.23,1,0,0.104,0.45,2.7,0.04,0.239,0.034,0.201,60.47,50.55
"2024-11-14 17:30:00",8878,12.23,1,0,0.085,0.3,2.32,0.027,0.206,0.021,0.173,60.66,51.16
"2024-11-14 18:00:00",8879,12.23,1,0,0.065,0.12,1.9,0.011,0.168,0.005,0.14,60.16,51.31
"2024-11-14 18:30:00",8880,12.23,1,0,0.053,0.03,1.66,0.003,0.147,0,0.12,60.29,50.38
"2024-11-14 19:00:00",8881,12.23,1,0,0.042,-0.08,1.43,-0.008,0.126,-0.005,0.107,59.68,50.17
"2024-11-14 19:30:00",8882,12.23,1,0,0.036,-0.11,1.29,-0.011,0.115,-0.011,0.101,60.51,50.44
"2024-11-14 20:00:00",8883,12.22,1,0,0.028,-0.17,1.12,-0.016,0.099,-0.016,0.084,60.35,49.87
"2024-11-14 20:30:00",8884,12.22,1,0,0.026,-0.17,1.06,-0.016,0.094,-0.019,0.082,60.21,50.54
"2024-11-14 21:00:00",8885,12.22,1,0,0.022,-0.23,1.02,-0.022,0.09,-0.019,0.079,59.83,49.51
"2024-11-14 21:30:00",8886,12.22,1,0,0.02,-0.23,0.95,-0.022,0.084,-0.019,0.071,60.27,49.53
"2024-11-14 22:00:00",8887,12.22,1,0,0.02,-0.23,0.95,-0.022,0.084,-0.024,0.068,60.98,49.02
"2024-11-14 22:30:00",8888,12.21,1,0,0.017,-0.29,0.92,-0.027,0.081,-0.024,0.067,60.91,49.36
"2024-11-14 23:00:00",8889,12.22,1,0,0.017,-0.23,0.85,-0.022,0.075,-0.024,0.065,59.33,49.83
"2024-11-14 23:30:00",8890,12.21,1,0,0.016,-0.29,0.89,-0.027,0.078,-0.026,0.062,59.95,48.96
"2024-11-15 00:00:00",8891,12.21,1,0,0.017,-0.27,0.89,-0.024,0.078,-0.021,0.065,60.56,49.67
"2024-11-15 00:30:00",8892,12.21,1,0,0.015,-0.29,0.85,-0.027,0.075,-0.026,0.062,59.59,48.6
"2024-11-15 01:00:00",8893,12.21,1,0,0.015,-0.32,0.89,-0.03,0.078,-0.029,0.065,59.96,48.4
"2024-11-15 01:30:00",8894,12.21,1,0,0.015,-0.3,0.89,-0.027,0.078,-0.027,0.065,60.36,48.81
"2024-11-15 02:00:00",8895,12.2,1,0,0.013,-0.3,0.82,-0.027,0.073,-0.029,0.062,59.29,49.78
"2024-11-15 02:30:00",8896,12.2,1,0,0.013,-0.3,0.82,-0.027,0.073,-0.027,0.062,60.83,48.87
"2024-11-15 03:00:00",8897,12.2,1,0,0.014,-0.3,0.85,-0.027,0.076,-0.027,0.059,59.97,48.82
"2024-11-15 03:30:00",8898,12.2,1,0,0.012,-0.33,0.82,-0.03,0.073,-0.029,0.06,60.43,48.88
"2024-11-15 04:00:00",8899,12.2,1,0,0.012,-0.33,0.82,-0.03,0.073,-0.03,0.063,60.96,48.03
"2024-11-15 04:30:00",8900,12.2,1,0,0.012,-0.3,0.79,-0.027,0.07,-0.027,0.057,59.87,48.97
"2024-11-15 05:00:00",8901,12.2,1,0,0.016,-0.27,0.86,-0.025,0.076,-0.024,0.065,60.87,48.5
"2024-11-15 05:30:00",8902,12.19,1,0,0.013,-0.3,0.82,-0.027,0.073,-0.024,0.06,59.38,49.46
"2024-11-15 06:00:00",8903,12.19,1,0,0.011,-0.33,0.79,-0.03,0.07,-0.027,0.06,59.79,49.05
"2024-11-15 06:30:00",8904,12.19,1,0,0.012,-0.3,0.79,-0.027,0.07,-0.027,0.06,59,49.9
"2024-11-15 07:00:00",8905,12.19,1,0,0.011,-0.33,0.79,-0.03,0.07,-0.027,0.06,59.81,47.85
"2024-11-15 07:30:00",8906,12.19,1,0,0.012,-0.3,0.79,-0.027,0.07,-0.027,0.057,60.13,48.32
"2024-11-15 08:00:00",8907,12.19,1,0,0.01,-0.33,0.76,-0.03,0.067,-0.03,0.054,59.31,48.32
"2024-11-15 08:30:00",8908,12.18,1,0,0.015,-0.27,0.83,-0.025,0.073,-0.027,0.06,59.23,48.63
"2024-11-15 09:00:00",8909,12.18,1,0,0.023,-0.23,1.03,-0.022,0.091,-0.021,0.074,60.8,48.83
"2024-11-15 09:30:00",8910,12.19,1,0,0.033,-0.17,1.27,-0.016,0.112,-0.016,0.096,60.59,49.44
"2024-11-15 10:00:00",8911,12.18,1,0,0.05,-0.02,1.63,-0.003,0.144,-0.003,0.118,61.25,49.54
"2024-11-15 10:30:00",8912,12.18,1,0,0.077,0.18,2.21,0.016,0.196,0.013,0.169,60.74,51.22
"2024-11-15 11:00:00",8913,12.18,1,0,0.25,3.24,3.65,0.287,0.323,-99,0.269,-99,55.53
"2024-11-15 11:30:00",8914,12.18,1,0,0.142,0.74,3.55,0.065,0.314,0.053,0.263,59.39,51.93
"2024-11-15 12:00:00",8915,12.18,1,0,0.166,0.88,4.11,0.078,0.364,0.069,0.304,62.12,52.04
"2024-11-15 12:30:00",8916,12.17,1,0,0.171,0.89,4.25,0.078,0.376,0.072,0.318,63.1,53.17
"2024-11-15 13:00:00",8917,12.18,1,0,0.16,0.52,4.39,0.046,0.389,0.045,0.334,63.07,52.59
"2024-11-15 13:30:00",8918,12.18,1,0,0.079,-1.39,4.37,-0.124,0.387,-0.096,0.341,56.64,54.08
"2024-11-15 14:00:00",8919,12.18,1,0,0.217,1.2,5.32,0.106,0.471,0.093,0.391,60.71,51.46
"2024-11-15 14:30:00",8920,12.17,1,0,0.236,1.58,5.4,0.14,0.478,0.127,0.394,62.4,51.82
"2024-11-15 15:00:00",8921,12.18,1,0,0.238,1.59,5.47,0.141,0.484,0.124,0.402,61.95,51.62
"2024-11-15 15:30:00",8922,12.18,1,0,0.229,1.48,5.31,0.131,0.47,0.118,0.391,61.7,50.81
"2024-11-15 16:00:00",8923,12.17,1,0,0.222,1.41,5.18,0.125,0.459,0.112,0.378,62.29,50.89
"2024-11-15 16:30:00",8924,12.18,1,0,0.215,1.38,5,0.122,0.443,0.112,0.371,62.08,52.01
"2024-11-15 17:00:00",8925,12.18,1,0,0.192,1.2,4.5,0.106,0.398,0.093,0.331,61.33,51.42
"2024-11-15 17:30:00",8926,12.17,1,0,0.158,0.92,3.79,0.082,0.335,0.075,0.28,60.69,52
"2024-11-15 18:00:00",8927,12.17,1,0,0.118,0.57,2.99,0.05,0.265,0.044,0.219,60.62,50.7
"2024-11-15 18:30:00",8928,12.17,1,0,0.087,0.34,2.33,0.03,0.207,0.022,0.175,60.6,49.2
"2024-11-15 19:00:00",8929,12.17,1,0,0.066,0.16,1.89,0.014,0.167,0.011,0.138,60.69,49.54
"2024-11-15 19:30:00",8930,12.17,1,0,0.053,0.06,1.61,0.005,0.143,0,0.118,60.35,49.04
"2024-11-15 20:00:00",8931,12.17,1,0,0.043,-0.05,1.45,-0.005,0.129,-0.008,0.106,60.58,49.69
"2024-11-15 20:30:00",8932,12.16,1,0,0.038,-0.11,1.35,-0.011,0.12,-0.013,0.097,61.15,49.03
"2024-11-15 21:00:00",8933,12.16,1,0,0.036,-0.08,1.25,-0.008,0.111,-0.011,0.094,60.49,48.93
"2024-11-15 21:30:00",8934,12.16,1,0,0.03,-0.18,1.18,-0.017,0.105,-0.016,0.089,59.86,48.15
"2024-11-15 22:00:00",8935,12.15,1,0,0.024,-0.21,1.04,-0.019,0.092,-0.019,0.077,60.39,48.84
"2024-11-15 22:30:00",8936,12.16,1,0,0.023,-0.21,1.01,-0.019,0.089,-0.019,0.075,60.48,48.92
"2024-11-15 23:00:00",8937,12.15,1,0,0.021,-0.24,0.98,-0.022,0.086,-0.022,0.072,59.61,49.69
"2024-11-15 23:30:00",8938,12.15,1,0,0.022,-0.21,0.98,-0.019,0.087,-0.022,0.072,59.49,49.41
"2024-11-16 00:00:00",8939,12.15,1,0,0.014,-0.34,0.91,-0.031,0.081,-0.027,0.067,59.83,49.24
"2024-11-16 00:30:00",8940,12.15,1,0,0.021,-0.21,0.95,-0.019,0.084,-0.019,0.07,59.89,49
"2024-11-16 01:00:00",8941,12.15,1,0,0.019,-0.24,0.92,-0.022,0.081,-0.025,0.07,59.46,48.87
"2024-11-16 01:30:00",8942,12.14,1,0,0.019,-0.24,0.92,-0.022,0.081,-0.019,0.07,59.27,48.94
"2024-11-16 02:00:00",8943,12.14,1,0,0.017,-0.31,0.95,-0.028,0.084,-0.025,0.072,59.36,49.18
"2024-11-16 02:30:00",8944,12.14,1,0,0.018,-0.24,0.88,-0.022,0.078,-0.022,0.067,60.21,49.32
"2024-11-16 03:00:00",8945,12.13,1,0,0.021,-0.21,0.95,-0.019,0.084,-0.019,0.07,58.71,49.2
"2024-11-16 03:30:00",8946,12.14,1,0,0.019,-0.24,0.91,-0.022,0.081,-0.022,0.067,59.6,49.82
"2024-11-16 04:00:00",8947,12.13,1,0,0.018,-0.24,0.88,-0.022,0.078,-0.022,0.064,59.1,49.43
"2024-11-16 04:30:00",8948,12.13,1,0,0.019,-0.24,0.91,-0.022,0.081,-0.019,0.069,59.13,48.38
"2024-11-16 05:00:00",8949,12.13,1,0,0.019,-0.24,0.91,-0.022,0.08,-0.022,0.069,60.81,48.43
"2024-11-16 05:30:00",8950,12.12,1,0,0.017,-0.24,0.87,-0.022,0.077,-0.022,0.063,61.57,49.04
"2024-11-16 06:00:00",8951,12.13,1,0,0.016,-0.27,0.87,-0.025,0.077,-0.024,0.066,60.45,48.89
"2024-11-16 06:30:00",8952,12.13,1,0,0.011,-0.37,0.84,-0.033,0.074,-0.033,0.066,60.22,49.08
"2024-11-16 07:00:00",8953,12.12,1,0,0.015,-0.27,0.83,-0.025,0.074,-0.024,0.063,60.14,49.15
"2024-11-16 07:30:00",8954,12.12,1,0,0.014,-0.27,0.8,-0.025,0.071,-0.024,0.058,61,49.03
"2024-11-16 08:00:00",8955,12.12,1,0,0.016,-0.27,0.87,-0.025,0.077,-0.022,0.064,60.75,49.19
"2024-11-16 08:30:00",8956,12.12,1,0,0.017,-0.27,0.9,-0.025,0.08,-0.024,0.069,60.55,49.14
"2024-11-16 09:00:00",8957,12.12,1,0,0.034,-0.11,1.24,-0.011,0.11,-0.011,0.097,61.19,49.89
"2024-11-16 09:30:00",8958,12.12,1,0,0.056,-0.05,1.84,-0.005,0.163,-0.005,0.134,63.13,51.58
"2024-11-16 10:00:00",8959,12.11,1,0,0.093,0.27,2.6,0.024,0.23,0.018,0.197,62.14,52.48
"2024-11-16 10:30:00",8960,12.12,1,0,0.137,0.58,3.59,0.052,0.317,0.049,0.271,64.58,52.62
"2024-11-16 11:00:00",8961,12.12,1,0,0.273,2.79,4.97,0.247,0.44,-99,0.38,-99,55.89
"2024-11-16 11:30:00",8962,12.12,1,0,0.212,1.29,5.03,0.114,0.445,0.098,0.374,61.43,51.51
"2024-11-16 12:00:00",8963,12.12,1,0,0.228,1.28,5.55,0.113,0.491,0.104,0.417,63.84,53.51
"2024-11-16 12:30:00",8964,12.12,1,0,0.234,1.27,5.76,0.112,0.509,0.109,0.443,67.93,53.76
"2024-11-16 13:00:00",8965,12.12,1,0,0.231,0.96,6.09,0.085,0.539,0.081,0.468,62.87,53.77
"2024-11-16 13:30:00",8966,12.13,1,0,0.167,-0.52,6.02,-0.047,0.533,-0.03,0.469,57.62,54.1
"2024-11-16 14:00:00",8967,12.13,1,0,0.282,1.82,6.56,0.161,0.58,0.139,0.479,59.79,52.07
"2024-11-16 14:30:00",8968,12.13,1,0,0.277,1.87,6.33,0.166,0.56,0.147,0.466,64.95,52.99
"2024-11-16 15:00:00",8969,12.13,1,0,0.265,1.73,6.13,0.153,0.543,0.135,0.454,59.73,51.45
"2024-11-16 15:30:00",8970,12.13,1,0,0.26,1.72,6,0.152,0.531,0.134,0.439,63.05,51.9
"2024-11-16 16:00:00",8971,12.13,1,0,0.242,1.58,5.59,0.14,0.495,0.124,0.412,63.69,52.54
"2024-11-16 16:30:00",8972,12.13,1,0,0.213,1.37,4.95,0.121,0.438,0.108,0.364,61.69,51.37
"2024-11-16 17:00:00",8973,12.12,1,0,0.176,1.06,4.2,0.094,0.371,0.084,0.309,61.29,51.93
"2024-11-16 17:30:00",8974,12.13,1,0,0.138,0.75,3.38,0.066,0.299,0.057,0.249,60.46,50.39
"2024-11-16 18:00:00",8975,12.12,1,0,0.095,0.38,2.52,0.033,0.223,0.027,0.187,60.67,50.35
"2024-11-16 18:30:00",8976,12.12,1,0,0.067,0.13,1.96,0.011,0.174,0.011,0.144,60.91,49.62
"2024-11-16 19:00:00",8977,12.12,1,0,0.057,0.06,1.73,0.006,0.153,0.003,0.127,60.3,49.16
"2024-11-16 19:30:00",8978,12.12,1,0,0.049,0,1.55,0,0.137,-0.003,0.11,60.66,49.11
"2024-11-16 20:00:00",8979,12.12,1,0,0.042,-0.05,1.41,-0.006,0.125,-0.006,0.107,59.69,48.8
"2024-11-16 20:30:00",8980,12.11,1,0,0.037,-0.12,1.33,-0.011,0.118,-0.016,0.095,60.72,49.42
"2024-11-16 21:00:00",8981,12.11,1,0,0.034,-0.15,1.27,-0.014,0.112,-0.016,0.093,61.55,49.18
"2024-11-16 21:30:00",8982,12.11,1,0,0.029,-0.21,1.2,-0.02,0.106,-0.019,0.09,59.31,49.24
"2024-11-16 22:00:00",8983,12.11,1,0,0.028,-0.21,1.17,-0.02,0.104,-0.019,0.085,59.66,48.1
"2024-11-16 22:30:00",8984,12.1,1,0,0.027,-0.18,1.1,-0.017,0.098,-0.019,0.079,59.77,49.03
"2024-11-16 23:00:00",8985,12.1,1,0,0.025,-0.21,1.07,-0.02,0.094,-0.019,0.079,60.39,49.24
"2024-11-16 23:30:00",8986,12.1,1,0,0.022,-0.24,1.03,-0.022,0.091,-0.022,0.079,60.83,49.12
"2024-11-17 00:00:00",8987,12.09,1,0,0.022,-0.21,0.99,-0.019,0.087,-0.019,0.073,60.88,48.65
"2024-11-17 00:30:00",8988,12.09,1,0,0.019,-0.27,0.95,-0.025,0.084,-0.025,0.067,59.57,48.57
"2024-11-17 01:00:00",8989,12.09,1,0,0.013,-0.41,0.96,-0.037,0.085,-0.033,0.073,59.09,49.01
"2024-11-17 01:30:00",8990,12.08,1,0,0.021,-0.21,0.96,-0.02,0.085,-0.022,0.073,59.33,48.33
"2024-11-17 02:00:00",8991,12.09,1,0,0.018,-0.28,0.96,-0.025,0.085,-0.022,0.07,59.9,48.74
"2024-11-17 02:30:00",8992,12.08,1,0,0.02,-0.25,0.96,-0.023,0.085,-0.025,0.071,59.23,48.49
"2024-11-17 03:00:00",8993,12.08,1,0,0.02,-0.24,0.96,-0.022,0.085,-0.022,0.07,59.59,49.1
"2024-11-17 03:30:00",8994,12.08,1,0,0.021,-0.21,0.96,-0.02,0.085,-0.019,0.071,59.77,49.29
"2024-11-17 04:00:00",8995,12.08,1,0,0.023,-0.18,0.96,-0.017,0.085,-0.017,0.07,59.59,48.86
"2024-11-17 04:30:00",8996,12.07,1,0,0.02,-0.21,0.93,-0.02,0.082,-0.019,0.064,60.45,48.89
"2024-11-17 05:00:00",8997,12.07,1,0,0.011,-0.41,0.89,-0.037,0.079,-0.033,0.068,59.43,47.46
"2024-11-17 05:30:00",8998,12.07,1,0,0.019,-0.21,0.89,-0.02,0.079,-0.019,0.065,60.12,49.63
"2024-11-17 06:00:00",8999,12.07,1,0,0.019,-0.25,0.93,-0.023,0.082,-0.025,0.068,60.02,49.27
"2024-11-17 06:30:00",9000,12.07,1,0,0.021,-0.15,0.86,-0.014,0.076,-0.014,0.062,60.5,47.97
"2024-11-17 07:00:00",9001,12.06,1,0,0.021,-0.18,0.9,-0.017,0.079,-0.019,0.068,59.82,47.99
"2024-11-17 07:30:00",9002,12.06,1,0,0.019,-0.18,0.86,-0.017,0.076,-0.017,0.065,61.24,48.3
"2024-11-17 08:00:00",9003,12.06,1,0,0.017,-0.24,0.86,-0.022,0.076,-0.019,0.062,59.82,49.64
"2024-11-17 08:30:00",9004,12.05,1,0,0.023,-0.18,0.96,-0.017,0.085,-0.019,0.07,61.07,49.51
"2024-11-17 09:00:00",9005,12.05,1,0,0.041,-0.08,1.4,-0.008,0.124,-0.008,0.102,62.04,50.48
"2024-11-17 09:30:00",9006,12.05,1,0,0.059,0.03,1.84,0.003,0.163,0.003,0.14,64.23,51.85
"2024-11-17 10:00:00",9007,12.05,1,0,0.071,0.12,2.11,0.011,0.187,0.008,0.159,62.43,51.43
"2024-11-17 10:30:00",9008,12.05,1,0,0.084,0.18,2.45,0.016,0.216,0.013,0.184,62.56,51.67
"2024-11-17 11:00:00",9009,12.05,1,0,0.14,0.9,3.26,0.08,0.288,0.074,0.247,66.03,54.32
"2024-11-17 11:30:00",9010,12.05,1,0,0.143,0.71,3.62,0.063,0.321,0.056,0.275,62.15,52.39
"2024-11-17 12:00:00",9011,12.05,1,0,0.173,0.93,4.26,0.083,0.377,0.073,0.322,64.37,52.4
"2024-11-17 12:30:00",9012,12.05,1,0,0.198,1.05,4.89,0.093,0.433,0.09,0.373,65.73,53.36
"2024-11-17 13:00:00",9013,12.06,1,0,0.222,1.14,5.55,0.101,0.492,0.094,0.421,62.85,53.34
"2024-11-17 13:30:00",9014,12.06,1,0,0.244,1.36,5.97,0.121,0.529,0.111,0.449,61.74,52.79
"2024-11-17 14:00:00",9015,12.06,1,0,0.278,1.8,6.45,0.159,0.571,0.146,0.477,63.69,52.14
"2024-11-17 14:30:00",9016,12.06,1,0,0.278,1.87,6.37,0.165,0.564,0.15,0.476,62.86,52.38
"2024-11-17 15:00:00",9017,12.06,1,0,0.275,1.89,6.22,0.168,0.55,0.151,0.458,62.22,53.13
"2024-11-17 15:30:00",9018,12.07,1,0,0.254,1.69,5.84,0.15,0.517,0.134,0.428,63.25,51.7
"2024-11-17 16:00:00",9019,12.07,1,0,0.234,1.55,5.38,0.137,0.476,0.121,0.4,63.06,51.91
"2024-11-17 16:30:00",9020,12.06,1,0,0.199,1.27,4.64,0.112,0.41,0.102,0.345,62.13,51.81
"2024-11-17 17:00:00",9021,12.06,1,0,0.159,0.91,3.84,0.08,0.34,0.071,0.28,61.32,51.4
"2024-11-17 17:30:00",9022,12.06,1,0,0.121,0.6,3.06,0.053,0.271,0.049,0.222,60.25,50.75
"2024-11-17 18:00:00",9023,12.06,1,0,0.09,0.35,2.41,0.031,0.213,0.025,0.178,59.95,50.19
"2024-11-17 18:30:00",9024,12.06,1,0,0.069,0.16,1.99,0.014,0.177,0.014,0.143,59.62,50.27
"2024-11-17 19:00:00",9025,12.06,1,0,0.059,0.09,1.75,0.008,0.155,0.003,0.129,59.81,49.49
"2024-11-17 19:30:00",9026,12.05,1,0,0.045,-0.05,1.5,-0.006,0.133,-0.003,0.112,60.69,50.2
"2024-11-17 20:00:00",9027,12.05,1,0,0.041,-0.09,1.43,-0.009,0.126,-0.008,0.106,60,49.26
"2024-11-17 20:30:00",9028,12.05,1,0,0.042,-0.02,1.35,-0.003,0.12,-0.006,0.099,60.01,49.53
"2024-11-17 21:00:00",9029,12.04,1,0,0.033,-0.12,1.21,-0.011,0.107,-0.011,0.088,60.11,48.71
"2024-11-17 21:30:00",9030,12.04,1,0,0.028,-0.18,1.14,-0.017,0.101,-0.017,0.083,59.49,49.83
"2024-11-17 22:00:00",9031,12.04,1,0,0.03,-0.12,1.11,-0.011,0.098,-0.014,0.08,60.59,49.7
"2024-11-17 22:30:00",9032,12.04,1,0,0.025,-0.18,1.04,-0.017,0.092,-0.019,0.08,59,48.82
"2024-11-17 23:00:00",9033,12.04,1,0,0.025,-0.21,1.07,-0.02,0.095,-0.019,0.077,60.81,48.18
"2024-11-17 23:30:00",9034,12.03,1,0,0.025,-0.18,1.04,-0.017,0.092,-0.016,0.08,59.88,48.73
"2024-11-18 00:00:00",9035,12.03,1,0,0.023,-0.24,1.04,-0.022,0.092,-0.022,0.076,60.04,49.97
"2024-11-18 00:30:00",9036,12.03,1,0,0.02,-0.25,0.96,-0.023,0.085,-0.022,0.074,59.84,48.68
"2024-11-18 01:00:00",9037,12.02,1,0,0.02,-0.21,0.93,-0.02,0.083,-0.019,0.068,58.55,49.7
"2024-11-18 01:30:00",9038,12.02,1,0,0.021,-0.25,1,-0.023,0.089,-0.025,0.074,59.41,50.31
"2024-11-18 02:00:00",9039,12.02,1,0,0.02,-0.25,0.97,-0.023,0.086,-0.022,0.074,59.78,49.86
"2024-11-18 02:30:00",9040,12.02,1,0,0.019,-0.25,0.93,-0.023,0.083,-0.022,0.071,60.14,49.14
"2024-11-18 03:00:00",9041,12.01,1,0,0.019,-0.25,0.93,-0.023,0.083,-0.022,0.068,60.81,48.58
"2024-11-18 03:30:00",9042,12.01,1,0,0.02,-0.21,0.93,-0.02,0.083,-0.017,0.068,60.58,49.03
"2024-11-18 04:00:00",9043,12.01,1,0,0.018,-0.25,0.9,-0.023,0.079,-0.019,0.065,59.71,48.82
"2024-11-18 04:30:00",9044,12.01,1,0,0.015,-0.31,0.89,-0.028,0.079,-0.025,0.065,58.72,48.96
"2024-11-18 05:00:00",9045,12.01,1,0,0.019,-0.21,0.89,-0.02,0.079,-0.016,0.065,60.32,49.43
"2024-11-18 05:30:00",9046,12.01,1,0,0.017,-0.27,0.89,-0.025,0.079,-0.022,0.065,60.13,49.39
"2024-11-18 06:00:00",9047,12,1,0,0.016,-0.27,0.86,-0.025,0.076,-0.025,0.065,59.15,49.23
"2024-11-18 06:30:00",9048,12,1,0,0.014,-0.27,0.81,-0.025,0.072,-0.025,0.062,59.57,50.21
"2024-11-18 07:00:00",9049,12,1,0,0.017,-0.24,0.85,-0.022,0.076,-0.022,0.062,59.92,49.02
"2024-11-18 07:30:00",9050,12,1,0,0.012,-0.31,0.78,-0.028,0.069,-0.025,0.062,59.19,49.27
"2024-11-18 08:00:00",9051,12,1,0,0.009,-0.34,0.75,-0.031,0.066,-0.028,0.056,61.25,48.87
"2024-11-18 08:30:00",9052,12,1,0,0.015,-0.24,0.81,-0.022,0.072,-0.022,0.062,60.08,49.34
"2024-11-18 09:00:00",9053,12,1,0,0.029,-0.18,1.16,-0.016,0.103,-0.016,0.088,62.02,50.47
"2024-11-18 09:30:00",9054,11.99,1,0,0.059,0.09,1.76,0.008,0.156,0.005,0.135,63.91,50.71
"2024-11-18 10:00:00",9055,12,1,0,0.09,0.27,2.51,0.024,0.222,0.021,0.193,62.8,52.06
"2024-11-18 10:30:00",9056,12,1,0,0.126,0.47,3.4,0.041,0.301,0.039,0.258,64,52.45
"2024-11-18 11:00:00",9057,11.99,1,0,0.202,1.33,4.67,0.117,0.414,0.112,0.36,66.24,55.51
"2024-11-18 11:30:00",9058,12,1,0,0.215,1.22,5.23,0.108,0.463,0.095,0.401,64.66,53.93
"2024-11-18 12:00:00",9059,12,1,0,0.241,1.47,5.7,0.13,0.505,0.121,0.434,65.63,53.41
"2024-11-18 12:30:00",9060,12.01,1,0,0.251,1.43,6.09,0.127,0.539,0.125,0.471,66.08,55.09
"2024-11-18 13:00:00",9061,12,1,0,0.262,1.38,6.49,0.122,0.575,0.112,0.491,63.31,53.4
"2024-11-18 13:30:00",9062,12.01,1,0,0.228,0.5,6.6,0.044,0.584,0.051,0.516,60.99,55.17
"2024-11-18 14:00:00",9063,12.01,1,0,0.306,2.13,6.9,0.188,0.611,0.174,0.515,62.54,53.29
