"TOA5","CR300Series_410","CR300","5798","CR300.Std.11.00","CPU:CR300_sapflow.CR300","32345","Table2"
"TIMESTAMP","RECORD","BattV_Min","id","SDI1","SapFlwTot1","VhOuter1","VhInner1","AlphaOut1","AlphaIn1","BetaOut1","BetaIn1","tMaxTout1","tMaxTin1"
"TS","RN","Volts","","","literPerHour","heatVelocity","heatVelocity","logTRatio","logTRatio","logTRatio","logTRatio","second","second"
"","","Min","Smp","Smp","Smp","Smp","Smp","Smp","Smp","Smp","Smp","Smp","Smp"
"2024-10-31 12:30:00",6430,13.27,410,1,1.793,2.95,5.14,0.261,0.455,0.231,0.236,61.82,44.26
"2024-10-31 13:00:00",6431,13.14,410,1,1.679,2.42,5.17,0.214,0.458,0.19,0.243,58.17,43.11
"2024-10-31 13:30:00",6432,13.09,410,1,1.975,3.46,5.44,0.306,0.481,0.269,0.251,62.05,44.33
"2024-10-31 14:00:00",6433,13.08,410,1,1.965,3.28,5.58,0.29,0.494,0.251,0.257,60.28,43.12
"2024-10-31 14:30:00",6434,13.07,410,1,1.851,3.08,5.27,0.273,0.466,-99,0.265,-99,46.31
"2024-10-31 15:00:00",6435,13.07,410,1,1.602,2.34,4.9,0.207,0.433,0.182,0.241,53.74,43.66
"2024-10-31 15:30:00",6436,13.07,410,1,2.185,3.88,5.96,0.343,0.527,0.277,0.256,55.65,41.82
"2024-10-31 16:00:00",6437,13.07,410,1,1.921,3.23,5.43,0.286,0.481,0.236,0.232,58.35,41.2
"2024-10-31 16:30:00",6438,13.07,410,1,1.832,3.09,5.17,0.274,0.458,0.232,0.228,58.03,42.8
"2024-10-31 17:00:00",6439,13.07,410,1,1.641,2.71,4.69,0.24,0.415,0.201,0.198,59.24,42.09
"2024-10-31 17:30:00",6440,13.07,410,1,1.372,2.27,3.92,0.201,0.347,0.171,0.164,57.94,42.04
"2024-10-31 18:00:00",6441,13.06,410,1,1.082,1.76,3.12,0.156,0.276,0.129,0.119,58.66,41.5
"2024-10-31 18:30:00",6442,13.06,410,1,0.746,1.14,2.23,0.101,0.197,0.084,0.079,55.32,39.97
"2024-10-31 19:00:00",6443,13.05,410,1,0.584,0.84,1.8,0.075,0.159,0.061,0.05,56.92,40.32
"2024-10-31 19:30:00",6444,13.05,410,1,0.471,0.63,1.5,0.056,0.133,0.047,0.038,58.08,40.07
"2024-10-31 20:00:00",6445,13.04,410,1,0.377,0.47,1.24,0.042,0.109,0.031,0.029,56.03,39.12
"2024-10-31 20:30:00",6446,13.04,410,1,0.327,0.39,1.09,0.035,0.096,0.027,0.023,55.92,39.01
"2024-10-31 21:00:00",6447,13.04,410,1,0.276,0.31,0.94,0.028,0.083,0.02,0.002,56.79,38.37
"2024-10-31 21:30:00",6448,13.03,410,1,0.264,0.23,0.97,0.021,0.086,0.013,0.01,57.44,40.1
"2024-10-31 22:00:00",6449,13.03,410,1,0.204,0.16,0.77,0.014,0.068,0.009,-0.004,57.46,38.77
"2024-10-31 22:30:00",6450,13.03,410,1,0.2,0.16,0.75,0.014,0.066,0.007,0.002,57.64,38.95
"2024-10-31 23:00:00",6451,13.03,410,1,0.18,0.13,0.69,0.012,0.061,0.004,-0.002,56.2,38.6
"2024-10-31 23:30:00",6452,13.03,410,1,0.187,0.13,0.72,0.012,0.063,0.004,-0.006,57.61,39.16
"2024-11-01 00:00:00",6453,13.03,410,1,0.149,0.08,0.6,0.007,0.053,0.002,-0.004,55.88,38.27
"2024-11-01 00:30:00",6454,13.02,410,1,0.136,0.08,0.54,0.007,0.048,0,-0.013,57.43,38.58
"2024-11-01 01:00:00",6455,13.02,410,1,0.129,0.05,0.54,0.005,0.048,-0.002,-0.029,57.3,40.28
"2024-11-01 01:30:00",6456,13.02,410,1,0.107,0,0.49,0,0.043,-0.005,-0.013,57.07,39.63
"2024-11-01 02:00:00",6457,13.02,410,1,0.094,0,0.43,0,0.038,-0.005,-0.017,56.1,39.48
"2024-11-01 02:30:00",6458,13.02,410,1,0.094,0,0.43,0,0.038,-0.002,-0.015,55.46,39.37
"2024-11-01 03:00:00",6459,13.02,410,1,0.094,0.03,0.4,0.002,0.036,-0.005,-0.027,57.32,39.04
"2024-11-01 03:30:00",6460,13.01,410,1,0.089,-0.02,0.43,-0.002,0.038,-0.002,-0.017,55.6,38.42
"2024-11-01 04:00:00",6461,13.01,410,1,0.087,0,0.4,0,0.036,-0.007,-0.025,56.97,37.86
"2024-11-01 04:30:00",6462,13.01,410,1,0.089,-0.02,0.43,-0.002,0.038,-0.005,-0.019,55.15,38.54
"2024-11-01 05:00:00",6463,13.01,410,1,0.052,-0.07,0.31,-0.007,0.028,-0.009,-0.023,56.6,38.32
"2024-11-01 05:30:00",6464,13.01,410,1,0.047,-0.07,0.29,-0.007,0.025,-0.009,-0.025,55.5,39.56
"2024-11-01 06:00:00",6465,13.01,410,1,0.052,-0.07,0.31,-0.007,0.028,-0.009,-0.021,56.9,38.2
"2024-11-01 06:30:00",6466,13.01,410,1,0.052,-0.07,0.31,-0.007,0.028,-0.009,-0.021,55.79,38.61
"2024-11-01 07:00:00",6467,13.01,410,1,0.052,-0.07,0.31,-0.007,0.028,-0.007,-0.025,56.51,38.48
"2024-11-01 07:30:00",6468,13.01,410,1,0.058,-0.04,0.31,-0.005,0.028,-0.007,-0.023,56.47,38.86
"2024-11-01 08:00:00",6469,13.01,410,1,0.083,-0.02,0.4,-0.002,0.035,-0.007,-0.019,56.14,39.37
"2024-11-01 08:30:00",6470,13,410,1,0.196,0.18,0.71,0.016,0.063,0.011,-0.002,57.07,40.3
"2024-11-01 09:00:00",6471,13.01,410,1,0.555,0.75,1.76,0.067,0.156,0.056,0.058,59.81,40.39
"2024-11-01 09:30:00",6472,13.01,410,1,0.801,1.17,2.45,0.103,0.217,0.088,0.087,59.54,41.78
"2024-11-01 10:00:00",6473,13.01,410,1,1.074,1.66,3.19,0.147,0.283,0.126,0.13,59.73,42.56
"2024-11-01 10:30:00",6474,13.01,410,1,1.249,1.96,3.68,0.173,0.326,0.151,0.158,59.84,43.08
"2024-11-01 11:00:00",6475,13.02,410,1,1.301,2.12,3.75,0.187,0.332,0.163,0.158,60.15,42.97
"2024-11-01 11:30:00",6476,13.02,410,1,1.552,2.6,4.4,0.23,0.39,0.198,0.194,58.9,43.81
"2024-11-01 12:00:00",6477,13.02,410,1,1.363,2.25,3.9,0.199,0.345,0.174,0.165,60.5,43.75
"2024-11-01 12:30:00",6478,13.02,410,1,1.472,2.38,4.26,0.211,0.377,0.184,0.189,60.67,43.92
"2024-11-01 13:00:00",6479,13.03,410,1,1.497,2.56,4.19,0.226,0.371,0.198,0.183,60.38,43.21
"2024-11-01 13:30:00",6480,13.03,410,1,1.618,2.67,4.63,0.237,0.41,0.206,0.205,60.45,44.53
"2024-11-01 14:00:00",6481,13.03,410,1,1.559,2.64,4.39,0.234,0.389,0.195,0.185,59.25,43.59
"2024-11-01 14:30:00",6482,13.03,410,1,1.372,2.23,3.96,0.198,0.35,0.172,0.168,59.3,41.98
"2024-11-01 15:00:00",6483,13.03,410,1,1.361,2.25,3.89,0.199,0.344,0.164,0.165,56.56,41.72
"2024-11-01 15:30:00",6484,13.02,410,1,1.38,2.17,4.06,0.192,0.359,0.165,0.175,60.88,42.45
"2024-11-01 16:00:00",6485,13.02,410,1,1.458,2.36,4.22,0.208,0.374,0.176,0.179,59.24,42.32
"2024-11-01 16:30:00",6486,13.02,410,1,1.585,2.59,4.56,0.229,0.403,0.194,0.196,59.32,43.66
"2024-11-01 17:00:00",6487,13.02,410,1,1.481,2.41,4.27,0.213,0.378,0.184,0.183,59.29,42.52
"2024-11-01 17:30:00",6488,13.02,410,1,1.241,2.03,3.57,0.18,0.316,0.15,0.143,57.19,42.09
"2024-11-01 18:00:00",6489,13.02,410,1,0.935,1.49,2.73,0.132,0.242,0.108,0.101,56.13,41.31
"2024-11-01 18:30:00",6490,13.01,410,1,0.651,0.97,1.97,0.086,0.174,0.072,0.059,57.43,41.08
"2024-11-01 19:00:00",6491,13.01,410,1,0.493,0.7,1.53,0.062,0.136,0.048,0.036,54.98,39.46
"2024-11-01 19:30:00",6492,13,410,1,0.378,0.48,1.23,0.043,0.109,0.032,0.021,56.07,39.31
"2024-11-01 20:00:00",6493,13,410,1,0.313,0.34,1.08,0.03,0.096,0.02,0.017,56.86,39.67
"2024-11-01 20:30:00",6494,12.99,410,1,0.23,0.16,0.89,0.014,0.079,0.009,0.008,56.62,40.28
"2024-11-01 21:00:00",6495,12.99,410,1,0.197,0.13,0.77,0.011,0.068,0.004,0,56.01,39.25
"2024-11-01 21:30:00",6496,12.99,410,1,0.156,0.08,0.63,0.007,0.056,0.002,-0.004,56.68,39.76
"2024-11-01 22:00:00",6497,12.99,410,1,0.162,0.08,0.66,0.007,0.058,0.004,0.004,56,40.07
"2024-11-01 22:30:00",6498,12.99,410,1,0.163,0.13,0.61,0.012,0.054,0.002,-0.009,55.6,39.25
"2024-11-01 23:00:00",6499,12.99,410,1,0.12,0,0.55,0,0.048,-0.002,-0.011,56.89,39.56
"2024-11-01 23:30:00",6500,12.99,410,1,0.118,0.05,0.49,0.005,0.044,-0.002,-0.015,55.56,38.94
"2024-11-02 00:00:00",6501,12.98,410,1,0.127,0.08,0.5,0.007,0.045,0,-0.015,55.05,39.11
"2024-11-02 00:30:00",6502,12.98,410,1,0.167,0.14,0.62,0.012,0.055,0.007,-0.004,53.47,38.78
"2024-11-02 01:00:00",6503,12.98,410,1,0.161,0.14,0.59,0.012,0.052,0.009,-0.006,56.1,38.64
"2024-11-02 01:30:00",6504,12.97,410,1,0.158,0.13,0.59,0.012,0.052,0.005,-0.015,56.08,39.31
"2024-11-02 02:00:00",6505,12.97,410,1,0.172,0.16,0.62,0.014,0.055,0.007,-0.006,55.46,38.69
"2024-11-02 02:30:00",6506,12.96,410,1,0.16,0.11,0.62,0.009,0.055,0.005,-0.006,55.36,39.27
"2024-11-02 03:00:00",6507,12.96,410,1,0.185,0.19,0.65,0.017,0.058,0.014,-0.004,55.43,38.8
"2024-11-02 03:30:00",6508,12.95,410,1,0.154,0.11,0.59,0.009,0.052,0.005,-0.013,56.64,39.7
"2024-11-02 04:00:00",6509,12.95,410,1,0.172,0.19,0.59,0.017,0.052,0.011,-0.006,55.26,38.9
"2024-11-02 04:30:00",6510,12.95,410,1,0.158,0.13,0.59,0.012,0.052,0.007,-0.011,55.87,39.5
"2024-11-02 05:00:00",6511,12.94,410,1,0.165,0.19,0.56,0.017,0.049,0.014,-0.013,55.23,38.6
"2024-11-02 05:30:00",6512,12.94,410,1,0.145,0.13,0.53,0.012,0.047,0.009,-0.011,55.83,38.64
"2024-11-02 06:00:00",6513,12.94,410,1,0.165,0.19,0.56,0.017,0.05,0.011,-0.011,56.1,38.47
"2024-11-02 06:30:00",6514,12.93,410,1,0.145,0.13,0.53,0.012,0.047,0.005,-0.015,55.1,39.56
"2024-11-02 07:00:00",6515,12.93,410,1,0.121,0.08,0.47,0.007,0.042,0.005,-0.017,55.32,38.94
"2024-11-02 07:30:00",6516,12.93,410,1,0.128,0.11,0.47,0.009,0.042,0.007,-0.015,56,38.63
"2024-11-02 08:00:00",6517,12.92,410,1,0.126,0.13,0.44,0.012,0.039,0.007,-0.017,55.69,39.31
"2024-11-02 08:30:00",6518,12.92,410,1,0.22,0.24,0.76,0.021,0.067,0.016,0.002,57.23,38.93
"2024-11-02 09:00:00",6519,12.92,410,1,0.495,0.7,1.54,0.062,0.136,0.051,0.038,57.07,40.7
"2024-11-02 09:30:00",6520,12.92,410,1,0.724,1.11,2.16,0.098,0.191,0.084,0.076,58.06,40.44
"2024-11-02 10:00:00",6521,12.92,410,1,0.939,1.43,2.81,0.126,0.249,0.107,0.103,59.82,40.95
"2024-11-02 10:30:00",6522,12.93,410,1,1.094,1.71,3.23,0.151,0.286,0.136,0.14,57.98,41.6
"2024-11-02 11:00:00",6523,12.93,410,1,1.272,2.09,3.65,0.185,0.323,0.163,0.156,59.21,42.42
"2024-11-02 11:30:00",6524,12.94,410,1,1.527,2.5,4.39,0.222,0.389,0.194,0.196,60.22,44.12
"2024-11-02 12:00:00",6525,12.94,410,1,1.667,2.72,4.8,0.241,0.425,0.21,0.216,59.88,43.53
"2024-11-02 12:30:00",6526,12.95,410,1,1.818,3.05,5.15,0.27,0.455,0.237,0.238,60.07,43.45
"2024-11-02 13:00:00",6527,12.95,410,1,1.87,3.17,5.26,0.281,0.466,0.244,0.238,59.99,44.73
"2024-11-02 13:30:00",6528,12.95,410,1,2.193,4.24,5.62,0.375,0.498,-99,0.259,-99,44.15
"2024-11-02 14:00:00",6529,12.95,410,1,1.797,2.86,5.25,0.253,0.464,0.219,0.241,59.3,43.94
"2024-11-02 14:30:00",6530,12.96,410,1,1.952,3.75,5.03,0.332,0.446,-99,0.236,-99,45.52
"2024-11-02 15:00:00",6531,12.96,410,1,1.702,3.35,4.3,0.296,0.38,0.236,0.199,55.07,43.98
"2024-11-02 15:30:00",6532,12.96,410,1,1.832,3.28,4.97,0.29,0.44,0.23,0.203,55.89,41.21
"2024-11-02 16:00:00",6533,12.96,410,1,1.686,2.86,4.74,0.253,0.42,0.211,0.189,57.59,42.33
"2024-11-02 16:30:00",6534,12.96,410,1,1.461,2.42,4.17,0.214,0.369,0.179,0.167,58.62,43.37
"2024-11-02 17:00:00",6535,12.95,410,1,1.355,2.25,3.86,0.199,0.342,0.166,0.154,58.53,42.59
"2024-11-02 17:30:00",6536,12.95,410,1,1.148,1.9,3.28,0.168,0.291,0.139,0.125,57.13,41.77
"2024-11-02 18:00:00",6537,12.95,410,1,0.909,1.49,2.61,0.132,0.231,0.108,0.091,56.81,40.88
"2024-11-02 18:30:00",6538,12.95,410,1,0.66,1.02,1.96,0.09,0.173,0.073,0.06,56.13,40.19
"2024-11-02 19:00:00",6539,12.94,410,1,0.498,0.75,1.5,0.066,0.133,0.052,0.034,55.84,39.89
"2024-11-02 19:30:00",6540,12.93,410,1,0.398,0.56,1.24,0.05,0.109,0.039,0.021,56.25,39.21
"2024-11-02 20:00:00",6541,12.93,410,1,0.341,0.48,1.06,0.043,0.094,0.032,0.015,56.23,39.71
"2024-11-02 20:30:00",6542,12.92,410,1,0.311,0.4,1.01,0.036,0.089,0.025,0.006,54.92,38.82
"2024-11-02 21:00:00",6543,12.92,410,1,0.294,0.38,0.95,0.033,0.084,0.025,0.006,55.27,38.91
"2024-11-02 21:30:00",6544,12.91,410,1,0.243,0.3,0.8,0.026,0.071,0.021,0,55.25,39.14
"2024-11-02 22:00:00",6545,12.91,410,1,0.229,0.27,0.77,0.024,0.068,0.016,-0.002,54.44,39.33
"2024-11-02 22:30:00",6546,12.91,410,1,0.192,0.22,0.65,0.019,0.058,0.014,-0.006,54.88,39.19
"2024-11-02 23:00:00",6547,12.9,410,1,0.172,0.19,0.59,0.017,0.053,0.009,-0.009,55.49,38.29
"2024-11-02 23:30:00",6548,12.89,410,1,0.165,0.13,0.62,0.012,0.055,0.011,-0.009,56.24,39.03
"2024-11-03 00:00:00",6549,12.89,410,1,0.147,0.11,0.56,0.009,0.05,0.005,-0.013,55.83,39.46
"2024-11-03 00:30:00",6550,12.89,410,1,0.128,0.11,0.47,0.009,0.042,0.004,-0.015,55.51,39.14
"2024-11-03 01:00:00",6551,12.88,410,1,0.128,0.11,0.47,0.009,0.042,0.005,-0.015,55.03,38.51
"2024-11-03 01:30:00",6552,12.88,410,1,0.114,0.08,0.44,0.007,0.039,0.004,-0.015,55.5,39.55
"2024-11-03 02:00:00",6553,12.88,410,1,0.09,0.03,0.38,0.002,0.034,0,-0.019,55.92,38.72
"2024-11-03 02:30:00",6554,12.88,410,1,0.094,0.05,0.38,0.005,0.034,0.002,-0.017,55.27,38.65
"2024-11-03 03:00:00",6555,12.88,410,1,0.094,0.05,0.38,0.005,0.034,0.002,-0.019,54.68,38.31
"2024-11-03 03:30:00",6556,12.88,410,1,0.075,0.05,0.29,0.005,0.026,0.002,-0.026,55.86,38.81
"2024-11-03 04:00:00",6557,12.88,410,1,0.083,0.03,0.35,0.002,0.031,0,-0.023,54.62,39.24
"2024-11-03 04:30:00",6558,12.88,410,1,0.083,0.03,0.35,0.002,0.031,0,-0.017,55.25,38.46
"2024-11-03 05:00:00",6559,12.88,410,1,0.077,0.03,0.32,0.002,0.028,0,-0.021,54.41,38.87
"2024-11-03 05:30:00",6560,12.88,410,1,0.07,0.03,0.29,0.002,0.026,0.002,-0.028,55.46,38.67
"2024-11-03 06:00:00",6561,12.88,410,1,0.059,-0.02,0.29,-0.002,0.026,-0.005,-0.023,55.81,37.52
"2024-11-03 06:30:00",6562,12.87,410,1,0.07,0.03,0.29,0.002,0.026,0,-0.021,55.26,38.33
"2024-11-03 07:00:00",6563,12.87,410,1,0.07,0.03,0.29,0.002,0.026,0.002,-0.026,55.24,38.61
"2024-11-03 07:30:00",6564,12.87,410,1,0.076,0,0.35,0,0.031,0,-0.019,55.29,38.51
"2024-11-03 08:00:00",6565,12.87,410,1,0.07,0.03,0.29,0.002,0.026,-0.002,-0.028,55.6,38.81
"2024-11-03 08:30:00",6566,12.87,410,1,0.119,0.1,0.44,0.009,0.039,0.004,-0.015,54.64,38.7
"2024-11-03 09:00:00",6567,12.87,410,1,0.267,0.34,0.87,0.03,0.077,0.024,0.004,56.93,39.73
"2024-11-03 09:30:00",6568,12.87,410,1,0.453,0.64,1.41,0.057,0.125,0.046,0.034,57.47,39.59
"2024-11-03 10:00:00",6569,12.87,410,1,0.573,0.84,1.75,0.074,0.155,0.061,0.048,58.1,41.06
"2024-11-03 10:30:00",6570,12.87,410,1,0.737,1.14,2.19,0.101,0.194,0.085,0.077,58.6,40.57
"2024-11-03 11:00:00",6571,12.88,410,1,0.875,1.37,2.58,0.121,0.228,0.102,0.09,58.86,41.25
"2024-11-03 11:30:00",6572,12.88,410,1,1.006,1.58,2.96,0.14,0.262,0.122,0.118,59.91,42.3
"2024-11-03 12:00:00",6573,12.89,410,1,1.205,1.92,3.52,0.17,0.311,0.151,0.152,59.86,42.53
"2024-11-03 12:30:00",6574,12.9,410,1,1.291,2.01,3.82,0.178,0.338,0.157,0.169,59.5,44.4
"2024-11-03 13:00:00",6575,12.9,410,1,1.377,2.1,4.12,0.186,0.365,0.164,0.178,60.53,44.03
"2024-11-03 13:30:00",6576,12.91,410,1,2.001,4.27,4.71,0.378,0.417,-99,0.209,-99,44.2
"2024-11-03 14:00:00",6577,12.91,410,1,1.422,2.04,4.39,0.18,0.389,0.166,0.209,60.65,44.3
"2024-11-03 14:30:00",6578,12.91,410,1,1.619,2.69,4.61,0.238,0.408,-99,0.214,-99,44.35
"2024-11-03 15:00:00",6579,12.92,410,1,1.349,2.13,3.96,0.188,0.35,0.154,0.19,55.48,44.55
"2024-11-03 15:30:00",6580,12.92,410,1,1.812,3.22,4.94,0.285,0.437,0.225,0.197,55.13,41.12
"2024-11-03 16:00:00",6581,12.92,410,1,1.633,2.78,4.58,0.246,0.405,0.204,0.189,56.65,43.07
"2024-11-03 16:30:00",6582,12.92,410,1,1.486,2.47,4.23,0.218,0.374,0.185,0.175,57.5,42.41
"2024-11-03 17:00:00",6583,12.92,410,1,1.333,2.24,3.77,0.198,0.334,0.165,0.154,57.51,41.84
"2024-11-03 17:30:00",6584,12.92,410,1,1.113,1.84,3.18,0.163,0.282,0.134,0.121,57.48,41.13
"2024-11-03 18:00:00",6585,12.91,410,1,0.849,1.38,2.45,0.122,0.217,0.101,0.081,56.37,40.42
"2024-11-03 18:30:00",6586,12.91,410,1,0.629,1,1.84,0.088,0.163,0.071,0.049,55.6,39.82
"2024-11-03 19:00:00",6587,12.9,410,1,0.483,0.75,1.43,0.067,0.126,0.05,0.032,55.48,39.54
"2024-11-03 19:30:00",6588,12.9,410,1,0.389,0.57,1.19,0.05,0.105,0.039,0.019,55.28,39.9
"2024-11-03 20:00:00",6589,12.89,410,1,0.327,0.45,1.03,0.04,0.092,0.03,0.011,56.74,39.28
"2024-11-03 20:30:00",6590,12.88,410,1,0.29,0.4,0.91,0.035,0.081,0.03,0.006,55.83,38.9
"2024-11-03 21:00:00",6591,12.88,410,1,0.247,0.32,0.8,0.028,0.07,0.023,0,55.59,39.22
"2024-11-03 21:30:00",6592,12.87,410,1,0.203,0.21,0.71,0.019,0.063,0.014,-0.004,55.58,39.06
"2024-11-03 22:00:00",6593,12.87,410,1,0.172,0.19,0.59,0.017,0.052,0.011,-0.009,55.46,38.52
"2024-11-03 22:30:00",6594,12.86,410,1,0.165,0.16,0.59,0.014,0.052,0.011,-0.011,55.44,38.4
"2024-11-03 23:00:00",6595,12.86,410,1,0.128,0.11,0.47,0.009,0.042,0.005,-0.017,55.9,39.12
"2024-11-03 23:30:00",6596,12.86,410,1,0.128,0.11,0.47,0.009,0.042,0.005,-0.015,55.88,38.83
"2024-11-04 00:00:00",6597,12.85,410,1,0.096,0.03,0.41,0.002,0.037,0.002,-0.021,55.36,38.57
"2024-11-04 00:30:00",6598,12.85,410,1,0.108,0.08,0.41,0.007,0.037,0.002,-0.019,54.92,38.71
"2024-11-04 01:00:00",6599,12.85,410,1,0.094,0.05,0.38,0.005,0.034,0,-0.021,56.13,38.51
"2024-11-04 01:30:00",6600,12.84,410,1,0.081,0.05,0.32,0.005,0.029,0,-0.024,55.72,39.19
"2024-11-04 02:00:00",6601,12.84,410,1,0.07,0,0.32,0,0.029,-0.002,-0.026,55.61,39.4
"2024-11-04 02:30:00",6602,12.84,410,1,0.063,0,0.29,0,0.026,-0.005,-0.028,55.76,38.4
"2024-11-04 03:00:00",6603,12.84,410,1,0.07,0.03,0.29,0.002,0.026,-0.002,-0.028,55.57,38.94
"2024-11-04 03:30:00",6604,12.84,410,1,0.077,0.03,0.32,0.002,0.028,-0.002,-0.023,56.34,38.3
"2024-11-04 04:00:00",6605,12.83,410,1,0.063,0.03,0.26,0.002,0.023,-0.002,-0.026,55.57,38.94
"2024-11-04 04:30:00",6606,12.84,410,1,0.028,-0.07,0.2,-0.007,0.018,-0.007,-0.03,55.49,38.71
"2024-11-04 05:00:00",6607,12.83,410,1,0.041,-0.04,0.23,-0.005,0.021,-0.002,-0.03,54.77,38.4
"2024-11-04 05:30:00",6608,12.83,410,1,0.052,-0.02,0.26,-0.002,0.023,-0.002,-0.026,55.2,38.83
"2024-11-04 06:00:00",6609,12.83,410,1,0.052,0,0.24,0,0.021,-0.005,-0.03,54.77,39.08
"2024-11-04 06:30:00",6610,12.83,410,1,0.039,-0.02,0.2,-0.002,0.018,-0.007,-0.03,55.38,38.61
"2024-11-04 07:00:00",6611,12.83,410,1,0.041,-0.04,0.23,-0.005,0.021,-0.007,-0.028,55.31,38.8
"2024-11-04 07:30:00",6612,12.83,410,1,0.028,-0.02,0.15,-0.002,0.013,-0.005,-0.032,54.81,38.03
"2024-11-04 08:00:00",6613,12.83,410,1,0.01,-0.09,0.14,-0.009,0.013,-0.007,-0.034,54.97,39.44
"2024-11-04 08:30:00",6614,12.83,410,1,0.015,-0.07,0.14,-0.007,0.013,-0.009,-0.028,56.7,38.51
"2024-11-04 09:00:00",6615,12.83,410,1,0.068,0,0.31,0,0.028,-0.002,-0.023,57.96,39.92
"2024-11-04 09:30:00",6616,12.83,410,1,0.222,0.22,0.79,0.02,0.07,0.019,0.004,57.16,39.8
"2024-11-04 10:00:00",6617,12.84,410,1,0.38,0.48,1.24,0.042,0.11,0.037,0.027,58.28,40.26
"2024-11-04 10:30:00",6618,12.84,410,1,0.622,0.91,1.9,0.081,0.168,0.068,0.062,59.05,40.61
"2024-11-04 11:00:00",6619,12.85,410,1,0.828,1.28,2.46,0.114,0.218,0.101,0.093,60.99,41.3
"2024-11-04 11:30:00",6620,12.86,410,1,1.07,1.65,3.18,0.146,0.281,0.13,0.137,60.54,43.18
"2024-11-04 12:00:00",6621,12.87,410,1,1.232,1.98,3.58,0.175,0.317,0.153,0.154,59.2,43
"2024-11-04 12:30:00",6622,12.87,410,1,1.391,2.19,4.09,0.194,0.362,0.171,0.182,62.46,44.03
"2024-11-04 13:00:00",6623,12.88,410,1,1.573,2.46,4.64,0.218,0.41,0.199,0.213,62.4,44.13
"2024-11-04 13:30:00",6624,12.88,410,1,1.845,3.25,5.06,0.288,0.448,0.256,0.235,62.42,44
"2024-11-04 14:00:00",6625,12.89,410,1,1.76,3.05,4.88,0.27,0.432,0.233,0.225,58.78,44.51
"2024-11-04 14:30:00",6626,12.89,410,1,1.54,2.68,4.26,0.237,0.377,0.201,0.187,58.96,42.62
"2024-11-04 15:00:00",6627,12.89,410,1,1.308,2.13,3.77,0.188,0.333,0.162,0.16,60,42.98
"2024-11-04 15:30:00",6628,12.9,410,1,1.246,2.09,3.53,0.185,0.312,0.156,0.144,57.41,41.89
"2024-11-04 16:00:00",6629,12.89,410,1,1.106,1.81,3.18,0.16,0.282,0.137,0.126,58.51,41.59
"2024-11-04 16:30:00",6630,12.89,410,1,0.958,1.56,2.76,0.138,0.244,0.115,0.101,57.52,41.59
"2024-11-04 17:00:00",6631,12.89,410,1,0.749,1.18,2.2,0.104,0.194,0.085,0.074,57.54,40.2
"2024-11-04 17:30:00",6632,12.89,410,1,0.614,0.96,1.81,0.085,0.16,0.068,0.053,56.61,40.1
"2024-11-04 18:00:00",6633,12.89,410,1,0.442,0.62,1.38,0.055,0.122,0.046,0.03,54.97,40.03
"2024-11-04 18:30:00",6634,12.88,410,1,0.336,0.46,1.06,0.04,0.094,0.03,0.013,56.14,39.36
"2024-11-04 19:00:00",6635,12.88,410,1,0.258,0.29,0.88,0.026,0.078,0.018,0.006,56.35,39.99
"2024-11-04 19:30:00",6636,12.87,410,1,0.234,0.27,0.79,0.024,0.07,0.016,-0.002,55.99,38.95
"2024-11-04 20:00:00",6637,12.87,410,1,0.192,0.19,0.68,0.017,0.06,0.011,-0.006,55.53,38.76
"2024-11-04 20:30:00",6638,12.86,410,1,0.154,0.11,0.59,0.009,0.052,0.007,-0.011,55.26,38.64
"2024-11-04 21:00:00",6639,12.86,410,1,0.127,0.08,0.5,0.007,0.044,0.007,-0.013,54.48,39.37
"2024-11-04 21:30:00",6640,12.85,410,1,0.109,0.03,0.47,0.002,0.042,0,-0.017,55.15,39.21
"2024-11-04 22:00:00",6641,12.85,410,1,0.089,0,0.41,0,0.036,-0.002,-0.019,55.73,38.79
"2024-11-04 22:30:00",6642,12.85,410,1,0.072,-0.02,0.35,-0.002,0.031,-0.007,-0.023,56.24,38.79
"2024-11-04 23:00:00",6643,12.85,410,1,0.065,-0.02,0.32,-0.002,0.028,-0.002,-0.023,55.37,38.85
"2024-11-04 23:30:00",6644,12.84,410,1,0.041,-0.07,0.26,-0.007,0.023,-0.007,-0.028,55.38,38.6
"2024-11-05 00:00:00",6645,12.84,410,1,0.041,-0.04,0.23,-0.005,0.021,-0.007,-0.028,55.01,39.06
"2024-11-05 00:30:00",6646,12.84,410,1,0.028,-0.07,0.2,-0.007,0.018,-0.009,-0.03,56.36,39.01
"2024-11-05 01:00:00",6647,12.83,410,1,0.012,-0.12,0.18,-0.012,0.016,-0.011,-0.032,54.86,39.17
"2024-11-05 01:30:00",6648,12.83,410,1,0.01,-0.12,0.17,-0.012,0.015,-0.011,-0.032,56.36,38.75
"2024-11-05 02:00:00",6649,12.83,410,1,-0.021,-0.2,0.11,-0.018,0.01,-0.016,-0.034,55.85,38.65
"2024-11-05 02:30:00",6650,12.83,410,1,-0.014,-0.17,0.11,-0.016,0.01,-0.018,-0.034,56.33,39.13
"2024-11-05 03:00:00",6651,12.83,410,1,-0.025,-0.17,0.06,-0.016,0.005,-0.016,-0.036,55.86,39.08
"2024-11-05 03:30:00",6652,12.83,410,1,-0.02,-0.18,0.09,-0.016,0.008,-0.016,-0.036,56.02,38.66
"2024-11-05 04:00:00",6653,12.83,410,1,-0.02,-0.18,0.09,-0.016,0.008,-0.016,-0.034,55.17,38.81
"2024-11-05 04:30:00",6654,12.83,410,1,-0.02,-0.18,0.09,-0.017,0.008,-0.016,-0.034,54.8,38.44
"2024-11-05 05:00:00",6655,12.84,410,1,-0.02,-0.15,0.06,-0.014,0.005,-0.014,-0.038,55.48,38.55
"2024-11-05 05:30:00",6656,12.83,410,1,-0.038,-0.2,0.03,-0.019,0.003,-0.018,-0.036,55.89,38.42
"2024-11-05 06:00:00",6657,12.83,410,1,-0.014,-0.15,0.09,-0.014,0.008,-0.014,-0.034,55.45,39.08
"2024-11-05 06:30:00",6658,12.83,410,1,-0.038,-0.17,0,-0.016,0,-0.018,-0.038,56.3,38.28
"2024-11-05 07:00:00",6659,12.83,410,1,-0.054,-0.22,-0.02,-0.021,-0.003,-0.022,-0.042,55.81,39.02
"2024-11-05 07:30:00",6660,12.83,410,1,-0.067,-0.25,-0.05,-0.023,-0.005,-0.025,-0.04,56.22,38.19
"2024-11-05 08:00:00",6661,12.83,410,1,-0.072,-0.27,-0.05,-0.025,-0.005,-0.025,-0.042,56.27,39.23
"2024-11-05 08:30:00",6662,12.84,410,1,-0.078,-0.3,-0.05,-0.027,-0.005,-0.026,-0.042,57.94,39.23
"2024-11-05 09:00:00",6663,12.84,410,1,-0.071,-0.22,-0.1,-0.02,-0.01,-0.02,-0.044,57.01,38.84
"2024-11-05 09:30:00",6664,12.84,410,1,-0.121,-0.38,-0.16,-0.035,-0.015,-0.034,-0.046,56.11,38.75
"2024-11-05 10:00:00",6665,12.84,410,1,-0.092,-0.33,-0.08,-0.03,-0.008,-0.031,-0.042,55.56,38.63
"2024-11-05 10:30:00",6666,12.85,410,1,0.111,0.03,0.48,0.002,0.043,-0.002,-0.015,57.05,39.19
"2024-11-05 11:00:00",6667,12.85,410,1,0.408,0.5,1.35,0.045,0.12,0.037,0.031,57.4,40.9
"2024-11-05 11:30:00",6668,12.85,410,1,0.571,0.84,1.74,0.075,0.154,0.063,0.056,59.26,40.82
"2024-11-05 12:00:00",6669,12.85,410,1,0.734,1.06,2.26,0.094,0.2,0.081,0.079,60.25,41.41
"2024-11-05 12:30:00",6670,12.85,410,1,0.798,1.11,2.5,0.098,0.221,0.087,0.095,60.78,41.94
"2024-11-05 13:00:00",6671,12.86,410,1,0.861,1.12,2.78,0.099,0.246,0.087,0.114,59.94,43.18
"2024-11-05 13:30:00",6672,12.86,410,1,1.219,1.98,3.52,0.176,0.312,0.146,0.142,59.72,43.54
"2024-11-05 14:00:00",6673,12.87,410,1,1.047,1.2,3.55,0.106,0.314,0.096,0.165,58.05,42.96
"2024-11-05 14:30:00",6674,12.87,410,1,1.176,1.57,3.75,0.139,0.332,0.134,0.168,64.2,45.62
"2024-11-05 15:00:00",6675,12.87,410,1,1.333,2.49,3.51,0.22,0.311,0.183,0.16,56.71,43.45
"2024-11-05 15:30:00",6676,12.87,410,1,1.602,2.79,4.43,0.247,0.392,0.193,0.181,55.69,42.26
"2024-11-05 16:00:00",6677,12.87,410,1,1.555,2.63,4.38,0.232,0.388,0.192,0.182,57.39,41.72
"2024-11-05 16:30:00",6678,12.87,410,1,1.488,2.46,4.25,0.217,0.376,0.182,0.178,58.71,43.19
"2024-11-05 17:00:00",6679,12.87,410,1,1.399,2.3,4.01,0.204,0.355,0.173,0.168,59.11,42.09
"2024-11-05 17:30:00",6680,12.87,410,1,1.168,1.92,3.35,0.17,0.297,0.143,0.132,57.47,40.86
"2024-11-05 18:00:00",6681,12.86,410,1,0.813,1.3,2.37,0.115,0.21,0.095,0.079,57.22,40.87
"2024-11-05 18:30:00",6682,12.86,410,1,0.573,0.87,1.72,0.077,0.152,0.06,0.047,56.32,40.13
"2024-11-05 19:00:00",6683,12.85,410,1,0.42,0.57,1.33,0.05,0.117,0.037,0.021,56.52,40.43
"2024-11-05 19:30:00",6684,12.85,410,1,0.342,0.4,1.15,0.036,0.102,0.028,0.024,57.04,39.27
"2024-11-05 20:00:00",6685,12.85,410,1,0.291,0.32,1,0.028,0.089,0.021,0.009,56.04,39.84
"2024-11-05 20:30:00",6686,12.85,410,1,0.262,0.3,0.89,0.026,0.078,0.016,0.006,55.2,40.09
"2024-11-05 21:00:00",6687,12.84,410,1,0.211,0.19,0.77,0.017,0.068,0.009,0,55.31,38.96
"2024-11-05 21:30:00",6688,12.84,410,1,0.153,0.08,0.62,0.007,0.055,0.005,-0.006,54.84,38.22
"2024-11-05 22:00:00",6689,12.84,410,1,0.14,0.08,0.56,0.007,0.05,0.002,-0.015,55.46,38.27
"2024-11-05 22:30:00",6690,12.83,410,1,0.109,0.03,0.47,0.002,0.042,0,-0.013,56.42,38.96
"2024-11-05 23:00:00",6691,12.83,410,1,0.074,-0.04,0.38,-0.005,0.034,-0.007,-0.019,56.33,39.15
"2024-11-05 23:30:00",6692,12.83,410,1,0.085,-0.02,0.41,-0.002,0.036,-0.009,-0.013,56.26,38.65
"2024-11-06 00:00:00",6693,12.83,410,1,0.06,-0.1,0.38,-0.009,0.034,-0.009,-0.017,55.91,38.87
"2024-11-06 00:30:00",6694,12.82,410,1,0.054,-0.04,0.29,-0.005,0.026,-0.009,-0.03,56.84,39.39
"2024-11-06 01:00:00",6695,12.82,410,1,0.04,-0.1,0.29,-0.01,0.026,-0.012,-0.028,55.83,37.96
"2024-11-06 01:30:00",6696,12.82,410,1,0.047,-0.07,0.29,-0.007,0.026,-0.011,-0.024,55.33,39.79
"2024-11-06 02:00:00",6697,12.82,410,1,0.041,-0.07,0.26,-0.007,0.023,-0.011,-0.032,55.93,39
"2024-11-06 02:30:00",6698,12.82,410,1,0.022,-0.15,0.26,-0.014,0.023,-0.016,-0.026,56.56,38.95
"2024-11-06 03:00:00",6699,12.82,410,1,0.003,-0.15,0.17,-0.014,0.015,-0.014,-0.03,55.56,38.37
"2024-11-06 03:30:00",6700,12.82,410,1,0.01,-0.12,0.17,-0.012,0.015,-0.014,-0.026,55.81,39.04
"2024-11-06 04:00:00",6701,12.82,410,1,0.023,-0.12,0.23,-0.012,0.021,-0.014,-0.028,56.13,39.93
"2024-11-06 04:30:00",6702,12.81,410,1,0.016,-0.15,0.23,-0.014,0.021,-0.016,-0.028,55.47,39.27
"2024-11-06 05:00:00",6703,12.81,410,1,0.021,-0.1,0.2,-0.009,0.018,-0.014,-0.034,56.19,38.17
"2024-11-06 05:30:00",6704,12.81,410,1,0.005,-0.15,0.18,-0.014,0.016,-0.018,-0.03,55.78,39.16
"2024-11-06 06:00:00",6705,12.81,410,1,0.027,-0.1,0.23,-0.01,0.021,-0.012,-0.03,55.25,39.05
"2024-11-06 06:30:00",6706,12.81,410,1,0.027,-0.1,0.23,-0.01,0.021,-0.014,-0.026,54.88,39.19
"2024-11-06 07:00:00",6707,12.81,410,1,0.023,-0.1,0.21,-0.009,0.018,-0.012,-0.03,56.72,39.11
"2024-11-06 07:30:00",6708,12.81,410,1,0.023,-0.1,0.21,-0.01,0.018,-0.014,-0.03,56.11,38.76
"2024-11-06 08:00:00",6709,12.81,410,1,0.009,-0.15,0.2,-0.014,0.018,-0.016,-0.028,55.68,38.64
"2024-11-06 08:30:00",6710,12.81,410,1,0.041,-0.07,0.26,-0.007,0.023,-0.011,-0.028,56.12,39.2
"2024-11-06 09:00:00",6711,12.81,410,1,0.218,0.18,0.81,0.016,0.072,0.011,0.002,57.28,40.25
"2024-11-06 09:30:00",6712,12.81,410,1,0.511,0.7,1.61,0.062,0.143,0.054,0.047,58.17,40.83
"2024-11-06 10:00:00",6713,12.81,410,1,0.794,1.15,2.44,0.102,0.216,0.089,0.091,59.26,41.24
"2024-11-06 10:30:00",6714,12.81,410,1,1.103,1.72,3.26,0.152,0.288,0.133,0.133,59.27,42.36
"2024-11-06 11:00:00",6715,12.81,410,1,1.352,2.2,3.9,0.195,0.346,0.17,0.167,60.34,43.17
"2024-11-06 11:30:00",6716,12.81,410,1,1.507,2.44,4.36,0.216,0.386,0.191,0.191,61.23,43.8
"2024-11-06 12:00:00",6717,12.82,410,1,1.623,2.66,4.66,0.235,0.413,0.204,0.213,61.14,43.97
"2024-11-06 12:30:00",6718,12.82,410,1,1.657,2.63,4.85,0.233,0.429,0.203,0.225,60.65,45.56
"2024-11-06 13:00:00",6719,12.82,410,1,1.692,2.6,5.04,0.231,0.446,0.208,0.225,61.16,44.99
"2024-11-06 13:30:00",6720,12.83,410,1,1.749,2.9,4.99,0.257,0.442,0.221,0.22,59.67,42.5
"2024-11-06 14:00:00",6721,12.83,410,1,1.522,2.17,4.71,0.192,0.417,0.167,0.223,58.47,44.79
"2024-11-06 14:30:00",6722,12.83,410,1,2.099,4,5.44,0.354,0.481,-99,0.257,-99,45.08
"2024-11-06 15:00:00",6723,12.83,410,1,1.44,2.24,4.26,0.198,0.377,0.168,0.212,56.23,44.06
"2024-11-06 15:30:00",6724,12.83,410,1,1.92,3.4,5.25,0.301,0.465,0.241,0.215,57,41.91
"2024-11-06 16:00:00",6725,12.83,410,1,1.769,2.94,5.04,0.261,0.446,0.218,0.207,57.73,42.91
"2024-11-06 16:30:00",6726,12.83,410,1,1.583,2.66,4.48,0.235,0.397,0.195,0.191,57.35,41.85
"2024-11-06 17:00:00",6727,12.83,410,1,1.25,2.03,3.61,0.18,0.319,0.148,0.142,59.14,41.56
"2024-11-06 17:30:00",6728,12.83,410,1,1.012,1.6,2.97,0.141,0.263,0.118,0.114,57.08,41.17
"2024-11-06 18:00:00",6729,12.82,410,1,0.777,1.18,2.33,0.104,0.207,0.082,0.08,56.69,39.93
"2024-11-06 18:30:00",6730,12.82,410,1,0.557,0.79,1.73,0.07,0.153,0.056,0.05,56.2,38.62
"2024-11-06 19:00:00",6731,12.82,410,1,0.455,0.63,1.43,0.056,0.127,0.042,0.033,56.5,39.75
"2024-11-06 19:30:00",6732,12.81,410,1,0.364,0.43,1.22,0.038,0.108,0.028,0.022,55.97,39.79
"2024-11-06 20:00:00",6733,12.81,410,1,0.293,0.35,0.98,0.031,0.087,0.019,0.013,55.92,40.16
"2024-11-06 20:30:00",6734,12.81,410,1,0.231,0.19,0.86,0.017,0.076,0.012,0.004,56.19,39.43
"2024-11-06 21:00:00",6735,12.81,410,1,0.197,0.13,0.77,0.012,0.068,0.007,0,56.55,39.64
"2024-11-06 21:30:00",6736,12.8,410,1,0.173,0.11,0.68,0.009,0.06,0.002,-0.007,56.72,39.7
"2024-11-06 22:00:00",6737,12.8,410,1,0.14,0.05,0.59,0.005,0.053,0,-0.004,55.78,38.76
"2024-11-06 22:30:00",6738,12.8,410,1,0.115,0,0.53,0,0.047,-0.007,-0.015,56,39.65
"2024-11-06 23:00:00",6739,12.8,410,1,0.102,0,0.47,0,0.042,-0.002,-0.013,57.05,39.31
"2024-11-06 23:30:00",6740,12.8,410,1,0.098,-0.02,0.47,-0.002,0.042,-0.007,-0.011,57.15,39.71
"2024-11-07 00:00:00",6741,12.79,410,1,0.096,0,0.44,0,0.039,-0.002,-0.015,56.19,38.75
"2024-11-07 00:30:00",6742,12.79,410,1,0.08,-0.04,0.41,-0.005,0.037,-0.009,-0.024,56.84,38.83
"2024-11-07 01:00:00",6743,12.79,410,1,0.067,-0.04,0.35,-0.005,0.031,-0.009,-0.024,57.49,38.39
"2024-11-07 01:30:00",6744,12.79,410,1,0.053,-0.1,0.35,-0.01,0.031,-0.014,-0.024,55.83,38.5
"2024-11-07 02:00:00",6745,12.79,410,1,0.036,-0.12,0.29,-0.012,0.026,-0.014,-0.026,57.27,38.85
"2024-11-07 02:30:00",6746,12.79,410,1,0.036,-0.13,0.3,-0.012,0.026,-0.014,-0.024,55.92,39.01
"2024-11-07 03:00:00",6747,12.79,410,1,0.049,-0.1,0.33,-0.01,0.029,-0.012,-0.024,56.74,39.3
"2024-11-07 03:30:00",6748,12.79,410,1,0.043,-0.1,0.3,-0.01,0.026,-0.016,-0.026,56.54,38.94
"2024-11-07 04:00:00",6749,12.78,410,1,0.054,-0.07,0.32,-0.007,0.029,-0.009,-0.024,57.42,38.57
"2024-11-07 04:30:00",6750,12.78,410,1,0.036,-0.12,0.29,-0.012,0.026,-0.012,-0.026,56.65,39.64
"2024-11-07 05:00:00",6751,12.78,410,1,0.042,-0.13,0.33,-0.012,0.029,-0.016,-0.026,55.74,39.65
"2024-11-07 05:30:00",6752,12.78,410,1,0.023,-0.13,0.24,-0.012,0.021,-0.014,-0.03,55.98,39.22
"2024-11-07 06:00:00",6753,12.78,410,1,0.012,-0.15,0.21,-0.014,0.018,-0.016,-0.03,55.58,38.82
"2024-11-07 06:30:00",6754,12.78,410,1,0.01,-0.13,0.18,-0.012,0.016,-0.014,-0.03,55.79,38.46
"2024-11-07 07:00:00",6755,12.78,410,1,0.012,-0.15,0.21,-0.014,0.018,-0.016,-0.03,56.62,39.28
"2024-11-07 07:30:00",6756,12.78,410,1,0.012,-0.15,0.21,-0.014,0.018,-0.019,-0.03,55.34,39.14
"2024-11-07 08:00:00",6757,12.78,410,1,0.018,-0.15,0.24,-0.014,0.021,-0.016,-0.028,56.99,38.57
"2024-11-07 08:30:00",6758,12.78,410,1,0.047,-0.1,0.32,-0.009,0.028,-0.014,-0.024,56.61,39.44
"2024-11-07 09:00:00",6759,12.78,410,1,0.104,-0.02,0.5,-0.002,0.044,-0.005,-0.015,58.23,39.8
"2024-11-07 09:30:00",6760,12.77,410,1,0.18,0.1,0.72,0.009,0.064,0.007,0,57.9,40.29
"2024-11-07 10:00:00",6761,12.78,410,1,0.316,0.39,1.04,0.035,0.092,0.027,0.017,58.8,40.22
"2024-11-07 10:30:00",6762,12.78,410,1,0.47,0.6,1.53,0.053,0.136,0.04,0.039,58.63,40.63
"2024-11-07 11:00:00",6763,12.78,410,1,0.588,0.85,1.81,0.076,0.161,0.062,0.054,58.27,39.85
"2024-11-07 11:30:00",6764,12.78,410,1,0.744,1.12,2.24,0.099,0.198,0.082,0.076,58.82,40.82
"2024-11-07 12:00:00",6765,12.78,410,1,1.072,1.7,3.14,0.151,0.278,0.129,0.126,60.3,41.62
"2024-11-07 12:30:00",6766,12.79,410,1,1.243,1.96,3.65,0.174,0.323,0.151,0.156,60.4,43.23
"2024-11-07 13:00:00",6767,12.78,410,1,1.326,2.03,3.96,0.18,0.35,0.153,0.171,59.81,43.22
"2024-11-07 13:30:00",6768,12.79,410,1,1.671,2.74,4.8,0.243,0.425,0.207,0.213,59.51,44
"2024-11-07 14:00:00",6769,12.79,410,1,1.9,2.88,5.7,0.255,0.505,0.222,0.276,59.76,45.25
"2024-11-07 14:30:00",6770,12.79,410,1,2.309,4.56,5.82,0.404,0.515,-99,0.274,-99,45.3
"2024-11-07 15:00:00",6771,12.79,410,1,1.562,2.46,4.59,0.217,0.407,0.182,0.224,55.55,43.94
"2024-11-07 15:30:00",6772,12.79,410,1,2.032,3.5,5.66,0.309,0.501,0.256,0.246,57.88,43.21
"2024-11-07 16:00:00",6773,12.79,410,1,1.674,2.79,4.76,0.247,0.421,0.204,0.206,58.43,42.52
"2024-11-07 16:30:00",6774,12.79,410,1,1.523,2.5,4.37,0.221,0.387,0.184,0.189,58.13,42.79
"2024-11-07 17:00:00",6775,12.79,410,1,1.351,2.26,3.83,0.2,0.339,0.163,0.155,57.99,42.07
"2024-11-07 17:30:00",6776,12.78,410,1,1.064,1.72,3.08,0.152,0.273,0.125,0.118,58.13,41.79
"2024-11-07 18:00:00",6777,12.78,410,1,0.771,1.21,2.27,0.107,0.201,0.086,0.073,56.49,40.14
"2024-11-07 18:30:00",6778,12.78,410,1,0.56,0.83,1.7,0.073,0.151,0.056,0.046,56.85,40.08
"2024-11-07 19:00:00",6779,12.77,410,1,0.415,0.52,1.36,0.046,0.12,0.035,0.026,55.97,39.87
"2024-11-07 19:30:00",6780,12.77,410,1,0.364,0.47,1.18,0.041,0.104,0.028,0.018,56.44,39.93
"2024-11-07 20:00:00",6781,12.77,410,1,0.257,0.24,0.93,0.022,0.083,0.016,0.009,56.31,39.13
"2024-11-07 20:30:00",6782,12.76,410,1,0.225,0.24,0.78,0.022,0.069,0.014,-0.002,56.32,38.98
"2024-11-07 21:00:00",6783,12.76,410,1,0.182,0.14,0.69,0.012,0.061,0.007,-0.002,56.07,39.46
"2024-11-07 21:30:00",6784,12.76,410,1,0.147,0.08,0.59,0.007,0.053,0,-0.011,56.4,39.62
"2024-11-07 22:00:00",6785,12.76,410,1,0.111,0.03,0.48,0.002,0.042,-0.002,-0.013,56.51,39.17
"2024-11-07 22:30:00",6786,12.76,410,1,0.093,-0.05,0.48,-0.005,0.042,-0.012,-0.018,56.12,38.78
"2024-11-07 23:00:00",6787,12.75,410,1,0.1,-0.02,0.48,-0.002,0.042,-0.009,-0.015,55.96,38.52
"2024-11-07 23:30:00",6788,12.76,410,1,0.098,0,0.45,0,0.04,-0.007,-0.018,56.55,39.62
"2024-11-08 00:00:00",6789,12.75,410,1,0.105,0,0.48,0,0.042,0,-0.015,56.61,39.41
"2024-11-08 00:30:00",6790,12.75,410,1,0.105,0,0.48,0,0.043,-0.002,-0.015,55.19,38.68
"2024-11-08 01:00:00",6791,12.75,410,1,0.105,0.03,0.45,0.003,0.04,-0.002,-0.022,55.74,39.53
"2024-11-08 01:30:00",6792,12.75,410,1,0.093,-0.02,0.45,-0.002,0.04,-0.007,-0.015,56.4,38.95
"2024-11-08 02:00:00",6793,12.75,410,1,0.111,0.03,0.48,0.002,0.042,-0.002,-0.018,57.45,39.44
"2024-11-08 02:30:00",6794,12.75,410,1,0.105,0.03,0.45,0.002,0.04,-0.002,-0.015,56.23,38.89
"2024-11-08 03:00:00",6795,12.74,410,1,0.098,0,0.45,0,0.04,-0.005,-0.018,56.82,39.63
"2024-11-08 03:30:00",6796,12.74,410,1,0.118,0.03,0.51,0.002,0.045,-0.002,-0.015,55.6,39.67
"2024-11-08 04:00:00",6797,12.74,410,1,0.116,0.05,0.48,0.005,0.043,-0.002,-0.018,57.12,38.53
"2024-11-08 04:30:00",6798,12.74,410,1,0.085,0,0.39,0,0.035,-0.005,-0.022,56.08,39.05
"2024-11-08 05:00:00",6799,12.74,410,1,0.116,0.05,0.48,0.005,0.043,-0.002,-0.015,55.96,38.78
"2024-11-08 05:30:00",6800,12.74,410,1,0.093,-0.02,0.45,-0.002,0.04,-0.005,-0.02,56.11,39.92
"2024-11-08 06:00:00",6801,12.74,410,1,0.123,0.08,0.48,0.007,0.043,0,-0.015,56.4,39.21
"2024-11-08 06:30:00",6802,12.74,410,1,0.098,0.03,0.42,0.002,0.037,-0.005,-0.022,56.51,39.32
"2024-11-08 07:00:00",6803,12.73,410,1,0.105,0.03,0.45,0.002,0.04,-0.002,-0.015,56.81,38.93
"2024-11-08 07:30:00",6804,12.73,410,1,0.08,-0.02,0.39,-0.002,0.035,-0.007,-0.018,56.35,39.58
"2024-11-08 08:00:00",6805,12.73,410,1,0.098,0.03,0.42,0.002,0.037,-0.002,-0.018,57.35,39.74
"2024-11-08 08:30:00",6806,12.73,410,1,0.136,0.11,0.51,0.01,0.045,0.002,-0.013,56.3,39.94
"2024-11-08 09:00:00",6807,12.73,410,1,0.442,0.61,1.39,0.054,0.123,0.042,0.035,56.03,39.94
"2024-11-08 09:30:00",6808,12.73,410,1,0.803,1.14,2.49,0.101,0.221,0.084,0.091,58.46,41.7
"2024-11-08 10:00:00",6809,12.72,410,1,1.238,1.93,3.66,0.171,0.324,0.143,0.154,59.9,42.97
"2024-11-08 10:30:00",6810,12.72,410,1,1.622,2.62,4.7,0.232,0.416,0.203,0.207,60.77,43.58
"2024-11-08 11:00:00",6811,12.73,410,1,1.776,2.95,5.06,0.261,0.448,0.221,0.219,59.02,44.07
"2024-11-08 11:30:00",6812,12.73,410,1,2.037,3.33,5.86,0.294,0.519,0.26,0.277,59.99,42.8
"2024-11-08 12:00:00",6813,12.73,410,1,2.122,3.49,6.08,0.309,0.538,0.272,0.285,60.77,44.98
"2024-11-08 12:30:00",6814,12.73,410,1,2.036,3.46,5.72,0.306,0.506,0.265,0.272,59.03,43.93
"2024-11-08 13:00:00",6815,12.73,410,1,1.895,3.09,5.46,0.274,0.483,0.24,0.256,60.16,45.06
"2024-11-08 13:30:00",6816,12.73,410,1,2.015,3.33,5.76,0.295,0.51,0.268,0.266,61.78,45.02
"2024-11-08 14:00:00",6817,12.73,410,1,1.839,3.16,5.13,0.28,0.454,0.233,0.24,56.14,44.38
"2024-11-08 14:30:00",6818,12.73,410,1,2.284,4.39,5.88,0.389,0.521,-99,0.268,-99,44.65
"2024-11-08 15:00:00",6819,12.73,410,1,1.554,2.73,4.27,0.242,0.378,0.197,0.214,56.69,45.09
"2024-11-08 15:30:00",6820,12.74,410,1,1.941,3.47,5.27,0.307,0.466,0.24,0.213,56.85,42.86
"2024-11-08 16:00:00",6821,12.74,410,1,1.698,2.82,4.84,0.249,0.428,0.207,0.206,57.47,42.11
"2024-11-08 16:30:00",6822,12.73,410,1,1.478,2.41,4.26,0.213,0.377,0.181,0.18,58.3,41.79
"2024-11-08 17:00:00",6823,12.73,410,1,1.406,2.37,3.97,0.209,0.351,0.175,0.159,58.03,42.1
"2024-11-08 17:30:00",6824,12.73,410,1,1.1,1.81,3.15,0.16,0.279,0.133,0.122,57.72,41.53
"2024-11-08 18:00:00",6825,12.73,410,1,0.84,1.35,2.44,0.119,0.216,0.098,0.08,55.7,40.61
"2024-11-08 18:30:00",6826,12.72,410,1,0.613,0.95,1.82,0.084,0.161,0.071,0.049,56.92,40.4
"2024-11-08 19:00:00",6827,12.71,410,1,0.482,0.7,1.48,0.062,0.131,0.047,0.033,56.39,39.62
"2024-11-08 19:30:00",6828,12.71,410,1,0.382,0.5,1.23,0.044,0.109,0.033,0.018,55.42,40.05
"2024-11-08 20:00:00",6829,12.71,410,1,0.32,0.38,1.07,0.034,0.095,0.026,0.011,55.35,39.41
"2024-11-08 20:30:00",6830,12.7,410,1,0.247,0.27,0.85,0.024,0.075,0.014,0,56.39,39.05
"2024-11-08 21:00:00",6831,12.7,410,1,0.238,0.25,0.83,0.022,0.073,0.017,-0.002,55.54,39.18
"2024-11-08 21:30:00",6832,12.7,410,1,0.196,0.22,0.67,0.02,0.06,0.012,-0.004,55.42,38.91
"2024-11-08 22:00:00",6833,12.69,410,1,0.198,0.19,0.71,0.017,0.063,0.012,-0.004,55.02,39.23
"2024-11-08 22:30:00",6834,12.69,410,1,0.129,0.05,0.54,0.005,0.048,-0.002,-0.018,58.13,39.68
"2024-11-08 23:00:00",6835,12.69,410,1,0.109,0.05,0.45,0.005,0.04,0,-0.013,57.93,38.09
"2024-11-08 23:30:00",6836,12.69,410,1,0.129,0.08,0.51,0.007,0.045,0.002,-0.015,56.69,39.09
"2024-11-09 00:00:00",6837,12.69,410,1,0.143,0.11,0.54,0.01,0.048,0.007,0,55.71,40.04
"2024-11-09 00:30:00",6838,12.69,410,1,0.125,0.06,0.51,0.005,0.046,0.005,-0.016,56.09,38.9
"2024-11-09 01:00:00",6839,12.69,410,1,0.099,0.06,0.39,0.005,0.035,0,-0.022,56.5,39.47
"2024-11-09 01:30:00",6840,12.69,410,1,0.105,0.03,0.45,0.002,0.04,0,-0.016,55.6,38.99
"2024-11-09 02:00:00",6841,12.69,410,1,0.06,-0.05,0.33,-0.005,0.029,-0.012,-0.033,55.21,39.01
"2024-11-09 02:30:00",6842,12.69,410,1,0.101,0.06,0.4,0.005,0.035,0.002,-0.027,54.97,39.02
"2024-11-09 03:00:00",6843,12.69,410,1,0.11,0.08,0.42,0.007,0.038,0.002,-0.027,56.08,38.74
"2024-11-09 03:30:00",6844,12.68,410,1,0.101,0.06,0.4,0.005,0.035,0,-0.024,55.31,37.55
"2024-11-09 04:00:00",6845,12.69,410,1,0.152,0.14,0.55,0.012,0.048,0.007,-0.018,56.67,39.32
"2024-11-09 04:30:00",6846,12.68,410,1,0.081,0.03,0.34,0.002,0.03,-0.002,-0.027,55.62,38.01
"2024-11-09 05:00:00",6847,12.68,410,1,0.126,0.14,0.43,0.012,0.038,0.007,-0.022,55.55,38.35
"2024-11-09 05:30:00",6848,12.67,410,1,0.105,0.08,0.4,0.007,0.035,0.002,-0.02,55.05,38.27
"2024-11-09 06:00:00",6849,12.67,410,1,0.125,0.11,0.46,0.01,0.041,0.005,-0.022,54.76,38.66
"2024-11-09 06:30:00",6850,12.67,410,1,0.152,0.14,0.55,0.012,0.049,0.007,-0.02,56.39,40.44
"2024-11-09 07:00:00",6851,12.66,410,1,0.132,0.11,0.49,0.01,0.043,0.007,-0.011,55.02,38.91
"2024-11-09 07:30:00",6852,12.66,410,1,0.048,-0.02,0.24,-0.002,0.022,-0.005,-0.027,55.96,38.5
"2024-11-09 08:00:00",6853,12.66,410,1,0.105,0.08,0.4,0.007,0.035,0.007,-0.011,55.53,40.4
"2024-11-09 08:30:00",6854,12.66,410,1,0.163,0.19,0.55,0.017,0.048,0.007,-0.016,56.28,39.91
"2024-11-09 09:00:00",6855,12.66,410,1,0.4,0.57,1.24,0.05,0.11,0.042,0.024,55.53,39.58
"2024-11-09 09:30:00",6856,12.66,410,1,0.744,1.18,2.18,0.105,0.193,0.085,0.062,59.25,42.62
"2024-11-09 10:00:00",6857,12.65,410,1,0.939,1.49,2.75,0.132,0.244,0.11,0.099,58.52,42.57
"2024-11-09 10:30:00",6858,12.66,410,1,0.993,1.62,2.86,0.143,0.253,0.121,0.116,58.49,42.81
"2024-11-09 11:00:00",6859,12.66,410,1,1.129,1.89,3.2,0.167,0.283,0.141,0.131,59.91,42.45
"2024-11-09 11:30:00",6860,12.65,410,1,1.168,1.89,3.38,0.167,0.299,0.147,0.139,60.74,41.46
"2024-11-09 12:00:00",6861,12.66,410,1,1.379,2.31,3.91,0.204,0.346,0.176,0.171,60.1,43.48
"2024-11-09 12:30:00",6862,12.66,410,1,1.441,2.39,4.11,0.212,0.364,0.187,0.184,61.95,43.26
"2024-11-09 13:00:00",6863,12.66,410,1,1.598,2.59,4.62,0.229,0.409,0.21,0.208,63.6,43.49
"2024-11-09 13:30:00",6864,12.66,410,1,1.715,2.93,4.8,0.26,0.425,0.226,0.214,58.99,43.47
"2024-11-09 14:00:00",6865,12.67,410,1,1.614,2.69,4.59,0.238,0.407,0.199,0.208,57.81,42.7
"2024-11-09 14:30:00",6866,12.67,410,1,2.036,4.01,5.14,0.355,0.455,-99,0.226,-99,43.46
"2024-11-09 15:00:00",6867,12.67,410,1,0.902,0.61,3.5,0.054,0.31,0.061,0.18,54.23,45.38
"2024-11-09 15:30:00",6868,12.67,410,1,1.959,3.58,5.24,0.317,0.464,0.242,0.209,55.12,42.52
"2024-11-09 16:00:00",6869,12.67,410,1,1.637,2.75,4.63,0.243,0.41,0.204,0.189,57.2,42.52
"2024-11-09 16:30:00",6870,12.67,410,1,1.548,2.64,4.34,0.234,0.384,0.198,0.179,56.49,41.65
"2024-11-09 17:00:00",6871,12.67,410,1,1.375,2.35,3.85,0.208,0.341,0.172,0.153,57.59,41.91
"2024-11-09 17:30:00",6872,12.67,410,1,1.089,1.84,3.07,0.163,0.272,0.135,0.115,57.34,41.14
"2024-11-09 18:00:00",6873,12.66,410,1,0.836,1.4,2.37,0.124,0.21,0.1,0.078,55.64,40.94
"2024-11-09 18:30:00",6874,12.65,410,1,0.639,1.07,1.81,0.094,0.16,0.076,0.049,56.19,40.65
"2024-11-09 19:00:00",6875,12.65,410,1,0.51,0.81,1.49,0.072,0.132,0.057,0.031,55.71,39.34
"2024-11-09 19:30:00",6876,12.65,410,1,0.432,0.67,1.28,0.059,0.113,0.047,0.022,56.18,39.4
"2024-11-09 20:00:00",6877,12.64,410,1,0.379,0.59,1.12,0.052,0.099,0.038,0.013,55.47,39.67
"2024-11-09 20:30:00",6878,12.64,410,1,0.31,0.47,0.93,0.042,0.082,0.031,0.004,55.29,38.92
"2024-11-09 21:00:00",6879,12.63,410,1,0.285,0.39,0.9,0.034,0.08,0.026,0.002,54.31,38.78
"2024-11-09 21:30:00",6880,12.62,410,1,0.239,0.33,0.75,0.029,0.066,0.024,-0.002,54.88,39.76
"2024-11-09 22:00:00",6881,12.62,410,1,0.237,0.33,0.74,0.029,0.066,0.021,-0.004,55.4,38.77
"2024-11-09 22:30:00",6882,12.62,410,1,0.192,0.25,0.62,0.022,0.055,0.017,-0.011,55.34,38.97
"2024-11-09 23:00:00",6883,12.61,410,1,0.192,0.28,0.59,0.025,0.052,0.019,-0.011,54.83,39.45
"2024-11-09 23:30:00",6884,12.61,410,1,0.161,0.17,0.56,0.015,0.049,0.012,-0.013,55.2,39.67
"2024-11-10 00:00:00",6885,12.61,410,1,0.165,0.19,0.56,0.017,0.049,0.014,-0.011,55.35,39.14
"2024-11-10 00:30:00",6886,12.6,410,1,0.147,0.14,0.53,0.012,0.047,0.007,-0.018,54.73,38.36
"2024-11-10 01:00:00",6887,12.6,410,1,0.139,0.14,0.49,0.012,0.044,0.009,-0.018,54.51,38.72
"2024-11-10 01:30:00",6888,12.6,410,1,0.13,0.16,0.43,0.015,0.038,0.009,-0.02,55.83,38.88
"2024-11-10 02:00:00",6889,12.6,410,1,0.119,0.14,0.4,0.012,0.035,0.009,-0.02,55.21,38.99
"2024-11-10 02:30:00",6890,12.59,410,1,0.112,0.11,0.4,0.01,0.035,0.007,-0.02,55.32,38.53
"2024-11-10 03:00:00",6891,12.59,410,1,0.112,0.11,0.4,0.01,0.035,0.002,-0.02,55.54,39.31
"2024-11-10 03:30:00",6892,12.59,410,1,0.099,0.11,0.34,0.01,0.03,0.009,-0.025,56.09,38.2
"2024-11-10 04:00:00",6893,12.59,410,1,0.106,0.11,0.37,0.01,0.033,0.007,-0.022,55.55,39.17
"2024-11-10 04:30:00",6894,12.58,410,1,0.088,0.06,0.34,0.005,0.03,0.002,-0.022,54.68,39.39
"2024-11-10 05:00:00",6895,12.58,410,1,0.099,0.11,0.34,0.01,0.03,0.007,-0.027,55.12,38.9
"2024-11-10 05:30:00",6896,12.58,410,1,0.068,0.03,0.28,0.002,0.024,0,-0.025,55.65,39
"2024-11-10 06:00:00",6897,12.58,410,1,0.077,0.05,0.3,0.005,0.027,0.002,-0.027,55.78,38.99
"2024-11-10 06:30:00",6898,12.58,410,1,0.066,0.06,0.24,0.005,0.022,0.005,-0.031,54.9,38.94
"2024-11-10 07:00:00",6899,12.58,410,1,0.059,0.03,0.24,0.002,0.022,0.002,-0.029,55.63,38.42
"2024-11-10 07:30:00",6900,12.58,410,1,0.046,0,0.21,0,0.019,0,-0.031,55.68,38.47
"2024-11-10 08:00:00",6901,12.58,410,1,0.048,-0.02,0.24,-0.002,0.021,-0.005,-0.029,56.78,39.31
"2024-11-10 08:30:00",6902,12.58,410,1,0.043,-0.04,0.24,-0.005,0.021,-0.005,-0.029,57.35,38.89
"2024-11-10 09:00:00",6903,12.59,410,1,0.144,0.18,0.47,0.016,0.042,0.011,-0.018,57.96,39.5
"2024-11-10 09:30:00",6904,12.59,410,1,0.159,0.16,0.56,0.014,0.05,0.011,-0.011,57.39,40.34
"2024-11-10 10:00:00",6905,12.59,410,1,0.19,0.24,0.62,0.021,0.054,0.016,-0.007,58.11,39.67
"2024-11-10 10:30:00",6906,12.6,410,1,0.21,0.28,0.67,0.025,0.059,0.02,-0.002,58.81,39.27
"2024-11-10 11:00:00",6907,12.6,410,1,0.424,0.58,1.34,0.051,0.119,0.044,0.032,59.74,40.72
"2024-11-10 11:30:00",6908,12.61,410,1,0.69,1,2.12,0.088,0.188,0.078,0.078,61.91,41.81
"2024-11-10 12:00:00",6909,12.62,410,1,0.894,1.5,2.53,0.133,0.224,0.116,0.1,60.22,41.79
"2024-11-10 12:30:00",6910,12.63,410,1,1.053,1.77,2.98,0.156,0.264,0.144,0.119,63.3,43.88
"2024-11-10 13:00:00",6911,12.63,410,1,1.168,1.9,3.37,0.169,0.298,0.147,0.141,60.59,42.57
"2024-11-10 13:30:00",6912,12.64,410,1,1.251,2.08,3.56,0.184,0.315,0.158,0.154,58.15,44.3
"2024-11-10 14:00:00",6913,12.64,410,1,1.221,1.94,3.57,0.171,0.316,0.149,0.152,60.29,42.42
"2024-11-10 14:30:00",6914,12.65,410,1,1.303,2.06,3.82,0.182,0.338,0.163,0.162,62.1,43.51
"2024-11-10 15:00:00",6915,12.65,410,1,1.31,2.13,3.78,0.188,0.334,0.163,0.161,58.92,43.39
"2024-11-10 15:30:00",6916,12.65,410,1,1.197,1.95,3.45,0.173,0.305,0.147,0.138,60.29,42.52
"2024-11-10 16:00:00",6917,12.65,410,1,1.22,2.05,3.45,0.181,0.305,0.152,0.141,58.02,42.49
"2024-11-10 16:30:00",6918,12.65,410,1,0.991,1.68,2.79,0.149,0.247,0.125,0.103,58.23,42.03
"2024-11-10 17:00:00",6919,12.65,410,1,0.751,1.23,2.16,0.109,0.191,0.089,0.072,56.45,41.09
"2024-11-10 17:30:00",6920,12.65,410,1,0.498,0.77,1.48,0.068,0.131,0.056,0.037,55.86,40.74
"2024-11-10 18:00:00",6921,12.65,410,1,0.369,0.52,1.15,0.046,0.101,0.035,0.015,55.35,39.83
"2024-11-10 18:30:00",6922,12.64,410,1,0.25,0.32,0.81,0.029,0.072,0.023,0,56.29,39.11
"2024-11-10 19:00:00",6923,12.64,410,1,0.201,0.22,0.69,0.019,0.061,0.012,-0.002,56.49,40.14
"2024-11-10 19:30:00",6924,12.64,410,1,0.159,0.16,0.56,0.014,0.05,0.009,-0.013,56.29,40.35
"2024-11-10 20:00:00",6925,12.64,410,1,0.103,0.08,0.39,0.007,0.034,0.005,-0.02,57.01,39.98
"2024-11-10 20:30:00",6926,12.63,410,1,0.085,0.03,0.36,0.002,0.032,0,-0.022,55.91,39.98
"2024-11-10 21:00:00",6927,12.63,410,1,0.043,-0.07,0.27,-0.007,0.024,-0.007,-0.026,56.06,39.71
"2024-11-10 21:30:00",6928,12.63,410,1,0.054,-0.05,0.3,-0.005,0.026,-0.007,-0.029,54.98,38.06
"2024-11-10 22:00:00",6929,12.63,410,1,0.06,-0.05,0.33,-0.005,0.029,-0.007,-0.029,56.72,39.11
"2024-11-10 22:30:00",6930,12.63,410,1,0.05,-0.04,0.27,-0.005,0.024,-0.007,-0.031,56.46,39.01
"2024-11-10 23:00:00",6931,12.63,410,1,0.029,-0.1,0.24,-0.01,0.021,-0.012,-0.031,56.23,39.61
"2024-11-10 23:30:00",6932,12.62,410,1,0.01,-0.13,0.18,-0.012,0.016,-0.014,-0.031,57.4,38.69
"2024-11-11 00:00:00",6933,12.62,410,1,-0.009,-0.13,0.09,-0.012,0.008,-0.016,-0.035,56.29,39.78
"2024-11-11 00:30:00",6934,12.62,410,1,-0.022,-0.13,0.03,-0.012,0.003,-0.014,-0.042,54.94,39.42
"2024-11-11 01:00:00",6935,12.62,410,1,-0.028,-0.24,0.12,-0.022,0.011,-0.021,-0.031,56.76,38.58
"2024-11-11 01:30:00",6936,12.62,410,1,-0.02,-0.18,0.09,-0.017,0.008,-0.016,-0.035,56.19,38.74
"2024-11-11 02:00:00",6937,12.62,410,1,0.01,-0.13,0.18,-0.012,0.016,-0.016,-0.035,57.61,39.84
"2024-11-11 02:30:00",6938,12.62,410,1,0.023,-0.07,0.18,-0.007,0.016,-0.009,-0.031,55.52,38.9
"2024-11-11 03:00:00",6939,12.62,410,1,0.01,-0.13,0.18,-0.012,0.016,-0.014,-0.035,57.29,38.43
"2024-11-11 03:30:00",6940,12.62,410,1,0.003,-0.1,0.12,-0.01,0.011,-0.012,-0.033,56.98,38.79
"2024-11-11 04:00:00",6941,12.62,410,1,0.036,-0.07,0.24,-0.007,0.021,-0.009,-0.04,56.41,39.38
"2024-11-11 04:30:00",6942,12.62,410,1,0.023,-0.07,0.18,-0.007,0.016,-0.014,-0.031,58.45,39.32
"2024-11-11 05:00:00",6943,12.62,410,1,0.041,-0.05,0.24,-0.005,0.021,-0.009,-0.026,57.35,39.17
"2024-11-11 05:30:00",6944,12.62,410,1,0.017,-0.07,0.15,-0.007,0.013,-0.012,-0.035,56.7,39.1
"2024-11-11 06:00:00",6945,12.62,410,1,0.03,-0.07,0.21,-0.007,0.019,-0.009,-0.029,55.78,39
"2024-11-11 06:30:00",6946,12.61,410,1,0.016,-0.1,0.18,-0.01,0.016,-0.014,-0.031,55.79,38.33
"2024-11-11 07:00:00",6947,12.61,410,1,0.01,-0.13,0.18,-0.012,0.016,-0.012,-0.033,56.47,38.44
"2024-11-11 07:30:00",6948,12.61,410,1,0.036,-0.07,0.24,-0.007,0.021,-0.007,-0.033,55.67,39.57
"2024-11-11 08:00:00",6949,12.61,410,1,0.036,-0.07,0.24,-0.007,0.021,-0.009,-0.029,56.76,39.31
"2024-11-11 08:30:00",6950,12.61,410,1,0.056,-0.04,0.3,-0.005,0.027,-0.007,-0.024,56.15,39.79
"2024-11-11 09:00:00",6951,12.61,410,1,0.056,-0.04,0.3,-0.005,0.026,-0.007,-0.029,57.66,39.79
"2024-11-11 09:30:00",6952,12.61,410,1,0.066,0.03,0.27,0.002,0.024,-0.002,-0.027,56.97,39.52
"2024-11-11 10:00:00",6953,12.61,410,1,0.072,0.03,0.3,0.002,0.026,-0.002,-0.024,56.51,39.57
"2024-11-11 10:30:00",6954,12.61,410,1,0.059,0,0.27,0,0.024,-0.005,-0.027,57.54,38.68
"2024-11-11 11:00:00",6955,12.61,410,1,0.078,0,0.36,0,0.032,-0.005,-0.027,56.4,40.62
"2024-11-11 11:30:00",6956,12.61,410,1,0.162,0.26,0.47,0.023,0.042,0.016,-0.015,59.68,40.41
"2024-11-11 12:00:00",6957,12.61,410,1,0.156,0.17,0.54,0.015,0.048,0.007,-0.013,57.52,39.9
"2024-11-11 12:30:00",6958,12.61,410,1,0.274,0.39,0.85,0.035,0.075,0.025,0.002,59.83,39.16
"2024-11-11 13:00:00",6959,12.61,410,1,0.405,0.56,1.27,0.049,0.112,0.036,0.027,56.16,40.23
"2024-11-11 13:30:00",6960,12.61,410,1,0.557,0.96,1.55,0.085,0.137,0.067,0.04,59.55,41.28
"2024-11-11 14:00:00",6961,12.61,410,1,0.558,0.65,1.88,0.058,0.166,0.049,0.06,56.78,41.68
"2024-11-11 14:30:00",6962,12.62,410,1,0.77,1.15,2.33,0.102,0.206,0.085,0.082,58.03,40.44
"2024-11-11 15:00:00",6963,12.61,410,1,0.477,-0.02,2.21,-0.002,0.195,0.002,0.101,59,44.88
"2024-11-11 15:30:00",6964,12.62,410,1,1.096,1.89,3.05,0.168,0.27,0.129,0.109,54.64,42.2
"2024-11-11 16:00:00",6965,12.61,410,1,1.045,1.62,3.1,0.144,0.274,0.114,0.115,58.07,41.47
"2024-11-11 16:30:00",6966,12.61,410,1,1.082,1.77,3.11,0.156,0.276,0.126,0.117,56.89,42.06
"2024-11-11 17:00:00",6967,12.61,410,1,1.022,1.67,2.94,0.148,0.26,0.121,0.108,58.32,41.98
"2024-11-11 17:30:00",6968,12.61,410,1,0.844,1.34,2.47,0.118,0.218,0.094,0.083,56.79,41.02
"2024-11-11 18:00:00",6969,12.6,410,1,0.603,0.97,1.75,0.086,0.155,0.066,0.047,55.61,40.09
"2024-11-11 18:30:00",6970,12.6,410,1,0.423,0.63,1.28,0.056,0.113,0.041,0.02,55.72,40.2
"2024-11-11 19:00:00",6971,12.6,410,1,0.327,0.48,1,0.043,0.088,0.031,0.004,55.21,39.68
"2024-11-11 19:30:00",6972,12.59,410,1,0.247,0.28,0.84,0.025,0.074,0.019,0,55.57,39.63
"2024-11-11 20:00:00",6973,12.59,410,1,0.192,0.19,0.68,0.017,0.06,0.01,-0.009,56.51,39.89
"2024-11-11 20:30:00",6974,12.59,410,1,0.138,0.11,0.52,0.01,0.046,0.002,-0.018,56.38,39.35
"2024-11-11 21:00:00",6975,12.59,410,1,0.127,0.06,0.52,0.005,0.046,0,-0.016,56.37,40
"2024-11-11 21:30:00",6976,12.59,410,1,0.094,0,0.43,0,0.038,-0.005,-0.018,55.89,39.12
"2024-11-11 22:00:00",6977,12.58,410,1,0.094,0,0.43,0,0.038,-0.005,-0.02,55.68,39.17
"2024-11-11 22:30:00",6978,12.58,410,1,0.07,-0.02,0.34,-0.003,0.03,-0.007,-0.023,56.09,38.74
"2024-11-11 23:00:00",6979,12.58,410,1,0.069,-0.05,0.37,-0.005,0.033,-0.01,-0.025,55.54,39.44
"2024-11-11 23:30:00",6980,12.58,410,1,0.056,-0.02,0.28,-0.002,0.024,-0.007,-0.029,56.13,39.36
"2024-11-12 00:00:00",6981,12.58,410,1,0.036,-0.07,0.24,-0.007,0.022,-0.012,-0.031,55.73,39.94
"2024-11-12 00:30:00",6982,12.58,410,1,0.063,-0.02,0.31,-0.003,0.028,-0.01,-0.029,54.79,40.1
"2024-11-12 01:00:00",6983,12.58,410,1,0.068,0,0.31,0,0.028,-0.005,-0.027,54.63,38.85
"2024-11-12 01:30:00",6984,12.57,410,1,0.063,-0.02,0.31,-0.003,0.028,-0.005,-0.025,55.74,38.96
"2024-11-12 02:00:00",6985,12.57,410,1,0.063,-0.02,0.31,-0.003,0.028,-0.005,-0.027,55.69,39.33
"2024-11-12 02:30:00",6986,12.57,410,1,0.05,-0.05,0.28,-0.005,0.025,-0.01,-0.027,55.49,38.97
"2024-11-12 03:00:00",6987,12.56,410,1,0.05,-0.02,0.25,-0.003,0.022,-0.01,-0.034,55.43,38.65
"2024-11-12 03:30:00",6988,12.56,410,1,0.023,-0.08,0.19,-0.008,0.017,-0.012,-0.034,55.43,38.65
"2024-11-12 04:00:00",6989,12.56,410,1,0.023,-0.08,0.19,-0.008,0.017,-0.007,-0.029,56.09,39.04
"2024-11-12 04:30:00",6990,12.56,410,1,0.056,-0.02,0.28,-0.003,0.025,-0.007,-0.032,55.52,38.17
"2024-11-12 05:00:00",6991,12.56,410,1,0.043,-0.05,0.25,-0.005,0.022,-0.01,-0.032,55.7,39.18
"2024-11-12 05:30:00",6992,12.56,410,1,0.048,0,0.22,0,0.019,-0.007,-0.045,57.12,39.5
"2024-11-12 06:00:00",6993,12.56,410,1,0.019,-0.1,0.19,-0.01,0.016,-0.014,-0.036,56.15,38.8
"2024-11-12 06:30:00",6994,12.55,410,1,0.017,-0.07,0.15,-0.007,0.014,-0.01,-0.036,54.98,38.35
"2024-11-12 07:00:00",6995,12.55,410,1,0.05,-0.02,0.25,-0.002,0.022,-0.005,-0.027,56.29,39.26
"2024-11-12 07:30:00",6996,12.55,410,1,0.01,-0.1,0.15,-0.01,0.014,-0.012,-0.036,56.15,38.54
"2024-11-12 08:00:00",6997,12.55,410,1,0.003,-0.1,0.12,-0.01,0.011,-0.014,-0.043,55.55,40.44
"2024-11-12 08:30:00",6998,12.55,410,1,0.138,0.11,0.52,0.01,0.046,0.01,0.002,57.58,37.88
"2024-11-12 09:00:00",6999,12.55,410,1,0.289,0.39,0.92,0.035,0.081,0.019,-0.016,57.41,40.47
"2024-11-12 09:30:00",7000,12.55,410,1,0.684,1.05,2.04,0.093,0.18,0.087,0.081,56.33,40.79
"2024-11-12 10:00:00",7001,12.55,410,1,0.911,1.46,2.65,0.129,0.235,0.107,0.092,57.01,43.72
"2024-11-12 10:30:00",7002,12.55,410,1,1.128,1.78,3.31,0.157,0.293,0.137,0.151,58.46,42.51
"2024-11-12 11:00:00",7003,12.55,410,1,1.346,2.25,3.82,0.199,0.338,0.175,0.166,59.51,44.39
"2024-11-12 11:30:00",7004,12.55,410,1,1.609,2.62,4.64,0.231,0.411,0.204,0.211,61.02,43.4
"2024-11-12 12:00:00",7005,12.55,410,1,1.599,2.72,4.49,0.241,0.398,0.21,0.196,59.4,43.71
"2024-11-12 12:30:00",7006,12.55,410,1,1.808,3.08,5.07,0.273,0.449,0.236,0.249,57.6,44.84
"2024-11-12 13:00:00",7007,12.55,410,1,1.794,2.78,5.32,0.246,0.47,0.224,0.238,59.27,45.26
"2024-11-12 13:30:00",7008,12.56,410,1,1.927,3.22,5.47,0.285,0.484,0.257,0.252,61.79,43.76
"2024-11-12 14:00:00",7009,12.55,410,1,1.929,3.43,5.26,0.304,0.466,0.252,0.23,57.67,45.89
"2024-11-12 14:30:00",7010,12.56,410,1,1.838,2.6,5.71,0.23,0.505,0.2,0.26,60.36,43.85
"2024-11-12 15:00:00",7011,12.56,410,1,1.764,3.24,4.7,0.287,0.416,0.256,0.235,62.18,43.33
"2024-11-12 15:30:00",7012,12.56,410,1,2.201,4,5.91,0.354,0.523,0.285,0.262,56.34,40.66
"2024-11-12 16:00:00",7013,12.56,410,1,1.979,3.4,5.52,0.301,0.489,0.251,0.247,59.46,41.27
"2024-11-12 16:30:00",7014,12.56,410,1,1.83,3.15,5.1,0.279,0.452,0.232,0.214,57.1,41.57
"2024-11-12 17:00:00",7015,12.55,410,1,1.666,2.89,4.62,0.256,0.409,0.22,0.197,57.9,43.62
"2024-11-12 17:30:00",7016,12.55,410,1,1.456,2.51,4.05,0.222,0.358,0.183,0.156,58.44,43.74
"2024-11-12 18:00:00",7017,12.55,410,1,1.101,1.93,3.03,0.171,0.268,0.139,0.111,55.93,40.55
"2024-11-12 18:30:00",7018,12.54,410,1,0.821,1.39,2.31,0.123,0.205,0.102,0.077,56,41.86
"2024-11-12 19:00:00",7019,12.54,410,1,0.638,1.05,1.83,0.093,0.162,0.072,0.052,56.71,40.6
"2024-11-12 19:30:00",7020,12.53,410,1,0.53,0.85,1.54,0.075,0.136,0.06,0.039,56.68,40.46
"2024-11-12 20:00:00",7021,12.53,410,1,0.45,0.74,1.29,0.065,0.114,0.051,0.027,56.76,39.14
"2024-11-12 20:30:00",7022,12.52,410,1,0.37,0.57,1.1,0.05,0.098,0.043,0.027,54.82,40.52
"2024-11-12 21:00:00",7023,12.52,410,1,0.27,0.4,0.82,0.035,0.072,0.027,-0.002,55.69,39.99
"2024-11-12 21:30:00",7024,12.52,410,1,0.301,0.45,0.91,0.04,0.081,0.029,0,55.52,39.56
"2024-11-12 22:00:00",7025,12.51,410,1,0.248,0.37,0.75,0.033,0.067,0.024,0,55.71,39.74
"2024-11-12 22:30:00",7026,12.51,410,1,0.216,0.26,0.72,0.023,0.064,0.014,-0.005,56.1,38.89
"2024-11-12 23:00:00",7027,12.51,410,1,0.203,0.26,0.66,0.023,0.059,0.017,-0.011,54.24,38.7
"2024-11-12 23:30:00",7028,12.5,410,1,0.189,0.2,0.66,0.018,0.058,0.012,-0.007,55.97,39.17
"2024-11-13 00:00:00",7029,12.5,410,1,0.183,0.23,0.6,0.02,0.053,0.014,-0.009,54.99,39.44
"2024-11-13 00:30:00",7030,12.5,410,1,0.163,0.2,0.54,0.018,0.047,0.012,-0.014,55.68,38.19
"2024-11-13 01:00:00",7031,12.49,410,1,0.183,0.23,0.6,0.02,0.053,0.014,-0.011,55.56,39.85
"2024-11-13 01:30:00",7032,12.49,410,1,0.161,0.2,0.53,0.018,0.047,0.012,-0.016,55.51,38.44
"2024-11-13 02:00:00",7033,12.49,410,1,0.163,0.2,0.54,0.018,0.047,0.012,-0.011,54.56,37.92
"2024-11-13 02:30:00",7034,12.48,410,1,0.148,0.17,0.5,0.015,0.045,0.01,-0.014,55.9,39.51
"2024-11-13 03:00:00",7035,12.48,410,1,0.155,0.2,0.5,0.018,0.045,0.012,-0.016,56.14,39.91
"2024-11-13 03:30:00",7036,12.48,410,1,0.148,0.2,0.47,0.018,0.042,0.012,-0.016,54.57,38.87
"2024-11-13 04:00:00",7037,12.48,410,1,0.142,0.2,0.44,0.018,0.039,0.012,-0.021,55.23,39.11
"2024-11-13 04:30:00",7038,12.48,410,1,0.135,0.17,0.44,0.015,0.039,0.012,-0.021,56.08,38.86
"2024-11-13 05:00:00",7039,12.47,410,1,0.141,0.17,0.47,0.015,0.042,0.012,-0.018,55.89,39.09
"2024-11-13 05:30:00",7040,12.47,410,1,0.135,0.17,0.44,0.015,0.039,0.01,-0.018,54.81,39.27
"2024-11-13 06:00:00",7041,12.46,410,1,0.148,0.2,0.47,0.018,0.042,0.012,-0.018,55.29,39.59
"2024-11-13 06:30:00",7042,12.46,410,1,0.141,0.17,0.47,0.015,0.042,0.012,-0.018,54.42,38.71
"2024-11-13 07:00:00",7043,12.46,410,1,0.141,0.17,0.47,0.015,0.042,0.012,-0.016,55.88,38.92
"2024-11-13 07:30:00",7044,12.46,410,1,0.142,0.2,0.44,0.017,0.039,0.012,-0.021,56.41,38.77
"2024-11-13 08:00:00",7045,12.46,410,1,0.141,0.17,0.47,0.015,0.042,0.012,-0.016,54.68,39.81
"2024-11-13 08:30:00",7046,12.46,410,1,0.166,0.22,0.53,0.02,0.047,0.017,-0.014,55.72,38.92
"2024-11-13 09:00:00",7047,12.46,410,1,0.246,0.36,0.75,0.032,0.066,0.024,-0.005,56.35,39.13
"2024-11-13 09:30:00",7048,12.46,410,1,0.392,0.57,1.2,0.051,0.106,0.045,0.023,57.19,40.38
"2024-11-13 10:00:00",7049,12.46,410,1,0.536,0.81,1.61,0.072,0.143,0.06,0.045,57.69,40.63
"2024-11-13 10:30:00",7050,12.46,410,1,0.588,0.79,1.87,0.07,0.166,0.064,0.06,58.89,41.1
"2024-11-13 11:00:00",7051,12.47,410,1,0.662,1.05,1.94,0.093,0.172,0.079,0.06,57.64,40.84
"2024-11-13 11:30:00",7052,12.47,410,1,0.664,1.02,1.98,0.091,0.176,0.079,0.067,58.83,40.93
"2024-11-13 12:00:00",7053,12.48,410,1,0.677,0.95,2.11,0.084,0.187,0.076,0.075,61.08,41.22
"2024-11-13 12:30:00",7054,12.48,410,1,0.811,1.27,2.39,0.112,0.212,0.102,0.092,61.83,41.96
"2024-11-13 13:00:00",7055,12.49,410,1,0.995,1.64,2.85,0.145,0.252,0.125,0.113,59.37,41.75
"2024-11-13 13:30:00",7056,12.49,410,1,1.099,1.8,3.16,0.159,0.28,0.138,0.127,58.19,41.81
"2024-11-13 14:00:00",7057,12.49,410,1,1.109,1.7,3.31,0.151,0.293,0.128,0.139,58.69,42.89
"2024-11-13 14:30:00",7058,12.49,410,1,1.26,1.96,3.73,0.173,0.331,0.152,0.157,58.46,42.93
"2024-11-13 15:00:00",7059,12.5,410,1,0.766,0.33,3.17,0.029,0.281,0.039,0.166,59.94,46.33
"2024-11-13 15:30:00",7060,12.5,410,1,1.567,2.92,4.13,0.258,0.366,0.199,0.168,55.03,42.83
"2024-11-13 16:00:00",7061,12.5,410,1,1.551,2.67,4.32,0.236,0.382,0.198,0.181,58.7,42.59
"2024-11-13 16:30:00",7062,12.5,410,1,1.484,2.51,4.18,0.223,0.37,0.187,0.174,58.02,41.91
"2024-11-13 17:00:00",7063,12.5,410,1,1.371,2.32,3.86,0.205,0.342,0.174,0.158,56.71,42.16
"2024-11-13 17:30:00",7064,12.49,410,1,1.224,2.06,3.46,0.182,0.306,0.151,0.138,56.84,41.55
"2024-11-13 18:00:00",7065,12.49,410,1,1.018,1.73,2.86,0.153,0.253,0.129,0.105,55.96,41.67
"2024-11-13 18:30:00",7066,12.49,410,1,0.798,1.34,2.26,0.119,0.2,0.097,0.073,56.52,40.96
"2024-11-13 19:00:00",7067,12.48,410,1,0.636,1.06,1.81,0.094,0.161,0.078,0.05,55.83,40.28
"2024-11-13 19:30:00",7068,12.48,410,1,0.505,0.82,1.46,0.073,0.129,0.058,0.032,56.45,39.23
"2024-11-13 20:00:00",7069,12.47,410,1,0.41,0.65,1.2,0.058,0.106,0.046,0.018,55.89,39.66
"2024-11-13 20:30:00",7070,12.47,410,1,0.337,0.51,1.01,0.045,0.089,0.034,0.014,56.71,39.07
"2024-11-13 21:00:00",7071,12.46,410,1,0.294,0.45,0.88,0.04,0.078,0.034,0.005,56.57,39.35
"2024-11-13 21:30:00",7072,12.46,410,1,0.257,0.37,0.79,0.033,0.07,0.027,0,55.49,39.09
"2024-11-13 22:00:00",7073,12.46,410,1,0.225,0.29,0.73,0.025,0.064,0.019,-0.005,54.31,39.17
"2024-11-13 22:30:00",7074,12.45,410,1,0.189,0.2,0.66,0.017,0.059,0.014,-0.009,55.53,39.55
"2024-11-13 23:00:00",7075,12.45,410,1,0.161,0.17,0.56,0.015,0.05,0.012,-0.011,55.17,39.03
"2024-11-13 23:30:00",7076,12.45,410,1,0.154,0.17,0.53,0.015,0.047,0.014,-0.016,54.71,39.15
"2024-11-14 00:00:00",7077,12.45,410,1,0.128,0.11,0.47,0.01,0.042,0.005,-0.014,55.78,39.39
"2024-11-14 00:30:00",7078,12.44,410,1,0.114,0.11,0.41,0.01,0.036,0.007,-0.021,55.67,39.28
"2024-11-14 01:00:00",7079,12.44,410,1,0.099,0.08,0.37,0.007,0.033,0.005,-0.021,56.19,39.39
"2024-11-14 01:30:00",7080,12.44,410,1,0.094,0.06,0.37,0.005,0.033,0.005,-0.023,56.14,39.49
"2024-11-14 02:00:00",7081,12.44,410,1,0.101,0.06,0.4,0.005,0.035,0.002,-0.018,56.63,39.25
"2024-11-14 02:30:00",7082,12.44,410,1,0.101,0.06,0.4,0.005,0.035,0.002,-0.018,55.35,39.8
"2024-11-14 03:00:00",7083,12.44,410,1,0.106,0.11,0.37,0.01,0.033,0.007,-0.02,55.89,39.34
"2024-11-14 03:30:00",7084,12.44,410,1,0.094,0.06,0.37,0.005,0.033,0.002,-0.018,55.13,39.01
"2024-11-14 04:00:00",7085,12.45,410,1,0.105,0.08,0.4,0.007,0.035,0.007,-0.02,56.89,39.68
"2024-11-14 04:30:00",7086,12.44,410,1,0.101,0.06,0.4,0.005,0.035,0.005,-0.018,56.48,39.69
"2024-11-14 05:00:00",7087,12.44,410,1,0.105,0.08,0.4,0.007,0.035,0.005,-0.02,55.77,39.8
"2024-11-14 05:30:00",7088,12.45,410,1,0.105,0.08,0.4,0.007,0.035,0.005,-0.02,56.45,38.81
"2024-11-14 06:00:00",7089,12.45,410,1,0.099,0.08,0.37,0.007,0.033,0.005,-0.02,55.84,38.77
"2024-11-14 06:30:00",7090,12.44,410,1,0.101,0.06,0.4,0.005,0.035,0.002,-0.023,56.3,39.23
"2024-11-14 07:00:00",7091,12.45,410,1,0.094,0.06,0.37,0.005,0.033,0,-0.023,56.33,39.11
"2024-11-14 07:30:00",7092,12.45,410,1,0.088,0.06,0.34,0.005,0.03,0.002,-0.023,56.54,39.32
"2024-11-14 08:00:00",7093,12.45,410,1,0.101,0.06,0.4,0.005,0.035,0.002,-0.02,56.1,38.73
"2024-11-14 08:30:00",7094,12.45,410,1,0.105,0.05,0.43,0.005,0.038,0.002,-0.018,56.05,39.41
"2024-11-14 09:00:00",7095,12.45,410,1,0.221,0.27,0.73,0.024,0.064,0.016,0,57.29,40.5
"2024-11-14 09:30:00",7096,12.45,410,1,0.347,0.46,1.11,0.04,0.099,0.035,0.018,57.63,40.15
"2024-11-14 10:00:00",7097,12.45,410,1,0.407,0.58,1.26,0.052,0.112,0.044,0.025,57.57,40.52
"2024-11-14 10:30:00",7098,12.46,410,1,0.478,0.74,1.42,0.065,0.126,0.056,0.034,57.73,40.93
"2024-11-14 11:00:00",7099,12.46,410,1,0.547,0.81,1.66,0.072,0.147,0.058,0.047,58.08,40.2
"2024-11-14 11:30:00",7100,12.46,410,1,0.582,0.9,1.73,0.079,0.153,0.068,0.049,57.5,40.71
"2024-11-14 12:00:00",7101,12.46,410,1,0.591,0.87,1.8,0.077,0.159,0.061,0.056,58.08,40.88
"2024-11-14 12:30:00",7102,12.46,410,1,0.709,1.08,2.12,0.096,0.187,0.084,0.074,57.27,41.74
"2024-11-14 13:00:00",7103,12.46,410,1,0.795,1.24,2.35,0.11,0.208,0.09,0.084,58.45,41.83
"2024-11-14 13:30:00",7104,12.47,410,1,0.9,1.46,2.6,0.129,0.23,0.111,0.094,57.81,41.86
"2024-11-14 14:00:00",7105,12.47,410,1,0.933,1.46,2.75,0.129,0.244,0.115,0.107,59.44,42.91
"2024-11-14 14:30:00",7106,12.47,410,1,0.96,1.58,2.75,0.14,0.244,0.12,0.105,58.41,41.61
"2024-11-14 15:00:00",7107,12.47,410,1,0.939,1.48,2.76,0.131,0.245,0.116,0.106,59.45,42.23
"2024-11-14 15:30:00",7108,12.47,410,1,0.984,1.58,2.86,0.139,0.253,0.118,0.116,58.12,41.33
"2024-11-14 16:00:00",7109,12.47,410,1,1.046,1.71,3.01,0.151,0.266,0.127,0.112,57.07,42.37
"2024-11-14 16:30:00",7110,12.47,410,1,0.891,1.45,2.57,0.128,0.227,0.105,0.095,57.58,41.37
"2024-11-14 17:00:00",7111,12.46,410,1,0.723,1.18,2.08,0.104,0.184,0.086,0.066,58.03,40.98
"2024-11-14 17:30:00",7112,12.46,410,1,0.569,0.9,1.67,0.079,0.148,0.065,0.041,56.36,40.82
"2024-11-14 18:00:00",7113,12.46,410,1,0.458,0.7,1.37,0.062,0.121,0.05,0.029,56.58,40.37
"2024-11-14 18:30:00",7114,12.46,410,1,0.343,0.47,1.08,0.042,0.096,0.033,0.014,55.13,40.01
"2024-11-14 19:00:00",7115,12.46,410,1,0.285,0.39,0.9,0.035,0.079,0.026,0.004,56.02,39.49
"2024-11-14 19:30:00",7116,12.45,410,1,0.238,0.28,0.8,0.025,0.071,0.019,0.002,56.21,39.17
"2024-11-14 20:00:00",7117,12.45,410,1,0.187,0.2,0.65,0.017,0.057,0.014,-0.009,55.83,39.88
"2024-11-14 20:30:00",7118,12.45,410,1,0.161,0.17,0.56,0.015,0.049,0.01,-0.014,55.72,40.18
"2024-11-14 21:00:00",7119,12.45,410,1,0.125,0.08,0.49,0.007,0.044,0.002,-0.016,55.09,39.71
"2024-11-14 21:30:00",7120,12.45,410,1,0.107,0.03,0.46,0.003,0.041,0,-0.018,56.17,38.97
"2024-11-14 22:00:00",7121,12.44,410,1,0.081,0,0.37,0,0.033,-0.002,-0.023,56.33,38.97
"2024-11-14 22:30:00",7122,12.44,410,1,0.081,0,0.37,0,0.033,-0.002,-0.02,54.81,39.28
"2024-11-14 23:00:00",7123,12.44,410,1,0.063,-0.02,0.31,-0.002,0.027,-0.005,-0.025,54.98,38.61
"2024-11-14 23:30:00",7124,12.44,410,1,0.05,-0.05,0.28,-0.005,0.025,-0.007,-0.027,55.32,39.2
"2024-11-15 00:00:00",7125,12.44,410,1,0.032,-0.1,0.25,-0.01,0.022,-0.01,-0.029,55.88,39.25
"2024-11-15 00:30:00",7126,12.44,410,1,0.038,-0.07,0.25,-0.007,0.022,-0.01,-0.029,55.11,38.31
"2024-11-15 01:00:00",7127,12.44,410,1,0.025,-0.1,0.22,-0.01,0.019,-0.01,-0.029,56.21,38.85
"2024-11-15 01:30:00",7128,12.43,410,1,0.019,-0.1,0.19,-0.01,0.016,-0.012,-0.032,55.93,39.29
"2024-11-15 02:00:00",7129,12.43,410,1,0.003,-0.13,0.15,-0.012,0.014,-0.014,-0.034,55.82,39.19
"2024-11-15 02:30:00",7130,12.43,410,1,0.01,-0.1,0.15,-0.01,0.014,-0.012,-0.034,55.89,38.68
"2024-11-15 03:00:00",7131,12.43,410,1,0.025,-0.1,0.22,-0.01,0.019,-0.01,-0.032,56.09,39.3
"2024-11-15 03:30:00",7132,12.43,410,1,0.032,-0.07,0.22,-0.007,0.019,-0.007,-0.032,55.4,39.45
"2024-11-15 04:00:00",7133,12.43,410,1,0.025,-0.07,0.19,-0.007,0.016,-0.01,-0.034,55.83,38.88
"2024-11-15 04:30:00",7134,12.43,410,1,0.038,-0.07,0.25,-0.007,0.022,-0.007,-0.027,55.01,39.48
"2024-11-15 05:00:00",7135,12.43,410,1,0.025,-0.07,0.19,-0.007,0.016,-0.007,-0.034,55.25,38.88
"2024-11-15 05:30:00",7136,12.43,410,1,0.01,-0.1,0.15,-0.01,0.014,-0.01,-0.032,55.41,38.88
"2024-11-15 06:00:00",7137,12.43,410,1,0.037,-0.05,0.22,-0.005,0.019,-0.007,-0.029,56.2,39.41
"2024-11-15 06:30:00",7138,12.43,410,1,0.045,-0.07,0.28,-0.008,0.025,-0.01,-0.027,55.46,39.67
"2024-11-15 07:00:00",7139,12.43,410,1,0.025,-0.1,0.22,-0.01,0.019,-0.012,-0.027,56.05,39.26
"2024-11-15 07:30:00",7140,12.42,410,1,0.025,-0.07,0.19,-0.008,0.016,-0.012,-0.03,54.91,38.95
"2024-11-15 08:00:00",7141,12.42,410,1,0.012,-0.1,0.16,-0.01,0.014,-0.012,-0.034,55.93,39.14
"2024-11-15 08:30:00",7142,12.42,410,1,0.037,-0.05,0.22,-0.005,0.019,-0.007,-0.032,56.02,38.4
"2024-11-15 09:00:00",7143,12.42,410,1,0.016,-0.1,0.18,-0.01,0.016,-0.009,-0.034,56.66,39.28
"2024-11-15 09:30:00",7144,12.42,410,1,0.052,-0.07,0.31,-0.007,0.027,-0.007,-0.023,55.32,39.78
"2024-11-15 10:00:00",7145,12.42,410,1,0.087,0.03,0.37,0.002,0.032,0,-0.023,57.76,39.57
"2024-11-15 10:30:00",7146,12.42,410,1,0.171,0.14,0.64,0.012,0.056,0.007,-0.007,58.32,39.03
"2024-11-15 11:00:00",7147,12.42,410,1,0.238,0.25,0.83,0.022,0.073,0.017,0.004,55.79,40.24
"2024-11-15 11:30:00",7148,12.42,410,1,0.422,0.54,1.37,0.048,0.122,0.04,0.029,58.12,40.92
"2024-11-15 12:00:00",7149,12.42,410,1,0.592,0.81,1.87,0.072,0.166,0.061,0.056,58.34,41.13
"2024-11-15 12:30:00",7150,12.42,410,1,0.717,1.04,2.2,0.092,0.195,0.078,0.074,58.08,41.86
"2024-11-15 13:00:00",7151,12.42,410,1,0.776,1.06,2.45,0.094,0.216,0.079,0.09,56.45,41.33
"2024-11-15 13:30:00",7152,12.43,410,1,0.9,1.49,2.57,0.132,0.228,0.107,0.089,57.12,41.59
"2024-11-15 14:00:00",7153,12.42,410,1,0.889,1.23,2.79,0.109,0.247,0.097,0.112,58.64,42.69
"2024-11-15 14:30:00",7154,12.42,410,1,1.008,1.64,2.91,0.145,0.257,0.128,0.11,60.3,43.1
"2024-11-15 15:00:00",7155,12.43,410,1,0.997,1.58,2.92,0.14,0.258,0.116,0.111,56.88,41.91
"2024-11-15 15:30:00",7156,12.43,410,1,1.012,1.56,3.01,0.138,0.266,0.12,0.124,59.62,41.43
"2024-11-15 16:00:00",7157,12.43,410,1,1.026,1.66,2.97,0.147,0.263,0.13,0.127,56.39,42.94
"2024-11-15 16:30:00",7158,12.43,410,1,0.984,1.58,2.86,0.14,0.253,0.119,0.109,56.9,41.37
"2024-11-15 17:00:00",7159,12.42,410,1,0.912,1.54,2.57,0.136,0.228,0.111,0.101,57.28,41.91
"2024-11-15 17:30:00",7160,12.42,410,1,0.744,1.18,2.18,0.104,0.193,0.085,0.078,56.66,40.71
"2024-11-15 18:00:00",7161,12.42,410,1,0.605,0.96,1.77,0.085,0.156,0.07,0.046,57.02,40.5
"2024-11-15 18:30:00",7162,12.41,410,1,0.461,0.7,1.38,0.062,0.122,0.051,0.025,57.11,39.65
"2024-11-15 19:00:00",7163,12.41,410,1,0.351,0.46,1.13,0.041,0.1,0.032,0.014,55.75,39.8
"2024-11-15 19:30:00",7164,12.41,410,1,0.296,0.4,0.94,0.035,0.084,0.029,0.007,57.07,39.45
"2024-11-15 20:00:00",7165,12.41,410,1,0.234,0.28,0.78,0.025,0.069,0.017,-0.005,56.23,40.12
"2024-11-15 20:30:00",7166,12.41,410,1,0.203,0.23,0.69,0.02,0.061,0.012,-0.007,56.2,40.24
"2024-11-15 21:00:00",7167,12.41,410,1,0.189,0.2,0.66,0.017,0.058,0.015,-0.007,55.93,39.72
"2024-11-15 21:30:00",7168,12.4,410,1,0.154,0.14,0.56,0.012,0.05,0.01,-0.005,56.2,40.66
"2024-11-15 22:00:00",7169,12.4,410,1,0.141,0.11,0.53,0.01,0.047,0.002,-0.014,55.88,40.18
"2024-11-15 22:30:00",7170,12.4,410,1,0.063,-0.05,0.34,-0.005,0.03,-0.007,-0.032,55.93,38.57
"2024-11-15 23:00:00",7171,12.4,410,1,0.129,0.06,0.53,0.005,0.047,0.002,-0.021,54.69,38.58
"2024-11-15 23:30:00",7172,12.4,410,1,0.096,0,0.44,0,0.039,-0.002,-0.018,55.19,38.56
"2024-11-16 00:00:00",7173,12.4,410,1,0.081,0.03,0.34,0.003,0.03,-0.005,-0.023,56.93,39.04
"2024-11-16 00:30:00",7174,12.4,410,1,0.096,0.03,0.41,0.003,0.036,-0.002,-0.021,55.88,39.09
"2024-11-16 01:00:00",7175,12.39,410,1,0.081,0.03,0.34,0.003,0.03,0,-0.023,56.26,40.98
"2024-11-16 01:30:00",7176,12.39,410,1,0.038,-0.07,0.25,-0.008,0.022,-0.01,-0.037,55.5,38.3
"2024-11-16 02:00:00",7177,12.39,410,1,0.081,0,0.37,0,0.033,-0.005,-0.023,57.08,39.46
"2024-11-16 02:30:00",7178,12.39,410,1,0.074,0,0.34,0,0.03,-0.005,-0.025,54.85,39.72
"2024-11-16 03:00:00",7179,12.39,410,1,0.07,-0.02,0.34,-0.003,0.03,-0.005,-0.021,56.9,39.26
"2024-11-16 03:30:00",7180,12.39,410,1,0.003,-0.1,0.12,-0.01,0.011,-0.01,-0.032,55.96,38.92
"2024-11-16 04:00:00",7181,12.39,410,1,0.025,-0.07,0.19,-0.007,0.017,-0.007,-0.03,56.24,38.62
"2024-11-16 04:30:00",7182,12.39,410,1,0.023,-0.08,0.19,-0.008,0.017,-0.01,-0.034,55.3,38.52
"2024-11-16 05:00:00",7183,12.39,410,1,0.032,-0.1,0.25,-0.01,0.022,-0.01,-0.028,55.58,39.36
"2024-11-16 05:30:00",7184,12.38,410,1,0.056,-0.02,0.28,-0.003,0.025,-0.005,-0.032,56.2,38.58
"2024-11-16 06:00:00",7185,12.38,410,1,0.025,-0.1,0.22,-0.01,0.019,-0.01,-0.03,55.33,39.37
"2024-11-16 06:30:00",7186,12.39,410,1,0.023,-0.08,0.19,-0.008,0.017,-0.01,-0.032,56.02,38.8
"2024-11-16 07:00:00",7187,12.38,410,1,0.023,-0.08,0.19,-0.008,0.017,-0.01,-0.034,56.02,38.54
"2024-11-16 07:30:00",7188,12.38,410,1,0.025,-0.1,0.22,-0.01,0.019,-0.007,-0.032,55.76,38.96
"2024-11-16 08:00:00",7189,12.38,410,1,-0.003,-0.13,0.12,-0.012,0.011,-0.014,-0.032,55.57,38.91
"2024-11-16 08:30:00",7190,12.38,410,1,0.01,-0.1,0.15,-0.01,0.014,-0.017,-0.032,57.37,38.91
"2024-11-16 09:00:00",7191,12.38,410,1,0.069,-0.05,0.37,-0.005,0.033,-0.007,-0.025,56.5,40.12
"2024-11-16 09:30:00",7192,12.38,410,1,0.132,0.11,0.49,0.01,0.043,0.005,-0.014,56.59,39.94
"2024-11-16 10:00:00",7193,12.38,410,1,0.303,0.4,0.97,0.036,0.086,0.028,0,56.88,41.5
"2024-11-16 10:30:00",7194,12.38,410,1,0.548,0.72,1.76,0.064,0.156,0.06,0.063,58.85,41.9
"2024-11-16 11:00:00",7195,12.39,410,1,0.863,1.28,2.62,0.114,0.232,0.099,0.116,59.16,41.54
"2024-11-16 11:30:00",7196,12.39,410,1,0.923,1.4,2.77,0.124,0.245,0.109,0.137,59.31,43.36
"2024-11-16 12:00:00",7197,12.39,410,1,1.172,1.85,3.44,0.164,0.305,0.142,0.159,58.95,42.16
"2024-11-16 12:30:00",7198,12.39,410,1,1.346,2.2,3.87,0.195,0.342,0.175,0.174,60.23,43.3
"2024-11-16 13:00:00",7199,12.39,410,1,1.395,2.34,3.95,0.207,0.349,0.176,0.166,58.71,43.18
"2024-11-16 13:30:00",7200,12.4,410,1,1.687,3.14,4.45,0.278,0.394,0.24,0.181,64.17,43.23
"2024-11-16 14:00:00",7201,12.4,410,1,1.786,3.24,4.8,0.287,0.425,0.237,0.208,57.54,42.02
"2024-11-16 14:30:00",7202,12.39,410,1,1.74,3,4.84,0.265,0.428,0.22,0.214,60.38,44.85
"2024-11-16 15:00:00",7203,12.39,410,1,1.62,2.84,4.46,0.251,0.395,0.231,0.223,63.28,43.74
"2024-11-16 15:30:00",7204,12.4,410,1,1.79,3.25,4.81,0.288,0.425,0.241,0.226,55.06,43.54
"2024-11-16 16:00:00",7205,12.4,410,1,1.784,3.07,4.97,0.272,0.44,0.232,0.212,60.26,42.81
"2024-11-16 16:30:00",7206,12.39,410,1,1.626,2.78,4.55,0.246,0.403,0.206,0.199,58.87,45.01
"2024-11-16 17:00:00",7207,12.39,410,1,1.455,2.5,4.06,0.221,0.359,0.184,0.167,57.91,43.21
"2024-11-16 17:30:00",7208,12.39,410,1,1.215,2.05,3.43,0.182,0.303,0.152,0.131,58.17,42.21
"2024-11-16 18:00:00",7209,12.39,410,1,0.903,1.53,2.54,0.136,0.225,0.113,0.088,57.04,40.92
"2024-11-16 18:30:00",7210,12.39,410,1,0.669,1.1,1.92,0.097,0.17,0.079,0.056,56.57,41.03
"2024-11-16 19:00:00",7211,12.38,410,1,0.554,0.87,1.63,0.077,0.145,0.064,0.039,55.69,40.56
"2024-11-16 19:30:00",7212,12.37,410,1,0.445,0.66,1.35,0.059,0.119,0.049,0.026,55.92,39.69
"2024-11-16 20:00:00",7213,12.37,410,1,0.411,0.58,1.28,0.051,0.113,0.042,0.023,55.13,40
"2024-11-16 20:30:00",7214,12.37,410,1,0.343,0.46,1.09,0.041,0.096,0.032,0.012,55.51,39.7
"2024-11-16 21:00:00",7215,12.37,410,1,0.294,0.37,0.96,0.033,0.085,0.025,0.009,56.75,39.79
"2024-11-16 21:30:00",7216,12.36,410,1,0.26,0.32,0.86,0.028,0.076,0.025,0.005,55.82,39.02
"2024-11-16 22:00:00",7217,12.36,410,1,0.227,0.26,0.77,0.023,0.068,0.017,0,55.16,39.62
"2024-11-16 22:30:00",7218,12.35,410,1,0.213,0.2,0.77,0.018,0.068,0.015,-0.007,56.43,38.8
"2024-11-16 23:00:00",7219,12.35,410,1,0.185,0.17,0.67,0.015,0.059,0.01,-0.009,56.32,38.95
"2024-11-16 23:30:00",7220,12.35,410,1,0.149,0.11,0.57,0.01,0.051,0.007,-0.014,55.42,39.86
"2024-11-17 00:00:00",7221,12.35,410,1,0.165,0.14,0.61,0.013,0.054,0.007,-0.012,56.03,39.07
"2024-11-17 00:30:00",7222,12.35,410,1,0.15,0.14,0.54,0.013,0.048,0.007,-0.014,55.04,39.49
"2024-11-17 01:00:00",7223,12.34,410,1,0.132,0.09,0.51,0.008,0.045,0.002,-0.014,55.32,40.04
"2024-11-17 01:30:00",7224,12.34,410,1,0.118,0.03,0.51,0.003,0.045,0,-0.014,54.6,38.63
"2024-11-17 02:00:00",7225,12.34,410,1,0.119,0.09,0.45,0.008,0.04,0.005,-0.021,55.02,39.21
"2024-11-17 02:30:00",7226,12.34,410,1,0.096,0.03,0.41,0.003,0.037,0,-0.021,56.39,39.32
"2024-11-17 03:00:00",7227,12.33,410,1,0.096,0.03,0.41,0.003,0.037,0.002,-0.023,55.5,39.95
"2024-11-17 03:30:00",7228,12.33,410,1,0.083,0.03,0.35,0.003,0.031,0,-0.026,55.41,39.28
"2024-11-17 04:00:00",7229,12.33,410,1,0.089,0,0.41,0,0.037,-0.002,-0.023,54.91,38.79
"2024-11-17 04:30:00",7230,12.33,410,1,0.096,0.06,0.38,0.005,0.034,0,-0.019,54.83,39.12
"2024-11-17 05:00:00",7231,12.33,410,1,0.096,0.06,0.38,0.005,0.034,0,-0.023,54.84,39.7
"2024-11-17 05:30:00",7232,12.33,410,1,0.09,0.06,0.35,0.005,0.031,0.002,-0.023,55.17,38.64
"2024-11-17 06:00:00",7233,12.33,410,1,0.077,0.03,0.32,0.003,0.028,0,-0.023,55.34,39.53
"2024-11-17 06:30:00",7234,12.32,410,1,0.09,0.06,0.35,0.005,0.031,0.002,-0.023,55.58,39.18
"2024-11-17 07:00:00",7235,12.32,410,1,0.083,0.03,0.35,0.003,0.031,0,-0.023,55.5,38.96
"2024-11-17 07:30:00",7236,12.32,410,1,0.07,0,0.32,0,0.028,0,-0.026,55.76,39.63
"2024-11-17 08:00:00",7237,12.32,410,1,0.083,0.03,0.35,0.003,0.031,0,-0.023,55.7,38.91
"2024-11-17 08:30:00",7238,12.32,410,1,0.07,0,0.32,0,0.028,-0.002,-0.023,55.48,39.1
"2024-11-17 09:00:00",7239,12.32,410,1,0.103,0.03,0.44,0.002,0.039,0.002,-0.018,56.02,39.22
"2024-11-17 09:30:00",7240,12.31,410,1,0.247,0.28,0.84,0.024,0.074,0.021,0.002,57.51,40.04
"2024-11-17 10:00:00",7241,12.32,410,1,0.427,0.6,1.33,0.053,0.118,0.045,0.032,58.65,40.77
"2024-11-17 10:30:00",7242,12.32,410,1,0.623,0.86,1.96,0.076,0.174,0.065,0.064,58.63,41.02
"2024-11-17 11:00:00",7243,12.32,410,1,0.851,1.37,2.47,0.121,0.218,0.105,0.095,59.23,42.45
"2024-11-17 11:30:00",7244,12.33,410,1,1.008,1.59,2.96,0.141,0.262,0.124,0.118,59.45,42.25
"2024-11-17 12:00:00",7245,12.33,410,1,1.254,1.99,3.67,0.176,0.325,0.155,0.156,60.95,43.34
"2024-11-17 12:30:00",7246,12.34,410,1,1.395,2.34,3.95,0.207,0.35,0.181,0.171,60.12,43.34
"2024-11-17 13:00:00",7247,12.34,410,1,1.539,2.56,4.38,0.227,0.387,0.196,0.192,58.67,44.23
"2024-11-17 13:30:00",7248,12.34,410,1,1.621,2.7,4.61,0.239,0.408,0.21,0.209,61.26,44.63
"2024-11-17 14:00:00",7249,12.34,410,1,1.73,2.9,4.9,0.257,0.433,0.227,0.226,62.17,44.55
"2024-11-17 14:30:00",7250,12.34,410,1,1.737,2.93,4.9,0.259,0.434,0.225,0.223,60.92,44.4
"2024-11-17 15:00:00",7251,12.35,410,1,1.623,2.68,4.64,0.238,0.411,0.205,0.212,59.46,44.77
"2024-11-17 15:30:00",7252,12.35,410,1,1.669,2.89,4.63,0.255,0.41,0.216,0.205,58.64,42.84
"2024-11-17 16:00:00",7253,12.34,410,1,1.701,2.89,4.78,0.255,0.423,0.221,0.204,58.06,43.62
"2024-11-17 16:30:00",7254,12.35,410,1,1.533,2.61,4.3,0.231,0.381,0.193,0.179,58.12,42.58
"2024-11-17 17:00:00",7255,12.34,410,1,1.266,2.14,3.57,0.19,0.316,0.16,0.143,57.89,41.53
"2024-11-17 17:30:00",7256,12.34,410,1,1.047,1.75,2.97,0.155,0.263,0.129,0.109,56.18,41.33
"2024-11-17 18:00:00",7257,12.34,410,1,0.807,1.31,2.33,0.116,0.206,0.096,0.077,56.81,40.18
"2024-11-17 18:30:00",7258,12.33,410,1,0.609,0.95,1.8,0.084,0.159,0.069,0.051,55.63,39.83
"2024-11-17 19:00:00",7259,12.33,410,1,0.483,0.73,1.45,0.064,0.129,0.052,0.033,54.74,40.45
"2024-11-17 19:30:00",7260,12.32,410,1,0.407,0.58,1.26,0.051,0.111,0.04,0.021,55.68,39.57
"2024-11-17 20:00:00",7261,12.32,410,1,0.336,0.46,1.06,0.041,0.094,0.032,0.009,56.08,39.44
"2024-11-17 20:30:00",7262,12.32,410,1,0.281,0.37,0.9,0.033,0.08,0.025,0.002,54.85,39.05
"2024-11-17 21:00:00",7263,12.31,410,1,0.234,0.26,0.8,0.023,0.071,0.017,-0.002,55.76,40.21
"2024-11-17 21:30:00",7264,12.31,410,1,0.192,0.2,0.67,0.018,0.059,0.012,-0.007,55.94,39.41
"2024-11-17 22:00:00",7265,12.31,410,1,0.165,0.17,0.58,0.015,0.051,0.012,-0.014,55,38.89
"2024-11-17 22:30:00",7266,12.31,410,1,0.154,0.12,0.58,0.01,0.051,0.007,-0.009,55.15,38.93
"2024-11-17 23:00:00",7267,12.3,410,1,0.132,0.09,0.51,0.008,0.045,0.007,-0.016,55.12,39.16
"2024-11-17 23:30:00",7268,12.3,410,1,0.112,0.06,0.45,0.005,0.04,0.002,-0.019,56.43,38.95
"2024-11-18 00:00:00",7269,12.3,410,1,0.112,0.06,0.45,0.005,0.04,0.005,-0.019,55.48,39.1
"2024-11-18 00:30:00",7270,12.3,410,1,0.09,0.03,0.38,0.003,0.034,0,-0.026,55.6,38.65
"2024-11-18 01:00:00",7271,12.29,410,1,0.078,-0.02,0.38,-0.003,0.034,-0.005,-0.023,54.75,39.63
"2024-11-18 01:30:00",7272,12.29,410,1,0.065,-0.02,0.32,-0.003,0.028,-0.005,-0.021,55.22,39.1
"2024-11-18 02:00:00",7273,12.29,410,1,0.052,-0.05,0.29,-0.005,0.025,-0.007,-0.026,55.29,39.59
"2024-11-18 02:30:00",7274,12.29,410,1,0.052,-0.05,0.29,-0.005,0.025,-0.007,-0.026,54.88,38.5
"2024-11-18 03:00:00",7275,12.29,410,1,0.036,-0.08,0.25,-0.008,0.023,-0.007,-0.026,55.4,38.6
"2024-11-18 03:30:00",7276,12.29,410,1,0.036,-0.08,0.25,-0.008,0.023,-0.007,-0.028,55.49,39.37
"2024-11-18 04:00:00",7277,12.29,410,1,0.032,-0.1,0.25,-0.01,0.023,-0.01,-0.028,55.12,38.59
"2024-11-18 04:30:00",7278,12.29,410,1,0.038,-0.08,0.26,-0.008,0.023,-0.01,-0.028,55.04,38.66
"2024-11-18 05:00:00",7279,12.29,410,1,0.045,-0.05,0.26,-0.005,0.023,-0.007,-0.03,54.86,39.58
"2024-11-18 05:30:00",7280,12.28,410,1,0.032,-0.1,0.25,-0.01,0.023,-0.012,-0.028,54.56,39.01
"2024-11-18 06:00:00",7281,12.28,410,1,0.023,-0.11,0.22,-0.01,0.02,-0.01,-0.03,54.81,38.17
"2024-11-18 06:30:00",7282,12.28,410,1,0.019,-0.1,0.19,-0.01,0.017,-0.01,-0.03,54.89,38.66
"2024-11-18 07:00:00",7283,12.28,410,1,0,-0.13,0.13,-0.013,0.011,-0.012,-0.035,55.86,38.64
"2024-11-18 07:30:00",7284,12.28,410,1,-0.001,-0.16,0.16,-0.015,0.014,-0.015,-0.03,55.73,39.18
"2024-11-18 08:00:00",7285,12.28,410,1,0.012,-0.1,0.16,-0.01,0.014,-0.007,-0.033,55.88,39.49
"2024-11-18 08:30:00",7286,12.28,410,1,0.012,-0.13,0.19,-0.013,0.017,-0.012,-0.033,55.56,39.17
"2024-11-18 09:00:00",7287,12.28,410,1,0.05,-0.05,0.28,-0.005,0.025,-0.005,-0.025,56.55,39.75
"2024-11-18 09:30:00",7288,12.28,410,1,0.132,0.11,0.49,0.01,0.044,0.005,-0.016,57.69,39.22
"2024-11-18 10:00:00",7289,12.28,410,1,0.252,0.32,0.82,0.028,0.072,0.021,0.005,59.17,39.87
"2024-11-18 10:30:00",7290,12.29,410,1,0.395,0.49,1.3,0.043,0.115,0.035,0.03,58.87,40.4
"2024-11-18 11:00:00",7291,12.29,410,1,0.666,1.02,1.99,0.09,0.176,0.078,0.064,59.28,41.08
"2024-11-18 11:30:00",7292,12.3,410,1,0.81,1.16,2.5,0.103,0.221,0.091,0.093,59.3,41.94
"2024-11-18 12:00:00",7293,12.3,410,1,1.263,2,3.7,0.177,0.327,0.166,0.16,65.45,44.34
"2024-11-18 12:30:00",7294,12.31,410,1,1.491,2.4,4.33,0.213,0.383,0.189,0.197,60.58,44.22
"2024-11-18 13:00:00",7295,12.31,410,1,1.731,2.81,5,0.249,0.443,0.218,0.227,60.16,44.37
"2024-11-18 13:30:00",7296,12.31,410,1,2.063,3.54,5.76,0.313,0.51,0.277,0.276,61.7,44.77
"2024-11-18 14:00:00",7297,12.32,410,1,2.168,3.75,6.02,0.332,0.533,0.303,0.294,61.44,45.09
"2024-11-18 14:30:00",7298,12.32,410,1,2.183,3.7,6.14,0.328,0.543,0.282,0.29,58.64,42.86
"2024-11-18 15:00:00",7299,12.32,410,1,1.558,2.29,4.75,0.203,0.421,0.179,0.253,55.03,46.6
"2024-11-18 15:30:00",7300,12.32,410,1,2.3,4.13,6.23,0.365,0.552,0.297,0.279,57.05,43.2
"2024-11-18 16:00:00",7301,12.33,410,1,1.993,3.46,5.52,0.307,0.489,0.257,0.244,58.28,43.75
"2024-11-18 16:30:00",7302,12.32,410,1,1.768,3.03,4.94,0.268,0.437,0.226,0.214,58.26,43.32
"2024-11-18 17:00:00",7303,12.32,410,1,1.502,2.58,4.19,0.228,0.371,0.189,0.174,57.34,43.06
"2024-11-18 17:30:00",7304,12.32,410,1,1.129,1.88,3.21,0.167,0.284,0.14,0.124,58.36,41.31
"2024-11-18 18:00:00",7305,12.31,410,1,0.8,1.3,2.31,0.115,0.204,0.093,0.075,56.12,41.58
"2024-11-18 18:30:00",7306,12.31,410,1,0.605,0.94,1.79,0.083,0.158,0.065,0.047,56.13,40.2
"2024-11-18 19:00:00",7307,12.31,410,1,0.478,0.7,1.46,0.062,0.129,0.047,0.033,55.23,40.27
"2024-11-18 19:30:00",7308,12.3,410,1,0.4,0.55,1.26,0.049,0.112,0.037,0.021,55.93,39.31
"2024-11-18 20:00:00",7309,12.3,410,1,0.333,0.41,1.1,0.036,0.097,0.027,0.014,56.63,39.85
"2024-11-18 20:30:00",7310,12.29,410,1,0.269,0.29,0.93,0.026,0.083,0.017,0.005,55.55,38.92
"2024-11-18 21:00:00",7311,12.29,410,1,0.24,0.26,0.83,0.023,0.074,0.017,0.002,56.59,39.13
"2024-11-18 21:30:00",7312,12.29,410,1,0.2,0.17,0.74,0.015,0.065,0.012,-0.007,56.03,39.67
"2024-11-18 22:00:00",7313,12.29,410,1,0.147,0.06,0.61,0.005,0.054,0.003,-0.009,55.61,39.66
"2024-11-18 22:30:00",7314,12.28,410,1,0.134,0.06,0.55,0.005,0.048,0.003,-0.012,55.7,39.49
"2024-11-18 23:00:00",7315,12.28,410,1,0.118,0.06,0.48,0.005,0.043,0.003,-0.016,55.33,39.53
"2024-11-18 23:30:00",7316,12.28,410,1,0.084,-0.05,0.44,-0.005,0.039,-0.007,-0.019,56.27,39.23
"2024-11-19 00:00:00",7317,12.28,410,1,0.071,-0.08,0.41,-0.008,0.037,-0.007,-0.021,54.7,39.59
"2024-11-19 00:30:00",7318,12.27,410,1,0.083,0,0.38,0,0.034,-0.003,-0.023,55.35,38.72
"2024-11-19 01:00:00",7319,12.27,410,1,0.065,-0.05,0.35,-0.005,0.031,-0.007,-0.023,55.25,39.56
"2024-11-19 01:30:00",7320,12.27,410,1,0.065,-0.05,0.35,-0.005,0.031,-0.005,-0.026,55.58,39.22
"2024-11-19 02:00:00",7321,12.27,410,1,0.053,-0.1,0.35,-0.01,0.031,-0.01,-0.026,56.93,38.75
"2024-11-19 02:30:00",7322,12.27,410,1,0.025,-0.13,0.25,-0.013,0.022,-0.015,-0.03,56.91,39.13
"2024-11-19 03:00:00",7323,12.27,410,1,0.018,-0.13,0.22,-0.013,0.02,-0.015,-0.028,55.08,39.28
"2024-11-19 03:30:00",7324,12.27,410,1,0.045,-0.11,0.32,-0.01,0.028,-0.012,-0.026,56.32,39.12
"2024-11-19 04:00:00",7325,12.27,410,1,0.051,-0.08,0.32,-0.008,0.028,-0.007,-0.028,55.29,39.34
"2024-11-19 04:30:00",7326,12.27,410,1,0.047,-0.13,0.35,-0.013,0.031,-0.017,-0.026,55.18,39.23
"2024-11-19 05:00:00",7327,12.27,410,1,0.038,-0.08,0.26,-0.008,0.023,-0.008,-0.028,55.3,38.93
"2024-11-19 05:30:00",7328,12.27,410,1,0.052,-0.05,0.29,-0.005,0.026,-0.005,-0.026,55.4,39.45
"2024-11-19 06:00:00",7329,12.27,410,1,0.052,-0.05,0.29,-0.005,0.026,-0.01,-0.026,56.05,39.1
"2024-11-19 06:30:00",7330,12.26,410,1,0.058,-0.05,0.32,-0.005,0.028,-0.007,-0.026,55.86,39.08
"2024-11-19 07:00:00",7331,12.26,410,1,0.058,-0.05,0.32,-0.005,0.028,-0.007,-0.023,56.41,39.04
"2024-11-19 07:30:00",7332,12.26,410,1,0.058,-0.05,0.32,-0.005,0.028,-0.008,-0.024,54.64,38.68
"2024-11-19 08:00:00",7333,12.26,410,1,0.065,-0.02,0.32,-0.003,0.028,-0.005,-0.028,55.52,38.73
"2024-11-19 08:30:00",7334,12.26,410,1,0.058,-0.05,0.32,-0.005,0.028,-0.007,-0.023,55.08,39.13
"2024-11-19 09:00:00",7335,12.26,410,1,0.138,0.09,0.54,0.008,0.048,0.002,-0.012,56.37,38.75
"2024-11-19 09:30:00",7336,12.25,410,1,0.298,0.34,1.01,0.03,0.09,0.022,0.012,56.9,39.96
"2024-11-19 10:00:00",7337,12.25,410,1,0.564,0.78,1.77,0.069,0.156,0.06,0.051,58.08,40.88
"2024-11-19 10:30:00",7338,12.25,410,1,0.847,1.23,2.6,0.109,0.23,0.097,0.095,59.22,42.44
"2024-11-19 11:00:00",7339,12.26,410,1,1.29,2.09,3.73,0.185,0.33,0.163,0.156,59.81,43.6
"2024-11-19 11:30:00",7340,12.26,410,1,1.556,2.54,4.48,0.225,0.396,0.203,0.199,62.3,43.85
"2024-11-19 12:00:00",7341,12.26,410,1,1.68,2.72,4.86,0.241,0.43,0.216,0.226,62.57,44.28
"2024-11-19 12:30:00",7342,12.26,410,1,1.876,3.12,5.34,0.276,0.473,0.244,0.249,60.36,44.68
"2024-11-19 13:00:00",7343,12.27,410,1,1.983,3.35,5.59,0.296,0.495,0.261,0.261,61.56,44.63
"2024-11-19 13:30:00",7344,12.27,410,1,2.096,3.55,5.9,0.314,0.523,0.275,0.275,59.91,45.06
"2024-11-19 14:00:00",7345,12.28,410,1,2.077,3.56,5.8,0.315,0.513,0.273,0.27,59.17,44.89
"2024-11-19 14:30:00",7346,12.27,410,1,1.848,3.19,5.14,0.282,0.455,0.24,0.229,58.26,44.65
"2024-11-19 15:00:00",7347,12.27,410,1,1.557,2.45,4.58,0.217,0.405,0.187,0.213,60.24,44.29
"2024-11-19 15:30:00",7348,12.28,410,1,1.832,3.06,5.2,0.271,0.46,0.233,0.23,58.8,43.85
"2024-11-19 16:00:00",7349,12.28,410,1,1.737,2.99,4.84,0.264,0.428,0.226,0.21,57.48,43.79
"2024-11-19 16:30:00",7350,12.27,410,1,1.359,2.22,3.91,0.197,0.346,0.167,0.161,57.88,42.52
