"TOA5","CR300Series_403","CR300","27029","CR300-RF407.Std.10.03","CPU:CR300_sapflow.CR300","32345","Table1"
"TIMESTAMP","RECORD","BattV_Min","id","SDI0","SapFlwTot0","VhOuter0","VhInner0","AlphaOut0","AlphaIn0","BetaOut0","BetaIn0","tMaxTout0","tMaxTin0"
"TS","RN","Volts","","","literPerHour","heatVelocity","heatVelocity","logTRatio","logTRatio","logTRatio","logTRatio","second","second"
"","","Min","Smp","Smp","Smp","Smp","Smp","Smp","Smp","Smp","Smp","Smp","Smp"
"2024-10-31 12:30:00",8777,13.21,403,0,2.413,2.7,7.98,0.239,0.706,0.224,0.499,57.56,39.44
"2024-10-31 13:00:00",8778,13.21,403,0,2.512,2.91,8.2,0.258,0.726,0.239,0.499,57.53,39.16
"2024-10-31 13:30:00",8779,13.2,403,0,2.587,3.11,8.33,0.276,0.737,0.247,0.507,55.6,40.08
"2024-10-31 14:00:00",8780,13.19,403,0,2.578,3.04,8.36,0.269,0.74,0.248,0.509,57.21,39.1
"2024-10-31 14:30:00",8781,13.18,403,0,2.505,2.9,8.18,0.256,0.724,0.231,0.495,56.25,38.79
"2024-10-31 15:00:00",8782,13.18,403,0,2.439,2.8,7.99,0.248,0.707,0.227,0.477,56.22,38.34
"2024-10-31 15:30:00",8783,13.17,403,0,2.332,2.66,7.66,0.235,0.678,0.212,0.455,55.76,38.71
"2024-10-31 16:00:00",8784,13.16,403,0,2.099,2.33,6.96,0.206,0.616,0.186,0.415,55.43,38.79
"2024-10-31 16:30:00",8785,13.15,403,0,1.872,1.98,6.31,0.175,0.558,0.163,0.376,55.2,39.11
"2024-10-31 17:00:00",8786,13.14,403,0,1.553,1.56,5.32,0.138,0.47,0.13,0.318,53.65,37.16
"2024-10-31 17:30:00",8787,13.13,403,0,1.155,1.11,4.01,0.098,0.355,0.094,0.244,53.99,37.67
"2024-10-31 18:00:00",8788,13.13,403,0,0.745,0.57,2.74,0.051,0.243,0.053,0.168,54.3,36.18
"2024-10-31 18:30:00",8789,13.12,403,0,0.446,0.16,1.83,0.014,0.162,0.02,0.12,53.43,35.87
"2024-10-31 19:00:00",8790,13.11,403,0,0.315,0,1.41,0,0.125,0.009,0.098,52.73,36.24
"2024-10-31 19:30:00",8791,13.1,403,0,0.231,-0.12,1.16,-0.011,0.103,0,0.081,54.35,35.15
"2024-10-31 20:00:00",8792,13.09,403,0,0.211,-0.12,1.07,-0.011,0.095,-0.004,0.072,53.12,36.9
"2024-10-31 20:30:00",8793,13.08,403,0,0.156,-0.25,0.96,-0.023,0.085,-0.011,0.066,52.41,35.11
"2024-10-31 21:00:00",8794,13.08,403,0,0.143,-0.22,0.87,-0.02,0.077,-0.011,0.06,53.87,35.07
"2024-10-31 21:30:00",8795,13.07,403,0,0.109,-0.3,0.8,-0.027,0.071,-0.013,0.06,53.74,35.21
"2024-10-31 22:00:00",8796,13.07,403,0,0.102,-0.28,0.75,-0.025,0.066,-0.013,0.053,51.9,35.01
"2024-10-31 22:30:00",8797,13.07,403,0,0.111,-0.27,0.78,-0.025,0.069,-0.013,0.058,52.93,34.8
"2024-10-31 23:00:00",8798,13.07,403,0,0.104,-0.27,0.75,-0.025,0.066,-0.011,0.053,52.11,34.8
"2024-10-31 23:30:00",8799,13.06,403,0,0.084,-0.3,0.69,-0.027,0.061,-0.013,0.049,52.48,35.42
"2024-11-01 00:00:00",8800,13.06,403,0,0.098,-0.27,0.72,-0.025,0.063,-0.013,0.051,54.5,34.74
"2024-11-01 00:30:00",8801,13.06,403,0,0.091,-0.3,0.72,-0.027,0.063,-0.015,0.051,52.41,35.36
"2024-11-01 01:00:00",8802,13.05,403,0,0.071,-0.3,0.63,-0.027,0.056,-0.013,0.047,53.03,34.65
"2024-11-01 01:30:00",8803,13.05,403,0,0.057,-0.3,0.57,-0.027,0.05,-0.013,0.047,53.5,34.96
"2024-11-01 02:00:00",8804,13.05,403,0,0.082,-0.25,0.63,-0.023,0.056,-0.011,0.047,52.62,35.72
"2024-11-01 02:30:00",8805,13.04,403,0,0.069,-0.28,0.6,-0.025,0.053,-0.011,0.045,52.75,35.45
"2024-11-01 03:00:00",8806,13.04,403,0,0.057,-0.3,0.57,-0.028,0.051,-0.013,0.043,52.76,35.46
"2024-11-01 03:30:00",8807,13.03,403,0,0.037,-0.3,0.48,-0.028,0.043,-0.013,0.039,52.67,35.36
"2024-11-01 04:00:00",8808,13.03,403,0,0.037,-0.3,0.48,-0.028,0.043,-0.016,0.039,53.05,35.07
"2024-11-01 04:30:00",8809,13.03,403,0,0.017,-0.33,0.42,-0.03,0.037,-0.018,0.032,53.75,34.81
"2024-11-01 05:00:00",8810,13.03,403,0,-0.007,-0.35,0.33,-0.032,0.029,-0.018,0.03,52.83,35.78
"2024-11-01 05:30:00",8811,13.03,403,0,-0.014,-0.35,0.3,-0.032,0.026,-0.02,0.026,52.52,34.39
"2024-11-01 06:00:00",8812,13.02,403,0,-0.014,-0.35,0.3,-0.032,0.026,-0.018,0.028,53.06,35.48
"2024-11-01 06:30:00",8813,13.02,403,0,-0.034,-0.38,0.24,-0.034,0.021,-0.022,0.026,52.85,35.3
"2024-11-01 07:00:00",8814,13.02,403,0,-0.028,-0.38,0.27,-0.034,0.024,-0.02,0.026,52.41,34.95
"2024-11-01 07:30:00",8815,13.01,403,0,-0.021,-0.35,0.27,-0.032,0.024,-0.02,0.028,53.07,35.2
"2024-11-01 08:00:00",8816,13.01,403,0,0.05,-0.3,0.54,-0.027,0.048,-0.015,0.041,53.75,35.47
"2024-11-01 08:30:00",8817,13.01,403,0,0.331,0.05,1.43,0.004,0.126,0.013,0.092,54.63,36.35
"2024-11-01 09:00:00",8818,13.02,403,0,0.865,0.74,3.1,0.065,0.274,0.066,0.191,57.5,36.5
"2024-11-01 09:30:00",8819,13.02,403,0,1.148,1.1,3.99,0.098,0.353,0.09,0.245,54.51,37.62
"2024-11-01 10:00:00",8820,13.01,403,0,1.394,1.37,4.81,0.122,0.426,0.118,0.294,56.72,39.82
"2024-11-01 10:30:00",8821,13.02,403,0,1.614,1.69,5.46,0.15,0.483,0.138,0.329,55.64,38.49
"2024-11-01 11:00:00",8822,13.02,403,0,1.563,1.67,5.25,0.148,0.465,0.139,0.317,56.73,38.6
"2024-11-01 11:30:00",8823,13.02,403,0,1.91,2.16,6.29,0.191,0.557,0.175,0.379,55.3,38.25
"2024-11-01 12:00:00",8824,13.02,403,0,1.692,1.86,5.63,0.164,0.498,0.151,0.336,55,39.74
"2024-11-01 12:30:00",8825,13.02,403,0,1.847,1.97,6.21,0.175,0.549,0.165,0.375,57.04,38.5
"2024-11-01 13:00:00",8826,13.02,403,0,1.81,2.01,6,0.178,0.531,0.165,0.361,55.25,39.01
"2024-11-01 13:30:00",8827,13.02,403,0,2.032,2.28,6.71,0.201,0.594,0.183,0.405,56.44,39.28
"2024-11-01 14:00:00",8828,13.02,403,0,1.84,2.09,6.05,0.185,0.536,0.164,0.364,55.62,38.71
"2024-11-01 14:30:00",8829,13.02,403,0,1.51,1.53,5.16,0.135,0.456,0.126,0.311,55.4,38.75
"2024-11-01 15:00:00",8830,13.01,403,0,1.563,1.67,5.25,0.148,0.464,0.138,0.316,54.56,38.88
"2024-11-01 15:30:00",8831,13.01,403,0,1.676,1.78,5.64,0.158,0.499,0.146,0.343,55.32,38.16
"2024-11-01 16:00:00",8832,13.01,403,0,1.768,1.87,5.96,0.165,0.528,0.15,0.358,55.11,39.02
"2024-11-01 16:30:00",8833,13.01,403,0,1.773,1.91,5.94,0.169,0.526,0.156,0.358,55.5,38.19
"2024-11-01 17:00:00",8834,13.01,403,0,1.565,1.63,5.3,0.145,0.469,0.137,0.318,55.6,37.88
"2024-11-01 17:30:00",8835,13,403,0,1.121,1.08,3.89,0.096,0.344,0.092,0.24,53.86,36.96
"2024-11-01 18:00:00",8836,13,403,0,0.7,0.53,2.58,0.047,0.228,0.05,0.158,52.41,36.32
"2024-11-01 18:30:00",8837,13,403,0,0.415,0.16,1.69,0.014,0.15,0.023,0.109,53.36,36.2
"2024-11-01 19:00:00",8838,12.99,403,0,0.263,-0.02,1.2,-0.002,0.107,0.009,0.081,52.99,35.02
"2024-11-01 19:30:00",8839,12.99,403,0,0.19,-0.15,1.01,-0.014,0.09,-0.002,0.072,53.55,35.42
"2024-11-01 20:00:00",8840,12.98,403,0,0.157,-0.17,0.88,-0.016,0.078,-0.007,0.061,53.57,35.44
"2024-11-01 20:30:00",8841,12.98,403,0,0.107,-0.27,0.76,-0.025,0.067,-0.013,0.059,54.2,35.26
"2024-11-01 21:00:00",8842,12.97,403,0,0.073,-0.3,0.64,-0.028,0.056,-0.016,0.05,54.04,35.92
"2024-11-01 21:30:00",8843,12.97,403,0,0.05,-0.3,0.54,-0.028,0.048,-0.011,0.045,52.85,35.4
"2024-11-01 22:00:00",8844,12.97,403,0,0.073,-0.3,0.64,-0.028,0.056,-0.013,0.05,53.62,35.09
"2024-11-01 22:30:00",8845,12.96,403,0,0.057,-0.31,0.58,-0.028,0.051,-0.016,0.043,52.81,35.25
"2024-11-01 23:00:00",8846,12.97,403,0,0.039,-0.33,0.52,-0.03,0.046,-0.016,0.041,53.45,34.76
"2024-11-01 23:30:00",8847,12.96,403,0,0.023,-0.34,0.46,-0.031,0.041,-0.014,0.035,52.46,35.15
"2024-11-02 00:00:00",8848,12.95,403,0,0.089,-0.21,0.62,-0.019,0.055,-0.007,0.046,51.85,34.95
"2024-11-02 00:30:00",8849,12.95,403,0,0.132,-0.15,0.75,-0.014,0.066,0,0.053,52.76,35.61
"2024-11-02 01:00:00",8850,12.94,403,0,0.127,-0.2,0.78,-0.019,0.069,-0.007,0.055,52.58,34.71
"2024-11-02 01:30:00",8851,12.94,403,0,0.132,-0.18,0.78,-0.017,0.069,-0.002,0.055,51.86,34.81
"2024-11-02 02:00:00",8852,12.94,403,0,0.132,-0.18,0.78,-0.017,0.069,-0.002,0.055,52.98,34.7
"2024-11-02 02:30:00",8853,12.93,403,0,0.121,-0.2,0.75,-0.019,0.066,-0.009,0.053,52.93,34.96
"2024-11-02 03:00:00",8854,12.93,403,0,0.127,-0.2,0.78,-0.019,0.069,-0.007,0.055,52.59,34.63
"2024-11-02 03:30:00",8855,12.93,403,0,0.149,-0.1,0.77,-0.009,0.069,0.002,0.055,52,34.85
"2024-11-02 04:00:00",8856,12.92,403,0,0.128,-0.1,0.68,-0.009,0.06,0,0.053,53.86,34.91
"2024-11-02 04:30:00",8857,12.91,403,0,0.08,-0.28,0.65,-0.026,0.058,-0.014,0.046,52.76,35.2
"2024-11-02 05:00:00",8858,12.91,403,0,0.085,-0.2,0.59,-0.019,0.052,-0.007,0.046,52.68,34.98
"2024-11-02 05:30:00",8859,12.9,403,0,0.097,-0.12,0.56,-0.012,0.049,0.002,0.042,53.48,34.79
"2024-11-02 06:00:00",8860,12.91,403,0,0.064,-0.26,0.56,-0.024,0.049,-0.011,0.042,52.5,35.2
"2024-11-02 06:30:00",8861,12.9,403,0,0.056,-0.23,0.49,-0.021,0.044,-0.009,0.039,52.75,35.2
"2024-11-02 07:00:00",8862,12.9,403,0,0.049,-0.23,0.46,-0.021,0.041,-0.009,0.037,53.01,34.22
"2024-11-02 07:30:00",8863,12.89,403,0,0.037,-0.28,0.46,-0.026,0.041,-0.016,0.039,52.92,34.79
"2024-11-02 08:00:00",8864,12.89,403,0,0.062,-0.23,0.52,-0.021,0.046,-0.009,0.039,53.27,35.15
"2024-11-02 08:30:00",8865,12.89,403,0,0.348,0.15,1.4,0.014,0.124,0.02,0.092,54.08,36.22
"2024-11-02 09:00:00",8866,12.88,403,0,0.71,0.59,2.56,0.052,0.227,0.053,0.157,54.35,36.49
"2024-11-02 09:30:00",8867,12.89,403,0,1.161,1.48,3.65,0.131,0.323,0.112,0.223,55.11,37.25
"2024-11-02 10:00:00",8868,12.89,403,0,1.174,1.03,4.18,0.092,0.37,0.089,0.255,57.2,38.27
"2024-11-02 10:30:00",8869,12.9,403,0,1.431,1.48,4.86,0.131,0.43,0.121,0.294,54.36,38.69
"2024-11-02 11:00:00",8870,12.9,403,0,1.688,1.72,5.76,0.152,0.51,0.142,0.354,58.26,39.47
"2024-11-02 11:30:00",8871,12.9,403,0,2.058,2.27,6.84,0.201,0.605,0.185,0.422,58.2,39.52
"2024-11-02 12:00:00",8872,12.91,403,0,2.177,2.33,7.31,0.207,0.647,0.194,0.451,57.69,39.41
"2024-11-02 12:30:00",8873,12.92,403,0,2.309,2.54,7.68,0.225,0.68,0.212,0.476,58.14,39.59
"2024-11-02 13:00:00",8874,12.92,403,0,2.523,2.95,8.21,0.261,0.727,0.237,0.499,57.27,39.56
"2024-11-02 13:30:00",8875,12.93,403,0,2.512,2.94,8.17,0.26,0.723,0.238,0.492,55.89,38.99
"2024-11-02 14:00:00",8876,12.93,403,0,2.529,2.9,8.29,0.256,0.733,0.233,0.497,56.01,39.52
"2024-11-02 14:30:00",8877,12.93,403,0,2.351,2.75,7.65,0.243,0.677,0.22,0.459,55.98,39.65
"2024-11-02 15:00:00",8878,12.93,403,0,2.232,2.65,7.22,0.234,0.639,0.21,0.43,55.71,38.55
"2024-11-02 15:30:00",8879,12.93,403,0,2.048,2.38,6.68,0.211,0.591,0.187,0.393,55.02,38.13
"2024-11-02 16:00:00",8880,12.93,403,0,1.828,2.05,6.04,0.181,0.535,0.164,0.356,54.94,38.45
"2024-11-02 16:30:00",8881,12.92,403,0,1.565,1.71,5.22,0.151,0.462,0.136,0.311,54.97,38.07
"2024-11-02 17:00:00",8882,12.91,403,0,1.302,1.32,4.45,0.117,0.394,0.108,0.266,54.25,37.92
"2024-11-02 17:30:00",8883,12.91,403,0,0.99,0.93,3.46,0.082,0.306,0.079,0.206,53.22,37.15
"2024-11-02 18:00:00",8884,12.91,403,0,0.692,0.57,2.5,0.05,0.221,0.052,0.151,52.41,36.33
"2024-11-02 18:30:00",8885,12.9,403,0,0.422,0.19,1.69,0.017,0.149,0.023,0.108,52.2,35.97
"2024-11-02 19:00:00",8886,12.89,403,0,0.298,0.05,1.28,0.005,0.113,0.014,0.084,52.51,35.47
"2024-11-02 19:30:00",8887,12.88,403,0,0.2,-0.1,1,-0.009,0.088,0.004,0.068,52.81,34.84
"2024-11-02 20:00:00",8888,12.88,403,0,0.159,-0.18,0.9,-0.017,0.08,-0.002,0.06,51.74,35.26
"2024-11-02 20:30:00",8889,12.87,403,0,0.113,-0.26,0.78,-0.024,0.069,-0.007,0.055,52.14,34.58
"2024-11-02 21:00:00",8890,12.87,403,0,0.151,-0.07,0.75,-0.007,0.067,0.002,0.053,52.44,35.55
"2024-11-02 21:30:00",8891,12.86,403,0,0.066,-0.34,0.65,-0.031,0.058,-0.014,0.051,52.44,34.74
"2024-11-02 22:00:00",8892,12.85,403,0,0.098,-0.2,0.65,-0.019,0.058,-0.007,0.049,53.11,34.58
"2024-11-02 22:30:00",8893,12.86,403,0,0.06,-0.28,0.56,-0.026,0.05,-0.014,0.042,52.59,34.47
"2024-11-02 23:00:00",8894,12.85,403,0,0.071,-0.26,0.59,-0.024,0.052,-0.009,0.046,52.96,35.1
"2024-11-02 23:30:00",8895,12.84,403,0,0.053,-0.28,0.53,-0.026,0.047,-0.013,0.044,53.25,35.55
"2024-11-03 00:00:00",8896,12.84,403,0,0.051,-0.26,0.5,-0.023,0.044,-0.009,0.04,52.47,34.62
"2024-11-03 00:30:00",8897,12.83,403,0,0.046,-0.28,0.5,-0.026,0.044,-0.011,0.04,52.62,34.67
"2024-11-03 01:00:00",8898,12.83,403,0,0.058,-0.23,0.5,-0.021,0.044,-0.009,0.042,52.45,34.18
"2024-11-03 01:30:00",8899,12.83,403,0,-0.02,-0.48,0.41,-0.043,0.036,-0.025,0.033,51.42,34.53
"2024-11-03 02:00:00",8900,12.83,403,0,0.053,-0.28,0.53,-0.026,0.047,-0.011,0.04,52.38,35.65
"2024-11-03 02:30:00",8901,12.83,403,0,0.037,-0.28,0.46,-0.026,0.041,-0.013,0.037,52.49,35.45
"2024-11-03 03:00:00",8902,12.83,403,0,0.063,-0.17,0.46,-0.016,0.041,-0.004,0.037,52.29,34.58
"2024-11-03 03:30:00",8903,12.83,403,0,0.019,-0.3,0.4,-0.028,0.035,-0.011,0.035,51.66,34.77
"2024-11-03 04:00:00",8904,12.83,403,0,0.01,-0.31,0.37,-0.028,0.033,-0.013,0.033,52.44,34.17
"2024-11-03 04:30:00",8905,12.83,403,0,0.017,-0.31,0.4,-0.028,0.036,-0.013,0.033,52.12,35.24
"2024-11-03 05:00:00",8906,12.83,403,0,0.029,-0.23,0.37,-0.021,0.033,-0.011,0.033,52.69,34.57
"2024-11-03 05:30:00",8907,12.82,403,0,0.024,-0.28,0.4,-0.026,0.036,-0.011,0.035,52.59,34.63
"2024-11-03 06:00:00",8908,12.82,403,0,0.022,-0.23,0.34,-0.021,0.03,-0.011,0.031,52.42,34.56
"2024-11-03 06:30:00",8909,12.82,403,0,0.01,-0.31,0.37,-0.028,0.033,-0.013,0.033,52.53,35.09
"2024-11-03 07:00:00",8910,12.82,403,0,0.029,-0.23,0.37,-0.021,0.033,-0.009,0.033,51.92,34.62
"2024-11-03 07:30:00",8911,12.82,403,0,0.01,-0.31,0.37,-0.028,0.033,-0.013,0.033,51.71,34.57
"2024-11-03 08:00:00",8912,12.81,403,0,0.06,-0.25,0.53,-0.023,0.046,-0.011,0.04,53.35,35.09
"2024-11-03 08:30:00",8913,12.81,403,0,0.312,0.13,1.26,0.012,0.111,0.02,0.081,53.66,34.98
"2024-11-03 09:00:00",8914,12.81,403,0,0.577,0.48,2.08,0.043,0.184,0.039,0.127,54.43,35.91
"2024-11-03 09:30:00",8915,12.81,403,0,0.768,0.8,2.6,0.07,0.23,0.066,0.163,54.8,36.93
"2024-11-03 10:00:00",8916,12.82,403,0,0.839,0.6,3.13,0.053,0.277,0.054,0.196,56.32,37.39
"2024-11-03 10:30:00",8917,12.82,403,0,1.08,0.95,3.84,0.084,0.34,0.079,0.24,54.95,37.9
"2024-11-03 11:00:00",8918,12.83,403,0,1.354,1.39,4.61,0.123,0.408,0.116,0.281,58.07,38.57
"2024-11-03 11:30:00",8919,12.83,403,0,1.618,1.82,5.34,0.161,0.472,0.149,0.327,57.98,38.22
"2024-11-03 12:00:00",8920,12.84,403,0,1.832,1.96,6.15,0.174,0.545,0.158,0.382,57.39,39.26
"2024-11-03 12:30:00",8921,12.85,403,0,2.044,2.22,6.83,0.196,0.604,0.181,0.424,55.43,39.92
"2024-11-03 13:00:00",8922,12.85,403,0,2.279,2.69,7.39,0.238,0.654,0.214,0.45,55.83,39.76
"2024-11-03 13:30:00",8923,12.85,403,0,2.369,2.72,7.76,0.241,0.687,0.216,0.472,56.76,39.71
"2024-11-03 14:00:00",8924,12.86,403,0,2.389,2.72,7.85,0.241,0.695,0.222,0.47,56.31,39.41
"2024-11-03 14:30:00",8925,12.86,403,0,2.387,2.75,7.81,0.243,0.691,0.222,0.475,56.41,39.1
"2024-11-03 15:00:00",8926,12.87,403,0,2.277,2.67,7.4,0.236,0.655,0.215,0.445,55.71,39.63
"2024-11-03 15:30:00",8927,12.87,403,0,2.154,2.46,7.07,0.218,0.626,0.198,0.423,55.64,39
"2024-11-03 16:00:00",8928,12.86,403,0,1.953,2.22,6.42,0.197,0.569,0.175,0.382,55.35,38.86
"2024-11-03 16:30:00",8929,12.86,403,0,1.667,1.77,5.61,0.157,0.496,0.144,0.334,55.71,37.73
"2024-11-03 17:00:00",8930,12.86,403,0,1.371,1.44,4.63,0.128,0.41,0.12,0.274,55.21,38.15
"2024-11-03 17:30:00",8931,12.85,403,0,0.988,0.96,3.42,0.085,0.303,0.079,0.208,53.8,36.9
"2024-11-03 18:00:00",8932,12.85,403,0,0.649,0.54,2.34,0.048,0.207,0.048,0.143,53.51,36.63
"2024-11-03 18:30:00",8933,12.84,403,0,0.402,0.19,1.6,0.017,0.142,0.025,0.104,52.25,35.35
"2024-11-03 19:00:00",8934,12.83,403,0,0.261,-0.02,1.19,-0.002,0.105,0.007,0.08,52.92,35.62
"2024-11-03 19:30:00",8935,12.83,403,0,0.187,-0.1,0.94,-0.01,0.083,0.002,0.064,52.55,34.84
"2024-11-03 20:00:00",8936,12.82,403,0,0.139,-0.15,0.78,-0.014,0.069,-0.002,0.055,52.5,34.38
"2024-11-03 20:30:00",8937,12.82,403,0,0.1,-0.23,0.69,-0.021,0.061,-0.007,0.051,52.02,35.29
"2024-11-03 21:00:00",8938,12.81,403,0,0.071,-0.26,0.59,-0.024,0.053,-0.014,0.046,52.23,34.37
"2024-11-03 21:30:00",8939,12.8,403,0,0.058,-0.26,0.53,-0.024,0.047,-0.009,0.042,51.51,34.63
"2024-11-03 22:00:00",8940,12.8,403,0,0.046,-0.28,0.5,-0.026,0.044,-0.014,0.038,51.99,35.1
"2024-11-03 22:30:00",8941,12.79,403,0,0.033,-0.28,0.44,-0.026,0.039,-0.014,0.038,52.8,34.94
"2024-11-03 23:00:00",8942,12.78,403,0,0.01,-0.31,0.37,-0.028,0.033,-0.016,0.033,52.41,34.85
"2024-11-03 23:30:00",8943,12.79,403,0,0.017,-0.28,0.37,-0.026,0.033,-0.016,0.031,52.45,35.15
"2024-11-04 00:00:00",8944,12.78,403,0,0.003,-0.31,0.34,-0.028,0.03,-0.016,0.029,52.5,34.64
"2024-11-04 00:30:00",8945,12.78,403,0,-0.003,-0.34,0.34,-0.031,0.03,-0.016,0.033,51.83,34.38
"2024-11-04 01:00:00",8946,12.78,403,0,-0.003,-0.34,0.34,-0.031,0.03,-0.016,0.029,52.97,34.85
"2024-11-04 01:30:00",8947,12.77,403,0,-0.009,-0.34,0.31,-0.031,0.028,-0.018,0.029,51.59,35.11
"2024-11-04 02:00:00",8948,12.77,403,0,0.015,-0.26,0.34,-0.024,0.03,-0.011,0.031,51.94,34.49
"2024-11-04 02:30:00",8949,12.76,403,0,-0.009,-0.34,0.31,-0.031,0.028,-0.018,0.031,51.73,34.43
"2024-11-04 03:00:00",8950,12.76,403,0,0.003,-0.31,0.34,-0.028,0.03,-0.016,0.033,51.98,34.83
"2024-11-04 03:30:00",8951,12.76,403,0,-0.007,-0.33,0.31,-0.031,0.028,-0.016,0.029,52.6,35.05
"2024-11-04 04:00:00",8952,12.76,403,0,-0.021,-0.36,0.28,-0.033,0.025,-0.018,0.027,52.18,34.47
"2024-11-04 04:30:00",8953,12.76,403,0,-0.02,-0.33,0.25,-0.031,0.022,-0.018,0.027,52.87,34.51
"2024-11-04 05:00:00",8954,12.76,403,0,-0.027,-0.36,0.25,-0.033,0.022,-0.018,0.027,52.99,35.03
"2024-11-04 05:30:00",8955,12.75,403,0,-0.029,-0.34,0.22,-0.031,0.019,-0.02,0.024,51.52,34.38
"2024-11-04 06:00:00",8956,12.75,403,0,-0.029,-0.31,0.19,-0.028,0.017,-0.016,0.022,53.05,34.37
"2024-11-04 06:30:00",8957,12.75,403,0,-0.057,-0.39,0.15,-0.035,0.014,-0.022,0.022,51.85,34.56
"2024-11-04 07:00:00",8958,12.75,403,0,-0.058,-0.34,0.09,-0.031,0.008,-0.02,0.018,51.82,35.19
"2024-11-04 07:30:00",8959,12.75,403,0,-0.063,-0.36,0.09,-0.033,0.008,-0.018,0.018,52.5,34.79
"2024-11-04 08:00:00",8960,12.74,403,0,-0.048,-0.38,0.18,-0.035,0.016,-0.022,0.022,53.13,34.59
"2024-11-04 08:30:00",8961,12.75,403,0,0.078,-0.22,0.58,-0.02,0.051,-0.011,0.044,53.68,34.99
"2024-11-04 09:00:00",8962,12.75,403,0,0.261,0,1.17,0,0.104,0.006,0.077,54.82,35.88
"2024-11-04 09:30:00",8963,12.75,403,0,0.462,0.15,1.91,0.013,0.169,0.022,0.128,54.26,35.98
"2024-11-04 10:00:00",8964,12.75,403,0,0.739,0.67,2.61,0.059,0.231,0.056,0.163,55.52,37.15
"2024-11-04 10:30:00",8965,12.76,403,0,1.046,0.95,3.69,0.084,0.327,0.079,0.231,56.14,38.17
"2024-11-04 11:00:00",8966,12.77,403,0,1.352,1.35,4.64,0.119,0.411,0.113,0.288,57.49,38.54
"2024-11-04 11:30:00",8967,12.78,403,0,1.685,1.79,5.67,0.159,0.502,0.146,0.353,56.89,39.58
"2024-11-04 12:00:00",8968,12.79,403,0,1.828,2.04,6.05,0.18,0.535,0.163,0.373,55.3,39.06
"2024-11-04 12:30:00",8969,12.8,403,0,2.015,2.23,6.69,0.197,0.592,0.186,0.423,57.95,39.83
"2024-11-04 13:00:00",8970,12.8,403,0,2.384,2.65,7.9,0.234,0.699,0.219,0.49,57.52,39.54
"2024-11-04 13:30:00",8971,12.81,403,0,2.55,2.96,8.32,0.262,0.737,0.239,0.514,55.61,39.94
"2024-11-04 14:00:00",8972,12.81,403,0,2.507,3.07,8.01,0.272,0.709,0.243,0.483,55.35,39.53
"2024-11-04 14:30:00",8973,12.81,403,0,1.996,2.33,6.5,0.206,0.575,0.184,0.391,54.68,38.6
"2024-11-04 15:00:00",8974,12.81,403,0,1.649,1.8,5.5,0.16,0.487,0.147,0.328,55.05,38.4
"2024-11-04 15:30:00",8975,12.8,403,0,1.532,1.7,5.08,0.15,0.45,0.137,0.306,54.63,37.99
"2024-11-04 16:00:00",8976,12.8,403,0,1.293,1.32,4.41,0.117,0.391,0.11,0.267,54.78,37.72
"2024-11-04 16:30:00",8977,12.8,403,0,1.099,1.08,3.79,0.096,0.336,0.088,0.226,54.46,37.41
"2024-11-04 17:00:00",8978,12.79,403,0,0.78,0.68,2.78,0.06,0.246,0.06,0.169,54.22,36.5
"2024-11-04 17:30:00",8979,12.79,403,0,0.572,0.43,2.11,0.038,0.187,0.041,0.133,53.94,35.97
"2024-11-04 18:00:00",8980,12.78,403,0,0.325,0.08,1.37,0.007,0.122,0.014,0.093,52.32,35.98
"2024-11-04 18:30:00",8981,12.78,403,0,0.207,-0.07,1,-0.007,0.089,0,0.067,52.73,35.42
"2024-11-04 19:00:00",8982,12.77,403,0,0.132,-0.18,0.78,-0.017,0.069,-0.007,0.053,52.51,35.21
"2024-11-04 19:30:00",8983,12.77,403,0,0.073,-0.32,0.66,-0.029,0.058,-0.014,0.049,51.5,35.26
"2024-11-04 20:00:00",8984,12.77,403,0,0.053,-0.28,0.53,-0.026,0.047,-0.014,0.042,52.22,34.76
"2024-11-04 20:30:00",8985,12.76,403,0,0.019,-0.34,0.44,-0.031,0.039,-0.016,0.036,51.63,35
"2024-11-04 21:00:00",8986,12.75,403,0,0.012,-0.37,0.44,-0.033,0.039,-0.016,0.038,52.43,35.28
"2024-11-04 21:30:00",8987,12.76,403,0,-0.009,-0.34,0.31,-0.031,0.028,-0.016,0.031,52.05,34.74
"2024-11-04 22:00:00",8988,12.75,403,0,-0.034,-0.39,0.25,-0.036,0.022,-0.023,0.027,51.88,34.84
"2024-11-04 22:30:00",8989,12.75,403,0,-0.034,-0.39,0.25,-0.036,0.022,-0.023,0.024,52.76,34.89
"2024-11-04 23:00:00",8990,12.74,403,0,-0.041,-0.39,0.22,-0.036,0.019,-0.023,0.024,51.67,34.12
"2024-11-04 23:30:00",8991,12.74,403,0,-0.048,-0.42,0.22,-0.038,0.019,-0.02,0.024,52.54,34.43
"2024-11-05 00:00:00",8992,12.74,403,0,-0.043,-0.37,0.19,-0.033,0.017,-0.016,0.02,52.36,34.65
"2024-11-05 00:30:00",8993,12.73,403,0,-0.055,-0.42,0.19,-0.038,0.017,-0.023,0.022,53.35,34.83
"2024-11-05 01:00:00",8994,12.73,403,0,-0.055,-0.42,0.19,-0.038,0.017,-0.023,0.02,51.32,35.09
"2024-11-05 01:30:00",8995,12.72,403,0,-0.061,-0.41,0.15,-0.037,0.014,-0.022,0.02,52.19,34.89
"2024-11-05 02:00:00",8996,12.73,403,0,-0.087,-0.49,0.12,-0.044,0.011,-0.027,0.02,53.11,34.58
"2024-11-05 02:30:00",8997,12.73,403,0,-0.08,-0.49,0.15,-0.044,0.014,-0.029,0.018,52.9,35.61
"2024-11-05 03:00:00",8998,12.73,403,0,-0.077,-0.42,0.09,-0.038,0.008,-0.02,0.02,52.6,34.89
"2024-11-05 03:30:00",8999,12.73,403,0,-0.095,-0.47,0.06,-0.042,0.005,-0.027,0.016,52.14,34.99
"2024-11-05 04:00:00",9000,12.73,403,0,-0.082,-0.44,0.09,-0.04,0.008,-0.025,0.02,52.66,34.54
"2024-11-05 04:30:00",9001,12.73,403,0,-0.077,-0.42,0.09,-0.038,0.008,-0.02,0.018,52.45,35.15
"2024-11-05 05:00:00",9002,12.72,403,0,-0.102,-0.47,0.03,-0.042,0.003,-0.025,0.013,52.28,34.43
"2024-11-05 05:30:00",9003,12.72,403,0,-0.12,-0.5,-0.02,-0.045,-0.003,-0.029,0.011,52.44,34.99
"2024-11-05 06:00:00",9004,12.72,403,0,-0.104,-0.45,0,-0.04,0,-0.025,0.011,52.09,34.79
"2024-11-05 06:30:00",9005,12.72,403,0,-0.129,-0.51,-0.05,-0.046,-0.005,-0.031,0.009,52.68,34.98
"2024-11-05 07:00:00",9006,12.72,403,0,-0.143,-0.54,-0.08,-0.048,-0.008,-0.033,0.007,53.68,34.49
"2024-11-05 07:30:00",9007,12.72,403,0,-0.143,-0.51,-0.11,-0.046,-0.011,-0.034,0.007,53.54,34.18
"2024-11-05 08:00:00",9008,12.72,403,0,-0.117,-0.43,-0.08,-0.039,-0.008,-0.029,0.004,53.18,34.24
"2024-11-05 08:30:00",9009,12.72,403,0,-0.149,-0.51,-0.14,-0.046,-0.013,-0.031,0.002,52.52,34.96
"2024-11-05 09:00:00",9010,12.72,403,0,-0.184,-0.63,-0.17,-0.057,-0.016,-0.04,0.002,52.16,35.01
"2024-11-05 09:30:00",9011,12.73,403,0,-0.152,-0.49,-0.17,-0.044,-0.016,-0.031,0.002,53.12,34.85
"2024-11-05 10:00:00",9012,12.73,403,0,-0.037,-0.42,0.27,-0.038,0.024,-0.028,0.026,54.72,35.21
"2024-11-05 10:30:00",9013,12.73,403,0,0.376,0.05,1.63,0.005,0.145,0.011,0.106,52.94,36.61
"2024-11-05 11:00:00",9014,12.74,403,0,0.869,0.7,3.16,0.062,0.28,0.058,0.199,57.15,37.22
"2024-11-05 11:30:00",9015,12.74,403,0,1.143,1.02,4.05,0.09,0.358,0.09,0.255,56.39,38
"2024-11-05 12:00:00",9016,12.75,403,0,1.447,1.47,4.94,0.13,0.438,0.123,0.315,59.54,39.35
"2024-11-05 12:30:00",9017,12.76,403,0,1.74,2,5.7,0.177,0.505,0.162,0.358,57.79,39.09
"2024-11-05 13:00:00",9018,12.76,403,0,1.872,2.17,6.11,0.192,0.54,0.178,0.378,57.56,38.86
"2024-11-05 13:30:00",9019,12.76,403,0,2.138,2.43,7.03,0.215,0.622,0.197,0.43,57.47,39.74
"2024-11-05 14:00:00",9020,12.76,403,0,2.197,2.52,7.2,0.223,0.637,0.206,0.437,57.48,39.19
"2024-11-05 14:30:00",9021,12.76,403,0,2.189,2.56,7.12,0.226,0.63,0.207,0.437,56.55,39.39
"2024-11-05 15:00:00",9022,12.76,403,0,2.127,2.46,6.95,0.218,0.615,0.2,0.417,56.06,38.91
"2024-11-05 15:30:00",9023,12.76,403,0,2.061,2.32,6.8,0.206,0.602,0.188,0.413,56.24,39.33
"2024-11-05 16:00:00",9024,12.76,403,0,1.955,2.24,6.41,0.198,0.568,0.179,0.385,55.1,39.01
"2024-11-05 16:30:00",9025,12.75,403,0,1.783,2,5.89,0.177,0.521,0.161,0.351,54.05,39.05
"2024-11-05 17:00:00",9026,12.75,403,0,1.59,1.74,5.3,0.154,0.469,0.141,0.317,54.46,38.64
"2024-11-05 17:30:00",9027,12.75,403,0,1.16,1.12,4.02,0.099,0.356,0.095,0.245,53.65,37.73
"2024-11-05 18:00:00",9028,12.74,403,0,0.696,0.55,2.54,0.048,0.224,0.051,0.162,53.27,36.21
"2024-11-05 18:30:00",9029,12.74,403,0,0.404,0.16,1.64,0.015,0.145,0.023,0.103,52.34,36.1
"2024-11-05 19:00:00",9030,12.73,403,0,0.297,0.03,1.3,0.002,0.115,0.009,0.085,53.21,34.93
"2024-11-05 19:30:00",9031,12.72,403,0,0.202,-0.13,1.04,-0.012,0.092,0,0.072,52.95,35.64
"2024-11-05 20:00:00",9032,12.73,403,0,0.201,-0.04,0.94,-0.005,0.084,0.002,0.067,53.56,35.84
"2024-11-05 20:30:00",9033,12.72,403,0,0.127,-0.24,0.82,-0.022,0.073,-0.007,0.061,52.59,35.13
"2024-11-05 21:00:00",9034,12.71,403,0,0.121,-0.21,0.76,-0.019,0.067,-0.009,0.052,53.55,35.02
"2024-11-05 21:30:00",9035,12.71,403,0,0.1,-0.24,0.7,-0.022,0.062,-0.007,0.05,52.38,35.23
"2024-11-05 22:00:00",9036,12.7,403,0,0.087,-0.26,0.66,-0.024,0.059,-0.012,0.049,53.65,35.11
"2024-11-05 22:30:00",9037,12.71,403,0,0.073,-0.29,0.63,-0.026,0.056,-0.012,0.047,53.03,35.32
"2024-11-05 23:00:00",9038,12.71,403,0,0.074,-0.23,0.57,-0.022,0.05,-0.009,0.045,53.14,35.58
"2024-11-05 23:30:00",9039,12.7,403,0,0.053,-0.29,0.54,-0.027,0.047,-0.012,0.043,53.84,34.74
"2024-11-06 00:00:00",9040,12.7,403,0,0.046,-0.32,0.54,-0.029,0.047,-0.014,0.041,52.63,34.5
"2024-11-06 00:30:00",9041,12.69,403,0,0.037,-0.29,0.47,-0.026,0.042,-0.016,0.04,51.94,34.64
"2024-11-06 01:00:00",9042,12.7,403,0,0.037,-0.29,0.47,-0.026,0.042,-0.012,0.043,52.86,34.49
"2024-11-06 01:30:00",9043,12.7,403,0,0.044,-0.26,0.47,-0.024,0.042,-0.009,0.04,53.13,34.44
"2024-11-06 02:00:00",9044,12.69,403,0,0.037,-0.29,0.47,-0.026,0.042,-0.012,0.04,53.14,34.75
"2024-11-06 02:30:00",9045,12.69,403,0,0.051,-0.23,0.47,-0.022,0.042,-0.009,0.04,52.84,34.3
"2024-11-06 03:00:00",9046,12.69,403,0,0.044,-0.26,0.47,-0.024,0.042,-0.014,0.038,53.46,35.17
"2024-11-06 03:30:00",9047,12.69,403,0,0.044,-0.29,0.5,-0.026,0.044,-0.016,0.038,52.78,34.91
"2024-11-06 04:00:00",9048,12.69,403,0,0.037,-0.29,0.47,-0.027,0.042,-0.012,0.038,53.24,34.7
"2024-11-06 04:30:00",9049,12.69,403,0,0.037,-0.29,0.47,-0.026,0.042,-0.012,0.038,53.23,34.85
"2024-11-06 05:00:00",9050,12.69,403,0,0.044,-0.26,0.47,-0.024,0.042,-0.012,0.038,53.17,34.79
"2024-11-06 05:30:00",9051,12.68,403,0,0.044,-0.26,0.47,-0.024,0.042,-0.012,0.036,52.49,35.19
"2024-11-06 06:00:00",9052,12.68,403,0,0.031,-0.26,0.41,-0.024,0.036,-0.012,0.034,53.25,35.55
"2024-11-06 06:30:00",9053,12.68,403,0,0.031,-0.26,0.41,-0.024,0.036,-0.009,0.036,51.9,34.85
"2024-11-06 07:00:00",9054,12.68,403,0,0.01,-0.29,0.35,-0.027,0.031,-0.014,0.034,52.92,34.65
"2024-11-06 07:30:00",9055,12.68,403,0,0.01,-0.29,0.35,-0.027,0.031,-0.016,0.032,53.15,35.43
"2024-11-06 08:00:00",9056,12.68,403,0,-0.005,-0.32,0.31,-0.029,0.028,-0.014,0.029,52.18,35.53
"2024-11-06 08:30:00",9057,12.67,403,0,0.094,-0.23,0.66,-0.021,0.058,-0.007,0.05,54.02,35.23
"2024-11-06 09:00:00",9058,12.67,403,0,0.392,0.13,1.62,0.012,0.143,0.02,0.103,55.03,35.83
"2024-11-06 09:30:00",9059,12.67,403,0,0.827,0.54,3.14,0.048,0.277,0.051,0.195,57.28,37.67
"2024-11-06 10:00:00",9060,12.67,403,0,1.226,1.1,4.34,0.097,0.384,0.095,0.269,55.8,38.08
"2024-11-06 10:30:00",9061,12.67,403,0,1.622,1.73,5.45,0.153,0.482,0.141,0.334,55.94,37.82
"2024-11-06 11:00:00",9062,12.68,403,0,1.932,2.2,6.35,0.194,0.562,0.183,0.387,58.85,39.64
"2024-11-06 11:30:00",9063,12.69,403,0,2.098,2.42,6.86,0.215,0.607,0.198,0.428,56.53,39.47
"2024-11-06 12:00:00",9064,12.69,403,0,2.228,2.5,7.36,0.221,0.652,0.209,0.46,57.99,39.3
"2024-11-06 12:30:00",9065,12.69,403,0,2.341,2.79,7.56,0.247,0.669,0.229,0.469,54.52,39.83
"2024-11-06 13:00:00",9066,12.7,403,0,2.582,3.01,8.41,0.266,0.744,0.248,0.514,56.26,39.51
"2024-11-06 13:30:00",9067,12.7,403,0,2.51,3.01,8.09,0.266,0.716,0.241,0.487,55.25,39.32
"2024-11-06 14:00:00",9068,12.7,403,0,2.43,2.83,7.92,0.25,0.701,0.23,0.481,56.63,39.17
"2024-11-06 14:30:00",9069,12.7,403,0,2.428,2.79,7.95,0.247,0.703,0.226,0.481,56.27,38.8
"2024-11-06 15:00:00",9070,12.7,403,0,2.408,2.82,7.83,0.249,0.693,0.228,0.468,54.41,40.12
"2024-11-06 15:30:00",9071,12.69,403,0,2.3,2.74,7.43,0.243,0.658,0.215,0.445,55.98,38.68
"2024-11-06 16:00:00",9072,12.7,403,0,2.138,2.43,7.03,0.215,0.622,0.197,0.42,55.82,39.32
"2024-11-06 16:30:00",9073,12.69,403,0,1.849,2.14,6.04,0.189,0.534,0.174,0.359,55.14,39.47
"2024-11-06 17:00:00",9074,12.69,403,0,1.284,1.3,4.39,0.115,0.389,0.11,0.264,54.61,37.56
"2024-11-06 17:30:00",9075,12.68,403,0,0.936,0.85,3.3,0.075,0.292,0.075,0.199,53.87,37.53
"2024-11-06 18:00:00",9076,12.68,403,0,0.655,0.47,2.44,0.042,0.216,0.045,0.152,52.88,35.99
"2024-11-06 18:30:00",9077,12.68,403,0,0.413,0.17,1.67,0.015,0.148,0.026,0.107,53.48,35.51
"2024-11-06 19:00:00",9078,12.67,403,0,0.288,-0.02,1.31,-0.002,0.116,0.007,0.086,53.58,35.46
"2024-11-06 19:30:00",9079,12.67,403,0,0.227,-0.1,1.12,-0.01,0.099,0.002,0.075,53.23,36.08
"2024-11-06 20:00:00",9080,12.66,403,0,0.17,-0.15,0.92,-0.015,0.082,-0.005,0.066,53.5,35.63
"2024-11-06 20:30:00",9081,12.66,403,0,0.144,-0.15,0.8,-0.015,0.071,-0.005,0.061,52.88,35.83
"2024-11-06 21:00:00",9082,12.66,403,0,0.13,-0.18,0.77,-0.017,0.068,-0.007,0.057,52.98,35.11
"2024-11-06 21:30:00",9083,12.65,403,0,0.082,-0.29,0.67,-0.027,0.059,-0.014,0.048,53.61,34.92
"2024-11-06 22:00:00",9084,12.65,403,0,0.075,-0.32,0.67,-0.029,0.059,-0.014,0.05,52.58,35.27
"2024-11-06 22:30:00",9085,12.65,403,0,0.059,-0.29,0.57,-0.027,0.051,-0.017,0.048,53.05,35.58
"2024-11-06 23:00:00",9086,12.65,403,0,0.052,-0.32,0.57,-0.029,0.051,-0.016,0.046,52.69,34.81
"2024-11-06 23:30:00",9087,12.65,403,0,0.059,-0.29,0.57,-0.027,0.051,-0.014,0.043,52.69,35.22
"2024-11-07 00:00:00",9088,12.64,403,0,0.055,-0.32,0.58,-0.029,0.051,-0.014,0.046,52.89,34.76
"2024-11-07 00:30:00",9089,12.64,403,0,0.057,-0.27,0.54,-0.025,0.048,-0.009,0.043,53.56,34.76
"2024-11-07 01:00:00",9090,12.64,403,0,0.044,-0.27,0.48,-0.024,0.042,-0.012,0.041,53.49,34.96
"2024-11-07 01:30:00",9091,12.64,403,0,0.051,-0.27,0.51,-0.024,0.045,-0.012,0.041,53.34,34.65
"2024-11-07 02:00:00",9092,12.63,403,0,0.023,-0.32,0.44,-0.029,0.039,-0.014,0.039,53.37,34.43
"2024-11-07 02:30:00",9093,12.64,403,0,0.051,-0.27,0.51,-0.024,0.045,-0.009,0.039,52.82,35.52
"2024-11-07 03:00:00",9094,12.63,403,0,0.044,-0.27,0.48,-0.024,0.042,-0.009,0.039,53.09,35.22
"2024-11-07 03:30:00",9095,12.63,403,0,0.037,-0.3,0.48,-0.027,0.042,-0.012,0.041,51.86,34.96
"2024-11-07 04:00:00",9096,12.62,403,0,0.051,-0.27,0.51,-0.025,0.045,-0.014,0.041,53.55,34.76
"2024-11-07 04:30:00",9097,12.63,403,0,0.044,-0.24,0.45,-0.022,0.04,-0.012,0.039,52.81,35.1
"2024-11-07 05:00:00",9098,12.63,403,0,0.019,-0.32,0.42,-0.029,0.037,-0.014,0.034,53.19,35.06
"2024-11-07 05:30:00",9099,12.63,403,0,0.01,-0.29,0.35,-0.027,0.031,-0.014,0.034,53.5,35.63
"2024-11-07 06:00:00",9100,12.62,403,0,0.001,-0.3,0.32,-0.027,0.028,-0.014,0.03,52.88,34.6
"2024-11-07 06:30:00",9101,12.62,403,0,0.008,-0.3,0.35,-0.027,0.031,-0.014,0.032,53.3,34.91
"2024-11-07 07:00:00",9102,12.62,403,0,0.01,-0.32,0.38,-0.029,0.034,-0.014,0.032,52.63,35.47
"2024-11-07 07:30:00",9103,12.62,403,0,0.008,-0.3,0.35,-0.027,0.031,-0.012,0.03,53.01,35.13
"2024-11-07 08:00:00",9104,12.62,403,0,0.024,-0.29,0.41,-0.027,0.037,-0.012,0.034,53.21,34.92
"2024-11-07 08:30:00",9105,12.61,403,0,0.087,-0.23,0.63,-0.022,0.056,-0.009,0.048,54.23,35.85
"2024-11-07 09:00:00",9106,12.61,403,0,0.203,-0.04,0.95,-0.005,0.084,0.005,0.069,53.87,35.33
"2024-11-07 09:30:00",9107,12.61,403,0,0.363,0.11,1.51,0.009,0.134,0.016,0.1,55.42,35.9
"2024-11-07 10:00:00",9108,12.62,403,0,0.517,0.32,1.98,0.029,0.176,0.035,0.127,53.92,36.45
"2024-11-07 10:30:00",9109,12.62,403,0,0.721,0.59,2.61,0.052,0.231,0.05,0.166,55.71,37.43
"2024-11-07 11:00:00",9110,12.62,403,0,0.873,0.79,3.08,0.07,0.273,0.072,0.187,54.64,36.92
"2024-11-07 11:30:00",9111,12.61,403,0,1.058,1.03,3.66,0.091,0.324,0.088,0.227,55.1,38.2
"2024-11-07 12:00:00",9112,12.62,403,0,1.538,1.62,5.19,0.144,0.459,0.136,0.323,56.16,38.85
"2024-11-07 12:30:00",9113,12.62,403,0,1.723,1.84,5.79,0.163,0.512,0.152,0.352,56.76,38.64
"2024-11-07 13:00:00",9114,12.62,403,0,1.929,2.11,6.43,0.187,0.569,0.176,0.393,56.06,39.32
"2024-11-07 13:30:00",9115,12.62,403,0,2.343,2.61,7.76,0.231,0.687,0.217,0.479,57.53,39.25
"2024-11-07 14:00:00",9116,12.62,403,0,2.886,3.24,9.53,0.286,0.843,0.268,0.582,56.63,38.76
"2024-11-07 14:30:00",9117,12.62,403,0,2.573,3.03,8.35,0.268,0.739,0.247,0.511,56.06,39.56
"2024-11-07 15:00:00",9118,12.63,403,0,2.481,2.95,8.02,0.262,0.71,0.238,0.483,55.39,39.06
"2024-11-07 15:30:00",9119,12.63,403,0,2.413,2.84,7.83,0.252,0.693,0.233,0.468,56.61,39.71
"2024-11-07 16:00:00",9120,12.63,403,0,2.023,2.32,6.63,0.205,0.587,0.185,0.399,54.94,39.26
"2024-11-07 16:30:00",9121,12.62,403,0,1.862,2.07,6.17,0.183,0.546,0.169,0.372,54.68,39.01
"2024-11-07 17:00:00",9122,12.62,403,0,1.47,1.59,4.92,0.141,0.435,0.131,0.295,54.93,38.29
"2024-11-07 17:30:00",9123,12.62,403,0,1.024,1.01,3.53,0.09,0.313,0.088,0.216,54.24,36.77
"2024-11-07 18:00:00",9124,12.62,403,0,0.61,0.48,2.23,0.043,0.197,0.048,0.143,52.33,36.09
"2024-11-07 18:30:00",9125,12.61,403,0,0.368,0.14,1.5,0.012,0.133,0.022,0.095,53.06,35.75
"2024-11-07 19:00:00",9126,12.6,403,0,0.241,-0.02,1.1,-0.003,0.098,0.005,0.076,53.2,35.33
"2024-11-07 19:30:00",9127,12.6,403,0,0.173,-0.1,0.88,-0.01,0.078,0.002,0.065,53.51,35.22
"2024-11-07 20:00:00",9128,12.6,403,0,0.114,-0.19,0.71,-0.017,0.063,-0.005,0.051,52.89,35.17
"2024-11-07 20:30:00",9129,12.6,403,0,0.089,-0.24,0.65,-0.022,0.057,-0.007,0.051,53.83,35.13
"2024-11-07 21:00:00",9130,12.59,403,0,0.034,-0.35,0.52,-0.032,0.046,-0.017,0.046,52.85,35.13
"2024-11-07 21:30:00",9131,12.59,403,0,0.037,-0.3,0.48,-0.027,0.043,-0.014,0.041,53.01,34.87
"2024-11-07 22:00:00",9132,12.58,403,0,0.026,-0.32,0.45,-0.029,0.04,-0.017,0.041,52.94,34.56
"2024-11-07 22:30:00",9133,12.58,403,0,0.039,-0.32,0.51,-0.029,0.046,-0.014,0.044,53.76,35.22
"2024-11-07 23:00:00",9134,12.58,403,0,0.067,-0.24,0.55,-0.022,0.048,-0.012,0.046,54.28,34.92
"2024-11-07 23:30:00",9135,12.58,403,0,0.087,-0.21,0.61,-0.02,0.054,-0.007,0.046,53.05,35.33
"2024-11-08 00:00:00",9136,12.58,403,0,0.103,-0.21,0.68,-0.02,0.06,-0.005,0.051,52.49,35.03
"2024-11-08 00:30:00",9137,12.58,403,0,0.093,-0.25,0.68,-0.023,0.061,-0.007,0.051,52.31,34.58
"2024-11-08 01:00:00",9138,12.58,403,0,0.137,-0.13,0.75,-0.013,0.067,-0.002,0.053,52.5,35.6
"2024-11-08 01:30:00",9139,12.57,403,0,0.144,-0.13,0.78,-0.012,0.069,-0.002,0.056,53.98,35.02
"2024-11-08 02:00:00",9140,12.57,403,0,0.137,-0.16,0.78,-0.015,0.069,-0.002,0.056,53.05,35.17
"2024-11-08 02:30:00",9141,12.56,403,0,0.128,-0.13,0.71,-0.012,0.063,-0.002,0.051,53.08,35.21
"2024-11-08 03:00:00",9142,12.57,403,0,0.13,-0.13,0.72,-0.012,0.064,0,0.051,53.1,35.12
"2024-11-08 03:30:00",9143,12.56,403,0,0.128,-0.1,0.68,-0.01,0.061,0.005,0.051,52.28,34.96
"2024-11-08 04:00:00",9144,12.56,403,0,0.144,-0.07,0.72,-0.008,0.063,0.002,0.053,53.73,34.62
"2024-11-08 04:30:00",9145,12.56,403,0,0.101,-0.19,0.65,-0.017,0.057,0,0.051,52.99,35.11
"2024-11-08 05:00:00",9146,12.55,403,0,0.108,-0.13,0.62,-0.012,0.055,0,0.049,53.76,35.38
"2024-11-08 05:30:00",9147,12.56,403,0,0.114,-0.16,0.68,-0.015,0.06,-0.002,0.051,52.86,34.87
"2024-11-08 06:00:00",9148,12.55,403,0,0.122,-0.1,0.65,-0.01,0.058,0,0.049,53.86,35.32
"2024-11-08 06:30:00",9149,12.55,403,0,0.094,-0.19,0.62,-0.017,0.055,-0.005,0.049,52.63,35.33
"2024-11-08 07:00:00",9150,12.55,403,0,0.101,-0.13,0.59,-0.013,0.052,0,0.044,52.6,35.28
"2024-11-08 07:30:00",9151,12.54,403,0,0.078,-0.19,0.55,-0.017,0.049,-0.007,0.042,52.64,34.92
"2024-11-08 08:00:00",9152,12.55,403,0,0.128,-0.1,0.68,-0.01,0.06,0,0.049,52.86,34.74
"2024-11-08 08:30:00",9153,12.54,403,0,0.304,0.06,1.3,0.005,0.115,0.014,0.086,53.87,35.73
"2024-11-08 09:00:00",9154,12.54,403,0,0.717,0.61,2.57,0.054,0.228,0.054,0.158,54.57,36.03
"2024-11-08 09:30:00",9155,12.54,403,0,1.219,1.21,4.19,0.107,0.371,0.098,0.258,55.82,38.1
"2024-11-08 10:00:00",9156,12.54,403,0,1.789,1.95,5.97,0.173,0.528,0.159,0.362,56.1,38.64
"2024-11-08 10:30:00",9157,12.54,403,0,2.322,2.95,7.31,0.262,0.647,0.239,0.437,59.47,39.46
"2024-11-08 11:00:00",9158,12.54,403,0,2.374,2.81,7.69,0.249,0.68,0.222,0.461,55.65,39.32
"2024-11-08 11:30:00",9159,12.54,403,0,2.589,3.1,8.35,0.274,0.739,0.25,0.514,56.43,39.68
"2024-11-08 12:00:00",9160,12.55,403,0,2.623,3.09,8.51,0.274,0.753,0.26,0.531,58.59,39.48
"2024-11-08 12:30:00",9161,12.55,403,0,2.678,3.25,8.59,0.288,0.76,0.261,0.532,56.54,39.79
"2024-11-08 13:00:00",9162,12.56,403,0,2.673,3.22,8.6,0.285,0.762,0.261,0.525,56.49,40.4
"2024-11-08 13:30:00",9163,12.56,403,0,2.586,3.01,8.43,0.267,0.746,0.242,0.508,57,39.12
"2024-11-08 14:00:00",9164,12.56,403,0,2.507,2.94,8.15,0.26,0.721,0.239,0.492,57.21,39.07
"2024-11-08 14:30:00",9165,12.55,403,0,2.51,2.95,8.15,0.262,0.721,0.236,0.488,56.56,40.06
"2024-11-08 15:00:00",9166,12.55,403,0,2.361,2.78,7.66,0.246,0.678,0.224,0.457,54.71,38.88
"2024-11-08 15:30:00",9167,12.56,403,0,2.125,2.51,6.89,0.222,0.61,0.198,0.405,55.52,39.17
"2024-11-08 16:00:00",9168,12.56,403,0,1.905,2.14,6.29,0.189,0.557,0.174,0.37,54.95,38.61
"2024-11-08 16:30:00",9169,12.55,403,0,1.595,1.72,5.34,0.152,0.472,0.138,0.319,55.52,37.8
"2024-11-08 17:00:00",9170,12.54,403,0,1.336,1.38,4.54,0.123,0.402,0.113,0.272,55.16,37.85
"2024-11-08 17:30:00",9171,12.54,403,0,0.954,0.89,3.34,0.079,0.295,0.077,0.201,52.81,36.16
"2024-11-08 18:00:00",9172,12.53,403,0,0.551,0.38,2.07,0.033,0.183,0.037,0.129,52.3,36.21
"2024-11-08 18:30:00",9173,12.53,403,0,0.334,0.09,1.4,0.008,0.124,0.015,0.091,52.28,35.22
"2024-11-08 19:00:00",9174,12.52,403,0,0.227,-0.08,1.1,-0.008,0.098,0.002,0.075,51.53,34.77
"2024-11-08 19:30:00",9175,12.52,403,0,0.171,-0.13,0.9,-0.013,0.079,0,0.063,52.24,35.08
"2024-11-08 20:00:00",9176,12.52,403,0,0.141,-0.19,0.83,-0.018,0.073,-0.002,0.059,52.86,34.58
"2024-11-08 20:30:00",9177,12.51,403,0,0.105,-0.24,0.72,-0.022,0.064,-0.01,0.051,53.87,34.92
"2024-11-08 21:00:00",9178,12.5,403,0,0.062,-0.24,0.53,-0.023,0.047,-0.012,0.045,52.84,35.38
"2024-11-08 21:30:00",9179,12.51,403,0,0.067,-0.22,0.53,-0.02,0.047,-0.007,0.042,52.01,34.96
"2024-11-08 22:00:00",9180,12.5,403,0,0.067,-0.22,0.53,-0.02,0.047,-0.01,0.042,52.99,34.71
"2024-11-08 22:30:00",9181,12.5,403,0,0.027,-0.38,0.52,-0.034,0.046,-0.019,0.044,54.06,34.7
"2024-11-08 23:00:00",9182,12.5,403,0,0.042,-0.29,0.49,-0.027,0.043,-0.017,0.044,52.87,35.54
"2024-11-08 23:30:00",9183,12.5,403,0,0.053,-0.27,0.52,-0.025,0.046,-0.012,0.042,53.55,35.02
"2024-11-09 00:00:00",9184,12.5,403,0,0.069,-0.24,0.56,-0.022,0.049,-0.007,0.044,52.27,35.22
"2024-11-09 00:30:00",9185,12.49,403,0,0.088,-0.16,0.56,-0.015,0.049,-0.005,0.044,51.57,35.33
"2024-11-09 01:00:00",9186,12.49,403,0,0.087,-0.19,0.59,-0.018,0.052,-0.005,0.047,53.36,35.23
"2024-11-09 01:30:00",9187,12.5,403,0,0.087,-0.19,0.59,-0.018,0.052,-0.007,0.049,52.71,35.4
"2024-11-09 02:00:00",9188,12.49,403,0,0.089,-0.22,0.63,-0.02,0.055,-0.005,0.049,53.58,35.85
"2024-11-09 02:30:00",9189,12.49,403,0,0.131,-0.07,0.66,-0.007,0.058,0.002,0.047,53.35,35.22
"2024-11-09 03:00:00",9190,12.48,403,0,0.088,-0.16,0.56,-0.015,0.05,-0.002,0.045,52.68,34.55
"2024-11-09 03:30:00",9191,12.49,403,0,0.095,-0.13,0.56,-0.012,0.05,0.002,0.042,53.11,34.98
"2024-11-09 04:00:00",9192,12.48,403,0,0.108,-0.1,0.59,-0.01,0.052,0,0.044,52.02,35.12
"2024-11-09 04:30:00",9193,12.48,403,0,0.067,-0.19,0.5,-0.018,0.044,-0.005,0.038,51.91,35.01
"2024-11-09 05:00:00",9194,12.48,403,0,0.072,-0.13,0.46,-0.013,0.041,0,0.038,51.83,35.33
"2024-11-09 05:30:00",9195,12.47,403,0,0.065,-0.16,0.46,-0.015,0.041,-0.002,0.04,53.15,35.43
"2024-11-09 06:00:00",9196,12.47,403,0,0.038,-0.22,0.4,-0.02,0.035,-0.007,0.035,52.02,35.12
"2024-11-09 06:30:00",9197,12.47,403,0,0.038,-0.22,0.4,-0.02,0.035,-0.007,0.035,51.86,34.29
"2024-11-09 07:00:00",9198,12.47,403,0,0.05,-0.13,0.36,-0.013,0.032,-0.005,0.035,52.88,34.6
"2024-11-09 07:30:00",9199,12.46,403,0,0.098,-0.02,0.46,-0.003,0.041,0.002,0.038,52.69,35.37
"2024-11-09 08:00:00",9200,12.45,403,0,0.051,-0.22,0.46,-0.02,0.041,-0.01,0.038,53.05,34.51
"2024-11-09 08:30:00",9201,12.46,403,0,0.316,0.06,1.35,0.005,0.12,0.014,0.089,53.24,35.53
"2024-11-09 09:00:00",9202,12.46,403,0,0.757,0.65,2.71,0.057,0.24,0.057,0.166,53.55,36.25
"2024-11-09 09:30:00",9203,12.45,403,0,1.008,0.7,3.78,0.062,0.334,0.064,0.232,54.28,37.64
"2024-11-09 10:00:00",9204,12.46,403,0,1.292,1.2,4.53,0.106,0.401,0.099,0.273,53.75,37.26
"2024-11-09 10:30:00",9205,12.46,403,0,1.579,1.9,5.08,0.168,0.45,0.152,0.307,56.94,37.99
"2024-11-09 11:00:00",9206,12.46,403,0,1.737,2.09,5.59,0.185,0.495,0.163,0.331,56.85,38.04
"2024-11-09 11:30:00",9207,12.46,403,0,1.763,1.81,6,0.16,0.531,0.145,0.364,54.17,39.73
"2024-11-09 12:00:00",9208,12.46,403,0,1.968,2.19,6.52,0.194,0.577,0.179,0.403,57.86,39.58
"2024-11-09 12:30:00",9209,12.47,403,0,2.026,1.95,7.03,0.173,0.622,0.172,0.439,55.16,39.49
"2024-11-09 13:00:00",9210,12.47,403,0,2.349,2.73,7.66,0.241,0.678,0.219,0.469,55.81,39.47
"2024-11-09 13:30:00",9211,12.47,403,0,2.43,2.8,7.95,0.248,0.704,0.225,0.485,56.87,39.55
"2024-11-09 14:00:00",9212,12.47,403,0,2.526,3.05,8.12,0.27,0.719,0.245,0.488,56.45,39
"2024-11-09 14:30:00",9213,12.48,403,0,2.375,2.7,7.81,0.239,0.691,0.22,0.474,57.27,39.4
"2024-11-09 15:00:00",9214,12.47,403,0,2.383,2.81,7.73,0.249,0.684,0.222,0.459,55.34,39.11
"2024-11-09 15:30:00",9215,12.47,403,0,2.248,2.65,7.29,0.234,0.646,0.21,0.43,55.6,38.55
"2024-11-09 16:00:00",9216,12.47,403,0,2.039,2.38,6.64,0.211,0.587,0.19,0.386,54.63,38.96
"2024-11-09 16:30:00",9217,12.47,403,0,1.811,2.16,5.85,0.192,0.518,0.166,0.346,54.93,38.04
"2024-11-09 17:00:00",9218,12.47,403,0,1.46,1.66,4.8,0.147,0.425,0.136,0.285,54.3,37.41
"2024-11-09 17:30:00",9219,12.45,403,0,1.032,1.12,3.45,0.099,0.306,0.092,0.207,53.48,37.66
"2024-11-09 18:00:00",9220,12.45,403,0,0.697,0.63,2.46,0.056,0.218,0.056,0.151,52.47,36.65
"2024-11-09 18:30:00",9221,12.45,403,0,0.493,0.37,1.82,0.033,0.161,0.036,0.111,53.02,35.3
"2024-11-09 19:00:00",9222,12.44,403,0,0.377,0.2,1.48,0.018,0.131,0.024,0.095,52.36,35.46
"2024-11-09 19:30:00",9223,12.44,403,0,0.278,0.06,1.18,0.005,0.104,0.014,0.078,52.35,35.3
"2024-11-09 20:00:00",9224,12.43,403,0,0.217,0,0.97,0,0.086,0.007,0.066,52.09,35.2
"2024-11-09 20:30:00",9225,12.42,403,0,0.169,-0.05,0.81,-0.005,0.072,0.005,0.057,52.07,34.93
"2024-11-09 21:00:00",9226,12.42,403,0,0.107,-0.22,0.71,-0.021,0.063,-0.01,0.052,51.39,34.1
"2024-11-09 21:30:00",9227,12.42,403,0,0.119,-0.13,0.67,-0.013,0.059,-0.002,0.05,52.11,34.67
"2024-11-09 22:00:00",9228,12.41,403,0,0.126,-0.1,0.67,-0.01,0.059,0.002,0.05,52.67,35.63
"2024-11-09 22:30:00",9229,12.41,403,0,0.091,-0.22,0.64,-0.02,0.056,-0.007,0.05,52.07,34.78
"2024-11-09 23:00:00",9230,12.4,403,0,0.111,-0.1,0.6,-0.01,0.053,-0.002,0.045,52.7,35.14
"2024-11-09 23:30:00",9231,12.4,403,0,0.09,-0.16,0.57,-0.015,0.05,-0.002,0.043,52.01,34.88
"2024-11-10 00:00:00",9232,12.4,403,0,0.083,-0.19,0.57,-0.018,0.05,-0.005,0.045,52.17,34.62
"2024-11-10 00:30:00",9233,12.39,403,0,0.062,-0.22,0.51,-0.021,0.045,-0.007,0.04,51.61,35.29
"2024-11-10 01:00:00",9234,12.39,403,0,0.018,-0.37,0.47,-0.034,0.042,-0.017,0.04,50.83,34.76
"2024-11-10 01:30:00",9235,12.38,403,0,0.06,-0.25,0.53,-0.023,0.047,-0.007,0.045,52.22,35.18
"2024-11-10 02:00:00",9236,12.38,403,0,0.067,-0.22,0.53,-0.02,0.047,-0.01,0.04,52.58,34.63
"2024-11-10 02:30:00",9237,12.38,403,0,0.118,-0.07,0.6,-0.007,0.053,0,0.045,52.42,34.72
"2024-11-10 03:00:00",9238,12.38,403,0,0.097,-0.13,0.57,-0.012,0.05,0,0.045,52.53,35.24
"2024-11-10 03:30:00",9239,12.38,403,0,0.081,-0.19,0.56,-0.017,0.05,-0.005,0.042,51.55,35.08
"2024-11-10 04:00:00",9240,12.37,403,0,0.097,-0.13,0.57,-0.012,0.05,-0.002,0.045,52.72,34.87
"2024-11-10 04:30:00",9241,12.37,403,0,0.095,-0.13,0.56,-0.012,0.05,0,0.042,52.88,35.59
"2024-11-10 05:00:00",9242,12.37,403,0,0.067,-0.19,0.5,-0.018,0.044,-0.005,0.04,51.69,35.22
"2024-11-10 05:30:00",9243,12.36,403,0,0.088,-0.1,0.5,-0.01,0.044,0,0.04,52.35,35.06
"2024-11-10 06:00:00",9244,12.37,403,0,0.047,-0.24,0.46,-0.022,0.041,-0.012,0.04,52.36,34.66
"2024-11-10 06:30:00",9245,12.37,403,0,0.058,-0.19,0.46,-0.017,0.041,-0.007,0.038,52.41,35.53
"2024-11-10 07:00:00",9246,12.36,403,0,0.04,-0.24,0.43,-0.022,0.038,-0.007,0.035,52.72,35.02
"2024-11-10 07:30:00",9247,12.36,403,0,0.012,-0.33,0.4,-0.03,0.035,-0.017,0.033,52.27,34.31
"2024-11-10 08:00:00",9248,12.36,403,0,-0.001,-0.38,0.39,-0.034,0.035,-0.021,0.035,52.26,35.64
"2024-11-10 08:30:00",9249,12.36,403,0,0.261,0,1.17,0,0.103,0.007,0.08,53.15,35.44
"2024-11-10 09:00:00",9250,12.37,403,0,0.518,0.4,1.9,0.036,0.168,0.035,0.123,54.53,36.01
"2024-11-10 09:30:00",9251,12.37,403,0,0.443,0.3,1.67,0.026,0.148,0.03,0.11,53.73,36.58
"2024-11-10 10:00:00",9252,12.37,403,0,0.429,0.27,1.64,0.024,0.145,0.028,0.105,55.67,36.32
"2024-11-10 10:30:00",9253,12.38,403,0,0.492,0.32,1.87,0.028,0.165,0.032,0.122,55.32,36.79
"2024-11-10 11:00:00",9254,12.38,403,0,0.77,0.6,2.82,0.053,0.25,0.054,0.18,56.19,37.51
"2024-11-10 11:30:00",9255,12.38,403,0,1.226,1.3,4.13,0.115,0.365,0.108,0.27,58,39.47
"2024-11-10 12:00:00",9256,12.4,403,0,1.455,1.63,4.81,0.145,0.426,0.131,0.302,56.37,37.99
"2024-11-10 12:30:00",9257,12.4,403,0,1.561,1.66,5.25,0.147,0.465,0.137,0.327,57.18,39.05
"2024-11-10 13:00:00",9258,12.41,403,0,1.785,1.99,5.91,0.176,0.523,0.162,0.363,55.59,38.95
"2024-11-10 13:30:00",9259,12.42,403,0,1.888,2.21,6.14,0.196,0.544,0.178,0.377,55.43,39.35
"2024-11-10 14:00:00",9260,12.41,403,0,1.821,2.01,6.05,0.178,0.536,0.163,0.371,56.5,38.94
"2024-11-10 14:30:00",9261,12.42,403,0,1.856,1.95,6.27,0.173,0.555,0.161,0.383,56.66,39.77
"2024-11-10 15:00:00",9262,12.42,403,0,1.936,2.35,6.21,0.208,0.55,0.183,0.377,54.92,38.28
"2024-11-10 15:30:00",9263,12.42,403,0,1.654,1.83,5.49,0.162,0.486,0.148,0.333,56.76,38.64
"2024-11-10 16:00:00",9264,12.42,403,0,1.656,1.85,5.48,0.164,0.485,0.152,0.331,54.17,38.76
"2024-11-10 16:30:00",9265,12.42,403,0,1.285,1.39,4.3,0.123,0.381,0.114,0.261,54.96,38.07
"2024-11-10 17:00:00",9266,12.42,403,0,0.912,0.9,3.14,0.079,0.278,0.076,0.193,54.69,36.81
"2024-11-10 17:30:00",9267,12.41,403,0,0.518,0.4,1.9,0.035,0.168,0.036,0.122,53.09,36.19
"2024-11-10 18:00:00",9268,12.4,403,0,0.305,0.11,1.25,0.01,0.11,0.017,0.084,53.39,35.68
"2024-11-10 18:30:00",9269,12.41,403,0,0.173,-0.07,0.85,-0.008,0.075,0.002,0.061,53.1,35.12
"2024-11-10 19:00:00",9270,12.4,403,0,0.112,-0.21,0.72,-0.02,0.064,-0.01,0.054,52.93,34.81
"2024-11-10 19:30:00",9271,12.4,403,0,0.081,-0.18,0.55,-0.017,0.049,-0.007,0.04,54.48,34.97
"2024-11-10 20:00:00",9272,12.4,403,0,0.024,-0.3,0.42,-0.027,0.037,-0.014,0.033,52.87,34.75
"2024-11-10 20:30:00",9273,12.4,403,0,0.024,-0.3,0.42,-0.027,0.037,-0.017,0.035,53.75,34.8
"2024-11-10 21:00:00",9274,12.4,403,0,0,-0.35,0.36,-0.032,0.032,-0.014,0.033,53.51,34.15
"2024-11-10 21:30:00",9275,12.39,403,0,0.01,-0.3,0.36,-0.028,0.032,-0.014,0.031,53.57,35.28
"2024-11-10 22:00:00",9276,12.39,403,0,-0.009,-0.33,0.3,-0.03,0.026,-0.014,0.028,53.2,35.07
"2024-11-10 22:30:00",9277,12.39,403,0,-0.002,-0.3,0.3,-0.027,0.026,-0.019,0.026,52.11,34.65
"2024-11-10 23:00:00",9278,12.39,403,0,-0.043,-0.41,0.23,-0.037,0.02,-0.022,0.021,53.09,36.19
"2024-11-10 23:30:00",9279,12.39,403,0,-0.036,-0.35,0.2,-0.032,0.017,-0.021,0.023,54.2,36.49
"2024-11-11 00:00:00",9280,12.38,403,0,-0.054,-0.39,0.16,-0.035,0.014,-0.022,0.021,52.83,34.55
"2024-11-11 00:30:00",9281,12.38,403,0,-0.05,-0.41,0.2,-0.037,0.017,-0.019,0.023,53.29,34.91
"2024-11-11 01:00:00",9282,12.38,403,0,-0.068,-0.39,0.1,-0.035,0.009,-0.022,0.021,52.63,35.32
"2024-11-11 01:30:00",9283,12.38,403,0,-0.054,-0.39,0.16,-0.035,0.014,-0.024,0.021,51.14,34.8
"2024-11-11 02:00:00",9284,12.38,403,0,-0.039,-0.39,0.23,-0.035,0.02,-0.019,0.024,53.22,34.28
"2024-11-11 02:30:00",9285,12.38,403,0,-0.031,-0.33,0.2,-0.03,0.017,-0.017,0.021,52.6,35.3
"2024-11-11 03:00:00",9286,12.37,403,0,-0.018,-0.33,0.26,-0.03,0.023,-0.014,0.028,51.9,34.6
"2024-11-11 03:30:00",9287,12.37,403,0,-0.011,-0.27,0.23,-0.025,0.02,-0.012,0.026,54.2,36.08
"2024-11-11 04:00:00",9288,12.37,403,0,-0.011,-0.3,0.26,-0.027,0.023,-0.017,0.026,53.75,34.39
"2024-11-11 04:30:00",9289,12.37,403,0,0.002,-0.24,0.26,-0.022,0.023,-0.012,0.026,52.91,35.2
"2024-11-11 05:00:00",9290,12.37,403,0,-0.024,-0.3,0.2,-0.027,0.017,-0.014,0.021,53.76,35.07
"2024-11-11 05:30:00",9291,12.37,403,0,-0.018,-0.3,0.23,-0.027,0.02,-0.017,0.028,53.04,35.17
"2024-11-11 06:00:00",9292,12.37,403,0,-0.017,-0.27,0.2,-0.025,0.017,-0.012,0.024,53.04,34.66
"2024-11-11 06:30:00",9293,12.37,403,0,-0.011,-0.3,0.26,-0.027,0.023,-0.012,0.026,52.98,34.29
"2024-11-11 07:00:00",9294,12.37,403,0,-0.025,-0.33,0.23,-0.03,0.02,-0.014,0.026,51.91,35.16
"2024-11-11 07:30:00",9295,12.37,403,0,-0.031,-0.33,0.2,-0.03,0.017,-0.015,0.026,52.04,34.33
"2024-11-11 08:00:00",9296,12.37,403,0,-0.004,-0.27,0.26,-0.025,0.023,-0.012,0.026,53.96,35.01
"2024-11-11 08:30:00",9297,12.36,403,0,0.004,-0.27,0.3,-0.025,0.026,-0.012,0.031,52.41,35.11
"2024-11-11 09:00:00",9298,12.36,403,0,-0.025,-0.33,0.23,-0.03,0.02,-0.014,0.026,52.68,34.81
"2024-11-11 09:30:00",9299,12.36,403,0,-0.011,-0.3,0.26,-0.027,0.023,-0.012,0.026,52.15,34.85
"2024-11-11 10:00:00",9300,12.36,403,0,-0.018,-0.3,0.23,-0.028,0.02,-0.012,0.026,53.03,34.91
"2024-11-11 10:30:00",9301,12.35,403,0,-0.004,-0.27,0.26,-0.025,0.023,-0.012,0.028,53.08,34.8
"2024-11-11 11:00:00",9302,12.36,403,0,0.058,-0.19,0.46,-0.018,0.04,-0.007,0.038,52.67,35.37
"2024-11-11 11:30:00",9303,12.35,403,0,0.149,-0.04,0.71,-0.005,0.063,0.005,0.052,54.87,35.52
"2024-11-11 12:00:00",9304,12.35,403,0,0.27,0,1.21,0,0.107,0.012,0.083,53.5,36.19
"2024-11-11 12:30:00",9305,12.36,403,0,0.532,0.43,1.93,0.038,0.17,0.042,0.124,55.29,36.75
"2024-11-11 13:00:00",9306,12.36,403,0,0.941,0.97,3.2,0.085,0.283,0.084,0.199,54.59,36.71
"2024-11-11 13:30:00",9307,12.36,403,0,1.079,1.12,3.66,0.099,0.324,0.093,0.228,55.03,37.31
"2024-11-11 14:00:00",9308,12.36,403,0,1.319,1.41,4.43,0.125,0.392,0.116,0.272,57.08,37.88
"2024-11-11 14:30:00",9309,12.37,403,0,1.685,1.83,5.63,0.162,0.499,0.148,0.342,56.1,38.79
"2024-11-11 15:00:00",9310,12.36,403,0,1.91,2.19,6.26,0.194,0.554,0.179,0.375,55.86,38.7
"2024-11-11 15:30:00",9311,12.37,403,0,1.952,2.19,6.45,0.194,0.571,0.176,0.39,54.95,38.45
"2024-11-11 16:00:00",9312,12.37,403,0,1.881,2.18,6.14,0.193,0.543,0.172,0.366,54.43,38.19
"2024-11-11 16:30:00",9313,12.36,403,0,1.677,1.87,5.55,0.165,0.491,0.153,0.333,54.78,38.55
"2024-11-11 17:00:00",9314,12.36,403,0,1.475,1.61,4.92,0.143,0.435,0.132,0.296,54.83,37.52
"2024-11-11 17:30:00",9315,12.36,403,0,1.125,1.22,3.76,0.108,0.333,0.101,0.231,53.65,36.76
"2024-11-11 18:00:00",9316,12.36,403,0,0.726,0.68,2.54,0.06,0.225,0.06,0.158,53.28,36.52
"2024-11-11 18:30:00",9317,12.35,403,0,0.475,0.38,1.73,0.034,0.153,0.037,0.113,52.84,35.68
"2024-11-11 19:00:00",9318,12.34,403,0,0.335,0.17,1.32,0.015,0.117,0.025,0.087,53.15,35.28
"2024-11-11 19:30:00",9319,12.35,403,0,0.239,0.03,1.04,0.003,0.092,0.015,0.074,53.66,35.38
"2024-11-11 20:00:00",9320,12.34,403,0,0.183,-0.05,0.87,-0.005,0.077,0.005,0.067,53.46,35.07
"2024-11-11 20:30:00",9321,12.33,403,0,0.16,-0.05,0.77,-0.005,0.068,0.007,0.055,52.81,34.93
"2024-11-11 21:00:00",9322,12.33,403,0,0.131,-0.08,0.67,-0.008,0.059,0.005,0.05,51.72,35.64
"2024-11-11 21:30:00",9323,12.33,403,0,0.108,-0.11,0.6,-0.01,0.053,0,0.05,53.28,35.31
"2024-11-11 22:00:00",9324,12.33,403,0,0.097,-0.13,0.57,-0.013,0.05,0,0.048,54.22,34.86
"2024-11-11 22:30:00",9325,12.33,403,0,0.088,-0.13,0.53,-0.013,0.047,0,0.045,52.64,35.58
"2024-11-11 23:00:00",9326,12.33,403,0,0.095,-0.14,0.57,-0.013,0.051,0,0.046,53.29,35.01
"2024-11-11 23:30:00",9327,12.33,403,0,0.065,-0.17,0.47,-0.016,0.042,-0.003,0.041,52.88,35.17
"2024-11-12 00:00:00",9328,12.32,403,0,0.081,-0.14,0.51,-0.013,0.045,-0.003,0.041,53.24,35.11
"2024-11-12 00:30:00",9329,12.32,403,0,0.109,-0.05,0.54,-0.005,0.048,0.003,0.048,50.79,34.55
"2024-11-12 01:00:00",9330,12.31,403,0,0.127,-0.05,0.62,-0.005,0.055,0.008,0.048,52.21,35.06
"2024-11-12 01:30:00",9331,12.31,403,0,0.12,-0.08,0.62,-0.008,0.055,0.003,0.048,50.85,34.92
"2024-11-12 02:00:00",9332,12.3,403,0,0.09,-0.14,0.55,-0.013,0.048,0,0.046,52.55,34.82
"2024-11-12 02:30:00",9333,12.31,403,0,0.102,-0.11,0.57,-0.01,0.051,0,0.048,52.34,34.87
"2024-11-12 03:00:00",9334,12.3,403,0,0.137,0.03,0.58,0.003,0.052,0.01,0.049,52.8,34.67
"2024-11-12 03:30:00",9335,12.3,403,0,0.118,-0.08,0.61,-0.008,0.054,0.005,0.051,51.77,34.61
"2024-11-12 04:00:00",9336,12.3,403,0,0.14,-0.02,0.65,-0.003,0.057,0.008,0.053,52.36,35.21
"2024-11-12 04:30:00",9337,12.29,403,0,0.111,-0.08,0.58,-0.008,0.051,0.005,0.051,51.72,34.82
"2024-11-12 05:00:00",9338,12.3,403,0,0.118,-0.08,0.61,-0.008,0.054,0.007,0.048,52.43,34.56
"2024-11-12 05:30:00",9339,12.29,403,0,0.095,-0.11,0.54,-0.01,0.048,0.005,0.046,53.67,35.53
"2024-11-12 06:00:00",9340,12.29,403,0,0.118,-0.08,0.61,-0.008,0.054,0.005,0.051,53.51,34.81
"2024-11-12 06:30:00",9341,12.28,403,0,0.116,-0.05,0.57,-0.005,0.051,0.01,0.048,52.01,35.27
"2024-11-12 07:00:00",9342,12.28,403,0,0.097,-0.13,0.57,-0.013,0.051,0,0.046,52.73,35.01
"2024-11-12 07:30:00",9343,12.29,403,0,0.111,-0.11,0.61,-0.01,0.054,0,0.053,51.88,34.98
"2024-11-12 08:00:00",9344,12.28,403,0,0.157,0.03,0.67,0.003,0.06,0.015,0.058,53.82,34.87
"2024-11-12 08:30:00",9345,12.28,403,0,0.319,0.14,1.28,0.013,0.114,0.022,0.092,52.9,35.34
"2024-11-12 09:00:00",9346,12.28,403,0,0.863,0.92,2.9,0.081,0.257,0.081,0.18,53.78,37.54
"2024-11-12 09:30:00",9347,12.28,403,0,1.356,1.33,4.68,0.117,0.414,0.11,0.285,54.8,37.48
"2024-11-12 10:00:00",9348,12.28,403,0,1.714,1.83,5.76,0.162,0.51,0.148,0.35,55.82,39.89
"2024-11-12 10:30:00",9349,12.27,403,0,2.068,2.32,6.83,0.206,0.604,0.187,0.421,57.35,39.47
"2024-11-12 11:00:00",9350,12.28,403,0,2.443,2.97,7.83,0.263,0.693,0.237,0.473,58.07,38.14
"2024-11-12 11:30:00",9351,12.28,403,0,2.451,2.84,8,0.251,0.708,0.234,0.498,56.37,39.88
"2024-11-12 12:00:00",9352,12.29,403,0,2.511,2.87,8.24,0.254,0.729,0.24,0.52,58.85,38.81
"2024-11-12 12:30:00",9353,12.29,403,0,2.697,3.31,8.61,0.293,0.762,0.273,0.544,57.83,40.51
"2024-11-12 13:00:00",9354,12.29,403,0,2.79,3.31,9.03,0.293,0.799,0.271,0.562,56.1,38.95
"2024-11-12 13:30:00",9355,12.29,403,0,2.914,3.6,9.28,0.318,0.822,0.291,0.568,55.38,38.63
"2024-11-12 14:00:00",9356,12.28,403,0,2.882,3.48,9.26,0.308,0.819,0.282,0.566,58.65,39.71
"2024-11-12 14:30:00",9357,12.28,403,0,2.93,3.61,9.34,0.32,0.827,0.29,0.57,56.22,38.92
"2024-11-12 15:00:00",9358,12.29,403,0,2.957,3.62,9.45,0.321,0.837,0.288,0.565,53.43,39.56
"2024-11-12 15:30:00",9359,12.29,403,0,2.893,3.55,9.24,0.314,0.818,0.283,0.552,55.36,39.29
"2024-11-12 16:00:00",9360,12.28,403,0,2.698,3.21,8.72,0.284,0.772,0.258,0.515,55.03,38.8
"2024-11-12 16:30:00",9361,12.28,403,0,2.54,3.03,8.2,0.268,0.725,0.238,0.481,54.3,38.48
"2024-11-12 17:00:00",9362,12.28,403,0,2.252,2.67,7.29,0.236,0.646,0.209,0.428,55.07,38.74
"2024-11-12 17:30:00",9363,12.27,403,0,1.841,2.18,5.96,0.193,0.527,0.17,0.35,53.51,38.42
"2024-11-12 18:00:00",9364,12.27,403,0,1.368,1.57,4.48,0.139,0.397,0.125,0.267,54.03,37.14
"2024-11-12 18:30:00",9365,12.26,403,0,0.959,0.97,3.28,0.086,0.29,0.085,0.198,52.3,36.89
"2024-11-12 19:00:00",9366,12.25,403,0,0.726,0.65,2.57,0.057,0.227,0.057,0.156,52.93,36.31
"2024-11-12 19:30:00",9367,12.26,403,0,0.596,0.57,2.07,0.05,0.183,0.053,0.132,52.47,36
"2024-11-12 20:00:00",9368,12.25,403,0,0.482,0.41,1.73,0.036,0.153,0.037,0.114,52.56,35.41
"2024-11-12 20:30:00",9369,12.25,403,0,0.384,0.18,1.53,0.016,0.135,0.025,0.103,52.55,35.4
"2024-11-12 21:00:00",9370,12.24,403,0,0.288,-0.02,1.31,-0.003,0.116,0.008,0.09,51.2,34.88
"2024-11-12 21:30:00",9371,12.24,403,0,0.326,0.18,1.27,0.016,0.113,0.022,0.085,52.99,35.04
"2024-11-12 22:00:00",9372,12.23,403,0,0.275,0.06,1.17,0.005,0.103,0.017,0.083,52.22,34.93
"2024-11-12 22:30:00",9373,12.23,403,0,0.267,0.09,1.1,0.008,0.097,0.015,0.076,52.94,35.24
"2024-11-12 23:00:00",9374,12.23,403,0,0.251,0.12,1,0.01,0.089,0.017,0.071,52.54,35.4
"2024-11-12 23:30:00",9375,12.22,403,0,0.208,0,0.93,0,0.083,0.01,0.068,52.27,35.39
"2024-11-13 00:00:00",9376,12.22,403,0,0.228,0.06,0.96,0.005,0.085,0.015,0.068,52.92,35.49
"2024-11-13 00:30:00",9377,12.22,403,0,0.215,0.03,0.93,0.003,0.082,0.012,0.068,52.62,35.18
"2024-11-13 01:00:00",9378,12.21,403,0,0.238,0.09,0.97,0.008,0.086,0.017,0.069,52.25,35.12
"2024-11-13 01:30:00",9379,12.21,403,0,0.222,0.06,0.93,0.005,0.082,0.012,0.068,52.59,34.88
"2024-11-13 02:00:00",9380,12.21,403,0,0.238,0.09,0.97,0.008,0.086,0.018,0.069,51.55,35.64
"2024-11-13 02:30:00",9381,12.2,403,0,0.267,0.15,1.04,0.013,0.092,0.02,0.073,51.92,35.44
"2024-11-13 03:00:00",9382,12.2,403,0,0.263,0.14,1.03,0.013,0.091,0.022,0.073,53.81,35.54
"2024-11-13 03:30:00",9383,12.19,403,0,0.251,0.09,1.03,0.008,0.091,0.015,0.071,52.5,35.07
"2024-11-13 04:00:00",9384,12.19,403,0,0.244,0.06,1.03,0.005,0.091,0.012,0.071,51.9,35.84
"2024-11-13 04:30:00",9385,12.19,403,0,0.248,0.03,1.08,0.003,0.095,0.015,0.076,52.31,34.87
"2024-11-13 05:00:00",9386,12.18,403,0,0.269,0.09,1.11,0.008,0.098,0.015,0.076,52.51,35.22
"2024-11-13 05:30:00",9387,12.19,403,0,0.246,0.06,1.04,0.005,0.092,0.012,0.076,53.13,34.87
"2024-11-13 06:00:00",9388,12.19,403,0,0.285,0.12,1.15,0.01,0.101,0.017,0.078,52.42,34.72
"2024-11-13 06:30:00",9389,12.18,403,0,0.26,0.09,1.07,0.008,0.095,0.015,0.076,53.18,35.23
"2024-11-13 07:00:00",9390,12.18,403,0,0.267,0.12,1.07,0.01,0.095,0.02,0.071,53.22,34.97
"2024-11-13 07:30:00",9391,12.17,403,0,0.286,0.2,1.07,0.018,0.095,0.025,0.076,52.52,35.23
"2024-11-13 08:00:00",9392,12.18,403,0,0.272,0.15,1.06,0.013,0.094,0.017,0.076,52.26,35.12
"2024-11-13 08:30:00",9393,12.16,403,0,0.294,0.17,1.14,0.015,0.101,0.02,0.081,53.49,34.82
"2024-11-13 09:00:00",9394,12.17,403,0,0.475,0.34,1.77,0.03,0.157,0.029,0.117,53.54,35.85
"2024-11-13 09:30:00",9395,12.17,403,0,0.663,0.42,2.53,0.037,0.224,0.041,0.166,54.77,36
"2024-11-13 10:00:00",9396,12.18,403,0,0.877,0.58,3.32,0.051,0.294,0.055,0.211,56.11,37.18
"2024-11-13 10:30:00",9397,12.18,403,0,1.104,1.14,3.75,0.101,0.332,0.095,0.235,55.53,37.25
"2024-11-13 11:00:00",9398,12.18,403,0,1.182,1.15,4.09,0.102,0.362,0.098,0.253,55.01,38.38
"2024-11-13 11:30:00",9399,12.19,403,0,1.296,1.36,4.38,0.121,0.388,0.112,0.277,54.62,38.8
"2024-11-13 12:00:00",9400,12.2,403,0,1.473,1.65,4.87,0.146,0.431,0.136,0.309,58.21,38.85
"2024-11-13 12:30:00",9401,12.2,403,0,1.583,1.7,5.31,0.151,0.47,0.142,0.337,57.32,39.61
"2024-11-13 13:00:00",9402,12.2,403,0,1.858,2.1,6.12,0.186,0.541,0.168,0.381,55.5,40.08
"2024-11-13 13:30:00",9403,12.21,403,0,2.088,2.51,6.72,0.223,0.595,0.201,0.412,56.9,39.19
"2024-11-13 14:00:00",9404,12.21,403,0,2.154,2.46,7.07,0.218,0.626,0.202,0.433,56.55,38.84
"2024-11-13 14:30:00",9405,12.22,403,0,2.277,2.68,7.39,0.238,0.654,0.219,0.449,57.01,39.96
"2024-11-13 15:00:00",9406,12.22,403,0,2.354,2.78,7.63,0.246,0.675,0.22,0.456,55.51,39.03
"2024-11-13 15:30:00",9407,12.22,403,0,2.322,2.69,7.58,0.238,0.671,0.215,0.455,55.05,38.98
"2024-11-13 16:00:00",9408,12.21,403,0,2.263,2.66,7.35,0.235,0.651,0.209,0.44,55.35,38.46
"2024-11-13 16:30:00",9409,12.21,403,0,2.065,2.32,6.82,0.206,0.604,0.186,0.403,54.19,38.37
"2024-11-13 17:00:00",9410,12.21,403,0,1.858,2.18,6.04,0.193,0.535,0.175,0.362,55.17,38.02
"2024-11-13 17:30:00",9411,12.21,403,0,1.605,1.68,5.43,0.149,0.48,0.137,0.323,53.24,38
"2024-11-13 18:00:00",9412,12.2,403,0,1.31,1.38,4.42,0.122,0.391,0.111,0.263,53.5,37.03
"2024-11-13 18:30:00",9413,12.2,403,0,1.043,1.1,3.52,0.097,0.312,0.09,0.214,53.85,36.56
"2024-11-13 19:00:00",9414,12.18,403,0,0.803,0.8,2.76,0.071,0.244,0.07,0.169,52.83,36.36
"2024-11-13 19:30:00",9415,12.18,403,0,0.608,0.5,2.2,0.045,0.195,0.048,0.137,52.41,35.94
"2024-11-13 20:00:00",9416,12.18,403,0,0.488,0.33,1.84,0.029,0.163,0.035,0.118,51.8,35.74
"2024-11-13 20:30:00",9417,12.17,403,0,0.44,0.26,1.7,0.023,0.15,0.03,0.11,52.88,34.93
"2024-11-13 21:00:00",9418,12.17,403,0,0.409,0.29,1.53,0.026,0.135,0.027,0.098,51.85,35.95
"2024-11-13 21:30:00",9419,12.16,403,0,0.364,0.23,1.39,0.021,0.123,0.027,0.093,53.33,35.38
"2024-11-13 22:00:00",9420,12.16,403,0,0.321,0.18,1.25,0.016,0.111,0.022,0.084,52.64,34.93
"2024-11-13 22:30:00",9421,12.16,403,0,0.285,0.09,1.18,0.008,0.105,0.013,0.079,52.63,35.9
"2024-11-13 23:00:00",9422,12.15,403,0,0.247,0.09,1.01,0.008,0.089,0.015,0.071,51.87,35.39
"2024-11-13 23:30:00",9423,12.15,403,0,0.189,-0.08,0.93,-0.008,0.083,0.003,0.066,51.83,35.09
"2024-11-14 00:00:00",9424,12.15,403,0,0.196,-0.05,0.93,-0.005,0.082,0.01,0.066,51.98,34.84
"2024-11-14 00:30:00",9425,12.15,403,0,0.174,-0.05,0.83,-0.005,0.073,0.005,0.061,51.09,34.62
"2024-11-14 01:00:00",9426,12.14,403,0,0.206,0.06,0.86,0.005,0.076,0.012,0.061,51.51,35.19
"2024-11-14 01:30:00",9427,12.14,403,0,0.18,-0.05,0.86,-0.005,0.076,0.005,0.061,52.52,35.38
"2024-11-14 02:00:00",9428,12.14,403,0,0.199,0.03,0.86,0.003,0.076,0.01,0.066,53.87,34.37
"2024-11-14 02:30:00",9429,12.14,403,0,0.225,-0.02,1.03,-0.003,0.091,0.005,0.073,52.69,35.14
"2024-11-14 03:00:00",9430,12.14,403,0,0.256,0.09,1.05,0.008,0.093,0.012,0.076,53.51,35.14
"2024-11-14 03:30:00",9431,12.13,403,0,0.275,0.06,1.17,0.005,0.103,0.015,0.081,52.43,35.39
"2024-11-14 04:00:00",9432,12.14,403,0,0.292,0.14,1.16,0.013,0.102,0.02,0.08,52.67,35.64
"2024-11-14 04:30:00",9433,12.14,403,0,0.289,0.11,1.18,0.01,0.105,0.019,0.08,53.04,35.49
"2024-11-14 05:00:00",9434,12.14,403,0,0.28,0.09,1.16,0.008,0.102,0.017,0.078,53.77,34.84
"2024-11-14 05:30:00",9435,12.14,403,0,0.28,0.12,1.13,0.01,0.1,0.017,0.076,52.99,34.87
"2024-11-14 06:00:00",9436,12.14,403,0,0.283,0.14,1.12,0.013,0.099,0.017,0.078,53.32,36.02
"2024-11-14 06:30:00",9437,12.14,403,0,0.247,0.09,1.01,0.008,0.09,0.015,0.073,52.86,35.97
"2024-11-14 07:00:00",9438,12.14,403,0,0.235,0.03,1.02,0.003,0.09,0.012,0.073,52.08,35.19
"2024-11-14 07:30:00",9439,12.13,403,0,0.255,0.06,1.08,0.005,0.096,0.012,0.075,54.01,36.06
"2024-11-14 08:00:00",9440,12.13,403,0,0.264,0.09,1.09,0.008,0.096,0.015,0.076,53.8,35.54
"2024-11-14 08:30:00",9441,12.14,403,0,0.326,0.17,1.28,0.015,0.114,0.022,0.085,53,36.11
"2024-11-14 09:00:00",9442,12.14,403,0,0.524,0.37,1.96,0.033,0.173,0.037,0.129,52.73,36.1
"2024-11-14 09:30:00",9443,12.14,403,0,0.698,0.56,2.54,0.05,0.225,0.051,0.162,55.47,35.71
"2024-11-14 10:00:00",9444,12.14,403,0,0.855,0.83,2.96,0.074,0.262,0.071,0.185,55.21,37.5
"2024-11-14 10:30:00",9445,12.14,403,0,0.961,0.94,3.32,0.083,0.294,0.08,0.208,54.65,37.61
"2024-11-14 11:00:00",9446,12.13,403,0,1.047,1.05,3.59,0.093,0.318,0.087,0.222,53.93,38.42
"2024-11-14 11:30:00",9447,12.14,403,0,1.097,1.13,3.73,0.1,0.33,0.094,0.231,55.23,37.92
"2024-11-14 12:00:00",9448,12.14,403,0,1.163,1.22,3.93,0.108,0.348,0.099,0.246,55.24,37.52
"2024-11-14 12:30:00",9449,12.15,403,0,1.296,1.39,4.35,0.123,0.385,0.114,0.265,55.83,37.96
"2024-11-14 13:00:00",9450,12.15,403,0,1.409,1.49,4.75,0.132,0.42,0.12,0.288,55.21,38.32
"2024-11-14 13:30:00",9451,12.15,403,0,1.489,1.63,4.96,0.144,0.439,0.129,0.3,55.13,38.08
"2024-11-14 14:00:00",9452,12.15,403,0,1.473,1.62,4.9,0.143,0.434,0.129,0.299,56.21,38.91
"2024-11-14 14:30:00",9453,12.14,403,0,1.509,1.69,4.99,0.15,0.442,0.134,0.304,55.99,38.03
"2024-11-14 15:00:00",9454,12.15,403,0,1.475,1.6,4.93,0.142,0.436,0.127,0.304,56.52,38.39
"2024-11-14 15:30:00",9455,12.15,403,0,1.618,1.78,5.38,0.157,0.476,0.144,0.329,54.16,39.16
"2024-11-14 16:00:00",9456,12.15,403,0,1.6,1.78,5.3,0.157,0.469,0.143,0.318,54.67,38.6
"2024-11-14 16:30:00",9457,12.14,403,0,1.353,1.48,4.51,0.131,0.399,0.121,0.272,55.37,37.25
"2024-11-14 17:00:00",9458,12.14,403,0,1.066,1.11,3.61,0.098,0.319,0.092,0.224,53.8,37.31
"2024-11-14 17:30:00",9459,12.14,403,0,0.821,0.79,2.85,0.07,0.252,0.07,0.178,54.14,36.99
"2024-11-14 18:00:00",9460,12.14,403,0,0.631,0.53,2.27,0.047,0.201,0.05,0.139,52.83,36.34
"2024-11-14 18:30:00",9461,12.14,403,0,0.488,0.35,1.82,0.031,0.161,0.032,0.115,52.67,36.34
"2024-11-14 19:00:00",9462,12.13,403,0,0.357,0.15,1.44,0.013,0.127,0.022,0.098,53.07,36.18
"2024-11-14 19:30:00",9463,12.13,403,0,0.273,0.09,1.13,0.008,0.1,0.015,0.078,53.54,35.67
"2024-11-14 20:00:00",9464,12.13,403,0,0.216,-0.02,0.99,-0.003,0.088,0.005,0.071,53.42,35.15
"2024-11-14 20:30:00",9465,12.13,403,0,0.178,-0.02,0.82,-0.003,0.073,0.007,0.058,53.37,35.51
"2024-11-14 21:00:00",9466,12.13,403,0,0.112,-0.14,0.65,-0.013,0.058,-0.003,0.052,52.04,35.15
"2024-11-14 21:30:00",9467,12.12,403,0,0.06,-0.2,0.48,-0.018,0.042,-0.005,0.042,52.1,34.8
"2024-11-14 22:00:00",9468,12.12,403,0,0.04,-0.26,0.45,-0.024,0.039,-0.01,0.037,52.43,34.57
"2024-11-14 22:30:00",9469,12.12,403,0,0.049,-0.22,0.45,-0.021,0.039,-0.012,0.039,53.43,34.9
"2024-11-14 23:00:00",9470,12.11,403,0,0.017,-0.25,0.34,-0.023,0.03,-0.012,0.034,52.14,34.69
"2024-11-14 23:30:00",9471,12.12,403,0,0.011,-0.25,0.31,-0.023,0.027,-0.012,0.032,53.25,34.58
"2024-11-15 00:00:00",9472,12.11,403,0,0.011,-0.25,0.31,-0.023,0.027,-0.012,0.029,52.19,34.48
"2024-11-15 00:30:00",9473,12.11,403,0,-0.011,-0.28,0.24,-0.026,0.021,-0.012,0.027,53.12,34.59
"2024-11-15 01:00:00",9474,12.11,403,0,0.007,-0.23,0.27,-0.021,0.024,-0.01,0.027,52.13,34.68
"2024-11-15 01:30:00",9475,12.11,403,0,-0.025,-0.31,0.21,-0.029,0.018,-0.015,0.022,53.93,34.74
"2024-11-15 02:00:00",9476,12.11,403,0,-0.018,-0.28,0.21,-0.026,0.018,-0.012,0.025,51.73,34.43
"2024-11-15 02:30:00",9477,12.1,403,0,0.002,-0.22,0.24,-0.021,0.021,-0.01,0.029,52.9,34.79
"2024-11-15 03:00:00",9478,12.1,403,0,-0.004,-0.28,0.27,-0.026,0.024,-0.012,0.029,53.2,34.83
"2024-11-15 03:30:00",9479,12.1,403,0,-0.004,-0.25,0.24,-0.023,0.021,-0.01,0.025,51.72,34.84
"2024-11-15 04:00:00",9480,12.1,403,0,0.002,-0.25,0.27,-0.023,0.024,-0.012,0.025,51.71,34.83
"2024-11-15 04:30:00",9481,12.1,403,0,0.015,-0.23,0.31,-0.021,0.027,-0.012,0.032,52.7,34.74
"2024-11-15 05:00:00",9482,12.1,403,0,-0.004,-0.28,0.27,-0.026,0.024,-0.012,0.027,52.75,34.48
"2024-11-15 05:30:00",9483,12.09,403,0,0,-0.26,0.27,-0.023,0.024,-0.01,0.029,52.02,34.47
"2024-11-15 06:00:00",9484,12.1,403,0,-0.006,-0.23,0.21,-0.021,0.018,-0.01,0.025,52.84,34.73
"2024-11-15 06:30:00",9485,12.09,403,0,-0.036,-0.32,0.17,-0.029,0.015,-0.015,0.022,52.23,34.78
"2024-11-15 07:00:00",9486,12.09,403,0,-0.013,-0.26,0.21,-0.023,0.018,-0.013,0.025,52.7,34.99
"2024-11-15 07:30:00",9487,12.09,403,0,-0.006,-0.23,0.21,-0.021,0.018,-0.005,0.027,53.05,35.19
"2024-11-15 08:00:00",9488,12.09,403,0,-0.02,-0.29,0.21,-0.026,0.018,-0.013,0.027,52.43,34.73
"2024-11-15 08:30:00",9489,12.09,403,0,-0.011,-0.25,0.21,-0.023,0.018,-0.012,0.022,52.23,35.34
"2024-11-15 09:00:00",9490,12.09,403,0,-0.011,-0.31,0.27,-0.028,0.024,-0.015,0.029,54.33,34.99
"2024-11-15 09:30:00",9491,12.08,403,0,0.069,-0.19,0.51,-0.018,0.045,-0.007,0.042,52.8,34.53
"2024-11-15 10:00:00",9492,12.08,403,0,0.195,0.06,0.81,0.005,0.072,0.01,0.059,54.65,35.3
"2024-11-15 10:30:00",9493,12.08,403,0,0.302,0.09,1.26,0.008,0.112,0.012,0.085,54.04,36.33
"2024-11-15 11:00:00",9494,12.09,403,0,0.601,0.49,2.18,0.043,0.193,0.044,0.144,53.93,37.05
"2024-11-15 11:30:00",9495,12.09,403,0,0.983,1.11,3.24,0.098,0.287,0.09,0.202,55.82,37.29
"2024-11-15 12:00:00",9496,12.09,403,0,1.324,1.45,4.41,0.128,0.391,0.118,0.275,55.93,38.47
"2024-11-15 12:30:00",9497,12.09,403,0,1.436,1.68,4.67,0.149,0.413,0.131,0.283,55.39,38.34
"2024-11-15 13:00:00",9498,12.09,403,0,1.483,1.55,5.02,0.137,0.444,0.128,0.312,56.63,38.5
"2024-11-15 13:30:00",9499,12.09,403,0,1.528,1.78,4.98,0.157,0.441,0.142,0.301,54.67,38.59
"2024-11-15 14:00:00",9500,12.09,403,0,1.57,1.74,5.21,0.154,0.461,0.144,0.32,56.25,38.79
"2024-11-15 14:30:00",9501,12.09,403,0,1.717,1.92,5.68,0.17,0.503,0.154,0.347,55.22,38.99
"2024-11-15 15:00:00",9502,12.09,403,0,1.79,2.07,5.85,0.183,0.518,0.165,0.351,54.5,38.68
"2024-11-15 15:30:00",9503,12.09,403,0,1.763,2.03,5.77,0.18,0.511,0.166,0.355,58.28,38.52
"2024-11-15 16:00:00",9504,12.08,403,0,1.652,1.9,5.41,0.168,0.479,0.15,0.324,53.28,38.43
"2024-11-15 16:30:00",9505,12.09,403,0,1.569,1.8,5.14,0.159,0.455,0.143,0.311,56.61,39.05
"2024-11-15 17:00:00",9506,12.09,403,0,1.406,1.58,4.64,0.14,0.411,0.125,0.28,53.99,37.1
"2024-11-15 17:30:00",9507,12.08,403,0,1.138,1.21,3.83,0.107,0.339,0.097,0.231,53.85,36.95
"2024-11-15 18:00:00",9508,12.08,403,0,0.948,0.95,3.25,0.084,0.288,0.081,0.199,54.29,36.73
"2024-11-15 18:30:00",9509,12.08,403,0,0.758,0.71,2.65,0.063,0.235,0.063,0.166,53.87,36.58
"2024-11-15 19:00:00",9510,12.07,403,0,0.597,0.51,2.14,0.045,0.189,0.043,0.137,52.65,36.17
"2024-11-15 19:30:00",9511,12.07,403,0,0.439,0.3,1.65,0.026,0.146,0.033,0.11,52.64,35.34
"2024-11-15 20:00:00",9512,12.07,403,0,0.323,0.15,1.29,0.013,0.114,0.02,0.089,54.09,35.15
"2024-11-15 20:30:00",9513,12.06,403,0,0.246,0.06,1.04,0.005,0.092,0.015,0.077,52.75,35.45
"2024-11-15 21:00:00",9514,12.06,403,0,0.201,0.03,0.87,0.003,0.077,0.008,0.065,52.66,35.77
"2024-11-15 21:30:00",9515,12.06,403,0,0.174,-0.02,0.8,-0.003,0.071,0.005,0.057,53.46,35.09
"2024-11-15 22:00:00",9516,12.05,403,0,0.144,-0.08,0.73,-0.008,0.064,0.003,0.052,52.39,34.84
"2024-11-15 22:30:00",9517,12.05,403,0,0.129,-0.08,0.66,-0.008,0.059,0.003,0.05,53.77,35.24
"2024-11-15 23:00:00",9518,12.05,403,0,0.122,-0.08,0.63,-0.008,0.056,0,0.05,53.14,35.18
"2024-11-15 23:30:00",9519,12.06,403,0,0.092,-0.17,0.59,-0.016,0.053,-0.005,0.045,52.8,34.43
"2024-11-16 00:00:00",9520,12.05,403,0,0.092,-0.14,0.56,-0.013,0.049,-0.003,0.045,52.49,35.19
"2024-11-16 00:30:00",9521,12.05,403,0,0.083,-0.14,0.52,-0.013,0.046,-0.003,0.045,52.82,35.52
"2024-11-16 01:00:00",9522,12.05,403,0,0.092,-0.14,0.56,-0.013,0.049,-0.005,0.045,52.77,34.8
"2024-11-16 01:30:00",9523,12.04,403,0,0.07,-0.17,0.49,-0.016,0.043,-0.008,0.042,52.42,35.67
"2024-11-16 02:00:00",9524,12.05,403,0,0.061,-0.17,0.45,-0.016,0.04,-0.005,0.037,52.11,34.8
"2024-11-16 02:30:00",9525,12.04,403,0,0.061,-0.17,0.45,-0.016,0.04,-0.005,0.04,53.23,34.7
"2024-11-16 03:00:00",9526,12.04,403,0,0.063,-0.2,0.49,-0.018,0.043,-0.008,0.04,52.8,34.69
"2024-11-16 03:30:00",9527,12.04,403,0,0.077,-0.14,0.49,-0.013,0.043,-0.005,0.042,53.32,34.13
"2024-11-16 04:00:00",9528,12.04,403,0,0.083,-0.14,0.52,-0.013,0.046,-0.003,0.042,52.61,34.9
"2024-11-16 04:30:00",9529,12.04,403,0,0.07,-0.17,0.49,-0.016,0.043,-0.005,0.042,53.29,35.42
"2024-11-16 05:00:00",9530,12.04,403,0,0.069,-0.2,0.52,-0.019,0.046,-0.008,0.042,52.15,35.1
"2024-11-16 05:30:00",9531,12.03,403,0,0.084,-0.11,0.49,-0.011,0.043,-0.003,0.045,52.91,35.05
"2024-11-16 06:00:00",9532,12.03,403,0,0.09,-0.11,0.52,-0.011,0.046,0,0.042,51.93,34.63
"2024-11-16 06:30:00",9533,12.03,403,0,0.083,-0.14,0.52,-0.013,0.046,-0.005,0.042,51.76,34.88
"2024-11-16 07:00:00",9534,12.03,403,0,0.085,-0.17,0.56,-0.016,0.049,-0.003,0.045,52.16,35.13
"2024-11-16 07:30:00",9535,12.03,403,0,0.076,-0.17,0.52,-0.016,0.046,-0.003,0.042,52.93,35.08
"2024-11-16 08:00:00",9536,12.03,403,0,0.084,-0.11,0.49,-0.01,0.043,0,0.042,53.05,34.52
"2024-11-16 08:30:00",9537,12.02,403,0,0.128,-0.11,0.69,-0.01,0.061,-0.003,0.052,52.89,34.78
"2024-11-16 09:00:00",9538,12.02,403,0,0.287,-0.1,1.39,-0.01,0.123,0.002,0.093,54.84,35.91
"2024-11-16 09:30:00",9539,12.03,403,0,0.694,0.55,2.53,0.048,0.224,0.052,0.158,54.02,36.72
"2024-11-16 10:00:00",9540,12.02,403,0,1.169,1.34,3.83,0.119,0.339,-99,0.24,-99,39.09
"2024-11-16 10:30:00",9541,12.03,403,0,1.691,2.15,5.32,0.19,0.47,0.167,0.338,53.53,39.1
"2024-11-16 11:00:00",9542,12.03,403,0,1.964,2.19,6.5,0.194,0.576,0.18,0.396,57.06,39.76
"2024-11-16 11:30:00",9543,12.04,403,0,2.256,2.59,7.39,0.229,0.654,0.212,0.46,56.78,40.44
"2024-11-16 12:00:00",9544,12.04,403,0,2.441,3.2,7.58,0.283,0.671,0.256,0.474,56.53,40.03
"2024-11-16 12:30:00",9545,12.04,403,0,2.515,3.06,8.06,0.271,0.713,0.249,0.505,55.9,39.67
"2024-11-16 13:00:00",9546,12.04,403,0,2.63,3.15,8.48,0.279,0.75,0.253,0.517,55.16,38.83
"2024-11-16 13:30:00",9547,12.05,403,0,2.722,3.35,8.68,0.297,0.768,0.268,0.533,56.09,40.02
"2024-11-16 14:00:00",9548,12.04,403,0,2.721,3.34,8.69,0.296,0.769,0.265,0.53,55.48,38.84
"2024-11-16 14:30:00",9549,12.05,403,0,2.782,3.32,8.98,0.294,0.795,0.268,0.544,56.54,38.98
"2024-11-16 15:00:00",9550,12.05,403,0,2.844,3.52,9.05,0.311,0.801,0.273,0.547,56.94,39.65
"2024-11-16 15:30:00",9551,12.04,403,0,2.744,3.36,8.77,0.297,0.776,0.266,0.524,53.54,38.69
"2024-11-16 16:00:00",9552,12.04,403,0,2.571,3.09,8.28,0.274,0.733,0.245,0.493,56.54,37.61
"2024-11-16 16:30:00",9553,12.04,403,0,2.297,2.7,7.46,0.239,0.661,0.215,0.443,55,38.37
"2024-11-16 17:00:00",9554,12.04,403,0,1.949,2.26,6.36,0.2,0.563,0.178,0.379,54.58,38.26
"2024-11-16 17:30:00",9555,12.03,403,0,1.483,1.68,4.88,0.149,0.432,0.134,0.292,54.16,37.68
"2024-11-16 18:00:00",9556,12.03,403,0,0.973,1.02,3.29,0.091,0.291,0.086,0.199,53.37,36.48
"2024-11-16 18:30:00",9557,12.02,403,0,0.631,0.58,2.22,0.052,0.197,0.052,0.139,52.81,36.33
"2024-11-16 19:00:00",9558,12.02,403,0,0.432,0.27,1.65,0.024,0.146,0.034,0.109,53.22,35.76
"2024-11-16 19:30:00",9559,12.02,403,0,0.321,0.15,1.28,0.013,0.114,0.021,0.086,52.89,35.6
"2024-11-16 20:00:00",9560,12.01,403,0,0.26,0.09,1.07,0.008,0.095,0.015,0.073,52.8,34.54
"2024-11-16 20:30:00",9561,12.01,403,0,0.194,-0.02,0.89,-0.003,0.079,0.008,0.063,53.26,34.99
"2024-11-16 21:00:00",9562,12.01,403,0,0.171,-0.05,0.82,-0.005,0.072,0.005,0.061,52.36,35.2
"2024-11-16 21:30:00",9563,12,403,0,0.149,-0.08,0.75,-0.008,0.066,-0.003,0.053,52.41,34.69
"2024-11-16 22:00:00",9564,12,403,0,0.133,-0.08,0.68,-0.008,0.06,0.003,0.053,52.4,34.84
"2024-11-16 22:30:00",9565,11.99,403,0,0.117,-0.11,0.64,-0.011,0.057,-0.003,0.048,52.96,34.43
"2024-11-16 23:00:00",9566,11.99,403,0,0.079,-0.17,0.53,-0.016,0.047,-0.003,0.046,52.6,34.74
"2024-11-16 23:30:00",9567,11.99,403,0,0.081,-0.2,0.57,-0.019,0.051,-0.005,0.046,52.04,35.31
"2024-11-17 00:00:00",9568,11.98,403,0,0.072,-0.2,0.53,-0.019,0.047,-0.008,0.045,51.97,34.68
"2024-11-17 00:30:00",9569,11.97,403,0,0.081,-0.17,0.54,-0.016,0.047,-0.003,0.043,51.57,34.27
"2024-11-17 01:00:00",9570,11.98,403,0,0.072,-0.17,0.5,-0.016,0.044,-0.005,0.041,52.22,34.67
"2024-11-17 01:30:00",9571,11.97,403,0,0.072,-0.17,0.5,-0.016,0.044,-0.005,0.041,51.67,34.78
"2024-11-17 02:00:00",9572,11.97,403,0,0.056,-0.2,0.46,-0.019,0.041,-0.01,0.04,52.03,34.73
"2024-11-17 02:30:00",9573,11.97,403,0,0.088,-0.14,0.54,-0.014,0.047,0,0.041,51.67,35.2
"2024-11-17 03:00:00",9574,11.97,403,0,0.088,-0.14,0.54,-0.014,0.047,-0.003,0.046,52.28,34.73
"2024-11-17 03:30:00",9575,11.97,403,0,0.088,-0.14,0.54,-0.014,0.047,-0.003,0.043,51.94,34.64
"2024-11-17 04:00:00",9576,11.96,403,0,0.056,-0.2,0.46,-0.019,0.041,-0.008,0.041,52.99,34.62
"2024-11-17 04:30:00",9577,11.96,403,0,0.095,-0.14,0.57,-0.014,0.051,-0.003,0.046,52.64,34.78
"2024-11-17 05:00:00",9578,11.95,403,0,0.088,-0.14,0.54,-0.013,0.047,-0.003,0.043,52.33,34.62
"2024-11-17 05:30:00",9579,11.94,403,0,0.086,-0.14,0.53,-0.013,0.047,-0.005,0.043,53.05,34.94
"2024-11-17 06:00:00",9580,11.94,403,0,0.095,-0.11,0.54,-0.011,0.048,-0.003,0.043,52.81,34.69
"2024-11-17 06:30:00",9581,11.94,403,0,0.102,-0.11,0.57,-0.011,0.05,0,0.043,53.06,35.5
"2024-11-17 07:00:00",9582,11.95,403,0,0.116,-0.02,0.54,-0.003,0.047,0.003,0.046,51.88,34.17
"2024-11-17 07:30:00",9583,11.95,403,0,0.081,-0.17,0.54,-0.016,0.047,-0.008,0.046,52.55,34.99
"2024-11-17 08:00:00",9584,11.94,403,0,0.079,-0.17,0.53,-0.016,0.047,-0.005,0.046,52.65,34.94
"2024-11-17 08:30:00",9585,11.94,403,0,0.169,-0.05,0.81,-0.005,0.072,0.003,0.058,53.15,35.19
"2024-11-17 09:00:00",9586,11.94,403,0,0.302,0.06,1.29,0.005,0.114,0.01,0.085,53.98,35.6
"2024-11-17 09:30:00",9587,11.94,403,0,0.597,0.46,2.19,0.041,0.194,0.042,0.138,55.75,37.21
"2024-11-17 10:00:00",9588,11.94,403,0,0.897,0.83,3.15,0.073,0.279,0.071,0.203,65.7,38.16
"2024-11-17 10:30:00",9589,11.95,403,0,1.179,1.09,4.14,0.097,0.366,0.098,0.269,53.79,38.54
"2024-11-17 11:00:00",9590,11.95,403,0,1.653,1.92,5.39,0.17,0.477,0.153,0.329,55.93,38.63
"2024-11-17 11:30:00",9591,11.95,403,0,1.694,1.86,5.64,0.164,0.499,0.154,0.349,56.66,39.1
"2024-11-17 12:00:00",9592,11.96,403,0,1.892,2.14,6.23,0.189,0.551,0.179,0.395,59.74,40.54
"2024-11-17 12:30:00",9593,11.97,403,0,2.08,2.47,6.73,0.219,0.596,0.201,0.423,56.69,39.78
"2024-11-17 13:00:00",9594,11.97,403,0,2.294,2.79,7.35,0.247,0.65,0.219,0.448,56.07,39.17
"2024-11-17 13:30:00",9595,11.97,403,0,2.394,2.78,7.81,0.246,0.691,0.222,0.476,56.64,39.89
"2024-11-17 14:00:00",9596,11.97,403,0,2.526,3.05,8.12,0.27,0.719,0.242,0.491,55.93,39.03
"2024-11-17 14:30:00",9597,11.98,403,0,2.418,2.91,7.78,0.258,0.689,0.229,0.471,56.39,39.48
"2024-11-17 15:00:00",9598,11.97,403,0,2.265,2.63,7.39,0.232,0.654,0.21,0.445,55.46,39.63
"2024-11-17 15:30:00",9599,11.97,403,0,2.187,2.6,7.07,0.23,0.626,0.203,0.42,55.48,38.57
"2024-11-17 16:00:00",9600,11.96,403,0,2.162,2.54,7.02,0.225,0.621,0.199,0.416,54.37,39.11
"2024-11-17 16:30:00",9601,11.97,403,0,1.935,2.22,6.34,0.197,0.562,0.178,0.376,55,38.1
"2024-11-17 17:00:00",9602,11.96,403,0,1.564,1.77,5.15,0.157,0.456,0.142,0.307,53.97,38.14
"2024-11-17 17:30:00",9603,11.96,403,0,1.258,1.39,4.18,0.123,0.37,0.112,0.249,52.88,37.88
"2024-11-17 18:00:00",9604,11.96,403,0,0.971,0.99,3.31,0.088,0.293,0.084,0.199,53.39,36.49
"2024-11-17 18:30:00",9605,11.95,403,0,0.733,0.68,2.57,0.06,0.227,0.057,0.16,52.62,36.13
"2024-11-17 19:00:00",9606,11.95,403,0,0.557,0.5,1.97,0.044,0.175,0.042,0.126,52.66,36.18
"2024-11-17 19:30:00",9607,11.94,403,0,0.347,0.06,1.49,0.006,0.132,0.018,0.097,52,35.67
"2024-11-17 20:00:00",9608,11.94,403,0,0.275,0,1.23,0,0.109,0.008,0.082,52,34.7
"2024-11-17 20:30:00",9609,11.93,403,0,0.219,0,0.98,0,0.086,0.008,0.067,52.12,35.06
"2024-11-17 21:00:00",9610,11.93,403,0,0.172,-0.02,0.79,-0.003,0.07,0.008,0.059,52.86,34.58
"2024-11-17 21:30:00",9611,11.92,403,0,0.112,-0.14,0.65,-0.014,0.057,-0.003,0.049,52.36,35.05
"2024-11-17 22:00:00",9612,11.92,403,0,0.072,-0.18,0.51,-0.017,0.045,-0.005,0.044,51.43,35.2
"2024-11-17 22:30:00",9613,11.92,403,0,0.057,-0.27,0.54,-0.025,0.048,-0.01,0.044,51.91,35.16
"2024-11-17 23:00:00",9614,11.9,403,0,0.042,-0.27,0.47,-0.025,0.041,-0.01,0.038,52.36,34.8
"2024-11-17 23:30:00",9615,11.9,403,0,0.081,-0.14,0.51,-0.013,0.045,-0.003,0.041,51.8,34.9
"2024-11-18 00:00:00",9616,11.91,403,0,0.051,-0.23,0.47,-0.022,0.041,-0.008,0.041,52.56,34.28
"2024-11-18 00:30:00",9617,11.9,403,0,0.047,-0.18,0.4,-0.016,0.035,-0.005,0.038,51.42,34.68
"2024-11-18 01:00:00",9618,11.9,403,0,-0.005,-0.33,0.32,-0.03,0.029,-0.016,0.036,52.02,34.71
"2024-11-18 01:30:00",9619,11.9,403,0,0.033,-0.23,0.39,-0.022,0.035,-0.013,0.036,52.87,34.18
"2024-11-18 02:00:00",9620,11.9,403,0,0.05,-0.17,0.4,-0.016,0.035,-0.005,0.033,53.02,35.15
"2024-11-18 02:30:00",9621,11.9,403,0,0.033,-0.27,0.43,-0.024,0.038,-0.01,0.036,51.94,34.9
"2024-11-18 03:00:00",9622,11.89,403,0,0.049,-0.2,0.43,-0.019,0.038,-0.008,0.038,52.4,35.26
"2024-11-18 03:30:00",9623,11.89,403,0,0.033,-0.23,0.39,-0.022,0.035,-0.01,0.036,52.25,34.54
"2024-11-18 04:00:00",9624,11.89,403,0,0.033,-0.23,0.39,-0.021,0.035,-0.01,0.036,52.68,35.37
"2024-11-18 04:30:00",9625,11.89,403,0,0.033,-0.23,0.39,-0.022,0.035,-0.008,0.033,52.46,35.31
"2024-11-18 05:00:00",9626,11.89,403,0,0.043,-0.2,0.4,-0.019,0.035,-0.008,0.036,52.26,35.36
"2024-11-18 05:30:00",9627,11.89,403,0,0.033,-0.23,0.39,-0.022,0.035,-0.01,0.036,52.96,34.84
"2024-11-18 06:00:00",9628,11.88,403,0,0.018,-0.23,0.32,-0.022,0.028,-0.008,0.033,52.66,34.54
"2024-11-18 06:30:00",9629,11.87,403,0,0.018,-0.23,0.32,-0.022,0.028,-0.01,0.028,53.48,34.69
"2024-11-18 07:00:00",9630,11.88,403,0,0.002,-0.26,0.28,-0.024,0.025,-0.013,0.028,52.44,34.73
"2024-11-18 07:30:00",9631,11.88,403,0,-0.009,-0.32,0.29,-0.03,0.025,-0.015,0.031,52.97,34.85
"2024-11-18 08:00:00",9632,11.88,403,0,0.009,-0.23,0.28,-0.021,0.025,-0.01,0.028,52.11,34.8
"2024-11-18 08:30:00",9633,11.87,403,0,0.011,-0.26,0.32,-0.024,0.028,-0.013,0.031,53.93,35
"2024-11-18 09:00:00",9634,11.87,403,0,0.137,-0.11,0.73,-0.01,0.065,-0.003,0.056,54.32,35.53
"2024-11-18 09:30:00",9635,11.88,403,0,0.307,0.06,1.31,0.005,0.116,0.012,0.09,54.58,35.79
"2024-11-18 10:00:00",9636,11.88,403,0,0.557,0.33,2.15,0.029,0.19,0.029,0.142,64.26,37.68
"2024-11-18 10:30:00",9637,11.88,403,0,0.879,0.79,3.11,0.07,0.275,0.07,0.209,56.41,39.36
"2024-11-18 11:00:00",9638,11.89,403,0,1.349,1.52,4.45,0.134,0.394,0.12,0.275,55.12,38.07
"2024-11-18 11:30:00",9639,11.9,403,0,1.533,1.62,5.17,0.144,0.458,0.135,0.323,57.89,39.36
"2024-11-18 12:00:00",9640,11.9,403,0,2.016,2.27,6.65,0.201,0.589,0.185,0.424,59.85,40.5
"2024-11-18 12:30:00",9641,11.9,403,0,2.443,2.97,7.83,0.263,0.693,0.241,0.489,55.82,39.32
"2024-11-18 13:00:00",9642,11.91,403,0,2.658,3.22,8.53,0.285,0.755,0.258,0.527,56.91,39.59
"2024-11-18 13:30:00",9643,11.91,403,0,2.951,3.53,9.52,0.312,0.843,0.29,0.595,56.45,38.72
"2024-11-18 14:00:00",9644,11.92,403,0,3.087,3.7,9.95,0.328,0.88,0.305,0.621,57.32,39.18
"2024-11-18 14:30:00",9645,11.92,403,0,3.047,3.74,9.73,0.331,0.861,0.299,0.603,55.85,39.11
"2024-11-18 15:00:00",9646,11.92,403,0,2.975,3.64,9.51,0.322,0.841,0.294,0.578,56.18,39.27
"2024-11-18 15:30:00",9647,11.92,403,0,2.848,3.48,9.11,0.308,0.806,0.273,0.545,55.49,39.01
"2024-11-18 16:00:00",9648,11.92,403,0,2.524,3.03,8.13,0.268,0.719,0.234,0.486,54.56,38.64
"2024-11-18 16:30:00",9649,11.92,403,0,2.114,2.47,6.88,0.219,0.609,0.198,0.409,54.88,38.54
"2024-11-18 17:00:00",9650,11.92,403,0,1.603,1.84,5.25,0.163,0.464,0.144,0.313,55.33,38.28
"2024-11-18 17:30:00",9651,11.92,403,0,1.08,1.16,3.62,0.103,0.32,0.093,0.221,54.09,37.2
"2024-11-18 18:00:00",9652,11.91,403,0,0.645,0.56,2.3,0.05,0.204,0.05,0.144,53.29,37.06
"2024-11-18 18:30:00",9653,11.9,403,0,0.418,0.28,1.58,0.025,0.14,0.029,0.101,53.04,35.17
"2024-11-18 19:00:00",9654,11.9,403,0,0.298,0.09,1.24,0.008,0.11,0.019,0.085,52.16,35.42
"2024-11-18 19:30:00",9655,11.89,403,0,0.235,0.06,0.99,0.005,0.087,0.011,0.07,52.52,34.8
"2024-11-18 20:00:00",9656,11.88,403,0,0.16,-0.08,0.8,-0.008,0.071,0.003,0.059,52.36,34.65
"2024-11-18 20:30:00",9657,11.88,403,0,0.135,-0.08,0.69,-0.008,0.061,0,0.054,52.05,35.56
"2024-11-18 21:00:00",9658,11.88,403,0,0.106,-0.14,0.62,-0.014,0.055,-0.003,0.046,52.67,35.1
"2024-11-18 21:30:00",9659,11.87,403,0,0.081,-0.17,0.54,-0.016,0.048,-0.005,0.046,53.24,34.29
"2024-11-18 22:00:00",9660,11.87,403,0,0.047,-0.21,0.43,-0.019,0.038,-0.005,0.039,52.87,34.75
"2024-11-18 22:30:00",9661,11.87,403,0,0.042,-0.24,0.44,-0.022,0.039,-0.011,0.036,52.38,34.91
"2024-11-18 23:00:00",9662,11.86,403,0,0.024,-0.24,0.36,-0.022,0.032,-0.011,0.034,53.23,35.26
"2024-11-18 23:30:00",9663,11.86,403,0,0.02,-0.26,0.36,-0.024,0.032,-0.016,0.034,52.51,34.79
"2024-11-19 00:00:00",9664,11.85,403,0,0.015,-0.24,0.32,-0.022,0.029,-0.011,0.028,52.53,34.25
"2024-11-19 00:30:00",9665,11.85,403,0,0.011,-0.27,0.33,-0.025,0.029,-0.011,0.031,52.51,35.46
"2024-11-19 01:00:00",9666,11.85,403,0,0.001,-0.3,0.32,-0.027,0.029,-0.013,0.028,52.97,34.85
"2024-11-19 01:30:00",9667,11.85,403,0,-0.002,-0.33,0.33,-0.03,0.029,-0.016,0.031,52.21,34.91
"2024-11-19 02:00:00",9668,11.85,403,0,0.008,-0.27,0.32,-0.024,0.029,-0.01,0.034,52.42,34.71
"2024-11-19 02:30:00",9669,11.85,403,0,0.001,-0.3,0.32,-0.027,0.029,-0.013,0.034,51.71,34.96
"2024-11-19 03:00:00",9670,11.85,403,0,0.027,-0.23,0.36,-0.022,0.032,-0.008,0.031,53.55,34.6
"2024-11-19 03:30:00",9671,11.85,403,0,0.029,-0.26,0.4,-0.024,0.035,-0.01,0.036,52.47,35.41
"2024-11-19 04:00:00",9672,11.84,403,0,0.026,-0.27,0.4,-0.025,0.035,-0.011,0.036,51.81,35.47
"2024-11-19 04:30:00",9673,11.84,403,0,0.04,-0.24,0.43,-0.022,0.038,-0.01,0.041,53.44,35.31
"2024-11-19 05:00:00",9674,11.84,403,0,0.056,-0.18,0.44,-0.017,0.039,-0.003,0.039,52.44,35.38
"2024-11-19 05:30:00",9675,11.84,403,0,0.056,-0.18,0.44,-0.017,0.039,-0.005,0.036,51.64,35.57
"2024-11-19 06:00:00",9676,11.83,403,0,0.056,-0.21,0.47,-0.019,0.042,-0.008,0.039,53.04,35.33
"2024-11-19 06:30:00",9677,11.83,403,0,0.033,-0.24,0.4,-0.022,0.035,-0.008,0.034,53.4,35.27
"2024-11-19 07:00:00",9678,11.83,403,0,0.07,-0.15,0.47,-0.014,0.042,-0.003,0.039,52.89,35.02
"2024-11-19 07:30:00",9679,11.83,403,0,0.054,-0.15,0.4,-0.014,0.035,-0.003,0.036,52.43,35.12
"2024-11-19 08:00:00",9680,11.83,403,0,0.063,-0.15,0.44,-0.014,0.039,-0.003,0.034,52.85,34.71
"2024-11-19 08:30:00",9681,11.83,403,0,0.081,-0.14,0.51,-0.014,0.045,-0.005,0.039,52.11,35.47
"2024-11-19 09:00:00",9682,11.82,403,0,0.309,0.12,1.26,0.011,0.111,0.018,0.08,52.99,35.68
"2024-11-19 09:30:00",9683,11.81,403,0,0.703,0.59,2.53,0.052,0.224,0.053,0.162,54.8,36.51
"2024-11-19 10:00:00",9684,11.82,403,0,1.088,0.88,3.95,0.078,0.35,0.077,0.251,59.98,38.15
"2024-11-19 10:30:00",9685,11.82,403,0,1.431,1.49,4.85,0.132,0.43,0.126,0.32,56.73,39.98
"2024-11-19 11:00:00",9686,11.83,403,0,2.073,2.36,6.81,0.209,0.603,0.192,0.417,55.5,39.26
"2024-11-19 11:30:00",9687,11.83,403,0,2.298,2.6,7.57,0.23,0.67,0.21,0.468,56.18,39.68
"2024-11-19 12:00:00",9688,11.84,403,0,2.432,2.75,8.01,0.243,0.709,0.226,0.497,57.39,40.08
"2024-11-19 12:30:00",9689,11.84,403,0,2.555,2.99,8.31,0.265,0.735,0.239,0.508,55.29,39.62
"2024-11-19 13:00:00",9690,11.84,403,0,2.593,3.06,8.41,0.27,0.745,0.249,0.516,58,39.31
"2024-11-19 13:30:00",9691,11.84,403,0,2.754,3.26,8.92,0.288,0.789,0.261,0.543,57.53,38.85
"2024-11-19 14:00:00",9692,11.84,403,0,2.781,3.45,8.84,0.305,0.782,0.272,0.538,55.45,39.11
"2024-11-19 14:30:00",9693,11.84,403,0,2.317,2.71,7.54,0.24,0.667,0.219,0.453,55.05,38.81
"2024-11-19 15:00:00",9694,11.84,403,0,2.148,2.49,7.01,0.221,0.62,0.2,0.423,56.64,39.33
"2024-11-19 15:30:00",9695,11.84,403,0,2.338,2.72,7.62,0.241,0.674,0.217,0.457,56.43,38.86
"2024-11-19 16:00:00",9696,11.84,403,0,2.1,2.47,6.82,0.218,0.603,0.193,0.407,54.41,39.31
"2024-11-19 16:30:00",9697,11.84,403,0,1.65,1.88,5.42,0.166,0.479,0.146,0.321,55.41,38.1
