"TOA5","CR300Series_701","CR300","5033","CR300.Std.11.00","CPU:CR300_sapflow.CR300","32345","Table2"
"TIMESTAMP","RECORD","BattV_Min","id","SDI1","SapFlwTot1","VhOuter1","VhInner1","AlphaOut1","AlphaIn1","BetaOut1","BetaIn1","tMaxTout1","tMaxTin1"
"TS","RN","Volts","","","literPerHour","heatVelocity","heatVelocity","logTRatio","logTRatio","logTRatio","logTRatio","second","second"
"","","Min","Smp","Smp","Smp","Smp","Smp","Smp","Smp","Smp","Smp","Smp","Smp"
"2024-10-30 14:00:00",1675,13.02,701,1,"NAN","NAN","NAN","NAN","NAN","NAN","NAN","NAN","NAN"
"2024-10-30 14:30:00",1676,12.9,701,1,"NAN","NAN","NAN","NAN","NAN","NAN","NAN","NAN","NAN"
"2024-10-30 15:00:00",1677,12.9,701,1,"NAN","NAN","NAN","NAN","NAN","NAN","NAN","NAN","NAN"
"2024-10-30 15:30:00",1678,12.91,701,1,"NAN","NAN","NAN","NAN","NAN","NAN","NAN","NAN","NAN"
"2024-10-30 16:00:00",1679,12.93,701,1,2.402,4.42,3.07,0.346,0.24,0.186,0.057,36.61,24.54
"2024-10-30 16:30:00",1680,12.95,701,1,2.119,3.87,2.74,0.303,0.215,0.173,0.052,37.93,25.55
"2024-10-30 17:00:00",1681,12.96,701,1,1.719,3.16,2.2,0.248,0.172,0.122,0.04,38.46,27.48
"2024-10-30 17:30:00",1682,12.96,701,1,1.29,2.43,1.59,0.19,0.125,0.095,0.027,36.28,26.55
"2024-10-30 18:00:00",1683,12.97,701,1,0.89,1.73,1.04,0.135,0.081,0.067,0.01,35.95,24.14
"2024-10-30 18:30:00",1684,12.97,701,1,0.597,1.13,0.73,0.088,0.057,0.038,0.003,35.07,25.35
"2024-10-30 19:00:00",1685,12.96,701,1,0.455,0.83,0.59,0.065,0.046,0.034,0.003,37.98,25.17
"2024-10-30 19:30:00",1686,12.96,701,1,0.376,0.76,0.41,0.059,0.032,0.03,0.007,33.25,24.51
"2024-10-30 20:00:00",1687,12.96,701,1,0.302,0.61,0.33,0.048,0.026,0.019,-0.005,34.12,25.92
"2024-10-30 20:30:00",1688,12.96,701,1,0.293,0.58,0.33,0.046,0.026,-0.006,-0.007,34.18,24.87
"2024-10-30 21:00:00",1689,12.95,701,1,0.226,0.48,0.22,0.038,0.017,0.013,-0.005,34.91,25.03
"2024-10-30 21:30:00",1690,12.95,701,1,0.25,0.48,0.3,0.038,0.023,0.019,-0.005,36.9,24.67
"2024-10-30 22:00:00",1691,12.95,701,1,0.228,0.45,0.26,0.035,0.02,0.013,-0.005,35.07,24.66
"2024-10-30 22:30:00",1692,12.95,701,1,0.207,0.45,0.19,0.035,0.015,0.015,-0.009,34.8,25.24
"2024-10-30 23:00:00",1693,12.95,701,1,0.226,0.48,0.22,0.038,0.018,0.011,-0.007,34.71,24.41
"2024-10-30 23:30:00",1694,12.95,701,1,0.205,0.38,0.26,0.03,0.021,0.013,-0.004,35.01,24.87
"2024-10-31 00:00:00",1695,12.94,701,1,0.207,0.45,0.19,0.035,0.015,0.013,-0.009,33.24,25.6
"2024-10-31 00:30:00",1696,12.95,701,1,0.161,0.31,0.19,0.025,0.015,0.017,-0.007,34.87,24.88
"2024-10-31 01:00:00",1697,12.94,701,1,0.17,0.34,0.19,0.027,0.015,0.006,-0.009,33.88,23.05
"2024-10-31 01:30:00",1698,12.94,701,1,0.19,0.41,0.18,0.032,0.014,0.013,-0.005,34.07,24.35
"2024-10-31 02:00:00",1699,12.94,701,1,0.203,0.41,0.22,0.032,0.017,0.015,-0.005,33.18,25.13
"2024-10-31 02:30:00",1700,12.94,701,1,0.19,0.41,0.18,0.032,0.014,0.011,-0.011,35.11,25.23
"2024-10-31 03:00:00",1701,12.94,701,1,0.213,0.44,0.22,0.035,0.017,0.013,-0.007,35.47,25.33
"2024-10-31 03:30:00",1702,12.94,701,1,0.216,0.45,0.22,0.035,0.017,0.015,-0.007,35.12,24.98
"2024-10-31 04:00:00",1703,12.94,701,1,0.226,0.48,0.22,0.038,0.017,0.013,-0.007,36.06,25.24
"2024-10-31 04:30:00",1704,12.94,701,1,0.25,0.48,0.3,0.038,0.023,0.048,-0.127,26.96,24.93
"2024-10-31 05:00:00",1705,12.95,701,1,0.26,0.51,0.3,0.04,0.023,0.017,-0.009,34.81,25.08
"2024-10-31 05:30:00",1706,12.94,701,1,0.213,0.48,0.18,0.038,0.014,0.015,0.002,36.42,23.93
"2024-10-31 06:00:00",1707,12.95,701,1,0.26,0.51,0.3,0.04,0.023,0.015,0.026,33.24,28.95
"2024-10-31 06:30:00",1708,12.95,701,1,0.276,0.52,0.34,0.041,0.026,0.018,-0.002,46.71,25.28
"2024-10-31 07:00:00",1709,12.95,701,1,0.273,0.55,0.3,0.043,0.023,0.032,-0.005,26.56,26.3
"2024-10-31 07:30:00",1710,12.95,701,1,0.25,0.48,0.3,0.038,0.023,0.015,0.007,35.33,24.77
"2024-10-31 08:00:00",1711,12.95,701,1,0.5,0.93,0.63,0.073,0.05,0.069,-0.002,28.81,25.51
"2024-10-31 08:30:00",1712,12.94,701,1,0.872,1.57,1.15,0.123,0.09,0.053,0.031,34.02,28.64
"2024-10-31 09:00:00",1713,12.95,701,1,1.526,2.79,1.97,0.219,0.154,0.111,0.039,34.77,25.04
"2024-10-31 09:30:00",1714,12.95,701,1,2.075,3.81,2.66,0.299,0.208,0.151,0.046,35.86,27.96
"2024-10-31 10:00:00",1715,12.95,701,1,2.348,4.15,3.18,0.326,0.249,0.161,0.032,36.54,22.63
"2024-10-31 10:30:00",1716,12.95,701,1,2.598,4.81,3.29,0.377,0.258,0.217,0.064,38.72,32.5
"2024-10-31 11:00:00",1717,12.95,701,1,2.718,4.92,3.56,0.386,0.279,0.202,0.05,30.5,22.45
"2024-10-31 11:30:00",1718,12.96,701,1,2.666,4.61,3.72,0.362,0.292,0.218,0.081,39.03,26.12
"2024-10-31 12:00:00",1719,12.96,701,1,3.029,5.5,3.95,0.431,0.31,0.247,0.077,46.51,26.17
"2024-10-31 12:30:00",1720,12.96,701,1,2.961,5.32,3.92,0.417,0.308,0.253,0.081,37.77,25.54
"2024-10-31 13:00:00",1721,12.97,701,1,2.834,5.13,3.71,0.402,0.291,0.221,0.084,38.44,28.46
"2024-10-31 13:30:00",1722,12.97,701,1,2.975,5.4,3.88,0.423,0.305,0.225,0.087,39.97,29.26
"2024-10-31 14:00:00",1723,12.97,701,1,2.923,5.27,3.85,0.413,0.302,0.239,0.09,34.38,27.17
"2024-10-31 14:30:00",1724,12.98,701,1,2.869,5.23,3.72,0.41,0.292,0.223,0.078,38.87,25.23
"2024-10-31 15:00:00",1725,12.98,701,1,2.844,5.2,3.67,0.408,0.288,0.217,0.079,39.59,26.37
"2024-10-31 15:30:00",1726,12.98,701,1,2.726,5.01,3.49,0.393,0.274,0.215,0.072,38.05,26.08
"2024-10-31 16:00:00",1727,12.98,701,1,2.542,4.61,3.32,0.361,0.26,0.165,0.059,40.45,25.03
"2024-10-31 16:30:00",1728,12.98,701,1,2.267,4.17,2.9,0.327,0.227,0.172,0.06,34.74,24.6
"2024-10-31 17:00:00",1729,12.98,701,1,1.921,3.55,2.44,0.279,0.191,0.143,0.041,38,25.92
"2024-10-31 17:30:00",1730,12.98,701,1,1.408,2.61,1.78,0.205,0.14,0.099,0.025,38.57,26.18
"2024-10-31 18:00:00",1731,12.98,701,1,0.954,1.85,1.12,0.145,0.088,0.056,0.02,30.94,29.84
"2024-10-31 18:30:00",1732,12.98,701,1,0.64,1.26,0.73,0.099,0.058,0.049,-0.023,37.22,25.14
"2024-10-31 19:00:00",1733,12.97,701,1,0.556,1.07,0.66,0.084,0.051,0.111,0.027,25.71,24.77
"2024-10-31 19:30:00",1734,12.97,701,1,0.456,0.85,0.57,0.066,0.044,0.031,0.002,34.67,24.68
"2024-10-31 20:00:00",1735,12.96,701,1,0.386,0.78,0.42,0.061,0.033,0.033,-0.005,34.29,25.98
"2024-10-31 20:30:00",1736,12.96,701,1,0.353,0.68,0.42,0.053,0.033,0.059,0,41.25,26.08
"2024-10-31 21:00:00",1737,12.96,701,1,0.321,0.61,0.39,0.048,0.03,0.02,-0.009,34.81,25.08
"2024-10-31 21:30:00",1738,12.95,701,1,0.273,0.54,0.31,0.042,0.024,0.018,-0.007,36.48,24.25
"2024-10-31 22:00:00",1739,12.95,701,1,0.26,0.5,0.31,0.039,0.024,0.018,-0.021,31.66,25.13
"2024-10-31 22:30:00",1740,12.95,701,1,0.258,0.53,0.27,0.042,0.021,0.017,0,29.78,24.92
"2024-10-31 23:00:00",1741,12.94,701,1,0.209,0.42,0.23,0.033,0.018,0.02,0.004,37.83,27.53
"2024-10-31 23:30:00",1742,12.95,701,1,0.219,0.45,0.23,0.036,0.018,0.015,-0.002,36.33,24.77
"2024-11-01 00:00:00",1743,12.94,701,1,0.229,0.48,0.23,0.038,0.018,0.011,-0.007,34.07,24.61
"2024-11-01 00:30:00",1744,12.94,701,1,0.209,0.42,0.23,0.033,0.018,0.013,0,38.15,26.07
"2024-11-01 01:00:00",1745,12.94,701,1,0.222,0.42,0.27,0.033,0.021,0.013,-0.004,36.16,26.02
"2024-11-01 01:30:00",1746,12.94,701,1,0.209,0.42,0.23,0.033,0.018,0.02,-0.004,35.68,25.7
"2024-11-01 02:00:00",1747,12.94,701,1,0.258,0.57,0.23,0.045,0.018,0.016,0.032,34.17,26.12
"2024-11-01 02:30:00",1748,12.94,701,1,0.283,0.57,0.31,0.045,0.024,0.018,-0.007,35.19,24.62
"2024-11-01 03:00:00",1749,12.94,701,1,0.296,0.57,0.35,0.045,0.027,0.02,-0.007,37.01,24.51
"2024-11-01 03:30:00",1750,12.94,701,1,0.27,0.53,0.31,0.042,0.024,0.018,-0.005,38.38,22.95
"2024-11-01 04:00:00",1751,12.94,701,1,0.258,0.53,0.27,0.041,0.021,0.016,0,37.43,25.77
"2024-11-01 04:30:00",1752,12.94,701,1,0.258,0.53,0.27,0.042,0.021,0.022,0.005,33.03,24.98
"2024-11-01 05:00:00",1753,12.93,701,1,0.283,0.57,0.31,0.045,0.024,0.011,-0.002,31.26,25.3
"2024-11-01 05:30:00",1754,12.93,701,1,0.245,0.53,0.23,0.042,0.018,0.009,0.068,34.54,28.74
"2024-11-01 06:00:00",1755,12.93,701,1,0.277,0.56,0.3,0.044,0.024,0.015,-0.005,35.01,24.19
"2024-11-01 06:30:00",1756,12.93,701,1,0.27,0.53,0.31,0.042,0.024,0.011,-0.004,33.87,25.4
"2024-11-01 07:00:00",1757,12.93,701,1,0.258,0.53,0.27,0.042,0.021,0.022,-0.013,36.68,25.02
"2024-11-01 07:30:00",1758,12.93,701,1,0.283,0.57,0.31,0.044,0.024,0.029,-0.002,34.75,24.45
"2024-11-01 08:00:00",1759,12.93,701,1,0.53,1.03,0.62,0.081,0.048,0.047,0.005,35.49,24.25
"2024-11-01 08:30:00",1760,12.93,701,1,0.944,1.79,1.15,0.141,0.09,0.075,0.017,35.97,24.99
"2024-11-01 09:00:00",1761,12.93,701,1,1.418,2.61,1.81,0.205,0.142,0.107,0.029,36.07,25.77
"2024-11-01 09:30:00",1762,12.93,701,1,1.988,3.64,2.56,0.285,0.2,0.151,0.049,39.27,25.93
"2024-11-01 10:00:00",1763,12.93,701,1,2.361,4.2,3.17,0.329,0.248,0.19,0.064,38.85,26.61
"2024-11-01 10:30:00",1764,12.93,701,1,2.702,4.91,3.52,0.385,0.276,0.211,0.075,38.89,26.23
"2024-11-01 11:00:00",1765,12.93,701,1,2.894,5.2,3.83,0.408,0.301,0.222,0.08,39.71,26.38
"2024-11-01 11:30:00",1766,12.94,701,1,3.059,5.41,4.14,0.424,0.325,0.244,0.089,39.2,27.12
"2024-11-01 12:00:00",1767,12.94,701,1,3.141,5.66,4.14,0.444,0.325,0.248,0.089,36.85,29.22
"2024-11-01 12:30:00",1768,12.94,701,1,3.023,5.51,3.92,0.432,0.308,0.245,0.082,37.16,26.18
"2024-11-01 13:00:00",1769,12.94,701,1,3.107,5.66,4.03,0.444,0.316,0.243,0.087,40.46,28.22
"2024-11-01 13:30:00",1770,12.94,701,1,2.569,4.72,3.29,0.37,0.258,0.199,0.064,38.26,25.87
"2024-11-01 14:00:00",1771,12.94,701,1,2.703,4.95,3.48,0.388,0.273,0.206,0.069,36.8,26.24
"2024-11-01 14:30:00",1772,12.94,701,1,2.444,4.5,3.12,0.353,0.245,0.191,0.062,40.77,25.61
"2024-11-01 15:00:00",1773,12.94,701,1,1.898,3.46,2.46,0.271,0.193,0.144,0.046,37.53,25.71
"2024-11-01 15:30:00",1774,12.94,701,1,1.784,3.32,2.24,0.261,0.176,0.134,0.035,35.64,31.36
"2024-11-01 16:00:00",1775,12.94,701,1,1.694,3.15,2.13,0.247,0.167,0.128,0.039,44.84,26.33
"2024-11-01 16:30:00",1776,12.94,701,1,1.294,2.44,1.59,0.192,0.125,0.078,0.031,35.9,27.01
"2024-11-01 17:00:00",1777,12.94,701,1,0.965,1.78,1.23,0.14,0.096,0.069,0.016,35.1,25.54
"2024-11-01 17:30:00",1778,12.94,701,1,0.825,1.56,1.01,0.122,0.079,0.056,0.005,34.44,25.4
"2024-11-01 18:00:00",1779,12.93,701,1,0.636,1.2,0.78,0.094,0.061,0.062,-0.004,37.78,24.55
"2024-11-01 18:30:00",1780,12.93,701,1,0.469,0.91,0.55,0.071,0.043,0.032,-0.002,35.34,25.35
"2024-11-01 19:00:00",1781,12.93,701,1,0.347,0.69,0.39,0.054,0.031,0.02,-0.004,34.18,25.29
"2024-11-01 19:30:00",1782,12.93,701,1,0.251,0.51,0.27,0.04,0.022,0.016,-0.007,35.27,25.28
"2024-11-01 20:00:00",1783,12.92,701,1,0.277,0.55,0.31,0.043,0.025,0.018,-0.004,35.8,24.66
"2024-11-01 20:30:00",1784,12.92,701,1,0.218,0.4,0.28,0.031,0.022,0.009,-0.007,35.08,24.51
"2024-11-01 21:00:00",1785,12.92,701,1,0.17,0.33,0.2,0.026,0.015,0.007,-0.006,35.24,24.25
"2024-11-01 21:30:00",1786,12.91,701,1,0.145,0.33,0.12,0.026,0.009,0.007,-0.007,35.38,23.99
"2024-11-01 22:00:00",1787,12.91,701,1,0.155,0.32,0.16,0.025,0.012,0.007,-0.009,34.65,24.25
"2024-11-01 22:30:00",1788,12.91,701,1,0.155,0.32,0.16,0.025,0.012,0.009,-0.011,34.96,24.82
"2024-11-01 23:00:00",1789,12.91,701,1,0.17,0.33,0.2,0.026,0.015,0.007,-0.007,35.69,24.03
"2024-11-01 23:30:00",1790,12.9,701,1,0.168,0.4,0.12,0.031,0.009,0.011,-0.009,35.17,25.19
"2024-11-02 00:00:00",1791,12.9,701,1,0.168,0.4,0.12,0.031,0.009,0.009,-0.009,35.56,24.99
"2024-11-02 00:30:00",1792,12.9,701,1,0.178,0.39,0.16,0.031,0.012,0.011,-0.011,34.51,25.2
"2024-11-02 01:00:00",1793,12.9,701,1,0.174,0.39,0.15,0.031,0.012,0.013,-0.006,34.54,25.24
"2024-11-02 01:30:00",1794,12.9,701,1,0.212,0.43,0.23,0.034,0.018,0.011,-0.011,34.71,25.4
"2024-11-02 02:00:00",1795,12.9,701,1,0.301,0.55,0.39,0.043,0.031,0.013,-0.007,33.5,25.03
"2024-11-02 02:30:00",1796,12.9,701,1,0.289,0.58,0.32,0.046,0.025,0.02,-0.006,35.54,25.14
"2024-11-02 03:00:00",1797,12.89,701,1,0.327,0.62,0.4,0.049,0.031,0.034,0,37.32,25.5
"2024-11-02 03:30:00",1798,12.89,701,1,0.316,0.66,0.32,0.052,0.025,0.025,-0.011,33.23,24.76
"2024-11-02 04:00:00",1799,12.89,701,1,0.341,0.7,0.36,0.055,0.028,0.023,-0.006,33.71,24.83
"2024-11-02 04:30:00",1800,12.89,701,1,0.305,0.59,0.36,0.046,0.028,0.018,0.002,34.92,24.93
"2024-11-02 05:00:00",1801,12.89,701,1,0.331,0.67,0.36,0.052,0.028,0.018,-0.002,35.48,25.08
"2024-11-02 05:30:00",1802,12.88,701,1,0.318,0.59,0.4,0.046,0.031,0.018,-0.006,32.92,25.03
"2024-11-02 06:00:00",1803,12.88,701,1,0.318,0.63,0.36,0.05,0.028,0.023,-0.004,35.37,25.23
"2024-11-02 06:30:00",1804,12.88,701,1,0.305,0.59,0.36,0.046,0.028,0.021,-0.002,35.74,24.51
"2024-11-02 07:00:00",1805,12.88,701,1,0.306,0.63,0.32,0.049,0.025,0.018,-0.006,36.1,24.87
"2024-11-02 07:30:00",1806,12.87,701,1,0.289,0.58,0.32,0.045,0.025,0.014,-0.004,34.75,24.87
"2024-11-02 08:00:00",1807,12.87,701,1,0.364,0.73,0.4,0.057,0.031,0.023,-0.002,34.65,24.51
"2024-11-02 08:30:00",1808,12.87,701,1,0.716,1.39,0.84,0.109,0.066,0.045,0.007,36.26,25.02
"2024-11-02 09:00:00",1809,12.86,701,1,1.255,2.38,1.53,0.187,0.12,0.097,0.028,31.04,25.5
"2024-11-02 09:30:00",1810,12.86,701,1,1.729,3.19,2.2,0.25,0.172,0.127,0.04,36.84,25.6
"2024-11-02 10:00:00",1811,12.86,701,1,2.176,3.94,2.85,0.309,0.224,0.164,0.056,38.52,25.87
"2024-11-02 10:30:00",1812,12.86,701,1,2.424,4.42,3.14,0.347,0.246,0.178,0.064,39.78,26.29
"2024-11-02 11:00:00",1813,12.86,701,1,2.538,4.54,3.38,0.356,0.265,0.197,0.071,40.41,25.25
"2024-11-02 11:30:00",1814,12.86,701,1,2.864,5.26,3.67,0.413,0.288,0.241,0.08,43.02,27.17
"2024-11-02 12:00:00",1815,12.86,701,1,2.91,5.24,3.84,0.411,0.301,0.222,0.079,39.57,25.92
"2024-11-02 12:30:00",1816,12.86,701,1,2.975,5.41,3.87,0.424,0.304,0.225,0.073,39.95,26.04
"2024-11-02 13:00:00",1817,12.87,701,1,2.757,5.02,3.58,0.393,0.281,0.225,0.075,39.89,27.24
"2024-11-02 13:30:00",1818,12.87,701,1,2.907,5.26,3.81,0.413,0.299,0.218,0.078,37.63,26.65
"2024-11-02 14:00:00",1819,12.87,701,1,2.795,5.05,3.67,0.396,0.288,0.254,0.074,63.18,25.57
"2024-11-02 14:30:00",1820,12.87,701,1,2.712,4.95,3.51,0.388,0.275,0.201,-0.091,37.32,26.49
"2024-11-02 15:00:00",1821,12.87,701,1,2.661,4.87,3.43,0.382,0.269,0.199,0.069,37.39,25.57
"2024-11-02 15:30:00",1822,12.87,701,1,2.414,4.41,3.12,0.346,0.244,0.18,0.062,38.63,26.13
"2024-11-02 16:00:00",1823,12.87,701,1,2.255,4.15,2.88,0.325,0.226,0.117,0.062,37.59,26.61
"2024-11-02 16:30:00",1824,12.87,701,1,1.963,3.65,2.47,0.286,0.194,0.147,0.045,38.27,25.35
"2024-11-02 17:00:00",1825,12.87,701,1,1.611,3,2.02,0.235,0.158,0.117,0.036,36.49,25.09
"2024-11-02 17:30:00",1826,12.87,701,1,1.242,2.33,1.54,0.182,0.121,0.088,0.025,36.08,25.09
"2024-11-02 18:00:00",1827,12.86,701,1,0.796,1.48,1,0.116,0.079,0.051,0.007,36.85,24.87
"2024-11-02 18:30:00",1828,12.86,701,1,0.518,1.02,0.59,0.08,0.046,0.029,0.004,34.92,24.35
"2024-11-02 19:00:00",1829,12.86,701,1,0.406,0.83,0.43,0.065,0.034,0.033,-0.002,34.55,24.57
"2024-11-02 19:30:00",1830,12.85,701,1,0.296,0.57,0.35,0.045,0.027,0.018,-0.004,33.39,24.92
"2024-11-02 20:00:00",1831,12.85,701,1,0.293,0.6,0.31,0.047,0.024,0.015,-0.005,34.71,25.24
"2024-11-02 20:30:00",1832,12.84,701,1,0.22,0.49,0.19,0.038,0.015,0.011,-0.007,35.22,24.82
"2024-11-02 21:00:00",1833,12.84,701,1,0.161,0.35,0.15,0.028,0.012,0.009,-0.007,33.28,24.4
"2024-11-02 21:30:00",1834,12.83,701,1,0.205,0.38,0.26,0.03,0.021,0.011,-0.005,34.66,25.09
"2024-11-02 22:00:00",1835,12.83,701,1,0.14,0.35,0.08,0.027,0.006,0.006,-0.011,34.76,25.03
"2024-11-02 22:30:00",1836,12.82,701,1,0.14,0.35,0.08,0.027,0.006,0.009,-0.011,33.92,25.03
"2024-11-02 23:00:00",1837,12.82,701,1,0.161,0.35,0.15,0.027,0.012,0.006,-0.007,34.34,24.87
"2024-11-02 23:30:00",1838,12.82,701,1,0.126,0.31,0.08,0.025,0.006,0.009,-0.009,34.71,24.83
"2024-11-03 00:00:00",1839,12.82,701,1,0.14,0.35,0.08,0.027,0.006,0.007,-0.011,34.13,25.25
"2024-11-03 00:30:00",1840,12.82,701,1,0.117,0.28,0.08,0.022,0.006,0.002,-0.009,34.92,24.2
"2024-11-03 01:00:00",1841,12.81,701,1,0.126,0.28,0.11,0.022,0.009,0.004,-0.011,35.4,24.57
"2024-11-03 01:30:00",1842,12.81,701,1,0.149,0.35,0.11,0.028,0.009,0.011,-0.009,33.88,25.14
"2024-11-03 02:00:00",1843,12.81,701,1,0.149,0.35,0.11,0.028,0.009,0.007,-0.007,34.07,24.19
"2024-11-03 02:30:00",1844,12.8,701,1,0.151,0.28,0.19,0.022,0.015,0.007,-0.007,35.24,25.09
"2024-11-03 03:00:00",1845,12.8,701,1,0.149,0.35,0.11,0.028,0.009,0.004,-0.007,34.77,24.62
"2024-11-03 03:30:00",1846,12.8,701,1,0.149,0.35,0.11,0.027,0.009,0.009,-0.009,35.39,25.25
"2024-11-03 04:00:00",1847,12.8,701,1,0.184,0.42,0.15,0.033,0.012,0.011,-0.007,33.99,25.25
"2024-11-03 04:30:00",1848,12.8,701,1,0.159,0.38,0.11,0.03,0.009,0.009,-0.009,36.38,23.99
"2024-11-03 05:00:00",1849,12.8,701,1,0.174,0.35,0.19,0.027,0.015,0.009,-0.007,34.5,24.51
"2024-11-03 05:30:00",1850,12.8,701,1,0.161,0.35,0.15,0.027,0.012,0.007,-0.011,35.44,24.72
"2024-11-03 06:00:00",1851,12.8,701,1,0.161,0.35,0.15,0.027,0.012,0.007,-0.007,34.86,24.72
"2024-11-03 06:30:00",1852,12.79,701,1,0.159,0.38,0.11,0.03,0.009,0.009,-0.009,34.38,24.24
"2024-11-03 07:00:00",1853,12.79,701,1,0.161,0.35,0.15,0.027,0.012,0.007,-0.007,35.44,25.14
"2024-11-03 07:30:00",1854,12.79,701,1,0.149,0.35,0.11,0.028,0.009,0.007,-0.009,34.02,25.71
"2024-11-03 08:00:00",1855,12.79,701,1,0.22,0.49,0.19,0.038,0.015,0.013,-0.009,34.38,24.82
"2024-11-03 08:30:00",1856,12.79,701,1,0.536,1.03,0.64,0.081,0.051,0.041,0.007,35.18,24.77
"2024-11-03 09:00:00",1857,12.79,701,1,0.998,1.87,1.24,0.146,0.098,0.073,0.016,35.02,25.56
"2024-11-03 09:30:00",1858,12.79,701,1,1.289,2.37,1.65,0.186,0.13,0.095,0.025,36.07,24.83
"2024-11-03 10:00:00",1859,12.79,701,1,1.82,3.27,2.41,0.256,0.189,0.143,0.049,37.8,26.4
"2024-11-03 10:30:00",1860,12.79,701,1,2.24,4.03,2.96,0.316,0.232,0.168,0.06,37.31,25.5
"2024-11-03 11:00:00",1861,12.79,701,1,2.43,4.4,3.18,0.345,0.249,0.185,0.065,37.84,26.44
"2024-11-03 11:30:00",1862,12.8,701,1,2.568,4.68,3.33,0.367,0.261,0.22,0.067,40.83,26.66
"2024-11-03 12:00:00",1863,12.8,701,1,2.728,4.94,3.57,0.387,0.28,0.21,0.07,40.23,27.58
"2024-11-03 12:30:00",1864,12.81,701,1,2.81,5.01,3.76,0.393,0.295,0.217,0.079,40.13,26.91
"2024-11-03 13:00:00",1865,12.81,701,1,2.633,4.69,3.53,0.367,0.277,0.212,0.075,41.34,26.6
"2024-11-03 13:30:00",1866,12.82,701,1,2.94,5.33,3.84,0.418,0.301,0.218,0.079,36.31,26.74
"2024-11-03 14:00:00",1867,12.82,701,1,2.907,5.23,3.84,0.41,0.301,0.221,0.092,38.62,27.48
"2024-11-03 14:30:00",1868,12.82,701,1,2.879,5.23,3.75,0.41,0.294,0.213,0.078,38.11,27.96
"2024-11-03 15:00:00",1869,12.82,701,1,2.971,5.38,3.89,0.422,0.305,0.225,0.08,38.99,26.08
"2024-11-03 15:30:00",1870,12.82,701,1,2.386,4.38,3.06,0.343,0.24,0.186,0.061,39.47,24.56
"2024-11-03 16:00:00",1871,12.82,701,1,2.248,4.1,2.91,0.321,0.228,0.193,0.049,37.43,27.02
"2024-11-03 16:30:00",1872,12.82,701,1,2.056,3.78,2.63,0.297,0.206,0.157,0.029,37.29,25.73
"2024-11-03 17:00:00",1873,12.82,701,1,1.816,3.36,2.3,0.263,0.18,0.143,0.05,35.9,22.83
"2024-11-03 17:30:00",1874,12.82,701,1,1.348,2.54,1.66,0.199,0.13,0.093,0.027,36.58,25.03
"2024-11-03 18:00:00",1875,12.82,701,1,0.86,1.63,1.05,0.127,0.082,0.058,0.007,36.49,24.51
"2024-11-03 18:30:00",1876,12.81,701,1,0.531,1.07,0.58,0.084,0.046,0.037,0.025,37.7,25.2
"2024-11-03 19:00:00",1877,12.81,701,1,0.354,0.71,0.39,0.056,0.03,0.024,-0.004,35.66,25.25
"2024-11-03 19:30:00",1878,12.81,701,1,0.368,0.79,0.35,0.062,0.027,0.033,-0.002,33.83,24.1
"2024-11-03 20:00:00",1879,12.8,701,1,0.235,0.5,0.23,0.039,0.018,0.091,-0.005,26.7,25.19
"2024-11-03 20:30:00",1880,12.8,701,1,0.199,0.39,0.23,0.03,0.018,0.062,-0.005,28.06,24.61
"2024-11-03 21:00:00",1881,12.8,701,1,0.107,0.25,0.08,0.02,0.006,0.009,-0.009,35.7,24.72
"2024-11-03 21:30:00",1882,12.79,701,1,0.142,0.32,0.12,0.025,0.009,0.007,-0.007,34.87,24.72
"2024-11-03 22:00:00",1883,12.79,701,1,0.138,0.28,0.15,0.022,0.012,0.007,-0.009,33.22,24.91
"2024-11-03 22:30:00",1884,12.79,701,1,0.107,0.25,0.08,0.02,0.006,0.004,-0.009,34.69,25.81
"2024-11-03 23:00:00",1885,12.79,701,1,0.097,0.22,0.08,0.017,0.006,0.004,-0.011,34.87,24.04
"2024-11-03 23:30:00",1886,12.78,701,1,0.132,0.29,0.12,0.023,0.009,0.007,-0.011,35.17,24.04
"2024-11-04 00:00:00",1887,12.78,701,1,0.11,0.26,0.08,0.02,0.006,0.007,-0.007,33.39,24.92
"2024-11-04 00:30:00",1888,12.78,701,1,0.098,0.26,0.04,0.02,0.003,0.005,-0.009,33.5,24.19
"2024-11-04 01:00:00",1889,12.78,701,1,0.094,0.25,0.04,0.019,0.003,0.011,-0.013,36.49,25.09
"2024-11-04 01:30:00",1890,12.78,701,1,0.12,0.29,0.08,0.023,0.006,0.09,-0.009,26.75,25.4
"2024-11-04 02:00:00",1891,12.78,701,1,0.12,0.29,0.08,0.023,0.006,0,-0.011,35.9,24.77
"2024-11-04 02:30:00",1892,12.77,701,1,0.12,0.29,0.08,0.023,0.006,0.007,-0.049,34.43,25.13
"2024-11-04 03:00:00",1893,12.77,701,1,0.133,0.33,0.08,0.026,0.006,0.111,-0.009,38.14,25.23
"2024-11-04 03:30:00",1894,12.77,701,1,0.11,0.26,0.08,0.02,0.006,0.004,-0.013,34.95,24.39
"2024-11-04 04:00:00",1895,12.76,701,1,0.107,0.25,0.08,0.02,0.006,0,-0.007,35.16,24.18
"2024-11-04 04:30:00",1896,12.76,701,1,0.094,0.21,0.08,0.017,0.006,0,0.02,33.4,32.2
"2024-11-04 05:00:00",1897,12.76,701,1,0.119,0.25,0.12,0.019,0.009,0.002,-0.007,34.28,24.56
"2024-11-04 05:30:00",1898,12.76,701,1,0.094,0.21,0.08,0.017,0.006,0.004,-0.011,34.7,24.97
"2024-11-04 06:00:00",1899,12.76,701,1,0.085,0.22,0.04,0.017,0.003,0.007,-0.009,35.73,25.02
"2024-11-04 06:30:00",1900,12.76,701,1,0.081,0.21,0.04,0.017,0.003,-0.099,-0.009,33.8,24.76
"2024-11-04 07:00:00",1901,12.75,701,1,0.085,0.22,0.04,0.017,0.003,0.002,-0.013,34.06,23.5
"2024-11-04 07:30:00",1902,12.75,701,1,0.084,0.18,0.08,0.014,0.006,0,-0.009,34.62,24.49
"2024-11-04 08:00:00",1903,12.75,701,1,0.091,0.24,0.04,0.019,0.003,-0.038,-0.013,34.7,24.55
"2024-11-04 08:30:00",1904,12.75,701,1,0.222,0.47,0.22,0.037,0.018,0.011,-0.005,35.21,25.23
"2024-11-04 09:00:00",1905,12.75,701,1,0.453,0.85,0.56,0.067,0.044,0.028,0.002,35.79,24.81
"2024-11-04 09:30:00",1906,12.75,701,1,0.851,1.6,1.05,0.126,0.082,0.061,0.011,34.96,25.66
"2024-11-04 10:00:00",1907,12.76,701,1,1.241,2.26,1.61,0.177,0.126,0.091,0.059,38.39,27.16
"2024-11-04 10:30:00",1908,12.76,701,1,1.661,3.05,2.13,0.239,0.167,0.135,0.044,38.1,25.6
"2024-11-04 11:00:00",1909,12.76,701,1,1.959,3.58,2.53,0.281,0.199,0.148,0.046,37.05,24.97
"2024-11-04 11:30:00",1910,12.76,701,1,2.4,4.28,3.21,0.336,0.252,0.209,0.067,40.24,26.18
"2024-11-04 12:00:00",1911,12.77,701,1,2.656,4.75,3.54,0.372,0.277,0.203,0.069,37.17,27.03
"2024-11-04 12:30:00",1912,12.77,701,1,2.792,5.04,3.67,0.395,0.288,0.215,0.08,38.58,26.34
"2024-11-04 13:00:00",1913,12.78,701,1,2.638,4.75,3.48,0.372,0.273,0.205,0.072,39.05,27.08
"2024-11-04 13:30:00",1914,12.78,701,1,2.667,4.82,3.5,0.378,0.274,0.207,0.072,38.58,26.08
"2024-11-04 14:00:00",1915,12.78,701,1,2.785,5.01,3.68,0.393,0.289,0.214,0.079,37.68,26.13
"2024-11-04 14:30:00",1916,12.78,701,1,2.584,4.73,3.33,0.371,0.261,0.203,0.074,35.42,27.63
"2024-11-04 15:00:00",1917,12.78,701,1,2.426,4.39,3.18,0.344,0.249,0.183,0.062,37.15,26.18
"2024-11-04 15:30:00",1918,12.79,701,1,2.092,3.88,2.64,0.304,0.207,0.156,0.048,36.63,26.33
"2024-11-04 16:00:00",1919,12.78,701,1,1.729,3.22,2.17,0.253,0.17,0.132,0.036,38.84,25.77
"2024-11-04 16:30:00",1920,12.78,701,1,1.402,2.59,1.78,0.203,0.14,0.107,0.035,38.41,24.5
"2024-11-04 17:00:00",1921,12.78,701,1,1.136,2.15,1.39,0.169,0.109,0.081,0.026,34.95,25.49
"2024-11-04 17:30:00",1922,12.78,701,1,0.773,1.4,1.01,0.11,0.079,0.047,0.006,34.23,24.09
"2024-11-04 18:00:00",1923,12.78,701,1,0.432,0.9,0.44,0.071,0.035,0.023,-0.002,34.53,24.39
"2024-11-04 18:30:00",1924,12.78,701,1,0.27,0.52,0.32,0.041,0.025,0.016,-0.004,35.49,24.77
"2024-11-04 19:00:00",1925,12.77,701,1,0.184,0.41,0.16,0.032,0.013,0.011,-0.007,35.18,24.62
"2024-11-04 19:30:00",1926,12.77,701,1,0.148,0.3,0.16,0.023,0.013,0.002,-0.007,34.24,24.93
"2024-11-04 20:00:00",1927,12.77,701,1,0.097,0.22,0.08,0.018,0.006,0.002,-0.009,34.7,24.98
"2024-11-04 20:30:00",1928,12.76,701,1,0.075,0.19,0.04,0.015,0.003,-0.002,-0.009,34.91,25.03
"2024-11-04 21:00:00",1929,12.76,701,1,0.048,0.11,0.04,0.009,0.003,-0.002,-0.013,33.97,24.09
"2024-11-04 21:30:00",1930,12.76,701,1,0.075,0.19,0.04,0.015,0.003,-0.002,-0.011,34.49,25.18
"2024-11-04 22:00:00",1931,12.75,701,1,0.075,0.19,0.04,0.015,0.003,0.002,-0.011,34.12,24.98
"2024-11-04 22:30:00",1932,12.75,701,1,0.036,0.11,0,0.009,0,0,-0.01,34.44,24.14
"2024-11-04 23:00:00",1933,12.75,701,1,0.04,0.15,-0.03,0.012,-0.003,-0.005,-0.01,35.17,25.87
"2024-11-04 23:30:00",1934,12.74,701,1,0.049,0.15,0,0.012,0,0.005,-0.012,35.85,26.81
"2024-11-05 00:00:00",1935,12.74,701,1,0.027,0.11,-0.03,0.009,-0.003,-0.005,-0.011,35.17,24.76
"2024-11-05 00:30:00",1936,12.74,701,1,0.04,0.15,-0.03,0.012,-0.003,-0.002,-0.009,36.84,24.45
"2024-11-05 01:00:00",1937,12.74,701,1,0.023,0.07,0,0.006,0,-0.002,-0.011,35.01,24.03
"2024-11-05 01:30:00",1938,12.74,701,1,0.036,0.11,0,0.008,0,0,-0.011,33.39,24.24
"2024-11-05 02:00:00",1939,12.74,701,1,0.036,0.11,0,0.008,0,0,-0.015,33.19,24.88
"2024-11-05 02:30:00",1940,12.73,701,1,0.048,0.11,0.04,0.009,0.003,-0.002,-0.008,35.38,23.99
"2024-11-05 03:00:00",1941,12.73,701,1,0.049,0.15,0,0.011,0,0,-0.011,35.22,23.67
"2024-11-05 03:30:00",1942,12.73,701,1,0.014,0.07,-0.03,0.006,-0.003,-0.014,-0.009,34.13,23.83
"2024-11-05 04:00:00",1943,12.73,701,1,0.049,0.15,0,0.011,0,-0.007,-0.011,34.23,24.5
"2024-11-05 04:30:00",1944,12.73,701,1,0.027,0.11,-0.03,0.009,-0.003,0.002,-0.013,38.73,24.82
"2024-11-05 05:00:00",1945,12.73,701,1,0.037,0.14,-0.03,0.011,-0.003,0.007,-0.011,32.68,25.88
"2024-11-05 05:30:00",1946,12.73,701,1,0.001,0.07,-0.07,0.006,-0.006,-0.031,-0.021,33.51,25.2
"2024-11-05 06:00:00",1947,12.73,701,1,0.014,0.07,-0.03,0.006,-0.003,-0.005,-0.013,36.22,24.83
"2024-11-05 06:30:00",1948,12.73,701,1,0.058,0.14,0.04,0.011,0.003,-0.004,-0.016,35.49,25.76
"2024-11-05 07:00:00",1949,12.73,701,1,0.037,0.14,-0.03,0.011,-0.003,0,-0.013,35.03,24.88
"2024-11-05 07:30:00",1950,12.73,701,1,0.04,0.15,-0.03,0.011,-0.003,-0.002,-0.007,34.98,24.84
"2024-11-05 08:00:00",1951,12.73,701,1,0.027,0.11,-0.03,0.008,-0.003,-0.005,-0.013,33.88,24.83
"2024-11-05 08:30:00",1952,12.73,701,1,0.014,0.07,-0.03,0.006,-0.003,0,-0.011,33.63,25.73
"2024-11-05 09:00:00",1953,12.73,701,1,-0.011,0.03,-0.07,0.003,-0.006,-0.009,-0.015,36.31,24.91
"2024-11-05 09:30:00",1954,12.73,701,1,0.001,0.03,-0.03,0.003,-0.003,-0.002,-0.011,34.81,25.24
"2024-11-05 10:00:00",1955,12.73,701,1,0.133,0.34,0.07,0.027,0.006,0.004,-0.009,37.74,25.66
"2024-11-05 10:30:00",1956,12.73,701,1,0.536,1.03,0.64,0.08,0.05,0.042,0.005,34.72,24.57
"2024-11-05 11:00:00",1957,12.74,701,1,1.113,2.08,1.39,0.163,0.109,0.083,0.022,37.39,25.98
"2024-11-05 11:30:00",1958,12.74,701,1,1.511,2.83,1.88,0.222,0.147,0.13,0.035,41.24,25.92
"2024-11-05 12:00:00",1959,12.74,701,1,1.767,3.25,2.26,0.255,0.177,0.132,0.043,37.52,25.29
"2024-11-05 12:30:00",1960,12.74,701,1,1.87,3.44,2.39,0.27,0.187,0.145,0.047,39.67,25.34
"2024-11-05 13:00:00",1961,12.74,701,1,1.915,3.39,2.59,0.266,0.203,0.142,0.047,48.7,25.6
"2024-11-05 13:30:00",1962,12.75,701,1,2.107,3.86,2.71,0.302,0.212,0.156,0.05,38.41,26.6
"2024-11-05 14:00:00",1963,12.75,701,1,2.279,4.15,2.96,0.326,0.232,0.166,0.058,38.89,25.98
"2024-11-05 14:30:00",1964,12.75,701,1,2.59,4.71,3.37,0.37,0.264,0.203,0.071,38.87,26.22
"2024-11-05 15:00:00",1965,12.75,701,1,2.705,4.9,3.54,0.384,0.278,0.205,0.068,37.57,26.17
"2024-11-05 15:30:00",1966,12.75,701,1,2.478,4.52,3.21,0.354,0.252,0.185,0.065,40.24,25.5
"2024-11-05 16:00:00",1967,12.75,701,1,2.258,4.17,2.87,0.327,0.225,0.166,0.056,38.73,26.23
"2024-11-05 16:30:00",1968,12.75,701,1,1.898,3.48,2.44,0.273,0.192,0.141,0.048,39.83,22.99
"2024-11-05 17:00:00",1969,12.75,701,1,1.7,3.13,2.17,0.246,0.171,0.121,0.041,37.78,25.55
"2024-11-05 17:30:00",1970,12.75,701,1,1.245,2.35,1.53,0.184,0.12,0.09,0.019,35.06,24.92
"2024-11-05 18:00:00",1971,12.74,701,1,0.684,1.28,0.85,0.101,0.066,0.046,0.009,36.89,25.91
"2024-11-05 18:30:00",1972,12.74,701,1,0.405,0.78,0.48,0.061,0.038,0.021,0,33.81,24.93
"2024-11-05 19:00:00",1973,12.74,701,1,0.293,0.59,0.32,0.046,0.025,0.018,-0.002,35.44,25.71
"2024-11-05 19:30:00",1974,12.74,701,1,0.206,0.4,0.24,0.032,0.019,0.011,-0.004,36.12,24.3
"2024-11-05 20:00:00",1975,12.73,701,1,0.148,0.3,0.16,0.023,0.013,0.002,-0.008,34.04,24.58
"2024-11-05 20:30:00",1976,12.73,701,1,0.148,0.3,0.16,0.024,0.013,0.007,-0.004,34.97,24.41
"2024-11-05 21:00:00",1977,12.73,701,1,0.109,0.22,0.12,0.017,0.009,-0.02,-0.009,35.32,25.18
"2024-11-05 21:30:00",1978,12.72,701,1,0.135,0.26,0.16,0.021,0.013,0.032,-0.008,32.71,24.66
"2024-11-05 22:00:00",1979,12.72,701,1,0.085,0.22,0.04,0.018,0.003,0.005,-0.006,35.66,24.26
"2024-11-05 22:30:00",1980,12.72,701,1,0.087,0.19,0.08,0.015,0.006,0.005,-0.01,34.87,24.72
"2024-11-05 23:00:00",1981,12.71,701,1,0.1,0.19,0.12,0.015,0.01,-0.005,-0.008,35.7,24.87
"2024-11-05 23:30:00",1982,12.71,701,1,0.062,0.19,0,0.015,0,0,-0.012,34.37,24.65
"2024-11-06 00:00:00",1983,12.71,701,1,0.071,0.18,0.04,0.014,0.003,-0.005,-0.011,36.79,24.71
"2024-11-06 00:30:00",1984,12.71,701,1,0.11,0.26,0.08,0.02,0.006,0.002,-0.008,36.69,26.13
"2024-11-06 01:00:00",1985,12.71,701,1,0.075,0.19,0.04,0.015,0.003,-0.005,-0.008,35.53,24.4
"2024-11-06 01:30:00",1986,12.7,701,1,0.097,0.22,0.08,0.018,0.006,0.002,-0.01,34.76,26.13
"2024-11-06 02:00:00",1987,12.71,701,1,0.075,0.19,0.04,0.015,0.003,0.005,-0.01,35.38,25.08
"2024-11-06 02:30:00",1988,12.7,701,1,0.075,0.19,0.04,0.015,0.003,0,0.036,35.35,26.61
"2024-11-06 03:00:00",1989,12.7,701,1,0.062,0.15,0.04,0.012,0.003,0.002,-0.025,37.73,24.66
"2024-11-06 03:30:00",1990,12.7,701,1,0.11,0.26,0.08,0.021,0.006,0.007,-0.006,33.71,26.08
"2024-11-06 04:00:00",1991,12.7,701,1,0.062,0.19,0,0.015,0,0,-0.014,34.08,24.62
"2024-11-06 04:30:00",1992,12.7,701,1,0.075,0.23,0,0.018,0,0,-0.012,32.88,25.93
"2024-11-06 05:00:00",1993,12.7,701,1,0.075,0.19,0.04,0.015,0.003,0,-0.01,34.67,24.94
"2024-11-06 05:30:00",1994,12.69,701,1,0.1,0.23,0.08,0.018,0.006,0.002,-0.012,35.06,25.19
"2024-11-06 06:00:00",1995,12.69,701,1,0.1,0.23,0.08,0.018,0.006,0.002,-0.01,34.38,24.5
"2024-11-06 06:30:00",1996,12.69,701,1,0.062,0.19,0,0.015,0,0,-0.014,34.7,25.4
"2024-11-06 07:00:00",1997,12.69,701,1,0.062,0.19,0,0.015,0,0.002,-0.012,34.55,24.25
"2024-11-06 07:30:00",1998,12.69,701,1,0.098,0.26,0.04,0.02,0.003,0.005,-0.012,36.79,24.98
"2024-11-06 08:00:00",1999,12.69,701,1,0.107,0.25,0.08,0.02,0.006,-0.002,0.02,35.79,30.67
"2024-11-06 08:30:00",2000,12.69,701,1,0.194,0.44,0.16,0.034,0.012,-0.011,-0.008,35.95,25.39
"2024-11-06 09:00:00",2001,12.69,701,1,0.575,1.12,0.67,0.087,0.053,0.035,0.058,36.78,22.04
"2024-11-06 09:30:00",2002,12.69,701,1,1.097,2.03,1.39,0.159,0.109,0.079,0.035,37.28,25.3
"2024-11-06 10:00:00",2003,12.68,701,1,1.698,3.05,2.25,0.239,0.176,0.13,0.013,38.48,26.5
"2024-11-06 10:30:00",2004,12.69,701,1,2.193,3.99,2.85,0.313,0.224,0.162,0.058,38.58,26.35
"2024-11-06 11:00:00",2005,12.69,701,1,2.426,4.39,3.18,0.344,0.249,0.163,0.092,40.09,31.04
"2024-11-06 11:30:00",2006,12.69,701,1,2.339,4.02,3.29,0.315,0.258,0.223,0.072,51.84,25.97
"2024-11-06 12:00:00",2007,12.7,701,1,2.558,4.63,3.35,0.363,0.263,0.182,0.045,38.62,25.81
"2024-11-06 12:30:00",2008,12.7,701,1,2.677,4.88,3.47,0.383,0.272,0.192,0.063,37.31,26.91
"2024-11-06 13:00:00",2009,12.7,701,1,2.842,5.1,3.77,0.4,0.296,0.226,0.079,40.08,26.75
"2024-11-06 13:30:00",2010,12.7,701,1,2.725,4.98,3.52,0.391,0.276,0.207,0.076,38.41,26.59
"2024-11-06 14:00:00",2011,12.7,701,1,2.86,5.2,3.72,0.408,0.292,0.216,0.099,33.93,29.06
"2024-11-06 14:30:00",2012,12.7,701,1,3.01,5.43,3.96,0.426,0.31,0.235,0.084,37.89,26.23
"2024-11-06 15:00:00",2013,12.71,701,1,2.941,5.4,3.77,0.424,0.296,0.228,0.079,39.57,26.08
"2024-11-06 15:30:00",2014,12.71,701,1,2.824,5.14,3.67,0.403,0.288,0.22,0.077,39.24,26.59
"2024-11-06 16:00:00",2015,12.71,701,1,2.632,4.79,3.42,0.376,0.268,0.199,0.066,39.2,25.97
"2024-11-06 16:30:00",2016,12.71,701,1,2.293,4.21,2.94,0.33,0.23,0.174,0.058,38.46,27.06
"2024-11-06 17:00:00",2017,12.71,701,1,1.963,3.63,2.49,0.284,0.195,0.145,0.041,40.23,24.39
"2024-11-06 17:30:00",2018,12.7,701,1,1.469,2.7,1.88,0.212,0.148,0.104,0.027,37.72,25.07
"2024-11-06 18:00:00",2019,12.7,701,1,0.89,1.7,1.07,0.134,0.084,0.064,0.016,35.42,25.7
"2024-11-06 18:30:00",2020,12.7,701,1,0.603,1.13,0.75,0.089,0.059,0.039,0.014,34.69,25.39
"2024-11-06 19:00:00",2021,12.7,701,1,0.539,1.01,0.67,0.079,0.052,0.039,0,34.22,24.5
"2024-11-06 19:30:00",2022,12.69,701,1,0.488,0.91,0.61,0.071,0.048,0.045,0.002,33.33,22.78
"2024-11-06 20:00:00",2023,12.69,701,1,0.36,0.7,0.42,0.055,0.033,0.019,-0.002,35.41,24.86
"2024-11-06 20:30:00",2024,12.69,701,1,0.293,0.58,0.33,0.045,0.026,0.022,-0.004,36.93,24.28
"2024-11-06 21:00:00",2025,12.69,701,1,0.289,0.57,0.33,0.045,0.026,0.017,-0.006,33.59,25.8
"2024-11-06 21:30:00",2026,12.68,701,1,0.264,0.53,0.29,0.042,0.023,0.017,-0.006,35.06,25.08
"2024-11-06 22:00:00",2027,12.68,701,1,0.289,0.53,0.37,0.042,0.029,0.014,-0.002,35.32,24.76
"2024-11-06 22:30:00",2028,12.68,701,1,0.228,0.46,0.25,0.036,0.02,0.014,-0.004,34.02,25.97
"2024-11-06 23:00:00",2029,12.68,701,1,0.302,0.57,0.37,0.044,0.029,0.019,-0.002,36.36,24.55
"2024-11-06 23:30:00",2030,12.68,701,1,0.266,0.5,0.33,0.039,0.026,0.014,-0.004,35.32,24.6
"2024-11-07 00:00:00",2031,12.68,701,1,0.293,0.58,0.33,0.045,0.026,0.022,-0.002,35.27,24.72
"2024-11-07 00:30:00",2032,12.67,701,1,0.264,0.53,0.29,0.042,0.022,0.014,-0.002,36.43,25.04
"2024-11-07 01:00:00",2033,12.67,701,1,0.279,0.54,0.33,0.042,0.026,0.017,-0.004,34.13,24.66
"2024-11-07 01:30:00",2034,12.67,701,1,0.267,0.54,0.29,0.042,0.023,0.014,-0.002,32.45,25.07
"2024-11-07 02:00:00",2035,12.67,701,1,0.28,0.58,0.29,0.045,0.023,0.014,-0.012,36.99,26.01
"2024-11-07 02:30:00",2036,12.67,701,1,0.267,0.54,0.29,0.042,0.023,0.012,-0.006,34.95,25.65
"2024-11-07 03:00:00",2037,12.67,701,1,0.274,0.56,0.29,0.044,0.022,0.019,-0.01,34.48,25.43
"2024-11-07 03:30:00",2038,12.66,701,1,0.276,0.53,0.33,0.042,0.026,0.017,-0.004,35.06,25.18
"2024-11-07 04:00:00",2039,12.66,701,1,0.289,0.57,0.33,0.045,0.026,0.019,-0.016,35.17,25.18
"2024-11-07 04:30:00",2040,12.66,701,1,0.293,0.62,0.29,0.048,0.023,0.019,-0.006,34.66,25.35
"2024-11-07 05:00:00",2041,12.66,701,1,0.309,0.64,0.32,0.05,0.025,0.021,-0.006,34.35,24.2
"2024-11-07 05:30:00",2042,12.66,701,1,0.35,0.68,0.41,0.053,0.032,0.012,-0.002,36.41,25.02
"2024-11-07 06:00:00",2043,12.66,701,1,0.293,0.62,0.29,0.048,0.023,0.022,-0.004,34.39,25.24
"2024-11-07 06:30:00",2044,12.66,701,1,0.308,0.58,0.38,0.046,0.03,0.017,-0.006,36.47,24.92
"2024-11-07 07:00:00",2045,12.66,701,1,0.296,0.58,0.34,0.046,0.027,0.015,-0.004,35.38,24.82
"2024-11-07 07:30:00",2046,12.66,701,1,0.333,0.58,0.46,0.046,0.036,0.007,-0.006,31.13,23.66
"2024-11-07 08:00:00",2047,12.65,701,1,0.408,0.81,0.46,0.064,0.036,0.027,-0.002,34.64,24.24
"2024-11-07 08:30:00",2048,12.65,701,1,0.591,1.12,0.72,0.088,0.056,0.036,0.016,34.42,25.95
"2024-11-07 09:00:00",2049,12.65,701,1,0.768,1.48,0.91,0.116,0.071,0.036,0.019,35.31,24.34
"2024-11-07 09:30:00",2050,12.65,701,1,0.944,1.77,1.17,0.139,0.092,0.063,0.014,34.8,24.66
"2024-11-07 10:00:00",2051,12.65,701,1,1.084,2,1.38,0.157,0.108,0.077,0.022,36.68,24.45
"2024-11-07 10:30:00",2052,12.65,701,1,1.443,2.67,1.83,0.209,0.144,0.108,0.034,37.47,25.65
"2024-11-07 11:00:00",2053,12.65,701,1,1.638,2.98,2.13,0.233,0.167,0.118,0.042,38.04,25.65
"2024-11-07 11:30:00",2054,12.65,701,1,1.793,3.3,2.29,0.259,0.18,0.135,0.036,36.89,26.59
"2024-11-07 12:00:00",2055,12.65,701,1,2.105,3.91,2.65,0.306,0.208,0.158,0.048,39.47,26.24
"2024-11-07 12:30:00",2056,12.65,701,1,2.219,4.07,2.85,0.319,0.223,0.175,0.055,41.29,25.71
"2024-11-07 13:00:00",2057,12.65,701,1,2.448,4.4,3.24,0.345,0.254,0.204,0.066,37.63,25.13
"2024-11-07 13:30:00",2058,12.65,701,1,2.636,4.81,3.41,0.377,0.267,0.204,0.063,38.56,27.17
"2024-11-07 14:00:00",2059,12.65,701,1,2.344,4.3,3.01,0.338,0.236,0.173,0.064,37.47,25.08
"2024-11-07 14:30:00",2060,12.65,701,1,2.804,5.03,3.72,0.394,0.292,0.19,0.083,38.21,24.56
"2024-11-07 15:00:00",2061,12.65,701,1,2.888,5.23,3.78,0.41,0.296,0.224,0.074,37.2,24.71
"2024-11-07 15:30:00",2062,12.65,701,1,2.975,5.39,3.89,0.423,0.305,0.226,0.078,38.88,26.23
"2024-11-07 16:00:00",2063,12.65,701,1,2.677,4.89,3.46,0.383,0.271,0.2,0.073,38.51,26.85
"2024-11-07 16:30:00",2064,12.65,701,1,2.443,4.45,3.17,0.349,0.249,0.179,0.064,36.79,26.23
"2024-11-07 17:00:00",2065,12.65,701,1,1.78,3.27,2.28,0.257,0.179,0.133,0.037,35.74,25.34
"2024-11-07 17:30:00",2066,12.65,701,1,1.312,2.42,1.67,0.19,0.131,0.094,0.028,38.53,25.72
"2024-11-07 18:00:00",2067,12.64,701,1,0.768,1.51,0.88,0.118,0.069,0.054,0.008,35.85,25.29
"2024-11-07 18:30:00",2068,12.64,701,1,0.472,0.92,0.55,0.072,0.043,0.032,-0.002,34.7,24.71
"2024-11-07 19:00:00",2069,12.64,701,1,0.395,0.77,0.46,0.06,0.036,0.022,0,34.59,25.02
"2024-11-07 19:30:00",2070,12.64,701,1,0.287,0.59,0.3,0.046,0.023,0.015,-0.006,35.16,25.18
"2024-11-07 20:00:00",2071,12.63,701,1,0.255,0.54,0.25,0.043,0.02,0.019,-0.008,34.22,25.34
"2024-11-07 20:30:00",2072,12.63,701,1,0.203,0.42,0.21,0.033,0.016,0.01,-0.01,35.9,24.77
"2024-11-07 21:00:00",2073,12.63,701,1,0.148,0.3,0.16,0.024,0.013,0.007,-0.01,34.81,25.24
"2024-11-07 21:30:00",2074,12.63,701,1,0.128,0.23,0.17,0.018,0.013,-0.007,-0.01,34.81,24.1
"2024-11-07 22:00:00",2075,12.62,701,1,0.132,0.28,0.13,0.022,0.01,0.01,-0.042,38.36,24.45
"2024-11-07 22:30:00",2076,12.62,701,1,0.114,0.31,0.04,0.025,0.003,0.005,-0.01,34.59,24.45
"2024-11-07 23:00:00",2077,12.62,701,1,0.101,0.27,0.04,0.021,0.003,0.005,-0.012,33.04,24.57
"2024-11-07 23:30:00",2078,12.62,701,1,0.101,0.27,0.04,0.021,0.003,0.005,-0.01,36.53,24.87
"2024-11-08 00:00:00",2079,12.61,701,1,0.1,0.23,0.08,0.018,0.007,0.005,-0.014,33.5,26.02
"2024-11-08 00:30:00",2080,12.61,701,1,0.142,0.31,0.13,0.024,0.01,0.012,-0.006,32.81,25.76
"2024-11-08 01:00:00",2081,12.61,701,1,0.168,0.35,0.17,0.027,0.013,0.007,-0.01,34.49,24.61
"2024-11-08 01:30:00",2082,12.61,701,1,0.155,0.35,0.13,0.027,0.01,0.005,-0.012,33.18,24.14
"2024-11-08 02:00:00",2083,12.61,701,1,0.168,0.39,0.13,0.03,0.01,-0.005,0.018,38.62,25.13
"2024-11-08 02:30:00",2084,12.61,701,1,0.204,0.46,0.17,0.036,0.013,0.014,-0.01,35.21,24.65
"2024-11-08 03:00:00",2085,12.61,701,1,0.267,0.54,0.29,0.043,0.023,0.009,-0.002,34.38,25.08
"2024-11-08 03:30:00",2086,12.61,701,1,0.283,0.54,0.34,0.043,0.026,0.014,-0.002,34.81,25.5
"2024-11-08 04:00:00",2087,12.6,701,1,0.277,0.57,0.29,0.045,0.023,0.014,-0.002,36.01,24.61
"2024-11-08 04:30:00",2088,12.6,701,1,0.273,0.51,0.34,0.04,0.027,0.017,-0.002,33.96,25.08
"2024-11-08 05:00:00",2089,12.6,701,1,0.273,0.55,0.3,0.043,0.023,0.017,-0.01,36.22,25.5
"2024-11-08 05:30:00",2090,12.6,701,1,0.289,0.57,0.33,0.045,0.026,0.012,-0.006,34.07,24.76
"2024-11-08 06:00:00",2091,12.6,701,1,0.302,0.61,0.33,0.048,0.026,0.019,0.002,35.95,24.55
"2024-11-08 06:30:00",2092,12.6,701,1,0.29,0.61,0.29,0.048,0.023,0.017,-0.004,36.53,25.13
"2024-11-08 07:00:00",2093,12.59,701,1,0.303,0.65,0.29,0.051,0.023,0.028,-0.006,31.04,24.24
"2024-11-08 07:30:00",2094,12.59,701,1,0.296,0.58,0.34,0.046,0.026,0.017,-0.004,33.85,24.81
"2024-11-08 08:00:00",2095,12.59,701,1,0.448,0.93,0.46,0.073,0.036,0.031,0.008,37.09,25.85
"2024-11-08 08:30:00",2096,12.59,701,1,0.716,1.39,0.84,0.109,0.066,0.051,0.008,35.38,25.66
"2024-11-08 09:00:00",2097,12.59,701,1,1.306,2.42,1.65,0.19,0.129,0.09,0.028,36.44,25.61
"2024-11-08 09:30:00",2098,12.59,701,1,1.616,2.97,2.07,0.233,0.162,0.119,0.036,35.62,25.9
"2024-11-08 10:00:00",2099,12.58,701,1,1.924,3.32,2.69,0.26,0.211,0.151,0.055,37.73,25.91
"2024-11-08 10:30:00",2100,12.59,701,1,3.103,5.6,4.08,0.439,0.32,0.227,0.083,36.63,26.34
"2024-11-08 11:00:00",2101,12.59,701,1,3.115,5.62,4.1,0.44,0.321,0.244,0.094,39.76,25.7
"2024-11-08 11:30:00",2102,12.59,701,1,3.151,5.71,4.12,0.448,0.323,0.246,0.085,38.09,26.96
"2024-11-08 12:00:00",2103,12.58,701,1,3.02,5.47,3.95,0.429,0.31,0.231,0.08,38.19,26.12
"2024-11-08 12:30:00",2104,12.58,701,1,3.198,5.74,4.24,0.45,0.333,0.241,0.094,40.92,26.44
"2024-11-08 13:00:00",2105,12.58,701,1,2.96,5.26,3.98,0.413,0.312,0.28,0.065,74.31,31.82
"2024-11-08 13:30:00",2106,12.58,701,1,3.08,5.55,4.06,0.435,0.318,0.234,0.075,37.94,26.28
"2024-11-08 14:00:00",2107,12.59,701,1,2.955,5.35,3.87,0.42,0.303,0.221,0.077,38.51,24.6
"2024-11-08 14:30:00",2108,12.58,701,1,2.84,5.14,3.72,0.403,0.292,0.215,0.079,38.48,26.83
"2024-11-08 15:00:00",2109,12.58,701,1,2.782,5.02,3.66,0.394,0.287,0.207,0.076,37.14,26.58
"2024-11-08 15:30:00",2110,12.58,701,1,2.62,4.82,3.35,0.378,0.263,0.191,0.058,37,29.21
"2024-11-08 16:00:00",2111,12.58,701,1,2.436,4.41,3.19,0.345,0.25,0.175,0.062,37.46,24.55
"2024-11-08 16:30:00",2112,12.58,701,1,2.133,3.94,2.71,0.309,0.212,0.208,0.053,49.81,26.86
"2024-11-08 17:00:00",2113,12.58,701,1,1.758,3.24,2.24,0.254,0.176,0.125,0.041,37.46,25.91
"2024-11-08 17:30:00",2114,12.58,701,1,1.242,2.32,1.55,0.182,0.122,0.091,0.025,36.31,25.07
"2024-11-08 18:00:00",2115,12.57,701,1,0.78,1.45,0.98,0.114,0.077,0.053,0.012,35.48,25.34
"2024-11-08 18:30:00",2116,12.57,701,1,0.481,0.9,0.6,0.071,0.047,0.029,-0.002,35.64,25.5
"2024-11-08 19:00:00",2117,12.57,701,1,0.354,0.73,0.37,0.057,0.029,0.021,-0.002,35.54,24.14
"2024-11-08 19:30:00",2118,12.56,701,1,0.289,0.54,0.36,0.043,0.029,0.013,-0.004,34.07,24.77
"2024-11-08 20:00:00",2119,12.56,701,1,0.216,0.45,0.22,0.035,0.017,0.01,-0.006,35.17,24.77
"2024-11-08 20:30:00",2120,12.56,701,1,0.203,0.41,0.22,0.032,0.018,0.005,-0.004,34.32,27.37
"2024-11-08 21:00:00",2121,12.55,701,1,0.158,0.32,0.17,0.025,0.014,0.005,-0.008,33.84,24.7
"2024-11-08 21:30:00",2122,12.55,701,1,0.12,0.28,0.09,0.022,0.007,0.007,-0.01,34.02,25.13
"2024-11-08 22:00:00",2123,12.55,701,1,0.171,0.36,0.17,0.028,0.014,0.005,-0.01,35.05,24.08
"2024-11-08 22:30:00",2124,12.55,701,1,0.132,0.28,0.13,0.022,0.01,-0.022,-0.008,37.98,26.17
"2024-11-08 23:00:00",2125,12.55,701,1,0.092,0.28,0,0.022,0,0.007,-0.012,37.03,24.64
"2024-11-08 23:30:00",2126,12.54,701,1,0.065,0.16,0.04,0.013,0.003,0.012,-0.012,39.18,25.12
"2024-11-09 00:00:00",2127,12.54,701,1,0.119,0.24,0.13,0.019,0.01,0.002,-0.008,35.43,25.13
"2024-11-09 00:30:00",2128,12.54,701,1,0.171,0.36,0.17,0.028,0.013,0.007,-0.008,33.06,24.44
"2024-11-09 01:00:00",2129,12.53,701,1,0.171,0.36,0.17,0.028,0.014,0.005,-0.006,34.28,24.55
"2024-11-09 01:30:00",2130,12.53,701,1,0.207,0.47,0.17,0.036,0.013,0.015,-0.006,35.11,25.65
"2024-11-09 02:00:00",2131,12.53,701,1,0.207,0.47,0.17,0.036,0.013,0.01,-0.008,35.06,26.59
"2024-11-09 02:30:00",2132,12.53,701,1,0.264,0.52,0.3,0.041,0.024,0.015,-0.008,35.31,24.75
"2024-11-09 03:00:00",2133,12.53,701,1,0.197,0.44,0.17,0.034,0.014,0.01,-0.01,36.73,25.34
"2024-11-09 03:30:00",2134,12.53,701,1,0.239,0.52,0.22,0.041,0.017,0.005,-0.008,41.75,26.75
"2024-11-09 04:00:00",2135,12.53,701,1,0.245,0.51,0.25,0.04,0.02,0.01,-0.004,35.06,25.34
"2024-11-09 04:30:00",2136,12.53,701,1,0.283,0.58,0.3,0.046,0.024,0.019,-0.004,33.86,25.39
"2024-11-09 05:00:00",2137,12.53,701,1,0.226,0.48,0.22,0.038,0.017,0.007,-0.008,33.08,24.19
"2024-11-09 05:30:00",2138,12.52,701,1,0.254,0.48,0.31,0.038,0.024,0.012,-0.004,35.33,24.92
"2024-11-09 06:00:00",2139,12.52,701,1,0.277,0.56,0.3,0.044,0.024,0.022,-0.006,44.96,25.35
"2024-11-09 06:30:00",2140,12.52,701,1,0.232,0.47,0.25,0.037,0.02,0.005,-0.006,34.85,24.29
"2024-11-09 07:00:00",2141,12.51,701,1,0.248,0.51,0.26,0.04,0.02,0.012,-0.006,33.34,25.13
"2024-11-09 07:30:00",2142,12.51,701,1,0.238,0.48,0.26,0.038,0.02,0.007,-0.004,36.75,25.76
"2024-11-09 08:00:00",2143,12.51,701,1,0.299,0.59,0.34,0.046,0.027,0.017,-0.006,36.2,23.55
"2024-11-09 08:30:00",2144,12.51,701,1,0.754,1.42,0.93,0.111,0.073,0.05,0.008,37.2,24.55
"2024-11-09 09:00:00",2145,12.51,701,1,1.35,2.49,1.72,0.195,0.135,0.095,0.03,37.18,26.21
"2024-11-09 09:30:00",2146,12.51,701,1,1.793,3.32,2.27,0.26,0.178,0.134,0.04,37.63,25.82
"2024-11-09 10:00:00",2147,12.5,701,1,1.874,3.15,2.71,0.247,0.213,0.145,0.055,39.29,26.23
"2024-11-09 10:30:00",2148,12.5,701,1,2.233,3.99,2.98,0.313,0.233,0.165,0.061,37.63,24.98
"2024-11-09 11:00:00",2149,12.5,701,1,2.394,4.31,3.16,0.338,0.248,0.204,0.061,41.49,26.33
"2024-11-09 11:30:00",2150,12.5,701,1,2.559,4.5,3.49,0.353,0.273,0.195,0.072,40.92,25.18
"2024-11-09 12:00:00",2151,12.5,701,1,2.799,5.09,3.64,0.399,0.286,0.201,0.072,37.84,26.03
"2024-11-09 12:30:00",2152,12.5,701,1,2.826,5.04,3.78,0.395,0.296,0.21,0.081,38.65,25.59
"2024-11-09 13:00:00",2153,12.5,701,1,2.923,5.28,3.84,0.414,0.301,0.232,0.079,43.06,26.23
"2024-11-09 13:30:00",2154,12.51,701,1,3.026,5.49,3.95,0.431,0.31,0.226,0.08,39.96,25.64
"2024-11-09 14:00:00",2155,12.51,701,1,2.965,5.35,3.9,0.419,0.306,0.22,0.086,40.81,25.23
"2024-11-09 14:30:00",2156,12.51,701,1,2.955,5.33,3.89,0.418,0.305,0.221,0.076,39.5,25.6
"2024-11-09 15:00:00",2157,12.51,701,1,2.833,5.11,3.73,0.4,0.293,0.21,0.074,39.09,26.86
"2024-11-09 15:30:00",2158,12.51,701,1,2.606,4.7,3.43,0.369,0.269,0.188,0.071,37.24,26.27
"2024-11-09 16:00:00",2159,12.51,701,1,2.404,4.37,3.13,0.342,0.245,0.173,0.059,37.2,26.06
"2024-11-09 16:30:00",2160,12.5,701,1,2.187,4,2.82,0.314,0.221,0.161,0.052,38.03,25.38
"2024-11-09 17:00:00",2161,12.51,701,1,1.803,3.33,2.29,0.261,0.18,0.127,0.04,37.1,25.86
"2024-11-09 17:30:00",2162,12.5,701,1,1.379,2.53,1.77,0.198,0.139,0.095,0.028,35.73,24.91
"2024-11-09 18:00:00",2163,12.5,701,1,0.889,1.68,1.09,0.131,0.086,0.057,0.014,34.59,24.87
"2024-11-09 18:30:00",2164,12.49,701,1,0.62,1.17,0.76,0.092,0.06,0.038,0.01,34.74,25.44
"2024-11-09 19:00:00",2165,12.49,701,1,0.524,1.04,0.59,0.082,0.046,0.033,0,35.93,24.54
"2024-11-09 19:30:00",2166,12.49,701,1,0.466,0.91,0.54,0.071,0.042,0.03,-0.002,34.48,24.76
"2024-11-09 20:00:00",2167,12.48,701,1,0.377,0.77,0.4,0.06,0.031,0.02,-0.002,35.95,25.23
"2024-11-09 20:30:00",2168,12.48,701,1,0.313,0.66,0.31,0.052,0.025,0.018,-0.002,34.16,24.44
"2024-11-09 21:00:00",2169,12.48,701,1,0.283,0.57,0.31,0.045,0.025,0.02,-0.004,34.79,25.49
"2024-11-09 21:30:00",2170,12.47,701,1,0.267,0.52,0.31,0.041,0.024,0.002,-0.002,35.57,25.01
"2024-11-09 22:00:00",2171,12.47,701,1,0.243,0.57,0.18,0.044,0.014,0.02,-0.008,38.71,24.23
"2024-11-09 22:30:00",2172,12.47,701,1,0.203,0.41,0.22,0.032,0.018,0.01,-0.006,34.33,24.19
"2024-11-09 23:00:00",2173,12.46,701,1,0.194,0.42,0.18,0.033,0.014,0.013,-0.006,33.07,25.28
"2024-11-09 23:30:00",2174,12.46,701,1,0.213,0.44,0.22,0.035,0.017,0.017,-0.006,35.42,25.7
"2024-11-10 00:00:00",2175,12.46,701,1,0.2,0.44,0.18,0.034,0.014,0.007,-0.008,34.53,24.81
"2024-11-10 00:30:00",2176,12.45,701,1,0.185,0.44,0.13,0.034,0.01,0.012,-0.002,34.47,24.18
"2024-11-10 01:00:00",2177,12.45,701,1,0.171,0.36,0.17,0.028,0.014,0.007,-0.008,35.16,24.6
"2024-11-10 01:30:00",2178,12.45,701,1,0.186,0.36,0.22,0.028,0.017,0.015,0.008,35.85,24.87
"2024-11-10 02:00:00",2179,12.44,701,1,0.226,0.48,0.22,0.037,0.017,0.01,-0.004,33.87,25.14
"2024-11-10 02:30:00",2180,12.44,701,1,0.217,0.49,0.18,0.038,0.014,0.015,-0.008,35.38,24.25
"2024-11-10 03:00:00",2181,12.44,701,1,0.132,0.28,0.13,0.022,0.01,0.003,0.01,33.7,26.33
"2024-11-10 03:30:00",2182,12.44,701,1,0.22,0.51,0.17,0.04,0.014,0.007,-0.008,34.13,24.82
"2024-11-10 04:00:00",2183,12.44,701,1,0.184,0.4,0.17,0.031,0.014,0.002,-0.006,34.54,24.81
"2024-11-10 04:30:00",2184,12.44,701,1,0.171,0.36,0.17,0.028,0.014,0.005,-0.008,34.59,24.6
"2024-11-10 05:00:00",2185,12.44,701,1,0.181,0.43,0.13,0.034,0.01,0.01,-0.01,35.21,24.91
"2024-11-10 05:30:00",2186,12.43,701,1,0.13,0.31,0.09,0.025,0.007,0.005,-0.008,34.44,24.98
"2024-11-10 06:00:00",2187,12.43,701,1,0.126,0.31,0.08,0.024,0.007,0.002,-0.01,34.49,24.76
"2024-11-10 06:30:00",2188,12.43,701,1,0.126,0.31,0.08,0.024,0.007,0.002,-0.01,34.54,24.66
"2024-11-10 07:00:00",2189,12.43,701,1,0.136,0.34,0.08,0.027,0.007,0.01,-0.01,35.4,24.41
"2024-11-10 07:30:00",2190,12.43,701,1,0.145,0.32,0.13,0.025,0.01,0.002,-0.01,34.22,24.92
"2024-11-10 08:00:00",2191,12.43,701,1,0.126,0.31,0.08,0.024,0.007,0.002,-0.01,34.6,24.87
"2024-11-10 08:30:00",2192,12.43,701,1,0.299,0.6,0.33,0.047,0.026,0.016,-0.002,36.44,25.03
"2024-11-10 09:00:00",2193,12.43,701,1,0.764,1.44,0.94,0.113,0.073,0.056,0.01,37.74,25.09
"2024-11-10 09:30:00",2194,12.43,701,1,1.043,1.97,1.28,0.154,0.101,0.081,0.02,38.47,25.82
"2024-11-10 10:00:00",2195,12.43,701,1,1.449,2.63,1.89,0.206,0.148,0.11,0.034,38,25.92
"2024-11-10 10:30:00",2196,12.44,701,1,1.689,3.04,2.23,0.238,0.175,0.137,0.043,38.47,25.81
"2024-11-10 11:00:00",2197,12.44,701,1,1.943,3.52,2.54,0.276,0.199,0.151,0.049,40.92,25.35
"2024-11-10 11:30:00",2198,12.45,701,1,2.103,3.84,2.72,0.301,0.214,0.157,0.057,37.94,26.13
"2024-11-10 12:00:00",2199,12.45,701,1,2.379,4.32,3.1,0.339,0.243,0.185,0.063,39.62,25.45
"2024-11-10 12:30:00",2200,12.46,701,1,2.566,4.56,3.45,0.357,0.271,0.229,-0.021,52.96,26.08
"2024-11-10 13:00:00",2201,12.46,701,1,2.59,4.69,3.39,0.368,0.266,0.198,0.071,41.98,25.82
"2024-11-10 13:30:00",2202,12.46,701,1,2.506,4.5,3.32,0.353,0.26,0.195,0.069,36.42,25.86
"2024-11-10 14:00:00",2203,12.46,701,1,2.417,4.4,3.14,0.345,0.246,0.181,0.066,36.79,27.07
"2024-11-10 14:30:00",2204,12.46,701,1,2.258,4.01,3.04,0.315,0.239,0.175,0.054,37.26,25.45
"2024-11-10 15:00:00",2205,12.47,701,1,2.15,4,2.7,0.313,0.212,0.163,0.055,35.85,24.87
"2024-11-10 15:30:00",2206,12.47,701,1,1.876,3.44,2.41,0.269,0.189,0.128,0.047,38.27,25.2
"2024-11-10 16:00:00",2207,12.46,701,1,1.622,2.96,2.1,0.232,0.164,0.095,0.043,39.67,24.92
"2024-11-10 16:30:00",2208,12.46,701,1,1.315,2.41,1.69,0.189,0.133,0.102,0.031,39.83,25.5
"2024-11-10 17:00:00",2209,12.46,701,1,0.933,1.73,1.18,0.136,0.093,0.063,0.017,36.23,25.25
"2024-11-10 17:30:00",2210,12.46,701,1,0.562,1.1,0.65,0.086,0.051,0.035,0.004,34.54,25.81
"2024-11-10 18:00:00",2211,12.46,701,1,0.335,0.69,0.35,0.054,0.028,0.02,-0.004,36.37,24.97
"2024-11-10 18:30:00",2212,12.46,701,1,0.196,0.4,0.21,0.031,0.017,0.01,-0.008,35.28,25.29
"2024-11-10 19:00:00",2213,12.46,701,1,0.13,0.31,0.09,0.025,0.007,0.01,-0.01,34.49,25.6
"2024-11-10 19:30:00",2214,12.46,701,1,0.079,0.24,0,0.019,0,0.003,-0.016,35.12,24.4
"2024-11-10 20:00:00",2215,12.45,701,1,0.08,0.16,0.09,0.012,0.007,0.005,-0.004,34.97,25.08
"2024-11-10 20:30:00",2216,12.45,701,1,0.07,-0.07,0.3,-0.006,0.024,0.09,-0.234,23.73,58.09
"2024-11-10 21:00:00",2217,12.45,701,1,0.065,0.16,0.04,0.013,0.003,0,-0.008,36.7,23.05
"2024-11-10 21:30:00",2218,12.45,701,1,0.052,0.12,0.04,0.009,0.003,0.005,-0.019,37.18,24.26
"2024-11-10 22:00:00",2219,12.45,701,1,0.028,0.16,-0.08,0.013,-0.007,-0.01,0,37.28,27.13
"2024-11-10 22:30:00",2220,12.44,701,1,-0.008,0,-0.03,0,-0.003,-0.01,-0.01,35.49,25.76
"2024-11-10 23:00:00",2221,12.45,701,1,0.004,0.04,-0.03,0.003,-0.003,-0.003,-0.014,33.98,25.35
"2024-11-10 23:30:00",2222,12.44,701,1,0.03,0.12,-0.03,0.01,-0.003,-0.007,-0.01,32.47,24.16
"2024-11-11 00:00:00",2223,12.44,701,1,0.056,0.2,-0.03,0.016,-0.003,-0.005,-0.012,36.55,25.15
"2024-11-11 00:30:00",2224,12.44,701,1,0.052,0.16,0,0.012,0,-0.002,-0.006,34.26,25.52
"2024-11-11 01:00:00",2225,12.43,701,1,0.066,0.2,0,0.015,0,0.002,-0.01,34.54,25.49
"2024-11-11 01:30:00",2226,12.42,701,1,0.049,0.15,0,0.012,0,0,-0.014,33.97,24.93
"2024-11-11 02:00:00",2227,12.43,701,1,"NAN","NAN","NAN","NAN","NAN","NAN","NAN","NAN","NAN"
"2024-11-11 02:30:00",2228,12.42,701,1,0.049,0.15,0,0.012,0,0.002,-0.012,36.06,24.81
"2024-11-11 03:00:00",2229,12.41,701,1,0.062,0.19,0,0.015,0,0,-0.01,34.7,25.24
"2024-11-11 03:30:00",2230,12.41,701,1,0.03,0.12,-0.03,0.009,-0.003,-0.002,-0.014,37.79,23.88
"2024-11-11 04:00:00",2231,12.42,701,1,0.048,0.11,0.04,0.009,0.003,-0.005,-0.008,35.74,24.35
"2024-11-11 04:30:00",2232,12.42,701,1,0.075,0.19,0.04,0.015,0.003,-0.019,-0.016,34.65,23.83
"2024-11-11 05:00:00",2233,12.41,701,1,0.049,0.15,0,0.012,0,0,-0.014,34.13,25.08
"2024-11-11 05:30:00",2234,12.41,701,1,0.1,0.23,0.08,0.018,0.007,0.002,-0.01,34.92,25.35
"2024-11-11 06:00:00",2235,12.41,701,1,0.1,0.23,0.08,0.018,0.007,0.01,-0.006,33.71,23.72
"2024-11-11 06:30:00",2236,12.41,701,1,0.101,0.27,0.04,0.021,0.003,-0.002,-0.008,34.56,25.25
"2024-11-11 07:00:00",2237,12.42,701,1,0.124,0.34,0.04,0.027,0.003,0.01,-0.012,35.28,24.3
"2024-11-11 07:30:00",2238,12.41,701,1,0.101,0.27,0.04,0.021,0.003,0.035,-0.008,34.17,24.03
"2024-11-11 08:00:00",2239,12.41,701,1,0.124,0.34,0.04,0.027,0.003,0.005,-0.012,34.44,25.13
"2024-11-11 08:30:00",2240,12.41,701,1,0.197,0.45,0.16,0.035,0.013,0.009,-0.008,34.25,24.52
"2024-11-11 09:00:00",2241,12.41,701,1,0.306,0.63,0.32,0.049,0.025,0.016,-0.004,34.22,25.08
"2024-11-11 09:30:00",2242,12.41,701,1,0.502,0.99,0.57,0.078,0.045,0.038,0.004,35.94,24.96
"2024-11-11 10:00:00",2243,12.41,701,1,0.908,1.72,1.11,0.135,0.087,0.065,0.012,38.41,25.6
"2024-11-11 10:30:00",2244,12.41,701,1,"NAN","NAN","NAN","NAN","NAN","NAN","NAN","NAN","NAN"
"2024-11-11 11:00:00",2245,12.4,701,1,1.207,2.28,1.48,0.178,0.116,0.089,0.026,36.48,25.24
"2024-11-11 11:30:00",2246,12.4,701,1,"NAN","NAN","NAN","NAN","NAN","NAN","NAN","NAN","NAN"
"2024-11-11 12:00:00",2247,12.41,701,1,0.789,1.64,0.81,0.128,0.063,0.058,0.01,34.93,24.22
"2024-11-11 12:30:00",2248,12.4,701,1,0.957,1.84,1.14,0.145,0.089,0.07,0.013,38.97,24.23
"2024-11-11 13:00:00",2249,12.4,701,1,"NAN","NAN","NAN","NAN","NAN","NAN","NAN","NAN","NAN"
"2024-11-11 13:30:00",2250,12.41,701,1,"NAN","NAN","NAN","NAN","NAN","NAN","NAN","NAN","NAN"
"2024-11-11 14:00:00",2251,12.41,701,1,"NAN","NAN","NAN","NAN","NAN","NAN","NAN","NAN","NAN"
"2024-11-11 14:30:00",2252,12.4,701,1,"NAN","NAN","NAN","NAN","NAN","NAN","NAN","NAN","NAN"
"2024-11-11 15:00:00",2253,12.4,701,1,"NAN","NAN","NAN","NAN","NAN","NAN","NAN","NAN","NAN"
"2024-11-11 15:30:00",2254,12.4,701,1,"NAN","NAN","NAN","NAN","NAN","NAN","NAN","NAN","NAN"
"2024-11-11 16:00:00",2255,12.4,701,1,"NAN","NAN","NAN","NAN","NAN","NAN","NAN","NAN","NAN"
"2024-11-11 16:30:00",2256,12.4,701,1,"NAN","NAN","NAN","NAN","NAN","NAN","NAN","NAN","NAN"
"2024-11-11 17:00:00",2257,12.4,701,1,"NAN","NAN","NAN","NAN","NAN","NAN","NAN","NAN","NAN"
"2024-11-11 17:30:00",2258,12.4,701,1,1.417,2.74,1.67,0.215,0.131,0.105,0.027,37.17,24.78
"2024-11-11 18:00:00",2259,12.4,701,1,0.938,1.82,1.1,0.143,0.086,0.068,0.013,35.69,25.55
"2024-11-11 18:30:00",2260,12.4,701,1,"NAN","NAN","NAN","NAN","NAN","NAN","NAN","NAN","NAN"
"2024-11-11 19:00:00",2261,12.4,701,1,"NAN","NAN","NAN","NAN","NAN","NAN","NAN","NAN","NAN"
"2024-11-11 19:30:00",2262,12.39,701,1,"NAN","NAN","NAN","NAN","NAN","NAN","NAN","NAN","NAN"
"2024-11-11 20:00:00",2263,12.39,701,1,"NAN","NAN","NAN","NAN","NAN","NAN","NAN","NAN","NAN"
"2024-11-11 20:30:00",2264,12.39,701,1,0.309,0.65,0.31,0.051,0.025,0.018,-0.004,36.61,26.06
"2024-11-11 21:00:00",2265,12.38,701,1,"NAN","NAN","NAN","NAN","NAN","NAN","NAN","NAN","NAN"
"2024-11-11 21:30:00",2266,12.38,701,1,0.259,0.6,0.2,0.047,0.016,0.014,-0.006,34.97,24.56
"2024-11-11 22:00:00",2267,12.38,701,1,0.277,0.57,0.29,0.045,0.022,0.014,-0.002,37.57,24.08
"2024-11-11 22:30:00",2268,12.38,701,1,"NAN","NAN","NAN","NAN","NAN","NAN","NAN","NAN","NAN"
"2024-11-11 23:00:00",2269,12.38,701,1,0.271,0.56,0.28,0.044,0.022,0.019,-0.006,34.71,25.4
"2024-11-11 23:30:00",2270,12.38,701,1,"NAN","NAN","NAN","NAN","NAN","NAN","NAN","NAN","NAN"
"2024-11-12 00:00:00",2271,12.37,701,1,0.236,0.54,0.19,0.042,0.015,0.016,-0.006,35.18,25.87
"2024-11-12 00:30:00",2272,12.37,701,1,0.242,0.55,0.2,0.043,0.016,0.016,-0.008,34.11,25.64
"2024-11-12 01:00:00",2273,12.37,701,1,0.258,0.56,0.24,0.044,0.019,0.012,-0.002,33.59,24.71
"2024-11-12 01:30:00",2274,12.37,701,1,"NAN","NAN","NAN","NAN","NAN","NAN","NAN","NAN","NAN"
"2024-11-12 02:00:00",2275,12.37,701,1,"NAN","NAN","NAN","NAN","NAN","NAN","NAN","NAN","NAN"
"2024-11-12 02:30:00",2276,12.37,701,1,0.37,0.75,0.4,0.059,0.032,0.025,-0.002,35.53,26.22
"2024-11-12 03:00:00",2277,12.37,701,1,"NAN","NAN","NAN","NAN","NAN","NAN","NAN","NAN","NAN"
"2024-11-12 03:30:00",2278,12.36,701,1,0.367,0.78,0.36,0.061,0.028,0.027,-0.004,34.85,25.13
"2024-11-12 04:00:00",2279,12.36,701,1,0.387,0.84,0.36,0.066,0.028,0.027,-0.002,35.35,24.64
"2024-11-12 04:30:00",2280,12.36,701,1,0.367,0.74,0.4,0.058,0.032,0.021,-0.004,34.91,24.09
"2024-11-12 05:00:00",2281,12.36,701,1,"NAN","NAN","NAN","NAN","NAN","NAN","NAN","NAN","NAN"
"2024-11-12 05:30:00",2282,12.35,701,1,"NAN","NAN","NAN","NAN","NAN","NAN","NAN","NAN","NAN"
"2024-11-12 06:00:00",2283,12.35,701,1,"NAN","NAN","NAN","NAN","NAN","NAN","NAN","NAN","NAN"
"2024-11-12 06:30:00",2284,12.35,701,1,"NAN","NAN","NAN","NAN","NAN","NAN","NAN","NAN","NAN"
"2024-11-12 07:00:00",2285,12.35,701,1,0.38,0.78,0.4,0.061,0.031,0.025,-0.002,35.21,25.91
"2024-11-12 07:30:00",2286,12.34,701,1,0.392,0.78,0.44,0.061,0.035,0.025,-0.002,35.68,24.71
"2024-11-12 08:00:00",2287,12.34,701,1,"NAN","NAN","NAN","NAN","NAN","NAN","NAN","NAN","NAN"
"2024-11-12 08:30:00",2288,12.34,701,1,"NAN","NAN","NAN","NAN","NAN","NAN","NAN","NAN","NAN"
"2024-11-12 09:00:00",2289,12.34,701,1,2.075,3.81,2.66,0.299,0.209,0.158,0.052,36.06,27.02
"2024-11-12 09:30:00",2290,12.34,701,1,2.61,4.76,3.38,0.373,0.265,0.198,0.065,39.12,27.16
"2024-11-12 10:00:00",2291,12.34,701,1,2.857,5.22,3.69,0.409,0.289,0.219,0.076,39.67,26.76
"2024-11-12 10:30:00",2292,12.34,701,1,"NAN","NAN","NAN","NAN","NAN","NAN","NAN","NAN","NAN"
"2024-11-12 11:00:00",2293,12.34,701,1,"NAN","NAN","NAN","NAN","NAN","NAN","NAN","NAN","NAN"
"2024-11-12 11:30:00",2294,12.34,701,1,3.26,5.91,4.26,0.464,0.334,0.253,0.091,36.94,25.96
"2024-11-12 12:00:00",2295,12.34,701,1,3.398,6.19,4.41,0.486,0.346,0.253,0.089,38.3,25.39
"2024-11-12 12:30:00",2296,12.34,701,1,3.453,6.28,4.49,0.493,0.352,0.267,0.094,39.73,26.92
"2024-11-12 13:00:00",2297,12.33,701,1,3.394,6.11,4.48,0.479,0.351,0.269,0.095,38.39,27.56
"2024-11-12 13:30:00",2298,12.34,701,1,3.372,6.1,4.42,0.479,0.347,0.254,0.092,37.79,26.81
"2024-11-12 14:00:00",2299,12.34,701,1,3.278,5.89,4.34,0.462,0.34,0.254,0.098,39.47,25.71
"2024-11-12 14:30:00",2300,12.33,701,1,3.299,6.01,4.28,0.471,0.336,0.254,0.083,37.48,25.4
"2024-11-12 15:00:00",2301,12.33,701,1,3.279,5.93,4.3,0.465,0.337,0.246,0.091,39,25.77
"2024-11-12 15:30:00",2302,12.33,701,1,3.171,5.8,4.09,0.455,0.321,0.24,0.089,39.38,25.89
"2024-11-12 16:00:00",2303,12.33,701,1,2.925,5.38,3.74,0.422,0.293,0.225,0.077,38.07,26.67
"2024-11-12 16:30:00",2304,12.33,701,1,2.553,4.7,3.26,0.369,0.255,0.165,0.066,40.53,25.36
"2024-11-12 17:00:00",2305,12.33,701,1,"NAN","NAN","NAN","NAN","NAN","NAN","NAN","NAN","NAN"
"2024-11-12 17:30:00",2306,12.33,701,1,1.842,3.47,2.27,0.272,0.178,0.139,0.039,38.5,25.42
"2024-11-12 18:00:00",2307,12.32,701,1,1.243,2.4,1.47,0.188,0.115,0.095,0.022,36.24,25.1
"2024-11-12 18:30:00",2308,12.32,701,1,0.816,1.6,0.94,0.125,0.074,0.058,0.01,34.88,25.99
"2024-11-12 19:00:00",2309,12.32,701,1,0.705,1.43,0.76,0.112,0.06,0.051,0.006,34.92,24.78
"2024-11-12 19:30:00",2310,12.31,701,1,0.598,1.18,0.68,0.093,0.053,0.043,0.006,34.71,24.73
"2024-11-12 20:00:00",2311,12.31,701,1,0.541,1.12,0.56,0.088,0.044,0.039,0.002,34.07,25.6
"2024-11-12 20:30:00",2312,12.31,701,1,0.441,0.93,0.44,0.073,0.034,0.035,-0.002,33.55,25.24
"2024-11-12 21:00:00",2313,12.31,701,1,0.425,0.89,0.43,0.07,0.034,0.027,-0.002,35.23,24.25
"2024-11-12 21:30:00",2314,12.3,701,1,0.35,0.69,0.4,0.054,0.031,0.022,-0.002,35.08,24.94
"2024-11-12 22:00:00",2315,12.3,701,1,0.345,0.73,0.34,0.058,0.026,0.024,-0.002,35.4,23.99
"2024-11-12 22:30:00",2316,12.3,701,1,0.37,0.77,0.38,0.061,0.03,0.026,-0.002,34.02,24.45
"2024-11-12 23:00:00",2317,12.29,701,1,0.364,0.75,0.38,0.059,0.03,0.024,-0.002,34.87,24.04
"2024-11-12 23:30:00",2318,12.29,701,1,0.313,0.67,0.3,0.053,0.023,0.022,-0.004,34.33,25.19
"2024-11-13 00:00:00",2319,12.29,701,1,0.293,0.61,0.3,0.048,0.024,0.02,0,34.15,23.74
"2024-11-13 00:30:00",2320,12.28,701,1,0.328,0.68,0.34,0.053,0.027,0.02,-0.002,34.3,24.57
"2024-11-13 01:00:00",2321,12.28,701,1,0.338,0.71,0.34,0.056,0.027,0.024,-0.01,36.13,24.72
"2024-11-13 01:30:00",2322,12.28,701,1,0.345,0.72,0.35,0.056,0.027,0.022,-0.002,34.76,25.04
"2024-11-13 02:00:00",2323,12.28,701,1,0.325,0.67,0.34,0.053,0.027,0.024,0,35.38,25.66
"2024-11-13 02:30:00",2324,12.27,701,1,0.351,0.75,0.34,0.059,0.027,0.022,-0.002,34.72,25.67
"2024-11-13 03:00:00",2325,12.27,701,1,0.358,0.76,0.35,0.059,0.027,0.025,-0.004,33.88,24.72
"2024-11-13 03:30:00",2326,12.27,701,1,0.371,0.8,0.35,0.063,0.027,0.027,-0.004,33.71,24.67
"2024-11-13 04:00:00",2327,12.27,701,1,0.364,0.74,0.39,0.058,0.03,0.024,-0.002,33.66,25.35
"2024-11-13 04:30:00",2328,12.26,701,1,0.406,0.83,0.43,0.065,0.034,0.027,-0.004,32.52,24.05
"2024-11-13 05:00:00",2329,12.26,701,1,0.379,0.75,0.43,0.059,0.034,0.022,-0.006,34.41,24.1
"2024-11-13 05:30:00",2330,12.26,701,1,0.393,0.83,0.39,0.065,0.03,0.027,-0.002,34.28,24.72
"2024-11-13 06:00:00",2331,12.26,701,1,0.374,0.78,0.38,0.061,0.03,0.024,-0.002,33.81,25.08
"2024-11-13 06:30:00",2332,12.26,701,1,0.402,0.82,0.43,0.064,0.033,0.027,0.002,34.17,25.44
"2024-11-13 07:00:00",2333,12.26,701,1,0.371,0.81,0.34,0.064,0.027,0.026,-0.004,35.39,24.98
"2024-11-13 07:30:00",2334,12.26,701,1,0.373,0.74,0.42,0.058,0.033,0.024,0.002,36.49,24.83
"2024-11-13 08:00:00",2335,12.26,701,1,0.395,0.77,0.46,0.061,0.036,0.026,0,36.47,24.92
"2024-11-13 08:30:00",2336,12.26,701,1,0.518,1.06,0.55,0.083,0.043,0.036,0,35.33,24.35
"2024-11-13 09:00:00",2337,12.25,701,1,0.818,1.54,1.01,0.121,0.079,0.058,0.014,37.38,25.3
"2024-11-13 09:30:00",2338,12.25,701,1,1.136,2.14,1.4,0.168,0.11,0.085,0.024,35.35,24.62
"2024-11-13 10:00:00",2339,12.25,701,1,1.403,2.67,1.7,0.209,0.134,0.105,0.032,33.47,26.09
"2024-11-13 10:30:00",2340,12.25,701,1,1.595,2.97,2,0.233,0.157,0.121,0.036,37.22,26.4
"2024-11-13 11:00:00",2341,12.26,701,1,2.089,4.1,2.4,0.321,0.189,0.209,0.049,46.14,26.36
"2024-11-13 11:30:00",2342,12.26,701,1,1.978,3.62,2.55,0.284,0.2,0.165,0.056,38.13,25.47
"2024-11-13 12:00:00",2343,12.26,701,1,2.396,4.44,3.03,0.348,0.237,0.181,0.059,38.13,25.89
"2024-11-13 12:30:00",2344,12.26,701,1,2.652,4.86,3.41,0.381,0.267,0.199,0.069,39.12,25.78
"2024-11-13 13:00:00",2345,12.26,701,1,2.591,4.59,3.5,0.36,0.274,0.188,0.076,38.46,27.2
"2024-11-13 13:30:00",2346,12.26,701,1,2.904,5.28,3.78,0.414,0.296,0.223,0.078,39.44,26.62
"2024-11-13 14:00:00",2347,12.26,701,1,2.765,5.12,3.5,0.401,0.274,0.206,0.071,38.59,25.67
"2024-11-13 14:30:00",2348,12.27,701,1,2.641,4.78,3.46,0.375,0.271,0.205,0.073,38.96,26.72
"2024-11-13 15:00:00",2349,12.26,701,1,2.694,4.96,3.44,0.389,0.27,0.199,0.071,40.06,25.47
"2024-11-13 15:30:00",2350,12.27,701,1,2.642,4.82,3.42,0.378,0.268,0.192,0.071,36.81,26.25
"2024-11-13 16:00:00",2351,12.26,701,1,2.498,4.59,3.2,0.36,0.251,0.188,0.064,37.97,25.57
"2024-11-13 16:30:00",2352,12.26,701,1,2.248,4.12,2.89,0.323,0.227,0.166,0.055,38.19,26.1
"2024-11-13 17:00:00",2353,12.26,701,1,2.047,3.83,2.55,0.301,0.2,0.148,0.048,37.6,24.26
"2024-11-13 17:30:00",2354,12.26,701,1,1.701,3.2,2.1,0.251,0.164,0.123,0.036,36.5,24.83
"2024-11-13 18:00:00",2355,12.26,701,1,1.335,2.53,1.63,0.199,0.128,0.097,0.026,37.03,25.21
"2024-11-13 18:30:00",2356,12.25,701,1,1.07,2.07,1.26,0.162,0.099,0.074,0.016,34.51,25.2
"2024-11-13 19:00:00",2357,12.26,701,1,0.81,1.57,0.95,0.123,0.075,0.054,0.012,35.12,24.14
"2024-11-13 19:30:00",2358,12.25,701,1,0.662,1.32,0.74,0.104,0.058,0.044,0.006,35.08,24.93
"2024-11-13 20:00:00",2359,12.25,701,1,0.524,1.03,0.6,0.081,0.047,0.032,0.002,34.68,24.26
"2024-11-13 20:30:00",2360,12.24,701,1,0.499,1,0.55,0.078,0.043,0.033,0.002,34.04,25.31
"2024-11-13 21:00:00",2361,12.24,701,1,0.467,0.95,0.5,0.075,0.039,0.028,0,35.65,25.09
"2024-11-13 21:30:00",2362,12.24,701,1,0.47,0.96,0.5,0.075,0.039,0.029,0,36.76,25.2
"2024-11-13 22:00:00",2363,12.24,701,1,0.444,0.92,0.46,0.072,0.036,0.033,0,36.03,24.89
"2024-11-13 22:30:00",2364,12.23,701,1,0.457,0.92,0.5,0.072,0.039,0.031,0.002,35.99,24.58
"2024-11-13 23:00:00",2365,12.23,701,1,0.412,0.86,0.42,0.067,0.033,0.029,0,35.39,25.09
"2024-11-13 23:30:00",2366,12.23,701,1,0.406,0.84,0.42,0.066,0.033,0.027,0,35.81,24.57
"2024-11-14 00:00:00",2367,12.23,701,1,0.384,0.81,0.38,0.064,0.03,0.031,0,36.49,25.25
"2024-11-14 00:30:00",2368,12.23,701,1,0.373,0.74,0.42,0.058,0.033,0.024,-0.002,35.92,25.09
"2024-11-14 01:00:00",2369,12.23,701,1,0.357,0.73,0.38,0.058,0.03,0.022,-0.002,34.24,24.51
"2024-11-14 01:30:00",2370,12.23,701,1,0.348,0.74,0.34,0.058,0.027,0.027,-0.002,33.93,24.62
"2024-11-14 02:00:00",2371,12.23,701,1,0.335,0.7,0.34,0.055,0.027,0.022,-0.002,33.47,24.99
"2024-11-14 02:30:00",2372,12.22,701,1,0.347,0.7,0.38,0.055,0.03,0.022,-0.002,34,25.36
"2024-11-14 03:00:00",2373,12.22,701,1,0.321,0.62,0.38,0.049,0.03,0.019,-0.004,35.56,24.32
"2024-11-14 03:30:00",2374,12.22,701,1,0.334,0.66,0.38,0.052,0.03,0.019,0,35.08,25.51
"2024-11-14 04:00:00",2375,12.22,701,1,0.309,0.62,0.34,0.049,0.026,0.017,-0.004,33.39,25.6
"2024-11-14 04:30:00",2376,12.22,701,1,0.31,0.66,0.3,0.052,0.023,0.019,-0.006,34.5,25.04
"2024-11-14 05:00:00",2377,12.22,701,1,0.329,0.69,0.33,0.054,0.026,0.019,-0.002,35.02,25.87
"2024-11-14 05:30:00",2378,12.22,701,1,0.296,0.62,0.3,0.048,0.023,0.017,-0.002,34.66,25.19
"2024-11-14 06:00:00",2379,12.22,701,1,0.325,0.67,0.34,0.052,0.027,0.02,-0.004,35.59,23.78
"2024-11-14 06:30:00",2380,12.21,701,1,0.296,0.62,0.3,0.049,0.023,0.017,-0.002,34.92,24.62
"2024-11-14 07:00:00",2381,12.22,701,1,0.296,0.62,0.3,0.048,0.023,0.019,-0.004,35.03,24.72
"2024-11-14 07:30:00",2382,12.22,701,1,0.283,0.58,0.3,0.046,0.023,0.017,-0.002,33.98,25.09
"2024-11-14 08:00:00",2383,12.21,701,1,0.268,0.58,0.25,0.045,0.02,0.019,-0.004,34.74,24.34
"2024-11-14 08:30:00",2384,12.21,701,1,0.421,0.81,0.5,0.064,0.04,0.027,0,35.02,25.56
"2024-11-14 09:00:00",2385,12.21,701,1,0.597,1.15,0.71,0.09,0.056,0.044,0.006,35.92,25.35
"2024-11-14 09:30:00",2386,12.21,701,1,0.787,1.53,0.92,0.12,0.072,0.058,0.012,35.75,25.03
"2024-11-14 10:00:00",2387,12.21,701,1,0.972,1.82,1.21,0.143,0.095,0.07,0.016,36.54,24.72
"2024-11-14 10:30:00",2388,12.21,701,1,1.194,2.27,1.45,0.178,0.114,0.089,0.032,35.96,26.39
"2024-11-14 11:00:00",2389,12.21,701,1,1.601,3.01,1.98,0.236,0.156,0.124,0.038,38.59,25.93
"2024-11-14 11:30:00",2390,12.21,701,1,2.139,3.91,2.76,0.307,0.217,0.167,0.058,39.12,26.88
"2024-11-14 12:00:00",2391,12.21,701,1,2.389,4.38,3.07,0.344,0.241,0.184,0.066,38.92,27.35
"2024-11-14 12:30:00",2392,12.22,701,1,2.402,4.4,3.09,0.345,0.242,0.18,0.062,37.91,26.51
"2024-11-14 13:00:00",2393,12.22,701,1,2.328,4.29,2.97,0.336,0.233,0.17,0.058,37.4,25.42
"2024-11-14 13:30:00",2394,12.22,701,1,2.229,4.12,2.83,0.323,0.222,0.17,0.056,37.56,26
"2024-11-14 14:00:00",2395,12.22,701,1,2.227,4.14,2.8,0.324,0.219,0.172,0.056,37.65,25.98
"2024-11-14 14:30:00",2396,12.22,701,1,2.085,3.84,2.66,0.301,0.208,0.154,0.054,37.39,25.99
"2024-11-14 15:00:00",2397,12.22,701,1,1.986,3.69,2.5,0.289,0.196,0.143,0.046,37.23,25.83
"2024-11-14 15:30:00",2398,12.22,701,1,1.858,3.45,2.34,0.271,0.184,0.136,0.042,36.03,25.05
"2024-11-14 16:00:00",2399,12.22,701,1,1.364,2.58,1.67,0.202,0.131,0.098,0.03,36.9,25.92
"2024-11-14 16:30:00",2400,12.21,701,1,1.351,2.51,1.7,0.197,0.134,0.103,0.028,35.15,25.42
"2024-11-14 17:00:00",2401,12.21,701,1,1.262,2.43,1.5,0.191,0.118,0.094,0.024,36.03,25.2
"2024-11-14 17:30:00",2402,12.21,701,1,0.954,1.82,1.15,0.143,0.09,0.071,0.018,37.97,24.89
"2024-11-14 18:00:00",2403,12.21,701,1,0.614,1.23,0.68,0.096,0.053,0.047,0.006,36.9,25.25
"2024-11-14 18:30:00",2404,12.21,701,1,0.387,0.82,0.38,0.065,0.03,0.015,-0.008,33.63,24.31
"2024-11-14 19:00:00",2405,12.2,701,1,0.339,0.75,0.3,0.059,0.023,0.032,-0.002,34.68,23.85
"2024-11-14 19:30:00",2406,12.2,701,1,0.299,0.59,0.34,0.046,0.027,0.02,-0.002,33.36,24.62
"2024-11-14 20:00:00",2407,12.2,701,1,0.245,0.51,0.25,0.04,0.02,0.015,-0.004,34.72,25.83
"2024-11-14 20:30:00",2408,12.2,701,1,0.206,0.43,0.21,0.034,0.017,0.015,-0.006,35.98,25.41
"2024-11-14 21:00:00",2409,12.2,701,1,0.18,0.35,0.21,0.028,0.017,0.01,-0.006,33.99,24.26
"2024-11-14 21:30:00",2410,12.19,701,1,0.13,0.31,0.09,0.025,0.007,0.005,-0.014,35.21,25.47
"2024-11-14 22:00:00",2411,12.19,701,1,0.165,0.38,0.13,0.03,0.01,0.012,-0.006,34.94,24.53
"2024-11-14 22:30:00",2412,12.19,701,1,0.142,0.31,0.13,0.024,0.01,0.007,-0.008,34.84,24.27
"2024-11-14 23:00:00",2413,12.19,701,1,0.101,0.27,0.04,0.021,0.003,0.005,0.006,33.98,25.66
"2024-11-14 23:30:00",2414,12.19,701,1,0.142,0.31,0.13,0.025,0.01,0,-0.006,35.67,24.84
"2024-11-15 00:00:00",2415,12.19,701,1,0.116,0.27,0.09,0.021,0.007,0.002,-0.01,34.81,23.98
"2024-11-15 00:30:00",2416,12.19,701,1,0.129,0.27,0.13,0.021,0.01,0.005,-0.01,34.46,25.3
"2024-11-15 01:00:00",2417,12.19,701,1,0.114,0.31,0.04,0.025,0.003,0.007,-0.006,34.55,24.25
"2024-11-15 01:30:00",2418,12.18,701,1,0.124,0.34,0.04,0.027,0.003,0.026,-0.008,35.13,23.05
"2024-11-15 02:00:00",2419,12.18,701,1,0.14,0.35,0.08,0.027,0.007,0.007,-0.008,36.92,24.52
"2024-11-15 02:30:00",2420,12.18,701,1,0.14,0.35,0.08,0.027,0.007,0.005,-0.006,34.72,26.09
"2024-11-15 03:00:00",2421,12.18,701,1,0.155,0.35,0.13,0.027,0.01,0.01,-0.01,33.99,24.68
"2024-11-15 03:30:00",2422,12.18,701,1,0.153,0.39,0.08,0.03,0.007,0.01,-0.008,35.35,25.46
"2024-11-15 04:00:00",2423,12.18,701,1,0.181,0.39,0.17,0.03,0.013,0.007,-0.004,34.93,24.11
"2024-11-15 04:30:00",2424,12.18,701,1,0.153,0.39,0.08,0.03,0.007,0.007,-0.012,34,24.53
"2024-11-15 05:00:00",2425,12.18,701,1,0.168,0.39,0.13,0.031,0.01,0.007,-0.008,34.16,24.27
"2024-11-15 05:30:00",2426,12.17,701,1,0.13,0.31,0.09,0.025,0.007,0.012,-0.012,32.07,24.69
"2024-11-15 06:00:00",2427,12.17,701,1,0.127,0.35,0.04,0.028,0.003,0.012,-0.014,35.79,27.04
"2024-11-15 06:30:00",2428,12.17,701,1,0.126,0.31,0.08,0.025,0.007,0.012,-0.006,35.94,25.79
"2024-11-15 07:00:00",2429,12.17,701,1,0.13,0.31,0.09,0.025,0.007,0.015,-0.008,39.7,25.36
"2024-11-15 07:30:00",2430,12.17,701,1,0.142,0.31,0.13,0.025,0.01,0.015,-0.008,34.62,24.47
"2024-11-15 08:00:00",2431,12.17,701,1,0.12,0.28,0.09,0.022,0.007,0.005,-0.004,34.63,24.74
"2024-11-15 08:30:00",2432,12.17,701,1,0.104,0.28,0.04,0.022,0.003,0.005,-0.008,34.31,24.31
"2024-11-15 09:00:00",2433,12.17,701,1,0.117,0.32,0.04,0.025,0.003,0.005,-0.006,35.39,24.82
"2024-11-15 09:30:00",2434,12.16,701,1,0.168,0.39,0.13,0.031,0.01,0.012,-0.008,32.56,26.03
"2024-11-15 10:00:00",2435,12.16,701,1,0.252,0.56,0.22,0.044,0.017,0.018,-0.008,34.71,23.31
"2024-11-15 10:30:00",2436,12.15,701,1,"NAN","NAN","NAN","NAN","NAN","NAN","NAN","NAN","NAN"
"2024-11-15 11:00:00",2437,12.13,701,1,"NAN","NAN","NAN","NAN","NAN","NAN","NAN","NAN","NAN"
"2024-11-15 11:30:00",2438,12.14,701,1,"NAN","NAN","NAN","NAN","NAN","NAN","NAN","NAN","NAN"
"2024-11-15 12:00:00",2439,12.14,701,1,1.465,2.64,1.93,0.207,0.151,0.109,0.042,38.1,25.45
"2024-11-15 12:30:00",2440,12.16,701,1,"NAN","NAN","NAN","NAN","NAN","NAN","NAN","NAN","NAN"
"2024-11-15 13:00:00",2441,12.18,701,1,"NAN","NAN","NAN","NAN","NAN","NAN","NAN","NAN","NAN"
"2024-11-15 13:30:00",2442,12.18,701,1,"NAN","NAN","NAN","NAN","NAN","NAN","NAN","NAN","NAN"
"2024-11-15 14:00:00",2443,12.18,701,1,"NAN","NAN","NAN","NAN","NAN","NAN","NAN","NAN","NAN"
"2024-11-15 14:30:00",2444,12.18,701,1,"NAN","NAN","NAN","NAN","NAN","NAN","NAN","NAN","NAN"
"2024-11-15 15:00:00",2445,12.18,701,1,"NAN","NAN","NAN","NAN","NAN","NAN","NAN","NAN","NAN"
"2024-11-15 15:30:00",2446,12.19,701,1,"NAN","NAN","NAN","NAN","NAN","NAN","NAN","NAN","NAN"
"2024-11-15 16:00:00",2447,12.18,701,1,"NAN","NAN","NAN","NAN","NAN","NAN","NAN","NAN","NAN"
"2024-11-15 16:30:00",2448,12.14,701,1,"NAN","NAN","NAN","NAN","NAN","NAN","NAN","NAN","NAN"
"2024-11-15 17:00:00",2449,12.15,701,1,"NAN","NAN","NAN","NAN","NAN","NAN","NAN","NAN","NAN"
"2024-11-15 17:30:00",2450,12.15,701,1,"NAN","NAN","NAN","NAN","NAN","NAN","NAN","NAN","NAN"
"2024-11-15 18:00:00",2451,12.15,701,1,"NAN","NAN","NAN","NAN","NAN","NAN","NAN","NAN","NAN"
"2024-11-15 18:30:00",2452,12.15,701,1,"NAN","NAN","NAN","NAN","NAN","NAN","NAN","NAN","NAN"
"2024-11-15 19:00:00",2453,12.14,701,1,"NAN","NAN","NAN","NAN","NAN","NAN","NAN","NAN","NAN"
"2024-11-15 19:30:00",2454,12.14,701,1,"NAN","NAN","NAN","NAN","NAN","NAN","NAN","NAN","NAN"
"2024-11-15 20:00:00",2455,12.14,701,1,"NAN","NAN","NAN","NAN","NAN","NAN","NAN","NAN","NAN"
"2024-11-15 20:30:00",2456,12.14,701,1,"NAN","NAN","NAN","NAN","NAN","NAN","NAN","NAN","NAN"
"2024-11-15 21:00:00",2457,12.14,701,1,"NAN","NAN","NAN","NAN","NAN","NAN","NAN","NAN","NAN"
"2024-11-15 21:30:00",2458,12.14,701,1,"NAN","NAN","NAN","NAN","NAN","NAN","NAN","NAN","NAN"
"2024-11-15 22:00:00",2459,12.15,701,1,"NAN","NAN","NAN","NAN","NAN","NAN","NAN","NAN","NAN"
"2024-11-15 22:30:00",2460,12.15,701,1,"NAN","NAN","NAN","NAN","NAN","NAN","NAN","NAN","NAN"
"2024-11-15 23:00:00",2461,12.16,701,1,"NAN","NAN","NAN","NAN","NAN","NAN","NAN","NAN","NAN"
"2024-11-15 23:30:00",2462,12.15,701,1,"NAN","NAN","NAN","NAN","NAN","NAN","NAN","NAN","NAN"
"2024-11-16 00:00:00",2463,12.14,701,1,"NAN","NAN","NAN","NAN","NAN","NAN","NAN","NAN","NAN"
"2024-11-16 00:30:00",2464,12.13,701,1,"NAN","NAN","NAN","NAN","NAN","NAN","NAN","NAN","NAN"
"2024-11-16 01:00:00",2465,12.14,701,1,"NAN","NAN","NAN","NAN","NAN","NAN","NAN","NAN","NAN"
"2024-11-16 01:30:00",2466,12.14,701,1,"NAN","NAN","NAN","NAN","NAN","NAN","NAN","NAN","NAN"
"2024-11-16 02:00:00",2467,12.14,701,1,"NAN","NAN","NAN","NAN","NAN","NAN","NAN","NAN","NAN"
"2024-11-16 02:30:00",2468,12.14,701,1,"NAN","NAN","NAN","NAN","NAN","NAN","NAN","NAN","NAN"
"2024-11-16 03:00:00",2469,12.13,701,1,"NAN","NAN","NAN","NAN","NAN","NAN","NAN","NAN","NAN"
"2024-11-16 03:30:00",2470,12.15,701,1,"NAN","NAN","NAN","NAN","NAN","NAN","NAN","NAN","NAN"
"2024-11-16 04:00:00",2471,12.14,701,1,"NAN","NAN","NAN","NAN","NAN","NAN","NAN","NAN","NAN"
"2024-11-16 04:30:00",2472,12.15,701,1,"NAN","NAN","NAN","NAN","NAN","NAN","NAN","NAN","NAN"
"2024-11-16 05:00:00",2473,12.14,701,1,"NAN","NAN","NAN","NAN","NAN","NAN","NAN","NAN","NAN"
"2024-11-16 05:30:00",2474,12.14,701,1,"NAN","NAN","NAN","NAN","NAN","NAN","NAN","NAN","NAN"
"2024-11-16 06:00:00",2475,12.14,701,1,"NAN","NAN","NAN","NAN","NAN","NAN","NAN","NAN","NAN"
"2024-11-16 06:30:00",2476,12.14,701,1,"NAN","NAN","NAN","NAN","NAN","NAN","NAN","NAN","NAN"
"2024-11-16 07:00:00",2477,12.15,701,1,"NAN","NAN","NAN","NAN","NAN","NAN","NAN","NAN","NAN"
"2024-11-16 07:30:00",2478,12.14,701,1,"NAN","NAN","NAN","NAN","NAN","NAN","NAN","NAN","NAN"
"2024-11-16 08:00:00",2479,12.14,701,1,"NAN","NAN","NAN","NAN","NAN","NAN","NAN","NAN","NAN"
"2024-11-16 08:30:00",2480,12.14,701,1,"NAN","NAN","NAN","NAN","NAN","NAN","NAN","NAN","NAN"
"2024-11-16 09:00:00",2481,12.13,701,1,"NAN","NAN","NAN","NAN","NAN","NAN","NAN","NAN","NAN"
"2024-11-16 09:30:00",2482,12.15,701,1,"NAN","NAN","NAN","NAN","NAN","NAN","NAN","NAN","NAN"
"2024-11-16 10:00:00",2483,12.14,701,1,"NAN","NAN","NAN","NAN","NAN","NAN","NAN","NAN","NAN"
"2024-11-16 10:30:00",2484,12.14,701,1,"NAN","NAN","NAN","NAN","NAN","NAN","NAN","NAN","NAN"
"2024-11-16 11:00:00",2485,12.14,701,1,"NAN","NAN","NAN","NAN","NAN","NAN","NAN","NAN","NAN"
"2024-11-16 11:30:00",2486,12.15,701,1,"NAN","NAN","NAN","NAN","NAN","NAN","NAN","NAN","NAN"
"2024-11-16 12:00:00",2487,12.14,701,1,"NAN","NAN","NAN","NAN","NAN","NAN","NAN","NAN","NAN"
"2024-11-16 12:30:00",2488,12.13,701,1,"NAN","NAN","NAN","NAN","NAN","NAN","NAN","NAN","NAN"
"2024-11-16 13:00:00",2489,12.14,701,1,"NAN","NAN","NAN","NAN","NAN","NAN","NAN","NAN","NAN"
"2024-11-16 13:30:00",2490,12.13,701,1,"NAN","NAN","NAN","NAN","NAN","NAN","NAN","NAN","NAN"
"2024-11-16 14:00:00",2491,12.12,701,1,"NAN","NAN","NAN","NAN","NAN","NAN","NAN","NAN","NAN"
"2024-11-16 14:30:00",2492,12.12,701,1,"NAN","NAN","NAN","NAN","NAN","NAN","NAN","NAN","NAN"
"2024-11-16 15:00:00",2493,12.12,701,1,"NAN","NAN","NAN","NAN","NAN","NAN","NAN","NAN","NAN"
"2024-11-16 15:30:00",2494,12.13,701,1,"NAN","NAN","NAN","NAN","NAN","NAN","NAN","NAN","NAN"
"2024-11-16 16:00:00",2495,12.12,701,1,"NAN","NAN","NAN","NAN","NAN","NAN","NAN","NAN","NAN"
"2024-11-16 16:30:00",2496,12.15,701,1,"NAN","NAN","NAN","NAN","NAN","NAN","NAN","NAN","NAN"
"2024-11-16 17:00:00",2497,12.13,701,1,"NAN","NAN","NAN","NAN","NAN","NAN","NAN","NAN","NAN"
"2024-11-16 17:30:00",2498,12.13,701,1,"NAN","NAN","NAN","NAN","NAN","NAN","NAN","NAN","NAN"
"2024-11-16 18:00:00",2499,12.12,701,1,"NAN","NAN","NAN","NAN","NAN","NAN","NAN","NAN","NAN"
"2024-11-16 18:30:00",2500,12.12,701,1,"NAN","NAN","NAN","NAN","NAN","NAN","NAN","NAN","NAN"
"2024-11-16 19:00:00",2501,12.13,701,1,"NAN","NAN","NAN","NAN","NAN","NAN","NAN","NAN","NAN"
"2024-11-16 19:30:00",2502,12.14,701,1,"NAN","NAN","NAN","NAN","NAN","NAN","NAN","NAN","NAN"
"2024-11-16 20:00:00",2503,12.11,701,1,"NAN","NAN","NAN","NAN","NAN","NAN","NAN","NAN","NAN"
"2024-11-16 20:30:00",2504,12.11,701,1,"NAN","NAN","NAN","NAN","NAN","NAN","NAN","NAN","NAN"
"2024-11-16 21:00:00",2505,12.13,701,1,"NAN","NAN","NAN","NAN","NAN","NAN","NAN","NAN","NAN"
"2024-11-16 21:30:00",2506,12.13,701,1,"NAN","NAN","NAN","NAN","NAN","NAN","NAN","NAN","NAN"
"2024-11-16 22:00:00",2507,12.13,701,1,"NAN","NAN","NAN","NAN","NAN","NAN","NAN","NAN","NAN"
"2024-11-16 22:30:00",2508,12.11,701,1,"NAN","NAN","NAN","NAN","NAN","NAN","NAN","NAN","NAN"
"2024-11-16 23:00:00",2509,12.11,701,1,"NAN","NAN","NAN","NAN","NAN","NAN","NAN","NAN","NAN"
"2024-11-16 23:30:00",2510,12.11,701,1,"NAN","NAN","NAN","NAN","NAN","NAN","NAN","NAN","NAN"
"2024-11-17 00:00:00",2511,12.12,701,1,"NAN","NAN","NAN","NAN","NAN","NAN","NAN","NAN","NAN"
"2024-11-17 00:30:00",2512,12.12,701,1,"NAN","NAN","NAN","NAN","NAN","NAN","NAN","NAN","NAN"
"2024-11-17 01:00:00",2513,12.12,701,1,"NAN","NAN","NAN","NAN","NAN","NAN","NAN","NAN","NAN"
"2024-11-17 01:30:00",2514,12.1,701,1,"NAN","NAN","NAN","NAN","NAN","NAN","NAN","NAN","NAN"
"2024-11-17 02:00:00",2515,12.09,701,1,"NAN","NAN","NAN","NAN","NAN","NAN","NAN","NAN","NAN"
"2024-11-17 02:30:00",2516,12.11,701,1,"NAN","NAN","NAN","NAN","NAN","NAN","NAN","NAN","NAN"
"2024-11-17 03:00:00",2517,12.12,701,1,"NAN","NAN","NAN","NAN","NAN","NAN","NAN","NAN","NAN"
"2024-11-17 03:30:00",2518,12.11,701,1,"NAN","NAN","NAN","NAN","NAN","NAN","NAN","NAN","NAN"
"2024-11-17 04:00:00",2519,12.11,701,1,"NAN","NAN","NAN","NAN","NAN","NAN","NAN","NAN","NAN"
"2024-11-17 04:30:00",2520,12.11,701,1,"NAN","NAN","NAN","NAN","NAN","NAN","NAN","NAN","NAN"
"2024-11-17 05:00:00",2521,12.09,701,1,"NAN","NAN","NAN","NAN","NAN","NAN","NAN","NAN","NAN"
"2024-11-17 05:30:00",2522,12.1,701,1,"NAN","NAN","NAN","NAN","NAN","NAN","NAN","NAN","NAN"
"2024-11-17 06:00:00",2523,12.09,701,1,"NAN","NAN","NAN","NAN","NAN","NAN","NAN","NAN","NAN"
"2024-11-17 06:30:00",2524,12.09,701,1,"NAN","NAN","NAN","NAN","NAN","NAN","NAN","NAN","NAN"
"2024-11-17 07:00:00",2525,12.09,701,1,"NAN","NAN","NAN","NAN","NAN","NAN","NAN","NAN","NAN"
"2024-11-17 07:30:00",2526,12.08,701,1,"NAN","NAN","NAN","NAN","NAN","NAN","NAN","NAN","NAN"
"2024-11-17 08:00:00",2527,12.09,701,1,"NAN","NAN","NAN","NAN","NAN","NAN","NAN","NAN","NAN"
"2024-11-17 08:30:00",2528,12.09,701,1,"NAN","NAN","NAN","NAN","NAN","NAN","NAN","NAN","NAN"
"2024-11-17 09:00:00",2529,12.09,701,1,"NAN","NAN","NAN","NAN","NAN","NAN","NAN","NAN","NAN"
"2024-11-17 09:30:00",2530,12.08,701,1,"NAN","NAN","NAN","NAN","NAN","NAN","NAN","NAN","NAN"
"2024-11-17 10:00:00",2531,12.08,701,1,"NAN","NAN","NAN","NAN","NAN","NAN","NAN","NAN","NAN"
"2024-11-17 10:30:00",2532,12.09,701,1,"NAN","NAN","NAN","NAN","NAN","NAN","NAN","NAN","NAN"
"2024-11-17 11:00:00",2533,12.08,701,1,"NAN","NAN","NAN","NAN","NAN","NAN","NAN","NAN","NAN"
"2024-11-17 11:30:00",2534,12.08,701,1,"NAN","NAN","NAN","NAN","NAN","NAN","NAN","NAN","NAN"
"2024-11-17 12:00:00",2535,12.1,701,1,"NAN","NAN","NAN","NAN","NAN","NAN","NAN","NAN","NAN"
"2024-11-17 12:30:00",2536,12.1,701,1,"NAN","NAN","NAN","NAN","NAN","NAN","NAN","NAN","NAN"
"2024-11-17 13:00:00",2537,12.08,701,1,"NAN","NAN","NAN","NAN","NAN","NAN","NAN","NAN","NAN"
"2024-11-17 13:30:00",2538,12.1,701,1,"NAN","NAN","NAN","NAN","NAN","NAN","NAN","NAN","NAN"
"2024-11-17 14:00:00",2539,12.11,701,1,"NAN","NAN","NAN","NAN","NAN","NAN","NAN","NAN","NAN"
"2024-11-17 14:30:00",2540,12.11,701,1,"NAN","NAN","NAN","NAN","NAN","NAN","NAN","NAN","NAN"
"2024-11-17 15:00:00",2541,12.1,701,1,"NAN","NAN","NAN","NAN","NAN","NAN","NAN","NAN","NAN"
"2024-11-17 15:30:00",2542,12.09,701,1,"NAN","NAN","NAN","NAN","NAN","NAN","NAN","NAN","NAN"
"2024-11-17 16:00:00",2543,12.11,701,1,"NAN","NAN","NAN","NAN","NAN","NAN","NAN","NAN","NAN"
"2024-11-17 16:30:00",2544,12.1,701,1,"NAN","NAN","NAN","NAN","NAN","NAN","NAN","NAN","NAN"
"2024-11-17 17:00:00",2545,12.11,701,1,"NAN","NAN","NAN","NAN","NAN","NAN","NAN","NAN","NAN"
"2024-11-17 17:30:00",2546,12.1,701,1,"NAN","NAN","NAN","NAN","NAN","NAN","NAN","NAN","NAN"
"2024-11-17 18:00:00",2547,12.1,701,1,"NAN","NAN","NAN","NAN","NAN","NAN","NAN","NAN","NAN"
"2024-11-17 18:30:00",2548,12.1,701,1,"NAN","NAN","NAN","NAN","NAN","NAN","NAN","NAN","NAN"
"2024-11-17 19:00:00",2549,12.1,701,1,"NAN","NAN","NAN","NAN","NAN","NAN","NAN","NAN","NAN"
"2024-11-17 19:30:00",2550,12.09,701,1,"NAN","NAN","NAN","NAN","NAN","NAN","NAN","NAN","NAN"
"2024-11-17 20:00:00",2551,12.1,701,1,"NAN","NAN","NAN","NAN","NAN","NAN","NAN","NAN","NAN"
"2024-11-17 20:30:00",2552,12.08,701,1,"NAN","NAN","NAN","NAN","NAN","NAN","NAN","NAN","NAN"
"2024-11-17 21:00:00",2553,12.09,701,1,"NAN","NAN","NAN","NAN","NAN","NAN","NAN","NAN","NAN"
"2024-11-17 21:30:00",2554,12.08,701,1,"NAN","NAN","NAN","NAN","NAN","NAN","NAN","NAN","NAN"
"2024-11-17 22:00:00",2555,12.07,701,1,"NAN","NAN","NAN","NAN","NAN","NAN","NAN","NAN","NAN"
"2024-11-17 22:30:00",2556,12.06,701,1,"NAN","NAN","NAN","NAN","NAN","NAN","NAN","NAN","NAN"
"2024-11-17 23:00:00",2557,12.06,701,1,"NAN","NAN","NAN","NAN","NAN","NAN","NAN","NAN","NAN"
"2024-11-17 23:30:00",2558,12.06,701,1,"NAN","NAN","NAN","NAN","NAN","NAN","NAN","NAN","NAN"
"2024-11-18 00:00:00",2559,12.06,701,1,"NAN","NAN","NAN","NAN","NAN","NAN","NAN","NAN","NAN"
"2024-11-18 00:30:00",2560,12.06,701,1,"NAN","NAN","NAN","NAN","NAN","NAN","NAN","NAN","NAN"
"2024-11-18 01:00:00",2561,12.05,701,1,"NAN","NAN","NAN","NAN","NAN","NAN","NAN","NAN","NAN"
"2024-11-18 01:30:00",2562,12.08,701,1,"NAN","NAN","NAN","NAN","NAN","NAN","NAN","NAN","NAN"
"2024-11-18 02:00:00",2563,12.08,701,1,"NAN","NAN","NAN","NAN","NAN","NAN","NAN","NAN","NAN"
"2024-11-18 02:30:00",2564,12.07,701,1,"NAN","NAN","NAN","NAN","NAN","NAN","NAN","NAN","NAN"
"2024-11-18 03:00:00",2565,12.08,701,1,"NAN","NAN","NAN","NAN","NAN","NAN","NAN","NAN","NAN"
"2024-11-18 03:30:00",2566,12.07,701,1,"NAN","NAN","NAN","NAN","NAN","NAN","NAN","NAN","NAN"
"2024-11-18 04:00:00",2567,12.07,701,1,"NAN","NAN","NAN","NAN","NAN","NAN","NAN","NAN","NAN"
"2024-11-18 04:30:00",2568,12.07,701,1,"NAN","NAN","NAN","NAN","NAN","NAN","NAN","NAN","NAN"
"2024-11-18 05:00:00",2569,12.05,701,1,"NAN","NAN","NAN","NAN","NAN","NAN","NAN","NAN","NAN"
"2024-11-18 05:30:00",2570,12.05,701,1,"NAN","NAN","NAN","NAN","NAN","NAN","NAN","NAN","NAN"
"2024-11-18 06:00:00",2571,12.07,701,1,"NAN","NAN","NAN","NAN","NAN","NAN","NAN","NAN","NAN"
"2024-11-18 06:30:00",2572,12.07,701,1,"NAN","NAN","NAN","NAN","NAN","NAN","NAN","NAN","NAN"
"2024-11-18 07:00:00",2573,12.07,701,1,"NAN","NAN","NAN","NAN","NAN","NAN","NAN","NAN","NAN"
"2024-11-18 07:30:00",2574,12.07,701,1,"NAN","NAN","NAN","NAN","NAN","NAN","NAN","NAN","NAN"
"2024-11-18 08:00:00",2575,12.06,701,1,"NAN","NAN","NAN","NAN","NAN","NAN","NAN","NAN","NAN"
"2024-11-18 08:30:00",2576,12.07,701,1,"NAN","NAN","NAN","NAN","NAN","NAN","NAN","NAN","NAN"
"2024-11-18 09:00:00",2577,12.07,701,1,"NAN","NAN","NAN","NAN","NAN","NAN","NAN","NAN","NAN"
"2024-11-18 09:30:00",2578,12.06,701,1,"NAN","NAN","NAN","NAN","NAN","NAN","NAN","NAN","NAN"
"2024-11-18 10:00:00",2579,12.07,701,1,"NAN","NAN","NAN","NAN","NAN","NAN","NAN","NAN","NAN"
"2024-11-18 10:30:00",2580,12.07,701,1,"NAN","NAN","NAN","NAN","NAN","NAN","NAN","NAN","NAN"
"2024-11-18 11:00:00",2581,12.07,701,1,"NAN","NAN","NAN","NAN","NAN","NAN","NAN","NAN","NAN"
"2024-11-18 11:30:00",2582,12.08,701,1,"NAN","NAN","NAN","NAN","NAN","NAN","NAN","NAN","NAN"
"2024-11-18 12:00:00",2583,12.08,701,1,"NAN","NAN","NAN","NAN","NAN","NAN","NAN","NAN","NAN"
"2024-11-18 12:30:00",2584,12.08,701,1,"NAN","NAN","NAN","NAN","NAN","NAN","NAN","NAN","NAN"
"2024-11-18 13:00:00",2585,12.08,701,1,"NAN","NAN","NAN","NAN","NAN","NAN","NAN","NAN","NAN"
"2024-11-18 13:30:00",2586,12.08,701,1,"NAN","NAN","NAN","NAN","NAN","NAN","NAN","NAN","NAN"
"2024-11-18 14:00:00",2587,12.09,701,1,"NAN","NAN","NAN","NAN","NAN","NAN","NAN","NAN","NAN"
"2024-11-18 14:30:00",2588,12.09,701,1,"NAN","NAN","NAN","NAN","NAN","NAN","NAN","NAN","NAN"
"2024-11-18 15:00:00",2589,12.08,701,1,"NAN","NAN","NAN","NAN","NAN","NAN","NAN","NAN","NAN"
"2024-11-18 15:30:00",2590,12.08,701,1,"NAN","NAN","NAN","NAN","NAN","NAN","NAN","NAN","NAN"
"2024-11-18 16:00:00",2591,12.08,701,1,"NAN","NAN","NAN","NAN","NAN","NAN","NAN","NAN","NAN"
"2024-11-18 16:30:00",2592,12.08,701,1,"NAN","NAN","NAN","NAN","NAN","NAN","NAN","NAN","NAN"
"2024-11-18 17:00:00",2593,12.09,701,1,"NAN","NAN","NAN","NAN","NAN","NAN","NAN","NAN","NAN"
"2024-11-18 17:30:00",2594,12.08,701,1,"NAN","NAN","NAN","NAN","NAN","NAN","NAN","NAN","NAN"
"2024-11-18 18:00:00",2595,12.09,701,1,"NAN","NAN","NAN","NAN","NAN","NAN","NAN","NAN","NAN"
"2024-11-18 18:30:00",2596,12.08,701,1,"NAN","NAN","NAN","NAN","NAN","NAN","NAN","NAN","NAN"
"2024-11-18 19:00:00",2597,12.08,701,1,"NAN","NAN","NAN","NAN","NAN","NAN","NAN","NAN","NAN"
"2024-11-18 19:30:00",2598,12.08,701,1,"NAN","NAN","NAN","NAN","NAN","NAN","NAN","NAN","NAN"
"2024-11-18 20:00:00",2599,12.08,701,1,"NAN","NAN","NAN","NAN","NAN","NAN","NAN","NAN","NAN"
"2024-11-18 20:30:00",2600,12.07,701,1,"NAN","NAN","NAN","NAN","NAN","NAN","NAN","NAN","NAN"
"2024-11-18 21:00:00",2601,12.06,701,1,"NAN","NAN","NAN","NAN","NAN","NAN","NAN","NAN","NAN"
"2024-11-18 21:30:00",2602,12.07,701,1,"NAN","NAN","NAN","NAN","NAN","NAN","NAN","NAN","NAN"
"2024-11-18 22:00:00",2603,12.06,701,1,"NAN","NAN","NAN","NAN","NAN","NAN","NAN","NAN","NAN"
"2024-11-18 22:30:00",2604,12.06,701,1,"NAN","NAN","NAN","NAN","NAN","NAN","NAN","NAN","NAN"
"2024-11-18 23:00:00",2605,12.07,701,1,"NAN","NAN","NAN","NAN","NAN","NAN","NAN","NAN","NAN"
"2024-11-18 23:30:00",2606,12.07,701,1,"NAN","NAN","NAN","NAN","NAN","NAN","NAN","NAN","NAN"
"2024-11-19 00:00:00",2607,12.05,701,1,"NAN","NAN","NAN","NAN","NAN","NAN","NAN","NAN","NAN"
"2024-11-19 00:30:00",2608,12.05,701,1,"NAN","NAN","NAN","NAN","NAN","NAN","NAN","NAN","NAN"
"2024-11-19 01:00:00",2609,12.05,701,1,"NAN","NAN","NAN","NAN","NAN","NAN","NAN","NAN","NAN"
"2024-11-19 01:30:00",2610,12.05,701,1,"NAN","NAN","NAN","NAN","NAN","NAN","NAN","NAN","NAN"
"2024-11-19 02:00:00",2611,12.05,701,1,"NAN","NAN","NAN","NAN","NAN","NAN","NAN","NAN","NAN"
"2024-11-19 02:30:00",2612,12.05,701,1,"NAN","NAN","NAN","NAN","NAN","NAN","NAN","NAN","NAN"
"2024-11-19 03:00:00",2613,12.06,701,1,"NAN","NAN","NAN","NAN","NAN","NAN","NAN","NAN","NAN"
"2024-11-19 03:30:00",2614,12.05,701,1,"NAN","NAN","NAN","NAN","NAN","NAN","NAN","NAN","NAN"
"2024-11-19 04:00:00",2615,12.05,701,1,"NAN","NAN","NAN","NAN","NAN","NAN","NAN","NAN","NAN"
"2024-11-19 04:30:00",2616,12.04,701,1,"NAN","NAN","NAN","NAN","NAN","NAN","NAN","NAN","NAN"
"2024-11-19 05:00:00",2617,12.04,701,1,"NAN","NAN","NAN","NAN","NAN","NAN","NAN","NAN","NAN"
"2024-11-19 05:30:00",2618,12.04,701,1,"NAN","NAN","NAN","NAN","NAN","NAN","NAN","NAN","NAN"
"2024-11-19 06:00:00",2619,12.04,701,1,"NAN","NAN","NAN","NAN","NAN","NAN","NAN","NAN","NAN"
"2024-11-19 06:30:00",2620,12.05,701,1,"NAN","NAN","NAN","NAN","NAN","NAN","NAN","NAN","NAN"
"2024-11-19 07:00:00",2621,12.03,701,1,"NAN","NAN","NAN","NAN","NAN","NAN","NAN","NAN","NAN"
"2024-11-19 07:30:00",2622,12.04,701,1,"NAN","NAN","NAN","NAN","NAN","NAN","NAN","NAN","NAN"
"2024-11-19 08:00:00",2623,12.05,701,1,"NAN","NAN","NAN","NAN","NAN","NAN","NAN","NAN","NAN"
"2024-11-19 08:30:00",2624,12.05,701,1,"NAN","NAN","NAN","NAN","NAN","NAN","NAN","NAN","NAN"
"2024-11-19 09:00:00",2625,12.05,701,1,"NAN","NAN","NAN","NAN","NAN","NAN","NAN","NAN","NAN"
"2024-11-19 09:30:00",2626,12.05,701,1,"NAN","NAN","NAN","NAN","NAN","NAN","NAN","NAN","NAN"
"2024-11-19 10:00:00",2627,12.05,701,1,"NAN","NAN","NAN","NAN","NAN","NAN","NAN","NAN","NAN"
"2024-11-19 10:30:00",2628,12.05,701,1,"NAN","NAN","NAN","NAN","NAN","NAN","NAN","NAN","NAN"
"2024-11-19 11:00:00",2629,12.05,701,1,"NAN","NAN","NAN","NAN","NAN","NAN","NAN","NAN","NAN"
"2024-11-19 11:30:00",2630,12.05,701,1,"NAN","NAN","NAN","NAN","NAN","NAN","NAN","NAN","NAN"
"2024-11-19 12:00:00",2631,12.04,701,1,"NAN","NAN","NAN","NAN","NAN","NAN","NAN","NAN","NAN"
"2024-11-19 12:30:00",2632,12.05,701,1,"NAN","NAN","NAN","NAN","NAN","NAN","NAN","NAN","NAN"
