"TOA5","CR300Series_402","CR300","27021","CR300-RF407.Std.10.03","CPU:CR300_sapflow.CR300","32345","Table1"
"TIMESTAMP","RECORD","BattV_Min","id","SDI0","SapFlwTot0","VhOuter0","VhInner0","AlphaOut0","AlphaIn0","BetaOut0","BetaIn0","tMaxTout0","tMaxTin0"
"TS","RN","Volts","","","literPerHour","heatVelocity","heatVelocity","logTRatio","logTRatio","logTRatio","logTRatio","second","second"
"","","Min","Smp","Smp","Smp","Smp","Smp","Smp","Smp","Smp","Smp","Smp","Smp"
"2024-05-14 17:30:00",627,12.61,402,0,0.208,0.76,1.8,0.067,0.159,0.052,0.106,55.11,49.12
"2024-05-14 18:00:00",628,12.61,402,0,0.164,0.49,1.55,0.043,0.137,0.031,0.083,54.28,48.03
"2024-05-14 18:30:00",629,12.6,402,0,0.144,0.43,1.35,0.038,0.12,0.026,0.069,55.67,46.96
"2024-05-14 19:00:00",630,12.59,402,0,0.085,0.12,0.95,0.011,0.084,0.003,0.039,54.29,46.97
"2024-05-14 19:30:00",631,12.59,402,0,0.022,-0.12,0.42,-0.011,0.037,-0.021,-0.003,54,46.67
"2024-05-14 20:00:00",632,12.58,402,0,-0.008,-0.27,0.19,-0.025,0.017,-0.034,-0.015,54.09,46.86
"2024-05-14 20:30:00",633,12.57,402,0,-0.03,-0.39,0.04,-0.035,0.003,-0.039,-0.024,60.98,47.34
"2024-05-14 21:00:00",634,12.57,402,0,-0.022,-0.3,0.04,-0.027,0.003,-0.031,-0.021,55,47.92
"2024-05-14 21:30:00",635,12.56,402,0,-0.031,-0.33,-0.03,-0.03,-0.003,-0.037,-0.027,54.92,46.62
"2024-05-14 22:00:00",636,12.56,402,0,-0.033,-0.36,-0.03,-0.033,-0.003,-0.039,-0.034,54.87,47.8
"2024-05-14 22:30:00",637,12.55,402,0,-0.028,-0.33,0,-0.03,0,-0.034,-0.027,56.8,45.64
"2024-05-14 23:00:00",638,12.55,402,0,-0.036,-0.39,-0.03,-0.035,-0.003,-0.039,-0.027,56.12,47.4
"2024-05-14 23:30:00",639,12.54,402,0,-0.036,-0.39,-0.03,-0.035,-0.003,-0.039,-0.03,56.69,48.79
"2024-05-15 00:00:00",640,12.54,402,0,-0.038,-0.39,-0.06,-0.035,-0.007,-0.039,-0.027,55.94,48.46
"2024-05-15 00:30:00",641,12.53,402,0,-0.036,-0.36,-0.07,-0.033,-0.007,-0.039,-0.031,55.29,48.22
"2024-05-15 01:00:00",642,12.53,402,0,-0.031,-0.33,-0.03,-0.03,-0.003,-0.034,-0.027,53.95,47.28
"2024-05-15 01:30:00",643,12.53,402,0,-0.031,-0.36,0,-0.033,0,-0.037,-0.028,55.07,48.15
"2024-05-15 02:00:00",644,12.53,402,0,-0.036,-0.42,0,-0.038,0,-0.045,-0.028,55.28,46.3
"2024-05-15 02:30:00",645,12.52,402,0,-0.034,-0.39,0,-0.035,0,-0.039,-0.028,55.27,47.37
"2024-05-15 03:00:00",646,12.52,402,0,-0.025,-0.33,0.04,-0.03,0.003,-0.037,-0.018,56.55,47.83
"2024-05-15 03:30:00",647,12.52,402,0,-0.019,-0.26,0.04,-0.024,0.003,-0.028,-0.018,55.93,48.44
"2024-05-15 04:00:00",648,12.52,402,0,-0.027,-0.35,0.04,-0.032,0.003,-0.034,-0.018,55.81,48.17
"2024-05-15 04:30:00",649,12.52,402,0,-0.013,-0.26,0.11,-0.024,0.01,-0.028,-0.018,55.35,48.68
"2024-05-15 05:00:00",650,12.51,402,0,-0.014,-0.23,0.07,-0.021,0.007,-0.028,-0.021,57.57,48.03
"2024-05-15 05:30:00",651,12.51,402,0,-0.008,-0.23,0.15,-0.021,0.013,-0.028,-0.015,58.34,49.21
"2024-05-15 06:00:00",652,12.51,402,0,-0.01,-0.26,0.15,-0.024,0.013,-0.031,-0.009,56.63,49.15
"2024-05-15 06:30:00",653,12.51,402,0,-0.005,-0.2,0.15,-0.019,0.013,-0.026,-0.009,55.08,50.06
"2024-05-15 07:00:00",654,12.51,402,0,-0.01,-0.26,0.15,-0.024,0.013,-0.028,-0.012,55.85,49.03
"2024-05-15 07:30:00",655,12.5,402,0,-0.022,-0.32,0.07,-0.029,0.006,-0.036,-0.015,55.29,48.88
"2024-05-15 08:00:00",656,12.5,402,0,-0.015,-0.28,0.11,-0.026,0.01,-0.033,-0.012,57.71,48.58
"2024-05-15 08:30:00",657,12.5,402,0,0.004,-0.14,0.21,-0.013,0.019,-0.02,-0.006,58.43,48.89
"2024-05-15 09:00:00",658,12.5,402,0,0.043,0,0.55,0,0.049,-0.002,0.023,61.12,53.23
"2024-05-15 09:30:00",659,12.5,402,0,0.031,0,0.4,0,0.035,-0.011,0.012,57.13,49.4
"2024-05-15 10:00:00",660,12.5,402,0,0.057,0.09,0.63,0.008,0.056,-0.003,0.021,57,49.93
"2024-05-15 10:30:00",661,12.5,402,0,0.038,-0.14,0.65,-0.013,0.057,-0.021,0.03,56.88,48.16
"2024-05-15 11:00:00",662,12.5,402,0,0.016,-0.05,0.26,-0.005,0.023,-0.016,0,55.11,46.39
"2024-05-15 11:30:00",663,12.5,402,0,-0.032,-0.47,0.11,-0.042,0.01,-0.044,-0.015,56.45,49.64
"2024-05-15 12:00:00",664,12.5,402,0,0.02,0.03,0.22,0.003,0.02,-0.005,-0.012,58.93,47.35
"2024-05-15 12:30:00",665,12.5,402,0,-0.02,-0.43,0.22,-0.039,0.019,-0.04,-0.003,54.25,49.23
"2024-05-15 13:00:00",666,12.49,402,0,0.035,-0.2,0.68,-0.018,0.061,-0.023,0.03,57.42,49.53
"2024-05-15 13:30:00",667,12.49,402,0,0.152,0.41,1.48,0.036,0.131,0.027,0.082,56.16,49.76
"2024-05-15 14:00:00",668,12.49,402,0,0.198,0.75,1.69,0.066,0.149,0.051,0.099,58.65,50.6
"2024-05-15 14:30:00",669,12.49,402,0,0.199,0.53,1.95,0.047,0.173,0.038,0.116,56.59,52.39
"2024-05-15 15:00:00",670,12.49,402,0,0.3,0.59,3.17,0.053,0.281,0.056,0.224,56.99,54.01
"2024-05-15 15:30:00",671,12.48,402,0,0.465,1.92,3.77,0.17,0.334,0.149,0.257,61.27,54.2
"2024-05-15 16:00:00",672,12.48,402,0,0.471,1.63,4.18,0.145,0.37,0.134,0.284,55.32,51.94
"2024-05-15 16:30:00",673,12.48,402,0,0.593,2.5,4.76,0.221,0.421,0.205,0.324,61.13,52.41
"2024-05-15 17:00:00",674,12.48,402,0,0.607,2.56,4.87,0.226,0.431,0.191,0.329,57.92,50.7
"2024-05-15 17:30:00",675,12.48,402,0,0.592,2.25,5.03,0.199,0.445,0.176,0.338,57.92,51.67
"2024-05-15 18:00:00",676,12.48,402,0,0.554,2.5,4.26,0.221,0.377,0.195,0.276,59.65,52.17
"2024-05-15 18:30:00",677,12.48,402,0,0.489,2.08,3.9,0.184,0.345,0.155,0.254,55.6,50.83
"2024-05-15 19:00:00",678,12.47,402,0,0.435,1.98,3.32,0.175,0.293,0.156,0.208,61.94,51.18
"2024-05-15 19:30:00",679,12.48,402,0,0.292,1.08,2.52,0.096,0.223,0.078,0.157,55.24,49.8
"2024-05-15 20:00:00",680,12.47,402,0,0.213,0.72,1.91,0.064,0.169,0.048,0.111,56.52,49.86
"2024-05-15 20:30:00",681,12.47,402,0,0.154,0.43,1.48,0.038,0.131,0.029,0.083,55.96,48.22
"2024-05-15 21:00:00",682,12.47,402,0,0.116,0.28,1.17,0.025,0.103,0.016,0.061,56.98,48.83
"2024-05-15 21:30:00",683,12.46,402,0,0.085,0.12,0.95,0.011,0.084,0,0.043,56,48.11
"2024-05-15 22:00:00",684,12.46,402,0,0.054,0,0.69,0,0.061,-0.005,0.028,55.01,48.09
"2024-05-15 22:30:00",685,12.46,402,0,0.035,-0.11,0.57,-0.011,0.05,-0.019,0.021,56.76,49.01
"2024-05-15 23:00:00",686,12.46,402,0,0.031,-0.09,0.5,-0.008,0.044,-0.016,0.009,55.64,47.33
"2024-05-15 23:30:00",687,12.45,402,0,0.016,-0.15,0.38,-0.014,0.034,-0.024,0.003,55.71,48.22
"2024-05-16 00:00:00",688,12.45,402,0,0.022,-0.11,0.41,-0.011,0.036,-0.018,0.006,57.91,49.45
"2024-05-16 00:30:00",689,12.45,402,0,0.022,-0.11,0.41,-0.011,0.036,-0.018,0.006,56.22,48.99
"2024-05-16 01:00:00",690,12.45,402,0,0.023,-0.14,0.45,-0.014,0.04,-0.018,0.012,56,47.85
"2024-05-16 01:30:00",691,12.44,402,0,0.02,-0.17,0.45,-0.016,0.04,-0.021,0.009,57.26,47.98
"2024-05-16 02:00:00",692,12.44,402,0,0.023,-0.14,0.45,-0.014,0.04,-0.018,0.009,55.66,48.58
"2024-05-16 02:30:00",693,12.44,402,0,0.025,-0.11,0.45,-0.011,0.04,-0.016,0.009,57.42,49.52
"2024-05-16 03:00:00",694,12.44,402,0,0.014,-0.21,0.42,-0.019,0.037,-0.022,0.003,56.55,48.65
"2024-05-16 03:30:00",695,12.43,402,0,0.031,-0.08,0.49,-0.008,0.044,-0.016,0.006,56.64,49.31
"2024-05-16 04:00:00",696,12.43,402,0,0.028,-0.08,0.45,-0.008,0.04,-0.018,-0.006,57.11,51.01
"2024-05-16 04:30:00",697,12.43,402,0,0.02,-0.11,0.38,-0.011,0.033,-0.021,0.003,56.26,50.82
"2024-05-16 05:00:00",698,12.43,402,0,0.002,-0.24,0.3,-0.022,0.027,-0.027,0,54.96,48.7
"2024-05-16 05:30:00",699,12.43,402,0,0.005,-0.21,0.3,-0.019,0.027,-0.024,0.003,56.94,47.56
"2024-05-16 06:00:00",700,12.43,402,0,0.017,-0.14,0.38,-0.014,0.033,-0.018,0.009,57.06,48.34
"2024-05-16 06:30:00",701,12.42,402,0,0.069,0.09,0.78,0.008,0.069,0,0.037,59.05,49.36
"2024-05-16 07:00:00",702,12.42,402,0,0.175,0.56,1.6,0.05,0.142,0.043,0.105,57.04,50.22
"2024-05-16 07:30:00",703,12.42,402,0,0.32,1.21,2.72,0.108,0.24,0.095,0.173,58.89,53.05
"2024-05-16 08:00:00",704,12.42,402,0,0.455,1.79,3.8,0.159,0.336,0.141,0.262,56.57,51.14
"2024-05-16 08:30:00",705,12.42,402,0,0.604,2.45,4.95,0.217,0.438,0.196,0.338,59.52,54.09
"2024-05-16 09:00:00",706,12.41,402,0,0.751,3.1,6.1,0.274,0.54,0.25,0.431,61.63,54
"2024-05-16 09:30:00",707,12.41,402,0,0.85,3.5,6.92,0.309,0.613,0.288,0.496,60.56,56.11
"2024-05-16 10:00:00",708,12.41,402,0,1.025,4.49,8.03,0.398,0.711,0.38,0.572,64.91,53.59
"2024-05-16 10:30:00",709,12.41,402,0,0.943,4.02,7.51,0.356,0.664,0.337,0.537,63.52,52.76
"2024-05-16 11:00:00",710,12.41,402,0,1.014,4.32,8.08,0.382,0.715,0.356,0.569,63.35,54.23
"2024-05-16 11:30:00",711,12.41,402,0,0.976,3.96,8.01,0.35,0.709,0.322,0.549,57.39,55.39
"2024-05-16 12:00:00",712,12.41,402,0,0.905,3.61,7.49,0.32,0.663,0.294,0.523,59.35,56.8
"2024-05-16 12:30:00",713,12.41,402,0,0.991,4.24,7.88,0.375,0.698,0.344,0.54,59.32,55.13
"2024-05-16 13:00:00",714,12.41,402,0,0.999,4.29,7.93,0.38,0.702,0.345,0.56,56.52,55.03
"2024-05-16 13:30:00",715,12.41,402,0,0.821,3.52,6.52,0.311,0.577,0.276,0.441,56.88,54.32
"2024-05-16 14:00:00",716,12.41,402,0,0.694,2.9,5.6,0.257,0.495,0.224,0.37,56.67,50.84
"2024-05-16 14:30:00",717,12.41,402,0,0.629,2.76,4.92,0.245,0.436,0.229,0.344,63.62,52.86
"2024-05-16 15:00:00",718,12.41,402,0,0.779,3.27,6.26,0.289,0.554,0.258,0.43,58.88,52.48
"2024-05-16 15:30:00",719,12.41,402,0,0.8,3.44,6.34,0.304,0.561,0.261,0.405,60.84,54.34
"2024-05-16 16:00:00",720,12.4,402,0,0.862,3.3,7.3,0.292,0.646,0.187,0.522,59.97,54.14
"2024-05-16 16:30:00",721,12.4,402,0,0.861,3.72,6.8,0.329,0.602,0.312,0.474,62.45,54.83
"2024-05-16 17:00:00",722,12.4,402,0,0.833,3.53,6.66,0.313,0.589,0.273,0.46,56.43,52.38
"2024-05-16 17:30:00",723,12.4,402,0,0.832,3.64,6.53,0.322,0.578,0.285,0.447,55.25,52.28
"2024-05-16 18:00:00",724,12.4,402,0,0.783,3.28,6.3,0.291,0.558,0.269,0.439,57.07,53.44
"2024-05-16 18:30:00",725,12.4,402,0,0.791,3.67,5.97,0.325,0.529,0.266,0.382,54.4,50.46
"2024-05-16 19:00:00",726,12.39,402,0,0.437,1.59,3.79,0.141,0.335,0.115,0.233,53.3,48.02
"2024-05-16 19:30:00",727,12.4,402,0,0.305,1.02,2.75,0.091,0.244,0.074,0.161,53.74,49.28
"2024-05-16 20:00:00",728,12.39,402,0,0.223,0.63,2.14,0.056,0.19,0.039,0.121,53.74,47.48
"2024-05-16 20:30:00",729,12.39,402,0,0.14,0.3,1.45,0.026,0.128,0.014,0.077,53.88,47.89
"2024-05-16 21:00:00",730,12.39,402,0,0.097,0.13,1.09,0.012,0.097,0,0.051,54.06,47.55
"2024-05-16 21:30:00",731,12.38,402,0,0.071,0.03,0.88,0.003,0.078,-0.008,0.035,54.81,47.18
"2024-05-16 22:00:00",732,12.38,402,0,0.053,-0.05,0.74,-0.006,0.066,-0.011,0.028,56.6,48.55
"2024-05-16 22:30:00",733,12.37,402,0,0.027,-0.18,0.55,-0.017,0.049,-0.025,0.013,55.38,47.07
"2024-05-16 23:00:00",734,12.37,402,0,0.032,-0.12,0.55,-0.011,0.049,-0.016,0.016,55.63,47.73
"2024-05-16 23:30:00",735,12.37,402,0,0.032,-0.12,0.55,-0.012,0.049,-0.017,0.016,55.56,47
"2024-05-17 00:00:00",736,12.36,402,0,0.027,-0.15,0.51,-0.014,0.045,-0.019,0.016,54.91,47.83
"2024-05-17 00:30:00",737,12.36,402,0,0.041,-0.05,0.58,-0.006,0.051,-0.011,0.019,53.98,48.13
"2024-05-17 01:00:00",738,12.36,402,0,0.026,-0.12,0.47,-0.012,0.042,-0.017,0.01,54.65,47.99
"2024-05-17 01:30:00",739,12.36,402,0,0.035,-0.05,0.51,-0.006,0.045,-0.019,0.009,56.88,48.41
"2024-05-17 02:00:00",740,12.35,402,0,0.02,-0.11,0.38,-0.011,0.034,-0.021,0.003,56.74,49.25
"2024-05-17 02:30:00",741,12.35,402,0,0.026,-0.05,0.39,-0.006,0.034,-0.014,0,55.5,48.02
"2024-05-17 03:00:00",742,12.35,402,0,0.014,-0.15,0.35,-0.014,0.031,-0.016,0.003,55.66,48.58
"2024-05-17 03:30:00",743,12.35,402,0,0.019,-0.12,0.38,-0.011,0.034,-0.016,0.003,56.16,48.27
"2024-05-17 04:00:00",744,12.35,402,0,0.008,-0.18,0.31,-0.017,0.027,-0.022,-0.006,56.36,48.21
"2024-05-17 04:30:00",745,12.35,402,0,0.002,-0.21,0.27,-0.02,0.024,-0.025,-0.003,56.01,48.53
"2024-05-17 05:00:00",746,12.35,402,0,0.002,-0.18,0.23,-0.017,0.021,-0.027,-0.006,56.18,49.1
"2024-05-17 05:30:00",747,12.34,402,0,0.002,-0.21,0.27,-0.02,0.024,-0.027,-0.003,56.61,47.74
"2024-05-17 06:00:00",748,12.34,402,0,0.011,-0.15,0.31,-0.014,0.027,-0.022,0,55.15,49.05
"2024-05-17 06:30:00",749,12.34,402,0,0.025,-0.09,0.42,-0.008,0.038,-0.016,0.013,55.55,49.45
"2024-05-17 07:00:00",750,12.33,402,0,0.058,-0.02,0.76,-0.003,0.067,-0.008,0.028,56.43,49.77
"2024-05-17 07:30:00",751,12.34,402,0,0.108,0.28,1.07,0.025,0.094,0.016,0.053,57.55,49.25
"2024-05-17 08:00:00",752,12.34,402,0,0.17,0.58,1.52,0.051,0.134,0.037,0.095,58.76,51.28
"2024-05-17 08:30:00",753,12.33,402,0,0.206,0.75,1.79,0.066,0.158,0.051,0.106,56.68,50.42
"2024-05-17 09:00:00",754,12.33,402,0,0.247,0.77,2.29,0.068,0.202,0.059,0.147,60.04,51.59
"2024-05-17 09:30:00",755,12.33,402,0,0.348,1.41,2.86,0.125,0.253,0.109,0.193,59.22,52.3
"2024-05-17 10:00:00",756,12.33,402,0,0.408,1.63,3.38,0.144,0.299,0.127,0.228,57.5,52.63
"2024-05-17 10:30:00",757,12.33,402,0,0.484,2.15,3.76,0.191,0.333,0.167,0.253,59.7,52.89
"2024-05-17 11:00:00",758,12.33,402,0,0.502,2.1,4.04,0.186,0.357,0.162,0.269,56.66,51.64
"2024-05-17 11:30:00",759,12.33,402,0,0.537,2.55,3.98,0.225,0.352,0.206,0.263,68.85,53.59
"2024-05-17 12:00:00",760,12.32,402,0,0.663,2.91,5.19,0.257,0.46,0.232,0.355,60.11,54.53
"2024-05-17 12:30:00",761,12.32,402,0,0.668,2.85,5.32,0.252,0.471,0.228,0.374,56.33,53.21
"2024-05-17 13:00:00",762,12.32,402,0,0.645,2.69,5.21,0.238,0.461,0.22,0.362,60.91,54.25
"2024-05-17 13:30:00",763,12.32,402,0,0.672,3.06,5.14,0.271,0.455,0.228,0.336,54.15,51.02
"2024-05-17 14:00:00",764,12.32,402,0,0.516,2.22,4.09,0.197,0.362,0.167,0.262,57.42,50.91
"2024-05-17 14:30:00",765,12.32,402,0,0.41,1.7,3.32,0.151,0.293,0.135,0.218,59.18,51.54
"2024-05-17 15:00:00",766,12.32,402,0,0.55,2.38,4.34,0.211,0.384,0.192,0.292,59.88,51.99
"2024-05-17 15:30:00",767,12.32,402,0,0.585,2.51,4.64,0.222,0.411,0.204,0.32,60.29,52.55
"2024-05-17 16:00:00",768,12.32,402,0,0.54,2.32,4.28,0.206,0.379,0.18,0.28,56.12,51.66
"2024-05-17 16:30:00",769,12.32,402,0,0.374,1.6,2.97,0.142,0.263,0.121,0.185,56.69,50.58
"2024-05-17 17:00:00",770,12.32,402,0,0.343,1.41,2.79,0.125,0.247,0.106,0.182,58.35,51.27
"2024-05-17 17:30:00",771,12.31,402,0,0.37,1.48,3.06,0.131,0.271,0.111,0.195,55.94,50.26
"2024-05-17 18:00:00",772,12.31,402,0,0.253,1.01,2.1,0.089,0.186,0.072,0.127,55.02,48.11
"2024-05-17 18:30:00",773,12.31,402,0,0.195,0.71,1.69,0.063,0.149,0.05,0.098,55.72,48.9
"2024-05-17 19:00:00",774,12.31,402,0,0.145,0.45,1.34,0.04,0.119,0.033,0.067,56.08,48.18
"2024-05-17 19:30:00",775,12.31,402,0,0.123,0.38,1.14,0.034,0.101,0.022,0.054,55.76,49.1
"2024-05-17 20:00:00",776,12.3,402,0,0.087,0.17,0.92,0.015,0.081,0.003,0.038,53.73,48.45
"2024-05-17 20:30:00",777,12.3,402,0,0.056,0.03,0.68,0.003,0.06,-0.006,0.026,55.75,48.27
"2024-05-17 21:00:00",778,12.3,402,0,0.036,-0.02,0.48,-0.003,0.042,-0.011,0.013,55.35,46.79
"2024-05-17 21:30:00",779,12.3,402,0,0.008,-0.19,0.32,-0.018,0.028,-0.025,-0.007,54.54,47.31
"2024-05-17 22:00:00",780,12.3,402,0,0.003,-0.18,0.24,-0.017,0.021,-0.022,-0.006,55.62,48.55
"2024-05-17 22:30:00",781,12.29,402,0,-0.008,-0.28,0.2,-0.026,0.017,-0.03,-0.013,56.04,48.55
"2024-05-17 23:00:00",782,12.29,402,0,-0.014,-0.31,0.16,-0.028,0.014,-0.032,-0.013,56.38,48.74
"2024-05-17 23:30:00",783,12.29,402,0,-0.017,-0.34,0.16,-0.031,0.014,-0.033,-0.013,55.4,48.33
"2024-05-18 00:00:00",784,12.29,402,0,-0.027,-0.35,0.04,-0.032,0.004,-0.039,-0.023,54.88,48.07
"2024-05-18 00:30:00",785,12.28,402,0,-0.026,-0.34,0.04,-0.031,0.004,-0.036,-0.022,56.64,47.1
"2024-05-18 01:00:00",786,12.28,402,0,-0.024,-0.28,0,-0.026,0,-0.033,-0.026,55.28,47.53
"2024-05-18 01:30:00",787,12.28,402,0,-0.03,-0.32,-0.03,-0.029,-0.004,-0.036,-0.029,55.31,47.26
"2024-05-18 02:00:00",788,12.28,402,0,-0.038,-0.38,-0.07,-0.034,-0.007,-0.039,-0.032,55.39,49.13
"2024-05-18 02:30:00",789,12.27,402,0,-0.038,-0.38,-0.07,-0.034,-0.007,-0.044,-0.032,56.62,48.31
"2024-05-18 03:00:00",790,12.27,402,0,-0.032,-0.31,-0.07,-0.028,-0.007,-0.035,-0.029,56.2,49.38
"2024-05-18 03:30:00",791,12.27,402,0,-0.035,-0.34,-0.07,-0.031,-0.007,-0.035,-0.032,55.63,48.81
"2024-05-18 04:00:00",792,12.27,402,0,-0.035,-0.38,-0.03,-0.034,-0.004,-0.041,-0.026,55.21,48.12
"2024-05-18 04:30:00",793,12.27,402,0,-0.04,-0.37,-0.11,-0.034,-0.01,-0.038,-0.032,56.44,47.88
"2024-05-18 05:00:00",794,12.27,402,0,-0.037,-0.37,-0.07,-0.034,-0.007,-0.041,-0.029,55.42,47.67
"2024-05-18 05:30:00",795,12.27,402,0,-0.04,-0.37,-0.11,-0.034,-0.01,-0.036,-0.035,56.09,48.19
"2024-05-18 06:00:00",796,12.27,402,0,-0.035,-0.34,-0.07,-0.031,-0.007,-0.038,-0.029,56.28,48.94
"2024-05-18 06:30:00",797,12.26,402,0,-0.029,-0.31,-0.03,-0.028,-0.003,-0.035,-0.025,56.18,48.85
"2024-05-18 07:00:00",798,12.26,402,0,-0.02,-0.27,0.04,-0.025,0.003,-0.03,-0.022,56.99,48.43
"2024-05-18 07:30:00",799,12.26,402,0,-0.02,-0.27,0.04,-0.025,0.003,-0.03,-0.022,56.77,49.28
"2024-05-18 08:00:00",800,12.26,402,0,-0.039,-0.33,-0.14,-0.03,-0.014,-0.038,-0.028,57.57,48.85
"2024-05-18 08:30:00",801,12.26,402,0,-0.041,-0.35,-0.14,-0.032,-0.013,-0.036,-0.031,58.75,50.44
"2024-05-18 09:00:00",802,12.25,402,0,-0.047,-0.51,-0.03,-0.046,-0.003,-0.05,-0.024,57.05,51.36
"2024-05-18 09:30:00",803,12.25,402,0,0.031,0.03,0.36,0.003,0.032,0,0.012,63.14,51.13
"2024-05-18 10:00:00",804,12.25,402,0,0.033,-0.15,0.59,-0.014,0.052,-0.016,0.025,55.94,51.73
"2024-05-18 10:30:00",805,12.26,402,0,0.112,0.24,1.16,0.021,0.103,0.016,0.07,58.74,51.66
"2024-05-18 11:00:00",806,12.26,402,0,0.153,0.62,1.26,0.055,0.111,0.049,0.072,62.73,52.78
"2024-05-18 11:30:00",807,12.26,402,0,0.145,0.54,1.24,0.048,0.109,0.038,0.073,56.03,51.01
"2024-05-18 12:00:00",808,12.25,402,0,0.23,0.82,2.01,0.072,0.178,0.066,0.133,60.77,53.14
"2024-05-18 12:30:00",809,12.26,402,0,0.439,1.93,3.43,0.171,0.304,0.153,0.242,58.15,54.1
"2024-05-18 13:00:00",810,12.26,402,0,0.584,2.23,4.95,0.197,0.438,0.188,0.355,58.7,54.09
"2024-05-18 13:30:00",811,12.26,402,0,0.715,3.21,5.51,0.285,0.487,0.256,0.387,60.56,53.9
"2024-05-18 14:00:00",812,12.26,402,0,0.682,3.34,4.95,0.296,0.439,0.252,0.334,57.95,52.36
"2024-05-18 14:30:00",813,12.25,402,0,0.776,3.46,6.01,0.306,0.532,0.278,0.42,60.76,53.29
"2024-05-18 15:00:00",814,12.25,402,0,0.738,3.17,5.86,0.28,0.519,0.254,0.398,56.24,53.11
"2024-05-18 15:30:00",815,12.25,402,0,0.624,2.68,4.95,0.237,0.438,0.217,0.332,61.43,52.16
"2024-05-18 16:00:00",816,12.25,402,0,0.608,2.68,4.74,0.237,0.419,0.209,0.316,57.27,51.44
"2024-05-18 16:30:00",817,12.25,402,0,0.501,2.15,3.98,0.191,0.352,0.165,0.254,57.03,51.86
"2024-05-18 17:00:00",818,12.25,402,0,0.452,1.89,3.65,0.167,0.323,0.145,0.239,56.92,50.83
"2024-05-18 17:30:00",819,12.25,402,0,0.339,1.36,2.8,0.12,0.248,0.1,0.166,55.3,49.21
"2024-05-18 18:00:00",820,12.25,402,0,0.224,0.76,2,0.067,0.177,0.053,0.115,55.71,49.05
"2024-05-18 18:30:00",821,12.25,402,0,0.198,0.68,1.77,0.06,0.157,0.05,0.102,56.42,48.94
"2024-05-18 19:00:00",822,12.24,402,0,0.163,0.53,1.48,0.047,0.131,0.031,0.077,54.5,49.73
"2024-05-18 19:30:00",823,12.24,402,0,0.134,0.37,1.29,0.033,0.114,0.023,0.065,54.88,48.38
"2024-05-18 20:00:00",824,12.24,402,0,0.084,0.13,0.93,0.012,0.082,0.003,0.036,55.03,48.78
"2024-05-18 20:30:00",825,12.24,402,0,0.043,-0.02,0.57,-0.003,0.05,-0.008,0.013,54.97,47.08
"2024-05-18 21:00:00",826,12.24,402,0,0.017,-0.16,0.4,-0.015,0.036,-0.022,0.003,55.41,48.49
"2024-05-18 21:30:00",827,12.23,402,0,0.014,-0.12,0.32,-0.012,0.029,-0.014,-0.003,55.59,47.43
"2024-05-18 22:00:00",828,12.23,402,0,0.008,-0.16,0.28,-0.015,0.025,-0.022,-0.007,54.85,47.21
"2024-05-18 22:30:00",829,12.23,402,0,0,-0.22,0.24,-0.02,0.021,-0.028,-0.007,55.12,47.63
"2024-05-18 23:00:00",830,12.22,402,0,-0.006,-0.25,0.2,-0.023,0.018,-0.028,-0.013,56.02,48.27
"2024-05-18 23:30:00",831,12.22,402,0,-0.006,-0.22,0.16,-0.02,0.014,-0.025,-0.016,55.24,47.91
"2024-05-19 00:00:00",832,12.22,402,0,-0.009,-0.22,0.12,-0.02,0.011,-0.028,-0.016,55.83,47.37
"2024-05-19 00:30:00",833,12.22,402,0,-0.012,-0.25,0.12,-0.023,0.011,-0.025,-0.016,56.53,47.55
"2024-05-19 01:00:00",834,12.22,402,0,-0.012,-0.25,0.12,-0.023,0.011,-0.031,-0.016,55.47,47.42
"2024-05-19 01:30:00",835,12.21,402,0,-0.012,-0.25,0.12,-0.023,0.011,-0.031,-0.016,56.16,48.42
"2024-05-19 02:00:00",836,12.21,402,0,-0.015,-0.25,0.08,-0.023,0.007,-0.03,-0.019,55.36,48.69
"2024-05-19 02:30:00",837,12.21,402,0,-0.014,-0.28,0.12,-0.026,0.011,-0.03,-0.019,57.26,47.72
"2024-05-19 03:00:00",838,12.21,402,0,-0.012,-0.25,0.12,-0.023,0.01,-0.03,-0.013,55.79,48.14
"2024-05-19 03:30:00",839,12.21,402,0,-0.015,-0.25,0.08,-0.023,0.007,-0.028,-0.016,57.01,48.96
"2024-05-19 04:00:00",840,12.21,402,0,-0.012,-0.25,0.12,-0.023,0.01,-0.03,-0.016,57.25,49.51
"2024-05-19 04:30:00",841,12.2,402,0,-0.018,-0.28,0.08,-0.026,0.007,-0.027,-0.019,57.36,48.23
"2024-05-19 05:00:00",842,12.2,402,0,-0.018,-0.28,0.08,-0.026,0.007,-0.03,-0.016,56.8,48.5
"2024-05-19 05:30:00",843,12.2,402,0,-0.014,-0.28,0.12,-0.026,0.01,-0.03,-0.013,55.94,49.27
"2024-05-19 06:00:00",844,12.2,402,0,-0.012,-0.25,0.12,-0.023,0.01,-0.03,-0.013,55.27,49.27
"2024-05-19 06:30:00",845,12.2,402,0,0.008,-0.15,0.27,-0.014,0.024,-0.019,-0.003,56.52,48.47
"2024-05-19 07:00:00",846,12.2,402,0,0.065,0.13,0.69,0.011,0.061,0,0.028,58.23,48.95
"2024-05-19 07:30:00",847,12.19,402,0,0.123,0.46,1.05,0.04,0.093,0.029,0.056,60.13,51
"2024-05-19 08:00:00",848,12.19,402,0,0.192,0.73,1.63,0.064,0.145,0.053,0.102,60.33,52.17
"2024-05-19 08:30:00",849,12.19,402,0,0.284,1.18,2.3,0.104,0.204,0.092,0.155,62.05,53.49
"2024-05-19 09:00:00",850,12.19,402,0,0.436,1.77,3.57,0.157,0.316,0.144,0.25,61.8,54.89
"2024-05-19 09:30:00",851,12.19,402,0,0.658,2.83,5.22,0.25,0.462,0.239,0.386,64.06,58.48
"2024-05-19 10:00:00",852,12.19,402,0,0.709,3.22,5.42,0.285,0.48,0.262,0.384,58.96,54.92
"2024-05-19 10:30:00",853,12.19,402,0,0.782,3.48,6.06,0.308,0.536,0.279,0.421,58.65,53.89
"2024-05-19 11:00:00",854,12.19,402,0,0.941,4.05,7.45,0.359,0.659,0.346,0.536,66.1,55.35
"2024-05-19 11:30:00",855,12.2,402,0,1.02,4.65,7.78,0.411,0.688,0.368,0.544,59.29,54.69
"2024-05-19 12:00:00",856,12.2,402,0,1.018,4.77,7.62,0.422,0.674,0.387,0.527,58.35,52.67
"2024-05-19 12:30:00",857,12.2,402,0,0.958,4.36,7.32,0.386,0.648,0.367,0.51,66.21,54.49
"2024-05-19 13:00:00",858,12.2,402,0,0.962,4.5,7.22,0.399,0.639,0.359,0.497,60.37,54.29
"2024-05-19 13:30:00",859,12.2,402,0,0.86,3.92,6.56,0.347,0.58,0.307,0.449,56.8,52.61
"2024-05-19 14:00:00",860,12.2,402,0,0.911,4.17,6.93,0.369,0.613,0.337,0.493,59.84,52.94
"2024-05-19 14:30:00",861,12.2,402,0,1.031,4.73,7.83,0.419,0.693,0.392,0.542,65.03,54.3
"2024-05-19 15:00:00",862,12.19,402,0,0.894,4.01,6.9,0.355,0.611,0.316,0.496,57.01,54.45
"2024-05-19 15:30:00",863,12.2,402,0,0.801,2.99,6.87,0.264,0.608,0.26,0.494,54.88,53.39
"2024-05-19 16:00:00",864,12.2,402,0,0.612,2.62,4.87,0.232,0.431,0.193,0.312,55.45,51.41
"2024-05-19 16:30:00",865,12.2,402,0,0.589,2.36,4.87,0.208,0.431,-0.003,0.334,55.01,52.3
"2024-05-19 17:00:00",866,12.2,402,0,0.519,2.55,3.75,0.225,0.332,-99,0.245,-99,51.4
"2024-05-19 17:30:00",867,12.19,402,0,0.485,1.91,4.05,0.169,0.358,0.141,0.264,53.75,51.2
"2024-05-19 18:00:00",868,12.19,402,0,0.51,2.09,4.16,0.185,0.368,0.162,0.281,53.55,51.65
"2024-05-19 18:30:00",869,12.19,402,0,0.328,1.2,2.84,0.106,0.251,0.089,0.171,54.4,49.12
"2024-05-19 19:00:00",870,12.19,402,0,0.2,0.58,1.9,0.051,0.168,0.04,0.107,53.95,49.09
"2024-05-19 19:30:00",871,12.19,402,0,0.141,0.39,1.36,0.034,0.12,0.018,0.06,53.6,46.54
"2024-05-19 20:00:00",872,12.18,402,0,0.079,0.07,0.93,0.006,0.082,-0.003,0.033,53.62,46.14
"2024-05-19 20:30:00",873,12.18,402,0,0.042,-0.06,0.6,-0.006,0.053,-0.015,0.007,51.26,46.24
"2024-05-19 21:00:00",874,12.17,402,0,0.022,-0.13,0.43,-0.012,0.038,-0.024,-0.003,54.26,46.52
"2024-05-19 21:30:00",875,12.17,402,0,0.006,-0.23,0.34,-0.021,0.03,-0.026,-0.007,53.77,47.51
"2024-05-19 22:00:00",876,12.17,402,0,-0.009,-0.3,0.21,-0.027,0.019,-0.035,-0.017,53.77,45.87
"2024-05-19 22:30:00",877,12.16,402,0,-0.026,-0.37,0.08,-0.034,0.008,-0.038,-0.02,54.58,47.25
"2024-05-19 23:00:00",878,12.16,402,0,-0.018,-0.29,0.08,-0.026,0.007,-0.034,-0.017,55,47.26
"2024-05-19 23:30:00",879,12.16,402,0,-0.033,-0.45,0.08,-0.041,0.007,-0.045,-0.02,55.86,47.71
"2024-05-20 00:00:00",880,12.15,402,0,-0.021,-0.32,0.08,-0.029,0.007,-0.037,-0.02,55.19,46.48
"2024-05-20 00:30:00",881,12.15,402,0,-0.019,-0.3,0.08,-0.027,0.007,-0.035,-0.02,53.82,45.92
"2024-05-20 01:00:00",882,12.15,402,0,-0.026,-0.3,0,-0.027,0,-0.035,-0.024,54.87,47.95
"2024-05-20 01:30:00",883,12.14,402,0,-0.028,-0.36,0.04,-0.033,0.004,-0.034,-0.024,54.43,47.76
"2024-05-20 02:00:00",884,12.14,402,0,-0.033,-0.36,-0.03,-0.033,-0.004,-0.04,-0.03,54.3,47.63
"2024-05-20 02:30:00",885,12.14,402,0,-0.034,-0.33,-0.07,-0.03,-0.007,-0.037,-0.03,55.48,47.02
"2024-05-20 03:00:00",886,12.14,402,0,-0.036,-0.42,0,-0.038,0,-0.042,-0.023,56.4,48.24
"2024-05-20 03:30:00",887,12.13,402,0,-0.039,-0.42,-0.03,-0.038,-0.004,-0.042,-0.026,56.77,48.46
"2024-05-20 04:00:00",888,12.13,402,0,-0.03,-0.29,-0.07,-0.027,-0.007,-0.034,-0.033,55.28,47.53
"2024-05-20 04:30:00",889,12.14,402,0,-0.045,-0.46,-0.07,-0.042,-0.007,-0.043,-0.03,54.87,47.64
"2024-05-20 05:00:00",890,12.13,402,0,-0.039,-0.39,-0.07,-0.036,-0.007,-0.04,-0.033,54.31,47.64
"2024-05-20 05:30:00",891,12.13,402,0,-0.036,-0.36,-0.07,-0.033,-0.007,-0.04,-0.03,54.68,47.6
"2024-05-20 06:00:00",892,12.13,402,0,-0.029,-0.31,-0.03,-0.029,-0.004,-0.036,-0.03,56.81,48.65
"2024-05-20 06:30:00",893,12.12,402,0,-0.031,-0.34,-0.03,-0.031,-0.003,-0.033,-0.023,57.38,50.45
"2024-05-20 07:00:00",894,12.12,402,0,0.008,-0.15,0.27,-0.014,0.024,-0.019,-0.007,57.44,49.95
"2024-05-20 07:30:00",895,12.12,402,0,0.092,0.24,0.91,0.022,0.081,0.013,0.044,60.97,51.18
"2024-05-20 08:00:00",896,12.12,402,0,0.154,0.49,1.42,0.044,0.126,0.037,0.084,60,51.54
"2024-05-20 08:30:00",897,12.12,402,0,0.241,0.97,1.98,0.086,0.176,0.073,0.124,59.86,53.19
"2024-05-20 09:00:00",898,12.12,402,0,0.367,1.47,3.03,0.13,0.268,0.123,0.209,61.25,53.1
"2024-05-20 09:30:00",899,12.12,402,0,0.371,1.54,3,0.136,0.265,0.118,0.2,57.55,51.29
"2024-05-20 10:00:00",900,12.12,402,0,0.537,2.29,4.28,0.203,0.379,0.187,0.3,63.06,55.17
"2024-05-20 10:30:00",901,12.12,402,0,0.718,3.04,5.74,0.269,0.508,0.255,0.417,62.68,56.17
"2024-05-20 11:00:00",902,12.12,402,0,0.783,3.4,6.17,0.301,0.546,0.277,0.442,61.01,54.1
"2024-05-20 11:30:00",903,12.12,402,0,0.878,3.78,6.95,0.335,0.615,0.312,0.49,60.51,54.51
"2024-05-20 12:00:00",904,12.13,402,0,0.836,3.61,6.61,0.32,0.585,0.29,0.462,61.19,54.13
"2024-05-20 12:30:00",905,12.13,402,0,0.905,4.04,7,0.358,0.619,0.329,0.477,62,56.17
"2024-05-20 13:00:00",906,12.12,402,0,0.884,3.96,6.83,0.351,0.604,0.324,0.483,59.14,52.75
"2024-05-20 13:30:00",907,12.12,402,0,0.869,4.01,6.58,0.355,0.582,0.32,0.469,59.22,54.46
"2024-05-20 14:00:00",908,12.13,402,0,0.788,3.54,6.07,0.313,0.537,0.269,0.424,60.21,53.56
"2024-05-20 14:30:00",909,12.13,402,0,0.716,3.07,5.69,0.271,0.503,0.249,0.394,58.78,54.58
"2024-05-20 15:00:00",910,12.13,402,0,0.858,3.66,6.84,0.324,0.605,0.316,0.501,66.22,56.46
"2024-05-20 15:30:00",911,12.13,402,0,0.871,4.17,6.42,0.369,0.568,0.324,0.444,60.53,52.81
"2024-05-20 16:00:00",912,12.13,402,0,0.828,3.71,6.4,0.328,0.566,0.312,0.456,62.32,55.42
"2024-05-20 16:30:00",913,12.13,402,0,0.659,2.5,5.6,0.222,0.496,0.198,0.412,52.07,52.37
"2024-05-20 17:00:00",914,12.13,402,0,0.764,4.04,5.2,0.358,0.461,0.11,0.347,67.15,52.72
"2024-05-20 17:30:00",915,12.13,402,0,0.7,3.11,5.44,0.275,0.482,0.255,0.384,56.57,53.04
"2024-05-20 18:00:00",916,12.12,402,0,0.693,3.15,5.3,0.279,0.469,0.256,0.375,65,54.42
"2024-05-20 18:30:00",917,12.13,402,0,0.52,2.11,4.26,0.186,0.377,0.18,0.329,62.21,56.79
"2024-05-20 19:00:00",918,12.13,402,0,0.448,2.34,3.08,0.207,0.273,0.149,0.182,51.51,48.8
"2024-05-20 19:30:00",919,12.13,402,0,0.255,0.83,2.32,0.073,0.206,0.054,0.126,51.49,46.48
"2024-05-20 20:00:00",920,12.13,402,0,0.129,0.3,1.31,0.027,0.116,0.016,0.052,51.6,45.36
"2024-05-20 20:30:00",921,12.12,402,0,0.054,-0.03,0.73,-0.003,0.064,-0.009,0.018,51.31,46.04
"2024-05-20 21:00:00",922,12.12,402,0,0.017,-0.21,0.45,-0.019,0.04,-0.024,0,52.82,45.08
"2024-05-20 21:30:00",923,12.11,402,0,-0.006,-0.32,0.27,-0.029,0.024,-0.033,-0.007,52.89,46.08
"2024-05-20 22:00:00",924,12.11,402,0,-0.013,-0.35,0.22,-0.032,0.02,-0.039,-0.014,53.72,46.23
"2024-05-20 22:30:00",925,12.1,402,0,-0.026,-0.42,0.13,-0.038,0.012,-0.042,-0.017,52.99,45.91
"2024-05-20 23:00:00",926,12.1,402,0,-0.028,-0.41,0.09,-0.037,0.008,-0.041,-0.024,54.24,46.09
"2024-05-20 23:30:00",927,12.09,402,0,-0.042,-0.48,0,-0.044,0,-0.044,-0.024,53.49,47.23
"2024-05-21 00:00:00",928,12.09,402,0,-0.035,-0.44,0.04,-0.04,0.004,-0.041,-0.028,54.04,46.14
"2024-05-21 00:30:00",929,12.08,402,0,-0.04,-0.44,-0.03,-0.04,-0.004,-0.047,-0.031,53.89,46.82
"2024-05-21 01:00:00",930,12.08,402,0,-0.047,-0.54,0,-0.049,0,-0.05,-0.027,55.88,46.9
"2024-05-21 01:30:00",931,12.07,402,0,-0.033,-0.36,-0.03,-0.033,-0.004,-0.04,-0.027,56.37,47.65
"2024-05-21 02:00:00",932,12.07,402,0,-0.048,-0.49,-0.07,-0.044,-0.007,-0.045,-0.033,55.33,47.69
"2024-05-21 02:30:00",933,12.07,402,0,-0.048,-0.49,-0.07,-0.044,-0.007,-0.049,-0.03,55.75,47.85
"2024-05-21 03:00:00",934,12.07,402,0,-0.049,-0.5,-0.07,-0.045,-0.007,-0.046,-0.027,55.67,47.62
"2024-05-21 03:30:00",935,12.07,402,0,-0.047,-0.45,-0.11,-0.041,-0.011,-0.045,-0.03,56.45,47.32
"2024-05-21 04:00:00",936,12.07,402,0,-0.051,-0.45,-0.15,-0.04,-0.014,-0.045,-0.033,57.59,48.05
"2024-05-21 04:30:00",937,12.06,402,0,-0.06,-0.56,-0.15,-0.05,-0.014,-0.051,-0.03,56.48,48.59
"2024-05-21 05:00:00",938,12.06,402,0,-0.05,-0.48,-0.11,-0.043,-0.011,-0.048,-0.033,55.71,49.05
"2024-05-21 05:30:00",939,12.06,402,0,-0.051,-0.52,-0.07,-0.047,-0.007,-0.048,-0.027,56.08,48.34
"2024-05-21 06:00:00",940,12.06,402,0,-0.043,-0.43,-0.07,-0.039,-0.007,-0.04,-0.03,56.59,48.28
"2024-05-21 06:30:00",941,12.06,402,0,-0.048,-0.49,-0.07,-0.044,-0.007,-0.046,-0.03,57.06,48.09
"2024-05-21 07:00:00",942,12.06,402,0,-0.034,-0.37,-0.03,-0.033,-0.004,-0.038,-0.026,58.81,49.42
"2024-05-21 07:30:00",943,12.06,402,0,-0.03,-0.39,0.04,-0.035,0.004,-0.04,-0.016,55.89,49.23
"2024-05-21 08:00:00",944,12.05,402,0,0.041,-0.06,0.59,-0.006,0.052,-0.014,0.019,57.58,49.68
"2024-05-21 08:30:00",945,12.05,402,0,0.252,0.92,2.18,0.081,0.193,0.069,0.139,61.8,52.27
"2024-05-21 09:00:00",946,12.05,402,0,0.361,1.33,3.12,0.118,0.276,0.107,0.213,61.26,53.77
"2024-05-21 09:30:00",947,12.05,402,0,0.477,1.97,3.87,0.175,0.343,0.161,0.276,62.35,52.82
"2024-05-21 10:00:00",948,12.06,402,0,0.605,2.58,4.82,0.228,0.427,0.21,0.339,60.44,56.24
"2024-05-21 10:30:00",949,12.05,402,0,0.75,3.27,5.9,0.289,0.522,0.266,0.418,60.74,54.08
"2024-05-21 11:00:00",950,12.05,402,0,0.794,3.51,6.19,0.311,0.548,0.281,0.441,60.89,55.87
"2024-05-21 11:30:00",951,12.06,402,0,0.909,4.01,7.09,0.355,0.628,0.329,0.504,60.12,55.36
"2024-05-21 12:00:00",952,12.06,402,0,0.859,3.78,6.71,0.335,0.594,0.309,0.471,59.69,53.29
"2024-05-21 12:30:00",953,12.06,402,0,0.906,4.01,7.05,0.355,0.624,0.325,0.498,58.38,53.11
"2024-05-21 13:00:00",954,12.07,402,0,0.804,3.5,6.32,0.309,0.559,0.275,0.439,58.26,54.07
"2024-05-21 13:30:00",955,12.07,402,0,0.906,4.1,6.95,0.362,0.615,0.328,0.473,60.49,53.99
"2024-05-21 14:00:00",956,12.07,402,0,0.923,3.89,7.41,0.344,0.656,0.325,0.524,61.17,53.3
"2024-05-21 14:30:00",957,12.07,402,0,0.84,3.72,6.54,0.329,0.579,0.308,0.466,64.72,55.62
"2024-05-21 15:00:00",958,12.06,402,0,0.75,3.29,5.87,0.291,0.52,0.274,0.428,64.36,56.9
"2024-05-21 15:30:00",959,12.06,402,0,0.733,3.14,5.82,0.278,0.515,0.273,0.456,62.98,57
"2024-05-21 16:00:00",960,12.07,402,0,0.674,3.02,5.21,0.267,0.461,0.236,0.387,58.7,54.26
"2024-05-21 16:30:00",961,12.07,402,0,0.705,3.18,5.42,0.281,0.48,-99,0.412,-99,57.35
"2024-05-21 17:00:00",962,12.07,402,0,0.565,2.09,4.86,0.185,0.43,0.176,0.362,59.67,56.86
"2024-05-21 17:30:00",963,12.06,402,0,0.642,3,4.82,0.265,0.427,-99,0.354,-99,54.06
"2024-05-21 18:00:00",964,12.06,402,0,0.524,2.4,3.99,0.213,0.353,0.2,0.323,56.26,51.51
"2024-05-21 18:30:00",965,12.07,402,0,0.503,2.13,4.03,0.189,0.357,0.317,0.287,3.01,52.4
"2024-05-21 19:00:00",966,12.06,402,0,0.45,1.82,3.7,0.161,0.327,-0.621,0.233,51.87,48.9
"2024-05-21 19:30:00",967,12.06,402,0,0.375,1.4,3.22,0.124,0.285,0.095,0.172,48.32,46.01
"2024-05-21 20:00:00",968,12.06,402,0,0.238,0.82,2.12,0.072,0.188,-0.211,0.096,50.83,44.84
"2024-05-21 20:30:00",969,12.05,402,0,0.106,0.24,1.09,0.021,0.096,0.01,0.037,50.57,44.16
"2024-05-21 21:00:00",970,12.04,402,0,0.052,0,0.67,0,0.06,-0.013,0.007,52.74,43.77
"2024-05-21 21:30:00",971,12.04,402,0,0.024,-0.14,0.47,-0.013,0.042,-0.025,0.004,52.44,45.1
"2024-05-21 22:00:00",972,12.03,402,0,0.007,-0.21,0.33,-0.02,0.029,-0.028,-0.011,52.78,44.06
"2024-05-21 22:30:00",973,12.03,402,0,-0.01,-0.28,0.18,-0.026,0.016,-0.031,-0.018,53.28,45.79
"2024-05-21 23:00:00",974,12.02,402,0,-0.01,-0.28,0.18,-0.026,0.016,-0.034,-0.018,53.4,45.5
"2024-05-21 23:30:00",975,12.02,402,0,-0.019,-0.31,0.09,-0.029,0.008,-0.036,-0.025,54.12,46.63
"2024-05-22 00:00:00",976,12.01,402,0,-0.026,-0.35,0.05,-0.032,0.004,-0.036,-0.025,53.91,45.76
"2024-05-22 00:30:00",977,12.01,402,0,-0.027,-0.39,0.09,-0.035,0.008,-0.039,-0.021,54.07,47.14
"2024-05-22 01:00:00",978,12.01,402,0,-0.035,-0.38,-0.03,-0.034,-0.004,-0.042,-0.028,54.66,47.02
"2024-05-22 01:30:00",979,12,402,0,-0.035,-0.38,-0.03,-0.034,-0.004,-0.045,-0.031,54.15,47.22
"2024-05-22 02:00:00",980,12,402,0,-0.045,-0.45,-0.08,-0.04,-0.008,-0.045,-0.031,54.32,46.57
"2024-05-22 02:30:00",981,12,402,0,-0.042,-0.41,-0.08,-0.037,-0.008,-0.044,-0.031,53.78,46.14
"2024-05-22 03:00:00",982,11.99,402,0,-0.044,-0.44,-0.08,-0.04,-0.008,-0.042,-0.031,54.99,47.1
"2024-05-22 03:30:00",983,11.99,402,0,-0.044,-0.44,-0.08,-0.04,-0.008,-0.044,-0.035,54.61,46.56
"2024-05-22 04:00:00",984,11.99,402,0,-0.041,-0.37,-0.12,-0.034,-0.011,-0.041,-0.031,56.35,47.22
"2024-05-22 04:30:00",985,11.99,402,0,-0.047,-0.44,-0.12,-0.039,-0.011,-0.044,-0.038,55.54,47.39
"2024-05-22 05:00:00",986,11.99,402,0,-0.047,-0.44,-0.12,-0.04,-0.011,-0.044,-0.034,55.77,48.29
"2024-05-22 05:30:00",987,11.98,402,0,-0.053,-0.47,-0.16,-0.042,-0.015,-0.044,-0.038,55.32,47.02
"2024-05-22 06:00:00",988,11.98,402,0,-0.053,-0.43,-0.2,-0.039,-0.019,-0.043,-0.037,56.87,48.56
"2024-05-22 06:30:00",989,11.98,402,0,-0.033,-0.36,-0.03,-0.033,-0.004,-0.034,-0.027,56.81,47.53
"2024-05-22 07:00:00",990,11.98,402,0,-0.048,-0.42,-0.15,-0.038,-0.014,-0.04,-0.037,57.18,49.69
"2024-05-22 07:30:00",991,11.98,402,0,-0.024,-0.35,0.08,-0.032,0.007,-0.034,-0.017,56.95,50.44
"2024-05-22 08:00:00",992,11.98,402,0,0.097,0.22,0.99,0.019,0.088,0.011,0.057,60.51,52.06
"2024-05-22 08:30:00",993,11.98,402,0,0.374,1.52,3.06,0.134,0.271,0.121,0.207,61.7,52.58
"2024-05-22 09:00:00",994,11.98,402,0,0.623,2.63,5,0.232,0.442,0.22,0.366,65.15,56.03
"2024-05-22 09:30:00",995,11.98,402,0,0.767,3.39,5.98,0.3,0.53,0.285,0.448,63.34,56.27
"2024-05-22 10:00:00",996,11.98,402,0,0.794,3.56,6.13,0.315,0.542,0.03,0.455,61.76,56.07
"2024-05-22 10:30:00",997,11.98,402,0,0.825,3.67,6.4,0.325,0.567,0.309,0.477,60.68,55.66
"2024-05-22 11:00:00",998,11.98,402,0,0.855,3.82,6.61,0.338,0.585,0.323,0.484,61.88,54.26
"2024-05-22 11:30:00",999,11.99,402,0,0.891,4.01,6.86,0.355,0.607,0.331,0.491,61.47,55.07
"2024-05-22 12:00:00",1000,11.99,402,0,0.883,3.96,6.81,0.351,0.602,0.325,0.495,60.57,54.33
"2024-05-22 12:30:00",1001,12,402,0,0.899,3.99,6.98,0.353,0.618,0.331,0.501,61.02,54.37
"2024-05-22 13:00:00",1002,11.99,402,0,0.937,4.19,7.24,0.371,0.641,0.342,0.51,59.51,54.09
"2024-05-22 13:30:00",1003,11.99,402,0,0.887,3.9,6.94,0.346,0.614,0.323,0.49,58.41,52.99
"2024-05-22 14:00:00",1004,12,402,0,0.88,3.95,6.79,0.35,0.601,0.324,0.485,60.59,53.94
"2024-05-22 14:30:00",1005,12,402,0,0.867,3.8,6.79,0.336,0.601,0.326,0.495,60.81,54.32
"2024-05-22 15:00:00",1006,12,402,0,0.809,3.54,6.34,0.313,0.561,0.3,0.475,63.52,54.27
"2024-05-22 15:30:00",1007,12,402,0,0.778,3.55,5.93,0.314,0.525,0.303,0.446,64.23,54.73
"2024-05-22 16:00:00",1008,12,402,0,0.767,3.49,5.86,0.309,0.518,-99,0.432,-99,55.47
"2024-05-22 16:30:00",1009,12,402,0,0.684,2.98,5.38,0.264,0.477,0.248,0.405,57.62,53.85
"2024-05-22 17:00:00",1010,11.99,402,0,0.694,3.21,5.25,0.284,0.464,0.33,0.354,3.01,51.39
"2024-05-22 17:30:00",1011,11.99,402,0,0.69,2.82,5.63,0.249,0.498,0.241,0.429,62.76,55.3
"2024-05-22 18:00:00",1012,11.99,402,0,0.633,2.81,4.92,0.248,0.435,0.235,0.359,59.2,53.63
"2024-05-22 18:30:00",1013,11.99,402,0,0.486,1.92,4.05,0.17,0.358,0.158,0.287,55.55,50.39
"2024-05-22 19:00:00",1014,11.99,402,0,0.501,2.42,3.67,0.214,0.325,0.365,0.191,3.011,44.23
"2024-05-22 19:30:00",1015,11.99,402,0,0.239,0.86,2.09,0.076,0.185,0.056,0.092,51.42,44.61
"2024-05-22 20:00:00",1016,11.98,402,0,0.139,0.39,1.34,0.034,0.118,0.022,0.054,51.16,44.1
"2024-05-22 20:30:00",1017,11.98,402,0,0.098,0.23,0.99,0.02,0.088,-0.183,0.036,53.01,44.98
"2024-05-22 21:00:00",1018,11.97,402,0,0.066,0.08,0.75,0.007,0.066,-0.102,0.018,53.29,45
"2024-05-22 21:30:00",1019,11.96,402,0,0.051,0,0.65,0,0.058,-0.067,0.011,53.44,45.14
"2024-05-22 22:00:00",1020,11.96,402,0,0.024,-0.14,0.46,-0.013,0.041,-0.022,0.004,52.17,45.67
"2024-05-22 22:30:00",1021,11.95,402,0,0.017,-0.17,0.41,-0.016,0.036,-0.025,-0.004,52.21,46.12
"2024-05-22 23:00:00",1022,11.94,402,0,0.003,-0.17,0.23,-0.016,0.02,-0.022,-0.011,54.98,45.45
"2024-05-22 23:30:00",1023,11.94,402,0,-0.006,-0.24,0.18,-0.022,0.016,-0.027,-0.011,55.25,46.29
"2024-05-23 00:00:00",1024,11.94,402,0,-0.006,-0.24,0.18,-0.022,0.016,-0.033,-0.011,54.27,46.64
"2024-05-23 00:30:00",1025,11.94,402,0,-0.012,-0.31,0.18,-0.028,0.016,-0.036,-0.018,53.47,46.14
"2024-05-23 01:00:00",1026,11.93,402,0,-0.002,-0.23,0.22,-0.022,0.019,-0.03,-0.007,55.3,47
"2024-05-23 01:30:00",1027,11.93,402,0,-0.006,-0.27,0.22,-0.025,0.019,-0.033,-0.007,55.77,48.29
"2024-05-23 02:00:00",1028,11.93,402,0,0,-0.23,0.26,-0.022,0.023,-0.027,-0.003,55.83,46.86
"2024-05-23 02:30:00",1029,11.93,402,0,-0.01,-0.27,0.17,-0.025,0.015,-0.033,-0.01,56.5,46.97
"2024-05-23 03:00:00",1030,11.92,402,0,-0.009,-0.23,0.13,-0.022,0.011,-0.033,-0.014,55.3,47.66
"2024-05-23 03:30:00",1031,11.92,402,0,-0.013,-0.27,0.13,-0.025,0.011,-0.033,-0.014,55.53,47.64
"2024-05-23 04:00:00",1032,11.92,402,0,-0.01,-0.27,0.17,-0.025,0.015,-0.03,-0.01,54.78,48.12
"2024-05-23 04:30:00",1033,11.91,402,0,-0.015,-0.3,0.13,-0.028,0.011,-0.033,-0.014,54.9,47.16
"2024-05-23 05:00:00",1034,11.92,402,0,-0.006,-0.23,0.17,-0.022,0.015,-0.027,-0.01,57.2,47.25
"2024-05-23 05:30:00",1035,11.91,402,0,-0.016,-0.31,0.13,-0.028,0.011,-0.033,-0.014,54.75,47.68
"2024-05-23 06:00:00",1036,11.91,402,0,0.012,-0.13,0.3,-0.012,0.026,-0.018,0,55.77,48.7
"2024-05-23 06:30:00",1037,11.91,402,0,0.096,0.27,0.92,0.024,0.081,0.015,0.041,56.64,49.01
"2024-05-23 07:00:00",1038,11.91,402,0,0.158,0.53,1.42,0.046,0.125,0.034,0.083,58.87,50.83
"2024-05-23 07:30:00",1039,11.91,402,0,0.24,0.91,2.04,0.081,0.18,0.068,0.129,58.8,51.33
"2024-05-23 08:00:00",1040,11.9,402,0,0.319,1.3,2.61,0.115,0.231,0.005,0.174,60.52,52.22
"2024-05-23 08:30:00",1041,11.9,402,0,0.405,1.72,3.23,0.152,0.286,-0.051,0.219,58.45,52.61
"2024-05-23 09:00:00",1042,11.9,402,0,0.476,2.02,3.8,0.179,0.336,0.161,0.262,58.69,52.71
"2024-05-23 09:30:00",1043,11.9,402,0,0.518,2.22,4.11,0.197,0.364,0.179,0.278,57.7,52.68
"2024-05-23 10:00:00",1044,11.9,402,0,0.597,2.68,4.61,0.237,0.408,0.218,0.315,60.69,54.04
"2024-05-23 10:30:00",1045,11.9,402,0,0.539,2.3,4.29,0.203,0.379,0.183,0.285,58.89,52.64
"2024-05-23 11:00:00",1046,11.9,402,0,0.494,2.08,3.97,0.184,0.352,0.163,0.268,57.05,52.59
"2024-05-23 11:30:00",1047,11.9,402,0,0.809,3.74,6.12,0.331,0.542,-0.112,0.421,63.49,54.8
"2024-05-23 12:00:00",1048,11.9,402,0,0.792,3.38,6.31,0.299,0.558,0.28,0.434,59.19,53.51
"2024-05-23 12:30:00",1049,11.9,402,0,0.89,3.92,6.95,0.347,0.615,0.316,0.478,58.41,53.4
"2024-05-23 13:00:00",1050,11.9,402,0,0.954,4.26,7.38,0.377,0.654,0.344,0.511,61.35,54.71
"2024-05-23 13:30:00",1051,11.9,402,0,1.086,4.84,8.41,0.428,0.744,0.4,0.597,60.67,53.05
"2024-05-23 14:00:00",1052,11.9,402,0,1.043,4.63,8.1,0.41,0.717,0.384,0.583,59.44,53.45
"2024-05-23 14:30:00",1053,11.9,402,0,1.068,4.74,8.3,0.42,0.735,0.394,0.59,58.77,52.69
"2024-05-23 15:00:00",1054,11.9,402,0,0.985,4.26,7.78,0.377,0.688,0.354,0.571,58,54.22
"2024-05-23 15:30:00",1055,11.9,402,0,0.909,4.03,7.07,0.357,0.626,0.336,0.525,57.53,53.5
"2024-05-23 16:00:00",1056,11.9,402,0,0.892,3.94,6.95,0.349,0.615,0.338,0.517,58.84,54.4
"2024-05-23 16:30:00",1057,11.9,402,0,0.859,3.48,7.05,0.308,0.624,0.298,0.478,61.16,54.52
"2024-05-23 17:00:00",1058,11.89,402,0,0.756,3.02,6.26,0.267,0.554,0.242,0.433,55.57,52.2
"2024-05-23 17:30:00",1059,11.89,402,0,0.624,2.54,5.11,0.224,0.452,0.212,0.353,56.67,50.7
"2024-05-23 18:00:00",1060,11.89,402,0,0.571,2.46,4.52,0.218,0.4,0.203,0.317,60.87,54.48
"2024-05-23 18:30:00",1061,11.89,402,0,0.498,1.97,4.14,0.174,0.367,0.142,0.269,48.75,49.72
"2024-05-23 19:00:00",1062,11.88,402,0,0.363,1.38,3.08,0.122,0.272,-0.42,0.178,52.4,46.57
"2024-05-23 19:30:00",1063,11.88,402,0,0.218,0.71,1.99,0.063,0.176,0.05,0.102,52.8,45.9
"2024-05-23 20:00:00",1064,11.87,402,0,0.139,0.37,1.36,0.033,0.121,0.022,0.06,53.89,46.01
"2024-05-23 20:30:00",1065,11.87,402,0,0.071,0.08,0.82,0.007,0.073,0,0.029,52.11,46.13
"2024-05-23 21:00:00",1066,11.87,402,0,0.048,-0.06,0.68,-0.007,0.06,-0.012,0.021,53.16,45.03
"2024-05-23 21:30:00",1067,11.86,402,0,0.023,-0.1,0.41,-0.01,0.036,-0.2,0,53.93,45.38
"2024-05-23 22:00:00",1068,11.86,402,0,0.013,-0.21,0.4,-0.019,0.036,-0.025,0,54.74,47.27
"2024-05-23 22:30:00",1069,11.86,402,0,-0.004,-0.25,0.22,-0.023,0.02,-0.028,-0.018,54.39,46.66
"2024-05-23 23:00:00",1070,11.85,402,0,-0.003,-0.25,0.23,-0.023,0.02,-0.031,-0.018,53.33,46.11
"2024-05-23 23:30:00",1071,11.85,402,0,-0.016,-0.31,0.13,-0.028,0.012,-0.03,-0.018,56.32,47.22
"2024-05-24 00:00:00",1072,11.84,402,0,-0.016,-0.31,0.13,-0.029,0.012,-0.034,-0.018,54.1,47.04
"2024-05-24 00:30:00",1073,11.84,402,0,-0.017,-0.28,0.09,-0.026,0.008,-0.067,-0.018,55.31,46.2
"2024-05-24 01:00:00",1074,11.83,402,0,-0.02,-0.32,0.09,-0.029,0.008,-0.034,-0.014,54.68,46.24
"2024-05-24 01:30:00",1075,11.83,402,0,-0.024,-0.32,0.04,-0.029,0.004,-0.034,-0.025,54.91,46.21
"2024-05-24 02:00:00",1076,11.84,402,0,-0.027,-0.35,0.04,-0.032,0.004,-0.04,-0.025,55.9,46.12
"2024-05-24 02:30:00",1077,11.84,402,0,-0.027,-0.35,0.04,-0.032,0.004,-0.037,-0.025,54.55,46.92
"2024-05-24 03:00:00",1078,11.83,402,0,-0.027,-0.35,0.04,-0.032,0.004,-0.04,-0.018,55.37,47.49
"2024-05-24 03:30:00",1079,11.82,402,0,-0.036,-0.42,0,-0.038,0,-0.043,-0.028,54.51,47.04
"2024-05-24 04:00:00",1080,11.82,402,0,-0.036,-0.39,-0.03,-0.035,-0.004,-0.037,-0.028,55.03,47.14
"2024-05-24 04:30:00",1081,11.82,402,0,-0.034,-0.39,0,-0.035,0,-0.043,-0.025,56.06,46.28
"2024-05-24 05:00:00",1082,11.81,402,0,-0.03,-0.35,0,-0.032,0,-0.037,-0.028,54.74,47.1
"2024-05-24 05:30:00",1083,11.81,402,0,-0.029,-0.34,0,-0.031,0,-0.039,-0.025,56.47,47.51
"2024-05-24 06:00:00",1084,11.81,402,0,-0.029,-0.31,-0.03,-0.028,-0.004,-0.036,-0.025,55.58,47.28
"2024-05-24 06:30:00",1085,11.81,402,0,-0.026,-0.3,0,-0.028,0,-0.036,-0.021,55.42,47.53
"2024-05-24 07:00:00",1086,11.8,402,0,0.005,-0.16,0.25,-0.015,0.022,-0.02,0,59.13,48.94
"2024-05-24 07:30:00",1087,11.8,402,0,0.136,0.46,1.22,0.041,0.108,0.033,0.072,64.08,52.92
"2024-05-24 08:00:00",1088,11.8,402,0,0.273,1.12,2.22,0.099,0.196,0.086,0.145,60.01,51.73
"2024-05-24 08:30:00",1089,11.8,402,0,0.37,1.51,3.03,0.134,0.268,0.114,0.201,57.8,50.59
"2024-05-24 09:00:00",1090,11.8,402,0,0.409,1.75,3.25,0.155,0.288,0.134,0.211,57.55,51.71
"2024-05-24 09:30:00",1091,11.8,402,0,0.391,1.61,3.18,0.142,0.281,0.127,0.215,59.52,52.05
"2024-05-24 10:00:00",1092,11.8,402,0,0.51,2.21,4.02,0.196,0.356,0.185,0.284,62.15,53.61
"2024-05-24 10:30:00",1093,11.8,402,0,0.519,2.27,4.07,0.201,0.361,0.181,0.282,59.27,52.21
"2024-05-24 11:00:00",1094,11.8,402,0,0.868,3.9,6.69,0.345,0.592,-0.154,0.472,59.76,54.5
"2024-05-24 11:30:00",1095,11.8,402,0,0.829,3.62,6.51,0.32,0.576,0.299,0.448,57.88,53.28
"2024-05-24 12:00:00",1096,11.8,402,0,0.968,4.1,7.75,0.363,0.686,0.348,0.55,60.99,55.16
"2024-05-24 12:30:00",1097,11.8,402,0,1.071,4.69,8.39,0.415,0.743,0.387,0.602,58.87,53.86
"2024-05-24 13:00:00",1098,11.8,402,0,1.247,5.46,9.77,0.484,0.864,0.467,0.698,62.88,52.97
"2024-05-24 13:30:00",1099,11.8,402,0,0.875,4.14,6.51,0.367,0.576,0.328,0.455,56.19,52.82
"2024-05-24 14:00:00",1100,11.79,402,0,0.679,2.89,5.42,0.256,0.479,0.234,0.363,57.1,51.43
"2024-05-24 14:30:00",1101,11.79,402,0,0.204,0.77,1.74,0.068,0.154,0.055,0.096,54.52,46.79
"2024-05-24 15:00:00",1102,11.8,402,0,0.123,0.53,0.98,0.047,0.087,0.037,0.041,59.25,48.51
"2024-05-24 15:30:00",1103,11.79,402,0,0.243,1.01,1.96,0.09,0.174,0.066,0.112,53.83,47.58
"2024-05-24 16:00:00",1104,11.79,402,0,0.524,2.59,3.77,0.229,0.334,-99,0.254,-99,54.62
"2024-05-24 16:30:00",1105,11.77,402,0,0.755,3.67,5.5,0.325,0.487,0.306,0.404,65.28,55.36
"2024-05-24 17:00:00",1106,11.77,402,0,0.796,3.35,6.39,0.297,0.566,0.293,0.487,58.65,56.65
"2024-05-24 17:30:00",1107,11.78,402,0,0.607,2.24,5.23,0.199,0.463,0.186,0.37,52.47,51.96
"2024-05-24 18:00:00",1108,11.78,402,0,0.789,4.26,5.27,0.377,0.466,-99,0.366,-99,55.81
"2024-05-24 18:30:00",1109,11.78,402,0,0.613,3.24,4.17,0.287,0.369,-0.392,0.24,53.22,47.54
"2024-05-24 19:00:00",1110,11.77,402,0,0.333,1.34,2.74,0.119,0.243,-0.384,0.159,53.48,46.98
"2024-05-24 19:30:00",1111,11.77,402,0,0.37,1.44,3.1,0.127,0.274,0.107,0.194,52.09,48.46
"2024-05-24 20:00:00",1112,11.77,402,0,0.223,0.81,1.94,0.071,0.172,0.057,0.102,52.16,46.89
"2024-05-24 20:30:00",1113,11.76,402,0,0.084,0.16,0.9,0.014,0.08,-0.232,0.029,52.85,45.79
"2024-05-24 21:00:00",1114,11.76,402,0,0.038,-0.07,0.56,-0.007,0.05,-0.019,0.011,53.88,45.59
"2024-05-24 21:30:00",1115,11.76,402,0,0.009,-0.14,0.28,-0.014,0.025,-0.026,-0.007,54.14,45.59
"2024-05-24 22:00:00",1116,11.76,402,0,-0.001,-0.22,0.23,-0.02,0.021,-0.026,-0.007,53.56,45.94
"2024-05-24 22:30:00",1117,11.75,402,0,-0.013,-0.33,0.19,-0.03,0.017,-0.032,-0.022,53.83,46.36
"2024-05-24 23:00:00",1118,11.74,402,0,-0.025,-0.37,0.09,-0.033,0.008,-0.038,-0.022,54.24,45.95
"2024-05-24 23:30:00",1119,11.74,402,0,-0.031,-0.36,0,-0.033,0,-0.038,-0.026,54.33,46.04
"2024-05-25 00:00:00",1120,11.73,402,0,-0.028,-0.37,0.05,-0.033,0.004,-0.044,-0.029,54,46.37
"2024-05-25 00:30:00",1121,11.73,402,0,-0.038,-0.44,0,-0.04,0,-0.038,-0.029,54.05,45.76
"2024-05-25 01:00:00",1122,11.73,402,0,-0.03,-0.32,-0.04,-0.03,-0.004,-0.041,-0.033,54.23,47.01
"2024-05-25 01:30:00",1123,11.72,402,0,-0.043,-0.43,-0.08,-0.039,-0.008,-0.041,-0.037,56.13,46.6
"2024-05-25 02:00:00",1124,11.72,402,0,-0.034,-0.36,-0.04,-0.033,-0.004,-0.038,-0.033,54.5,45.79
"2024-05-25 02:30:00",1125,11.72,402,0,-0.034,-0.4,0,-0.036,0,-0.044,-0.026,55.73,47.02
"2024-05-25 03:00:00",1126,11.72,402,0,-0.034,-0.39,0,-0.036,0,-0.041,-0.026,55.66,46.55
"2024-05-25 03:30:00",1127,11.71,402,0,-0.044,-0.47,-0.04,-0.042,-0.004,-0.044,-0.029,56.12,47.82
"2024-05-25 04:00:00",1128,11.71,402,0,-0.04,-0.43,-0.04,-0.039,-0.004,-0.041,-0.029,54.98,46.68
"2024-05-25 04:30:00",1129,11.71,402,0,-0.04,-0.43,-0.04,-0.039,-0.004,-0.044,-0.033,54.46,46.98
"2024-05-25 05:00:00",1130,11.7,402,0,-0.04,-0.39,-0.08,-0.036,-0.008,-0.041,-0.029,54.5,47.27
"2024-05-25 05:30:00",1131,11.7,402,0,-0.037,-0.39,-0.04,-0.035,-0.004,-0.037,-0.029,55.84,48.1
"2024-05-25 06:00:00",1132,11.7,402,0,-0.032,-0.35,-0.03,-0.032,-0.004,-0.037,-0.025,55.1,47.06
"2024-05-25 06:30:00",1133,11.7,402,0,-0.049,-0.42,-0.17,-0.038,-0.016,-0.046,-0.032,55.64,46.93
"2024-05-25 07:00:00",1134,11.69,402,0,-0.052,-0.41,-0.21,-0.037,-0.019,-0.045,-0.039,58.61,48.52
"2024-05-25 07:30:00",1135,11.69,402,0,-0.058,-0.52,-0.16,-0.047,-0.015,-0.048,-0.035,57.79,49.08
"2024-05-25 08:00:00",1136,11.69,402,0,-0.036,-0.28,-0.15,-0.026,-0.014,-0.028,-0.031,60.87,50.27
"2024-05-25 08:30:00",1137,11.69,402,0,0.021,-0.09,0.37,-0.009,0.033,-0.012,0.007,58.2,50.32
"2024-05-25 09:00:00",1138,11.68,402,0,0.287,1.12,2.41,0.099,0.213,0.089,0.165,61.42,54.36
"2024-05-25 09:30:00",1139,11.68,402,0,0.501,2.01,4.14,0.178,0.366,0.173,0.302,62.76,55.44
"2024-05-25 10:00:00",1140,11.69,402,0,0.684,3.07,5.27,0.272,0.466,0.257,0.384,63.76,55.73
"2024-05-25 10:30:00",1141,11.69,402,0,0.949,4.26,7.32,0.377,0.648,0.36,0.538,62.68,55.37
"2024-05-25 11:00:00",1142,11.69,402,0,1.071,4.79,8.28,0.424,0.733,-0.187,0.599,59.75,54.59
"2024-05-25 11:30:00",1143,11.69,402,0,0.981,4.42,7.55,0.391,0.668,0.371,0.55,60.1,53.62
"2024-05-25 12:00:00",1144,11.69,402,0,0.973,4.43,7.43,0.392,0.658,0.37,0.532,61.77,54.06
"2024-05-25 12:30:00",1145,11.69,402,0,0.735,3.4,5.56,0.301,0.492,0.256,0.385,52.76,50.87
"2024-05-25 13:00:00",1146,11.69,402,0,0.723,3.09,5.75,0.273,0.509,0.252,0.405,60.43,50.52
"2024-05-25 13:30:00",1147,11.69,402,0,0.861,3.72,6.8,0.329,0.602,0.3,0.473,59.16,54
"2024-05-25 14:00:00",1148,11.69,402,0,0.964,4.23,7.54,0.374,0.667,0.35,0.526,61.64,54.18
"2024-05-25 14:30:00",1149,11.68,402,0,0.959,4.32,7.38,0.382,0.654,0.362,0.522,63.51,54.03
"2024-05-25 15:00:00",1150,11.68,402,0,0.856,3.84,6.61,0.34,0.585,0.322,0.489,60.9,55.75
"2024-05-25 15:30:00",1151,11.68,402,0,0.895,4.44,6.43,0.393,0.569,-99,0.478,-99,53.9
"2024-05-25 16:00:00",1152,11.68,402,0,0.791,3.4,6.27,0.301,0.555,0.287,0.475,58.96,54.77
"2024-05-25 16:30:00",1153,11.68,402,0,0.785,3.55,6.03,0.314,0.534,0.285,0.437,56.82,53.46
"2024-05-25 17:00:00",1154,11.68,402,0,0.81,3.69,6.18,0.327,0.547,0.3,0.439,57.65,52.8
"2024-05-25 17:30:00",1155,11.68,402,0,0.68,2.93,5.39,0.26,0.477,0.239,0.368,57.52,52.26
"2024-05-25 18:00:00",1156,11.67,402,0,0.566,2.38,4.55,0.21,0.402,0.187,0.309,52.88,50.99
"2024-05-25 18:30:00",1157,11.67,402,0,0.392,1.65,3.15,0.146,0.279,0.119,0.182,53.17,46.53
"2024-05-25 19:00:00",1158,11.67,402,0,0.253,0.94,2.17,0.083,0.193,0.064,0.116,53.1,45.79
"2024-05-25 19:30:00",1159,11.67,402,0,0.159,0.45,1.52,0.04,0.134,0.027,0.068,51.52,45.13
"2024-05-25 20:00:00",1160,11.67,402,0,0.087,0.2,0.89,0.018,0.079,0,0.03,50.75,45.73
"2024-05-25 20:30:00",1161,11.66,402,0,0.041,-0.07,0.6,-0.007,0.053,-0.017,0.011,49.61,47.46
"2024-05-25 21:00:00",1162,11.65,402,0,0.026,-0.15,0.5,-0.015,0.044,-0.024,-0.004,51.59,44.78
"2024-05-25 21:30:00",1163,11.65,402,0,-0.007,-0.31,0.25,-0.029,0.022,-0.034,-0.015,52.38,44.64
"2024-05-25 22:00:00",1164,11.64,402,0,-0.011,-0.3,0.19,-0.028,0.017,-0.033,-0.019,53.52,45.38
"2024-05-25 22:30:00",1165,11.63,402,0,-0.015,-0.3,0.14,-0.028,0.013,-0.033,-0.015,53.55,45.51
"2024-05-25 23:00:00",1166,11.63,402,0,-0.022,-0.3,0.05,-0.027,0.004,-0.036,-0.019,54.35,46.21
"2024-05-25 23:30:00",1167,11.63,402,0,-0.028,-0.41,0.09,-0.038,0.008,-0.045,-0.019,54.05,45.5
"2024-05-26 00:00:00",1168,11.62,402,0,-0.029,-0.38,0.05,-0.034,0.004,-0.043,-0.019,54.33,46.03
"2024-05-26 00:30:00",1169,11.62,402,0,-0.029,-0.38,0.05,-0.034,0.004,-0.042,-0.019,54.51,45.96
"2024-05-26 01:00:00",1170,11.62,402,0,-0.035,-0.41,0,-0.037,0,-0.042,-0.026,54.62,46.58
"2024-05-26 01:30:00",1171,11.61,402,0,-0.035,-0.41,0,-0.037,0,-0.045,-0.026,55.21,46.66
"2024-05-26 02:00:00",1172,11.61,402,0,-0.035,-0.41,0,-0.037,0,-0.035,-0.022,55.63,45.54
"2024-05-26 02:30:00",1173,11.61,402,0,-0.041,-0.44,-0.04,-0.04,-0.004,-0.045,-0.03,55.41,47.94
"2024-05-26 03:00:00",1174,11.61,402,0,-0.041,-0.44,-0.04,-0.04,-0.004,-0.044,-0.03,55.33,47.19
"2024-05-26 03:30:00",1175,11.6,402,0,-0.027,-0.32,0,-0.029,0,-0.035,-0.026,56.6,46.92
"2024-05-26 04:00:00",1176,11.6,402,0,-0.04,-0.39,-0.08,-0.036,-0.008,-0.041,-0.033,56.07,46.15
"2024-05-26 04:30:00",1177,11.6,402,0,-0.036,-0.35,-0.08,-0.032,-0.008,-0.04,-0.025,55.16,48.5
"2024-05-26 05:00:00",1178,11.6,402,0,-0.036,-0.35,-0.08,-0.032,-0.008,-0.038,-0.029,56.11,47.96
"2024-05-26 05:30:00",1179,11.59,402,0,-0.033,-0.36,-0.03,-0.032,-0.004,-0.038,-0.029,55.65,48.17
"2024-05-26 06:00:00",1180,11.59,402,0,-0.04,-0.39,-0.08,-0.036,-0.008,-0.041,-0.029,55.11,48.45
"2024-05-26 06:30:00",1181,11.59,402,0,-0.027,-0.32,0,-0.029,0,-0.034,-0.025,56.82,48.53
"2024-05-26 07:00:00",1182,11.59,402,0,-0.018,-0.25,0.04,-0.023,0.004,-0.028,-0.018,55.71,48.07
"2024-05-26 07:30:00",1183,11.58,402,0,-0.024,-0.28,0,-0.026,0,-0.034,-0.029,55.2,48.95
"2024-05-26 08:00:00",1184,11.59,402,0,-0.024,-0.28,0,-0.026,0,-0.034,-0.022,56.78,47.66
"2024-05-26 08:30:00",1185,11.58,402,0,-0.021,-0.28,0.04,-0.025,0.004,-0.028,-0.018,55.47,49.63
"2024-05-26 09:00:00",1186,11.58,402,0,0.214,0.81,1.82,0.072,0.161,0.065,0.119,62.45,53.34
"2024-05-26 09:30:00",1187,11.58,402,0,0.589,2.58,4.61,0.229,0.408,0.215,0.334,60.34,54.25
"2024-05-26 10:00:00",1188,11.57,402,0,0.828,3.77,6.33,0.334,0.56,0.321,0.465,64.57,55.62
"2024-05-26 10:30:00",1189,11.57,402,0,0.933,4.2,7.18,0.372,0.635,0.35,0.518,61.36,54.15
"2024-05-26 11:00:00",1190,11.57,402,0,0.901,3.96,7.04,0.35,0.623,0.333,0.513,61.88,54.42
"2024-05-26 11:30:00",1191,11.58,402,0,0.777,3.31,6.2,0.293,0.549,0.276,0.451,58.46,52.79
"2024-05-26 12:00:00",1192,11.57,402,0,0.865,3.77,6.8,0.333,0.602,0.306,0.471,52.73,52.63
"2024-05-26 12:30:00",1193,11.58,402,0,0.798,3.6,6.13,0.318,0.542,0.287,0.401,62.85,52.11
"2024-05-26 13:00:00",1194,11.57,402,0,0.735,3.35,5.61,0.296,0.496,0.263,0.369,56.81,50.16
"2024-05-26 13:30:00",1195,11.57,402,0,0.963,4.15,7.62,0.367,0.674,0.34,0.521,57.53,51.71
"2024-05-26 14:00:00",1196,11.57,402,0,0.926,4.49,6.76,0.398,0.599,0.36,0.464,60.45,51.76
"2024-05-26 14:30:00",1197,11.56,402,0,1.09,4.84,8.47,0.428,0.749,0.414,0.609,64.77,54.6
"2024-05-26 15:00:00",1198,11.56,402,0,1.038,4.69,7.97,0.415,0.705,0.407,0.59,65.49,54.36
"2024-05-26 15:30:00",1199,11.56,402,0,0.864,4.13,6.38,0.365,0.564,0.312,0.458,53.6,53.09
"2024-05-26 16:00:00",1200,11.56,402,0,0.616,2.62,4.92,0.232,0.435,-0.327,0.309,56.49,49.59
"2024-05-26 16:30:00",1201,11.56,402,0,0.742,3.18,5.89,0.282,0.522,0.251,0.408,55.19,53.04
"2024-05-26 17:00:00",1202,11.55,402,0,0.656,2.93,5.08,0.259,0.449,0.234,0.332,60.96,50.64
"2024-05-26 17:30:00",1203,11.55,402,0,0.694,3.29,5.15,0.291,0.456,0.234,0.348,52.52,49.56
"2024-05-26 18:00:00",1204,11.55,402,0,0.557,2.06,4.79,0.182,0.424,0.169,0.374,67.23,58.13
"2024-05-26 18:30:00",1205,11.55,402,0,0.588,2.47,4.73,0.219,0.419,0.194,0.336,53.13,53.59
"2024-05-26 19:00:00",1206,11.54,402,0,0.574,2.57,4.43,0.228,0.393,0.174,0.26,50.29,52.64
"2024-05-26 19:30:00",1207,11.55,402,0,0.347,1.37,2.89,0.121,0.256,0.093,0.156,50.88,46.53
"2024-05-26 20:00:00",1208,11.54,402,0,0.203,0.7,1.81,0.062,0.16,0.039,0.086,51.54,44.88
"2024-05-26 20:30:00",1209,11.54,402,0,0.098,0.21,1.02,0.019,0.09,-0.138,0.035,50.82,45.39
"2024-05-26 21:00:00",1210,11.53,402,0,0.055,0,0.71,0,0.063,-0.086,0.02,51.9,44.58
"2024-05-26 21:30:00",1211,11.52,402,0,0.022,-0.15,0.45,-0.014,0.04,-0.03,0.004,53.7,45.97
"2024-05-26 22:00:00",1212,11.52,402,0,0.021,-0.15,0.44,-0.014,0.039,-0.024,0,52.91,46.66
"2024-05-26 22:30:00",1213,11.52,402,0,0,-0.27,0.29,-0.025,0.026,-0.027,-0.008,54.35,45.91
"2024-05-26 23:00:00",1214,11.52,402,0,0.002,-0.19,0.24,-0.017,0.021,-0.023,-0.012,55.01,47.53
"2024-05-26 23:30:00",1215,11.52,402,0,0.01,-0.14,0.29,-0.014,0.025,-0.016,-0.004,54.9,47.17
"2024-05-27 00:00:00",1216,11.51,402,0,-0.008,-0.31,0.24,-0.028,0.021,-0.037,-0.015,54.44,46.4
"2024-05-27 00:30:00",1217,11.51,402,0,-0.007,-0.26,0.19,-0.024,0.017,-0.029,-0.008,54.97,46.82
"2024-05-27 01:00:00",1218,11.5,402,0,-0.007,-0.26,0.19,-0.024,0.017,-0.033,-0.011,54.43,47.93
"2024-05-27 01:30:00",1219,11.5,402,0,-0.014,-0.29,0.14,-0.027,0.012,-0.032,-0.011,54.72,46.84
"2024-05-27 02:00:00",1220,11.5,402,0,-0.004,-0.22,0.19,-0.02,0.016,-0.029,-0.011,55.55,47.1
"2024-05-27 02:30:00",1221,11.5,402,0,-0.01,-0.25,0.14,-0.023,0.012,-0.029,-0.015,56.97,46.47
"2024-05-27 03:00:00",1222,11.49,402,0,-0.001,-0.22,0.23,-0.02,0.02,-0.029,-0.007,55.9,46.94
"2024-05-27 03:30:00",1223,11.49,402,0,-0.008,-0.26,0.18,-0.024,0.016,-0.032,-0.015,55.13,47.09
"2024-05-27 04:00:00",1224,11.49,402,0,-0.004,-0.22,0.18,-0.02,0.016,-0.026,-0.011,56.47,46.94
"2024-05-27 04:30:00",1225,11.48,402,0,-0.001,-0.22,0.23,-0.02,0.02,-0.023,-0.008,55.87,47.41
"2024-05-27 05:00:00",1226,11.48,402,0,-0.025,-0.29,0,-0.027,0,-0.032,-0.094,57.2,48.49
"2024-05-27 05:30:00",1227,11.48,402,0,-0.018,-0.29,0.09,-0.027,0.008,-0.029,-0.015,55.78,46.92
"2024-05-27 06:00:00",1228,11.47,402,0,-0.018,-0.26,0.05,-0.024,0.004,0.044,-0.019,55.64,55.53
"2024-05-27 06:30:00",1229,11.47,402,0,0.009,-0.1,0.23,-0.01,0.02,-0.016,-0.004,57.3,49
"2024-05-27 07:00:00",1230,11.47,402,0,0.051,0.07,0.57,0.006,0.051,-0.003,0.022,58.37,49.41
"2024-05-27 07:30:00",1231,11.47,402,0,0.1,0.29,0.95,0.025,0.084,0.012,0.042,52.63,52.94
"2024-05-27 08:00:00",1232,11.46,402,0,0.145,0.57,1.21,0.05,0.107,0.037,0.068,57.71,50.65
"2024-05-27 08:30:00",1233,11.46,402,0,0.286,1.39,2.08,0.123,0.184,0.106,0.13,62.36,51.2
"2024-05-27 09:00:00",1234,11.46,402,0,0.525,2.33,4.08,0.206,0.361,0.195,0.29,61.92,54.71
"2024-05-27 09:30:00",1235,11.46,402,0,0.73,3.26,5.65,0.288,0.5,0.278,0.411,62.61,55.56
"2024-05-27 10:00:00",1236,11.46,402,0,0.872,3.95,6.68,0.35,0.591,0.33,0.484,59.47,55.03
"2024-05-27 10:30:00",1237,11.46,402,0,0.473,2.17,3.59,0.192,0.318,0.166,0.231,54.59,51.62
"2024-05-27 11:00:00",1238,11.46,402,0,0.938,3.99,7.49,0.353,0.663,0.334,0.552,59.58,54.16
"2024-05-27 11:30:00",1239,11.45,402,0,0.611,2.88,4.56,0.255,0.404,0.211,0.289,52.88,49.35
"2024-05-27 12:00:00",1240,11.45,402,0,0.105,0.35,0.95,0.031,0.084,0.023,0.045,55.25,47.63
"2024-05-27 12:30:00",1241,11.45,402,0,0.031,0,0.4,0,0.036,-0.007,0.011,56.64,48.6
"2024-05-27 13:00:00",1242,11.45,402,0,0.026,0.04,0.29,0.004,0.026,-0.007,-0.008,53.04,46.39
"2024-05-27 13:30:00",1243,11.44,402,0,-0.009,-0.19,0.09,-0.017,0.008,-0.02,-0.015,55.28,47.24
"2024-05-27 14:00:00",1244,11.44,402,0,0.024,0.24,0.04,0.021,0.004,0.012,-0.018,63.72,48.07
"2024-05-27 14:30:00",1245,11.43,402,0,0.14,0.53,1.19,0.047,0.105,0.044,0.073,64.04,53.45
"2024-05-27 15:00:00",1246,11.42,402,0,0.532,2.07,4.46,0.183,0.395,0.171,0.324,58.93,54.89
"2024-05-27 15:30:00",1247,11.42,402,0,0.868,4.17,6.38,0.369,0.565,-99,0.419,-99,53.5
"2024-05-27 16:00:00",1248,11.42,402,0,0.902,3.84,7.2,0.34,0.637,0.316,0.526,56.02,53.88
"2024-05-27 16:30:00",1249,11.42,402,0,0.93,3.99,7.38,0.353,0.653,0.327,0.524,56.68,52.48
"2024-05-27 17:00:00",1250,11.42,402,0,0.883,3.52,7.32,0.311,0.648,0.306,0.521,57.96,53.77
"2024-05-27 17:30:00",1251,11.42,402,0,0.639,2.74,5.08,0.243,0.45,0.205,0.319,53.78,50
"2024-05-27 18:00:00",1252,11.42,402,0,0.546,2.06,4.65,0.182,0.412,0.176,0.319,59.66,52.76
"2024-05-27 18:30:00",1253,11.41,402,0,0.457,1.71,3.91,0.152,0.346,0.135,0.265,53.15,50.6
"2024-05-27 19:00:00",1254,11.41,402,0,0.459,1.96,3.66,0.173,0.324,0.152,0.221,55.89,48.01
"2024-05-27 19:30:00",1255,11.41,402,0,0.318,1.25,2.65,0.11,0.234,0.093,0.167,55.12,48.32
"2024-05-27 20:00:00",1256,11.4,402,0,0.263,1.06,2.16,0.094,0.191,0.071,0.115,53.16,48.15
"2024-05-27 20:30:00",1257,11.4,402,0,0.091,0.25,0.88,0.022,0.078,0.014,0.031,53.25,46.34
"2024-05-27 21:00:00",1258,11.4,402,0,0.036,-0.03,0.49,-0.004,0.043,-0.014,0.004,53.62,46.15
"2024-05-27 21:30:00",1259,11.39,402,0,0.04,-0.03,0.54,-0.004,0.048,-0.01,0.012,53.23,46.02
"2024-05-27 22:00:00",1260,11.38,402,0,0.028,-0.07,0.44,-0.007,0.039,-0.014,0.012,54.74,45.64
"2024-05-27 22:30:00",1261,11.38,402,0,0.024,-0.03,0.34,-0.003,0.03,-0.01,0,55.33,46.63
"2024-05-27 23:00:00",1262,11.38,402,0,0.006,-0.22,0.33,-0.021,0.029,-0.03,-0.004,55.72,46.76
"2024-05-27 23:30:00",1263,11.37,402,0,0.027,-0.07,0.43,-0.007,0.038,-0.017,0.008,55.63,48.01
"2024-05-28 00:00:00",1264,11.37,402,0,0.024,-0.11,0.43,-0.011,0.038,-0.017,0.004,55.64,47.35
"2024-05-28 00:30:00",1265,11.36,402,0,0.002,-0.2,0.25,-0.018,0.022,-0.024,-0.012,54.61,45.9
"2024-05-28 01:00:00",1266,11.36,402,0,-0.005,-0.24,0.2,-0.022,0.017,-0.034,-0.016,54.83,45.87
"2024-05-28 01:30:00",1267,11.35,402,0,-0.015,-0.27,0.1,-0.025,0.009,-0.034,-0.02,55.13,46.01
"2024-05-28 02:00:00",1268,11.35,402,0,-0.023,-0.31,0.05,-0.028,0.004,-0.034,-0.02,54.98,47.09
"2024-05-28 02:30:00",1269,11.35,402,0,-0.023,-0.31,0.05,-0.028,0.004,-0.037,-0.024,54.59,46.96
"2024-05-28 03:00:00",1270,11.34,402,0,-0.026,-0.35,0.05,-0.032,0.004,-0.037,-0.019,55.09,48.18
"2024-05-28 03:30:00",1271,11.34,402,0,-0.023,-0.31,0.05,-0.028,0.004,-0.034,-0.024,55.92,47.22
"2024-05-28 04:00:00",1272,11.33,402,0,-0.023,-0.31,0.05,-0.028,0.004,-0.037,-0.023,54.54,48.29
"2024-05-28 04:30:00",1273,11.33,402,0,-0.03,-0.39,0.05,-0.035,0.004,-0.037,-0.012,55.77,47.06
"2024-05-28 05:00:00",1274,11.33,402,0,-0.016,-0.31,0.14,-0.028,0.013,-0.037,-0.016,55.63,47.18
"2024-05-28 05:30:00",1275,11.32,402,0,-0.005,-0.23,0.19,-0.021,0.017,-0.027,-0.008,55.07,47.85
"2024-05-28 06:00:00",1276,11.32,402,0,0.058,0.04,0.7,0.003,0.062,-0.007,0.023,57.66,49.36
"2024-05-28 06:30:00",1277,11.32,402,0,0.263,1.04,2.19,0.092,0.194,0.09,0.159,58.96,48.77
"2024-05-28 07:00:00",1278,11.31,402,0,0.327,1.29,2.72,0.115,0.241,0.105,0.193,55.43,50.15
"2024-05-28 07:30:00",1279,11.31,402,0,0.511,2.15,4.1,0.19,0.362,0.175,0.277,56.62,51.86
"2024-05-28 08:00:00",1280,11.3,402,0,0.476,2.07,3.75,0.183,0.332,0.164,0.258,56.44,50.45
"2024-05-28 08:30:00",1281,11.3,402,0,0.674,2.99,5.24,0.265,0.464,0.138,0.347,58.99,51.11
"2024-05-28 09:00:00",1282,11.29,402,0,0.815,3.62,6.33,0.32,0.56,0.296,0.427,56.98,55.09
"2024-05-28 09:30:00",1283,11.29,402,0,0.905,4.05,6.99,0.359,0.619,0.33,0.494,60.1,55.65
"2024-05-28 10:00:00",1284,11.3,402,0,0.958,4.26,7.43,0.377,0.657,0.345,0.52,58.47,55.35
"2024-05-28 10:30:00",1285,11.3,402,0,1.112,5.45,8.06,0.482,0.713,0.425,0.552,59.01,53.18
"2024-05-28 11:00:00",1286,11.28,402,0,1.093,4.91,8.43,0.435,0.746,0.405,0.599,55.68,53.68
"2024-05-28 11:30:00",1287,11.29,402,0,1.122,5.2,8.47,0.461,0.75,0.43,0.595,62.12,53.27
"2024-05-28 12:00:00",1288,11.29,402,0,1.118,5.15,8.48,0.455,0.751,0.409,0.581,58.34,53.33
"2024-05-28 12:30:00",1289,11.28,402,0,1.078,4.9,8.25,0.434,0.73,0.005,0.571,58.37,52.54
"2024-05-28 13:00:00",1290,11.28,402,0,1.051,4.87,7.93,0.431,0.702,0.387,0.539,57.51,53.17
"2024-05-28 13:30:00",1291,11.28,402,0,1.065,4.85,8.13,0.429,0.719,0.387,0.563,58.32,52.49
"2024-05-28 14:00:00",1292,11.27,402,0,0.965,4.3,7.48,0.381,0.662,0.345,0.51,59.77,53.69
"2024-05-28 14:30:00",1293,11.27,402,0,0.926,4.15,7.15,0.368,0.633,-0.096,0.503,62.76,53.91
"2024-05-28 15:00:00",1294,11.26,402,0,0.816,3.52,6.45,0.312,0.571,0.299,0.485,64.83,54.92
"2024-05-28 15:30:00",1295,11.26,402,0,0.837,3.8,6.41,0.336,0.567,-99,0.48,-99,55.2
"2024-05-28 16:00:00",1296,11.26,402,0,0.764,3.23,6.12,0.286,0.541,0.279,0.463,61.88,54.02
"2024-05-28 16:30:00",1297,11.25,402,0,0.707,3.16,5.47,0.28,0.484,-99,0.423,-99,57.86
"2024-05-28 17:00:00",1298,11.24,402,0,0.712,3.38,5.28,0.3,0.467,0.279,0.391,61.55,55.47
"2024-05-28 17:30:00",1299,11.24,402,0,0.614,2.55,4.97,0.226,0.44,0.219,0.366,58.23,54.7
"2024-05-28 18:00:00",1300,11.23,402,0,0.645,2.95,4.91,0.261,0.434,0.239,0.344,59.19,52.96
"2024-05-28 18:30:00",1301,11.23,402,0,0.612,2.91,4.54,0.257,0.402,0.222,0.307,54.95,50.61
"2024-05-28 19:00:00",1302,11.22,402,0,0.497,1.85,4.27,0.164,0.378,0.149,0.28,57.62,57.52
"2024-05-28 19:30:00",1303,11.22,402,0,0.451,1.85,3.68,0.164,0.325,0.134,0.198,51.19,45.77
"2024-05-28 20:00:00",1304,11.22,402,0,0.238,0.88,2.05,0.078,0.181,-0.324,0.091,50.52,44.69
"2024-05-28 20:30:00",1305,11.2,402,0,0.113,0.28,1.13,0.024,0.1,-0.214,0.038,50.39,44.15
"2024-05-28 21:00:00",1306,11.2,402,0,0.059,0.09,0.65,0.008,0.058,-0.004,0.017,53.61,44.76
"2024-05-28 21:30:00",1307,11.2,402,0,0.05,0.04,0.59,0.004,0.052,-0.007,0.008,54.02,46.29
"2024-05-28 22:00:00",1308,11.19,402,0,0.035,-0.03,0.48,-0.004,0.042,-0.014,0,54.73,46.29
"2024-05-28 22:30:00",1309,11.18,402,0,0.015,-0.16,0.37,-0.015,0.033,-0.022,-0.004,53.24,46.02
"2024-05-28 23:00:00",1310,11.17,402,0,0.011,-0.21,0.38,-0.02,0.033,-0.026,0,52.35,44.88
"2024-05-28 23:30:00",1311,11.16,402,0,-0.001,-0.16,0.16,-0.015,0.014,-0.021,-0.013,54.25,44.73
"2024-05-29 00:00:00",1312,11.16,402,0,0.006,-0.16,0.26,-0.015,0.023,-0.025,-0.012,54.51,46.63
"2024-05-29 00:30:00",1313,11.15,402,0,-0.024,-0.47,0.21,-0.042,0.018,-0.047,-0.017,52.43,45.36
"2024-05-29 01:00:00",1314,11.14,402,0,-0.016,-0.33,0.16,-0.03,0.014,-0.028,-0.012,54.2,47.13
"2024-05-29 01:30:00",1315,11.14,402,0,-0.012,-0.24,0.1,-0.022,0.009,-0.073,-0.025,52,45.49
"2024-05-29 02:00:00",1316,11.14,402,0,0.01,-0.21,0.36,-0.019,0.032,-0.026,0,54.93,47.04
"2024-05-29 02:30:00",1317,11.13,402,0,-0.001,-0.25,0.26,-0.023,0.023,-0.033,-0.008,54.78,46.08
"2024-05-29 03:00:00",1318,11.12,402,0,-0.01,-0.26,0.16,-0.024,0.014,-0.055,-0.013,54.67,49.49
"2024-05-29 03:30:00",1319,11.12,402,0,-0.013,-0.25,0.11,-0.023,0.009,-0.025,-0.017,55,46.85
"2024-05-29 04:00:00",1320,11.11,402,0,-0.013,-0.25,0.11,-0.023,0.009,-0.029,-0.017,54.41,47.08
"2024-05-29 04:30:00",1321,11.1,402,0,-0.013,-0.25,0.11,-0.023,0.009,-0.029,-0.017,54.66,47.18
"2024-05-29 05:00:00",1322,11.08,402,0,-0.009,-0.25,0.16,-0.023,0.014,-0.026,-0.017,55.36,46.5
"2024-05-29 05:30:00",1323,11.07,402,0,-0.021,-0.29,0.05,-0.027,0.005,-0.037,-0.017,54.55,47.23
"2024-05-29 06:00:00",1324,11.06,402,0,-0.012,-0.29,0.16,-0.027,0.014,-0.036,-0.017,55.02,46.72
"2024-05-29 06:30:00",1325,11.06,402,0,0.051,0,0.65,0,0.058,-0.003,0.029,57.62,48.91
"2024-05-29 07:00:00",1326,11.06,402,0,0.164,0.53,1.5,0.047,0.132,0.035,0.086,56.66,50.82
"2024-05-29 07:30:00",1327,11.05,402,0,0.247,0.95,2.09,0.084,0.185,0.074,0.13,56.75,48.71
"2024-05-29 08:00:00",1328,11.04,402,0,0.301,1.18,2.51,0.105,0.222,0.09,0.163,56.89,51.05
"2024-05-29 08:30:00",1329,11.04,402,0,0.438,1.86,3.5,0.165,0.309,0.142,0.222,58.89,50.59
"2024-05-29 09:00:00",1330,11.02,402,0,0.589,2.31,4.92,0.205,0.435,0.202,0.352,62.38,55.47
"2024-05-29 09:30:00",1331,11.01,402,0,0.75,3.39,5.76,0.3,0.51,0.287,0.419,66.43,56.1
"2024-05-29 10:00:00",1332,11.01,402,0,0.863,3.92,6.61,0.347,0.585,0.333,0.481,64.59,55.64
"2024-05-29 10:30:00",1333,11,402,0,0.909,4.21,6.87,0.372,0.608,0.345,0.484,60.99,55.16
"2024-05-29 11:00:00",1334,10.99,402,0,0.941,4.46,6.99,0.394,0.619,0.37,0.497,63.17,54.07
"2024-05-29 11:30:00",1335,10.98,402,0,0.909,4.22,6.85,0.374,0.606,0.341,0.474,59.01,53.34
"2024-05-29 12:00:00",1336,10.96,402,0,0.925,4.22,7.06,0.374,0.625,0.35,0.502,58.43,52.6
"2024-05-29 12:30:00",1337,10.96,402,0,0.956,4.36,7.3,0.386,0.646,0.347,0.506,57.3,53.52
"2024-05-29 13:00:00",1338,10.95,402,0,0.926,4.24,7.05,0.375,0.624,0.332,0.482,61.48,52.37
"2024-05-29 13:30:00",1339,10.94,402,0,0.899,3.87,7.12,0.343,0.63,-0.051,0.48,58.41,54.21
"2024-05-29 14:00:00",1340,10.92,402,0,0.928,4.04,7.3,0.358,0.646,0.331,0.502,57.59,54.48
"2024-05-29 14:30:00",1341,10.9,402,0,0.939,4.28,7.17,0.379,0.635,0.359,0.505,63.97,54.06
"2024-05-29 15:00:00",1342,10.89,402,0,0.854,3.88,6.54,0.343,0.579,-99,0.481,-99,58.51
"2024-05-29 15:30:00",1343,10.87,402,0,0.857,3.93,6.51,0.348,0.576,-99,0.503,-99,57.46
"2024-05-29 16:00:00",1344,10.83,402,0,0.706,2.71,5.97,0.24,0.528,0.214,0.436,51.45,54.36
"2024-05-29 16:30:00",1345,10.83,402,0,0.749,3.18,5.98,0.282,0.529,0.278,0.458,62.18,56.76
"2024-05-29 17:00:00",1346,10.8,402,0,0.529,2.25,4.22,0.199,0.374,0.166,0.262,54.6,49.18
"2024-05-29 17:30:00",1347,10.77,402,0,0.532,2.59,3.88,0.229,0.344,0.206,0.251,58.03,51.53
"2024-05-29 18:00:00",1348,10.74,402,0,0.284,1.06,2.43,0.094,0.215,0.052,0.109,46.91,44.2
"2024-05-29 18:30:00",1349,10.67,402,0,0.09,-0.09,1.26,-0.009,0.112,0.006,0.018,44.57,42.01
"2024-05-29 19:00:00",1350,10.64,402,0,0.094,0.6,0.52,0.053,0.046,0.011,-0.033,48.93,41.3
"2024-05-29 19:30:00",1351,10.56,402,0,0.099,0.41,0.8,0.036,0.071,0.022,0.011,59.13,46.48
"2024-05-29 20:00:00",1352,10.38,402,0,-0.007,-0.29,0.23,-0.026,0.02,-0.03,-0.012,54.16,45.04
"2024-05-29 20:30:00",1353,10.26,402,0,-0.014,-0.31,0.16,-0.029,0.014,-0.033,-0.025,53.86,44.73
"2024-05-29 21:00:00",1354,10.14,402,0,-0.015,-0.25,0.08,-0.023,0.007,-0.033,-0.02,54.1,46.21
