"TOA5","CR300Series_503","CR300","27025","CR300-RF407.Std.10.03","CPU:CR300_sapflow.CR300","8254","Table1"
"TIMESTAMP","RECORD","BattV_Min","id","SDI0","SapFlwTot0","VhOuter0","VhInner0","AlphaOut0","AlphaIn0","BetaOut0","BetaIn0","tMaxTout0","tMaxTin0"
"TS","RN","Volts","","","literPerHour","heatVelocity","heatVelocity","logTRatio","logTRatio","logTRatio","logTRatio","second","second"
"","","Min","Smp","Smp","Smp","Smp","Smp","Smp","Smp","Smp","Smp","Smp","Smp"
"2024-07-19 16:30:00",9292,12.9,503,0,0.711,7.61,12.48,0.673,1.104,0.595,0.654,54.31,41.09
"2024-07-19 17:00:00",9293,12.88,503,0,0.667,7.09,11.77,0.627,1.041,0.557,0.609,54.33,42.44
"2024-07-19 17:30:00",9294,12.88,503,0,0.589,6.08,10.66,0.538,0.944,0.497,0.573,56.49,42.43
"2024-07-19 18:00:00",9295,12.86,503,0,0.535,5.62,9.53,0.497,0.843,0.433,0.486,55.45,43.31
"2024-07-19 18:30:00",9296,12.87,503,0,0.466,4.79,8.46,0.424,0.749,0.367,0.418,56.1,42.28
"2024-07-19 19:00:00",9297,12.79,503,0,0.388,3.89,7.16,0.344,0.634,0.299,0.356,56.27,42.86
"2024-07-19 19:30:00",9298,12.75,503,0,0.287,2.75,5.46,0.244,0.483,0.208,0.259,55.75,41.51
"2024-07-19 20:00:00",9299,12.81,503,0,0.179,1.55,3.62,0.137,0.32,0.116,0.155,54.03,40.62
"2024-07-19 20:30:00",9300,12.85,503,0,0.097,0.63,2.24,0.055,0.198,0.043,0.076,53.65,39.55
"2024-07-19 21:00:00",9301,12.66,503,0,0.061,0.26,1.59,0.023,0.141,0.017,0.045,53.44,38.21
"2024-07-19 21:30:00",9302,12.59,503,0,0.039,0.03,1.21,0.003,0.107,-0.007,0.022,53.81,38.47
"2024-07-19 22:00:00",9303,12.59,503,0,0.028,-0.1,1.04,-0.01,0.092,-0.017,0.012,54.02,38.11
"2024-07-19 22:30:00",9304,12.63,503,0,0.02,-0.16,0.86,-0.015,0.076,-0.019,0,53.73,38.66
"2024-07-19 23:00:00",9305,12.57,503,0,0.014,-0.25,0.77,-0.023,0.068,-0.029,-0.005,53.26,38.33
"2024-07-19 23:30:00",9306,12.57,503,0,0.008,-0.3,0.66,-0.028,0.059,-0.031,-0.01,53.07,37.98
"2024-07-20 00:00:00",9307,12.54,503,0,0.006,-0.33,0.62,-0.03,0.055,-0.036,-0.01,54.9,37.57
"2024-07-20 00:30:00",9308,12.61,503,0,0,-0.42,0.55,-0.038,0.049,-0.038,-0.018,54.28,37.93
"2024-07-20 01:00:00",9309,12.83,503,0,0,-0.39,0.52,-0.035,0.046,-0.039,-0.02,53.24,37.73
"2024-07-20 01:30:00",9310,12.8,503,0,-0.004,-0.44,0.42,-0.04,0.037,-0.041,-0.023,54.62,37.43
"2024-07-20 02:00:00",9311,12.63,503,0,-0.009,-0.5,0.35,-0.045,0.031,-0.045,-0.027,53.04,37.52
"2024-07-20 02:30:00",9312,12.64,503,0,-0.009,-0.5,0.35,-0.045,0.031,-0.048,-0.027,53.66,37.73
"2024-07-20 03:00:00",9313,12.68,503,0,-0.008,-0.47,0.34,-0.042,0.03,-0.045,-0.025,54.27,38.34
"2024-07-20 03:30:00",9314,12.66,503,0,-0.007,-0.45,0.35,-0.04,0.031,-0.041,-0.028,54.06,37.88
"2024-07-20 04:00:00",9315,12.58,503,0,-0.007,-0.48,0.38,-0.043,0.034,-0.043,-0.025,54.4,37.79
"2024-07-20 04:30:00",9316,12.59,503,0,-0.005,-0.44,0.38,-0.04,0.034,-0.041,-0.023,53.29,38.19
"2024-07-20 05:00:00",9317,12.57,503,0,-0.005,-0.47,0.42,-0.043,0.037,-0.046,-0.028,54.75,37.57
"2024-07-20 05:30:00",9318,12.6,503,0,-0.006,-0.44,0.35,-0.04,0.031,-0.041,-0.03,53.49,37.56
"2024-07-20 06:00:00",9319,12.75,503,0,-0.008,-0.47,0.35,-0.043,0.031,-0.043,-0.025,53.87,37.94
"2024-07-20 06:30:00",9320,12.75,503,0,-0.001,-0.41,0.48,-0.037,0.043,-0.038,-0.02,54.56,37.8
"2024-07-20 07:00:00",9321,12.74,503,0,0.015,-0.22,0.76,-0.02,0.067,-0.026,-0.005,54.02,39.08
"2024-07-20 07:30:00",9322,12.73,503,0,0.035,0,1.13,0,0.1,-0.007,0.02,54.22,39.54
"2024-07-20 08:00:00",9323,12.71,503,0,0.07,0.39,1.7,0.035,0.151,0.024,0.052,54.83,39.32
"2024-07-20 08:30:00",9324,12.75,503,0,0.192,1.64,3.94,0.145,0.349,0.126,0.175,56.61,40.7
"2024-07-20 09:00:00",9325,12.7,503,0,0.368,3.6,6.93,0.319,0.613,0.284,0.345,57.63,42.81
"2024-07-20 09:30:00",9326,12.74,503,0,0.553,5.67,10.06,0.502,0.89,0.449,0.527,55.35,42.78
"2024-07-20 10:00:00",9327,12.75,503,0,0.619,6.46,11.1,0.572,0.983,0.516,0.587,55.14,42.16
"2024-07-20 10:30:00",9328,12.76,503,0,0.629,6.64,11.17,0.587,0.989,0.526,0.594,54.79,41.81
"2024-07-20 11:00:00",9329,12.76,503,0,0.622,6.59,11.02,0.583,0.976,0.52,0.584,56.11,42.72
"2024-07-20 11:30:00",9330,12.78,503,0,0.672,7.12,11.91,0.63,1.054,0.564,0.622,54.72,42.57
"2024-07-20 12:00:00",9331,12.76,503,0,0.743,7.87,13.15,0.697,1.164,0.633,0.707,52.97,40.57
"2024-07-20 12:30:00",9332,12.77,503,0,0.838,9.07,14.6,0.803,1.292,0.726,0.797,51.12,39.8
"2024-07-20 13:00:00",9333,12.79,503,0,0.835,9.03,14.56,0.799,1.289,0.728,0.789,51.04,38.9
"2024-07-20 13:30:00",9334,12.76,503,0,0.821,8.94,14.21,0.792,1.258,0.708,0.758,52.3,39.89
"2024-07-20 14:00:00",9335,12.76,503,0,0.742,8,12.95,0.708,1.147,0.627,0.68,53.53,40.41
"2024-07-20 14:30:00",9336,12.76,503,0,0.715,7.69,12.52,0.68,1.109,0.607,0.653,53.3,41.15
"2024-07-20 15:00:00",9337,12.76,503,0,0.732,7.83,12.86,0.693,1.138,0.619,0.676,52.9,41.16
"2024-07-20 15:30:00",9338,12.75,503,0,0.641,6.8,11.33,0.602,1.003,0.533,0.588,53.68,42.77
"2024-07-20 16:00:00",9339,12.78,503,0,0.535,5.63,9.52,0.498,0.842,0.438,0.492,54.84,42.94
"2024-07-20 16:30:00",9340,12.73,503,0,0.463,4.76,8.39,0.421,0.742,0.368,0.426,55.71,43.81
"2024-07-20 17:00:00",9341,12.75,503,0,0.414,4.19,7.61,0.371,0.673,0.324,0.377,56.6,42.94
"2024-07-20 17:30:00",9342,12.75,503,0,0.34,3.39,6.32,0.3,0.56,0.26,0.313,54.37,42.89
"2024-07-20 18:00:00",9343,12.75,503,0,0.271,2.58,5.18,0.228,0.458,0.195,0.238,55.57,41.75
"2024-07-20 18:30:00",9344,12.74,503,0,0.232,2.15,4.51,0.19,0.399,0.16,0.205,56.14,41.07
"2024-07-20 19:00:00",9345,12.75,503,0,0.141,1.14,2.96,0.101,0.262,0.087,0.121,53.75,40.19
"2024-07-20 19:30:00",9346,12.73,503,0,0.075,0.4,1.86,0.035,0.164,0.026,0.057,54.76,38.86
"2024-07-20 20:00:00",9347,12.72,503,0,0.048,0.11,1.38,0.01,0.122,0,0.032,53.5,39.01
"2024-07-20 20:30:00",9348,12.72,503,0,0.023,-0.16,0.94,-0.015,0.083,-0.022,0.005,53.13,38.9
"2024-07-20 21:00:00",9349,12.71,503,0,0.006,-0.36,0.66,-0.033,0.058,-0.036,-0.01,53.25,37.77
"2024-07-20 21:30:00",9350,12.74,503,0,-0.002,-0.45,0.49,-0.041,0.043,-0.041,-0.02,53.1,38.19
"2024-07-20 22:00:00",9351,12.7,503,0,-0.006,-0.48,0.42,-0.043,0.037,-0.044,-0.023,53.85,37.68
"2024-07-20 22:30:00",9352,12.7,503,0,-0.009,-0.53,0.38,-0.048,0.034,-0.048,-0.028,53.53,37.88
"2024-07-20 23:00:00",9353,12.7,503,0,-0.013,-0.56,0.31,-0.051,0.028,-0.053,-0.028,53.44,37.79
"2024-07-20 23:30:00",9354,12.71,503,0,-0.012,-0.57,0.35,-0.051,0.031,-0.054,-0.028,52.97,38.05
"2024-07-21 00:00:00",9355,12.7,503,0,-0.015,-0.59,0.28,-0.053,0.025,-0.051,-0.033,54.14,37.39
"2024-07-21 00:30:00",9356,12.7,503,0,-0.016,-0.59,0.24,-0.053,0.022,-0.056,-0.033,53.45,38.37
"2024-07-21 01:00:00",9357,12.68,503,0,-0.014,-0.59,0.31,-0.053,0.028,-0.056,-0.03,54.08,37.59
"2024-07-21 01:30:00",9358,12.72,503,0,-0.008,-0.51,0.39,-0.046,0.034,-0.049,-0.028,53.3,37.54
"2024-07-21 02:00:00",9359,12.69,503,0,-0.009,-0.51,0.35,-0.046,0.031,-0.049,-0.028,53.66,38.16
"2024-07-21 02:30:00",9360,12.69,503,0,-0.007,-0.48,0.38,-0.043,0.034,-0.046,-0.025,54.64,38.05
"2024-07-21 03:00:00",9361,12.69,503,0,-0.008,-0.51,0.38,-0.046,0.034,-0.049,-0.023,54.25,37.75
"2024-07-21 03:30:00",9362,12.7,503,0,-0.008,-0.48,0.35,-0.043,0.031,-0.044,-0.028,53.1,38.17
"2024-07-21 04:00:00",9363,12.67,503,0,-0.009,-0.48,0.32,-0.044,0.028,-0.046,-0.03,52.93,37.84
"2024-07-21 04:30:00",9364,12.69,503,0,-0.012,-0.51,0.28,-0.046,0.025,-0.049,-0.035,53.1,37.85
"2024-07-21 05:00:00",9365,12.72,503,0,-0.014,-0.54,0.25,-0.049,0.022,-0.054,-0.033,53.01,37.92
"2024-07-21 05:30:00",9366,12.68,503,0,-0.018,-0.57,0.17,-0.051,0.015,-0.054,-0.038,53.62,38.12
"2024-07-21 06:00:00",9367,12.68,503,0,-0.018,-0.6,0.18,-0.054,0.016,-0.056,-0.038,54.36,38.44
"2024-07-21 06:30:00",9368,12.68,503,0,-0.012,-0.51,0.28,-0.046,0.025,-0.049,-0.033,53.16,38.06
"2024-07-21 07:00:00",9369,12.7,503,0,0.044,0.06,1.33,0.005,0.117,-0.005,0.023,54.68,38.34
"2024-07-21 07:30:00",9370,12.7,503,0,0.196,1.71,3.95,0.151,0.35,0.123,0.171,55.04,40.78
"2024-07-21 08:00:00",9371,12.7,503,0,0.347,3.38,6.54,0.299,0.578,0.256,0.323,55.7,42.95
"2024-07-21 08:30:00",9372,12.73,503,0,0.413,4.1,7.68,0.363,0.68,0.317,0.387,57.63,42.56
"2024-07-21 09:00:00",9373,12.7,503,0,0.547,5.58,9.99,0.494,0.885,0.438,0.521,56.61,42.78
"2024-07-21 09:30:00",9374,12.7,503,0,0.704,7.38,12.57,0.653,1.113,0.583,0.662,54.51,41.67
"2024-07-21 10:00:00",9375,12.7,503,0,0.785,8.33,13.9,0.737,1.231,0.663,0.741,52.88,39.89
"2024-07-21 10:30:00",9376,12.7,503,0,0.802,8.58,14.08,0.759,1.246,0.685,0.755,52.45,40.03
"2024-07-21 11:00:00",9377,12.72,503,0,0.805,8.6,14.17,0.761,1.254,0.687,0.763,52.63,39.91
"2024-07-21 11:30:00",9378,12.74,503,0,0.839,8.98,14.73,0.795,1.304,0.72,0.795,51.96,39.55
"2024-07-21 12:00:00",9379,12.71,503,0,0.858,9.23,15.02,0.817,1.329,0.743,0.811,51.08,38.67
"2024-07-21 12:30:00",9380,12.71,503,0,0.85,9.18,14.81,0.812,1.311,0.731,0.799,51.9,39.75
"2024-07-21 13:00:00",9381,12.71,503,0,0.86,9.27,15.02,0.82,1.329,0.74,0.807,51.68,38.96
"2024-07-21 13:30:00",9382,12.74,503,0,0.852,9.2,14.85,0.814,1.314,0.736,0.801,51.46,39.47
"2024-07-21 14:00:00",9383,12.71,503,0,0.837,9.07,14.57,0.803,1.29,0.73,0.787,51.23,39.09
"2024-07-21 14:30:00",9384,12.71,503,0,0.841,9.08,14.67,0.804,1.298,0.722,0.779,53.45,39.64
"2024-07-21 15:00:00",9385,12.71,503,0,0.794,8.58,13.85,0.76,1.226,0.677,0.733,54.27,40.05
"2024-07-21 15:30:00",9386,12.73,503,0,0.763,8.16,13.41,0.722,1.187,0.653,0.711,52.9,39.67
"2024-07-21 16:00:00",9387,12.73,503,0,0.744,8.02,13.01,0.71,1.151,0.628,0.692,53.79,40.67
"2024-07-21 16:30:00",9388,12.7,503,0,0.699,7.42,12.35,0.657,1.093,0.578,0.646,54.3,41.07
"2024-07-21 17:00:00",9389,12.7,503,0,0.664,7.12,11.66,0.63,1.032,0.549,0.602,54.85,41.72
"2024-07-21 17:30:00",9390,12.7,503,0,0.611,6.51,10.77,0.576,0.953,0.507,0.564,54.92,42.22
"2024-07-21 18:00:00",9391,12.7,503,0,0.555,5.84,9.88,0.517,0.874,0.453,0.509,55.38,43.23
"2024-07-21 18:30:00",9392,12.71,503,0,0.436,4.43,7.98,0.392,0.707,0.341,0.396,56.25,44.52
"2024-07-21 19:00:00",9393,12.67,503,0,0.343,3.41,6.38,0.302,0.565,0.259,0.312,54.97,41.83
"2024-07-21 19:30:00",9394,12.69,503,0,0.249,2.33,4.81,0.207,0.426,0.174,0.224,55.84,41.61
"2024-07-21 20:00:00",9395,12.69,503,0,0.161,1.36,3.31,0.12,0.293,0.098,0.137,54.44,40.88
"2024-07-21 20:30:00",9396,12.72,503,0,0.093,0.61,2.14,0.054,0.189,0.042,0.075,54.76,39.28
"2024-07-21 21:00:00",9397,12.68,503,0,0.054,0.18,1.48,0.016,0.131,0.007,0.036,53.65,38.57
"2024-07-21 21:30:00",9398,12.71,503,0,0.033,-0.02,1.09,-0.003,0.096,-0.01,0.015,53.67,38.59
"2024-07-21 22:00:00",9399,12.68,503,0,0.021,-0.16,0.88,-0.015,0.078,-0.022,0.003,52.91,38.25
"2024-07-21 22:30:00",9400,12.7,503,0,0.012,-0.28,0.74,-0.026,0.066,-0.027,-0.005,53.55,38.62
"2024-07-21 23:00:00",9401,12.68,503,0,0.007,-0.31,0.64,-0.028,0.056,-0.032,-0.013,53.29,37.22
"2024-07-21 23:30:00",9402,12.67,503,0,0.002,-0.4,0.6,-0.036,0.053,-0.037,-0.015,53.72,38.06
"2024-07-22 00:00:00",9403,12.7,503,0,0,-0.4,0.53,-0.036,0.047,-0.037,-0.015,54.46,37.7
"2024-07-22 00:30:00",9404,12.66,503,0,-0.006,-0.46,0.39,-0.041,0.035,-0.042,-0.026,53.77,38.43
"2024-07-22 01:00:00",9405,12.67,503,0,-0.009,-0.49,0.35,-0.044,0.031,-0.047,-0.028,52.68,38.17
"2024-07-22 01:30:00",9406,12.68,503,0,-0.013,-0.54,0.28,-0.049,0.025,-0.052,-0.031,53.57,37.24
"2024-07-22 02:00:00",9407,12.67,503,0,-0.016,-0.57,0.21,-0.052,0.019,-0.052,-0.033,53.91,37.41
"2024-07-22 02:30:00",9408,12.67,503,0,-0.017,-0.58,0.21,-0.052,0.019,-0.054,-0.033,53.74,37.4
"2024-07-22 03:00:00",9409,12.66,503,0,-0.018,-0.6,0.18,-0.054,0.016,-0.059,-0.038,53.28,37.36
"2024-07-22 03:30:00",9410,12.66,503,0,-0.018,-0.58,0.18,-0.052,0.016,-0.055,-0.036,52.66,38.4
"2024-07-22 04:00:00",9411,12.66,503,0,-0.022,-0.63,0.11,-0.057,0.009,-0.056,-0.041,53.99,37.5
"2024-07-22 04:30:00",9412,12.66,503,0,-0.022,-0.63,0.11,-0.057,0.009,-0.057,-0.044,53.48,37.97
"2024-07-22 05:00:00",9413,12.65,503,0,-0.021,-0.63,0.14,-0.057,0.013,-0.059,-0.041,53.34,37.98
"2024-07-22 05:30:00",9414,12.65,503,0,-0.022,-0.63,0.11,-0.057,0.009,-0.057,-0.044,53.89,38.39
"2024-07-22 06:00:00",9415,12.65,503,0,-0.024,-0.67,0.11,-0.06,0.009,-0.062,-0.041,54.11,37.92
"2024-07-22 06:30:00",9416,12.68,503,0,-0.016,-0.57,0.21,-0.051,0.019,-0.049,-0.033,54.61,38.01
"2024-07-22 07:00:00",9417,12.65,503,0,-0.006,-0.45,0.39,-0.041,0.034,-0.044,-0.023,54.33,37.98
"2024-07-22 07:30:00",9418,12.65,503,0,0.001,-0.37,0.53,-0.033,0.047,-0.037,-0.018,54.72,38.12
"2024-07-22 08:00:00",9419,12.65,503,0,0.024,-0.1,0.91,-0.01,0.081,-0.015,0.005,55.07,38.33
"2024-07-22 08:30:00",9420,12.64,503,0,0.122,0.91,2.68,0.08,0.238,0.06,0.106,55.9,40.55
"2024-07-22 09:00:00",9421,12.64,503,0,0.206,1.83,4.11,0.162,0.364,0.138,0.184,55.81,41.31
"2024-07-22 09:30:00",9422,12.64,503,0,0.241,2.23,4.7,0.198,0.416,0.169,0.218,56.38,41.31
"2024-07-22 10:00:00",9423,12.65,503,0,0.308,2.97,5.84,0.263,0.516,0.226,0.283,56.09,42.27
"2024-07-22 10:30:00",9424,12.67,503,0,0.391,3.89,7.25,0.344,0.642,0.304,0.364,56.96,43.15
"2024-07-22 11:00:00",9425,12.64,503,0,0.429,4.36,7.83,0.386,0.693,0.337,0.401,55.81,44.33
"2024-07-22 11:30:00",9426,12.64,503,0,0.404,4.06,7.45,0.36,0.659,0.31,0.372,55.12,42.56
"2024-07-22 12:00:00",9427,12.67,503,0,0.483,4.92,8.81,0.435,0.779,0.383,0.453,57.31,41.44
"2024-07-22 12:30:00",9428,12.65,503,0,0.524,5.39,9.49,0.477,0.84,0.422,0.485,55.15,41.92
"2024-07-22 13:00:00",9429,12.64,503,0,0.486,5.03,8.76,0.445,0.775,0.388,0.444,56.2,42.24
"2024-07-22 13:30:00",9430,12.67,503,0,0.442,4.52,8.06,0.4,0.714,0.347,0.41,54.18,42.86
"2024-07-22 14:00:00",9431,12.65,503,0,0.453,4.63,8.24,0.41,0.73,0.356,0.418,57.21,42.57
"2024-07-22 14:30:00",9432,12.64,503,0,0.423,4.33,7.7,0.383,0.682,0.33,0.386,56.93,42.55
"2024-07-22 15:00:00",9433,12.66,503,0,0.296,2.89,5.57,0.256,0.493,0.22,0.269,55.35,41.53
"2024-07-22 15:30:00",9434,12.63,503,0,0.083,0.55,1.92,0.049,0.17,0.03,0.061,52.63,39.22
"2024-07-22 16:00:00",9435,12.66,503,0,0.005,-0.29,0.54,-0.027,0.048,-0.03,-0.016,52.76,37.94
"2024-07-22 16:30:00",9436,12.63,503,0,-0.015,-0.58,0.25,-0.053,0.022,-0.052,-0.036,52.66,37.84
"2024-07-22 17:00:00",9437,12.63,503,0,-0.025,-0.66,0.04,-0.06,0.003,-0.062,-0.046,53.38,37.88
"2024-07-22 17:30:00",9438,12.65,503,0,-0.024,-0.63,0.04,-0.057,0.003,-0.059,-0.047,52.46,37.38
"2024-07-22 18:00:00",9439,12.62,503,0,-0.028,-0.73,0.04,-0.065,0.003,-0.065,-0.044,53.63,37.71
"2024-07-22 18:30:00",9440,12.62,503,0,-0.026,-0.7,0.07,-0.063,0.006,-0.065,-0.047,53.04,37.13
"2024-07-22 19:00:00",9441,12.62,503,0,-0.014,-0.57,0.29,-0.052,0.025,-0.054,-0.034,53.98,37.65
"2024-07-22 19:30:00",9442,12.61,503,0,-0.022,-0.68,0.18,-0.061,0.016,-0.06,-0.039,53.97,37.64
"2024-07-22 20:00:00",9443,12.61,503,0,-0.03,-0.78,0.04,-0.07,0.003,-0.07,-0.049,53.65,37.32
"2024-07-22 20:30:00",9444,12.61,503,0,-0.034,-0.81,-0.03,-0.073,-0.003,-0.075,-0.055,53.87,38.35
"2024-07-22 21:00:00",9445,12.6,503,0,-0.034,-0.81,-0.03,-0.072,-0.003,-0.079,-0.057,53.62,38.38
"2024-07-22 21:30:00",9446,12.6,503,0,-0.035,-0.81,-0.06,-0.073,-0.006,-0.077,-0.057,53.87,38.37
"2024-07-22 22:00:00",9447,12.63,503,0,-0.034,-0.81,-0.03,-0.073,-0.003,-0.077,-0.054,53.4,37.23
"2024-07-22 22:30:00",9448,12.63,503,0,-0.036,-0.84,-0.06,-0.076,-0.006,-0.08,-0.054,53.44,37.53
"2024-07-22 23:00:00",9449,12.6,503,0,-0.034,-0.78,-0.06,-0.07,-0.006,-0.072,-0.06,53.93,38.01
"2024-07-22 23:30:00",9450,12.6,503,0,-0.034,-0.79,-0.06,-0.071,-0.006,-0.072,-0.055,53.83,38.48
"2024-07-23 00:00:00",9451,12.59,503,0,-0.033,-0.82,0,-0.074,0,-0.078,-0.055,53.92,38.4
"2024-07-23 00:30:00",9452,12.59,503,0,-0.035,-0.82,-0.06,-0.073,-0.006,-0.075,-0.055,53.84,37.5
"2024-07-23 01:00:00",9453,12.59,503,0,-0.037,-0.84,-0.1,-0.076,-0.01,-0.075,-0.06,52.43,38.02
"2024-07-23 01:30:00",9454,12.59,503,0,-0.037,-0.81,-0.13,-0.073,-0.013,-0.077,-0.057,53.41,37.49
"2024-07-23 02:00:00",9455,12.59,503,0,-0.037,-0.84,-0.1,-0.076,-0.01,-0.077,-0.055,53.79,37.86
"2024-07-23 02:30:00",9456,12.59,503,0,-0.033,-0.78,-0.03,-0.07,-0.003,-0.072,-0.057,54.38,37.07
"2024-07-23 03:00:00",9457,12.61,503,0,-0.031,-0.73,-0.06,-0.065,-0.006,-0.07,-0.057,54.53,38.04
"2024-07-23 03:30:00",9458,12.56,503,0,-0.034,-0.76,-0.1,-0.068,-0.009,-0.07,-0.06,54.47,37.73
"2024-07-23 04:00:00",9459,12.6,503,0,-0.033,-0.76,-0.06,-0.068,-0.006,-0.07,-0.057,53.58,38.09
"2024-07-23 04:30:00",9460,12.58,503,0,-0.033,-0.76,-0.06,-0.068,-0.006,-0.067,-0.06,54.78,37.63
"2024-07-23 05:00:00",9461,12.59,503,0,-0.032,-0.76,-0.03,-0.068,-0.003,-0.07,-0.054,54.12,38.05
"2024-07-23 05:30:00",9462,12.58,503,0,-0.033,-0.76,-0.06,-0.068,-0.006,-0.07,-0.057,54.27,37.68
"2024-07-23 06:00:00",9463,12.58,503,0,-0.032,-0.76,-0.03,-0.068,-0.003,-0.072,-0.055,53.65,38.57
"2024-07-23 06:30:00",9464,12.58,503,0,-0.036,-0.82,-0.1,-0.073,-0.01,-0.075,-0.057,53.55,37.22
"2024-07-23 07:00:00",9465,12.58,503,0,-0.034,-0.78,-0.06,-0.07,-0.006,-0.072,-0.057,53.37,37.88
"2024-07-23 07:30:00",9466,12.58,503,0,-0.03,-0.69,-0.06,-0.062,-0.006,-0.064,-0.057,54.7,37.54
"2024-07-23 08:00:00",9467,12.58,503,0,0,-0.37,0.5,-0.034,0.044,-0.042,-0.026,55.72,38.56
"2024-07-23 08:30:00",9468,12.58,503,0,0.062,0.26,1.62,0.023,0.144,0.01,0.041,55.51,38.93
"2024-07-23 09:00:00",9469,12.58,503,0,0.182,1.59,3.69,0.141,0.327,0.112,0.152,54.64,41.39
"2024-07-23 09:30:00",9470,12.58,503,0,0.261,2.45,5.04,0.217,0.446,0.181,0.229,55.95,41.3
"2024-07-23 10:00:00",9471,12.58,503,0,0.485,4.88,8.93,0.432,0.791,0.375,0.448,54.84,43.1
"2024-07-23 10:30:00",9472,12.6,503,0,0.608,6.3,10.97,0.558,0.971,0.49,0.569,55.16,42.17
"2024-07-23 11:00:00",9473,12.57,503,0,0.627,6.55,11.23,0.579,0.994,0.515,0.584,56.64,42.16
"2024-07-23 11:30:00",9474,12.57,503,0,0.718,7.56,12.79,0.669,1.132,0.594,0.67,54.03,41.2
"2024-07-23 12:00:00",9475,12.57,503,0,0.701,7.45,12.37,0.659,1.095,0.578,0.643,54.41,41.69
"2024-07-23 12:30:00",9476,12.6,503,0,0.772,8.22,13.61,0.727,1.205,0.647,0.716,52.63,41.05
"2024-07-23 13:00:00",9477,12.57,503,0,0.794,8.45,14.02,0.748,1.241,0.669,0.736,53.07,40.5
"2024-07-23 13:30:00",9478,12.56,503,0,0.859,9.16,15.13,0.811,1.339,0.731,0.798,51.23,38.67
"2024-07-23 14:00:00",9479,12.57,503,0,0.873,9.41,15.24,0.833,1.348,0.745,0.813,50.73,39
"2024-07-23 14:30:00",9480,12.55,503,0,0.886,9.54,15.5,0.844,1.372,0.767,0.842,50.49,37.94
"2024-07-23 15:00:00",9481,12.54,503,0,0.866,9.38,15.06,0.83,1.333,0.742,0.794,51.26,39.12
"2024-07-23 15:30:00",9482,12.54,503,0,0.855,9.18,14.97,0.812,1.325,0.726,0.786,52.28,39.16
"2024-07-23 16:00:00",9483,12.57,503,0,0.801,8.64,13.98,0.765,1.238,0.674,0.728,53.11,40.14
"2024-07-23 16:30:00",9484,12.54,503,0,0.756,8.09,13.29,0.716,1.177,0.626,0.69,53.48,40.66
"2024-07-23 17:00:00",9485,12.55,503,0,0.763,8.15,13.41,0.721,1.187,0.638,0.703,53.73,40.76
"2024-07-23 17:30:00",9486,12.55,503,0,0.728,7.81,12.76,0.691,1.13,0.61,0.667,54.11,41.13
"2024-07-23 18:00:00",9487,12.55,503,0,0.58,6.09,10.34,0.539,0.915,0.467,0.522,56.04,42.24
"2024-07-23 18:30:00",9488,12.54,503,0,0.417,4.26,7.6,0.377,0.672,0.321,0.374,56.47,42.92
"2024-07-23 19:00:00",9489,12.55,503,0,0.335,3.34,6.21,0.295,0.55,0.25,0.296,56.21,42.39
"2024-07-23 19:30:00",9490,12.53,503,0,0.252,2.36,4.88,0.209,0.432,0.174,0.221,56.2,41.14
"2024-07-23 20:00:00",9491,12.53,503,0,0.18,1.6,3.61,0.142,0.32,0.112,0.153,55.66,40.18
"2024-07-23 20:30:00",9492,12.52,503,0,0.109,0.8,2.4,0.071,0.212,0.05,0.085,54.45,39.13
"2024-07-23 21:00:00",9493,12.55,503,0,0.068,0.33,1.73,0.029,0.153,0.015,0.046,54.31,39.67
"2024-07-23 21:30:00",9494,12.52,503,0,0.054,0.15,1.51,0.013,0.134,0,0.034,53.8,38.74
"2024-07-23 22:00:00",9495,12.51,503,0,0.034,-0.08,1.19,-0.008,0.105,-0.015,0.016,54.16,38.83
"2024-07-23 22:30:00",9496,12.51,503,0,0.038,-0.02,1.23,-0.003,0.109,-0.015,0.016,53.69,37.79
"2024-07-23 23:00:00",9497,12.51,503,0,0.009,-0.32,0.7,-0.03,0.062,-0.036,-0.018,52.88,38.22
"2024-07-23 23:30:00",9498,12.5,503,0,-0.006,-0.53,0.47,-0.048,0.042,-0.053,-0.029,54.53,37.37
"2024-07-24 00:00:00",9499,12.51,503,0,-0.013,-0.56,0.29,-0.05,0.026,-0.056,-0.034,53.59,37.94
"2024-07-24 00:30:00",9500,12.52,503,0,-0.019,-0.65,0.22,-0.059,0.019,-0.063,-0.039,53.28,38.36
"2024-07-24 01:00:00",9501,12.5,503,0,-0.022,-0.68,0.18,-0.061,0.016,-0.063,-0.045,54.75,38.41
"2024-07-24 01:30:00",9502,12.5,503,0,-0.024,-0.74,0.18,-0.066,0.016,-0.068,-0.042,53.01,37.93
"2024-07-24 02:00:00",9503,12.5,503,0,-0.024,-0.71,0.15,-0.064,0.013,-0.066,-0.042,53.73,38.22
"2024-07-24 02:30:00",9504,12.5,503,0,-0.022,-0.68,0.18,-0.061,0.016,-0.066,-0.042,54.22,37.63
"2024-07-24 03:00:00",9505,12.5,503,0,-0.025,-0.71,0.11,-0.064,0.01,-0.066,-0.042,54.93,37.62
"2024-07-24 03:30:00",9506,12.49,503,0,-0.021,-0.65,0.18,-0.058,0.016,-0.061,-0.039,53.74,38.4
"2024-07-24 04:00:00",9507,12.52,503,0,-0.022,-0.65,0.15,-0.059,0.013,-0.061,-0.045,53.11,38.19
"2024-07-24 04:30:00",9508,12.49,503,0,-0.023,-0.65,0.11,-0.059,0.01,-0.064,-0.047,54.41,38.35
"2024-07-24 05:00:00",9509,12.49,503,0,-0.024,-0.71,0.14,-0.064,0.013,-0.063,-0.045,52.86,38.35
"2024-07-24 05:30:00",9510,12.49,503,0,-0.023,-0.68,0.15,-0.061,0.013,-0.064,-0.045,53.71,37.38
"2024-07-24 06:00:00",9511,12.49,503,0,-0.023,-0.65,0.11,-0.059,0.01,-0.066,-0.047,53.44,38.52
"2024-07-24 06:30:00",9512,12.49,503,0,-0.021,-0.65,0.18,-0.058,0.016,-0.063,-0.042,54.28,37.95
"2024-07-24 07:00:00",9513,12.48,503,0,-0.021,-0.62,0.14,-0.055,0.013,-0.061,-0.047,53.83,37.93
"2024-07-24 07:30:00",9514,12.49,503,0,-0.015,-0.54,0.22,-0.048,0.019,-0.056,-0.039,53.22,38.14
"2024-07-24 08:00:00",9515,12.48,503,0,-0.021,-0.63,0.15,-0.056,0.013,-0.062,-0.048,53.36,37.6
"2024-07-24 08:30:00",9516,12.51,503,0,-0.026,-0.69,0.07,-0.062,0.006,-0.064,-0.045,53.63,38.54
"2024-07-24 09:00:00",9517,12.47,503,0,-0.024,-0.65,0.07,-0.058,0.006,-0.063,-0.053,53.29,38.2
"2024-07-24 09:30:00",9518,12.47,503,0,-0.024,-0.66,0.07,-0.059,0.006,-0.067,-0.05,53.39,37.88
"2024-07-24 10:00:00",9519,12.48,503,0,-0.027,-0.66,0,-0.059,0,-0.064,-0.05,54.2,38.69
"2024-07-24 10:30:00",9520,12.47,503,0,-0.03,-0.71,-0.03,-0.064,-0.003,-0.063,-0.055,54.07,38.57
"2024-07-24 11:00:00",9521,12.47,503,0,-0.034,-0.76,-0.1,-0.068,-0.01,-0.071,-0.058,54.64,38.73
"2024-07-24 11:30:00",9522,12.47,503,0,-0.029,-0.71,0,-0.064,0,-0.069,-0.055,54.86,38.11
"2024-07-24 12:00:00",9523,12.5,503,0,-0.025,-0.65,0.04,-0.058,0.003,-0.061,-0.05,54.15,37.4
"2024-07-24 12:30:00",9524,12.5,503,0,-0.016,-0.59,0.25,-0.053,0.022,-0.056,-0.04,53.84,38.08
"2024-07-24 13:00:00",9525,12.46,503,0,0,-0.47,0.58,-0.043,0.051,-0.046,-0.016,53.71,38.88
"2024-07-24 13:30:00",9526,12.49,503,0,0.057,0.15,1.6,0.013,0.142,0.003,0.039,55.83,39.24
"2024-07-24 14:00:00",9527,12.47,503,0,0.138,1.07,2.96,0.095,0.262,0.075,0.111,55.71,41.87
"2024-07-24 14:30:00",9528,12.46,503,0,0.351,3.34,6.71,0.295,0.594,0.259,0.329,56.61,43.35
"2024-07-24 15:00:00",9529,12.5,503,0,0.505,5.12,9.24,0.453,0.818,0.397,0.473,55.54,43.12
"2024-07-24 15:30:00",9530,12.47,503,0,0.48,4.97,8.66,0.44,0.766,0.375,0.438,54.74,43
"2024-07-24 16:00:00",9531,12.5,503,0,0.273,2.64,5.17,0.233,0.458,0.194,0.233,55.88,41.21
"2024-07-24 16:30:00",9532,12.47,503,0,0.061,0.31,1.54,0.027,0.136,0.015,0.037,53.98,38.64
"2024-07-24 17:00:00",9533,12.46,503,0,0.015,-0.17,0.7,-0.016,0.062,-0.026,-0.016,53.94,38.28
"2024-07-24 17:30:00",9534,12.46,503,0,-0.006,-0.41,0.33,-0.038,0.029,-0.044,-0.034,53.61,38.11
"2024-07-24 18:00:00",9535,12.49,503,0,-0.014,-0.54,0.25,-0.048,0.023,-0.054,-0.04,54.19,38.01
"2024-07-24 18:30:00",9536,12.45,503,0,-0.022,-0.63,0.11,-0.056,0.01,-0.056,-0.045,52.96,37.88
"2024-07-24 19:00:00",9537,12.44,503,0,-0.028,-0.69,0,-0.062,0,-0.067,-0.053,53.59,38.1
"2024-07-24 19:30:00",9538,12.46,503,0,-0.033,-0.74,-0.1,-0.067,-0.01,-0.069,-0.058,53.84,37.36
"2024-07-24 20:00:00",9539,12.48,503,0,-0.029,-0.72,0,-0.064,0,-0.067,-0.056,52.61,38.78
"2024-07-24 20:30:00",9540,12.44,503,0,-0.037,-0.86,-0.06,-0.077,-0.007,-0.078,-0.056,52.98,36.91
"2024-07-24 21:00:00",9541,12.45,503,0,-0.036,-0.81,-0.1,-0.073,-0.01,-0.08,-0.061,53.54,37.89
"2024-07-24 21:30:00",9542,12.45,503,0,-0.037,-0.84,-0.1,-0.076,-0.01,-0.075,-0.061,53.92,37.33
"2024-07-24 22:00:00",9543,12.46,503,0,-0.038,-0.81,-0.17,-0.073,-0.016,-0.075,-0.061,53.77,37.28
"2024-07-24 22:30:00",9544,12.44,503,0,-0.037,-0.84,-0.1,-0.076,-0.01,-0.075,-0.058,54.13,37.95
"2024-07-24 23:00:00",9545,12.46,503,0,-0.036,-0.81,-0.1,-0.073,-0.01,-0.075,-0.059,54.2,37.2
"2024-07-24 23:30:00",9546,12.44,503,0,-0.036,-0.79,-0.14,-0.07,-0.013,-0.078,-0.061,54.18,38.27
"2024-07-25 00:00:00",9547,12.44,503,0,-0.038,-0.81,-0.17,-0.073,-0.016,-0.075,-0.064,53.85,38.1
"2024-07-25 00:30:00",9548,12.43,503,0,-0.035,-0.76,-0.14,-0.068,-0.013,-0.073,-0.064,52.9,37.98
"2024-07-25 01:00:00",9549,12.43,503,0,-0.038,-0.82,-0.14,-0.073,-0.013,-0.075,-0.064,53.29,38.05
"2024-07-25 01:30:00",9550,12.43,503,0,-0.034,-0.78,-0.06,-0.07,-0.007,-0.072,-0.059,54.18,38.27
"2024-07-25 02:00:00",9551,12.43,503,0,-0.035,-0.79,-0.1,-0.07,-0.01,-0.07,-0.056,53.86,37.68
"2024-07-25 02:30:00",9552,12.43,503,0,-0.035,-0.79,-0.1,-0.07,-0.01,-0.07,-0.062,53.1,38.01
"2024-07-25 03:00:00",9553,12.45,503,0,-0.036,-0.79,-0.14,-0.07,-0.013,-0.067,-0.061,52.98,37.75
"2024-07-25 03:30:00",9554,12.44,503,0,-0.034,-0.75,-0.1,-0.068,-0.01,-0.07,-0.061,54.11,37.94
"2024-07-25 04:00:00",9555,12.45,503,0,-0.034,-0.75,-0.1,-0.068,-0.01,-0.072,-0.059,53.6,38.36
"2024-07-25 04:30:00",9556,12.46,503,0,-0.036,-0.82,-0.1,-0.073,-0.01,-0.073,-0.061,54.49,37.33
"2024-07-25 05:00:00",9557,12.46,503,0,-0.034,-0.75,-0.1,-0.068,-0.01,-0.07,-0.061,54.31,38.4
"2024-07-25 05:30:00",9558,12.46,503,0,-0.036,-0.79,-0.14,-0.071,-0.013,-0.073,-0.062,52.82,37.74
"2024-07-25 06:00:00",9559,12.47,503,0,-0.037,-0.79,-0.17,-0.07,-0.016,-0.073,-0.059,54.4,37.41
"2024-07-25 06:30:00",9560,12.47,503,0,-0.036,-0.79,-0.14,-0.07,-0.013,-0.075,-0.059,54.65,38.75
"2024-07-25 07:00:00",9561,12.45,503,0,-0.036,-0.76,-0.17,-0.068,-0.016,-0.073,-0.061,54.4,37.92
"2024-07-25 07:30:00",9562,12.45,503,0,-0.036,-0.75,-0.17,-0.067,-0.016,-0.072,-0.059,54,37.68
"2024-07-25 08:00:00",9563,12.45,503,0,-0.035,-0.75,-0.14,-0.068,-0.013,-0.07,-0.062,53.76,39.09
"2024-07-25 08:30:00",9564,12.44,503,0,-0.034,-0.78,-0.06,-0.07,-0.007,-0.07,-0.059,54.02,38.11
"2024-07-25 09:00:00",9565,12.43,503,0,-0.031,-0.72,-0.06,-0.065,-0.007,-0.07,-0.056,54.79,38.46
"2024-07-25 09:30:00",9566,12.46,503,0,-0.023,-0.66,0.11,-0.059,0.01,-0.062,-0.045,54.25,38.6
"2024-07-25 10:00:00",9567,12.44,503,0,-0.008,-0.51,0.4,-0.046,0.035,-0.052,-0.029,54.51,38.86
"2024-07-25 10:30:00",9568,12.45,503,0,0.036,0,1.16,0,0.103,-0.01,0.016,54.23,39.58
"2024-07-25 11:00:00",9569,12.47,503,0,0.092,0.58,2.15,0.051,0.191,0.031,0.071,55.89,39.83
"2024-07-25 11:30:00",9570,12.45,503,0,0.167,1.4,3.44,0.124,0.305,0.098,0.144,55.04,40.81
"2024-07-25 12:00:00",9571,12.44,503,0,0.195,1.75,3.89,0.155,0.344,0.124,0.167,55.33,41.25
"2024-07-25 12:30:00",9572,12.43,503,0,0.202,1.91,3.88,0.169,0.344,0.127,0.162,53.12,40.8
"2024-07-25 13:00:00",9573,12.49,503,0,0.055,0.28,1.37,0.025,0.122,0.008,0.019,55.8,39.22
"2024-07-25 13:30:00",9574,12.49,503,0,0.019,-0.11,0.75,-0.011,0.066,-0.021,-0.013,54.57,38.67
"2024-07-25 14:00:00",9575,12.48,503,0,0.009,-0.26,0.62,-0.024,0.055,-0.031,-0.016,55.17,38.28
"2024-07-25 14:30:00",9576,12.47,503,0,0.032,0.03,0.99,0.003,0.088,-0.013,0.005,55.45,38.87
"2024-07-25 15:00:00",9577,12.48,503,0,0.125,0.91,2.77,0.08,0.245,0.062,0.103,54.64,40.82
"2024-07-25 15:30:00",9578,12.47,503,0,0.225,2.01,4.49,0.178,0.397,0.146,0.2,54.61,41.79
"2024-07-25 16:00:00",9579,12.48,503,0,0.065,0.37,1.58,0.033,0.14,0.016,0.035,55.73,39.27
"2024-07-25 16:30:00",9580,12.47,503,0,0.009,-0.2,0.56,-0.019,0.05,-0.031,-0.022,54.31,38.4
"2024-07-25 17:00:00",9581,12.47,503,0,-0.002,-0.39,0.44,-0.036,0.039,-0.042,-0.027,54.25,38.76
"2024-07-25 17:30:00",9582,12.47,503,0,-0.01,-0.52,0.33,-0.047,0.03,-0.052,-0.035,53.63,37.98
"2024-07-25 18:00:00",9583,12.46,503,0,-0.016,-0.58,0.22,-0.052,0.02,-0.058,-0.04,54.06,38.58
"2024-07-25 18:30:00",9584,12.47,503,0,0.001,-0.39,0.55,-0.036,0.049,-0.042,-0.019,53.85,38.77
"2024-07-25 19:00:00",9585,12.46,503,0,-0.004,-0.46,0.45,-0.041,0.039,-0.045,-0.027,53.43,38.92
"2024-07-25 19:30:00",9586,12.45,503,0,-0.002,-0.39,0.41,-0.036,0.036,-0.042,-0.03,53.68,38.61
"2024-07-25 20:00:00",9587,12.46,503,0,0,-0.37,0.48,-0.033,0.043,-0.045,-0.027,54.46,37.98
"2024-07-25 20:30:00",9588,12.46,503,0,-0.005,-0.43,0.37,-0.039,0.033,-0.048,-0.035,53.85,37.53
"2024-07-25 21:00:00",9589,12.46,503,0,-0.018,-0.59,0.19,-0.053,0.017,-0.061,-0.041,53.26,38.17
"2024-07-25 21:30:00",9590,12.44,503,0,-0.014,-0.56,0.26,-0.05,0.023,-0.058,-0.038,53.63,38.28
"2024-07-25 22:00:00",9591,12.45,503,0,-0.019,-0.59,0.15,-0.053,0.013,-0.061,-0.046,52.46,37.63
"2024-07-25 22:30:00",9592,12.44,503,0,-0.024,-0.65,0.07,-0.058,0.007,-0.063,-0.049,53.39,37.89
"2024-07-25 23:00:00",9593,12.45,503,0,-0.026,-0.65,0,-0.058,0,-0.066,-0.051,53.14,38.06
"2024-07-25 23:30:00",9594,12.45,503,0,-0.026,-0.65,0,-0.058,0,-0.064,-0.054,52.96,37.73
"2024-07-26 00:00:00",9595,12.45,503,0,-0.025,-0.62,0,-0.056,0,-0.064,-0.057,53.07,38.15
"2024-07-26 00:30:00",9596,12.45,503,0,-0.03,-0.72,-0.03,-0.065,-0.003,-0.07,-0.06,52.98,37.07
"2024-07-26 01:00:00",9597,12.44,503,0,-0.032,-0.72,-0.1,-0.064,-0.01,-0.066,-0.06,53.4,37.22
"2024-07-26 01:30:00",9598,12.44,503,0,-0.029,-0.65,-0.1,-0.059,-0.01,-0.064,-0.06,53.99,37.08
"2024-07-26 02:00:00",9599,12.44,503,0,-0.029,-0.65,-0.1,-0.058,-0.01,-0.066,-0.06,53.85,37.93
"2024-07-26 02:30:00",9600,12.44,503,0,-0.031,-0.72,-0.07,-0.065,-0.007,-0.069,-0.06,53.94,36.92
"2024-07-26 03:00:00",9601,12.44,503,0,-0.029,-0.62,-0.14,-0.056,-0.013,-0.064,-0.063,53.79,37.45
"2024-07-26 03:30:00",9602,12.43,503,0,-0.032,-0.69,-0.14,-0.062,-0.013,-0.064,-0.063,53.48,37.56
"2024-07-26 04:00:00",9603,12.43,503,0,-0.016,-0.53,0.15,-0.048,0.013,-0.056,-0.044,54.58,38.08
"2024-07-26 04:30:00",9604,12.42,503,0,-0.004,-0.41,0.38,-0.038,0.034,-0.044,-0.036,53.1,37.16
"2024-07-26 05:00:00",9605,12.43,503,0,0.009,-0.25,0.61,-0.023,0.054,-0.032,-0.025,54.43,38.07
"2024-07-26 05:30:00",9606,12.42,503,0,0.022,-0.09,0.81,-0.009,0.072,-0.022,-0.011,53.6,38.49
"2024-07-26 06:00:00",9607,12.42,503,0,0.041,0.16,1.08,0.014,0.096,-0.003,0,54.59,38.23
"2024-07-26 06:30:00",9608,12.42,503,0,0.095,0.69,2.09,0.061,0.185,0.042,0.057,54.73,38.79
"2024-07-26 07:00:00",9609,12.42,503,0,0.214,1.94,4.24,0.172,0.375,0.14,0.176,55.94,40.67
"2024-07-26 07:30:00",9610,12.41,503,0,0.394,3.91,7.34,0.346,0.65,0.301,0.35,57.34,42.81
"2024-07-26 08:00:00",9611,12.41,503,0,0.527,5.46,9.5,0.483,0.84,0.415,0.478,55.01,42.56
"2024-07-26 08:30:00",9612,12.41,503,0,0.656,6.84,11.75,0.605,1.04,0.538,0.609,55.55,41.28
"2024-07-26 09:00:00",9613,12.41,503,0,0.734,7.72,13.07,0.683,1.157,0.613,0.686,53.82,41.49
"2024-07-26 09:30:00",9614,12.41,503,0,0.82,8.76,14.44,0.775,1.278,0.688,0.756,52.25,40.33
"2024-07-26 10:00:00",9615,12.41,503,0,0.81,8.6,14.33,0.762,1.269,0.688,0.761,52.22,39.88
"2024-07-26 10:30:00",9616,12.41,503,0,0.807,8.69,14.12,0.769,1.25,0.684,0.753,52.43,39.42
"2024-07-26 11:00:00",9617,12.41,503,0,0.838,8.92,14.79,0.79,1.309,0.711,0.788,51.56,39.12
"2024-07-26 11:30:00",9618,12.41,503,0,0.862,9.28,15.06,0.821,1.333,0.758,0.828,51.31,38.47
"2024-07-26 12:00:00",9619,12.41,503,0,0.877,9.47,15.29,0.838,1.353,0.754,0.819,50.22,38.46
"2024-07-26 12:30:00",9620,12.41,503,0,0.912,9.91,15.83,0.877,1.401,0.801,0.861,49.32,37.84
"2024-07-26 13:00:00",9621,12.41,503,0,0.911,9.9,15.81,0.877,1.399,0.785,0.836,50.38,38.21
"2024-07-26 13:30:00",9622,12.41,503,0,0.891,9.57,15.62,0.847,1.382,0.773,0.848,50.15,37.99
"2024-07-26 14:00:00",9623,12.4,503,0,0.875,9.44,15.27,0.836,1.351,0.764,0.834,50.59,38.26
"2024-07-26 14:30:00",9624,12.4,503,0,0.884,9.46,15.52,0.837,1.374,0.777,0.85,49.82,37.5
"2024-07-26 15:00:00",9625,12.41,503,0,0.867,9.33,15.15,0.826,1.341,0.75,0.811,51.49,38.76
"2024-07-26 15:30:00",9626,12.4,503,0,0.86,9.25,15.04,0.819,1.331,0.747,0.808,51.49,38.91
"2024-07-26 16:00:00",9627,12.41,503,0,0.806,8.72,14.04,0.772,1.242,0.686,0.739,52.49,40.07
"2024-07-26 16:30:00",9628,12.4,503,0,0.807,8.69,14.11,0.769,1.249,0.68,0.736,52.45,40.14
"2024-07-26 17:00:00",9629,12.4,503,0,0.69,7.32,12.22,0.648,1.082,0.57,0.627,54.31,41.47
"2024-07-26 17:30:00",9630,12.39,503,0,0.641,6.75,11.4,0.597,1.009,0.521,0.586,54.45,42.13
"2024-07-26 18:00:00",9631,12.39,503,0,0.549,5.74,9.81,0.508,0.869,0.435,0.487,55.74,42.75
"2024-07-26 18:30:00",9632,12.39,503,0,0.474,4.84,8.63,0.428,0.764,0.366,0.427,57.06,42.82
"2024-07-26 19:00:00",9633,12.4,503,0,0.388,3.89,7.18,0.344,0.636,0.294,0.351,55.81,42.81
"2024-07-26 19:30:00",9634,12.39,503,0,0.265,2.51,5.08,0.222,0.449,0.184,0.225,55.64,40.97
"2024-07-26 20:00:00",9635,12.39,503,0,0.189,1.7,3.76,0.15,0.332,0.118,0.155,54.82,40.14
"2024-07-26 20:30:00",9636,12.38,503,0,0.127,0.98,2.73,0.087,0.242,0.064,0.094,54.91,40.38
"2024-07-26 21:00:00",9637,12.39,503,0,0.077,0.41,1.89,0.036,0.168,0.019,0.049,54.89,39.64
"2024-07-26 21:30:00",9638,12.38,503,0,0.057,0.25,1.48,0.022,0.131,0.005,0.027,54.42,39.31
"2024-07-26 22:00:00",9639,12.37,503,0,0.043,0.06,1.29,0.006,0.114,-0.005,0.014,54.27,37.93
"2024-07-26 22:30:00",9640,12.37,503,0,0.033,-0.05,1.13,-0.006,0.1,-0.016,0.011,53.7,38.44
"2024-07-26 23:00:00",9641,12.37,503,0,0.033,-0.05,1.11,-0.006,0.098,-0.019,0.003,53.3,39.18
"2024-07-26 23:30:00",9642,12.37,503,0,0.03,-0.05,1.02,-0.006,0.09,-0.016,0,53.91,39.23
"2024-07-27 00:00:00",9643,12.37,503,0,0.027,-0.09,0.99,-0.008,0.087,-0.016,0,54.89,38.79
"2024-07-27 00:30:00",9644,12.37,503,0,0.021,-0.18,0.9,-0.017,0.08,-0.027,-0.003,54.33,38.96
"2024-07-27 01:00:00",9645,12.36,503,0,0.018,-0.21,0.84,-0.02,0.074,-0.024,-0.008,54.51,38.56
"2024-07-27 01:30:00",9646,12.36,503,0,0.015,-0.24,0.8,-0.022,0.071,-0.029,-0.014,54.07,38.13
"2024-07-27 02:00:00",9647,12.36,503,0,0.011,-0.28,0.73,-0.026,0.064,-0.035,-0.017,53.72,38.03
"2024-07-27 02:30:00",9648,12.36,503,0,0.014,-0.21,0.72,-0.02,0.064,-0.032,-0.014,53.72,38.87
"2024-07-27 03:00:00",9649,12.36,503,0,0.01,-0.28,0.68,-0.025,0.061,-0.038,-0.014,54.88,38.09
"2024-07-27 03:30:00",9650,12.35,503,0,0.014,-0.27,0.8,-0.025,0.071,-0.029,-0.011,54.15,37.93
"2024-07-27 04:00:00",9651,12.36,503,0,0.012,-0.21,0.65,-0.02,0.058,-0.032,-0.017,53.75,38.21
"2024-07-27 04:30:00",9652,12.35,503,0,0.015,-0.22,0.77,-0.02,0.068,-0.03,-0.011,54.41,38.72
"2024-07-27 05:00:00",9653,12.34,503,0,0.012,-0.25,0.73,-0.023,0.064,-0.032,-0.014,54.26,37.63
"2024-07-27 05:30:00",9654,12.34,503,0,0.011,-0.25,0.69,-0.023,0.061,-0.032,-0.019,54.08,37.71
"2024-07-27 06:00:00",9655,12.34,503,0,0.009,-0.31,0.69,-0.028,0.061,-0.035,-0.019,54.14,38.6
"2024-07-27 06:30:00",9656,12.34,503,0,0.025,-0.09,0.92,-0.009,0.081,-0.022,-0.003,54,39.3
"2024-07-27 07:00:00",9657,12.34,503,0,0.104,0.75,2.32,0.067,0.206,0.051,0.073,55.51,39.97
"2024-07-27 07:30:00",9658,12.33,503,0,0.238,2.19,4.67,0.193,0.414,0.164,0.203,55.86,41.58
"2024-07-27 08:00:00",9659,12.34,503,0,0.345,3.34,6.54,0.296,0.579,0.256,0.317,57.39,42.29
"2024-07-27 08:30:00",9660,12.34,503,0,0.452,4.54,8.35,0.402,0.739,0.354,0.418,57.7,43.01
"2024-07-27 09:00:00",9661,12.33,503,0,0.583,5.96,10.6,0.527,0.938,0.471,0.558,55.28,42.12
"2024-07-27 09:30:00",9662,12.33,503,0,0.656,6.83,11.79,0.604,1.043,0.546,0.633,56.24,42
"2024-07-27 10:00:00",9663,12.33,503,0,0.749,7.94,13.25,0.703,1.172,0.636,0.717,53.83,40.84
"2024-07-27 10:30:00",9664,12.33,503,0,0.797,8.48,14.06,0.75,1.245,0.686,0.763,52.7,39.44
"2024-07-27 11:00:00",9665,12.33,503,0,0.816,8.8,14.26,0.779,1.262,0.713,0.785,51.49,38.91
"2024-07-27 11:30:00",9666,12.33,503,0,0.836,9.03,14.58,0.799,1.29,0.731,0.801,51.05,39.15
"2024-07-27 12:00:00",9667,12.34,503,0,0.848,9.1,14.88,0.806,1.317,0.742,0.818,50.22,38.63
"2024-07-27 12:30:00",9668,12.33,503,0,0.871,9.45,15.12,0.836,1.338,0.767,0.833,50.37,37.8
"2024-07-27 13:00:00",9669,12.34,503,0,0.894,9.68,15.57,0.857,1.378,0.786,0.849,49.79,37.48
"2024-07-27 13:30:00",9670,12.34,503,0,0.896,9.61,15.71,0.85,1.391,0.789,0.857,49.61,37.46
"2024-07-27 14:00:00",9671,12.34,503,0,0.856,9.32,14.83,0.824,1.313,0.744,0.805,50.49,39.02
"2024-07-27 14:30:00",9672,12.31,503,0,0.886,9.63,15.37,0.852,1.361,0.767,0.825,50.76,38.61
"2024-07-27 15:00:00",9673,12.28,503,0,0.885,9.64,15.33,0.853,1.357,0.747,0.803,50.57,39.92
"2024-07-27 15:30:00",9674,12.25,503,0,0.847,9.09,14.85,0.804,1.314,0.72,0.784,51.38,39.23
"2024-07-27 16:00:00",9675,12.27,503,0,0.829,8.86,14.58,0.784,1.291,0.701,0.764,52,39.02
"2024-07-27 16:30:00",9676,12.3,503,0,0.805,8.65,14.11,0.766,1.248,0.676,0.736,52.17,40.02
"2024-07-27 17:00:00",9677,12.27,503,0,0.749,7.99,13.19,0.707,1.167,0.623,0.691,53.34,41.18
"2024-07-27 17:30:00",9678,12.29,503,0,0.689,7.29,12.22,0.645,1.081,0.565,0.626,55.16,42.33
"2024-07-27 18:00:00",9679,12.26,503,0,0.604,6.32,10.79,0.559,0.955,0.488,0.549,55.35,42.77
"2024-07-27 18:30:00",9680,12.24,503,0,0.489,5.05,8.83,0.447,0.782,0.385,0.441,55.42,42.43
"2024-07-27 19:00:00",9681,12.19,503,0,0.37,3.68,6.88,0.326,0.609,0.276,0.328,57.12,42.46
"2024-07-27 19:30:00",9682,12.3,503,0,0.268,2.54,5.16,0.225,0.457,0.189,0.23,55.95,41.13
"2024-07-27 20:00:00",9683,12.29,503,0,0.186,1.64,3.72,0.145,0.329,0.118,0.154,54.71,40.87
"2024-07-27 20:30:00",9684,12.29,503,0,0.12,0.9,2.61,0.08,0.231,0.059,0.093,55.04,39.53
"2024-07-27 21:00:00",9685,12.29,503,0,0.081,0.45,1.97,0.04,0.174,0.024,0.055,54.04,39.35
"2024-07-27 21:30:00",9686,12.26,503,0,0.058,0.19,1.58,0.017,0.139,0.008,0.038,53.7,38.61
"2024-07-27 22:00:00",9687,12.24,503,0,0.049,0.1,1.43,0.009,0.127,-0.003,0.025,54.2,38.26
"2024-07-27 22:30:00",9688,12.25,503,0,0.036,-0.02,1.17,-0.003,0.103,-0.014,0.011,52.59,38.48
"2024-07-27 23:00:00",9689,12.25,503,0,0.031,-0.09,1.12,-0.009,0.1,-0.019,0.011,52.98,38.44
"2024-07-27 23:30:00",9690,12.26,503,0,0.025,-0.15,1.01,-0.014,0.089,-0.025,0.003,53.1,38.97
"2024-07-28 00:00:00",9691,12.24,503,0,0.019,-0.22,0.89,-0.02,0.079,-0.03,0,53.93,38.24
"2024-07-28 00:30:00",9692,12.24,503,0,0.015,-0.25,0.81,-0.023,0.072,-0.032,-0.008,54.46,37.68
"2024-07-28 01:00:00",9693,12.24,503,0,0.012,-0.28,0.77,-0.025,0.068,-0.038,-0.008,53.97,38.02
"2024-07-28 01:30:00",9694,12.24,503,0,0.01,-0.31,0.73,-0.028,0.064,-0.035,-0.014,53.91,38.54
"2024-07-28 02:00:00",9695,12.26,503,0,0.011,-0.31,0.77,-0.028,0.068,-0.032,-0.011,54.94,38.43
"2024-07-28 02:30:00",9696,12.23,503,0,0.01,-0.31,0.73,-0.028,0.065,-0.033,-0.011,52.88,37.92
"2024-07-28 03:00:00",9697,12.24,503,0,0.014,-0.22,0.73,-0.02,0.065,-0.03,-0.011,55.1,38.49
"2024-07-28 03:30:00",9698,12.25,503,0,0.014,-0.28,0.81,-0.026,0.072,-0.03,-0.006,53.66,37.45
"2024-07-28 04:00:00",9699,12.22,503,0,0.016,-0.25,0.85,-0.023,0.075,-0.03,-0.003,54.01,38.06
"2024-07-28 04:30:00",9700,12.22,503,0,0.023,-0.15,0.93,-0.014,0.083,-0.027,-0.003,53.72,38.35
"2024-07-28 05:00:00",9701,12.22,503,0,0.023,-0.15,0.93,-0.014,0.082,-0.022,0,54.21,38.12
"2024-07-28 05:30:00",9702,12.24,503,0,0.026,-0.09,0.96,-0.009,0.085,-0.019,0,54.96,38.6
"2024-07-28 06:00:00",9703,12.21,503,0,0.024,-0.12,0.93,-0.011,0.082,-0.022,0,54.82,38.71
"2024-07-28 06:30:00",9704,12.21,503,0,0.07,0.35,1.77,0.031,0.157,0.019,0.044,55.38,38.34
"2024-07-28 07:00:00",9705,12.22,503,0,0.16,1.3,3.35,0.115,0.297,0.091,0.134,56.32,40.63
"2024-07-28 07:30:00",9706,12.22,503,0,0.311,2.96,5.96,0.262,0.528,0.22,0.277,56.98,41.72
"2024-07-28 08:00:00",9707,12.23,503,0,0.449,4.5,8.3,0.399,0.735,0.349,0.416,56.08,42.8
"2024-07-28 08:30:00",9708,12.21,503,0,0.565,5.8,10.26,0.513,0.908,0.455,0.527,56.32,42.63
"2024-07-28 09:00:00",9709,12.21,503,0,0.639,6.59,11.56,0.583,1.023,0.525,0.608,55.09,42.08
"2024-07-28 09:30:00",9710,12.21,503,0,0.703,7.37,12.56,0.653,1.111,0.593,0.677,54.71,41.55
"2024-07-28 10:00:00",9711,12.23,503,0,0.758,8.05,13.41,0.713,1.187,0.653,0.731,53.36,40.37
"2024-07-28 10:30:00",9712,12.2,503,0,0.802,8.58,14.08,0.759,1.246,0.695,0.774,52.29,39.72
"2024-07-28 11:00:00",9713,12.2,503,0,0.829,8.9,14.54,0.788,1.287,0.726,0.804,51.21,39.05
"2024-07-28 11:30:00",9714,12.17,503,0,0.861,9.3,15.02,0.823,1.33,0.768,0.843,50.26,37.69
"2024-07-28 12:00:00",9715,12.25,503,0,0.883,9.53,15.4,0.843,1.363,0.778,0.854,49.56,37.25
"2024-07-28 12:30:00",9716,12.25,503,0,0.898,9.81,15.52,0.868,1.373,0.794,0.866,49.04,37.46
"2024-07-28 13:00:00",9717,12.24,503,0,0.872,9.3,15.35,0.823,1.359,0.757,0.832,50.98,38.42
"2024-07-28 13:30:00",9718,12.22,503,0,0.845,9.07,14.82,0.803,1.312,0.73,0.794,51.19,38.88
"2024-07-28 14:00:00",9719,12.16,503,0,0.873,9.44,15.21,0.836,1.346,0.77,0.835,50.33,38.03
"2024-07-28 14:30:00",9720,12.21,503,0,0.879,9.47,15.37,0.838,1.361,0.767,0.831,50.24,38.51
"2024-07-28 15:00:00",9721,11.91,503,0,0.872,9.44,15.18,0.836,1.344,0.752,0.818,50.69,38.54
"2024-07-28 15:30:00",9722,11.93,503,0,0.853,9.13,15,0.809,1.328,0.735,0.806,51.24,38.69
"2024-07-28 16:00:00",9723,12,503,0,0.843,9.08,14.73,0.804,1.304,0.721,0.778,51.43,39.3
"2024-07-28 16:30:00",9724,11.94,503,0,0.808,8.73,14.09,0.772,1.247,0.688,0.749,52.34,39.63
"2024-07-28 17:00:00",9725,12.02,503,0,0.759,8.04,13.43,0.712,1.189,0.635,0.7,53.11,40.54
"2024-07-28 17:30:00",9726,11.95,503,0,0.683,7.21,12.14,0.638,1.075,0.563,0.627,54.27,41.85
"2024-07-28 18:00:00",9727,11.93,503,0,0.596,6.21,10.68,0.55,0.945,0.48,0.545,54.89,42.32
"2024-07-28 18:30:00",9728,11.92,503,0,0.553,5.71,9.98,0.506,0.883,0.443,0.506,55.24,42.26
"2024-07-28 19:00:00",9729,11.97,503,0,0.429,4.36,7.86,0.386,0.696,0.331,0.389,55.99,42.43
"2024-07-28 19:30:00",9730,11.89,503,0,0.275,2.59,5.29,0.229,0.468,0.196,0.25,54.7,41.71
"2024-07-28 20:00:00",9731,12.03,503,0,0.175,1.49,3.59,0.132,0.317,0.109,0.147,55.09,41.42
"2024-07-28 20:30:00",9732,12.19,503,0,0.104,0.72,2.36,0.063,0.209,0.046,0.083,54.92,39.68
"2024-07-28 21:00:00",9733,12.18,503,0,0.062,0.2,1.71,0.017,0.151,0.005,0.044,54.25,38.75
"2024-07-28 21:30:00",9734,12.2,503,0,0.041,0.03,1.28,0.003,0.114,-0.011,0.02,54.6,38.53
"2024-07-28 22:00:00",9735,12.17,503,0,0.028,-0.12,1.05,-0.012,0.093,-0.019,0.006,54.04,38.27
"2024-07-28 22:30:00",9736,12.17,503,0,0.019,-0.25,0.94,-0.023,0.083,-0.033,-0.003,53.96,38.29
"2024-07-28 23:00:00",9737,12.17,503,0,0.01,-0.35,0.78,-0.032,0.069,-0.036,-0.006,53.58,37.64
"2024-07-28 23:30:00",9738,12.17,503,0,0.006,-0.38,0.7,-0.034,0.062,-0.041,-0.011,54.28,38.77
"2024-07-29 00:00:00",9739,12.19,503,0,0.003,-0.42,0.66,-0.038,0.059,-0.041,-0.011,53.62,37.95
"2024-07-29 00:30:00",9740,12.15,503,0,0.002,-0.41,0.62,-0.037,0.055,-0.044,-0.017,54,38.49
"2024-07-29 01:00:00",9741,12.18,503,0,-0.003,-0.54,0.58,-0.049,0.052,-0.049,-0.02,53.32,37.97
"2024-07-29 01:30:00",9742,12.14,503,0,-0.003,-0.48,0.51,-0.043,0.045,-0.049,-0.02,53.39,37.72
"2024-07-29 02:00:00",9743,12.14,503,0,-0.008,-0.54,0.43,-0.049,0.038,-0.052,-0.031,53.38,37.46
"2024-07-29 02:30:00",9744,12.13,503,0,-0.004,-0.48,0.47,-0.043,0.041,-0.044,-0.025,53.65,37.73
"2024-07-29 03:00:00",9745,12.13,503,0,-0.007,-0.54,0.47,-0.049,0.041,-0.052,-0.028,54.01,38.24
"2024-07-29 03:30:00",9746,11.94,503,0,-0.008,-0.51,0.39,-0.046,0.034,-0.049,-0.028,52.9,38.21
"2024-07-29 04:00:00",9747,11.95,503,0,-0.008,-0.54,0.43,-0.049,0.038,-0.049,-0.028,53.67,38.16
"2024-07-29 04:30:00",9748,11.87,503,0,-0.006,-0.51,0.47,-0.046,0.041,-0.052,-0.028,54.38,37.88
"2024-07-29 05:00:00",9749,11.86,503,0,-0.008,-0.54,0.43,-0.049,0.038,-0.052,-0.031,52.93,37.83
"2024-07-29 05:30:00",9750,11.88,503,0,-0.003,-0.44,0.47,-0.04,0.041,-0.047,-0.022,53.66,38.57
"2024-07-29 06:00:00",9751,11.89,503,0,-0.006,-0.48,0.43,-0.043,0.038,-0.047,-0.025,54.42,38.66
"2024-07-29 06:30:00",9752,11.95,503,0,0.007,-0.35,0.7,-0.032,0.062,-0.036,-0.011,54.48,38.4
"2024-07-29 07:00:00",9753,12.16,503,0,0.037,-0.02,1.2,-0.003,0.106,-0.011,0.017,53.96,38.87
"2024-07-29 07:30:00",9754,12.11,503,0,0.087,0.51,2.08,0.045,0.184,0.027,0.067,54.36,40.1
"2024-07-29 08:00:00",9755,12.12,503,0,0.151,1.18,3.24,0.105,0.287,0.087,0.135,55.2,40.68
"2024-07-29 08:30:00",9756,11.84,503,0,0.226,2,4.52,0.177,0.4,0.151,0.204,57.3,41.8
"2024-07-29 09:00:00",9757,11.92,503,0,0.375,3.67,7.06,0.325,0.625,0.285,0.354,58.74,42.83
"2024-07-29 09:30:00",9758,11.87,503,0,0.478,4.82,8.79,0.426,0.778,0.371,0.449,56.32,42.34
"2024-07-29 10:00:00",9759,11.94,503,0,0.453,4.57,8.34,0.404,0.738,0.358,0.418,56.96,43.55
"2024-07-29 10:30:00",9760,11.87,503,0,0.577,5.95,10.43,0.527,0.923,0.465,0.544,55.25,42.68
"2024-07-29 11:00:00",9761,11.85,503,0,0.72,7.47,12.96,0.661,1.147,0.605,0.697,53.72,40.9
"2024-07-29 11:30:00",9762,11.91,503,0,0.789,8.44,13.87,0.747,1.227,0.68,0.754,51.75,40.17
"2024-07-29 12:00:00",9763,11.94,503,0,0.831,8.81,14.7,0.779,1.301,0.719,0.807,50.83,38.69
"2024-07-29 12:30:00",9764,11.87,503,0,0.822,8.9,14.3,0.788,1.266,0.71,0.778,51.55,39.96
"2024-07-29 13:00:00",9765,11.94,503,0,0.748,8.04,13.1,0.712,1.159,0.635,0.698,52.34,40.04
"2024-07-29 13:30:00",9766,11.87,503,0,0.74,7.83,13.12,0.693,1.161,0.617,0.695,53.76,40.37
"2024-07-29 14:00:00",9767,11.97,503,0,0.669,7.02,11.95,0.621,1.057,0.555,0.625,54.53,41.71
"2024-07-29 14:30:00",9768,11.9,503,0,0.744,7.88,13.18,0.697,1.166,0.626,0.704,53.86,41.05
"2024-07-29 15:00:00",9769,11.91,503,0,0.772,8.16,13.69,0.722,1.211,0.65,0.727,53.1,40.55
"2024-07-29 15:30:00",9770,11.93,503,0,0.744,7.83,13.26,0.693,1.173,0.621,0.704,53.62,40.39
"2024-07-29 16:00:00",9771,11.92,503,0,0.78,8.2,13.89,0.726,1.229,0.654,0.736,52.57,40.59
"2024-07-29 16:30:00",9772,11.91,503,0,0.789,8.37,13.97,0.741,1.237,0.669,0.745,52.21,40.07
"2024-07-29 17:00:00",9773,11.92,503,0,0.788,8.32,14,0.737,1.239,0.663,0.741,52.27,39.87
"2024-07-29 17:30:00",9774,11.91,503,0,0.727,7.76,12.79,0.687,1.132,0.604,0.672,54.23,40.42
"2024-07-29 18:00:00",9775,11.92,503,0,0.653,6.83,11.67,0.605,1.033,0.532,0.602,54.42,42.13
"2024-07-29 18:30:00",9776,11.92,503,0,0.573,5.93,10.34,0.525,0.915,0.461,0.526,55.06,42.5
"2024-07-29 19:00:00",9777,11.93,503,0,0.495,5.03,9.06,0.445,0.802,0.386,0.454,56.45,42.49
"2024-07-29 19:30:00",9778,11.91,503,0,0.37,3.65,6.91,0.323,0.612,0.281,0.339,55.03,40.95
"2024-07-29 20:00:00",9779,11.92,503,0,0.249,2.3,4.85,0.204,0.43,0.169,0.224,54.65,41.83
"2024-07-29 20:30:00",9780,11.91,503,0,0.145,1.14,3.09,0.101,0.274,0.079,0.124,53.61,39.37
"2024-07-29 21:00:00",9781,11.97,503,0,0.088,0.52,2.1,0.046,0.185,0.033,0.072,54.78,39.72
"2024-07-29 21:30:00",9782,11.89,503,0,0.057,0.16,1.59,0.014,0.141,0.003,0.039,54.06,38.17
"2024-07-29 22:00:00",9783,11.89,503,0,0.039,-0.06,1.33,-0.006,0.117,-0.011,0.025,53.73,38.91
"2024-07-29 22:30:00",9784,11.91,503,0,0.033,-0.12,1.21,-0.012,0.107,-0.022,0.02,54.07,38.18
"2024-07-29 23:00:00",9785,11.98,503,0,0.025,-0.19,1.05,-0.017,0.093,-0.022,0.011,53.92,39.43
"2024-07-29 23:30:00",9786,11.97,503,0,0.014,-0.32,0.86,-0.029,0.076,-0.03,-0.006,53.52,38.45
"2024-07-30 00:00:00",9787,11.96,503,0,0.011,-0.35,0.82,-0.032,0.073,-0.039,0,53.53,38.03
"2024-07-30 00:30:00",9788,11.9,503,0,0.012,-0.35,0.86,-0.032,0.076,-0.036,-0.003,54.48,38.83
"2024-07-30 01:00:00",9789,11.89,503,0,0.019,-0.25,0.95,-0.023,0.084,-0.031,0.006,53.82,38.32
"2024-07-30 01:30:00",9790,11.95,503,0,0.02,-0.26,0.99,-0.024,0.088,-0.031,0.008,53.38,38.3
"2024-07-30 02:00:00",9791,11.87,503,0,0.016,-0.26,0.87,-0.024,0.077,-0.034,-0.003,53.28,37.79
"2024-07-30 02:30:00",9792,11.88,503,0,0.011,-0.35,0.83,-0.032,0.073,-0.036,-0.006,54.86,37.96
"2024-07-30 03:00:00",9793,11.88,503,0,0.006,-0.39,0.71,-0.035,0.063,-0.039,-0.009,54.07,38.18
"2024-07-30 03:30:00",9794,11.89,503,0,0.002,-0.39,0.59,-0.035,0.053,-0.042,-0.017,53.36,38.96
"2024-07-30 04:00:00",9795,11.94,503,0,-0.002,-0.45,0.51,-0.041,0.046,-0.042,-0.02,53.18,37.85
"2024-07-30 04:30:00",9796,11.87,503,0,-0.006,-0.52,0.47,-0.047,0.042,-0.05,-0.023,53.9,38.15
"2024-07-30 05:00:00",9797,11.9,503,0,-0.006,-0.52,0.47,-0.047,0.042,-0.056,-0.023,52.74,38.08
"2024-07-30 05:30:00",9798,11.94,503,0,-0.01,-0.56,0.4,-0.05,0.035,-0.053,-0.026,53.19,37.96
"2024-07-30 06:00:00",9799,11.94,503,0,-0.012,-0.58,0.36,-0.053,0.031,-0.053,-0.031,54.52,38.2
"2024-07-30 06:30:00",9800,11.87,503,0,-0.002,-0.45,0.51,-0.041,0.045,-0.047,-0.02,53.44,37.79
"2024-07-30 07:00:00",9801,11.86,503,0,0.011,-0.29,0.75,-0.026,0.066,-0.036,-0.006,54.39,37.49
"2024-07-30 07:30:00",9802,11.87,503,0,0.031,-0.09,1.1,-0.009,0.097,-0.022,0.008,53.98,38.74
"2024-07-30 08:00:00",9803,11.86,503,0,0.059,0.2,1.61,0.017,0.142,0.005,0.043,54.65,39.15
"2024-07-30 08:30:00",9804,11.93,503,0,0.108,0.71,2.5,0.063,0.222,0.044,0.09,55.87,40.79
"2024-07-30 09:00:00",9805,11.87,503,0,0.161,1.3,3.38,0.115,0.299,0.094,0.135,55.06,40.81
"2024-07-30 09:30:00",9806,11.88,503,0,0.299,2.79,5.8,0.247,0.514,0.212,0.275,58.26,42.77
"2024-07-30 10:00:00",9807,11.89,503,0,0.557,5.62,10.23,0.498,0.906,0.44,0.522,55.77,43.61
"2024-07-30 10:30:00",9808,11.95,503,0,0.568,5.89,10.22,0.521,0.905,0.458,0.523,54.26,42.35
"2024-07-30 11:00:00",9809,11.95,503,0,0.633,6.51,11.46,0.576,1.014,0.513,0.594,55.06,41.65
"2024-07-30 11:30:00",9810,11.89,503,0,0.669,7.05,11.91,0.624,1.054,0.549,0.62,55.05,41.23
"2024-07-30 12:00:00",9811,11.89,503,0,0.641,6.75,11.4,0.597,1.009,0.526,0.586,54.44,41.29
"2024-07-30 12:30:00",9812,11.94,503,0,0.6,6.17,10.87,0.546,0.962,0.484,0.561,55.85,42.03
"2024-07-30 13:00:00",9813,11.88,503,0,0.707,7.43,12.59,0.657,1.114,0.58,0.655,54.11,40.14
"2024-07-30 13:30:00",9814,11.92,503,0,0.707,7.41,12.64,0.656,1.119,0.591,0.662,54.19,40.79
"2024-07-30 14:00:00",9815,11.89,503,0,0.716,7.64,12.62,0.676,1.117,0.595,0.658,55.58,40.53
"2024-07-30 14:30:00",9816,11.95,503,0,0.736,7.74,13.12,0.685,1.161,0.604,0.686,53.51,40.79
"2024-07-30 15:00:00",9817,11.88,503,0,0.779,8.31,13.71,0.736,1.214,0.649,0.718,52.55,39.58
"2024-07-30 15:30:00",9818,11.89,503,0,0.805,8.53,14.25,0.755,1.262,0.684,0.76,52.37,40.06
"2024-07-30 16:00:00",9819,11.87,503,0,0.794,8.41,14.08,0.744,1.246,0.668,0.74,52.23,41.06
"2024-07-30 16:30:00",9820,11.87,503,0,0.803,8.61,14.09,0.762,1.247,0.676,0.746,52.73,40.01
"2024-07-30 17:00:00",9821,11.87,503,0,0.771,8.19,13.64,0.725,1.207,0.645,0.711,51.04,41.65
"2024-07-30 17:30:00",9822,11.86,503,0,0.656,6.96,11.59,0.616,1.026,0.538,0.598,54.83,41.69
"2024-07-30 18:00:00",9823,11.85,503,0,0.603,6.22,10.92,0.55,0.966,0.479,0.552,54.88,42.15
"2024-07-30 18:30:00",9824,11.86,503,0,0.568,5.89,10.23,0.521,0.906,0.457,0.52,55.76,43.61
"2024-07-30 19:00:00",9825,11.85,503,0,0.486,4.96,8.85,0.439,0.783,0.384,0.448,56.54,41.89
"2024-07-30 19:30:00",9826,11.85,503,0,0.352,3.49,6.56,0.309,0.58,0.262,0.315,55.61,42.06
"2024-07-30 20:00:00",9827,11.82,503,0,0.233,2.14,4.58,0.19,0.405,0.155,0.206,54.96,42.13
"2024-07-30 20:30:00",9828,11.84,503,0,0.144,1.16,3.03,0.102,0.268,0.083,0.121,54.64,41.08
"2024-07-30 21:00:00",9829,11.84,503,0,0.087,0.49,2.13,0.044,0.189,0.031,0.071,54.16,38.67
"2024-07-30 21:30:00",9830,11.91,503,0,0.057,0.17,1.58,0.015,0.14,0.008,0.04,54.43,39.78
"2024-07-30 22:00:00",9831,11.92,503,0,0.039,-0.02,1.27,-0.003,0.112,-0.011,0.017,54.94,40.14
"2024-07-30 22:30:00",9832,11.85,503,0,0.019,-0.22,0.91,-0.02,0.081,-0.028,0,53.4,38.75
"2024-07-30 23:00:00",9833,11.86,503,0,0.013,-0.32,0.83,-0.029,0.074,-0.036,-0.006,54.65,38.33
"2024-07-30 23:30:00",9834,11.85,503,0,0.005,-0.42,0.71,-0.038,0.063,-0.039,-0.009,53.37,38.15
"2024-07-31 00:00:00",9835,11.91,503,0,0.003,-0.42,0.67,-0.038,0.06,-0.042,-0.011,53.84,38.34
"2024-07-31 00:30:00",9836,11.84,503,0,-0.003,-0.52,0.56,-0.047,0.049,-0.051,-0.02,52.45,38.21
"2024-07-31 01:00:00",9837,11.82,503,0,-0.006,-0.52,0.48,-0.047,0.042,-0.048,-0.023,53.17,39.34
"2024-07-31 01:30:00",9838,11.81,503,0,-0.001,-0.49,0.6,-0.044,0.053,-0.051,-0.014,53.68,38.19
"2024-07-31 02:00:00",9839,11.88,503,0,-0.006,-0.53,0.48,-0.048,0.042,-0.051,-0.02,54.07,38
"2024-07-31 02:30:00",9840,11.8,503,0,-0.012,-0.59,0.36,-0.053,0.032,-0.057,-0.032,52.93,37.7
"2024-07-31 03:00:00",9841,11.81,503,0,-0.011,-0.56,0.36,-0.051,0.032,-0.057,-0.026,54.35,37.86
"2024-07-31 03:30:00",9842,11.87,503,0,-0.015,-0.63,0.32,-0.056,0.028,-0.057,-0.035,53.71,38.63
"2024-07-31 04:00:00",9843,11.8,503,0,-0.014,-0.59,0.32,-0.053,0.028,-0.057,-0.032,53.94,38.69
"2024-07-31 04:30:00",9844,11.81,503,0,-0.014,-0.59,0.32,-0.053,0.028,-0.056,-0.035,53.57,38.49
"2024-07-31 05:00:00",9845,11.79,503,0,-0.017,-0.6,0.24,-0.054,0.021,-0.06,-0.038,53.76,37.85
"2024-07-31 05:30:00",9846,11.79,503,0,-0.021,-0.7,0.24,-0.063,0.021,-0.063,-0.038,53.72,37.54
"2024-07-31 06:00:00",9847,11.8,503,0,-0.022,-0.66,0.16,-0.06,0.014,-0.063,-0.041,53.01,38.08
"2024-07-31 06:30:00",9848,11.81,503,0,-0.024,-0.69,0.12,-0.062,0.011,-0.065,-0.041,53.94,38.59
"2024-07-31 07:00:00",9849,11.82,503,0,-0.022,-0.66,0.16,-0.059,0.014,-0.062,-0.043,53.96,38.21
"2024-07-31 07:30:00",9850,11.8,503,0,-0.022,-0.69,0.2,-0.062,0.018,-0.065,-0.041,54.13,38.21
"2024-07-31 08:00:00",9851,11.81,503,0,-0.016,-0.59,0.24,-0.053,0.021,-0.059,-0.035,54.17,37.84
"2024-07-31 08:30:00",9852,11.85,503,0,0,-0.42,0.56,-0.038,0.049,-0.039,-0.017,54.36,38.87
"2024-07-31 09:00:00",9853,11.79,503,0,0.023,-0.19,0.99,-0.018,0.088,-0.028,0.006,54.54,39.04
"2024-07-31 09:30:00",9854,11.78,503,0,0.056,0.16,1.58,0.014,0.14,0.003,0.037,55.15,39.08
"2024-07-31 10:00:00",9855,11.79,503,0,0.219,1.9,4.43,0.169,0.393,0.142,0.197,55.97,41.99
"2024-07-31 10:30:00",9856,11.8,503,0,0.445,4.36,8.35,0.386,0.739,0.336,0.423,55.75,43.17
"2024-07-31 11:00:00",9857,11.86,503,0,0.634,6.48,11.56,0.574,1.023,0.515,0.604,55.16,42.59
"2024-07-31 11:30:00",9858,11.79,503,0,0.715,7.48,12.78,0.662,1.131,0.587,0.675,53.91,40.92
"2024-07-31 12:00:00",9859,11.8,503,0,0.783,8.19,14.02,0.725,1.241,0.659,0.746,53.31,39.92
"2024-07-31 12:30:00",9860,11.79,503,0,0.837,8.96,14.69,0.793,1.3,0.714,0.793,51.19,38.78
"2024-07-31 13:00:00",9861,11.86,503,0,0.876,9.39,15.36,0.831,1.359,0.754,0.829,50.23,37.93
"2024-07-31 13:30:00",9862,11.86,503,0,0.874,9.42,15.26,0.834,1.351,0.753,0.819,50.61,39.03
"2024-07-31 14:00:00",9863,11.86,503,0,0.904,9.71,15.82,0.86,1.4,0.782,0.855,49.43,38.12
"2024-07-31 14:30:00",9864,11.93,503,0,0.903,9.6,15.95,0.849,1.412,0.782,0.863,49.79,37.49
"2024-07-31 15:00:00",9865,11.87,503,0,0.922,9.91,16.15,0.877,1.429,0.804,0.877,48.21,37.06
"2024-07-31 15:30:00",9866,11.88,503,0,0.93,10.03,16.23,0.888,1.436,0.816,0.877,48.58,36.86
"2024-07-31 16:00:00",9867,11.77,503,0,0.913,9.85,15.93,0.872,1.41,0.79,0.852,49.54,38.38
"2024-07-31 16:30:00",9868,11.8,503,0,0.89,9.57,15.59,0.847,1.379,0.77,0.829,50.26,38.53
"2024-07-31 17:00:00",9869,11.73,503,0,0.817,8.72,14.39,0.772,1.273,0.685,0.754,52.01,40.28
"2024-07-31 17:30:00",9870,11.74,503,0,0.754,8,13.34,0.708,1.181,0.629,0.702,52.34,40.87
"2024-07-31 18:00:00",9871,11.72,503,0,0.636,6.78,11.21,0.6,0.992,0.521,0.573,54.32,42.17
"2024-07-31 18:30:00",9872,11.8,503,0,0.434,4.39,7.98,0.388,0.706,0.332,0.392,55.89,43.07
"2024-07-31 19:00:00",9873,11.71,503,0,0.367,3.56,6.94,0.315,0.614,0.27,0.338,55.79,42.39
"2024-07-31 19:30:00",9874,11.69,503,0,0.277,2.55,5.41,0.226,0.479,0.189,0.25,55.78,41.13
"2024-07-31 20:00:00",9875,11.72,503,0,0.156,1.24,3.31,0.11,0.293,0.085,0.131,54.09,40.7
"2024-07-31 20:30:00",9876,11.71,503,0,0.104,0.68,2.4,0.06,0.213,0.046,0.083,53.38,39.56
"2024-07-31 21:00:00",9877,11.85,503,0,0.067,0.24,1.82,0.021,0.161,0.006,0.055,54.01,38.79
"2024-07-31 21:30:00",9878,11.79,503,0,0.06,0.17,1.69,0.015,0.15,0.003,0.04,53.87,38.8
"2024-07-31 22:00:00",9879,11.85,503,0,0.042,-0.02,1.37,-0.003,0.122,-0.017,0.029,52.76,38.27
"2024-07-31 22:30:00",9880,11.77,503,0,0.033,-0.13,1.21,-0.012,0.107,-0.023,0.017,53.62,38.7
"2024-07-31 23:00:00",9881,11.83,503,0,0.018,-0.26,0.93,-0.024,0.082,-0.031,0.003,52.83,38.17
"2024-07-31 23:30:00",9882,11.82,503,0,0.013,-0.36,0.89,-0.033,0.079,-0.034,-0.006,53.61,38.96
"2024-08-01 00:00:00",9883,11.73,503,0,0.01,-0.36,0.8,-0.033,0.071,-0.043,-0.006,54.24,38.77
"2024-08-01 00:30:00",9884,11.74,503,0,0.005,-0.43,0.72,-0.039,0.064,-0.04,-0.012,53.85,38.94
"2024-08-01 01:00:00",9885,11.81,503,0,-0.001,-0.47,0.56,-0.042,0.05,-0.046,-0.018,53.41,37.66
"2024-08-01 01:30:00",9886,11.74,503,0,-0.008,-0.54,0.44,-0.048,0.039,-0.055,-0.026,53.31,37.98
"2024-08-01 02:00:00",9887,11.73,503,0,-0.014,-0.64,0.36,-0.057,0.032,-0.057,-0.032,53.05,37.82
"2024-08-01 02:30:00",9888,11.73,503,0,-0.012,-0.57,0.36,-0.051,0.032,-0.057,-0.035,53.37,38.3
"2024-08-01 03:00:00",9889,11.72,503,0,-0.014,-0.57,0.29,-0.052,0.025,-0.058,-0.035,53.65,37.74
"2024-08-01 03:30:00",9890,11.8,503,0,-0.018,-0.64,0.24,-0.058,0.022,-0.061,-0.041,53.18,37.69
"2024-08-01 04:00:00",9891,11.73,503,0,-0.02,-0.67,0.24,-0.06,0.022,-0.063,-0.044,53.47,37.83
"2024-08-01 04:30:00",9892,11.8,503,0,-0.02,-0.67,0.24,-0.06,0.022,-0.063,-0.041,53.28,38.04
"2024-08-01 05:00:00",9893,11.74,503,0,-0.02,-0.68,0.24,-0.061,0.022,-0.063,-0.035,53.85,38.36
"2024-08-01 05:30:00",9894,11.77,503,0,-0.017,-0.64,0.29,-0.058,0.025,-0.061,-0.038,52.64,37.54
"2024-08-01 06:00:00",9895,11.8,503,0,-0.018,-0.64,0.24,-0.058,0.022,-0.061,-0.035,54.14,37.82
"2024-08-01 06:30:00",9896,11.73,503,0,-0.022,-0.67,0.16,-0.06,0.015,-0.069,-0.044,53.15,37.39
"2024-08-01 07:00:00",9897,11.72,503,0,-0.005,-0.47,0.45,-0.042,0.04,-0.049,-0.027,54.57,38.4
"2024-08-01 07:30:00",9898,11.8,503,0,0.085,0.47,2.08,0.042,0.184,0.026,0.062,54.29,39.88
"2024-08-01 08:00:00",9899,11.8,503,0,0.246,2.24,4.86,0.199,0.431,0.164,0.219,55.67,41.68
"2024-08-01 08:30:00",9900,11.74,503,0,0.406,3.97,7.63,0.351,0.675,0.302,0.374,56.33,43.07
"2024-08-01 09:00:00",9901,11.72,503,0,0.563,5.73,10.27,0.507,0.909,0.447,0.531,56.42,42.18
"2024-08-01 09:30:00",9902,11.79,503,0,0.687,7.12,12.39,0.63,1.096,0.569,0.658,53.9,41.17
"2024-08-01 10:00:00",9903,11.73,503,0,0.778,8.22,13.8,0.728,1.222,0.658,0.747,52.04,39.9
"2024-08-01 10:30:00",9904,11.72,503,0,0.837,8.86,14.82,0.784,1.312,0.716,0.805,50.53,38.81
"2024-08-01 11:00:00",9905,11.8,503,0,0.867,9.3,15.2,0.823,1.346,0.759,0.837,49.67,38.38
"2024-08-01 11:30:00",9906,11.73,503,0,0.884,9.39,15.64,0.831,1.384,0.778,0.869,48.93,37.63
"2024-08-01 12:00:00",9907,11.75,503,0,0.911,9.75,15.99,0.863,1.415,0.806,0.883,48.08,36.78
"2024-08-01 12:30:00",9908,11.71,503,0,0.917,9.97,15.91,0.883,1.408,0.816,0.878,48.39,36.52
"2024-08-01 13:00:00",9909,11.76,503,0,0.928,10.03,16.18,0.888,1.432,0.814,0.88,48.41,37.12
"2024-08-01 13:30:00",9910,11.71,503,0,0.934,10.04,16.36,0.888,1.448,0.824,0.891,48.23,37.09
"2024-08-01 14:00:00",9911,11.71,503,0,0.926,10.01,16.13,0.886,1.427,0.818,0.88,47.9,37.44
"2024-08-01 14:30:00",9912,11.71,503,0,0.91,9.77,15.93,0.865,1.41,0.797,0.867,48.88,37.43
"2024-08-01 15:00:00",9913,11.87,503,0,0.906,9.64,15.98,0.853,1.415,0.79,0.867,49.19,37.23
"2024-08-01 15:30:00",9914,11.89,503,0,0.863,9.34,15.01,0.827,1.328,0.744,0.803,50.16,39.13
"2024-08-01 16:00:00",9915,11.79,503,0,0.85,9.13,14.88,0.808,1.317,0.729,0.791,50.15,38.7
"2024-08-01 16:30:00",9916,11.79,503,0,0.801,8.53,14.14,0.755,1.252,0.675,0.745,51.45,40.98
"2024-08-01 17:00:00",9917,11.71,503,0,0.755,8,13.38,0.708,1.184,0.634,0.697,53.12,39.74
"2024-08-01 17:30:00",9918,11.72,503,0,0.698,7.34,12.44,0.65,1.101,0.578,0.648,53.34,41.21
"2024-08-01 18:00:00",9919,11.71,503,0,0.641,6.71,11.47,0.594,1.015,0.525,0.597,54.42,41.88
"2024-08-01 18:30:00",9920,11.72,503,0,0.539,5.53,9.8,0.49,0.867,0.428,0.499,54.85,42.72
"2024-08-01 19:00:00",9921,11.72,503,0,0.423,4.2,7.86,0.372,0.696,0.322,0.386,54.35,42.21
"2024-08-01 19:30:00",9922,11.72,503,0,0.31,2.91,6,0.257,0.531,0.219,0.279,55.88,41.51
"2024-08-01 20:00:00",9923,11.77,503,0,0.199,1.7,4.08,0.151,0.361,0.123,0.178,54.31,40.51
"2024-08-01 20:30:00",9924,11.7,503,0,0.115,0.79,2.6,0.07,0.23,0.052,0.096,54.38,40.16
"2024-08-01 21:00:00",9925,11.7,503,0,0.075,0.31,1.96,0.028,0.174,0.015,0.056,53.68,40.13
"2024-08-01 21:30:00",9926,11.68,503,0,0.06,0.17,1.68,0.015,0.149,0.006,0.047,53.37,38.73
"2024-08-01 22:00:00",9927,11.69,503,0,0.044,-0.02,1.43,-0.003,0.127,-0.012,0.029,53.15,38.51
"2024-08-01 22:30:00",9928,11.71,503,0,0.025,-0.23,1.1,-0.021,0.098,-0.029,0.012,53.85,38.37
"2024-08-01 23:00:00",9929,11.77,503,0,0.017,-0.33,0.98,-0.03,0.087,-0.035,0,54,38.94
"2024-08-01 23:30:00",9930,11.69,503,0,0.014,-0.37,0.94,-0.034,0.083,-0.038,0,54.12,39.72
"2024-08-02 00:00:00",9931,11.68,503,0,0.01,-0.37,0.82,-0.033,0.072,-0.038,-0.003,54.25,38.76
"2024-08-02 00:30:00",9932,11.75,503,0,0,-0.51,0.65,-0.046,0.058,-0.049,-0.009,53.85,38.37
"2024-08-02 01:00:00",9933,11.68,503,0,-0.002,-0.51,0.57,-0.046,0.051,-0.052,-0.018,54.34,38.29
"2024-08-02 01:30:00",9934,11.71,503,0,-0.002,-0.51,0.57,-0.046,0.051,-0.052,-0.021,53.56,38.07
"2024-08-02 02:00:00",9935,11.65,503,0,-0.009,-0.61,0.49,-0.055,0.044,-0.055,-0.027,53.21,38.4
"2024-08-02 02:30:00",9936,11.73,503,0,-0.008,-0.58,0.49,-0.052,0.044,-0.053,-0.03,53.55,37.81
"2024-08-02 03:00:00",9937,11.73,503,0,-0.01,-0.58,0.41,-0.052,0.036,-0.055,-0.03,52.52,38.7
"2024-08-02 03:30:00",9938,11.66,503,0,-0.012,-0.61,0.41,-0.055,0.036,-0.058,-0.03,53.15,38.49
"2024-08-02 04:00:00",9939,11.73,503,0,-0.01,-0.58,0.41,-0.052,0.037,-0.053,-0.024,53.37,38.04
"2024-08-02 04:30:00",9940,11.69,503,0,-0.012,-0.58,0.37,-0.052,0.033,-0.056,-0.03,54.24,38.34
"2024-08-02 05:00:00",9941,11.64,503,0,-0.007,-0.54,0.45,-0.049,0.04,-0.053,-0.024,53.31,37.82
"2024-08-02 05:30:00",9942,11.65,503,0,-0.002,-0.48,0.54,-0.043,0.048,-0.053,-0.027,54.46,38.4
"2024-08-02 06:00:00",9943,11.63,503,0,-0.001,-0.51,0.62,-0.046,0.055,-0.05,-0.015,52.63,38.39
"2024-08-02 06:30:00",9944,11.64,503,0,0.011,-0.34,0.79,-0.031,0.07,-0.035,-0.009,53.53,38.04
"2024-08-02 07:00:00",9945,11.71,503,0,0.062,0.21,1.69,0.018,0.15,0.003,0.042,55.22,38.9
"2024-08-02 07:30:00",9946,11.64,503,0,0.156,1.23,3.33,0.109,0.295,0.084,0.135,54.95,40.3
"2024-08-02 08:00:00",9947,11.63,503,0,0.338,3.19,6.5,0.282,0.575,0.242,0.311,56.18,42.62
"2024-08-02 08:30:00",9948,11.63,503,0,0.491,4.88,9.14,0.432,0.809,0.374,0.455,55.61,42.37
"2024-08-02 09:00:00",9949,11.64,503,0,0.606,6.16,11.08,0.545,0.981,0.484,0.574,53.97,42.24
"2024-08-02 09:30:00",9950,11.64,503,0,0.719,7.42,13,0.657,1.151,0.594,0.695,52.75,41.29
"2024-08-02 10:00:00",9951,11.64,503,0,0.801,8.48,14.19,0.751,1.256,0.681,0.764,52.41,39.6
"2024-08-02 10:30:00",9952,11.63,503,0,0.833,8.75,14.87,0.775,1.317,0.709,0.803,51.73,39.34
"2024-08-02 11:00:00",9953,11.63,503,0,0.854,9.06,15.12,0.802,1.338,0.744,0.824,50.81,37.58
"2024-08-02 11:30:00",9954,11.64,503,0,0.878,9.34,15.5,0.827,1.372,0.766,0.844,50.16,37.62
"2024-08-02 12:00:00",9955,11.71,503,0,0.889,9.57,15.53,0.847,1.375,0.782,0.857,49.55,37.43
"2024-08-02 12:30:00",9956,11.64,503,0,0.918,9.8,16.16,0.867,1.431,0.813,0.888,49.04,36.51
"2024-08-02 13:00:00",9957,11.66,503,0,0.928,9.93,16.29,0.879,1.441,0.825,0.901,48.21,36.76
"2024-08-02 13:30:00",9958,11.66,503,0,0.931,10.16,16.11,0.899,1.425,0.82,0.874,48.2,37.06
"2024-08-02 14:00:00",9959,11.67,503,0,0.918,9.85,16.08,0.872,1.423,0.809,0.881,48.81,36.95
"2024-08-02 14:30:00",9960,11.67,503,0,0.904,9.78,15.74,0.865,1.393,0.786,0.852,48.71,37.84
"2024-08-02 15:00:00",9961,11.67,503,0,0.897,9.71,15.61,0.859,1.382,0.776,0.831,50.1,38.4
"2024-08-02 15:30:00",9962,11.66,503,0,0.884,9.44,15.56,0.835,1.377,0.761,0.836,50.71,37.61
"2024-08-02 16:00:00",9963,11.72,503,0,0.861,9.17,15.2,0.811,1.345,0.735,0.813,49.98,38.44
"2024-08-02 16:30:00",9964,11.73,503,0,0.85,9.1,14.92,0.806,1.321,0.717,0.785,49.39,39.35
"2024-08-02 17:00:00",9965,11.72,503,0,0.82,8.67,14.56,0.768,1.288,0.685,0.763,50.63,39.5
"2024-08-02 17:30:00",9966,11.65,503,0,0.77,8.16,13.64,0.722,1.207,0.641,0.712,50.91,39.77
"2024-08-02 18:00:00",9967,11.65,503,0,0.712,7.46,12.71,0.66,1.125,0.578,0.661,53.4,40.6
"2024-08-02 18:30:00",9968,11.65,503,0,0.656,6.83,11.78,0.605,1.043,0.527,0.597,53.53,42.22
"2024-08-02 19:00:00",9969,11.64,503,0,0.56,5.75,10.16,0.509,0.899,0.444,0.517,53.85,41.72
"2024-08-02 19:30:00",9970,11.63,503,0,0.461,4.6,8.53,0.407,0.755,0.354,0.423,55.19,43.05
"2024-08-02 20:00:00",9971,11.7,503,0,0.32,3.04,6.12,0.269,0.541,0.229,0.291,55.52,42.97
"2024-08-02 20:30:00",9972,11.63,503,0,0.223,1.97,4.48,0.175,0.396,0.148,0.197,56.01,40.71
"2024-08-02 21:00:00",9973,11.7,503,0,0.156,1.18,3.38,0.105,0.299,0.085,0.138,54.19,40.39
"2024-08-02 21:30:00",9974,11.64,503,0,0.115,0.77,2.65,0.068,0.235,0.047,0.098,54.26,40.04
"2024-08-02 22:00:00",9975,11.65,503,0,0.082,0.38,2.11,0.034,0.187,0.018,0.068,54.06,39.01
"2024-08-02 22:30:00",9976,11.72,503,0,0.062,0.17,1.74,0.015,0.154,0.006,0.048,53.84,38.38
"2024-08-02 23:00:00",9977,11.66,503,0,0.052,0.07,1.57,0.006,0.139,-0.003,0.036,53.11,39.57
"2024-08-02 23:30:00",9978,11.66,503,0,0.039,-0.06,1.33,-0.006,0.117,-0.012,0.024,53.19,38.55
"2024-08-03 00:00:00",9979,11.69,503,0,0.04,-0.06,1.34,-0.006,0.118,-0.021,0.021,55.01,38.71
"2024-08-03 00:30:00",9980,11.66,503,0,0.04,-0.03,1.31,-0.003,0.116,-0.015,0.018,53.59,38.94
"2024-08-03 01:00:00",9981,11.68,503,0,0.033,-0.1,1.18,-0.009,0.105,-0.021,0.015,53.34,37.86
"2024-08-03 01:30:00",9982,11.65,503,0,0.02,-0.24,0.96,-0.022,0.085,-0.03,-0.003,53.36,37.87
"2024-08-03 02:00:00",9983,11.71,503,0,0.019,-0.27,0.96,-0.025,0.085,-0.033,0.003,53.86,37.97
"2024-08-03 02:30:00",9984,11.64,503,0,0.013,-0.34,0.88,-0.031,0.078,-0.036,-0.003,53.48,38.42
"2024-08-03 03:00:00",9985,11.71,503,0,0.016,-0.31,0.92,-0.028,0.082,-0.033,-0.003,53.36,39.28
"2024-08-03 03:30:00",9986,11.74,503,0,0.029,-0.1,1.05,-0.009,0.093,-0.021,0.003,52.58,37.51
"2024-08-03 04:00:00",9987,11.73,503,0,0.037,0,1.18,0,0.104,-0.009,0.015,54.03,38.13
"2024-08-03 04:30:00",9988,11.68,503,0,0.033,-0.03,1.09,-0.003,0.096,-0.012,0.009,53.62,38.97
"2024-08-03 05:00:00",9989,11.73,503,0,0.03,-0.1,1.09,-0.009,0.097,-0.018,0.006,54.32,38.68
"2024-08-03 05:30:00",9990,11.67,503,0,0.03,-0.1,1.09,-0.009,0.096,-0.018,0.009,54.12,38.64
"2024-08-03 06:00:00",9991,11.73,503,0,0.032,-0.06,1.09,-0.006,0.097,-0.018,0.009,53.97,38.07
"2024-08-03 06:30:00",9992,11.67,503,0,0.062,0.25,1.64,0.022,0.145,0.009,0.036,54.3,39.08
"2024-08-03 07:00:00",9993,11.73,503,0,0.105,0.74,2.36,0.065,0.209,0.05,0.078,53.77,39.95
"2024-08-03 07:30:00",9994,11.68,503,0,0.21,1.85,4.22,0.164,0.373,0.138,0.178,55.48,40.16
"2024-08-03 08:00:00",9995,11.67,503,0,0.31,2.93,5.97,0.259,0.528,0.226,0.279,55.79,41.97
"2024-08-03 08:30:00",9996,11.67,503,0,0.389,3.84,7.26,0.34,0.642,0.29,0.353,56.67,42.28
"2024-08-03 09:00:00",9997,11.72,503,0,0.464,4.61,8.63,0.408,0.764,0.357,0.425,57.6,43.11
"2024-08-03 09:30:00",9998,11.67,503,0,0.631,6.49,11.44,0.575,1.013,0.509,0.592,55.66,41.85
"2024-08-03 10:00:00",9999,11.72,503,0,0.741,7.73,13.27,0.684,1.175,0.613,0.701,52.5,41.19
"2024-08-03 10:30:00",10000,11.68,503,0,0.791,8.28,14.13,0.733,1.25,0.667,0.752,51.63,39.9
"2024-08-03 11:00:00",10001,11.72,503,0,0.84,8.87,14.91,0.785,1.32,0.719,0.803,51.21,38.92
"2024-08-03 11:30:00",10002,11.67,503,0,0.856,9.14,15.06,0.809,1.333,0.738,0.812,50.1,38.22
"2024-08-03 12:00:00",10003,11.67,503,0,0.861,9.18,15.16,0.812,1.342,0.745,0.823,50.13,38.15
"2024-08-03 12:30:00",10004,11.67,503,0,0.857,9.12,15.14,0.807,1.34,0.747,0.823,50.73,37.92
"2024-08-03 13:00:00",10005,11.67,503,0,0.897,9.62,15.72,0.852,1.391,0.778,0.861,51.13,38.18
"2024-08-03 13:30:00",10006,11.66,503,0,0.907,9.72,15.91,0.86,1.408,0.795,0.857,49.54,36.58
"2024-08-03 14:00:00",10007,11.67,503,0,0.886,9.56,15.47,0.847,1.37,0.766,0.844,50.33,37.95
"2024-08-03 14:30:00",10008,11.68,503,0,0.866,9.32,15.14,0.825,1.34,0.746,0.808,50.23,39.2
"2024-08-03 15:00:00",10009,11.67,503,0,0.859,9.19,15.11,0.813,1.337,0.732,0.803,52.01,38.8
"2024-08-03 15:30:00",10010,11.67,503,0,0.859,9.19,15.11,0.813,1.337,0.728,0.797,51.44,39.16
"2024-08-03 16:00:00",10011,11.66,503,0,0.847,9,14.96,0.797,1.324,0.711,0.783,48.95,39.05
"2024-08-03 16:30:00",10012,11.66,503,0,0.829,8.83,14.61,0.782,1.293,0.695,0.76,51.29,39.16
"2024-08-03 17:00:00",10013,11.67,503,0,0.79,8.37,13.99,0.741,1.239,0.654,0.726,52.29,40.16
"2024-08-03 17:30:00",10014,11.66,503,0,0.749,7.86,13.37,0.695,1.183,0.618,0.693,53.03,40.64
"2024-08-03 18:00:00",10015,11.66,503,0,0.654,6.84,11.69,0.606,1.035,0.535,0.594,52.46,42.4
"2024-08-03 18:30:00",10016,11.65,503,0,0.516,5.29,9.38,0.468,0.83,0.411,0.476,55.59,42.62
"2024-08-03 19:00:00",10017,11.65,503,0,0.407,4.03,7.59,0.357,0.672,0.307,0.374,54.5,42.1
"2024-08-03 19:30:00",10018,11.7,503,0,0.307,2.94,5.86,0.26,0.519,0.22,0.279,55.03,41.64
"2024-08-03 20:00:00",10019,11.65,503,0,0.175,1.65,3.38,0.146,0.299,0.097,0.12,51.09,40.17
"2024-08-03 20:30:00",10020,11.68,503,0,0.038,-0.03,1.24,-0.003,0.11,-0.012,0.012,51.59,38.58
"2024-08-03 21:00:00",10021,11.63,503,0,0.009,-0.38,0.78,-0.035,0.069,-0.039,-0.009,53.97,37.48
"2024-08-03 21:30:00",10022,11.63,503,0,-0.004,-0.48,0.47,-0.044,0.042,-0.051,-0.025,52.09,38.67
"2024-08-03 22:00:00",10023,11.58,503,0,-0.01,-0.52,0.34,-0.047,0.03,-0.054,-0.04,53.51,37.59
"2024-08-03 22:30:00",10024,11.64,503,0,-0.017,-0.63,0.26,-0.057,0.023,-0.063,-0.037,53.04,37.54
"2024-08-03 23:00:00",10025,11.6,503,0,-0.019,-0.67,0.26,-0.06,0.023,-0.069,-0.04,53.15,38.06
"2024-08-03 23:30:00",10026,11.61,503,0,-0.019,-0.63,0.21,-0.057,0.019,-0.066,-0.04,52.56,37.89
"2024-08-04 00:00:00",10027,11.65,503,0,-0.022,-0.67,0.17,-0.06,0.015,-0.066,-0.043,53.05,38.12
"2024-08-04 00:30:00",10028,11.6,503,0,-0.02,-0.67,0.21,-0.06,0.019,-0.066,-0.04,54.04,37.7
"2024-08-04 01:00:00",10029,11.6,503,0,-0.02,-0.67,0.21,-0.06,0.019,-0.066,-0.043,52.82,36.33
"2024-08-04 01:30:00",10030,11.6,503,0,-0.018,-0.64,0.26,-0.058,0.023,-0.064,-0.037,54.07,37.74
"2024-08-04 02:00:00",10031,11.56,503,0,-0.022,-0.67,0.17,-0.06,0.015,-0.063,-0.04,54,38.51
"2024-08-04 02:30:00",10032,11.63,503,0,-0.023,-0.71,0.17,-0.063,0.015,-0.066,-0.04,53.37,37.62
"2024-08-04 03:00:00",10033,11.63,503,0,-0.021,-0.66,0.17,-0.06,0.015,-0.066,-0.043,53.35,38.11
"2024-08-04 03:30:00",10034,11.55,503,0,-0.019,-0.67,0.26,-0.06,0.023,-0.066,-0.04,53.47,37.57
"2024-08-04 04:00:00",10035,11.56,503,0,-0.019,-0.67,0.26,-0.06,0.023,-0.067,-0.037,53.41,37.49
"2024-08-04 04:30:00",10036,11.58,503,0,-0.018,-0.67,0.3,-0.06,0.026,-0.063,-0.034,53.82,37.9
"2024-08-04 05:00:00",10037,11.61,503,0,-0.016,-0.63,0.3,-0.057,0.026,-0.063,-0.037,53.07,38.41
"2024-08-04 05:30:00",10038,11.57,503,0,-0.009,-0.52,0.38,-0.047,0.034,-0.057,-0.034,52.55,37.88
"2024-08-04 06:00:00",10039,11.56,503,0,-0.009,-0.56,0.43,-0.051,0.038,-0.061,-0.031,52.99,38.58
"2024-08-04 06:30:00",10040,11.62,503,0,0.008,-0.35,0.73,-0.032,0.064,-0.039,-0.012,54.47,38.13
"2024-08-04 07:00:00",10041,11.56,503,0,0,0.047,0.04,1.45,0.003,0.128,-0.012,0.031,53.99
"2024-08-04 07:30:00",10042,11.56,503,0,0.089,0.46,2.22,0.041,0.196,0.027,0.07,53.23,39.81
"2024-08-04 08:00:00",10043,11.57,503,0,0.129,0.92,2.88,0.081,0.255,0.06,0.109,55.99,40.76
"2024-08-04 08:30:00",10044,11.57,503,0,0.146,1.12,3.16,0.099,0.28,0.08,0.124,56.84,40.52
"2024-08-04 09:00:00",10045,11.56,503,0,0.183,1.52,3.8,0.135,0.336,0.104,0.163,55.53,41.29
"2024-08-04 09:30:00",10046,11.55,503,0,0.204,1.76,4.15,0.156,0.367,0.125,0.183,56.29,41.63
"2024-08-04 10:00:00",10047,11.55,503,0,0.277,2.55,5.41,0.226,0.478,0.19,0.246,55.08,42.5
"2024-08-04 10:30:00",10048,11.55,503,0,0.383,3.71,7.25,0.328,0.642,0.284,0.355,56.69,42.86
"2024-08-04 11:00:00",10049,11.56,503,0,0.313,2.97,6.01,0.263,0.532,0.216,0.288,55.37,41.96
"2024-08-04 11:30:00",10050,11.54,503,0,0.259,2.42,5.02,0.214,0.444,0.176,0.226,55.22,42.23
"2024-08-04 12:00:00",10051,11.54,503,0,0.35,3.31,6.73,0.293,0.595,0.249,0.321,56.59,43.02
"2024-08-04 12:30:00",10052,11.54,503,0,0.438,4.32,8.17,0.382,0.723,0.328,0.408,56.46,42.38
"2024-08-04 13:00:00",10053,11.54,503,0,0.476,4.8,8.77,0.425,0.776,0.367,0.441,54.61,42.29
"2024-08-04 13:30:00",10054,11.54,503,0,0.447,4.38,8.39,0.388,0.743,0.337,0.416,56.17,42.52
"2024-08-04 14:00:00",10055,11.6,503,0,"NAN","NAN","NAN","NAN","NAN","NAN","NAN","NAN","NAN"
"2024-08-04 14:30:00",10056,11.53,503,0,0.707,7.28,12.8,0.644,1.133,0.571,0.673,55.21,41.4
"2024-08-04 15:00:00",10057,11.53,503,0,0.785,8.19,14.07,0.725,1.246,0.654,0.751,52.71,39.58
"2024-08-04 15:30:00",10058,11.53,503,0,0.772,8.17,13.68,0.723,1.21,0.645,0.719,52.65,40.1
"2024-08-04 16:00:00",10059,11.54,503,0,0.763,8.07,13.53,0.714,1.198,0.626,0.713,53.47,40.33
"2024-08-04 16:30:00",10060,11.53,503,0,0.645,6.73,11.55,0.595,1.022,0.514,0.593,54.26,42.1
"2024-08-04 17:00:00",10061,11.59,503,0,0.565,5.77,10.3,0.511,0.911,0.445,0.52,54.87,42.88
"2024-08-04 17:30:00",10062,11.54,503,0,0.584,5.99,10.61,0.53,0.939,0.456,0.54,54.95,42.81
