"TOA5","CR300Series_410","CR300","5798","CR300.Std.11.00","CPU:CR300_sapflow.CR300","32345","Table1"
"TIMESTAMP","RECORD","BattV_Min","id","SDI0","SapFlwTot0","VhOuter0","VhInner0","AlphaOut0","AlphaIn0","BetaOut0","BetaIn0","tMaxTout0","tMaxTin0"
"TS","RN","Volts","","","literPerHour","heatVelocity","heatVelocity","logTRatio","logTRatio","logTRatio","logTRatio","second","second"
"","","Min","Smp","Smp","Smp","Smp","Smp","Smp","Smp","Smp","Smp","Smp","Smp"
"2024-07-21 16:00:00",1541,13.08,410,0,0.94,5.99,21.93,0.53,1.678,0.47,1.365,59.48,44.78
"2024-07-21 16:30:00",1542,13.08,410,0,0.919,6.58,20.48,0.583,1.645,0.515,1.309,61.84,45.61
"2024-07-21 17:00:00",1543,13.08,410,0,0.805,6.32,17.21,0.559,1.552,0.488,1.222,63.67,47.43
"2024-07-21 17:30:00",1544,13.08,410,0,0.853,4.84,20.69,0.428,1.54,0.375,1.282,57.29,45.5
"2024-07-21 18:00:00",1545,13.08,410,0,0.81,6.77,16.76,0.599,1.421,0.485,1.176,60.13,47.65
"2024-07-21 18:30:00",1546,13.08,410,0,0.683,5.16,14.88,0.456,1.335,0.377,1.061,61.99,48.67
"2024-07-21 19:00:00",1547,13.08,410,0,0.562,4.04,12.52,0.358,1.109,0.296,0.871,65.06,50.75
"2024-07-21 19:30:00",1548,13.07,410,0,0.434,2.65,10.28,0.235,0.91,0.18,0.693,62.41,51.02
"2024-07-21 20:00:00",1549,13.07,410,0,0.264,1.23,6.77,0.109,0.6,0.068,0.458,61.86,50.48
"2024-07-21 20:30:00",1550,13.06,410,0,0.129,0.09,3.98,0.008,0.352,-0.024,0.249,61.71,51.58
"2024-07-21 21:00:00",1551,13.06,410,0,0.051,-0.54,2.35,-0.048,0.208,-0.07,0.134,61.65,50.67
"2024-07-21 21:30:00",1552,13.05,410,0,0.011,-0.92,1.58,-0.082,0.14,-0.103,0.075,61.11,50.82
"2024-07-21 22:00:00",1553,13.04,410,0,-0.018,-1.15,0.93,-0.103,0.082,-0.123,0.026,60.67,50.12
"2024-07-21 22:30:00",1554,13.04,410,0,-0.04,-1.38,0.54,-0.123,0.047,-0.138,-0.006,61.88,50.33
"2024-07-21 23:00:00",1555,13.03,410,0,-0.054,-1.47,0.21,-0.131,0.019,-0.145,-0.026,61.54,50.15
"2024-07-21 23:30:00",1556,13.03,410,0,-0.063,-1.55,0.04,-0.138,0.003,-0.153,-0.038,61.33,48.27
"2024-07-22 00:00:00",1557,13.02,410,0,-0.066,-1.58,-0.03,-0.14,-0.003,-0.153,-0.043,61.07,49.82
"2024-07-22 00:30:00",1558,13.02,410,0,-0.07,-1.61,-0.1,-0.143,-0.009,-0.158,-0.052,61.5,49.27
"2024-07-22 01:00:00",1559,13.02,410,0,-0.074,-1.61,-0.24,-0.143,-0.022,-0.158,-0.064,61.37,49.72
"2024-07-22 01:30:00",1560,13.01,410,0,-0.076,-1.6,-0.31,-0.143,-0.028,-0.16,-0.066,62.38,49.48
"2024-07-22 02:00:00",1561,13.01,410,0,-0.076,-1.6,-0.31,-0.143,-0.028,-0.158,-0.069,61.16,50.02
"2024-07-22 02:30:00",1562,13.01,410,0,-0.078,-1.63,-0.34,-0.145,-0.031,-0.157,-0.069,62.3,49.91
"2024-07-22 03:00:00",1563,13.01,410,0,-0.078,-1.63,-0.34,-0.145,-0.031,-0.16,-0.069,61.52,49.13
"2024-07-22 03:30:00",1564,13.01,410,0,-0.078,-1.6,-0.38,-0.142,-0.034,-0.157,-0.069,62.09,50.12
"2024-07-22 04:00:00",1565,13,410,0,-0.078,-1.6,-0.38,-0.142,-0.034,-0.155,-0.072,62.68,49.03
"2024-07-22 04:30:00",1566,13,410,0,-0.076,-1.58,-0.34,-0.141,-0.031,-0.156,-0.069,62.75,49.51
"2024-07-22 05:00:00",1567,13,410,0,-0.078,-1.6,-0.38,-0.142,-0.034,-0.155,-0.072,62.21,49.29
"2024-07-22 05:30:00",1568,13,410,0,-0.074,-1.54,-0.34,-0.137,-0.031,-0.152,-0.072,61.07,50.09
"2024-07-22 06:00:00",1569,13,410,0,-0.077,-1.55,-0.41,-0.138,-0.037,-0.153,-0.075,63.35,50.7
"2024-07-22 06:30:00",1570,13,410,0,-0.077,-1.58,-0.38,-0.141,-0.034,-0.156,-0.069,63.43,50.61
"2024-07-22 07:00:00",1571,13,410,0,-0.075,-1.55,-0.34,-0.138,-0.031,-0.153,-0.072,62.61,51.06
"2024-07-22 07:30:00",1572,13,410,0,-0.067,-1.48,-0.2,-0.132,-0.018,-0.142,-0.057,63.26,51.59
"2024-07-22 08:00:00",1573,13,410,0,-0.061,-1.46,-0.02,-0.13,-0.003,-0.143,-0.04,63.04,50.23
"2024-07-22 08:30:00",1574,13,410,0,-0.055,-1.38,0.07,-0.123,0.006,-0.141,-0.037,62.95,50.71
"2024-07-22 09:00:00",1575,13,410,0,-0.071,-1.52,-0.27,-0.135,-0.025,-0.15,-0.066,62.72,50.07
"2024-07-22 09:30:00",1576,13,410,0,-0.082,-1.64,-0.47,-0.146,-0.042,-0.156,-0.082,62.71,52.16
"2024-07-22 10:00:00",1577,13,410,0,-0.067,-1.45,-0.23,-0.13,-0.021,-0.14,-0.059,63.68,50.88
"2024-07-22 10:30:00",1578,13,410,0,-0.032,-1.2,0.54,-0.107,0.048,-0.12,0.006,63.08,52.1
"2024-07-22 11:00:00",1579,13,410,0,0.02,-0.65,1.51,-0.058,0.134,-0.079,0.077,64.53,50.62
"2024-07-22 11:30:00",1580,13.01,410,0,0.209,0.79,5.61,0.07,0.497,0.046,0.397,66.34,53.54
"2024-07-22 12:00:00",1581,13.01,410,0,0.402,2.41,9.59,0.214,0.849,0.177,0.693,66.89,53.15
"2024-07-22 12:30:00",1582,13.01,410,0,0.411,2.55,9.7,0.225,0.858,0.177,0.685,63.4,52.26
"2024-07-22 13:00:00",1583,13.01,410,0,0.301,1.69,7.32,0.149,0.648,0.113,0.519,66.16,53.09
"2024-07-22 13:30:00",1584,13.01,410,0,0.459,3.13,10.45,0.277,0.924,-99,0.741,-99,54.03
"2024-07-22 14:00:00",1585,13.01,410,0,0.55,4.46,11.57,0.395,1.274,0.338,1.011,64.45,50.29
"2024-07-22 14:30:00",1586,13.02,410,0,0.586,4.03,13.28,0.357,1.175,0.302,0.93,65.2,50.46
"2024-07-22 15:00:00",1587,13.01,410,0,0.602,4.91,12.61,0.435,1.319,0.371,1.049,63.68,49.78
"2024-07-22 15:30:00",1588,13.02,410,0,0.626,4.86,13.45,0.43,1.306,0.367,1.033,64.96,49.39
"2024-07-22 16:00:00",1589,13.01,410,0,0.627,4.48,14,0.397,1.24,0.332,0.975,63.23,49.33
"2024-07-22 16:30:00",1590,13.01,410,0,0.572,3.99,12.89,0.353,1.141,0.291,0.902,62.59,48.85
"2024-07-22 17:00:00",1591,13.01,410,0,0.471,2.73,11.34,0.242,1.003,0.223,0.817,68.21,51.38
"2024-07-22 17:30:00",1592,13.01,410,0,0.554,4.04,12.26,0.358,1.085,0.309,0.86,66.69,52.64
"2024-07-22 18:00:00",1593,13.01,410,0,0.522,3.51,11.93,0.31,1.056,0.251,0.84,62.55,50.9
"2024-07-22 18:30:00",1594,13.01,410,0,0.38,2.32,9.01,0.205,0.797,0.164,0.629,65.51,51.36
"2024-07-22 19:00:00",1595,13,410,0,0.197,0.72,5.3,0.064,0.47,0.035,0.368,64.12,53.57
"2024-07-22 19:30:00",1596,13,410,0,0.075,-0.28,2.75,-0.026,0.243,-0.046,0.166,63.51,51.28
"2024-07-22 20:00:00",1597,13,410,0,0.076,-0.31,2.83,-0.028,0.251,-0.048,0.177,63.33,53.2
"2024-07-22 20:30:00",1598,13,410,0,0.064,-0.44,2.62,-0.04,0.232,-0.064,0.161,61.94,53.64
"2024-07-22 21:00:00",1599,12.99,410,0,0.016,-0.81,1.59,-0.073,0.141,-0.094,0.078,62.46,50.92
"2024-07-22 21:30:00",1600,12.99,410,0,-0.005,-1.02,1.16,-0.091,0.103,-0.112,0.052,62.35,52.21
"2024-07-22 22:00:00",1601,12.99,410,0,-0.033,-1.25,0.6,-0.111,0.053,-0.124,0.003,62.48,50.25
"2024-07-22 22:30:00",1602,12.98,410,0,-0.042,-1.32,0.39,-0.118,0.034,-0.134,-0.012,62.51,50.28
"2024-07-22 23:00:00",1603,12.98,410,0,-0.032,-1.21,0.56,-0.108,0.05,-0.123,0.006,62.76,52.36
"2024-07-22 23:30:00",1604,12.98,410,0,-0.026,-1.22,0.77,-0.109,0.068,-0.125,0.026,62.44,50.89
"2024-07-23 00:00:00",1605,12.98,410,0,-0.025,-1.18,0.74,-0.105,0.065,-0.121,0.011,64.31,49.41
"2024-07-23 00:30:00",1606,12.98,410,0,-0.031,-1.24,0.63,-0.111,0.056,-0.123,0.014,62.44,51.72
"2024-07-23 01:00:00",1607,12.98,410,0,-0.034,-1.28,0.6,-0.114,0.053,-0.129,0.003,63.82,52.44
"2024-07-23 01:30:00",1608,12.98,410,0,-0.036,-1.25,0.49,-0.111,0.043,-0.127,-0.003,63.45,49.4
"2024-07-23 02:00:00",1609,12.98,410,0,-0.032,-1.21,0.56,-0.108,0.05,-0.121,0.006,62.89,51.5
"2024-07-23 02:30:00",1610,12.98,410,0,-0.041,-1.27,0.35,-0.113,0.031,-0.134,-0.017,63.64,50.16
"2024-07-23 03:00:00",1611,12.98,410,0,-0.044,-1.3,0.31,-0.116,0.028,-0.128,-0.014,62.41,50.34
"2024-07-23 03:30:00",1612,12.98,410,0,-0.041,-1.27,0.35,-0.113,0.031,-0.131,-0.017,63.18,49.44
"2024-07-23 04:00:00",1613,12.98,410,0,-0.037,-1.22,0.42,-0.109,0.037,-0.127,-0.006,62.52,51.14
"2024-07-23 04:30:00",1614,12.97,410,0,-0.039,-1.25,0.39,-0.112,0.034,-0.125,-0.009,61.82,50.84
"2024-07-23 05:00:00",1615,12.97,410,0,-0.039,-1.25,0.39,-0.112,0.034,-0.129,-0.014,63.08,51.26
"2024-07-23 05:30:00",1616,12.97,410,0,-0.034,-1.19,0.46,-0.106,0.04,-0.122,-0.006,62.55,51
"2024-07-23 06:00:00",1617,12.97,410,0,-0.024,-1.13,0.7,-0.101,0.062,-0.119,0.009,62.55,51.16
"2024-07-23 06:30:00",1618,12.97,410,0,0,-0.92,1.23,-0.083,0.109,-0.101,0.057,63.68,51.04
"2024-07-23 07:00:00",1619,12.97,410,0,0.042,-0.57,2.1,-0.052,0.186,-0.071,0.12,63.04,52.74
"2024-07-23 07:30:00",1620,12.97,410,0,0.067,-0.34,2.58,-0.031,0.228,-0.05,0.159,63.99,52.03
"2024-07-23 08:00:00",1621,12.97,410,0,0.128,0.17,3.84,0.015,0.34,-0.008,0.251,64.71,54.16
"2024-07-23 08:30:00",1622,12.97,410,0,0.204,0.85,5.35,0.076,0.474,0.047,0.367,65.81,54
"2024-07-23 09:00:00",1623,12.97,410,0,0.325,1.77,7.98,0.157,0.707,0.123,0.564,65.15,53.34
"2024-07-23 09:30:00",1624,12.97,410,0,0.521,3.37,12.1,0.298,1.071,0.254,0.855,64.31,49.99
"2024-07-23 10:00:00",1625,12.97,410,0,0.573,4.63,12.06,0.41,1.327,0.352,1.043,63.93,50.03
"2024-07-23 10:30:00",1626,12.97,410,0,0.758,5.3,17.07,0.469,1.485,0.415,1.179,63.48,47.49
"2024-07-23 11:00:00",1627,12.97,410,0,0.774,5.79,16.92,0.512,1.563,0.449,1.25,62.99,47.57
"2024-07-23 11:30:00",1628,12.97,410,0,0.868,6.02,19.62,0.532,1.578,0.468,1.247,62.23,46.08
"2024-07-23 12:00:00",1629,12.97,410,0,0.899,6.1,20.49,0.54,1.611,0.475,1.279,61.59,45.6
"2024-07-23 12:30:00",1630,12.98,410,0,0.874,6.32,19.41,0.559,1.644,0.505,1.311,62.63,46.22
"2024-07-23 13:00:00",1631,12.98,410,0,0.905,6.39,20.29,0.566,1.665,0.517,1.337,64.77,45.7
"2024-07-23 13:30:00",1632,12.97,410,0,0.858,6.08,19.21,0.538,1.54,0.503,1.291,66.2,46.3
"2024-07-23 14:00:00",1633,12.98,410,0,0.903,7.06,19.35,0.625,1.66,0.512,1.295,58.17,46.21
"2024-07-23 14:30:00",1634,12.98,410,0,0.889,6.57,19.55,0.581,1.699,0.505,1.299,62.52,46.12
"2024-07-23 15:00:00",1635,12.98,410,0,0.837,6.16,18.44,0.546,1.623,0.48,1.279,62.15,46.74
"2024-07-23 15:30:00",1636,12.98,410,0,0.857,6.16,19.08,0.545,1.562,0.509,1.293,67.21,46.37
"2024-07-23 16:00:00",1637,12.98,410,0,0.957,6.38,21.95,0.565,1.752,0.508,1.378,60.2,44.8
"2024-07-23 16:30:00",1638,12.98,410,0,0.901,6.75,19.68,0.597,1.74,0.507,1.324,59.96,46.06
"2024-07-23 17:00:00",1639,12.98,410,0,0.685,4.62,15.66,0.409,1.349,0.358,1.081,64.25,48.27
"2024-07-23 17:30:00",1640,12.97,410,0,0.601,4.71,12.84,0.417,1.268,0.34,1.017,60.39,49.68
"2024-07-23 18:00:00",1641,12.97,410,0,0.415,2.61,9.72,0.231,0.861,0.177,0.679,63.59,51.52
"2024-07-23 18:30:00",1642,12.97,410,0,0.223,0.9,5.9,0.079,0.522,0.049,0.411,63.41,51.87
"2024-07-23 19:00:00",1643,12.96,410,0,0.11,-0.12,3.65,-0.011,0.323,-0.046,0.23,59.99,51.78
"2024-07-23 19:30:00",1644,12.96,410,0,0.006,-0.95,1.46,-0.085,0.129,-0.104,0.065,60.6,49.78
"2024-07-23 20:00:00",1645,12.95,410,0,-0.04,-1.38,0.54,-0.123,0.048,-0.138,-0.003,60.28,50.15
"2024-07-23 20:30:00",1646,12.94,410,0,-0.052,-1.42,0.22,-0.127,0.019,-0.139,-0.026,62.59,50.36
"2024-07-23 21:00:00",1647,12.94,410,0,-0.068,-1.6,-0.06,-0.142,-0.006,-0.157,-0.05,61.12,50.73
"2024-07-23 21:30:00",1648,12.94,410,0,-0.071,-1.57,-0.21,-0.14,-0.019,-0.155,-0.059,61.09,49.54
"2024-07-23 22:00:00",1649,12.93,410,0,-0.077,-1.65,-0.28,-0.147,-0.025,-0.162,-0.067,63.05,50.66
"2024-07-23 22:30:00",1650,12.93,410,0,-0.077,-1.64,-0.31,-0.146,-0.028,-0.161,-0.067,61.26,48.62
"2024-07-23 23:00:00",1651,12.93,410,0,-0.078,-1.62,-0.35,-0.144,-0.032,-0.156,-0.067,61.15,49.49
"2024-07-23 23:30:00",1652,12.93,410,0,-0.079,-1.62,-0.38,-0.144,-0.035,-0.159,-0.073,61.04,49.5
"2024-07-24 00:00:00",1653,12.92,410,0,-0.08,-1.64,-0.38,-0.146,-0.035,-0.161,-0.073,61.69,50.13
"2024-07-24 00:30:00",1654,12.92,410,0,-0.078,-1.62,-0.35,-0.144,-0.031,-0.162,-0.07,61.87,50.74
"2024-07-24 01:00:00",1655,12.92,410,0,-0.081,-1.65,-0.42,-0.147,-0.038,-0.162,-0.079,61.51,50.79
"2024-07-24 01:30:00",1656,12.92,410,0,-0.083,-1.67,-0.45,-0.149,-0.041,-0.164,-0.085,62.66,50.17
"2024-07-24 02:00:00",1657,12.92,410,0,-0.082,-1.64,-0.45,-0.146,-0.041,-0.164,-0.079,62.36,50.28
"2024-07-24 02:30:00",1658,12.92,410,0,-0.086,-1.73,-0.45,-0.154,-0.041,-0.169,-0.082,61.26,51.11
"2024-07-24 03:00:00",1659,12.92,410,0,-0.086,-1.66,-0.56,-0.148,-0.05,-0.16,-0.084,61.91,49.95
"2024-07-24 03:30:00",1660,12.91,410,0,-0.085,-1.66,-0.52,-0.148,-0.047,-0.155,-0.084,62.24,50.01
"2024-07-24 04:00:00",1661,12.91,410,0,-0.085,-1.68,-0.49,-0.149,-0.044,-0.165,-0.079,62.11,50.97
"2024-07-24 04:30:00",1662,12.91,410,0,-0.082,-1.64,-0.45,-0.146,-0.041,-0.158,-0.078,62.19,50.95
"2024-07-24 05:00:00",1663,12.92,410,0,-0.076,-1.59,-0.34,-0.142,-0.031,-0.154,-0.073,62.24,50.01
"2024-07-24 05:30:00",1664,12.91,410,0,-0.071,-1.52,-0.27,-0.136,-0.025,-0.148,-0.067,62.35,51.37
"2024-07-24 06:00:00",1665,12.91,410,0,-0.069,-1.53,-0.2,-0.136,-0.019,-0.147,-0.061,62.64,50.67
"2024-07-24 06:30:00",1666,12.91,410,0,-0.063,-1.42,-0.13,-0.127,-0.013,-0.14,-0.055,62.49,50.94
"2024-07-24 07:00:00",1667,12.91,410,0,-0.052,-1.37,0.14,-0.122,0.012,-0.135,-0.035,63.12,51.3
"2024-07-24 07:30:00",1668,12.91,410,0,-0.031,-1.16,0.53,-0.103,0.046,-0.117,-0.003,63.98,51.08
"2024-07-24 08:00:00",1669,12.91,410,0,0.015,-0.74,1.47,-0.067,0.13,-0.083,0.072,63.42,51.19
"2024-07-24 08:30:00",1670,12.91,410,0,0.088,-0.17,3.02,-0.016,0.267,-0.036,0.19,63.73,52.08
"2024-07-24 09:00:00",1671,12.91,410,0,0.117,0.06,3.65,0.005,0.323,-0.015,0.24,65.56,52.77
"2024-07-24 09:30:00",1672,12.91,410,0,0.107,0,3.4,0,0.301,-0.026,0.223,64.53,52.56
"2024-07-24 10:00:00",1673,12.91,410,0,0.193,0.68,5.25,0.06,0.465,0.035,0.366,65.88,54.07
"2024-07-24 10:30:00",1674,12.91,410,0,0.239,1.06,6.19,0.094,0.548,0.066,0.441,64.34,51.96
"2024-07-24 11:00:00",1675,12.91,410,0,0.262,1.33,6.58,0.118,0.582,0.087,0.467,65.23,51.5
"2024-07-24 11:30:00",1676,12.92,410,0,0.223,1.01,5.76,0.09,0.51,0.059,0.4,63.94,53.13
"2024-07-24 12:00:00",1677,12.91,410,0,0.219,1.04,5.6,0.092,0.495,0.069,0.394,68.37,52.12
"2024-07-24 12:30:00",1678,12.92,410,0,0.428,2.72,9.99,0.241,0.884,0.205,0.715,66.17,52.53
"2024-07-24 13:00:00",1679,12.91,410,0,0.42,2.69,9.8,0.238,0.868,0.196,0.689,65.47,52.14
"2024-07-24 13:30:00",1680,12.91,410,0,0.359,2.16,8.54,0.191,0.756,0.154,0.597,65.5,52.44
"2024-07-24 14:00:00",1681,12.92,410,0,0.516,3.47,11.8,0.307,1.045,0.267,0.85,65.23,51.34
"2024-07-24 14:30:00",1682,12.92,410,0,0.603,4.42,13.29,0.391,1.266,0.334,1.019,63.65,49.5
"2024-07-24 15:00:00",1683,12.92,410,0,0.636,4.53,14.21,0.401,1.258,0.343,0.994,65.98,49.85
"2024-07-24 15:30:00",1684,12.92,410,0,0.655,3.95,15.6,0.35,1.321,0.328,1.112,66.76,48.28
"2024-07-24 16:00:00",1685,12.92,410,0,0.665,5.32,14.07,0.47,1.416,0.391,1.109,61.55,49.07
"2024-07-24 16:30:00",1686,12.92,410,0,0.301,1.73,7.28,0.153,0.644,0.108,0.511,63.15,51.77
"2024-07-24 17:00:00",1687,12.91,410,0,0.049,-0.47,2.18,-0.043,0.193,-0.068,0.128,61.7,51.56
"2024-07-24 17:30:00",1688,12.91,410,0,0.038,-0.58,1.99,-0.053,0.177,-0.075,0.111,62.99,52.02
"2024-07-24 18:00:00",1689,12.9,410,0,0.071,-0.35,2.73,-0.032,0.241,-0.056,0.171,64.31,51.66
"2024-07-24 18:30:00",1690,12.91,410,0,0.094,-0.2,3.26,-0.019,0.289,-0.042,0.208,63.68,52.03
"2024-07-24 19:00:00",1691,12.9,410,0,0.098,-0.14,3.32,-0.013,0.294,-0.034,0.215,64.13,51.89
"2024-07-24 19:30:00",1692,12.9,410,0,0.081,-0.29,2.95,-0.026,0.261,-0.049,0.186,64.15,51.66
"2024-07-24 20:00:00",1693,12.9,410,0,0.073,-0.38,2.83,-0.035,0.251,-0.06,0.175,63.94,51.56
"2024-07-24 20:30:00",1694,12.89,410,0,0.021,-0.81,1.76,-0.072,0.156,-0.091,0.091,63.32,50.67
"2024-07-24 21:00:00",1695,12.89,410,0,-0.009,-1.04,1.08,-0.093,0.095,-0.109,0.038,63.05,50.25
"2024-07-24 21:30:00",1696,12.89,410,0,-0.035,-1.27,0.54,-0.114,0.048,-0.132,-0.003,62.73,49.25
"2024-07-24 22:00:00",1697,12.89,410,0,-0.041,-1.3,0.39,-0.116,0.035,-0.131,-0.009,62.85,51.03
"2024-07-24 22:30:00",1698,12.89,410,0,-0.053,-1.42,0.18,-0.127,0.016,-0.14,-0.026,62.81,51
"2024-07-24 23:00:00",1699,12.88,410,0,-0.051,-1.38,0.18,-0.123,0.016,-0.136,-0.029,62.91,50
"2024-07-24 23:30:00",1700,12.88,410,0,-0.056,-1.41,0.07,-0.126,0.006,-0.139,-0.038,62.98,50.34
"2024-07-25 00:00:00",1701,12.88,410,0,-0.046,-1.34,0.29,-0.119,0.025,-0.135,-0.026,61.65,49.99
"2024-07-25 00:30:00",1702,12.88,410,0,-0.037,-1.25,0.47,-0.111,0.041,-0.127,-0.006,61.27,50.14
"2024-07-25 01:00:00",1703,12.88,410,0,-0.069,-1.55,-0.17,-0.138,-0.016,-0.153,-0.059,61.35,49.54
"2024-07-25 01:30:00",1704,12.88,410,0,-0.074,-1.55,-0.31,-0.138,-0.029,-0.151,-0.068,61.42,50.44
"2024-07-25 02:00:00",1705,12.88,410,0,-0.077,-1.57,-0.38,-0.14,-0.035,-0.158,-0.077,62.78,49.86
"2024-07-25 02:30:00",1706,12.88,410,0,-0.079,-1.57,-0.46,-0.14,-0.041,-0.155,-0.077,61.04,50.49
"2024-07-25 03:00:00",1707,12.87,410,0,-0.079,-1.63,-0.38,-0.145,-0.035,-0.16,-0.073,61.06,49.83
"2024-07-25 03:30:00",1708,12.87,410,0,-0.071,-1.55,-0.24,-0.138,-0.022,-0.151,-0.064,62.75,51.51
"2024-07-25 04:00:00",1709,12.87,410,0,-0.069,-1.51,-0.2,-0.135,-0.019,-0.147,-0.062,62.91,51.26
"2024-07-25 04:30:00",1710,12.87,410,0,-0.055,-1.44,0.14,-0.128,0.013,-0.141,-0.038,60.68,52.48
"2024-07-25 05:00:00",1711,12.87,410,0,-0.056,-1.38,0.04,-0.123,0.003,-0.138,-0.041,62.41,48.93
"2024-07-25 05:30:00",1712,12.87,410,0,-0.054,-1.37,0.07,-0.123,0.006,-0.14,-0.035,63.69,51.45
"2024-07-25 06:00:00",1713,12.87,410,0,-0.045,-1.27,0.22,-0.114,0.019,-0.13,-0.026,61.09,49.85
"2024-07-25 06:30:00",1714,12.87,410,0,-0.037,-1.22,0.43,-0.108,0.038,-0.124,-0.012,63.02,50.79
"2024-07-25 07:00:00",1715,12.87,410,0,-0.038,-1.21,0.36,-0.108,0.032,-0.121,-0.015,62.19,49.38
"2024-07-25 07:30:00",1716,12.86,410,0,-0.015,-1,0.82,-0.09,0.072,-0.103,0.015,64.18,50.54
"2024-07-25 08:00:00",1717,12.86,410,0,0.008,-0.83,1.36,-0.074,0.12,-0.091,0.067,62.59,51.36
"2024-07-25 08:30:00",1718,12.87,410,0,0.015,-0.74,1.47,-0.066,0.13,-0.085,0.073,62.62,52.06
"2024-07-25 09:00:00",1719,12.86,410,0,-0.027,-1.11,0.6,-0.099,0.053,-0.116,0.006,64.3,51.4
"2024-07-25 09:30:00",1720,12.86,410,0,0.037,-0.65,2.05,-0.058,0.182,-0.075,0.128,63.93,53.22
"2024-07-25 10:00:00",1721,12.86,410,0,0.119,0.12,3.64,0.011,0.323,-0.013,0.245,63.58,52.61
"2024-07-25 10:30:00",1722,12.87,410,0,0.08,-0.2,2.82,-0.019,0.249,-0.039,0.175,63.5,52.53
"2024-07-25 11:00:00",1723,12.86,410,0,0.039,-0.56,1.99,-0.05,0.176,-0.067,0.111,62.72,52.17
"2024-07-25 11:30:00",1724,12.86,410,0,0.028,-0.65,1.75,-0.058,0.155,-0.078,0.091,62.72,50.34
"2024-07-25 12:00:00",1725,12.86,410,0,-0.009,-0.98,1,-0.088,0.088,-0.104,0.032,63.9,51.51
"2024-07-25 12:30:00",1726,12.86,410,0,-0.041,-1.21,0.28,-0.108,0.025,-0.118,-0.023,62.96,50.73
"2024-07-25 13:00:00",1727,12.86,410,0,-0.057,-1.36,-0.03,-0.121,-0.003,-0.136,-0.047,62.81,49.74
"2024-07-25 13:30:00",1728,12.86,410,0,-0.016,-1.07,0.88,-0.096,0.078,-0.114,0.026,63.22,52.26
"2024-07-25 14:00:00",1729,12.86,410,0,0.113,0.03,3.55,0.003,0.314,-0.023,0.234,63.67,53.54
"2024-07-25 14:30:00",1730,12.86,410,0,0.283,1.46,7.06,0.13,0.625,0.093,0.5,65.51,52.45
"2024-07-25 15:00:00",1731,12.86,410,0,0.341,1.96,8.25,0.173,0.731,0.135,0.578,65.02,51.8
"2024-07-25 15:30:00",1732,12.86,410,0,0.414,2.53,9.82,0.224,0.869,0.191,0.703,66.35,52.45
"2024-07-25 16:00:00",1733,12.86,410,0,0.596,4.02,13.62,0.355,1.205,0.322,0.984,66.69,49.2
"2024-07-25 16:30:00",1734,12.86,410,0,0.685,5.07,15.05,0.449,1.433,0.386,1.153,63.71,48.56
"2024-07-25 17:00:00",1735,12.86,410,0,0.725,5.25,16.09,0.465,1.439,0.397,1.136,62.33,48.01
"2024-07-25 17:30:00",1736,12.86,410,0,0.633,4.52,14.13,0.4,1.251,0.34,0.983,63.2,50.14
"2024-07-25 18:00:00",1737,12.86,410,0,0.496,3.35,11.33,0.296,1.003,0.248,0.788,64.94,50.2
"2024-07-25 18:30:00",1738,12.86,410,0,0.363,2.24,8.56,0.198,0.757,0.158,0.596,63.46,50.82
"2024-07-25 19:00:00",1739,12.86,410,0,0.191,0.73,5.11,0.065,0.452,0.034,0.349,62.69,51.88
"2024-07-25 19:30:00",1740,12.85,410,0,0.094,-0.08,3.11,-0.008,0.276,-0.032,0.194,63.06,52.5
"2024-07-25 20:00:00",1741,12.85,410,0,0.03,-0.66,1.85,-0.059,0.164,-0.082,0.097,61.81,50.83
"2024-07-25 20:30:00",1742,12.85,410,0,0.006,-0.9,1.38,-0.081,0.122,-0.097,0.062,61.85,50.88
"2024-07-25 21:00:00",1743,12.84,410,0,-0.001,-0.93,1.19,-0.083,0.106,-0.105,0.047,63.84,51.19
"2024-07-25 21:30:00",1744,12.84,410,0,0.001,-0.93,1.27,-0.083,0.112,-0.103,0.056,62.4,52.27
"2024-07-25 22:00:00",1745,12.84,410,0,-0.015,-1.12,0.98,-0.1,0.086,-0.121,0.033,61.57,49.93
"2024-07-25 22:30:00",1746,12.84,410,0,-0.023,-1.15,0.76,-0.103,0.067,-0.119,0.018,62.82,50.58
"2024-07-25 23:00:00",1747,12.84,410,0,-0.034,-1.24,0.54,-0.111,0.048,-0.132,-0.006,61.1,50.8
"2024-07-25 23:30:00",1748,12.84,410,0,-0.044,-1.33,0.33,-0.119,0.029,-0.135,-0.018,60.57,50.7
"2024-07-26 00:00:00",1749,12.83,410,0,-0.056,-1.39,0.04,-0.124,0.003,-0.142,-0.042,62.07,50.52
"2024-07-26 00:30:00",1750,12.83,410,0,-0.061,-1.49,0,-0.132,0,-0.148,-0.051,61.83,49.76
"2024-07-26 01:00:00",1751,12.83,410,0,-0.061,-1.46,-0.03,-0.13,-0.003,-0.143,-0.045,60.73,50.17
"2024-07-26 01:30:00",1752,12.82,410,0,-0.057,-1.43,0.07,-0.127,0.006,-0.142,-0.042,62.1,50.97
"2024-07-26 02:00:00",1753,12.82,410,0,-0.049,-1.33,0.18,-0.119,0.016,-0.137,-0.03,62.13,49.88
"2024-07-26 02:30:00",1754,12.82,410,0,-0.06,-1.4,-0.06,-0.125,-0.007,-0.144,-0.048,61.47,50.91
"2024-07-26 03:00:00",1755,12.82,410,0,-0.064,-1.48,-0.1,-0.132,-0.01,-0.148,-0.054,62.72,49.91
"2024-07-26 03:30:00",1756,12.82,410,0,-0.063,-1.45,-0.1,-0.13,-0.01,-0.143,-0.051,61.62,50.22
"2024-07-26 04:00:00",1757,12.82,410,0,-0.067,-1.51,-0.14,-0.135,-0.013,-0.148,-0.057,62.2,50.23
"2024-07-26 04:30:00",1758,12.81,410,0,-0.065,-1.45,-0.17,-0.13,-0.016,-0.148,-0.063,61.95,50.81
"2024-07-26 05:00:00",1759,12.81,410,0,-0.062,-1.42,-0.1,-0.126,-0.01,-0.14,-0.054,60.84,49.86
"2024-07-26 05:30:00",1760,12.81,410,0,-0.068,-1.47,-0.25,-0.131,-0.023,-0.144,-0.069,62.09,49.44
"2024-07-26 06:00:00",1761,12.81,410,0,-0.069,-1.48,-0.24,-0.132,-0.022,-0.147,-0.065,61.77,50.1
"2024-07-26 06:30:00",1762,12.81,410,0,-0.064,-1.43,-0.17,-0.127,-0.016,-0.143,-0.056,63.61,50.27
"2024-07-26 07:00:00",1763,12.81,410,0,0.013,-0.84,1.52,-0.075,0.134,-0.097,0.071,63.26,51.7
"2024-07-26 07:30:00",1764,12.81,410,0,0.109,0.03,3.44,0.003,0.305,-0.024,0.219,64.29,53.15
"2024-07-26 08:00:00",1765,12.81,410,0,0.216,0.88,5.71,0.078,0.506,0.044,0.396,64.38,52
"2024-07-26 08:30:00",1766,12.81,410,0,0.371,2.16,8.93,0.191,0.791,0.152,0.629,64.13,53
"2024-07-26 09:00:00",1767,12.81,410,0,0.538,3.58,12.37,0.317,1.094,0.266,0.862,65.41,50.67
"2024-07-26 09:30:00",1768,12.81,410,0,0.637,4.89,13.75,0.433,1.382,0.373,1.08,65.94,49.26
"2024-07-26 10:00:00",1769,12.81,410,0,0.845,6.19,18.65,0.548,1.663,0.478,1.284,63.05,46.63
"2024-07-26 10:30:00",1770,12.81,410,0,0.92,6.48,20.65,0.574,1.725,0.51,1.344,63.59,45.51
"2024-07-26 11:00:00",1771,12.81,410,0,0.942,6.64,21.14,0.588,1.762,0.527,1.383,61.49,45.24
"2024-07-26 11:30:00",1772,12.82,410,0,0.961,6.84,21.48,0.605,1.773,0.547,1.411,61.85,45.03
"2024-07-26 12:00:00",1773,12.82,410,0,0.997,6.96,22.47,0.616,1.793,0.552,1.42,60.48,44.49
"2024-07-26 12:30:00",1774,12.82,410,0,1.015,7.03,22.93,0.622,1.79,0.566,1.425,62.88,44.24
"2024-07-26 13:00:00",1775,12.82,410,0,0.998,6.68,22.86,0.591,1.712,0.548,1.419,63.2,44.29
"2024-07-26 13:30:00",1776,12.83,410,0,1.008,6.76,23.07,0.598,1.736,0.564,1.44,64.19,44.18
"2024-07-26 14:00:00",1777,12.83,410,0,1.061,7.44,23.87,0.658,1.79,0.621,1.481,63.48,43.73
"2024-07-26 14:30:00",1778,12.83,410,0,1.076,7.39,24.42,0.654,1.893,0.579,1.479,60.09,43.42
"2024-07-26 15:00:00",1779,12.83,410,0,1.017,6.8,23.32,0.602,1.773,0.552,1.431,60.84,44.02
"2024-07-26 15:30:00",1780,12.83,410,0,1.011,7.02,22.82,0.621,1.753,0.558,1.391,62.55,44.31
"2024-07-26 16:00:00",1781,12.83,410,0,0.9,6.61,19.85,0.585,1.669,0.517,1.309,61.52,45.94
"2024-07-26 16:30:00",1782,12.83,410,0,0.754,5.51,16.67,0.488,1.44,0.413,1.126,63.42,47.69
"2024-07-26 17:00:00",1783,12.83,410,0,0.625,4.31,14.15,0.381,1.253,0.35,0.997,69.12,50.36
"2024-07-26 17:30:00",1784,12.83,410,0,0.597,4.23,13.37,0.375,1.184,0.309,0.936,63.37,49.88
"2024-07-26 18:00:00",1785,12.82,410,0,0.44,2.78,10.29,0.246,0.911,0.195,0.726,63.61,51.97
"2024-07-26 18:30:00",1786,12.82,410,0,0.261,1.19,6.72,0.106,0.595,0.071,0.464,63.87,52.48
"2024-07-26 19:00:00",1787,12.81,410,0,0.182,0.55,5.06,0.049,0.448,0.019,0.341,63.71,51.9
"2024-07-26 19:30:00",1788,12.81,410,0,0.106,-0.11,3.52,-0.011,0.311,-0.035,0.224,63.42,52.19
"2024-07-26 20:00:00",1789,12.81,410,0,0.053,-0.57,2.45,-0.051,0.217,-0.077,0.143,62.78,50.98
"2024-07-26 20:30:00",1790,12.8,410,0,0.01,-0.95,1.58,-0.085,0.14,-0.107,0.08,62.23,51
"2024-07-26 21:00:00",1791,12.8,410,0,-0.013,-1.13,1.07,-0.101,0.094,-0.123,0.039,61.29,51.15
"2024-07-26 21:30:00",1792,12.8,410,0,-0.03,-1.27,0.7,-0.113,0.062,-0.132,0.015,61.39,50.57
"2024-07-26 22:00:00",1793,12.79,410,0,-0.041,-1.36,0.47,-0.121,0.042,-0.137,-0.006,63.2,50.14
"2024-07-26 22:30:00",1794,12.79,410,0,-0.047,-1.4,0.33,-0.125,0.029,-0.138,-0.018,63.27,50.62
"2024-07-26 23:00:00",1795,12.79,410,0,-0.053,-1.48,0.26,-0.132,0.023,-0.147,-0.027,62.15,49.92
"2024-07-26 23:30:00",1796,12.79,410,0,-0.054,-1.44,0.18,-0.128,0.016,-0.141,-0.033,61.78,50.38
"2024-07-27 00:00:00",1797,12.78,410,0,-0.058,-1.49,0.11,-0.132,0.01,-0.148,-0.036,61.37,49.97
"2024-07-27 00:30:00",1798,12.78,410,0,-0.06,-1.52,0.07,-0.136,0.007,-0.149,-0.039,62.16,50.35
"2024-07-27 01:00:00",1799,12.78,410,0,-0.059,-1.49,0.07,-0.133,0.006,-0.148,-0.039,62.52,50.55
"2024-07-27 01:30:00",1800,12.78,410,0,-0.058,-1.45,0.04,-0.13,0.003,-0.145,-0.039,62.42,50.03
"2024-07-27 02:00:00",1801,12.78,410,0,-0.055,-1.46,0.15,-0.13,0.013,-0.143,-0.033,61.94,51.38
"2024-07-27 02:30:00",1802,12.77,410,0,-0.061,-1.49,0,-0.132,0,-0.146,-0.042,62.74,50.92
"2024-07-27 03:00:00",1803,12.77,410,0,-0.052,-1.43,0.22,-0.127,0.019,-0.14,-0.027,61.43,50.19
"2024-07-27 03:30:00",1804,12.77,410,0,-0.05,-1.39,0.22,-0.124,0.019,-0.137,-0.027,62.99,50.49
"2024-07-27 04:00:00",1805,12.77,410,0,-0.049,-1.36,0.22,-0.122,0.019,-0.138,-0.024,62.22,51.08
"2024-07-27 04:30:00",1806,12.77,410,0,-0.051,-1.37,0.18,-0.122,0.016,-0.141,-0.03,62.3,51.33
"2024-07-27 05:00:00",1807,12.77,410,0,-0.059,-1.43,0,-0.127,0,-0.143,-0.045,62.16,50.5
"2024-07-27 05:30:00",1808,12.77,410,0,-0.059,-1.43,0,-0.127,0,-0.141,-0.045,61.98,51.01
"2024-07-27 06:00:00",1809,12.76,410,0,-0.058,-1.43,0.04,-0.127,0.003,-0.143,-0.045,62.41,50.02
"2024-07-27 06:30:00",1810,12.76,410,0,-0.039,-1.24,0.37,-0.111,0.032,-0.13,-0.012,62.61,50.52
"2024-07-27 07:00:00",1811,12.76,410,0,0.003,-0.9,1.28,-0.081,0.113,-0.1,0.057,62.89,51.07
"2024-07-27 07:30:00",1812,12.76,410,0,0.059,-0.41,2.42,-0.037,0.215,-0.057,0.148,64.53,51.87
"2024-07-27 08:00:00",1813,12.76,410,0,0.144,0.27,4.21,0.024,0.373,0,0.288,64.06,53.24
"2024-07-27 08:30:00",1814,12.76,410,0,0.266,1.27,6.77,0.113,0.599,0.082,0.48,65.09,53.02
"2024-07-27 09:00:00",1815,12.76,410,0,0.387,2.28,9.27,0.201,0.82,0.164,0.666,67.13,52.55
"2024-07-27 09:30:00",1816,12.76,410,0,0.555,3.7,12.73,0.327,1.127,0.28,0.909,66.14,50.73
"2024-07-27 10:00:00",1817,12.76,410,0,0.635,4.64,14.03,0.411,1.338,0.363,1.073,65.74,49.07
"2024-07-27 10:30:00",1818,12.77,410,0,0.739,5.33,16.42,0.472,1.483,0.42,1.193,64.66,47.83
"2024-07-27 11:00:00",1819,12.78,410,0,0.852,5.85,19.34,0.518,1.575,0.465,1.265,63.63,46.23
"2024-07-27 11:30:00",1820,12.78,410,0,0.864,5.97,19.54,0.528,1.58,0.478,1.281,64.63,46.13
"2024-07-27 12:00:00",1821,12.78,410,0,0.946,6.52,21.44,0.577,1.687,0.515,1.35,62.88,45.07
"2024-07-27 12:30:00",1822,12.79,410,0,0.879,6.35,19.51,0.562,1.606,0.502,1.3,64.24,46.16
"2024-07-27 13:00:00",1823,12.78,410,0,0.957,6.24,22.15,0.552,1.64,0.526,1.391,65.52,44.68
"2024-07-27 13:30:00",1824,12.79,410,0,0.909,7.32,19.18,0.648,1.601,0.538,1.297,59.79,46.32
"2024-07-27 14:00:00",1825,12.79,410,0,1.014,6.67,23.39,0.591,1.605,0.556,1.403,64.39,43.99
"2024-07-27 14:30:00",1826,12.8,410,0,0.952,6.7,21.38,0.593,1.797,0.513,1.365,59.58,45.11
"2024-07-27 15:00:00",1827,12.79,410,0,0.91,6.35,20.5,0.562,1.691,0.503,1.324,63.93,45.59
"2024-07-27 15:30:00",1828,12.8,410,0,0.797,6.34,16.91,0.561,1.523,0.467,1.195,62.31,47.58
"2024-07-27 16:00:00",1829,12.79,410,0,0.89,6.04,20.29,0.535,1.63,0.488,1.349,63.2,45.7
"2024-07-27 16:30:00",1830,12.79,410,0,0.688,5.4,14.7,0.478,1.373,0.388,1.068,60.96,48.73
"2024-07-27 17:00:00",1831,12.79,410,0,0.562,3.81,12.81,0.337,1.255,-99,1.036,-99,49.71
"2024-07-27 17:30:00",1832,12.79,410,0,0.67,5.82,13.57,0.515,1.329,0.386,1.058,58.91,49.35
"2024-07-27 18:00:00",1833,12.78,410,0,0.458,2.97,10.61,0.263,0.939,0.217,0.742,64.07,51.84
"2024-07-27 18:30:00",1834,12.78,410,0,0.467,3.02,10.83,0.268,0.959,0.218,0.786,62.73,51.34
"2024-07-27 19:00:00",1835,12.78,410,0,0.439,2.85,10.17,0.252,0.9,0.203,0.729,64.88,51.82
"2024-07-27 19:30:00",1836,12.78,410,0,0.276,1.34,6.99,0.119,0.618,0.079,0.474,62.91,51.25
"2024-07-27 20:00:00",1837,12.78,410,0,0.132,0.1,4.07,0.009,0.36,-0.022,0.258,60.71,50.57
"2024-07-27 20:30:00",1838,12.77,410,0,0.064,-0.44,2.62,-0.04,0.232,-0.066,0.146,61.59,50.87
"2024-07-27 21:00:00",1839,12.77,410,0,0.024,-0.81,1.85,-0.073,0.164,-0.092,0.094,60.5,50.35
"2024-07-27 21:30:00",1840,12.76,410,0,-0.003,-1.03,1.25,-0.092,0.11,-0.108,0.049,61.6,49.78
"2024-07-27 22:00:00",1841,12.75,410,0,-0.021,-1.21,0.9,-0.108,0.08,-0.125,0.021,61.9,50.08
"2024-07-27 22:30:00",1842,12.75,410,0,-0.029,-1.24,0.71,-0.11,0.063,-0.126,0.009,60.91,49.5
"2024-07-27 23:00:00",1843,12.75,410,0,-0.033,-1.29,0.63,-0.115,0.056,-0.131,0.003,61.22,50.65
"2024-07-27 23:30:00",1844,12.74,410,0,-0.039,-1.33,0.49,-0.118,0.043,-0.137,-0.012,62.66,50.84
"2024-07-28 00:00:00",1845,12.74,410,0,-0.045,-1.38,0.37,-0.123,0.033,-0.139,-0.015,60.58,50.69
"2024-07-28 00:30:00",1846,12.74,410,0,-0.05,-1.44,0.3,-0.128,0.026,-0.144,-0.024,62.17,50.19
"2024-07-28 01:00:00",1847,12.74,410,0,-0.055,-1.43,0.11,-0.127,0.01,-0.141,-0.033,61.9,49.82
"2024-07-28 01:30:00",1848,12.73,410,0,-0.063,-1.54,0,-0.138,0,-0.156,-0.043,60.91,49.51
"2024-07-28 02:00:00",1849,12.73,410,0,-0.063,-1.51,-0.03,-0.135,-0.003,-0.15,-0.046,62.09,49.43
"2024-07-28 02:30:00",1850,12.73,410,0,-0.063,-1.53,0,-0.136,0,-0.15,-0.046,61.18,50.76
"2024-07-28 03:00:00",1851,12.73,410,0,-0.067,-1.52,-0.14,-0.135,-0.013,-0.148,-0.055,62.16,51.17
"2024-07-28 03:30:00",1852,12.72,410,0,-0.067,-1.49,-0.18,-0.133,-0.016,-0.144,-0.055,62.02,50.6
"2024-07-28 04:00:00",1853,12.72,410,0,-0.063,-1.48,-0.06,-0.132,-0.007,-0.148,-0.052,60.85,50.27
"2024-07-28 04:30:00",1854,12.72,410,0,-0.061,-1.45,-0.03,-0.13,-0.003,-0.143,-0.042,61.93,49.95
"2024-07-28 05:00:00",1855,12.72,410,0,-0.054,-1.4,0.11,-0.125,0.01,-0.141,-0.036,62.08,50.41
"2024-07-28 05:30:00",1856,12.72,410,0,-0.061,-1.47,0,-0.131,0,-0.149,-0.039,61.51,51.36
"2024-07-28 06:00:00",1857,12.72,410,0,-0.061,-1.49,0,-0.133,0,-0.146,-0.046,61.4,50.42
"2024-07-28 06:30:00",1858,12.72,410,0,-0.055,-1.39,0.07,-0.123,0.007,-0.14,-0.036,62.56,50.47
"2024-07-28 07:00:00",1859,12.72,410,0,-0.026,-1.17,0.7,-0.104,0.062,-0.121,0.009,62.71,51.99
"2024-07-28 07:30:00",1860,12.71,410,0,0.032,-0.68,1.93,-0.061,0.171,-0.078,0.105,63.4,50.89
"2024-07-28 08:00:00",1861,12.72,410,0,0.121,0.03,3.81,0.003,0.337,-0.018,0.255,65.21,52.81
"2024-07-28 08:30:00",1862,12.72,410,0,0.206,0.73,5.57,0.065,0.493,0.043,0.398,65.32,53.5
"2024-07-28 09:00:00",1863,12.72,410,0,0.333,1.79,8.22,0.159,0.728,0.125,0.594,66.71,52.8
"2024-07-28 09:30:00",1864,12.72,410,0,0.486,3.07,11.38,0.272,1.007,0.232,0.816,65.78,51.45
"2024-07-28 10:00:00",1865,12.73,410,0,0.58,4.45,12.52,0.394,1.311,0.345,1.049,66.23,49.81
"2024-07-28 10:30:00",1866,12.73,410,0,0.725,5.07,16.32,0.449,1.439,0.402,1.165,64.56,47.88
"2024-07-28 11:00:00",1867,12.74,410,0,0.824,5.82,18.49,0.516,1.566,0.461,1.263,64.37,46.71
"2024-07-28 11:30:00",1868,12.74,410,0,0.907,6.24,20.55,0.553,1.647,0.5,1.339,63.21,45.55
"2024-07-28 12:00:00",1869,12.74,410,0,0.935,6.46,21.14,0.572,1.688,0.509,1.344,63.33,45.25
"2024-07-28 12:30:00",1870,12.75,410,0,0.942,6.39,21.46,0.565,1.694,0.523,1.394,63.56,45.06
"2024-07-28 13:00:00",1871,12.75,410,0,0.84,6.22,18.46,0.55,1.62,0.51,1.313,64.81,46.74
"2024-07-28 13:30:00",1872,12.75,410,0,0.816,6.02,17.94,0.533,1.569,0.479,1.265,61.9,47.01
"2024-07-28 14:00:00",1873,12.75,410,0,0.893,7.02,19.08,0.621,1.524,-99,1.323,-99,46.36
"2024-07-28 14:30:00",1874,12.75,410,0,0.961,6.85,21.46,0.606,1.779,0.533,1.383,60.45,45.05
"2024-07-28 15:00:00",1875,12.76,410,0,0.837,6.21,18.38,0.549,1.631,0.481,1.277,62.33,46.77
"2024-07-28 15:30:00",1876,12.76,410,0,0.882,5.99,20.09,0.53,1.507,-99,1.309,-99,45.81
"2024-07-28 16:00:00",1877,12.76,410,0,0.871,5.87,19.89,0.519,1.592,0.46,1.293,61.23,45.93
"2024-07-28 16:30:00",1878,12.76,410,0,0.816,5.35,18.85,0.473,1.523,0.434,1.257,63.07,46.51
"2024-07-28 17:00:00",1879,12.75,410,0,0.732,5.5,15.98,0.487,1.465,0.436,1.206,62.96,48.08
"2024-07-28 17:30:00",1880,12.75,410,0,0.748,5.53,16.44,0.489,1.441,0.403,1.168,59.63,47.83
"2024-07-28 18:00:00",1881,12.75,410,0,0.518,4.23,10.84,0.375,1.167,0.36,1.034,69.36,50.62
"2024-07-28 18:30:00",1882,12.75,410,0,0.574,4.26,12.59,0.377,1.115,0.298,0.903,60.56,50.84
"2024-07-28 19:00:00",1883,12.74,410,0,0.494,3.27,11.37,0.289,1.006,0.229,0.777,62.86,50.9
"2024-07-28 19:30:00",1884,12.74,410,0,0.344,1.85,8.5,0.164,0.752,0.112,0.567,61.72,50.49
"2024-07-28 20:00:00",1885,12.74,410,0,0.166,0.36,4.8,0.032,0.425,0.003,0.309,61.58,50.19
"2024-07-28 20:30:00",1886,12.73,410,0,0.066,-0.48,2.75,-0.043,0.243,-0.07,0.157,59.8,50.09
"2024-07-28 21:00:00",1887,12.73,410,0,0.018,-0.89,1.77,-0.079,0.157,-0.099,0.083,60.7,49.47
"2024-07-28 21:30:00",1888,12.72,410,0,-0.005,-1.06,1.22,-0.095,0.108,-0.117,0.052,60.65,50.78
"2024-07-28 22:00:00",1889,12.72,410,0,-0.024,-1.25,0.87,-0.111,0.077,-0.127,0.021,60.26,49.86
"2024-07-28 22:30:00",1890,12.71,410,0,-0.041,-1.44,0.57,-0.128,0.05,-0.144,-0.006,60.49,50.35
"2024-07-28 23:00:00",1891,12.71,410,0,-0.045,-1.42,0.42,-0.127,0.037,-0.145,-0.012,61.63,50.65
"2024-07-28 23:30:00",1892,12.71,410,0,-0.05,-1.45,0.3,-0.13,0.027,-0.148,-0.018,61.22,48.56
"2024-07-29 00:00:00",1893,12.7,410,0,-0.055,-1.45,0.15,-0.129,0.013,-0.145,-0.031,61.69,48.62
"2024-07-29 00:30:00",1894,12.7,410,0,-0.057,-1.5,0.15,-0.134,0.013,-0.147,-0.027,62.15,49.66
"2024-07-29 01:00:00",1895,12.7,410,0,-0.057,-1.49,0.15,-0.133,0.013,-0.146,-0.034,60.9,50.34
"2024-07-29 01:30:00",1896,12.7,410,0,-0.058,-1.49,0.11,-0.133,0.01,-0.149,-0.034,62.51,50.28
"2024-07-29 02:00:00",1897,12.69,410,0,-0.055,-1.42,0.11,-0.126,0.01,-0.14,-0.03,62.84,50.36
"2024-07-29 02:30:00",1898,12.7,410,0,-0.051,-1.38,0.18,-0.123,0.016,-0.137,-0.03,62.81,51.83
"2024-07-29 03:00:00",1899,12.69,410,0,-0.048,-1.38,0.29,-0.123,0.026,-0.134,-0.012,61.4,50.42
"2024-07-29 03:30:00",1900,12.69,410,0,-0.047,-1.39,0.33,-0.124,0.029,-0.138,-0.015,62.26,50.19
"2024-07-29 04:00:00",1901,12.69,410,0,-0.046,-1.37,0.33,-0.122,0.029,-0.135,-0.021,62.85,51.3
"2024-07-29 04:30:00",1902,12.7,410,0,-0.041,-1.3,0.4,-0.116,0.036,-0.129,-0.012,62.34,50.53
"2024-07-29 05:00:00",1903,12.69,410,0,-0.046,-1.39,0.37,-0.124,0.032,-0.135,-0.012,62.69,50.3
"2024-07-29 05:30:00",1904,12.69,410,0,-0.044,-1.36,0.37,-0.122,0.033,-0.138,-0.012,62.37,51.39
"2024-07-29 06:00:00",1905,12.69,410,0,-0.04,-1.32,0.44,-0.118,0.039,-0.129,-0.009,62.45,49.38
"2024-07-29 06:30:00",1906,12.69,410,0,0.004,-0.96,1.4,-0.086,0.123,-0.103,0.063,62.76,51.79
"2024-07-29 07:00:00",1907,12.69,410,0,0.068,-0.39,2.68,-0.035,0.237,-0.053,0.168,63.34,52.21
"2024-07-29 07:30:00",1908,12.69,410,0,0.116,0.06,3.62,0.005,0.32,-0.016,0.236,64.98,52.34
"2024-07-29 08:00:00",1909,12.69,410,0,0.181,0.6,4.96,0.053,0.439,0.029,0.34,65.56,52.07
"2024-07-29 08:30:00",1910,12.69,410,0,0.209,0.84,5.53,0.074,0.49,0.047,0.388,66.09,52.03
"2024-07-29 09:00:00",1911,12.69,410,0,0.264,1.25,6.75,0.111,0.597,0.079,0.474,65.41,52.35
"2024-07-29 09:30:00",1912,12.69,410,0,0.407,2.44,9.69,0.216,0.858,0.179,0.687,64.57,52.35
"2024-07-29 10:00:00",1913,12.69,410,0,0.557,4.22,12.12,0.374,1.248,0.328,1.003,66.43,50.02
"2024-07-29 10:30:00",1914,12.7,410,0,0.603,4.86,12.73,0.43,1.392,0.383,1.119,65.29,49.74
"2024-07-29 11:00:00",1915,12.7,410,0,0.831,5.7,18.86,0.504,1.55,0.451,1.241,64.83,46.51
"2024-07-29 11:30:00",1916,12.7,410,0,0.801,5.76,17.83,0.51,1.545,0.459,1.25,64.13,47.05
"2024-07-29 12:00:00",1917,12.71,410,0,0.825,5.76,18.58,0.51,1.531,0.458,1.231,63.64,46.67
"2024-07-29 12:30:00",1918,12.71,410,0,0.76,5.4,16.99,0.478,1.465,0.435,1.191,63.77,47.54
"2024-07-29 13:00:00",1919,12.71,410,0,0.659,5.17,14.1,0.458,1.384,0.421,1.16,67.93,49.04
"2024-07-29 13:30:00",1920,12.71,410,0,0.73,5.37,16.09,0.476,1.399,0.449,1.184,68.42,48.01
"2024-07-29 14:00:00",1921,12.71,410,0,0.836,6.74,17.62,0.597,1.477,0.537,1.226,67.35,47.21
"2024-07-29 14:30:00",1922,12.72,410,0,0.797,6.25,17.05,0.553,1.67,0.472,1.275,61.52,47.48
"2024-07-29 15:00:00",1923,12.71,410,0,0.844,5.84,19.07,0.517,1.563,0.459,1.242,62.76,46.38
"2024-07-29 15:30:00",1924,12.71,410,0,0.799,5.43,18.2,0.48,1.531,0.424,1.23,61.32,46.88
"2024-07-29 16:00:00",1925,12.71,410,0,0.734,5.5,16.02,0.487,1.461,0.413,1.138,62.08,48.04
"2024-07-29 16:30:00",1926,12.71,410,0,0.627,4.58,13.85,0.405,1.273,0.347,1.011,63.5,49.2
"2024-07-29 17:00:00",1927,12.71,410,0,0.498,3.25,11.52,0.288,1.02,0.239,0.813,65.07,51.45
"2024-07-29 17:30:00",1928,12.71,410,0,0.485,2.96,11.51,0.262,1.019,0.209,0.837,62.43,52.31
"2024-07-29 18:00:00",1929,12.7,410,0,0.443,2.87,10.28,0.254,0.91,0.221,0.757,68.4,51.16
"2024-07-29 18:30:00",1930,12.7,410,0,0.362,2.15,8.66,0.19,0.766,0.135,0.61,61.51,52.48
"2024-07-29 19:00:00",1931,12.7,410,0,0.206,0.76,5.53,0.067,0.489,0.03,0.376,64.04,52.23
"2024-07-29 19:30:00",1932,12.69,410,0,0.113,-0.08,3.69,-0.008,0.327,-0.032,0.241,62.71,51.06
"2024-07-29 20:00:00",1933,12.69,410,0,0.06,-0.54,2.62,-0.049,0.232,-0.069,0.16,62.39,50.85
"2024-07-29 20:30:00",1934,12.69,410,0,0.036,-0.77,2.16,-0.069,0.191,-0.091,0.121,61.61,53.15
"2024-07-29 21:00:00",1935,12.69,410,0,0.007,-0.95,1.48,-0.085,0.131,-0.105,0.07,62.65,50.58
"2024-07-29 21:30:00",1936,12.68,410,0,-0.017,-1.2,1.04,-0.107,0.092,-0.126,0.043,61.85,50.3
"2024-07-29 22:00:00",1937,12.68,410,0,-0.031,-1.32,0.74,-0.118,0.066,-0.132,0.03,60.62,47.31
"2024-07-29 22:30:00",1938,12.68,410,0,-0.03,-1.31,0.75,-0.116,0.066,-0.133,0.012,61,51.02
"2024-07-29 23:00:00",1939,12.68,410,0,-0.036,-1.32,0.59,-0.118,0.053,-0.137,0,61.37,50.66
"2024-07-29 23:30:00",1940,12.67,410,0,-0.042,-1.39,0.48,-0.124,0.043,-0.137,-0.009,62.31,50.66
"2024-07-30 00:00:00",1941,12.67,410,0,-0.048,-1.47,0.41,-0.131,0.036,-0.145,-0.012,62.45,49.39
"2024-07-30 00:30:00",1942,12.67,410,0,-0.046,-1.41,0.37,-0.125,0.033,-0.136,-0.018,62.31,50.5
"2024-07-30 01:00:00",1943,12.67,410,0,-0.052,-1.47,0.26,-0.131,0.023,-0.144,-0.03,61.84,51.71
"2024-07-30 01:30:00",1944,12.67,410,0,-0.054,-1.47,0.22,-0.131,0.02,-0.142,-0.027,60.98,50.59
"2024-07-30 02:00:00",1945,12.66,410,0,-0.056,-1.5,0.19,-0.134,0.016,-0.142,-0.021,63.26,50.21
"2024-07-30 02:30:00",1946,12.66,410,0,-0.051,-1.4,0.22,-0.125,0.02,-0.141,-0.024,61,49.77
"2024-07-30 03:00:00",1947,12.66,410,0,-0.052,-1.4,0.19,-0.125,0.016,-0.141,-0.034,63.47,51.08
"2024-07-30 03:30:00",1948,12.66,410,0,-0.049,-1.34,0.18,-0.12,0.016,-0.136,-0.027,61.57,50.17
"2024-07-30 04:00:00",1949,12.66,410,0,-0.047,-1.34,0.26,-0.119,0.023,-0.133,-0.021,61.52,50.39
"2024-07-30 04:30:00",1950,12.66,410,0,-0.046,-1.31,0.26,-0.117,0.023,-0.133,-0.024,62.23,50.26
"2024-07-30 05:00:00",1951,12.66,410,0,-0.042,-1.25,0.3,-0.111,0.026,-0.123,-0.021,61.88,51.48
"2024-07-30 05:30:00",1952,12.66,410,0,-0.038,-1.22,0.37,-0.109,0.033,-0.125,-0.015,63.08,50.44
"2024-07-30 06:00:00",1953,12.66,410,0,-0.036,-1.19,0.41,-0.106,0.036,-0.123,-0.003,61.96,48.74
"2024-07-30 06:30:00",1954,12.66,410,0,-0.004,-0.91,1.07,-0.082,0.095,-0.099,0.043,62.68,50.87
"2024-07-30 07:00:00",1955,12.65,410,0,0.047,-0.51,2.19,-0.046,0.194,-0.064,0.127,63.61,53.06
"2024-07-30 07:30:00",1956,12.66,410,0,0.076,-0.26,2.76,-0.024,0.244,-0.045,0.169,63.04,51.81
"2024-07-30 08:00:00",1957,12.66,410,0,0.182,0.63,4.97,0.056,0.44,0.031,0.34,65.85,52.11
"2024-07-30 08:30:00",1958,12.65,410,0,0.275,1.39,6.89,0.123,0.61,0.088,0.482,64.94,53.13
"2024-07-30 09:00:00",1959,12.66,410,0,0.353,2.04,8.51,0.18,0.753,0.147,0.613,65.38,53.99
"2024-07-30 09:30:00",1960,12.66,410,0,0.436,2.74,10.22,0.243,0.904,0.201,0.727,65.24,52.19
"2024-07-30 10:00:00",1961,12.66,410,0,0.555,3.74,12.69,0.331,1.123,0.289,0.901,68.01,50.21
"2024-07-30 10:30:00",1962,12.66,410,0,0.55,3.72,12.55,0.329,1.111,0.284,0.888,65.59,51.12
"2024-07-30 11:00:00",1963,12.66,410,0,0.573,3.91,13.02,0.346,1.153,0.292,0.923,64.12,51.22
"2024-07-30 11:30:00",1964,12.66,410,0,0.541,4.47,11.26,0.395,1.251,0.333,1.007,64.05,50.42
"2024-07-30 12:00:00",1965,12.66,410,0,0.565,5.09,11.19,0.45,1.384,0.401,1.104,64.35,50.48
"2024-07-30 12:30:00",1966,12.66,410,0,0.709,5.11,15.77,0.453,1.422,0.405,1.143,64.99,48.18
"2024-07-30 13:00:00",1967,12.66,410,0,0.8,5.59,18.03,0.495,1.472,0.454,1.224,67.5,46.95
"2024-07-30 13:30:00",1968,12.66,410,0,0.799,5.7,17.85,0.504,1.513,0.469,1.261,68.18,47.05
"2024-07-30 14:00:00",1969,12.66,410,0,0.969,7.62,20.69,0.675,1.664,0.569,1.313,64.81,45.5
"2024-07-30 14:30:00",1970,12.67,410,0,0.968,6.94,21.58,0.614,1.826,0.531,1.362,59.56,44.99
"2024-07-30 15:00:00",1971,12.67,410,0,0.97,6.57,22.13,0.582,1.725,0.515,1.341,61.91,44.68
"2024-07-30 15:30:00",1972,12.67,410,0,0.9,6.78,19.63,0.6,1.683,0.529,1.307,62.9,46.09
"2024-07-30 16:00:00",1973,12.67,410,0,0.858,5.67,19.75,0.502,1.611,0.452,1.328,60.18,46.03
"2024-07-30 16:30:00",1974,12.67,410,0,0.8,5.79,17.75,0.512,1.547,0.453,1.211,61.84,47.12
"2024-07-30 17:00:00",1975,12.66,410,0,0.779,5.32,17.72,0.471,1.521,0.424,1.239,62.42,47.13
"2024-07-30 17:30:00",1976,12.67,410,0,0.615,3.35,15.1,0.296,1.287,0.26,1.107,58.4,48.54
"2024-07-30 18:00:00",1977,12.66,410,0,0.585,4.64,12.43,0.411,1.1,-99,0.998,-99,52.39
"2024-07-30 18:30:00",1978,12.66,410,0,0.588,4.43,12.81,0.393,1.134,0.303,0.905,60.76,50.47
"2024-07-30 19:00:00",1979,12.66,410,0,0.493,3.25,11.36,0.288,1.005,0.224,0.765,64.37,50.9
"2024-07-30 19:30:00",1980,12.65,410,0,0.318,1.68,7.89,0.149,0.698,0.1,0.529,61.07,51.52
"2024-07-30 20:00:00",1981,12.65,410,0,0.158,0.29,4.63,0.026,0.41,-0.008,0.292,61.62,49.41
"2024-07-30 20:30:00",1982,12.64,410,0,0.06,-0.54,2.63,-0.048,0.232,-0.075,0.152,61.29,50.32
"2024-07-30 21:00:00",1983,12.64,410,0,0.008,-0.97,1.56,-0.087,0.138,-0.106,0.074,62.03,52.16
"2024-07-30 21:30:00",1984,12.64,410,0,-0.021,-1.21,0.9,-0.108,0.08,-0.125,0.031,62.05,49.83
"2024-07-30 22:00:00",1985,12.63,410,0,-0.03,-1.3,0.75,-0.116,0.067,-0.132,0.021,60.02,48.9
"2024-07-30 22:30:00",1986,12.63,410,0,-0.041,-1.41,0.53,-0.126,0.047,-0.139,-0.003,61.06,51.18
"2024-07-30 23:00:00",1987,12.63,410,0,-0.049,-1.46,0.34,-0.13,0.03,-0.14,-0.022,60.71,51.68
"2024-07-30 23:30:00",1988,12.63,410,0,-0.054,-1.52,0.26,-0.135,0.023,-0.145,-0.025,61.56,50.86
"2024-07-31 00:00:00",1989,12.63,410,0,-0.059,-1.52,0.11,-0.135,0.01,-0.151,-0.037,62.33,50.38
"2024-07-31 00:30:00",1990,12.63,410,0,-0.067,-1.56,-0.1,-0.139,-0.01,-0.152,-0.049,62.59,50.53
"2024-07-31 01:00:00",1991,12.62,410,0,-0.068,-1.57,-0.1,-0.14,-0.01,-0.151,-0.052,61.53,50.14
"2024-07-31 01:30:00",1992,12.63,410,0,-0.065,-1.52,-0.07,-0.135,-0.007,-0.151,-0.053,61.61,51.22
"2024-07-31 02:00:00",1993,12.62,410,0,-0.066,-1.55,-0.07,-0.138,-0.007,-0.151,-0.053,59.31,50.43
"2024-07-31 02:30:00",1994,12.62,410,0,-0.074,-1.59,-0.26,-0.141,-0.024,-0.149,-0.059,61.59,48.95
"2024-07-31 03:00:00",1995,12.62,410,0,-0.076,-1.61,-0.29,-0.143,-0.027,-0.156,-0.065,61.61,50.07
"2024-07-31 03:30:00",1996,12.62,410,0,-0.078,-1.61,-0.37,-0.143,-0.033,-0.156,-0.071,60.95,50.57
"2024-07-31 04:00:00",1997,12.61,410,0,-0.078,-1.63,-0.33,-0.145,-0.03,-0.156,-0.074,61.98,50.43
"2024-07-31 04:30:00",1998,12.61,410,0,-0.079,-1.63,-0.36,-0.145,-0.033,-0.159,-0.071,61.48,50.09
"2024-07-31 05:00:00",1999,12.61,410,0,-0.081,-1.62,-0.44,-0.144,-0.04,-0.16,-0.08,61.76,50.53
"2024-07-31 05:30:00",2000,12.61,410,0,-0.071,-1.52,-0.25,-0.135,-0.023,-0.146,-0.058,64.36,50.05
"2024-07-31 06:00:00",2001,12.61,410,0,-0.066,-1.47,-0.17,-0.131,-0.016,-0.144,-0.058,63.17,51.79
"2024-07-31 06:30:00",2002,12.61,410,0,-0.051,-1.38,0.19,-0.123,0.016,-0.137,-0.031,63.75,51.53
"2024-07-31 07:00:00",2003,12.61,410,0,-0.024,-1.14,0.71,-0.101,0.063,-0.118,0.012,63.4,49.24
"2024-07-31 07:30:00",2004,12.61,410,0,0.003,-0.87,1.26,-0.078,0.111,-0.087,0.058,63.08,51.69
"2024-07-31 08:00:00",2005,12.61,410,0,0.056,-0.36,2.26,-0.032,0.2,-0.053,0.136,63.03,52.06
"2024-07-31 08:30:00",2006,12.61,410,0,0.117,0.09,3.59,0.008,0.318,-0.011,0.239,63.5,52.27
"2024-07-31 09:00:00",2007,12.61,410,0,0.168,0.55,4.63,0.049,0.409,0.019,0.316,65,53.46
"2024-07-31 09:30:00",2008,12.61,410,0,0.248,1.17,6.32,0.104,0.56,0.076,0.447,65.46,53.66
"2024-07-31 10:00:00",2009,12.61,410,0,0.351,2.05,8.43,0.181,0.746,0.145,0.599,65.62,53.14
"2024-07-31 10:30:00",2010,12.61,410,0,0.465,2.99,10.83,0.264,0.959,0.218,0.772,64.49,51.69
"2024-07-31 11:00:00",2011,12.62,410,0,0.528,4.36,11,0.386,1.268,0.342,1.015,66.52,50.55
"2024-07-31 11:30:00",2012,12.62,410,0,0.696,5.11,15.34,0.452,1.434,0.401,1.154,63.98,48.43
"2024-07-31 12:00:00",2013,12.62,410,0,0.709,5.24,15.58,0.464,1.434,0.411,1.149,63.82,48.27
"2024-07-31 12:30:00",2014,12.62,410,0,0.767,5.53,17.06,0.49,1.51,0.44,1.207,65.54,47.48
"2024-07-31 13:00:00",2015,12.62,410,0,0.723,5.34,15.9,0.472,1.435,0.435,1.179,66.32,48.11
"2024-07-31 13:30:00",2016,12.62,410,0,0.669,5.38,14.12,0.476,1.346,-99,1.13,-99,49.05
"2024-07-31 14:00:00",2017,12.63,410,0,0.892,7.29,18.67,0.645,1.58,0.515,1.251,59.91,46.6
"2024-07-31 14:30:00",2018,12.63,410,0,0.904,6.59,20.01,0.583,1.768,0.503,1.328,60.59,45.87
"2024-07-31 15:00:00",2019,12.63,410,0,0.906,6.32,20.43,0.559,1.678,0.492,1.301,62.02,45.64
"2024-07-31 15:30:00",2020,12.63,410,0,0.889,6.24,19.99,0.552,1.645,0.504,1.293,66.04,45.88
"2024-07-31 16:00:00",2021,12.63,410,0,0.76,5.73,16.56,0.507,1.514,0.43,1.159,62.07,47.76
"2024-07-31 16:30:00",2022,12.63,410,0,0.793,5.13,18.42,0.454,1.5,0.422,1.243,64.41,46.76
"2024-07-31 17:00:00",2023,12.62,410,0,0.783,5.37,17.78,0.476,1.492,0.42,1.208,62.91,47.09
"2024-07-31 17:30:00",2024,12.62,410,0,0.67,3.99,16.01,0.353,1.32,0.315,1.128,60.12,48.06
"2024-07-31 18:00:00",2025,12.62,410,0,0.556,4.51,11.69,0.399,1.163,-99,1.065,-99,50.25
"2024-07-31 18:30:00",2026,12.62,410,0,0.607,5.29,12.27,0.468,1.3,0.365,1.011,58.68,49.96
"2024-07-31 19:00:00",2027,12.62,410,0,0.532,3.63,12.09,0.322,1.07,0.26,0.808,64.82,50.34
"2024-07-31 19:30:00",2028,12.61,410,0,0.34,1.92,8.27,0.17,0.732,0.119,0.555,59.59,50.87
"2024-07-31 20:00:00",2029,12.61,410,0,0.162,0.33,4.71,0.029,0.417,-0.003,0.298,62.13,50.9
"2024-07-31 20:30:00",2030,12.61,410,0,0.063,-0.51,2.68,-0.046,0.237,-0.072,0.159,61.13,49.6
"2024-07-31 21:00:00",2031,12.6,410,0,0.044,-0.79,2.45,-0.071,0.217,-0.088,0.14,61.01,50.72
"2024-07-31 21:30:00",2032,12.6,410,0,0.031,-0.79,2.04,-0.071,0.18,-0.091,0.109,62.29,50.49
"2024-07-31 22:00:00",2033,12.59,410,0,-0.011,-1.17,1.19,-0.105,0.105,-0.121,0.043,62.06,51.5
"2024-07-31 22:30:00",2034,12.59,410,0,-0.032,-1.3,0.69,-0.116,0.061,-0.132,0.003,61.02,50.05
"2024-07-31 23:00:00",2035,12.59,410,0,-0.049,-1.45,0.34,-0.129,0.03,-0.145,-0.019,61.42,49.88
"2024-07-31 23:30:00",2036,12.59,410,0,-0.058,-1.48,0.11,-0.132,0.01,-0.148,-0.031,62.02,49.37
"2024-08-01 00:00:00",2037,12.58,410,0,-0.057,-1.46,0.11,-0.13,0.01,-0.149,-0.037,62.77,50.54
"2024-08-01 00:30:00",2038,12.58,410,0,-0.055,-1.43,0.11,-0.128,0.01,-0.141,-0.034,61.71,49.48
"2024-08-01 01:00:00",2039,12.58,410,0,-0.056,-1.47,0.15,-0.131,0.013,-0.147,-0.031,61.98,50.16
"2024-08-01 01:30:00",2040,12.58,410,0,-0.059,-1.5,0.08,-0.134,0.007,-0.147,-0.04,61.43,50.88
"2024-08-01 02:00:00",2041,12.58,410,0,-0.065,-1.5,-0.1,-0.134,-0.01,-0.15,-0.056,60.18,49.88
"2024-08-01 02:30:00",2042,12.58,410,0,-0.063,-1.47,-0.07,-0.131,-0.007,-0.144,-0.053,60.93,51.36
"2024-08-01 03:00:00",2043,12.57,410,0,-0.069,-1.53,-0.18,-0.137,-0.017,-0.15,-0.059,61.49,50.26
"2024-08-01 03:30:00",2044,12.57,410,0,-0.07,-1.52,-0.22,-0.136,-0.02,-0.149,-0.065,62.4,50.16
"2024-08-01 04:00:00",2045,12.57,410,0,-0.073,-1.52,-0.33,-0.136,-0.03,-0.149,-0.068,60.96,49.41
"2024-08-01 04:30:00",2046,12.57,410,0,-0.078,-1.62,-0.37,-0.144,-0.033,-0.157,-0.074,61.38,49.31
"2024-08-01 05:00:00",2047,12.57,410,0,-0.078,-1.55,-0.44,-0.138,-0.04,-0.152,-0.081,62.57,51.03
"2024-08-01 05:30:00",2048,12.57,410,0,-0.076,-1.56,-0.37,-0.139,-0.033,-0.152,-0.071,62.32,50.77
"2024-08-01 06:00:00",2049,12.57,410,0,-0.076,-1.55,-0.4,-0.138,-0.037,-0.148,-0.077,62.61,51.22
"2024-08-01 06:30:00",2050,12.57,410,0,-0.074,-1.52,-0.37,-0.135,-0.033,-0.149,-0.074,62.32,49.94
"2024-08-01 07:00:00",2051,12.57,410,0,-0.069,-1.4,-0.36,-0.125,-0.033,-0.142,-0.077,61.94,50.55
"2024-08-01 07:30:00",2052,12.56,410,0,-0.042,-1.18,0.19,-0.105,0.016,-0.117,-0.025,63.72,51.5
"2024-08-01 08:00:00",2053,12.57,410,0,0.04,-0.48,1.92,-0.043,0.17,-0.058,0.112,64.94,52.88
"2024-08-01 08:30:00",2054,12.56,410,0,0.245,1.24,6.16,0.11,0.545,0.084,0.433,66.5,52.76
"2024-08-01 09:00:00",2055,12.57,410,0,0.391,2.42,9.23,0.214,0.817,0.177,0.663,65.21,52.73
"2024-08-01 09:30:00",2056,12.57,410,0,0.44,2.89,10.17,0.256,0.9,0.217,0.721,66.44,52.13
"2024-08-01 10:00:00",2057,12.57,410,0,0.577,4.03,13.01,0.357,1.152,0.31,0.923,64.86,50.55
"2024-08-01 10:30:00",2058,12.57,410,0,0.603,4.62,13.05,0.409,1.292,0.362,1.025,64.98,49.58
"2024-08-01 11:00:00",2059,12.58,410,0,0.695,5.22,15.17,0.462,1.411,0.415,1.125,66.15,48.52
"2024-08-01 11:30:00",2060,12.58,410,0,0.77,5.5,17.19,0.487,1.48,0.431,1.187,63.65,47.42
"2024-08-01 12:00:00",2061,12.58,410,0,0.726,5.35,15.99,0.473,1.441,0.42,1.151,64.45,48.06
"2024-08-01 12:30:00",2062,12.58,410,0,0.842,5.99,18.81,0.53,1.624,0.479,1.286,63.07,46.53
"2024-08-01 13:00:00",2063,12.58,410,0,0.907,6.15,20.69,0.545,1.626,0.502,1.328,64.2,45.47
"2024-08-01 13:30:00",2064,12.59,410,0,0.908,6.43,20.34,0.569,1.618,0.528,1.349,63.74,45.69
"2024-08-01 14:00:00",2065,12.59,410,0,1.018,7.64,22.23,0.676,1.777,0.585,1.397,59.49,44.63
"2024-08-01 14:30:00",2066,12.59,410,0,1.011,7.12,22.68,0.63,1.851,0.553,1.403,59.93,44.38
"2024-08-01 15:00:00",2067,12.59,410,0,0.95,6.74,21.26,0.597,1.746,0.53,1.368,62.63,45.16
"2024-08-01 15:30:00",2068,12.59,410,0,0.975,6.79,22,0.601,1.687,0.561,1.358,68.64,44.75
"2024-08-01 16:00:00",2069,12.59,410,0,0.873,5.5,20.46,0.487,1.545,0.44,1.274,62.83,45.61
"2024-08-01 16:30:00",2070,12.59,410,0,0.787,5.04,18.35,0.446,1.467,0.405,1.211,63.17,46.8
"2024-08-01 17:00:00",2071,12.59,410,0,0.752,5.18,17.05,0.458,1.464,0.401,1.187,62.21,47.5
"2024-08-01 17:30:00",2072,12.59,410,0,0.536,4.02,11.71,0.356,1.233,0.323,1.071,62.56,50.2
"2024-08-01 18:00:00",2073,12.58,410,0,0.545,3.78,12.31,0.335,1.09,-99,0.998,-99,51.17
"2024-08-01 18:30:00",2074,12.58,410,0,0.617,4.61,13.5,0.408,1.195,0.313,0.931,58.9,49.45
"2024-08-01 19:00:00",2075,12.58,410,0,0.542,3.79,12.21,0.336,1.081,0.272,0.816,63.87,49.57
"2024-08-01 19:30:00",2076,12.58,410,0,0.341,1.82,8.42,0.161,0.745,0.112,0.564,61.69,49.63
"2024-08-01 20:00:00",2077,12.57,410,0,0.166,0.36,4.81,0.032,0.426,0,0.315,61.48,50.26
"2024-08-01 20:30:00",2078,12.57,410,0,0.082,-0.35,3.08,-0.032,0.272,-0.06,0.186,60.76,50.22
"2024-08-01 21:00:00",2079,12.56,410,0,0.032,-0.8,2.07,-0.072,0.183,-0.092,0.11,59.92,51.47
"2024-08-01 21:30:00",2080,12.56,410,0,-0.002,-1.05,1.32,-0.094,0.117,-0.114,0.05,61.21,50.09
"2024-08-01 22:00:00",2081,12.56,410,0,-0.031,-1.34,0.77,-0.119,0.068,-0.135,0.012,60.24,50.53
"2024-08-01 22:30:00",2082,12.55,410,0,-0.044,-1.43,0.46,-0.127,0.041,-0.146,-0.009,60.3,50.32
"2024-08-01 23:00:00",2083,12.55,410,0,-0.047,-1.39,0.34,-0.124,0.031,-0.135,-0.019,61.31,50.08
"2024-08-01 23:30:00",2084,12.55,410,0,-0.051,-1.45,0.27,-0.129,0.024,-0.143,-0.025,61.6,50.2
"2024-08-02 00:00:00",2085,12.55,410,0,-0.054,-1.49,0.23,-0.132,0.02,-0.149,-0.028,62.17,50.1
"2024-08-02 00:30:00",2086,12.54,410,0,-0.056,-1.51,0.19,-0.135,0.017,-0.148,-0.028,61.16,49.77
"2024-08-02 01:00:00",2087,12.54,410,0,-0.053,-1.44,0.19,-0.129,0.017,-0.142,-0.028,60.6,50.05
"2024-08-02 01:30:00",2088,12.54,410,0,-0.052,-1.41,0.19,-0.126,0.017,-0.14,-0.031,61.59,49.78
"2024-08-02 02:00:00",2089,12.54,410,0,-0.06,-1.51,0.08,-0.134,0.007,-0.145,-0.038,62.59,50.36
"2024-08-02 02:30:00",2090,12.54,410,0,-0.058,-1.48,0.11,-0.132,0.01,-0.151,-0.034,61.83,50.03
"2024-08-02 03:00:00",2091,12.53,410,0,-0.058,-1.47,0.08,-0.131,0.007,-0.144,-0.037,62.47,50.24
"2024-08-02 03:30:00",2092,12.53,410,0,-0.061,-1.51,0.04,-0.135,0.003,-0.148,-0.047,61.8,50.83
"2024-08-02 04:00:00",2093,12.53,410,0,-0.064,-1.51,-0.07,-0.135,-0.007,-0.151,-0.056,61.89,49.82
"2024-08-02 04:30:00",2094,12.53,410,0,-0.064,-1.54,-0.03,-0.137,-0.003,-0.153,-0.05,61.59,50.78
"2024-08-02 05:00:00",2095,12.53,410,0,-0.068,-1.54,-0.14,-0.137,-0.013,-0.15,-0.056,62.16,49.93
"2024-08-02 05:30:00",2096,12.53,410,0,-0.064,-1.51,-0.07,-0.135,-0.007,-0.148,-0.05,62.17,50.78
"2024-08-02 06:00:00",2097,12.53,410,0,-0.067,-1.54,-0.1,-0.137,-0.01,-0.151,-0.053,61.69,50.46
"2024-08-02 06:30:00",2098,12.53,410,0,-0.057,-1.44,0.08,-0.128,0.007,-0.144,-0.044,62.02,50.64
"2024-08-02 07:00:00",2099,12.52,410,0,-0.032,-1.27,0.64,-0.113,0.057,-0.127,0.009,61.94,50.97
"2024-08-02 07:30:00",2100,12.53,410,0,0.038,-0.63,2.05,-0.057,0.182,-0.072,0.117,64.49,51.85
"2024-08-02 08:00:00",2101,12.53,410,0,0.126,0.03,3.96,0.003,0.35,-0.018,0.264,65.04,53.5
"2024-08-02 08:30:00",2102,12.53,410,0,0.224,0.92,5.91,0.081,0.523,0.056,0.42,64.95,52.73
"2024-08-02 09:00:00",2103,12.53,410,0,0.365,2.12,8.8,0.187,0.779,0.148,0.622,65.16,53.78
"2024-08-02 09:30:00",2104,12.53,410,0,0.465,2.94,10.88,0.26,0.963,0.218,0.767,65.43,51.53
"2024-08-02 10:00:00",2105,12.53,410,0,0.523,3.44,12.08,0.304,1.069,0.262,0.855,66.66,51.26
"2024-08-02 10:30:00",2106,12.53,410,0,0.61,4.23,13.77,0.374,1.219,0.325,0.972,64.88,49.59
"2024-08-02 11:00:00",2107,12.54,410,0,0.705,4.87,15.95,0.431,1.382,0.389,1.107,65.35,48.1
"2024-08-02 11:30:00",2108,12.54,410,0,0.781,5.6,17.41,0.495,1.525,0.442,1.222,63.84,47.3
"2024-08-02 12:00:00",2109,12.54,410,0,0.757,5.88,16.27,0.521,1.559,0.465,1.248,63.03,47.9
"2024-08-02 12:30:00",2110,12.54,410,0,0.851,5.86,19.29,0.518,1.588,0.475,1.271,63.49,46.27
"2024-08-02 13:00:00",2111,12.54,410,0,0.874,6.15,19.63,0.544,1.642,0.509,1.348,63.56,46.09
"2024-08-02 13:30:00",2112,12.55,410,0,0.935,6.39,21.26,0.566,1.59,0.534,1.342,67.38,45.17
"2024-08-02 14:00:00",2113,12.55,410,0,1.017,6.98,23.08,0.617,1.718,0.476,1.353,55.7,44.17
"2024-08-02 14:30:00",2114,12.55,410,0,0.923,7.12,19.88,0.63,1.878,0.544,1.394,60.37,45.93
"2024-08-02 15:00:00",2115,12.55,410,0,0.953,6.46,21.72,0.571,1.732,0.504,1.342,62.27,44.91
"2024-08-02 15:30:00",2116,12.55,410,0,0.902,6.26,20.38,0.554,1.665,0.488,1.308,61.6,45.65
"2024-08-02 16:00:00",2117,12.55,410,0,0.864,5.27,20.48,0.467,1.5,0.432,1.244,63.8,45.61
"2024-08-02 16:30:00",2118,12.55,410,0,0.849,5.5,19.69,0.487,1.509,0.439,1.229,62.58,46.04
"2024-08-02 17:00:00",2119,12.55,410,0,0.85,5.38,19.88,0.476,1.499,0.418,1.211,61.63,45.93
"2024-08-02 17:30:00",2120,12.54,410,0,0.615,5.01,12.91,0.443,1.283,0.404,1.117,65.2,49.65
"2024-08-02 18:00:00",2121,12.54,410,0,0.466,3.87,9.69,0.342,1.111,-99,1.015,-99,51.13
"2024-08-02 18:30:00",2122,12.54,410,0,0.647,4.84,14.13,0.428,1.251,0.328,0.97,59.71,50.58
"2024-08-02 19:00:00",2123,12.54,410,0,0.56,3.68,12.93,0.326,1.145,0.255,0.855,61.47,50.09
"2024-08-02 19:30:00",2124,12.54,410,0,0.4,2.28,9.68,0.202,0.856,0.147,0.646,62.38,52.25
"2024-08-02 20:00:00",2125,12.53,410,0,0.237,0.96,6.25,0.085,0.554,0.043,0.417,61.27,49.74
"2024-08-02 20:30:00",2126,12.53,410,0,0.124,-0.02,3.97,-0.003,0.352,-0.031,0.255,62.5,52.11
"2024-08-02 21:00:00",2127,12.53,410,0,0.057,-0.59,2.61,-0.053,0.231,-0.074,0.155,61.76,51.63
"2024-08-02 21:30:00",2128,12.52,410,0,0.026,-0.85,1.95,-0.076,0.173,-0.093,0.112,61.52,50.82
"2024-08-02 22:00:00",2129,12.52,410,0,0.046,-0.6,2.26,-0.054,0.2,-0.081,0.124,60.47,51.43
"2024-08-02 22:30:00",2130,12.51,410,0,0.014,-0.88,1.61,-0.078,0.143,-0.099,0.076,60.67,50.27
"2024-08-02 23:00:00",2131,12.51,410,0,-0.01,-1.02,1.01,-0.091,0.09,-0.106,0.035,61.09,49.97
"2024-08-02 23:30:00",2132,12.51,410,0,-0.02,-1.12,0.81,-0.1,0.072,-0.117,0.013,59.88,49.91
"2024-08-03 00:00:00",2133,12.5,410,0,-0.025,-1.14,0.7,-0.102,0.062,-0.116,0.003,61.81,50.43
"2024-08-03 00:30:00",2134,12.5,410,0,-0.03,-1.18,0.58,-0.105,0.051,-0.119,0,61.61,49.39
"2024-08-03 01:00:00",2135,12.5,410,0,-0.031,-1.21,0.58,-0.108,0.051,-0.125,-0.003,60.83,49.44
"2024-08-03 01:30:00",2136,12.5,410,0,-0.036,-1.2,0.42,-0.107,0.037,-0.124,-0.016,61.96,51.4
"2024-08-03 02:00:00",2137,12.49,410,0,-0.042,-1.2,0.23,-0.107,0.02,-0.124,-0.025,61.59,49.1
"2024-08-03 02:30:00",2138,12.5,410,0,-0.042,-1.23,0.27,-0.11,0.024,-0.127,-0.025,62.19,49.29
"2024-08-03 03:00:00",2139,12.49,410,0,-0.044,-1.27,0.27,-0.113,0.024,-0.127,-0.025,62.68,50.46
"2024-08-03 03:30:00",2140,12.49,410,0,-0.045,-1.27,0.23,-0.113,0.02,-0.127,-0.025,61.75,50.61
"2024-08-03 04:00:00",2141,12.49,410,0,-0.047,-1.29,0.19,-0.115,0.017,-0.126,-0.025,63.61,50.7
"2024-08-03 04:30:00",2142,12.49,410,0,-0.043,-1.25,0.27,-0.112,0.024,-0.123,-0.028,63.23,50.84
"2024-08-03 05:00:00",2143,12.49,410,0,-0.042,-1.2,0.23,-0.107,0.02,-0.124,-0.028,61.04,51.58
"2024-08-03 05:30:00",2144,12.49,410,0,-0.047,-1.3,0.19,-0.116,0.017,-0.127,-0.028,61.39,50.15
"2024-08-03 06:00:00",2145,12.49,410,0,-0.05,-1.3,0.11,-0.116,0.01,-0.133,-0.031,61.5,50.68
"2024-08-03 06:30:00",2146,12.49,410,0,-0.025,-1.1,0.65,-0.098,0.057,-0.115,0.003,62.56,51.74
"2024-08-03 07:00:00",2147,12.49,410,0,0.026,-0.62,1.67,-0.056,0.148,-0.076,0.084,63.33,50.11
"2024-08-03 07:30:00",2148,12.49,410,0,0.075,-0.27,2.76,-0.025,0.244,-0.046,0.173,64.28,55.66
"2024-08-03 08:00:00",2149,12.48,410,0,0.152,0.4,4.32,0.035,0.382,0.013,0.286,65.1,54.29
"2024-08-03 08:30:00",2150,12.48,410,0,0.152,0.38,4.33,0.033,0.383,0.008,0.294,64.3,52.49
"2024-08-03 09:00:00",2151,12.48,410,0,0.254,1.26,6.4,0.112,0.567,0.082,0.445,64.7,52.48
"2024-08-03 09:30:00",2152,12.49,410,0,0.354,2.11,8.47,0.186,0.75,0.153,0.595,66.21,52.59
"2024-08-03 10:00:00",2153,12.49,410,0,0.461,2.94,10.76,0.26,0.952,0.227,0.767,65.58,52.95
"2024-08-03 10:30:00",2154,12.49,410,0,0.442,2.83,10.3,0.251,0.912,0.209,0.737,63.89,51.41
"2024-08-03 11:00:00",2155,12.49,410,0,0.51,3.31,11.83,0.293,1.047,0.257,0.854,66.15,51.16
"2024-08-03 11:30:00",2156,12.49,410,0,0.588,4.1,13.24,0.362,1.171,0.319,0.944,67.02,49.38
"2024-08-03 12:00:00",2157,12.49,410,0,0.597,4.17,13.44,0.369,1.19,0.321,0.943,66.54,52.92
"2024-08-03 12:30:00",2158,12.49,410,0,0.529,4.48,10.87,0.396,1.297,0.342,1.04,63.81,50.61
"2024-08-03 13:00:00",2159,12.49,410,0,0.661,5.1,14.25,0.451,1.363,0.409,1.081,67.47,48.99
"2024-08-03 13:30:00",2160,12.5,410,0,0.834,5.63,19.05,0.498,1.468,0.455,1.19,65.7,46.39
"2024-08-03 14:00:00",2161,12.5,410,0,0.815,5.96,17.99,0.527,1.583,0.436,1.247,59.2,46.99
"2024-08-03 14:30:00",2162,12.5,410,0,0.904,6.26,20.42,0.554,1.68,0.483,1.284,60.5,45.64
"2024-08-03 15:00:00",2163,12.5,410,0,0.765,6.08,16.25,0.538,1.606,0.471,1.242,62.91,47.94
