"TOA5","CR300Series_403","CR300","27029","CR300-RF407.Std.10.03","CPU:CR300_sapflow.CR300","32345","Table1"
"TIMESTAMP","RECORD","BattV_Min","id","SDI0","SapFlwTot0","VhOuter0","VhInner0","AlphaOut0","AlphaIn0","BetaOut0","BetaIn0","tMaxTout0","tMaxTin0"
"TS","RN","Volts","","","literPerHour","heatVelocity","heatVelocity","logTRatio","logTRatio","logTRatio","logTRatio","second","second"
"","","Min","Smp","Smp","Smp","Smp","Smp","Smp","Smp","Smp","Smp","Smp","Smp"
"2024-05-30 15:00:00",1391,11.06,403,0,4.657,7.07,13.45,0.625,1.191,0.606,0.796,48.89,36.92
"2024-05-30 15:30:00",1392,11.11,403,0,4.707,7.38,13.35,0.653,1.182,0.622,0.79,48.63,37.48
"2024-05-30 16:00:00",1393,11.11,403,0,4.568,7.12,13,0.63,1.151,0.599,0.763,48.9,37.9
"2024-05-30 16:30:00",1394,13.08,403,0,4.441,6.94,12.62,0.614,1.117,0.58,0.737,48.96,37.41
"2024-05-30 17:00:00",1395,13.07,403,0,4.333,6.89,12.19,0.61,1.079,0.565,0.71,49.74,38.44
"2024-05-30 17:30:00",1396,13.07,403,0,4.075,6.37,11.58,0.564,1.024,0.523,0.669,50.86,39.15
"2024-05-30 18:00:00",1397,13.06,403,0,3.853,6.08,10.89,0.538,0.964,0.492,0.625,51.07,38.54
"2024-05-30 18:30:00",1398,13.06,403,0,3.517,5.53,9.96,0.489,0.882,0.443,0.571,52.16,38.71
"2024-05-30 19:00:00",1399,13.05,403,0,2.891,4.56,8.17,0.404,0.723,0.36,0.468,51.66,39.12
"2024-05-30 19:30:00",1400,13.04,403,0,2.265,3.49,6.49,0.309,0.574,0.279,0.368,51.97,39.33
"2024-05-30 20:00:00",1401,13.03,403,0,1.768,2.68,5.11,0.237,0.452,0.215,0.293,52.69,38.67
"2024-05-30 20:30:00",1402,13.03,403,0,1.363,1.95,4.06,0.172,0.359,0.16,0.231,52.5,37.5
"2024-05-30 21:00:00",1403,13.02,403,0,1.035,1.39,3.18,0.123,0.281,0.114,0.181,51.47,37.6
"2024-05-30 21:30:00",1404,13.01,403,0,0.842,1.04,2.68,0.092,0.237,0.089,0.151,51.52,37.75
"2024-05-30 22:00:00",1405,13,403,0,0.719,0.83,2.35,0.073,0.208,0.074,0.134,51.93,36.94
"2024-05-30 22:30:00",1406,12.99,403,0,0.635,0.69,2.12,0.061,0.188,0.065,0.12,51.28,36.59
"2024-05-30 23:00:00",1407,12.99,403,0,0.576,0.61,1.94,0.054,0.172,0.056,0.114,52.25,36.44
"2024-05-30 23:30:00",1408,12.99,403,0,0.542,0.56,1.84,0.049,0.163,0.054,0.103,51.58,36.73
"2024-05-31 00:00:00",1409,12.98,403,0,0.544,0.59,1.82,0.052,0.161,0.054,0.105,51.04,36.87
"2024-05-31 00:30:00",1410,12.98,403,0,0.571,0.62,1.91,0.055,0.169,0.056,0.109,51.21,37.19
"2024-05-31 01:00:00",1411,12.97,403,0,0.544,0.59,1.82,0.052,0.161,0.054,0.105,51.42,36.99
"2024-05-31 01:30:00",1412,12.96,403,0,0.501,0.51,1.71,0.045,0.151,0.047,0.095,52.43,36.11
"2024-05-31 02:00:00",1413,12.95,403,0,0.46,0.46,1.58,0.04,0.14,0.043,0.091,51.31,37.03
"2024-05-31 02:30:00",1414,12.94,403,0,0.474,0.46,1.64,0.04,0.145,0.043,0.093,51.16,36.32
"2024-05-31 03:00:00",1415,12.94,403,0,0.495,0.54,1.65,0.048,0.146,0.05,0.095,51.21,36.22
"2024-05-31 03:30:00",1416,12.93,403,0,0.483,0.49,1.65,0.043,0.146,0.045,0.091,50.79,36.62
"2024-05-31 04:00:00",1417,12.93,403,0,0.483,0.51,1.63,0.045,0.144,0.048,0.093,51.72,36.21
"2024-05-31 04:30:00",1418,12.93,403,0,0.467,0.48,1.59,0.043,0.141,0.045,0.089,51.41,36.98
"2024-05-31 05:00:00",1419,12.92,403,0,0.461,0.51,1.53,0.045,0.136,0.048,0.087,51.04,36.36
"2024-05-31 05:30:00",1420,12.92,403,0,0.456,0.49,1.53,0.043,0.136,0.047,0.087,51.28,35.78
"2024-05-31 06:00:00",1421,12.91,403,0,0.488,0.51,1.65,0.045,0.146,0.047,0.093,51.54,36.71
"2024-05-31 06:30:00",1422,12.91,403,0,0.861,1.14,2.66,0.101,0.235,0.096,0.153,52.66,37.67
"2024-05-31 07:00:00",1423,12.9,403,0,1.299,1.88,3.85,0.166,0.341,0.151,0.223,53.24,38
"2024-05-31 07:30:00",1424,12.91,403,0,1.79,2.64,5.25,0.234,0.465,0.213,0.307,53.4,39.22
"2024-05-31 08:00:00",1425,12.91,403,0,2.533,3.87,7.29,0.343,0.646,0.311,0.426,54.21,39.93
"2024-05-31 08:30:00",1426,12.91,403,0,3.033,4.69,8.67,0.415,0.768,0.383,0.512,52.99,39.64
"2024-05-31 09:00:00",1427,12.91,403,0,3.464,5.57,9.68,0.493,0.857,0.446,0.575,52.67,39.63
"2024-05-31 09:30:00",1428,12.92,403,0,3.909,6.66,10.53,0.59,0.932,-99,0.643,-99,40.16
"2024-05-31 10:00:00",1429,12.91,403,0,4.167,6.63,11.72,0.587,1.037,0.539,0.696,49.37,38.63
"2024-05-31 10:30:00",1430,12.92,403,0,4.406,7.45,11.93,0.659,1.056,0.6,0.731,51.32,38.12
"2024-05-31 11:00:00",1431,12.92,403,0,3.252,4.09,10.28,0.362,0.91,0.399,0.717,44.35,37.44
"2024-05-31 11:30:00",1432,12.92,403,0,5.001,8.18,13.83,0.724,1.224,0.657,0.797,46.76,36.99
"2024-05-31 12:00:00",1433,12.92,403,0,4.322,6.05,13.02,0.536,1.152,0.555,0.803,49.16,37.34
"2024-05-31 12:30:00",1434,12.92,403,0,5.059,9.28,12.94,0.821,1.145,0.702,0.797,45.83,36.32
"2024-05-31 13:00:00",1435,12.93,403,0,4.923,8.04,13.63,0.712,1.206,0.663,0.814,46.25,36.58
"2024-05-31 13:30:00",1436,12.93,403,0,4.769,7.57,13.43,0.67,1.189,0.629,0.787,47.64,37.04
"2024-05-31 14:00:00",1437,12.92,403,0,4.777,7.31,13.74,0.647,1.216,0.63,0.824,46.61,36.43
"2024-05-31 14:30:00",1438,12.92,403,0,4.843,7.81,13.51,0.691,1.196,0.63,0.779,48.26,36.69
"2024-05-31 15:00:00",1439,12.92,403,0,4.552,7.12,12.93,0.63,1.144,0.6,0.769,49.02,37.61
"2024-05-31 15:30:00",1440,12.92,403,0,4.57,6.91,13.23,0.611,1.171,0.599,0.791,48.25,37.66
"2024-05-31 16:00:00",1441,12.92,403,0,4.731,7.39,13.45,0.654,1.19,0.618,0.792,47.79,37.04
"2024-05-31 16:30:00",1442,12.91,403,0,4.54,7.07,12.93,0.626,1.144,0.595,0.765,49.01,37.7
"2024-05-31 17:00:00",1443,12.91,403,0,4.377,6.87,12.41,0.608,1.099,0.568,0.724,49.53,37.81
"2024-05-31 17:30:00",1444,12.91,403,0,4.185,6.6,11.83,0.584,1.047,0.539,0.69,50.14,38.57
"2024-05-31 18:00:00",1445,12.91,403,0,3.94,6.27,11.08,0.555,0.981,0.507,0.643,50.19,38.77
"2024-05-31 18:30:00",1446,12.9,403,0,3.653,5.76,10.33,0.51,0.914,0.464,0.596,51.47,39.09
"2024-05-31 19:00:00",1447,12.9,403,0,3.289,5.12,9.37,0.454,0.829,0.412,0.544,51.18,38.79
"2024-05-31 19:30:00",1448,12.9,403,0,2.945,4.6,8.37,0.407,0.741,0.37,0.483,51.95,39.15
"2024-05-31 20:00:00",1449,12.89,403,0,2.424,3.72,6.96,0.329,0.616,0.296,0.398,52.2,39.15
"2024-05-31 20:30:00",1450,12.88,403,0,1.826,2.7,5.35,0.239,0.473,0.221,0.307,51.48,38.12
"2024-05-31 21:00:00",1451,12.87,403,0,1.39,1.98,4.15,0.175,0.367,0.159,0.24,53.06,37.66
"2024-05-31 21:30:00",1452,12.87,403,0,1.112,1.52,3.39,0.134,0.3,0.126,0.194,51.31,37.03
"2024-05-31 22:00:00",1453,12.86,403,0,0.905,1.1,2.9,0.097,0.257,0.094,0.168,51.26,37.08
"2024-05-31 22:30:00",1454,12.86,403,0,0.801,0.99,2.55,0.087,0.226,0.085,0.144,50.77,37.41
"2024-05-31 23:00:00",1455,12.85,403,0,0.725,0.82,2.39,0.073,0.211,0.076,0.136,51.57,36.32
"2024-05-31 23:30:00",1456,12.84,403,0,0.662,0.73,2.2,0.065,0.195,0.066,0.122,50.61,36.74
"2024-06-01 00:00:00",1457,12.84,403,0,0.598,0.63,2.02,0.056,0.179,0.062,0.116,51.41,36.01
"2024-06-01 00:30:00",1458,12.83,403,0,0.585,0.6,1.99,0.053,0.176,0.057,0.114,51.11,36.93
"2024-06-01 01:00:00",1459,12.83,403,0,0.562,0.57,1.92,0.051,0.17,0.053,0.114,51.32,36.22
"2024-06-01 01:30:00",1460,12.82,403,0,0.542,0.57,1.83,0.051,0.162,0.053,0.11,51.68,36.43
"2024-06-01 02:00:00",1461,12.82,403,0,0.542,0.57,1.83,0.051,0.162,0.053,0.108,50.85,36.42
"2024-06-01 02:30:00",1462,12.82,403,0,0.508,0.49,1.76,0.043,0.156,0.05,0.099,50.91,36.48
"2024-06-01 03:00:00",1463,12.81,403,0,0.51,0.52,1.74,0.046,0.154,0.05,0.101,51.43,36.32
"2024-06-01 03:30:00",1464,12.81,403,0,0.499,0.51,1.7,0.046,0.15,0.048,0.099,52.59,36.11
"2024-06-01 04:00:00",1465,12.81,403,0,0.522,0.54,1.77,0.048,0.156,0.053,0.104,50.89,36.87
"2024-06-01 04:30:00",1466,12.8,403,0,0.508,0.52,1.73,0.046,0.153,0.048,0.099,50.75,36.99
"2024-06-01 05:00:00",1467,12.81,403,0,0.465,0.44,1.62,0.039,0.143,0.044,0.095,51.32,36.63
"2024-06-01 05:30:00",1468,12.8,403,0,0.456,0.44,1.58,0.039,0.14,0.046,0.093,51.52,36.42
"2024-06-01 06:00:00",1469,12.8,403,0,0.522,0.57,1.74,0.051,0.154,0.055,0.102,51.25,36
"2024-06-01 06:30:00",1470,12.79,403,0,1.103,1.44,3.43,0.128,0.304,0.12,0.2,53.05,37.81
"2024-06-01 07:00:00",1471,12.79,403,0,1.751,2.58,5.14,0.228,0.455,0.211,0.305,54.18,38.68
"2024-06-01 07:30:00",1472,12.79,403,0,2.178,3.25,6.35,0.288,0.562,0.269,0.377,53.12,39.76
"2024-06-01 08:00:00",1473,12.79,403,0,2.74,4.22,7.85,0.374,0.695,0.347,0.463,53.52,39.75
"2024-06-01 08:30:00",1474,12.8,403,0,3.329,5.27,9.39,0.466,0.831,0.429,0.555,51.69,40.12
"2024-06-01 09:00:00",1475,12.8,403,0,3.765,5.99,10.59,0.53,0.937,0.484,0.628,51.68,38.89
"2024-06-01 09:30:00",1476,12.8,403,0,4.311,7.38,11.58,0.654,1.025,-99,0.709,-99,39.4
"2024-06-01 10:00:00",1477,12.81,403,0,4.259,6.81,11.94,0.602,1.057,0.565,0.72,48.93,37.93
"2024-06-01 10:30:00",1478,12.81,403,0,4.504,7.83,11.97,0.693,1.059,0.631,0.737,55.37,38.32
"2024-06-01 11:00:00",1479,12.81,403,0,3.621,5.43,10.53,0.481,0.932,0.503,0.742,45.65,37.77
"2024-06-01 11:30:00",1480,12.82,403,0,4.819,7.65,13.57,0.677,1.201,0.64,0.794,47.29,37.2
"2024-06-01 12:00:00",1481,12.82,403,0,4.502,6.41,13.45,0.567,1.19,0.582,0.818,49.81,37.01
"2024-06-01 12:30:00",1482,12.82,403,0,5.136,8.7,13.89,0.77,1.229,0.723,0.86,46.25,36.05
"2024-06-01 13:00:00",1483,12.81,403,0,5.33,8.45,15.02,0.748,1.33,0.711,0.889,45.35,35.42
"2024-06-01 13:30:00",1484,12.82,403,0,5.125,8.06,14.51,0.714,1.284,0.678,0.854,46.69,36.09
"2024-06-01 14:00:00",1485,12.82,403,0,5.158,7.87,14.86,0.697,1.315,0.685,0.883,45.34,35.41
"2024-06-01 14:30:00",1486,12.82,403,0,5.215,7.98,15,0.706,1.328,0.688,0.885,46.38,35.37
"2024-06-01 15:00:00",1487,12.82,403,0,5.202,8.15,14.76,0.721,1.306,0.696,0.871,46.55,35.8
"2024-06-01 15:30:00",1488,12.82,403,0,4.905,7.57,14.04,0.67,1.242,0.647,0.835,46.83,36.49
"2024-06-01 16:00:00",1489,12.82,403,0,4.897,7.63,13.94,0.675,1.234,0.635,0.818,47.4,36.65
"2024-06-01 16:30:00",1490,12.82,403,0,4.77,7.42,13.59,0.657,1.203,0.623,0.799,47.5,37.16
"2024-06-01 17:00:00",1491,12.82,403,0,4.547,7.02,13.01,0.622,1.151,0.589,0.765,48.83,36.85
"2024-06-01 17:30:00",1492,12.82,403,0,4.334,6.81,12.28,0.602,1.087,0.562,0.716,49.28,38.28
"2024-06-01 18:00:00",1493,12.81,403,0,4.019,6.3,11.4,0.558,1.009,0.514,0.666,50.15,38.58
"2024-06-01 18:30:00",1494,12.81,403,0,3.562,5.53,10.16,0.489,0.899,0.451,0.591,51.47,38.93
"2024-06-01 19:00:00",1495,12.81,403,0,2.921,4.5,8.37,0.398,0.741,0.363,0.486,51.12,39.14
"2024-06-01 19:30:00",1496,12.81,403,0,2.499,3.8,7.21,0.336,0.638,0.308,0.417,52.24,39.45
"2024-06-01 20:00:00",1497,12.8,403,0,2.058,3.07,6,0.272,0.531,0.248,0.346,51.16,38.37
"2024-06-01 20:30:00",1498,12.79,403,0,1.553,2.23,4.62,0.198,0.409,0.181,0.267,52.27,38.25
"2024-06-01 21:00:00",1499,12.78,403,0,1.153,1.54,3.55,0.136,0.315,0.129,0.204,52.16,37.32
"2024-06-01 21:30:00",1500,12.78,403,0,0.939,1.17,2.98,0.104,0.263,0.1,0.171,50.99,36.72
"2024-06-01 22:00:00",1501,12.77,403,0,0.802,0.92,2.63,0.081,0.233,0.084,0.154,51.21,37.19
"2024-06-01 22:30:00",1502,12.77,403,0,0.721,0.8,2.39,0.071,0.212,0.072,0.14,51.95,37.12
"2024-06-01 23:00:00",1503,12.76,403,0,0.66,0.72,2.2,0.064,0.195,0.063,0.127,52.07,37.23
"2024-06-01 23:30:00",1504,12.76,403,0,0.605,0.64,2.04,0.056,0.181,0.06,0.118,50.54,36.11
"2024-06-02 00:00:00",1505,12.76,403,0,0.578,0.58,1.98,0.052,0.176,0.056,0.116,51.15,36.72
"2024-06-02 00:30:00",1506,12.75,403,0,0.553,0.53,1.92,0.046,0.17,0.049,0.111,50.6,36.73
"2024-06-02 01:00:00",1507,12.75,403,0,0.544,0.55,1.86,0.049,0.165,0.051,0.109,51.2,37.03
"2024-06-02 01:30:00",1508,12.75,403,0,0.503,0.5,1.73,0.044,0.153,0.049,0.103,51.87,35.95
"2024-06-02 02:00:00",1509,12.74,403,0,0.51,0.5,1.76,0.044,0.155,0.049,0.1,50.69,36.67
"2024-06-02 02:30:00",1510,12.74,403,0,0.496,0.47,1.73,0.042,0.153,0.046,0.103,51.6,35.95
"2024-06-02 03:00:00",1511,12.74,403,0,0.46,0.41,1.63,0.037,0.144,0.039,0.094,51.69,36.86
"2024-06-02 03:30:00",1512,12.74,403,0,0.435,0.39,1.54,0.034,0.136,0.037,0.089,51.33,36.09
"2024-06-02 04:00:00",1513,12.74,403,0,0.405,0.33,1.47,0.029,0.13,0.035,0.085,52.46,35.99
"2024-06-02 04:30:00",1514,12.73,403,0,0.439,0.36,1.59,0.032,0.141,0.037,0.096,52.51,36.04
"2024-06-02 05:00:00",1515,12.73,403,0,0.465,0.44,1.62,0.039,0.143,0.044,0.096,51.38,36.55
"2024-06-02 05:30:00",1516,12.74,403,0,0.487,0.47,1.69,0.041,0.149,0.042,0.101,51.34,36.51
"2024-06-02 06:00:00",1517,12.73,403,0,0.605,0.65,2.03,0.058,0.18,0.06,0.118,51.49,37.07
"2024-06-02 06:30:00",1518,12.73,403,0,1.13,1.52,3.47,0.134,0.307,0.128,0.202,53.48,38.4
"2024-06-02 07:00:00",1519,12.73,403,0,1.569,2.26,4.66,0.2,0.412,0.186,0.275,53.18,38.35
"2024-06-02 07:30:00",1520,12.73,403,0,1.974,2.95,5.75,0.261,0.509,0.238,0.333,53.44,38.45
"2024-06-02 08:00:00",1521,12.73,403,0,2.414,3.66,6.98,0.324,0.618,0.296,0.411,54.11,39.43
"2024-06-02 08:30:00",1522,12.73,403,0,2.987,4.6,8.56,0.407,0.758,0.376,0.506,52.88,40.09
"2024-06-02 09:00:00",1523,12.74,403,0,3.574,5.61,10.13,0.496,0.896,0.459,0.605,53.04,39.84
"2024-06-02 09:30:00",1524,12.74,403,0,3.833,6.25,10.62,0.553,0.94,0.503,0.634,55.4,39.33
"2024-06-02 10:00:00",1525,12.75,403,0,4.071,6.43,11.5,0.57,1.018,0.53,0.692,50.54,38
"2024-06-02 10:30:00",1526,12.75,403,0,3.957,6.21,11.22,0.549,0.993,0.514,0.68,51.01,38.63
"2024-06-02 11:00:00",1527,12.75,403,0,3.66,5.11,11.04,0.452,0.977,0.461,0.695,51.48,38.84
"2024-06-02 11:30:00",1528,12.75,403,0,4.259,6.67,12.09,0.59,1.07,0.554,0.713,50.08,37.96
"2024-06-02 12:00:00",1529,12.75,403,0,4.283,6.4,12.48,0.566,1.104,0.557,0.756,50.44,37.9
"2024-06-02 12:30:00",1530,12.76,403,0,4.473,6.99,12.71,0.619,1.125,0.594,0.771,48.44,37.7
"2024-06-02 13:00:00",1531,12.75,403,0,4.69,7.1,13.57,0.628,1.201,0.612,0.813,48.14,37.24
"2024-06-02 13:30:00",1532,12.76,403,0,4.997,7.64,14.38,0.676,1.272,0.66,0.866,45.28,35.76
"2024-06-02 14:00:00",1533,12.76,403,0,4.965,7.56,14.32,0.67,1.267,0.653,0.851,47.38,35.66
"2024-06-02 14:30:00",1534,12.76,403,0,4.938,7.33,14.44,0.649,1.278,0.65,0.869,46.04,35.55
"2024-06-02 15:00:00",1535,12.76,403,0,4.968,7.6,14.29,0.673,1.264,0.659,0.859,47.02,36.01
"2024-06-02 15:30:00",1536,12.76,403,0,4.859,7.46,13.95,0.66,1.235,0.642,0.837,47.43,35.86
"2024-06-02 16:00:00",1537,12.76,403,0,4.852,7.36,14.02,0.651,1.241,0.637,0.841,47.27,36.12
"2024-06-02 16:30:00",1538,12.76,403,0,4.84,7.56,13.76,0.669,1.218,0.636,0.814,47.74,36.58
"2024-06-02 17:00:00",1539,12.76,403,0,4.526,7.18,12.75,0.636,1.128,0.584,0.747,49.41,37.43
"2024-06-02 17:30:00",1540,12.75,403,0,3.727,5.98,10.43,0.529,0.923,0.479,0.609,51.51,38.87
"2024-06-02 18:00:00",1541,12.75,403,0,3.037,4.69,8.69,0.416,0.769,0.381,0.507,52.51,39.15
"2024-06-02 18:30:00",1542,12.75,403,0,2.644,4.01,7.64,0.355,0.677,0.324,0.443,53,38.57
"2024-06-02 19:00:00",1543,12.75,403,0,2.255,3.35,6.59,0.296,0.583,0.275,0.386,52.85,39.08
"2024-06-02 19:30:00",1544,12.74,403,0,1.937,2.83,5.71,0.25,0.506,0.229,0.333,52.71,39.25
"2024-06-02 20:00:00",1545,12.73,403,0,1.486,2.04,4.52,0.181,0.4,0.171,0.265,51.28,37.66
"2024-06-02 20:30:00",1546,12.73,403,0,1.205,1.61,3.71,0.142,0.328,0.137,0.214,53.02,37.76
"2024-06-02 21:00:00",1547,12.73,403,0,0.998,1.28,3.13,0.113,0.277,0.108,0.183,52.34,37.65
"2024-06-02 21:30:00",1548,12.72,403,0,0.827,0.95,2.71,0.084,0.24,0.087,0.159,52.14,36.89
"2024-06-02 22:00:00",1549,12.72,403,0,0.734,0.81,2.44,0.072,0.216,0.071,0.141,52.28,37.03
"2024-06-02 22:30:00",1550,12.72,403,0,0.659,0.67,2.25,0.059,0.199,0.061,0.132,52.69,36.62
"2024-06-02 23:00:00",1551,12.71,403,0,0.609,0.59,2.11,0.052,0.187,0.054,0.123,51.25,36.42
"2024-06-02 23:30:00",1552,12.71,403,0,0.568,0.5,2.02,0.044,0.179,0.054,0.119,51.73,36.07
"2024-06-03 00:00:00",1553,12.71,403,0,0.566,0.53,1.98,0.047,0.175,0.051,0.121,51.26,36.98
"2024-06-03 00:30:00",1554,12.71,403,0,0.578,0.58,1.98,0.052,0.175,0.056,0.116,52.1,37.41
"2024-06-03 01:00:00",1555,12.71,403,0,0.562,0.53,1.96,0.047,0.173,0.052,0.115,52.08,36.42
"2024-06-03 01:30:00",1556,12.7,403,0,0.537,0.48,1.9,0.042,0.168,0.047,0.111,51.22,36.37
"2024-06-03 02:00:00",1557,12.71,403,0,0.53,0.5,1.85,0.044,0.164,0.049,0.11,52.08,36.16
"2024-06-03 02:30:00",1558,12.7,403,0,0.523,0.5,1.82,0.044,0.161,0.049,0.106,52.39,36.48
"2024-06-03 03:00:00",1559,12.7,403,0,0.569,0.59,1.93,0.052,0.171,0.056,0.113,53.36,37.29
"2024-06-03 03:30:00",1560,12.7,403,0,0.542,0.57,1.83,0.051,0.162,0.055,0.107,51.09,36.24
"2024-06-03 04:00:00",1561,12.7,403,0,0.401,0.34,1.44,0.03,0.128,0.036,0.082,51.58,36.17
"2024-06-03 04:30:00",1562,12.69,403,0,0.358,0.28,1.31,0.025,0.116,0.029,0.075,52.12,36.31
"2024-06-03 05:00:00",1563,12.69,403,0,0.328,0.22,1.24,0.02,0.11,0.028,0.073,52.15,35.82
"2024-06-03 05:30:00",1564,12.69,403,0,0.301,0.17,1.17,0.015,0.104,0.021,0.068,52.43,36.62
"2024-06-03 06:00:00",1565,12.69,403,0,0.315,0.2,1.2,0.017,0.106,0.021,0.07,51.24,36.41
"2024-06-03 06:30:00",1566,12.68,403,0,0.617,0.67,2.06,0.059,0.182,0.061,0.12,52.89,37.24
"2024-06-03 07:00:00",1567,12.69,403,0,1.128,1.47,3.51,0.13,0.311,0.122,0.204,52.86,37.46
"2024-06-03 07:30:00",1568,12.69,403,0,1.424,2.03,4.25,0.18,0.376,0.166,0.248,53.1,37.85
"2024-06-03 08:00:00",1569,12.69,403,0,1.848,2.67,5.48,0.236,0.485,0.221,0.32,53.82,38.98
"2024-06-03 08:30:00",1570,12.68,403,0,2.751,4.24,7.88,0.376,0.697,0.343,0.463,52.28,39.23
"2024-06-03 09:00:00",1571,12.69,403,0,3.233,5.06,9.18,0.448,0.813,0.413,0.543,52.49,39.7
"2024-06-03 09:30:00",1572,12.69,403,0,3.73,6.21,10.2,0.55,0.903,0.505,0.603,56.99,39.54
"2024-06-03 10:00:00",1573,12.69,403,0,3.724,5.87,10.53,0.519,0.932,0.477,0.626,51.47,38.83
"2024-06-03 10:30:00",1574,12.69,403,0,4.072,6.73,11.19,0.596,0.991,0.542,0.668,53.31,38.47
"2024-06-03 11:00:00",1575,12.69,403,0,2.964,3.26,9.86,0.288,0.872,0.346,0.674,46.02,38.96
"2024-06-03 11:30:00",1576,12.69,403,0,4.856,7.99,13.38,0.707,1.184,0.629,0.764,49.44,37.06
"2024-06-03 12:00:00",1577,12.7,403,0,4.467,6.44,13.26,0.57,1.173,0.571,0.79,49.8,37.25
"2024-06-03 12:30:00",1578,12.69,403,0,4.9,7.94,13.63,0.703,1.207,0.666,0.836,47.02,36.27
"2024-06-03 13:00:00",1579,12.69,403,0,5.236,8.21,14.85,0.727,1.315,0.693,0.869,46.15,35.55
"2024-06-03 13:30:00",1580,12.69,403,0,5.15,7.9,14.79,0.699,1.309,0.671,0.864,46.19,35.85
"2024-06-03 14:00:00",1581,12.7,403,0,5.239,7.87,15.22,0.697,1.347,0.68,0.879,46.6,35.29
"2024-06-03 14:30:00",1582,12.69,403,0,5.264,8.12,15.07,0.719,1.333,0.692,0.875,46.25,35.25
"2024-06-03 15:00:00",1583,12.69,403,0,4.799,7.43,13.71,0.658,1.213,0.622,0.798,48.7,37.13
"2024-06-03 15:30:00",1584,12.7,403,0,4.807,7.16,14.03,0.633,1.242,0.617,0.825,47.62,36.05
"2024-06-03 16:00:00",1585,12.69,403,0,4.856,7.54,13.85,0.667,1.226,0.63,0.816,47.17,36.42
"2024-06-03 16:30:00",1586,12.69,403,0,4.373,6.87,12.39,0.608,1.097,0.565,0.729,49.42,37.44
"2024-06-03 17:00:00",1587,12.69,403,0,4.082,6.34,11.64,0.562,1.03,0.522,0.681,50.29,38.32
"2024-06-03 17:30:00",1588,12.69,403,0,3.898,6.06,11.11,0.536,0.983,0.497,0.65,50.89,38.51
"2024-06-03 18:00:00",1589,12.69,403,0,3.725,5.57,10.85,0.493,0.961,0.465,0.634,51.93,38.98
"2024-06-03 18:30:00",1590,12.69,403,0,3.736,5.75,10.71,0.509,0.948,0.469,0.626,50.96,38.99
"2024-06-03 19:00:00",1591,12.69,403,0,3.016,4.56,8.73,0.403,0.773,0.373,0.507,53.5,38.65
"2024-06-03 19:30:00",1592,12.68,403,0,2.768,4.18,8.02,0.37,0.71,0.334,0.469,52.66,40.01
"2024-06-03 20:00:00",1593,12.68,403,0,2.18,3.23,6.38,0.286,0.565,0.264,0.371,52.62,39.15
"2024-06-03 20:30:00",1594,12.68,403,0,1.614,2.3,4.82,0.203,0.427,0.188,0.279,52.22,38.6
"2024-06-03 21:00:00",1595,12.67,403,0,1.162,1.53,3.6,0.136,0.319,0.129,0.21,51.95,37.66
"2024-06-03 21:30:00",1596,12.67,403,0,0.862,1.02,2.79,0.09,0.247,0.091,0.165,52.2,37.35
"2024-06-03 22:00:00",1597,12.66,403,0,0.668,0.68,2.28,0.06,0.202,0.065,0.134,50.85,36.26
"2024-06-03 22:30:00",1598,12.66,403,0,0.557,0.54,1.93,0.048,0.17,0.053,0.114,52.13,36.07
"2024-06-03 23:00:00",1599,12.66,403,0,0.48,0.4,1.73,0.035,0.153,0.041,0.1,52.55,36.22
"2024-06-03 23:30:00",1600,12.65,403,0,0.407,0.25,1.56,0.023,0.138,0.029,0.091,51.6,36.51
"2024-06-04 00:00:00",1601,12.64,403,0,0.369,0.23,1.41,0.02,0.124,0.029,0.082,51.88,36.63
"2024-06-04 00:30:00",1602,12.64,403,0,0.332,0.14,1.34,0.013,0.119,0.021,0.077,52.5,36.83
"2024-06-04 01:00:00",1603,12.64,403,0,0.289,0.11,1.18,0.01,0.104,0.017,0.07,52.76,35.87
"2024-06-04 01:30:00",1604,12.64,403,0,0.25,0.03,1.09,0.003,0.096,0.01,0.062,51.31,35.65
"2024-06-04 02:00:00",1605,12.64,403,0,0.276,0.08,1.15,0.008,0.102,0.014,0.069,51.47,36.37
"2024-06-04 02:30:00",1606,12.63,403,0,0.264,0.06,1.12,0.005,0.099,0.014,0.064,51.12,36.02
"2024-06-04 03:00:00",1607,12.63,403,0,0.251,0.06,1.06,0.005,0.094,0.012,0.064,51.83,36.58
"2024-06-04 03:30:00",1608,12.63,403,0,0.251,0.06,1.06,0.005,0.094,0.015,0.062,51.87,35.4
"2024-06-04 04:00:00",1609,12.63,403,0,0.231,0.06,0.97,0.005,0.086,0.015,0.055,50.4,36.22
"2024-06-04 04:30:00",1610,12.62,403,0,0.217,0.03,0.94,0.003,0.083,0.012,0.055,51.12,36.28
"2024-06-04 05:00:00",1611,12.62,403,0,0.201,0,0.9,0,0.08,0.01,0.05,51.28,36.43
"2024-06-04 05:30:00",1612,12.62,403,0,0.196,-0.02,0.9,-0.003,0.08,0.01,0.053,50.65,35.4
"2024-06-04 06:00:00",1613,12.62,403,0,0.167,-0.05,0.8,-0.005,0.071,0.005,0.046,51.53,35.46
"2024-06-04 06:30:00",1614,12.61,403,0,0.167,-0.05,0.8,-0.005,0.071,0.005,0.044,51.83,35.76
"2024-06-04 07:00:00",1615,12.61,403,0,0.283,0.11,1.15,0.01,0.102,0.019,0.069,51.9,36.23
"2024-06-04 07:30:00",1616,12.61,403,0,1.003,1.3,3.13,0.115,0.277,0.11,0.183,54.36,38.44
"2024-06-04 08:00:00",1617,12.62,403,0,1.777,2.49,5.35,0.22,0.473,0.21,0.318,54.81,38.89
"2024-06-04 08:30:00",1618,12.62,403,0,2.831,4.43,8.04,0.392,0.712,0.358,0.487,53.08,39.87
"2024-06-04 09:00:00",1619,12.62,403,0,3.644,5.74,10.31,0.508,0.912,0.461,0.612,51.95,38.89
"2024-06-04 09:30:00",1620,12.62,403,0,4.319,7.08,11.93,0.627,1.056,0.575,0.71,50.5,38.27
"2024-06-04 10:00:00",1621,12.63,403,0,4.262,6.29,12.5,0.557,1.106,0.548,0.752,49.17,37.6
"2024-06-04 10:30:00",1622,12.63,403,0,4.573,7.19,12.95,0.636,1.147,0.609,0.796,48.4,36.99
"2024-06-04 11:00:00",1623,12.63,403,0,3.101,2.06,11.73,0.182,1.038,0.352,0.815,42.9,36.39
"2024-06-04 11:30:00",1624,12.64,403,0,5.29,8.27,15.03,0.732,1.33,0.681,0.851,46.54,35.78
"2024-06-04 12:00:00",1625,12.64,403,0,5.284,8.11,15.17,0.718,1.342,0.691,0.881,45.5,35.31
"2024-06-04 12:30:00",1626,12.64,403,0,5.003,7.96,14.07,0.705,1.245,0.68,0.881,46.33,35.58
"2024-06-04 13:00:00",1627,12.64,403,0,5.068,7.97,14.35,0.705,1.27,0.66,0.827,47.39,36.64
"2024-06-04 13:30:00",1628,12.64,403,0,4.997,7.6,14.42,0.672,1.276,0.655,0.852,47.63,35.81
"2024-06-04 14:00:00",1629,12.64,403,0,4.839,7.18,14.15,0.636,1.253,0.628,0.844,47.72,35.9
"2024-06-04 14:30:00",1630,12.64,403,0,4.482,7.25,12.48,0.642,1.105,0.582,0.723,48.46,37.45
"2024-06-04 15:00:00",1631,12.64,403,0,2.41,3.83,6.78,0.339,0.6,0.307,0.396,53.26,38.98
"2024-06-04 15:30:00",1632,12.63,403,0,1.23,1.68,3.75,0.149,0.332,0.142,0.22,52.8,37.14
"2024-06-04 16:00:00",1633,12.62,403,0,0.821,0.96,2.67,0.085,0.237,0.084,0.158,52.58,37.08
"2024-06-04 16:30:00",1634,12.62,403,0,0.623,0.66,2.1,0.058,0.186,0.06,0.121,51.93,36.93
"2024-06-04 17:00:00",1635,12.62,403,0,0.841,1,2.72,0.088,0.241,0.087,0.158,53.18,37.51
"2024-06-04 17:30:00",1636,12.61,403,0,1.129,1.42,3.57,0.126,0.316,0.12,0.212,53.13,37.87
"2024-06-04 18:00:00",1637,12.61,403,0,1.184,1.57,3.66,0.139,0.324,0.135,0.211,52.65,37.66
"2024-06-04 18:30:00",1638,12.61,403,0,1.298,1.72,4.01,0.153,0.355,0.141,0.238,52.81,37.71
"2024-06-04 19:00:00",1639,12.6,403,0,1.734,2.46,5.19,0.218,0.459,0.202,0.3,52.22,38.34
"2024-06-04 19:30:00",1640,12.6,403,0,1.48,2.08,4.45,0.184,0.393,0.172,0.262,52.71,37.86
"2024-06-04 20:00:00",1641,12.59,403,0,1.103,1.47,3.4,0.13,0.301,0.121,0.2,51.83,37.97
"2024-06-04 20:30:00",1642,12.59,403,0,0.878,1.1,2.78,0.097,0.246,0.095,0.161,52.55,37.3
"2024-06-04 21:00:00",1643,12.59,403,0,0.648,0.72,2.15,0.064,0.19,0.066,0.129,51.16,36.73
"2024-06-04 21:30:00",1644,12.59,403,0,0.471,0.43,1.66,0.038,0.147,0.046,0.102,52.24,36.43
"2024-06-04 22:00:00",1645,12.58,403,0,0.367,0.26,1.37,0.023,0.121,0.027,0.083,51.43,35.51
"2024-06-04 22:30:00",1646,12.58,403,0,0.287,0.11,1.17,0.01,0.104,0.017,0.072,50.9,36.47
"2024-06-04 23:00:00",1647,12.58,403,0,0.253,0.09,1.04,0.008,0.092,0.017,0.06,51.93,36.02
"2024-06-04 23:30:00",1648,12.58,403,0,0.217,0.06,0.91,0.005,0.081,0.017,0.056,50.81,35.71
"2024-06-05 00:00:00",1649,12.58,403,0,0.185,-0.02,0.85,-0.003,0.075,0.007,0.049,51.97,35.24
"2024-06-05 00:30:00",1650,12.58,403,0,0.169,-0.05,0.81,-0.005,0.072,0.002,0.051,50.75,35.91
"2024-06-05 01:00:00",1651,12.57,403,0,0.162,-0.05,0.78,-0.005,0.069,0.005,0.048,50.9,35.65
"2024-06-05 01:30:00",1652,12.57,403,0,0.156,-0.05,0.75,-0.005,0.066,0.005,0.046,52.21,35.73
"2024-06-05 02:00:00",1653,12.57,403,0,0.147,-0.05,0.71,-0.005,0.063,0.007,0.044,51.75,35.67
"2024-06-05 02:30:00",1654,12.57,403,0,0.149,-0.08,0.75,-0.008,0.066,0.005,0.044,51.33,36.33
"2024-06-05 03:00:00",1655,12.56,403,0,0.14,-0.08,0.71,-0.008,0.063,0.002,0.042,52.13,36.06
"2024-06-05 03:30:00",1656,12.56,403,0,0.133,-0.08,0.68,-0.008,0.06,0.005,0.039,52.25,35.61
"2024-06-05 04:00:00",1657,12.56,403,0,0.14,-0.08,0.71,-0.008,0.063,0.002,0.039,51.74,35.92
"2024-06-05 04:30:00",1658,12.56,403,0,0.118,-0.08,0.61,-0.008,0.054,0.002,0.035,52.26,35.92
"2024-06-05 05:00:00",1659,12.56,403,0,0.119,-0.11,0.65,-0.01,0.057,0,0.039,52.03,35.96
"2024-06-05 05:30:00",1660,12.55,403,0,0.111,-0.11,0.61,-0.01,0.054,-0.002,0.035,52.61,35.97
"2024-06-05 06:00:00",1661,12.56,403,0,0.118,-0.08,0.61,-0.008,0.054,0,0.04,52.07,35.73
"2024-06-05 06:30:00",1662,12.56,403,0,0.092,-0.13,0.55,-0.013,0.049,-0.005,0.035,52.16,36.23
"2024-06-05 07:00:00",1663,12.55,403,0,0.147,-0.05,0.71,-0.005,0.063,0.002,0.044,52.52,36.45
"2024-06-05 07:30:00",1664,12.55,403,0,0.256,0.14,1,0.013,0.088,0.022,0.058,52.26,36.18
"2024-06-05 08:00:00",1665,12.55,403,0,0.44,0.43,1.52,0.038,0.134,0.041,0.088,53.09,36.62
"2024-06-05 08:30:00",1666,12.56,403,0,0.665,0.79,2.15,0.07,0.191,0.07,0.125,53.67,36.94
"2024-06-05 09:00:00",1667,12.56,403,0,0.956,1.28,2.94,0.113,0.26,0.108,0.173,53.68,37.36
"2024-06-05 09:30:00",1668,12.55,403,0,1.08,1.45,3.32,0.129,0.294,0.123,0.197,53.04,38.05
"2024-06-05 10:00:00",1669,12.55,403,0,1.41,2.01,4.21,0.178,0.373,0.166,0.251,53.56,38.46
"2024-06-05 10:30:00",1670,12.56,403,0,1.837,2.72,5.38,0.24,0.476,0.22,0.317,55.36,39.45
"2024-06-05 11:00:00",1671,12.56,403,0,2.401,3.7,6.88,0.328,0.609,0.297,0.405,54.72,39.32
"2024-06-05 11:30:00",1672,12.55,403,0,2.898,4.4,8.37,0.389,0.741,0.359,0.497,53.03,40.08
"2024-06-05 12:00:00",1673,12.56,403,0,2.806,4.33,8.03,0.383,0.71,0.351,0.471,52.91,38.73
"2024-06-05 12:30:00",1674,12.56,403,0,2.131,3.29,6.1,0.291,0.54,0.267,0.359,54.64,38.98
"2024-06-05 13:00:00",1675,12.56,403,0,1.051,1.46,3.18,0.129,0.282,0.119,0.187,53.04,37.94
"2024-06-05 13:30:00",1676,12.55,403,0,1.083,1.48,3.3,0.131,0.292,0.123,0.192,53.83,38.02
"2024-06-05 14:00:00",1677,12.55,403,0,2.312,3.45,6.74,0.305,0.596,0.283,0.399,53.84,38.74
"2024-06-05 14:30:00",1678,12.55,403,0,2.859,4.31,8.29,0.381,0.734,0.354,0.486,54.6,39.91
"2024-06-05 15:00:00",1679,12.56,403,0,3.888,5.96,11.17,0.528,0.989,0.49,0.655,51.92,38.46
"2024-06-05 15:30:00",1680,12.55,403,0,3.961,6.11,11.34,0.541,1.003,0.502,0.66,51.49,39.1
"2024-06-05 16:00:00",1681,12.56,403,0,3.617,5.66,10.27,0.501,0.909,0.455,0.594,51.43,39.46
"2024-06-05 16:30:00",1682,12.55,403,0,2.46,3.76,7.08,0.333,0.626,0.302,0.407,52.66,39.86
"2024-06-05 17:00:00",1683,12.55,403,0,1.44,2.11,4.24,0.187,0.376,0.173,0.244,53.87,38.62
"2024-06-05 17:30:00",1684,12.55,403,0,0.89,1.18,2.75,0.105,0.243,0.1,0.16,52.59,37.19
"2024-06-05 18:00:00",1685,12.54,403,0,0.963,1.3,2.95,0.115,0.261,0.11,0.167,54.4,37.66
"2024-06-05 18:30:00",1686,12.54,403,0,0.969,1.22,3.06,0.108,0.271,0.108,0.174,52.61,37.51
"2024-06-05 19:00:00",1687,12.54,403,0,0.701,0.84,2.26,0.075,0.2,0.074,0.13,51.95,36.28
"2024-06-05 19:30:00",1688,12.53,403,0,0.56,0.58,1.9,0.051,0.168,0.052,0.105,52.77,36.29
"2024-06-05 20:00:00",1689,12.53,403,0,0.69,0.82,2.23,0.072,0.198,0.074,0.133,52.44,37.04
"2024-06-05 20:30:00",1690,12.52,403,0,0.821,1.02,2.61,0.09,0.231,0.088,0.147,52.74,37.75
"2024-06-05 21:00:00",1691,12.53,403,0,0.812,1.02,2.57,0.09,0.227,0.088,0.149,52.54,36.88
"2024-06-05 21:30:00",1692,12.53,403,0,0.721,0.87,2.32,0.077,0.206,0.076,0.133,52.19,36.94
"2024-06-05 22:00:00",1693,12.52,403,0,0.753,0.92,2.41,0.081,0.213,0.077,0.139,52.52,37.52
"2024-06-05 22:30:00",1694,12.52,403,0,0.774,0.98,2.44,0.086,0.216,0.078,0.139,52.69,36.37
"2024-06-05 23:00:00",1695,12.52,403,0,0.822,1.06,2.57,0.094,0.228,0.09,0.148,53.21,36.88
"2024-06-05 23:30:00",1696,12.52,403,0,0.872,1.15,2.7,0.102,0.239,0.097,0.156,53.48,36.59
"2024-06-06 00:00:00",1697,12.52,403,0,0.905,1.16,2.84,0.102,0.251,0.1,0.162,53.17,37.66
"2024-06-06 00:30:00",1698,12.52,403,0,0.926,1.18,2.91,0.105,0.257,0.1,0.167,52.35,37.92
"2024-06-06 01:00:00",1699,12.52,403,0,0.858,1.07,2.72,0.095,0.241,0.093,0.154,51.84,36.44
"2024-06-06 01:30:00",1700,12.52,403,0,0.824,1.07,2.57,0.095,0.228,0.088,0.153,54.94,38.05
"2024-06-06 02:00:00",1701,12.51,403,0,0.797,1.01,2.51,0.09,0.222,0.088,0.144,53.77,36.73
"2024-06-06 02:30:00",1702,12.51,403,0,0.754,0.95,2.38,0.084,0.211,0.083,0.135,53.1,36.77
"2024-06-06 03:00:00",1703,12.51,403,0,0.736,0.96,2.29,0.085,0.203,0.084,0.131,52.39,37.96
"2024-06-06 03:30:00",1704,12.51,403,0,0.731,0.9,2.33,0.08,0.206,0.076,0.133,53.94,36.89
"2024-06-06 04:00:00",1705,12.51,403,0,0.774,0.99,2.43,0.088,0.215,0.084,0.14,53.17,36.69
"2024-06-06 04:30:00",1706,12.51,403,0,0.79,1.02,2.47,0.091,0.219,0.087,0.14,51.44,37.41
"2024-06-06 05:00:00",1707,12.51,403,0,0.858,1.11,2.68,0.098,0.237,0.094,0.15,54.18,37.7
"2024-06-06 05:30:00",1708,12.51,403,0,0.865,1.14,2.68,0.1,0.237,0.094,0.152,51.98,37.81
"2024-06-06 06:00:00",1709,12.5,403,0,1.036,1.46,3.11,0.129,0.275,0.123,0.18,53.43,37.35
"2024-06-06 06:30:00",1710,12.5,403,0,1.422,2.06,4.21,0.182,0.373,0.167,0.245,54.07,38.41
"2024-06-06 07:00:00",1711,12.5,403,0,1.699,2.51,4.98,0.222,0.441,0.205,0.289,54.99,38.92
"2024-06-06 07:30:00",1712,12.5,403,0,2.246,3.37,6.53,0.299,0.578,0.272,0.381,54.12,40.1
"2024-06-06 08:00:00",1713,12.5,403,0,2.727,4.12,7.9,0.365,0.7,0.336,0.461,54.67,38.86
"2024-06-06 08:30:00",1714,12.5,403,0,3.231,5.09,9.14,0.451,0.809,0.405,0.537,53.14,39.69
"2024-06-06 09:00:00",1715,12.5,403,0,3.474,5.43,9.87,0.481,0.873,0.441,0.577,51.51,38.88
"2024-06-06 09:30:00",1716,12.5,403,0,3.291,5.07,9.43,0.449,0.835,0.415,0.555,52.85,39.39
"2024-06-06 10:00:00",1717,12.5,403,0,3.639,5.69,10.34,0.503,0.915,0.464,0.609,51.72,39.74
"2024-06-06 10:30:00",1718,12.5,403,0,3.95,6.13,11.27,0.542,0.997,0.508,0.668,52.34,39.55
"2024-06-06 11:00:00",1719,12.5,403,0,3.861,5.99,11.02,0.53,0.975,0.491,0.642,52.19,38.57
"2024-06-06 11:30:00",1720,12.5,403,0,3.86,5.86,11.15,0.519,0.987,0.488,0.659,52.23,39.03
"2024-06-06 12:00:00",1721,12.5,403,0,4.184,6.51,11.92,0.576,1.055,0.532,0.695,51.57,38.11
"2024-06-06 12:30:00",1722,12.5,403,0,4.643,7.5,12.94,0.664,1.145,0.626,0.792,49.68,36.63
"2024-06-06 13:00:00",1723,12.5,403,0,5.027,7.68,14.47,0.679,1.281,0.65,0.846,48.7,35.24
"2024-06-06 13:30:00",1724,12.5,403,0,5.191,7.95,14.92,0.703,1.32,0.674,0.875,46.86,35.3
"2024-06-06 14:00:00",1725,12.5,403,0,5.052,7.7,14.56,0.681,1.288,0.651,0.851,46.83,35.92
"2024-06-06 14:30:00",1726,12.5,403,0,5.249,7.95,15.18,0.703,1.343,0.684,0.896,46.06,34.75
"2024-06-06 15:00:00",1727,12.5,403,0,4.928,7.63,14.08,0.675,1.247,0.641,0.821,48.53,36.39
"2024-06-06 15:30:00",1728,12.5,403,0,4.731,7.16,13.69,0.634,1.212,0.614,0.808,49.08,36.69
"2024-06-06 16:00:00",1729,12.5,403,0,4.781,7.19,13.88,0.636,1.229,0.62,0.824,48.43,36.6
"2024-06-06 16:30:00",1730,12.5,403,0,4.725,7.25,13.57,0.641,1.201,0.611,0.795,50.12,37.32
"2024-06-06 17:00:00",1731,12.49,403,0,4.363,6.74,12.48,0.597,1.105,0.561,0.738,51.14,37.93
"2024-06-06 17:30:00",1732,12.5,403,0,4.246,6.5,12.21,0.575,1.081,0.541,0.715,48.73,37.57
"2024-06-06 18:00:00",1733,12.49,403,0,3.845,5.94,11,0.526,0.973,0.482,0.643,51.77,37.99
"2024-06-06 18:30:00",1734,12.49,403,0,3.214,4.91,9.25,0.434,0.819,0.4,0.54,53.29,39.41
"2024-06-06 19:00:00",1735,12.49,403,0,2.564,3.88,7.42,0.343,0.656,0.316,0.433,53.03,39.56
"2024-06-06 19:30:00",1736,12.49,403,0,1.871,2.73,5.52,0.242,0.488,0.227,0.322,53.35,38.5
"2024-06-06 20:00:00",1737,12.48,403,0,1.318,1.78,4.04,0.158,0.357,0.148,0.237,53.3,37.78
"2024-06-06 20:30:00",1738,12.48,403,0,1.016,1.27,3.22,0.112,0.285,0.109,0.192,53.06,37.39
"2024-06-06 21:00:00",1739,12.47,403,0,0.832,0.98,2.7,0.086,0.239,0.082,0.158,52.78,36.44
"2024-06-06 21:30:00",1740,12.47,403,0,0.673,0.67,2.31,0.06,0.205,0.062,0.136,52.35,36.53
"2024-06-06 22:00:00",1741,12.47,403,0,0.621,0.61,2.14,0.054,0.19,0.057,0.122,52.32,37.21
"2024-06-06 22:30:00",1742,12.46,403,0,0.62,0.59,2.16,0.052,0.191,0.055,0.125,52.15,37.15
"2024-06-06 23:00:00",1743,12.46,403,0,0.559,0.5,1.98,0.044,0.175,0.045,0.113,53.13,36.39
"2024-06-06 23:30:00",1744,12.46,403,0,0.532,0.47,1.89,0.042,0.167,0.045,0.108,51.88,37.04
"2024-06-07 00:00:00",1745,12.45,403,0,0.482,0.38,1.76,0.034,0.156,0.035,0.102,52.42,36.34
"2024-06-07 00:30:00",1746,12.45,403,0,0.437,0.35,1.59,0.031,0.141,0.035,0.094,52.6,36.68
"2024-06-07 01:00:00",1747,12.45,403,0,0.409,0.29,1.53,0.026,0.135,0.032,0.087,51.69,36.44
"2024-06-07 01:30:00",1748,12.44,403,0,0.361,0.18,1.43,0.016,0.127,0.023,0.083,53.18,35.88
"2024-06-07 02:00:00",1749,12.45,403,0,0.339,0.15,1.36,0.013,0.121,0.025,0.076,52.59,35.68
"2024-06-07 02:30:00",1750,12.44,403,0,0.312,0.15,1.24,0.013,0.109,0.018,0.069,52.21,35.32
"2024-06-07 03:00:00",1751,12.44,403,0,0.273,0.09,1.13,0.008,0.1,0.017,0.064,51.31,36.31
"2024-06-07 03:30:00",1752,12.44,403,0,0.301,0.15,1.19,0.013,0.105,0.017,0.069,52.87,35.55
"2024-06-07 04:00:00",1753,12.44,403,0,0.36,0.24,1.36,0.021,0.121,0.025,0.078,52.33,36.4
"2024-06-07 04:30:00",1754,12.43,403,0,0.428,0.36,1.54,0.032,0.136,0.038,0.088,52.21,36.54
"2024-06-07 05:00:00",1755,12.43,403,0,0.464,0.42,1.64,0.037,0.145,0.041,0.091,51.74,36.74
"2024-06-07 05:30:00",1756,12.43,403,0,0.498,0.47,1.74,0.042,0.154,0.045,0.1,52.87,36.13
"2024-06-07 06:00:00",1757,12.43,403,0,0.708,0.86,2.27,0.076,0.201,0.075,0.131,53.19,37.11
"2024-06-07 06:30:00",1758,12.43,403,0,1.135,1.52,3.49,0.134,0.309,0.125,0.2,54.05,37.57
"2024-06-07 07:00:00",1759,12.43,403,0,1.444,2.03,4.34,0.18,0.384,0.164,0.249,52.94,38.09
"2024-06-07 07:30:00",1760,12.42,403,0,2.025,2.98,5.95,0.264,0.527,0.243,0.344,55.16,38.66
"2024-06-07 08:00:00",1761,12.42,403,0,2.852,4.26,8.31,0.377,0.736,0.344,0.484,53.65,40.03
"2024-06-07 08:30:00",1762,12.43,403,0,3.324,5.02,9.63,0.444,0.852,0.409,0.563,52.43,39.47
"2024-06-07 09:00:00",1763,12.42,403,0,3.894,6.13,11.02,0.543,0.975,0.492,0.653,55.43,38.95
"2024-06-07 09:30:00",1764,12.42,403,0,4.272,6.61,12.21,0.585,1.08,0.55,0.722,50.32,38.34
"2024-06-07 10:00:00",1765,12.43,403,0,4.018,5,12.76,0.443,1.129,0.478,0.776,48.11,37.36
"2024-06-07 10:30:00",1766,12.43,403,0,4.708,7.32,13.42,0.647,1.188,0.614,0.804,49.09,37.26
"2024-06-07 11:00:00",1767,12.43,403,0,3.443,3.39,11.87,0.3,1.051,0.393,0.805,45.99,36.62
"2024-06-07 11:30:00",1768,12.43,403,0,5.412,8.66,15.17,0.767,1.343,0.702,0.877,46.88,36.13
"2024-06-07 12:00:00",1769,12.43,403,0,4.967,6.88,15.04,0.609,1.331,0.631,0.907,46.98,34.74
"2024-06-07 12:30:00",1770,12.44,403,0,5.309,8.4,14.98,0.744,1.325,0.718,0.913,45.86,34.85
"2024-06-07 13:00:00",1771,12.44,403,0,5.498,8.51,15.71,0.753,1.391,0.722,0.919,45.55,34.65
"2024-06-07 13:30:00",1772,12.44,403,0,5.466,8.23,15.86,0.729,1.404,0.713,0.929,45.07,34.48
"2024-06-07 14:00:00",1773,12.43,403,0,5.425,8.13,15.78,0.72,1.397,0.702,0.916,45.6,35.11
"2024-06-07 14:30:00",1774,12.43,403,0,5.249,7.76,15.38,0.687,1.361,0.681,0.906,46.47,34.9
"2024-06-07 15:00:00",1775,12.43,403,0,5.179,7.72,15.11,0.683,1.337,0.669,0.895,46.1,34.95
"2024-06-07 15:30:00",1776,12.44,403,0,5.004,7.43,14.63,0.658,1.295,0.65,0.877,46.84,35.27
"2024-06-07 16:00:00",1777,12.44,403,0,4.926,7.39,14.32,0.654,1.267,0.638,0.857,46.82,36.23
"2024-06-07 16:30:00",1778,12.43,403,0,4.704,7.1,13.63,0.629,1.207,0.604,0.823,47.76,36.18
"2024-06-07 17:00:00",1779,12.43,403,0,4.47,6.74,12.96,0.597,1.147,0.566,0.766,50.06,37.26
"2024-06-07 17:30:00",1780,12.43,403,0,4.246,6.46,12.25,0.572,1.084,0.536,0.727,50.21,37.81
"2024-06-07 18:00:00",1781,12.42,403,0,3.963,6.07,11.39,0.537,1.008,0.498,0.677,51.06,37.86
"2024-06-07 18:30:00",1782,12.43,403,0,3.654,5.55,10.55,0.491,0.934,0.456,0.626,52.99,38.54
"2024-06-07 19:00:00",1783,12.43,403,0,3.168,4.82,9.14,0.426,0.809,0.392,0.54,52.74,39.38
"2024-06-07 19:30:00",1784,12.42,403,0,2.543,3.8,7.41,0.336,0.656,0.309,0.436,52.97,38.38
"2024-06-07 20:00:00",1785,12.41,403,0,1.929,2.73,5.78,0.241,0.512,0.224,0.344,52.58,38.14
"2024-06-07 20:30:00",1786,12.41,403,0,1.459,1.97,4.47,0.174,0.396,0.163,0.264,52.94,38.34
"2024-06-07 21:00:00",1787,12.41,403,0,1.079,1.32,3.45,0.117,0.306,0.114,0.213,53.91,37.83
"2024-06-07 21:30:00",1788,12.4,403,0,1.036,1.26,3.32,0.112,0.294,0.109,0.199,54.24,37.92
"2024-06-07 22:00:00",1789,12.4,403,0,1.034,1.27,3.3,0.113,0.292,0.11,0.197,52.71,38.27
"2024-06-07 22:30:00",1790,12.39,403,0,0.974,1.13,3.18,0.1,0.282,0.1,0.191,52.55,37.3
"2024-06-07 23:00:00",1791,12.39,403,0,0.932,1.13,2.99,0.1,0.264,0.101,0.177,52.82,37.15
"2024-06-07 23:30:00",1792,12.38,403,0,0.914,1.13,2.91,0.1,0.257,0.098,0.174,52.45,37.61
"2024-06-08 00:00:00",1793,12.39,403,0,0.857,0.98,2.81,0.087,0.249,0.09,0.167,52.93,36.59
"2024-06-08 00:30:00",1794,12.38,403,0,0.823,0.93,2.71,0.082,0.24,0.081,0.163,52.59,37.34
"2024-06-08 01:00:00",1795,12.38,403,0,0.803,0.95,2.6,0.084,0.23,0.085,0.157,52.74,36.68
"2024-06-08 01:30:00",1796,12.37,403,0,0.759,0.86,2.5,0.076,0.221,0.073,0.153,52.29,37.04
"2024-06-08 02:00:00",1797,12.37,403,0,0.729,0.78,2.45,0.069,0.217,0.071,0.147,53.15,36.68
"2024-06-08 02:30:00",1798,12.37,403,0,0.678,0.75,2.25,0.067,0.199,0.071,0.142,52.07,36.67
"2024-06-08 03:00:00",1799,12.36,403,0,0.657,0.69,2.22,0.061,0.196,0.066,0.137,52.17,36.26
"2024-06-08 03:30:00",1800,12.36,403,0,0.63,0.66,2.13,0.058,0.189,0.066,0.13,52.31,36.41
"2024-06-08 04:00:00",1801,12.36,403,0,0.617,0.66,2.07,0.058,0.183,0.063,0.127,52.84,35.95
"2024-06-08 04:30:00",1802,12.36,403,0,0.618,0.63,2.11,0.056,0.187,0.058,0.13,52.67,36.2
"2024-06-08 05:00:00",1803,12.36,403,0,0.596,0.63,2.01,0.056,0.178,0.058,0.123,51.97,36.32
"2024-06-08 05:30:00",1804,12.35,403,0,0.581,0.63,1.94,0.056,0.172,0.061,0.114,52.49,36.42
"2024-06-08 06:00:00",1805,12.34,403,0,0.678,0.75,2.25,0.066,0.199,0.071,0.135,51.57,36.73
"2024-06-08 06:30:00",1806,12.35,403,0,1.016,1.31,3.18,0.116,0.282,0.111,0.189,53.82,37.19
"2024-06-08 07:00:00",1807,12.34,403,0,1.54,2.08,4.72,0.184,0.418,0.173,0.278,53.77,38.11
"2024-06-08 07:30:00",1808,12.34,403,0,2.086,3.01,6.19,0.266,0.547,0.25,0.366,55.01,38.79
"2024-06-08 08:00:00",1809,12.34,403,0,2.747,4.03,8.08,0.357,0.716,0.329,0.482,54.33,39.49
"2024-06-08 08:30:00",1810,12.34,403,0,3.2,5.13,8.96,0.454,0.793,0.405,0.552,50.72,40.12
"2024-06-08 09:00:00",1811,12.35,403,0,3.899,6.36,10.8,0.563,0.956,0.5,0.645,57.4,38.46
"2024-06-08 09:30:00",1812,12.34,403,0,4.048,6.3,11.53,0.558,1.021,0.513,0.696,50.35,37.97
"2024-06-08 10:00:00",1813,12.35,403,0,4.158,6,12.34,0.531,1.092,0.522,0.747,51.06,37.86
"2024-06-08 10:30:00",1814,12.35,403,0,4.45,6.75,12.86,0.597,1.138,0.568,0.778,49.93,37.13
"2024-06-08 11:00:00",1815,12.34,403,0,4.294,7.89,10.97,0.699,0.971,0.643,0.767,53.23,37.15
"2024-06-08 11:30:00",1816,12.35,403,0,5.234,8.73,14.3,0.773,1.266,0.684,0.825,48.52,36.39
"2024-06-08 12:00:00",1817,12.35,403,0,4.396,6.05,13.35,0.536,1.181,0.553,0.824,50.51,36.33
"2024-06-08 12:30:00",1818,12.36,403,0,4.896,7.99,13.56,0.708,1.2,0.659,0.84,47.89,35.92
"2024-06-08 13:00:00",1819,12.36,403,0,5.125,7.9,14.68,0.699,1.299,0.668,0.874,47.71,35.57
"2024-06-08 13:30:00",1820,12.36,403,0,5.231,7.97,15.08,0.705,1.335,0.672,0.88,47.13,35.41
"2024-06-08 14:00:00",1821,12.36,403,0,5.182,7.76,15.08,0.687,1.335,0.665,0.888,47.29,35.56
"2024-06-08 14:30:00",1822,12.36,403,0,5.09,7.56,14.88,0.669,1.317,0.649,0.878,47.34,35.36
"2024-06-08 15:00:00",1823,12.36,403,0,5.07,7.56,14.79,0.67,1.309,0.651,0.878,46.97,35.4
"2024-06-08 15:30:00",1824,12.36,403,0,4.905,7.31,14.31,0.647,1.266,0.626,0.854,47.95,35.97
"2024-06-08 16:00:00",1825,12.36,403,0,4.875,7.43,14.05,0.658,1.243,0.634,0.836,47.7,35.97
"2024-06-08 16:30:00",1826,12.36,403,0,4.68,7,13.63,0.619,1.206,0.594,0.811,49.28,36.89
"2024-06-08 17:00:00",1827,12.36,403,0,4.57,6.93,13.21,0.613,1.169,0.576,0.784,49.14,37.15
"2024-06-08 17:30:00",1828,12.36,403,0,4.343,6.59,12.55,0.583,1.111,0.549,0.746,49.95,37.15
"2024-06-08 18:00:00",1829,12.35,403,0,4.087,6.19,11.82,0.548,1.046,0.511,0.703,51.23,37.87
"2024-06-08 18:30:00",1830,12.34,403,0,3.719,5.59,10.8,0.494,0.956,0.464,0.639,51.33,38.53
"2024-06-08 19:00:00",1831,12.35,403,0,3.159,4.79,9.13,0.424,0.808,0.389,0.539,52.54,38.93
"2024-06-08 19:30:00",1832,12.34,403,0,2.425,3.56,7.13,0.315,0.631,0.293,0.421,53.83,38.99
"2024-06-08 20:00:00",1833,12.34,403,0,1.815,2.55,5.46,0.225,0.483,0.209,0.322,52.9,38.06
"2024-06-08 20:30:00",1834,12.34,403,0,1.382,1.86,4.24,0.164,0.376,0.151,0.251,53.26,37.04
"2024-06-08 21:00:00",1835,12.33,403,0,1.07,1.32,3.41,0.117,0.302,0.108,0.204,51.51,37.08
"2024-06-08 21:30:00",1836,12.33,403,0,0.884,1.02,2.89,0.09,0.255,0.088,0.175,52.58,37.18
"2024-06-08 22:00:00",1837,12.32,403,0,0.764,0.84,2.54,0.074,0.225,0.076,0.154,53.01,36.52
"2024-06-08 22:30:00",1838,12.32,403,0,0.704,0.68,2.44,0.061,0.216,0.063,0.149,51.93,36.84
"2024-06-08 23:00:00",1839,12.31,403,0,0.643,0.65,2.2,0.058,0.194,0.063,0.134,52.18,36.78
"2024-06-08 23:30:00",1840,12.31,403,0,0.591,0.56,2.06,0.05,0.182,0.058,0.127,52.12,36.47
"2024-06-09 00:00:00",1841,12.31,403,0,0.545,0.48,1.94,0.042,0.171,0.048,0.118,52.41,36.18
"2024-06-09 00:30:00",1842,12.31,403,0,0.516,0.42,1.87,0.037,0.165,0.043,0.116,52.95,36.47
"2024-06-09 01:00:00",1843,12.31,403,0,0.478,0.39,1.73,0.034,0.153,0.041,0.109,51.82,36.16
"2024-06-09 01:30:00",1844,12.31,403,0,0.448,0.33,1.66,0.029,0.147,0.035,0.101,52.81,36.33
"2024-06-09 02:00:00",1845,12.3,403,0,0.416,0.27,1.58,0.024,0.14,0.03,0.099,51.87,35.96
"2024-06-09 02:30:00",1846,12.3,403,0,0.469,0.39,1.69,0.034,0.15,0.04,0.104,52.38,36.57
"2024-06-09 03:00:00",1847,12.29,403,0,0.491,0.42,1.76,0.037,0.156,0.043,0.111,54.32,36.61
"2024-06-09 03:30:00",1848,12.3,403,0,0.473,0.35,1.75,0.031,0.155,0.038,0.108,52.64,37.24
"2024-06-09 04:00:00",1849,12.29,403,0,0.552,0.51,1.94,0.045,0.171,0.048,0.121,51.61,36.62
"2024-06-09 04:30:00",1850,12.29,403,0,0.541,0.52,1.88,0.046,0.166,0.054,0.114,52.07,36.57
"2024-06-09 05:00:00",1851,12.3,403,0,0.523,0.51,1.81,0.045,0.16,0.048,0.114,52.16,36.51
"2024-06-09 05:30:00",1852,12.29,403,0,0.5,0.45,1.77,0.04,0.157,0.048,0.112,52.07,36.16
"2024-06-09 06:00:00",1853,12.29,403,0,0.617,0.66,2.07,0.058,0.183,0.061,0.128,53.66,36.52
"2024-06-09 06:30:00",1854,12.29,403,0,0.871,1.05,2.8,0.093,0.248,0.089,0.167,52.83,37.33
"2024-06-09 07:00:00",1855,12.29,403,0,1.168,1.52,3.64,0.135,0.323,0.127,0.217,54.57,37.93
"2024-06-09 07:30:00",1856,12.28,403,0,1.55,2.12,4.72,0.188,0.418,0.172,0.284,54.61,38.12
"2024-06-09 08:00:00",1857,12.29,403,0,2.467,3.55,7.33,0.314,0.649,0.296,0.438,53.81,39.53
"2024-06-09 08:30:00",1858,12.28,403,0,3.343,5.32,9.4,0.47,0.832,0.429,0.588,50.92,38.94
"2024-06-09 09:00:00",1859,12.28,403,0,4.04,6.19,11.61,0.548,1.027,0.505,0.686,51.33,37.71
"2024-06-09 09:30:00",1860,12.28,403,0,3.91,5.73,11.51,0.508,1.019,0.486,0.695,53.22,38.63
"2024-06-09 10:00:00",1861,12.28,403,0,4.428,6.32,13.21,0.56,1.169,0.55,0.811,49.89,37.35
"2024-06-09 10:30:00",1862,12.28,403,0,4.712,7.64,13.1,0.676,1.159,0.644,0.807,55.24,37.28
"2024-06-09 11:00:00",1863,12.29,403,0,3.964,5.74,11.74,0.508,1.039,0.533,0.799,46.66,36.73
"2024-06-09 11:30:00",1864,12.29,403,0,5.347,8.19,15.37,0.725,1.361,0.69,0.899,46.91,35.6
"2024-06-09 12:00:00",1865,12.3,403,0,4.963,7.12,14.77,0.63,1.307,0.646,0.912,47.98,34.53
"2024-06-09 12:30:00",1866,12.3,403,0,5.089,7.65,14.78,0.677,1.309,0.672,0.904,46.02,35.28
"2024-06-09 13:00:00",1867,12.29,403,0,5.186,7.76,15.1,0.687,1.336,0.675,0.911,46.2,35.19
"2024-06-09 13:30:00",1868,12.3,403,0,5.321,8.21,15.23,0.727,1.348,0.691,0.888,46.4,35.66
"2024-06-09 14:00:00",1869,12.3,403,0,5.207,7.81,15.14,0.691,1.34,0.677,0.899,46.82,35.51
"2024-06-09 14:30:00",1870,12.3,403,0,5.155,7.74,14.98,0.685,1.326,0.668,0.897,46.54,35.23
"2024-06-09 15:00:00",1871,12.3,403,0,5.132,7.49,15.14,0.663,1.34,0.663,0.907,46.2,35.04
"2024-06-09 15:30:00",1872,12.29,403,0,4.64,7.16,13.28,0.634,1.175,0.592,0.776,49.38,36.99
"2024-06-09 16:00:00",1873,12.29,403,0,4.608,7.16,13.14,0.634,1.163,0.592,0.784,49.97,36.77
"2024-06-09 16:30:00",1874,12.29,403,0,4.432,6.52,13.02,0.577,1.152,0.557,0.777,50.13,36.93
"2024-06-09 17:00:00",1875,12.29,403,0,4.15,6.03,12.27,0.534,1.086,0.516,0.731,51.19,37.84
"2024-06-09 17:30:00",1876,12.29,403,0,4.193,6.53,11.94,0.578,1.057,0.527,0.703,50.18,38.2
"2024-06-09 18:00:00",1877,12.28,403,0,4.065,6.26,11.65,0.554,1.031,0.507,0.681,51.96,38.09
"2024-06-09 18:30:00",1878,12.28,403,0,3.349,5.05,9.71,0.447,0.859,0.405,0.567,52.81,38.65
"2024-06-09 19:00:00",1879,12.28,403,0,3.09,4.59,9.03,0.407,0.799,0.376,0.531,54.27,38.46
"2024-06-09 19:30:00",1880,12.27,403,0,2.8,4.25,8.09,0.376,0.716,0.338,0.472,52.83,38.4
"2024-06-09 20:00:00",1881,12.27,403,0,2.174,3.08,6.51,0.273,0.576,0.251,0.378,53.44,37.53
"2024-06-09 20:30:00",1882,12.27,403,0,1.481,1.99,4.55,0.176,0.403,0.165,0.267,52.68,38.1
"2024-06-09 21:00:00",1883,12.26,403,0,1.12,1.39,3.56,0.123,0.315,0.117,0.213,52.79,37.8
"2024-06-09 21:30:00",1884,12.26,403,0,0.927,1.05,3.05,0.093,0.27,0.091,0.186,52.74,36.67
"2024-06-09 22:00:00",1885,12.25,403,0,0.82,0.88,2.75,0.077,0.244,0.077,0.168,52.75,36.53
"2024-06-09 22:30:00",1886,12.25,403,0,0.72,0.72,2.47,0.064,0.218,0.066,0.15,52.47,36.82
"2024-06-09 23:00:00",1887,12.25,403,0,0.672,0.64,2.34,0.056,0.207,0.062,0.144,52.54,36.88
"2024-06-09 23:30:00",1888,12.24,403,0,0.634,0.61,2.2,0.054,0.195,0.054,0.132,53.41,36.52
"2024-06-10 00:00:00",1889,12.24,403,0,0.613,0.58,2.14,0.051,0.189,0.056,0.132,52.55,36.73
"2024-06-10 00:30:00",1890,12.24,403,0,0.552,0.45,2,0.04,0.177,0.044,0.122,52.39,36.48
"2024-06-10 01:00:00",1891,12.24,403,0,0.539,0.46,1.93,0.04,0.171,0.046,0.117,52.48,36.26
"2024-06-10 01:30:00",1892,12.23,403,0,0.522,0.42,1.9,0.038,0.168,0.044,0.117,52.7,36.07
"2024-06-10 02:00:00",1893,12.23,403,0,0.536,0.45,1.93,0.04,0.171,0.046,0.117,51.57,36.17
"2024-06-10 02:30:00",1894,12.23,403,0,0.534,0.48,1.89,0.043,0.167,0.046,0.115,53.15,36.11
"2024-06-10 03:00:00",1895,12.23,403,0,0.552,0.48,1.97,0.043,0.174,0.046,0.12,53.41,36.27
"2024-06-10 03:30:00",1896,12.23,403,0,0.571,0.54,1.99,0.048,0.176,0.051,0.122,53.92,35.96
"2024-06-10 04:00:00",1897,12.23,403,0,0.589,0.58,2.03,0.051,0.18,0.054,0.122,52.59,36.37
"2024-06-10 04:30:00",1898,12.22,403,0,0.575,0.55,2,0.048,0.177,0.054,0.12,51.16,36.88
"2024-06-10 05:00:00",1899,12.22,403,0,0.596,0.64,2,0.056,0.177,0.056,0.122,52.39,36.17
"2024-06-10 05:30:00",1900,12.22,403,0,0.591,0.61,2.01,0.054,0.178,0.052,0.125,52.75,36.42
"2024-06-10 06:00:00",1901,12.22,403,0,0.682,0.73,2.29,0.064,0.203,0.062,0.14,53.16,36.83
"2024-06-10 06:30:00",1902,12.21,403,0,1.021,1.29,3.22,0.114,0.285,0.107,0.196,53.55,36.82
"2024-06-10 07:00:00",1903,12.21,403,0,1.438,1.93,4.42,0.171,0.391,0.162,0.262,54.7,38.47
"2024-06-10 07:30:00",1904,12.21,403,0,1.995,2.85,5.95,0.252,0.527,0.231,0.357,54.56,38.48
"2024-06-10 08:00:00",1905,12.21,403,0,2.622,3.64,7.93,0.322,0.702,0.305,0.468,53.97,39.13
"2024-06-10 08:30:00",1906,12.21,403,0,3.22,5.1,9.08,0.452,0.803,0.408,0.565,51.97,40
"2024-06-10 09:00:00",1907,12.21,403,0,3.863,5.97,11.05,0.529,0.978,0.477,0.656,53.11,39.09
"2024-06-10 09:30:00",1908,12.22,403,0,3.971,6.04,11.46,0.535,1.014,0.504,0.7,49.94,37.81
"2024-06-10 10:00:00",1909,12.21,403,0,4.092,5.85,12.2,0.518,1.08,0.513,0.738,50.54,38.16
"2024-06-10 10:30:00",1910,12.22,403,0,4.396,6.72,12.65,0.595,1.12,0.566,0.766,50.09,37.45
"2024-06-10 11:00:00",1911,12.22,403,0,3.433,4.58,10.58,0.405,0.937,0.447,0.759,48.41,37.25
"2024-06-10 11:30:00",1912,12.22,403,0,5.287,8.62,14.65,0.763,1.296,0.674,0.832,48.25,36.28
"2024-06-10 12:00:00",1913,12.22,403,0,4.56,6.38,13.74,0.564,1.216,0.578,0.844,49.96,36.34
"2024-06-10 12:30:00",1914,12.22,403,0,4.879,7.83,13.65,0.693,1.208,0.661,0.858,48.31,35.25
"2024-06-10 13:00:00",1915,12.22,403,0,5.23,8.14,14.9,0.721,1.319,0.678,0.88,46.92,34.95
"2024-06-10 13:30:00",1916,12.22,403,0,5.28,7.97,15.3,0.706,1.354,0.68,0.898,46.35,34.79
"2024-06-10 14:00:00",1917,12.23,403,0,5.194,7.67,15.23,0.679,1.348,0.663,0.897,47.41,35.03
"2024-06-10 14:30:00",1918,12.22,403,0,5.16,7.61,15.14,0.673,1.34,0.656,0.894,47.84,35.2
"2024-06-10 15:00:00",1919,12.23,403,0,5.117,7.95,14.59,0.704,1.291,0.656,0.849,47.63,36.06
"2024-06-10 15:30:00",1920,12.23,403,0,4.784,7.1,13.99,0.628,1.238,0.608,0.833,48.53,36.14
"2024-06-10 16:00:00",1921,12.23,403,0,5.054,8.13,14.12,0.719,1.25,0.655,0.82,48.06,36.34
"2024-06-10 16:30:00",1922,12.22,403,0,4.229,6.37,12.27,0.564,1.086,0.528,0.718,50.86,37.5
"2024-06-10 17:00:00",1923,12.22,403,0,4.48,6.89,12.85,0.61,1.137,0.568,0.768,49.65,37.41
"2024-06-10 17:30:00",1924,12.22,403,0,4.382,6.7,12.61,0.593,1.116,0.55,0.738,50.1,37.56
"2024-06-10 18:00:00",1925,12.22,403,0,3.964,6,11.47,0.531,1.015,0.494,0.681,50.92,38.12
"2024-06-10 18:30:00",1926,12.22,403,0,3.543,5.42,10.19,0.48,0.902,0.437,0.6,51.69,38.48
"2024-06-10 19:00:00",1927,12.21,403,0,3.097,4.63,9.02,0.41,0.799,0.373,0.532,53.01,39.39
"2024-06-10 19:30:00",1928,12.21,403,0,2.4,3.52,7.06,0.311,0.625,0.283,0.409,53.58,38.74
"2024-06-10 20:00:00",1929,12.2,403,0,1.613,2.18,4.94,0.193,0.437,0.176,0.294,53.68,38.17
"2024-06-10 20:30:00",1930,12.2,403,0,1.215,1.52,3.85,0.135,0.341,0.131,0.226,53.76,36.72
"2024-06-10 21:00:00",1931,12.2,403,0,0.968,1.12,3.16,0.099,0.28,0.1,0.189,52.71,36.64
"2024-06-10 21:30:00",1932,12.2,403,0,0.84,0.89,2.83,0.078,0.25,0.08,0.167,52.75,36.68
"2024-06-10 22:00:00",1933,12.19,403,0,0.716,0.73,2.44,0.065,0.216,0.067,0.148,52.87,36.23
"2024-06-10 22:30:00",1934,12.19,403,0,0.625,0.58,2.19,0.051,0.194,0.054,0.137,53.05,35.76
"2024-06-10 23:00:00",1935,12.18,403,0,0.563,0.49,2.01,0.043,0.178,0.044,0.125,52.92,36.44
"2024-06-10 23:30:00",1936,12.18,403,0,0.504,0.37,1.87,0.032,0.166,0.041,0.115,51.31,36.06
"2024-06-11 00:00:00",1937,12.18,403,0,0.466,0.33,1.74,0.03,0.154,0.036,0.108,51.76,35.85
"2024-06-11 00:30:00",1938,12.18,403,0,0.512,0.48,1.79,0.043,0.159,0.046,0.1,51.39,37.22
"2024-06-11 01:00:00",1939,12.16,403,0,0.701,1.04,2.05,0.092,0.182,0.081,0.112,52.77,36.3
"2024-06-11 01:30:00",1940,12.15,403,0,0.514,0.69,1.58,0.061,0.139,0.063,0.09,52.44,35.96
"2024-06-11 02:00:00",1941,12.15,403,0,0.49,0.72,1.44,0.064,0.128,0.064,0.083,52.22,35.08
"2024-06-11 02:30:00",1942,12.15,403,0,0.437,0.62,1.31,0.055,0.116,0.052,0.078,53.65,36.76
"2024-06-11 03:00:00",1943,12.15,403,0,0.394,0.5,1.24,0.044,0.11,0.047,0.073,52.36,35.89
"2024-06-11 03:30:00",1944,12.14,403,0,0.392,0.53,1.2,0.047,0.106,0.045,0.07,53.49,36.05
"2024-06-11 04:00:00",1945,12.13,403,0,0.334,0.38,1.1,0.034,0.097,0.037,0.063,52.17,35.95
"2024-06-11 04:30:00",1946,12.14,403,0,0.349,0.44,1.1,0.039,0.097,0.039,0.063,52.24,36.18
"2024-06-11 05:00:00",1947,12.13,403,0,0.302,0.28,1.06,0.025,0.094,0.029,0.06,51.93,35.6
"2024-06-11 05:30:00",1948,12.13,403,0,0.324,0.4,1.03,0.036,0.091,0.037,0.063,52.44,36.22
"2024-06-11 06:00:00",1949,12.12,403,0,0.294,0.31,0.99,0.028,0.088,0.029,0.06,52.3,35.97
"2024-06-11 06:30:00",1950,12.13,403,0,0.293,0.28,1.02,0.025,0.091,0.026,0.063,52.04,35.96
"2024-06-11 07:00:00",1951,12.13,403,0,0.45,0.52,1.47,0.046,0.13,0.049,0.09,53.55,36.26
"2024-06-11 07:30:00",1952,12.13,403,0,0.845,1.13,2.6,0.1,0.23,0.096,0.158,54.89,37.18
"2024-06-11 08:00:00",1953,12.12,403,0,1.353,1.7,4.28,0.15,0.379,0.144,0.259,54.24,38.43
"2024-06-11 08:30:00",1954,12.13,403,0,1.808,2.52,5.46,0.223,0.483,0.205,0.338,52.71,38.84
"2024-06-11 09:00:00",1955,12.12,403,0,2.743,4.15,7.94,0.367,0.702,0.332,0.469,55.07,39.97
"2024-06-11 09:30:00",1956,12.13,403,0,2.926,3.93,8.99,0.348,0.796,0.335,0.542,52.35,39.55
"2024-06-11 10:00:00",1957,12.12,403,0,3.84,6.08,10.83,0.538,0.959,0.498,0.643,55.37,38.63
"2024-06-11 10:30:00",1958,12.13,403,0,3.951,6.02,11.39,0.533,1.008,0.496,0.683,52.47,38.59
"2024-06-11 11:00:00",1959,12.12,403,0,2.412,0.69,10.08,0.061,0.892,0.222,0.7,44.05,38.78
"2024-06-11 11:30:00",1960,12.13,403,0,4.914,8.21,13.41,0.727,1.187,0.63,0.77,48.26,37.1
"2024-06-11 12:00:00",1961,12.12,403,0,4.301,6.43,12.53,0.569,1.109,0.555,0.774,51.08,37.21
"2024-06-11 12:30:00",1962,12.13,403,0,4.641,7.55,12.88,0.668,1.14,0.619,0.794,49.13,36.74
"2024-06-11 13:00:00",1963,12.14,403,0,4.829,7.56,13.71,0.669,1.213,0.627,0.821,47.99,36.99
"2024-06-11 13:30:00",1964,12.13,403,0,4.715,7.09,13.69,0.627,1.212,0.588,0.805,48.67,36.95
"2024-06-11 14:00:00",1965,12.14,403,0,4.642,6.95,13.51,0.615,1.196,0.586,0.799,50.94,36.65
"2024-06-11 14:30:00",1966,12.14,403,0,4.758,7.36,13.6,0.652,1.204,0.612,0.802,48.81,36.43
"2024-06-11 15:00:00",1967,12.14,403,0,4.422,6.46,13.04,0.572,1.154,0.546,0.767,49.96,37.16
"2024-06-11 15:30:00",1968,12.14,403,0,4.68,7.21,13.41,0.638,1.187,0.596,0.794,48.78,36.65
"2024-06-11 16:00:00",1969,12.14,403,0,4.507,6.87,12.99,0.608,1.15,0.568,0.767,50.31,36.69
"2024-06-11 16:30:00",1970,12.14,403,0,4.192,6.42,12.05,0.568,1.066,0.52,0.707,51.3,37.93
"2024-06-11 17:00:00",1971,12.13,403,0,3.661,5.62,10.51,0.498,0.93,0.452,0.612,52.06,38.59
"2024-06-11 17:30:00",1972,12.13,403,0,3.029,4.54,8.81,0.402,0.78,0.364,0.512,53.43,39.14
"2024-06-11 18:00:00",1973,12.12,403,0,2.826,4.15,8.31,0.368,0.735,0.343,0.487,54.75,38.68
"2024-06-11 18:30:00",1974,12.13,403,0,3.508,5.29,10.17,0.468,0.9,0.428,0.595,52.24,38.63
"2024-06-11 19:00:00",1975,12.13,403,0,3.108,4.67,9.03,0.413,0.799,0.378,0.528,54.04,39.04
"2024-06-11 19:30:00",1976,12.12,403,0,2.64,3.89,7.75,0.344,0.686,0.316,0.448,54.03,38.93
"2024-06-11 20:00:00",1977,12.12,403,0,2.156,3.09,6.42,0.273,0.568,0.251,0.374,53.56,38.31
"2024-06-11 20:30:00",1978,12.11,403,0,1.487,2.07,4.49,0.183,0.398,0.168,0.261,53.36,37.14
"2024-06-11 21:00:00",1979,12.11,403,0,0.936,1.13,3.01,0.1,0.267,0.098,0.176,52.19,36.53
"2024-06-11 21:30:00",1980,12.11,403,0,0.677,0.7,2.3,0.062,0.203,0.064,0.136,51.41,36.72
"2024-06-11 22:00:00",1981,12.11,403,0,0.532,0.5,1.86,0.044,0.164,0.048,0.108,52.03,36.37
"2024-06-11 22:30:00",1982,12.09,403,0,0.432,0.31,1.61,0.028,0.142,0.032,0.096,52.41,35.95
"2024-06-11 23:00:00",1983,12.09,403,0,0.348,0.16,1.39,0.014,0.123,0.021,0.083,51.29,35.49
"2024-06-11 23:30:00",1984,12.09,403,0,0.291,0.09,1.21,0.008,0.107,0.016,0.076,51.41,35.6
"2024-06-12 00:00:00",1985,12.09,403,0,0.278,0.06,1.18,0.006,0.105,0.013,0.073,51.56,36.31
"2024-06-12 00:30:00",1986,12.08,403,0,0.262,0.06,1.11,0.006,0.099,0.016,0.069,52.28,35.65
"2024-06-12 01:00:00",1987,12.08,403,0,0.234,-0.02,1.07,-0.003,0.095,0.008,0.066,52.02,35.81
"2024-06-12 01:30:00",1988,12.08,403,0,0.228,-0.02,1.04,-0.003,0.092,0.008,0.063,51.41,34.67
"2024-06-12 02:00:00",1989,12.08,403,0,0.212,-0.02,0.97,-0.003,0.086,0.005,0.061,51.87,35.24
"2024-06-12 02:30:00",1990,12.07,403,0,0.18,-0.08,0.89,-0.008,0.079,0,0.058,52.62,35.59
"2024-06-12 03:00:00",1991,12.07,403,0,0.231,0.06,0.97,0.006,0.086,0.013,0.061,50.69,36
"2024-06-12 03:30:00",1992,12.07,403,0,0.21,-0.02,0.96,-0.003,0.085,0.008,0.061,51.77,36.11
"2024-06-12 04:00:00",1993,12.06,403,0,0.223,0,1,0,0.089,0.008,0.064,51.61,35.7
"2024-06-12 04:30:00",1994,12.06,403,0,0.248,0.03,1.08,0.003,0.095,0.011,0.066,51.7,35.07
"2024-06-12 05:00:00",1995,12.06,403,0,0.23,0.03,1,0.003,0.089,0.011,0.064,52.37,35.49
"2024-06-12 05:30:00",1996,12.06,403,0,0.217,0,0.97,0,0.086,0.008,0.061,52.42,35.7
"2024-06-12 06:00:00",1997,12.06,403,0,0.208,0,0.93,0,0.082,0.005,0.058,51.9,35.02
"2024-06-12 06:30:00",1998,12.05,403,0,0.276,0.09,1.14,0.008,0.101,0.013,0.074,52.84,36.36
"2024-06-12 07:00:00",1999,12.05,403,0,0.478,0.39,1.73,0.035,0.153,0.039,0.104,53.91,37.18
"2024-06-12 07:30:00",2000,12.06,403,0,1.009,1.27,3.19,0.113,0.282,0.106,0.194,53.97,37.23
"2024-06-12 08:00:00",2001,12.05,403,0,1.64,1.99,5.26,0.176,0.466,0.169,0.317,54.93,39.27
"2024-06-12 08:30:00",2002,12.06,403,0,2.395,3.48,7.08,0.308,0.627,0.284,0.443,51.82,39.44
"2024-06-12 09:00:00",2003,12.06,403,0,3.224,4.82,9.39,0.427,0.831,0.388,0.556,54.38,39.28
"2024-06-12 09:30:00",2004,12.06,403,0,3.334,4.43,10.29,0.392,0.911,0.389,0.636,51.88,39.34
"2024-06-12 10:00:00",2005,12.06,403,0,4.12,6.35,11.8,0.562,1.044,0.535,0.714,53.21,38.21
"2024-06-12 10:30:00",2006,12.07,403,0,4.267,6.53,12.27,0.578,1.086,0.551,0.755,51.38,37.77
"2024-06-12 11:00:00",2007,12.07,403,0,2.378,0.64,9.98,0.057,0.883,0.231,0.738,43.54,37.86
"2024-06-12 11:30:00",2008,12.08,403,0,5.307,8.79,14.56,0.778,1.289,0.685,0.837,47.12,35.56
"2024-06-12 12:00:00",2009,12.07,403,0,4.495,6.83,12.98,0.604,1.148,0.602,0.833,50.1,36.33
"2024-06-12 12:30:00",2010,12.08,403,0,4.731,7.59,13.24,0.672,1.172,0.641,0.832,47.95,36.38
"2024-06-12 13:00:00",2011,12.07,403,0,5.028,7.81,14.34,0.691,1.269,0.653,0.85,47.63,35.5
"2024-06-12 13:30:00",2012,12.08,403,0,5.078,7.9,14.47,0.7,1.281,0.663,0.862,47.12,35.81
"2024-06-12 14:00:00",2013,12.08,403,0,4.976,7.52,14.41,0.666,1.275,0.637,0.855,47.58,35.86
"2024-06-12 14:30:00",2014,12.08,403,0,4.902,7.28,14.33,0.644,1.268,0.62,0.853,48.3,35.77
"2024-06-12 15:00:00",2015,12.08,403,0,4.795,7.1,14.04,0.628,1.243,0.609,0.839,48.15,35.77
"2024-06-12 15:30:00",2016,12.08,403,0,4.763,7.18,13.81,0.636,1.222,0.608,0.824,48.66,36.84
"2024-06-12 16:00:00",2017,12.08,403,0,4.699,7.1,13.61,0.628,1.205,0.596,0.807,49.38,36.74
"2024-06-12 16:30:00",2018,12.08,403,0,4.496,6.87,12.94,0.608,1.145,0.568,0.773,50.05,37.1
"2024-06-12 17:00:00",2019,12.08,403,0,4.281,6.6,12.26,0.584,1.086,0.538,0.724,50.72,37.26
"2024-06-12 17:30:00",2020,12.08,403,0,4.116,6.21,11.93,0.549,1.055,0.506,0.695,51.18,37.82
"2024-06-12 18:00:00",2021,12.07,403,0,3.748,5.63,10.89,0.498,0.964,0.46,0.641,52.4,38.12
"2024-06-12 18:30:00",2022,12.08,403,0,3.419,5.11,9.96,0.453,0.882,0.417,0.586,53.66,39.23
"2024-06-12 19:00:00",2023,12.07,403,0,3.042,4.54,8.87,0.402,0.785,0.364,0.517,52.6,38.98
"2024-06-12 19:30:00",2024,12.07,403,0,2.563,3.74,7.56,0.331,0.669,0.304,0.443,53.49,38.25
"2024-06-12 20:00:00",2025,12.07,403,0,2.061,2.92,6.17,0.258,0.547,0.239,0.361,52.75,38.72
"2024-06-12 20:30:00",2026,12.06,403,0,1.481,1.97,4.57,0.175,0.404,0.161,0.265,51.9,37.72
"2024-06-12 21:00:00",2027,12.06,403,0,1.054,1.27,3.39,0.113,0.3,0.107,0.199,52.13,36.32
"2024-06-12 21:30:00",2028,12.05,403,0,0.786,0.83,2.65,0.073,0.235,0.078,0.158,52.43,37.03
"2024-06-12 22:00:00",2029,12.05,403,0,0.636,0.61,2.21,0.054,0.195,0.056,0.133,52.64,36.57
"2024-06-12 22:30:00",2030,12.04,403,0,0.531,0.41,1.95,0.036,0.172,0.043,0.117,52.79,36.31
"2024-06-12 23:00:00",2031,12.04,403,0,0.463,0.32,1.74,0.028,0.154,0.035,0.102,52.74,36.27
"2024-06-12 23:30:00",2032,12.03,403,0,0.415,0.22,1.63,0.02,0.144,0.024,0.097,52.42,35.54
"2024-06-13 00:00:00",2033,12.03,403,0,0.368,0.16,1.48,0.014,0.131,0.024,0.092,51.42,35.6
"2024-06-13 00:30:00",2034,12.03,403,0,0.352,0.16,1.41,0.014,0.125,0.019,0.09,52.2,35.71
"2024-06-13 01:00:00",2035,12.02,403,0,0.336,0.13,1.37,0.011,0.122,0.019,0.085,52.4,35.76
"2024-06-13 01:30:00",2036,12.02,403,0,0.33,0.13,1.34,0.011,0.118,0.021,0.085,51.61,35.8
"2024-06-13 02:00:00",2037,12.02,403,0,0.305,0.09,1.27,0.008,0.112,0.013,0.077,51.3,36.2
"2024-06-13 02:30:00",2038,12.02,403,0,0.319,0.16,1.26,0.014,0.112,0.019,0.079,52.68,35.8
"2024-06-13 03:00:00",2039,12.01,403,0,0.278,0.09,1.15,0.008,0.102,0.019,0.074,51.88,35.25
"2024-06-13 03:30:00",2040,12.01,403,0,0.241,0,1.08,0,0.096,0.011,0.067,52.32,35.59
"2024-06-13 04:00:00",2041,12.01,403,0,0.257,0.03,1.12,0.003,0.099,0.011,0.072,52.17,36.1
"2024-06-13 04:30:00",2042,12.01,403,0,0.239,0.03,1.04,0.003,0.092,0.013,0.069,52.87,35.58
"2024-06-13 05:00:00",2043,12.01,403,0,0.221,-0.02,1.01,-0.003,0.089,0.005,0.064,52.06,35.85
"2024-06-13 05:30:00",2044,12.01,403,0,0.23,-0.02,1.05,-0.003,0.093,0.005,0.067,52.24,35.76
"2024-06-13 06:00:00",2045,12,403,0,0.232,0,1.04,0,0.092,0.008,0.067,52.65,35.76
"2024-06-13 06:30:00",2046,12,403,0,0.334,0.16,1.33,0.014,0.117,0.021,0.085,52.3,35.81
"2024-06-13 07:00:00",2047,12,403,0,0.498,0.4,1.81,0.035,0.16,0.036,0.115,53.68,37.2
"2024-06-13 07:30:00",2048,12,403,0,0.748,0.8,2.51,0.071,0.222,0.073,0.153,53.31,37.24
"2024-06-13 08:00:00",2049,12,403,0,1.155,1.49,3.61,0.132,0.319,0.124,0.218,54.14,38.07
"2024-06-13 08:30:00",2050,12,403,0,1.992,2.75,6.04,0.244,0.535,0.23,0.374,53.62,39.6
"2024-06-13 09:00:00",2051,12,403,0,2.998,4.37,8.85,0.387,0.783,0.363,0.538,54.63,39.79
"2024-06-13 09:30:00",2052,12.01,403,0,3.445,4.82,10.38,0.427,0.918,0.411,0.643,52.64,38.87
"2024-06-13 10:00:00",2053,12.01,403,0,3.922,5.77,11.52,0.511,1.02,0.495,0.705,52.64,38.62
"2024-06-13 10:30:00",2054,12.02,403,0,4.097,6.51,11.53,0.577,1.021,0.53,0.697,51.63,38.27
"2024-06-13 11:00:00",2055,12.02,403,0,3.154,3.09,10.89,0.274,0.964,0.33,0.728,49.21,38.05
"2024-06-13 11:30:00",2056,12.01,403,0,4.539,6.95,13.05,0.615,1.155,0.583,0.787,49.33,36.69
"2024-06-13 12:00:00",2057,12.02,403,0,4.373,6.03,13.27,0.533,1.175,0.546,0.826,51.73,37.15
"2024-06-13 12:30:00",2058,12.02,403,0,4.774,7.59,13.43,0.672,1.189,0.641,0.849,48.41,35.62
"2024-06-13 13:00:00",2059,12.02,403,0,5.138,8.08,14.55,0.715,1.288,0.674,0.874,47.29,35.72
"2024-06-13 13:30:00",2060,12.03,403,0,5.088,7.73,14.69,0.684,1.3,0.661,0.876,47.07,35.09
"2024-06-13 14:00:00",2061,12.03,403,0,5.013,7.45,14.65,0.66,1.296,0.648,0.88,47.54,34.89
"2024-06-13 14:30:00",2062,12.03,403,0,5.024,7.41,14.74,0.656,1.305,0.647,0.876,47.84,35.04
"2024-06-13 15:00:00",2063,12.03,403,0,4.977,7.41,14.53,0.656,1.286,0.641,0.872,48.04,35.09
"2024-06-13 15:30:00",2064,12.03,403,0,4.926,7.19,14.53,0.636,1.286,0.622,0.864,47.35,35.52
"2024-06-13 16:00:00",2065,12.02,403,0,4.83,7.17,14.12,0.635,1.249,0.615,0.846,48.99,35.37
"2024-06-13 16:30:00",2066,12.01,403,0,4.706,7.06,13.68,0.625,1.211,0.6,0.822,48.66,36.27
"2024-06-13 17:00:00",2067,12.02,403,0,4.512,6.75,13.14,0.597,1.163,0.564,0.777,50.69,36.67
"2024-06-13 17:30:00",2068,12.02,403,0,4.304,6.43,12.54,0.569,1.11,0.529,0.739,50.77,37.56
"2024-06-13 18:00:00",2069,12.02,403,0,3.989,5.99,11.59,0.53,1.026,0.492,0.683,50.76,38.12
"2024-06-13 18:30:00",2070,12.01,403,0,3.582,5.31,10.48,0.47,0.928,0.439,0.619,52.81,39.2
"2024-06-13 19:00:00",2071,12.01,403,0,3.162,4.63,9.31,0.41,0.824,0.381,0.549,52.29,39.34
"2024-06-13 19:30:00",2072,12.01,403,0,2.76,4.04,8.13,0.358,0.72,0.323,0.477,54.45,37.97
"2024-06-13 20:00:00",2073,12,403,0,2.208,3.12,6.62,0.276,0.586,0.253,0.388,53.38,39.2
"2024-06-13 20:30:00",2074,11.99,403,0,1.613,2.16,4.96,0.191,0.439,0.179,0.289,53.7,38.29
"2024-06-13 21:00:00",2075,11.99,403,0,1.149,1.37,3.71,0.121,0.328,0.116,0.221,52.82,37.16
"2024-06-13 21:30:00",2076,11.98,403,0,0.913,1.03,3.01,0.091,0.266,0.087,0.18,53.48,36.59
"2024-06-13 22:00:00",2077,11.98,403,0,0.752,0.77,2.56,0.068,0.227,0.07,0.155,51.84,37.25
"2024-06-13 22:30:00",2078,11.98,403,0,0.624,0.54,2.23,0.048,0.197,0.051,0.134,52.22,36.56
"2024-06-13 23:00:00",2079,11.98,403,0,0.561,0.45,2.04,0.04,0.181,0.046,0.121,52.18,36.11
"2024-06-13 23:30:00",2080,11.97,403,0,0.497,0.32,1.89,0.028,0.167,0.032,0.116,51.22,36.37
"2024-06-14 00:00:00",2081,11.97,403,0,0.473,0.35,1.75,0.031,0.155,0.035,0.106,52.26,35.93
"2024-06-14 00:30:00",2082,11.97,403,0,0.438,0.25,1.7,0.022,0.151,0.03,0.106,52.04,36.79
"2024-06-14 01:00:00",2083,11.97,403,0,0.431,0.22,1.7,0.02,0.151,0.027,0.103,53.36,36.73
"2024-06-14 01:30:00",2084,11.96,403,0,0.425,0.29,1.6,0.025,0.142,0.03,0.098,52.05,35.41
"2024-06-14 02:00:00",2085,11.96,403,0,0.409,0.22,1.6,0.02,0.142,0.03,0.103,52.49,36.01
"2024-06-14 02:30:00",2086,11.95,403,0,0.393,0.19,1.56,0.017,0.138,0.024,0.096,52.39,36.17
"2024-06-14 03:00:00",2087,11.96,403,0,0.4,0.22,1.56,0.02,0.138,0.024,0.096,52.19,36.38
"2024-06-14 03:30:00",2088,11.95,403,0,0.415,0.22,1.63,0.02,0.145,0.027,0.101,53.87,35.91
"2024-06-14 04:00:00",2089,11.95,403,0,0.409,0.22,1.6,0.02,0.141,0.03,0.098,53.39,36.1
"2024-06-14 04:30:00",2090,11.94,403,0,0.409,0.22,1.6,0.02,0.141,0.03,0.101,52.37,36.15
"2024-06-14 05:00:00",2091,11.95,403,0,0.402,0.26,1.53,0.023,0.135,0.027,0.096,51.96,36.05
"2024-06-14 05:30:00",2092,11.95,403,0,0.389,0.22,1.51,0.019,0.134,0.021,0.096,52.79,36.16
"2024-06-14 06:00:00",2093,11.95,403,0,0.516,0.44,1.85,0.039,0.164,0.043,0.117,53.54,36.66
"2024-06-14 06:30:00",2094,11.95,403,0,0.877,1.01,2.87,0.09,0.254,0.091,0.176,53.83,37.78
"2024-06-14 07:00:00",2095,11.94,403,0,1.269,1.58,4.03,0.14,0.356,0.131,0.238,54.45,37.58
"2024-06-14 07:30:00",2096,11.94,403,0,1.942,2.66,5.91,0.236,0.523,0.22,0.351,53.62,39.19
"2024-06-14 08:00:00",2097,11.94,403,0,2.415,3.31,7.35,0.293,0.651,0.275,0.439,54.54,39.44
"2024-06-14 08:30:00",2098,11.94,403,0,2.936,4.39,8.55,0.389,0.757,0.36,0.538,52.38,39.34
"2024-06-14 09:00:00",2099,11.94,403,0,3.515,5.34,10.15,0.472,0.898,0.439,0.6,51.75,38.3
"2024-06-14 09:30:00",2100,11.95,403,0,4.036,6.2,11.58,0.549,1.025,0.509,0.693,50.5,37.96
"2024-06-14 10:00:00",2101,11.95,403,0,4.104,6.39,11.69,0.565,1.035,0.516,0.69,51.84,38.22
"2024-06-14 10:30:00",2102,11.94,403,0,4.386,6.42,12.92,0.568,1.144,0.555,0.798,49.74,37.1
"2024-06-14 11:00:00",2103,11.95,403,0,3.519,4.03,11.54,0.357,1.022,0.439,0.812,45.84,36.32
"2024-06-14 11:30:00",2104,11.95,403,0,5.435,8.66,15.27,0.767,1.352,0.705,0.875,48.53,35.07
"2024-06-14 12:00:00",2105,11.95,403,0,4.971,7.24,14.68,0.641,1.299,0.638,0.891,48.56,35.35
"2024-06-14 12:30:00",2106,11.95,403,0,4.85,7.43,13.94,0.658,1.234,0.646,0.881,47.68,35.3
"2024-06-14 13:00:00",2107,11.96,403,0,5.205,7.86,15.08,0.695,1.335,0.674,0.903,46.86,34.73
"2024-06-14 13:30:00",2108,11.95,403,0,5.216,7.81,15.18,0.691,1.343,0.67,0.895,46.64,35.08
"2024-06-14 14:00:00",2109,11.96,403,0,5.199,7.86,15.05,0.695,1.332,0.67,0.896,46.96,34.58
"2024-06-14 14:30:00",2110,11.95,403,0,5.011,7.26,14.84,0.642,1.313,0.629,0.885,47.21,34.98
"2024-06-14 15:00:00",2111,11.95,403,0,4.953,7.21,14.63,0.638,1.295,0.631,0.878,47.63,34.99
"2024-06-14 15:30:00",2112,11.95,403,0,4.937,7.23,14.54,0.64,1.287,0.618,0.861,47.98,35.6
"2024-06-14 16:00:00",2113,11.95,403,0,4.851,7.33,14.05,0.649,1.244,0.619,0.839,49.68,35.66
"2024-06-14 16:30:00",2114,11.95,403,0,4.706,7.12,13.62,0.63,1.206,0.599,0.817,48.56,36.02
"2024-06-14 17:00:00",2115,11.95,403,0,4.551,6.77,13.29,0.599,1.176,0.568,0.792,48.97,37.25
"2024-06-14 17:30:00",2116,11.95,403,0,4.327,6.53,12.54,0.578,1.11,0.538,0.739,50.35,37.55
"2024-06-14 18:00:00",2117,11.94,403,0,4.036,6.04,11.75,0.535,1.04,0.496,0.697,51.44,37.56
"2024-06-14 18:30:00",2118,11.94,403,0,3.609,5.35,10.56,0.474,0.935,0.44,0.625,51.94,37.76
"2024-06-14 19:00:00",2119,11.94,403,0,3.259,4.79,9.58,0.424,0.848,0.394,0.566,52.91,39.29
"2024-06-14 19:30:00",2120,11.94,403,0,2.854,4.09,8.5,0.362,0.752,0.338,0.502,53.38,38.69
"2024-06-14 20:00:00",2121,11.93,403,0,2.303,3.3,6.86,0.292,0.607,0.267,0.405,52.34,38.88
"2024-06-14 20:30:00",2122,11.92,403,0,1.653,2.13,5.17,0.188,0.457,0.176,0.305,53.27,38.42
"2024-06-14 21:00:00",2123,11.92,403,0,1.178,1.38,3.83,0.122,0.339,0.114,0.23,53.86,37.52
"2024-06-14 21:30:00",2124,11.91,403,0,0.99,1.13,3.25,0.1,0.288,0.095,0.195,53.22,37
"2024-06-14 22:00:00",2125,11.92,403,0,0.81,0.83,2.76,0.074,0.244,0.076,0.169,53.79,36.48
"2024-06-14 22:30:00",2126,11.91,403,0,0.683,0.61,2.42,0.054,0.214,0.055,0.146,52.23,36.57
"2024-06-14 23:00:00",2127,11.9,403,0,0.581,0.42,2.16,0.037,0.191,0.043,0.133,53.23,37
"2024-06-14 23:30:00",2128,11.91,403,0,0.552,0.42,2.03,0.038,0.18,0.044,0.125,52.55,36.07
"2024-06-15 00:00:00",2129,11.9,403,0,0.52,0.39,1.92,0.035,0.17,0.041,0.121,52.75,36.02
"2024-06-15 00:30:00",2130,11.9,403,0,0.472,0.26,1.84,0.023,0.163,0.033,0.113,52.79,36.31
"2024-06-15 01:00:00",2131,11.89,403,0,0.436,0.22,1.72,0.02,0.153,0.03,0.102,52.55,36.48
"2024-06-15 01:30:00",2132,11.89,403,0,0.477,0.33,1.79,0.029,0.158,0.039,0.111,51.47,35.55
"2024-06-15 02:00:00",2133,11.87,403,0,0.436,0.26,1.68,0.023,0.149,0.033,0.105,52.78,35.74
"2024-06-15 02:30:00",2134,11.88,403,0,0.409,0.23,1.59,0.02,0.141,0.027,0.103,52.59,35.7
"2024-06-15 03:00:00",2135,11.88,403,0,0.386,0.16,1.56,0.014,0.138,0.025,0.098,51.96,35.24
"2024-06-15 03:30:00",2136,11.88,403,0,0.393,0.23,1.52,0.02,0.134,0.028,0.095,52.89,36.56
"2024-06-15 04:00:00",2137,11.87,403,0,0.38,0.2,1.49,0.018,0.132,0.022,0.092,52.06,36.81
"2024-06-15 04:30:00",2138,11.87,403,0,0.35,0.17,1.39,0.015,0.123,0.022,0.088,51.94,36.27
"2024-06-15 05:00:00",2139,11.87,403,0,0.325,0.1,1.35,0.009,0.119,0.014,0.082,51.63,35.97
"2024-06-15 05:30:00",2140,11.86,403,0,0.314,0.13,1.27,0.012,0.113,0.02,0.08,51.67,35.6
"2024-06-15 06:00:00",2141,11.86,403,0,0.325,0.1,1.35,0.009,0.119,0.02,0.085,52.02,36.11
"2024-06-15 06:30:00",2142,11.86,403,0,0.425,0.29,1.6,0.026,0.142,0.03,0.101,52.52,36.46
"2024-06-15 07:00:00",2143,11.84,403,0,0.811,0.9,2.69,0.08,0.238,0.08,0.164,54.36,36.66
"2024-06-15 07:30:00",2144,11.85,403,0,1.538,2.05,4.74,0.182,0.419,0.171,0.282,54.92,38.45
"2024-06-15 08:00:00",2145,11.86,403,0,1.958,2.52,6.13,0.223,0.543,0.212,0.369,54.9,38.83
"2024-06-15 08:30:00",2146,11.86,403,0,2.473,3.7,7.2,0.327,0.637,0.297,0.451,53.76,39.74
"2024-06-15 09:00:00",2147,11.85,403,0,3.357,4.94,9.86,0.437,0.873,0.402,0.587,53.89,38.64
"2024-06-15 09:30:00",2148,11.86,403,0,3.444,4.3,10.92,0.381,0.967,0.388,0.675,51.28,38.48
"2024-06-15 10:00:00",2149,11.86,403,0,4.256,6.4,12.36,0.566,1.094,0.533,0.745,52.58,37.59
"2024-06-15 10:30:00",2150,11.85,403,0,4.299,6.38,12.57,0.565,1.112,0.543,0.765,50.71,37.25
"2024-06-15 11:00:00",2151,11.86,403,0,2.781,2.17,10.18,0.192,0.901,0.293,0.745,46.47,37.51
"2024-06-15 11:30:00",2152,11.86,403,0,5.59,9.84,14.73,0.871,1.304,0.73,0.839,46,35.81
"2024-06-15 12:00:00",2153,11.85,403,0,4.747,7.4,13.51,0.655,1.196,0.641,0.846,48.64,36.26
"2024-06-15 12:30:00",2154,11.87,403,0,4.714,7.21,13.56,0.638,1.2,0.617,0.852,49.1,36.16
"2024-06-15 13:00:00",2155,11.86,403,0,5.147,7.83,14.85,0.693,1.314,0.658,0.877,47.63,35.81
"2024-06-15 13:30:00",2156,11.87,403,0,5.203,7.88,15.05,0.698,1.332,0.666,0.884,46.8,35.65
"2024-06-15 14:00:00",2157,11.87,403,0,5.099,7.56,14.92,0.669,1.321,0.648,0.877,47.38,35.25
"2024-06-15 14:30:00",2158,11.87,403,0,4.979,7.34,14.61,0.65,1.293,0.628,0.866,47.78,35.24
"2024-06-15 15:00:00",2159,11.87,403,0,5.017,7.54,14.57,0.667,1.289,0.632,0.869,49.58,35.96
"2024-06-15 15:30:00",2160,11.87,403,0,4.697,6.9,13.81,0.61,1.222,0.592,0.836,49.24,36.18
"2024-06-15 16:00:00",2161,11.86,403,0,4.73,7.04,13.81,0.623,1.222,0.599,0.824,49.38,36.18
"2024-06-15 16:30:00",2162,11.87,403,0,4.633,6.93,13.49,0.613,1.194,0.579,0.803,49.13,36.59
"2024-06-15 17:00:00",2163,11.86,403,0,4.422,6.63,12.86,0.587,1.138,0.55,0.765,49.73,37.35
"2024-06-15 17:30:00",2164,11.85,403,0,4.189,6.19,12.28,0.548,1.087,0.516,0.724,50.76,37.56
"2024-06-15 18:00:00",2165,11.85,403,0,3.861,5.72,11.3,0.506,1,0.469,0.67,51.48,38.53
"2024-06-15 18:30:00",2166,11.85,403,0,3.539,5.23,10.37,0.463,0.917,0.429,0.613,52.64,38.46
"2024-06-15 19:00:00",2167,11.85,403,0,3.207,4.72,9.42,0.417,0.834,0.381,0.552,53.51,38.51
"2024-06-15 19:30:00",2168,11.85,403,0,2.798,4.06,8.28,0.359,0.733,0.33,0.484,53.51,38.83
"2024-06-15 20:00:00",2169,11.84,403,0,2.321,3.27,6.97,0.289,0.617,0.265,0.413,53.1,39.08
"2024-06-15 20:30:00",2170,11.84,403,0,1.642,2.17,5.08,0.192,0.45,0.179,0.301,52.92,38.22
"2024-06-15 21:00:00",2171,11.84,403,0,1.112,1.31,3.61,0.116,0.32,0.112,0.215,52.2,37.2
"2024-06-15 21:30:00",2172,11.83,403,0,0.844,0.86,2.88,0.076,0.255,0.078,0.173,52.29,36.63
"2024-06-15 22:00:00",2173,11.83,403,0,0.706,0.63,2.5,0.056,0.222,0.056,0.149,52.61,36.95
"2024-06-15 22:30:00",2174,11.82,403,0,0.567,0.4,2.12,0.035,0.188,0.045,0.131,52.8,36.32
"2024-06-15 23:00:00",2175,11.82,403,0,0.506,0.36,1.89,0.032,0.167,0.034,0.114,52.09,35.87
"2024-06-15 23:30:00",2176,11.81,403,0,0.449,0.26,1.74,0.023,0.154,0.031,0.104,52.81,35.76
"2024-06-16 00:00:00",2177,11.81,403,0,0.402,0.17,1.62,0.015,0.144,0.022,0.096,52.5,35.61
"2024-06-16 00:30:00",2178,11.8,403,0,0.343,0.13,1.4,0.012,0.124,0.02,0.085,52.15,35.66
"2024-06-16 01:00:00",2179,11.8,403,0,0.313,0.07,1.33,0.006,0.117,0.014,0.083,51.41,36.31
"2024-06-16 01:30:00",2180,11.79,403,0,0.277,0,1.24,0,0.11,0.011,0.077,52.12,35.9
"2024-06-16 02:00:00",2181,11.79,403,0,0.247,-0.06,1.17,-0.006,0.104,0.006,0.075,51.73,34.84
"2024-06-16 02:30:00",2182,11.79,403,0,0.229,-0.06,1.09,-0.006,0.097,0.003,0.072,52.24,35.76
"2024-06-16 03:00:00",2183,11.79,403,0,0.207,-0.09,1.02,-0.009,0.09,0,0.064,52.97,35.67
"2024-06-16 03:30:00",2184,11.79,403,0,0.191,-0.12,0.98,-0.012,0.086,0,0.067,51.62,35.96
"2024-06-16 04:00:00",2185,11.78,403,0,0.206,-0.12,1.05,-0.012,0.093,0,0.07,52.39,35.65
"2024-06-16 04:30:00",2186,11.78,403,0,0.232,-0.02,1.06,-0.003,0.094,0.011,0.064,51.48,35.56
"2024-06-16 05:00:00",2187,11.78,403,0,0.198,-0.09,0.98,-0.009,0.087,0.006,0.064,52.69,36.21
"2024-06-16 05:30:00",2188,11.77,403,0,0.205,-0.06,0.98,-0.006,0.087,0,0.067,52.37,35.75
"2024-06-16 06:00:00",2189,11.78,403,0,0.198,-0.06,0.95,-0.006,0.084,0.006,0.059,52.63,35.5
"2024-06-16 06:30:00",2190,11.77,403,0,0.182,-0.12,0.94,-0.012,0.083,0.003,0.059,52.13,36.06
"2024-06-16 07:00:00",2191,11.77,403,0,0.275,0.03,1.2,0.003,0.106,0.014,0.07,53.59,36.29
"2024-06-16 07:30:00",2192,11.77,403,0,0.649,0.58,2.3,0.051,0.204,0.052,0.136,52.75,36.52
"2024-06-16 08:00:00",2193,11.77,403,0,1.239,1.22,4.27,0.108,0.378,0.11,0.263,56.1,38.39
"2024-06-16 08:30:00",2194,11.77,403,0,1.893,2.46,5.9,0.218,0.522,0.208,0.383,55.44,40.18
"2024-06-16 09:00:00",2195,11.77,403,0,2.771,4.06,8.16,0.359,0.723,0.332,0.497,54.81,38.73
"2024-06-16 09:30:00",2196,11.77,403,0,3.08,3.71,9.91,0.329,0.877,0.341,0.613,51.6,38.95
"2024-06-16 10:00:00",2197,11.78,403,0,4.076,6.23,11.73,0.551,1.038,0.506,0.704,51.4,38.19
"2024-06-16 10:30:00",2198,11.78,403,0,3.958,6.08,11.36,0.538,1.006,0.497,0.684,51.3,38.24
"2024-06-16 11:00:00",2199,11.77,403,0,2.653,1.74,10.06,0.154,0.89,0.228,0.71,48.63,38.44
"2024-06-16 11:30:00",2200,11.77,403,0,4.737,7.51,13.35,0.664,1.182,0.601,0.778,48.81,36.68
"2024-06-16 12:00:00",2201,11.77,403,0,4.04,6.25,11.55,0.554,1.022,0.507,0.682,53.92,38.42
"2024-06-16 12:30:00",2202,11.77,403,0,4.243,6.41,12.29,0.567,1.088,0.565,0.807,50.86,36.58
"2024-06-16 13:00:00",2203,11.78,403,0,4.853,7.3,14.09,0.646,1.247,0.614,0.836,49.39,36.33
"2024-06-16 13:30:00",2204,11.78,403,0,5.028,7.53,14.63,0.667,1.295,0.638,0.877,47.19,35.62
"2024-06-16 14:00:00",2205,11.78,403,0,4.991,7.68,14.31,0.68,1.267,0.636,0.841,48.52,36.13
"2024-06-16 14:30:00",2206,11.78,403,0,5.212,8.07,14.89,0.714,1.318,0.673,0.89,46.73,35.16
"2024-06-16 15:00:00",2207,11.78,403,0,4.506,6.95,12.9,0.615,1.142,0.563,0.748,49.69,37.31
"2024-06-16 15:30:00",2208,11.78,403,0,4.451,6.38,13.25,0.565,1.173,0.549,0.792,51.12,36.84
"2024-06-16 16:00:00",2209,11.78,403,0,4.678,7.19,13.42,0.636,1.188,0.601,0.815,49.61,36.4
"2024-06-16 16:30:00",2210,11.78,403,0,4.343,6.16,13,0.545,1.151,0.531,0.776,51.49,37.05
"2024-06-16 17:00:00",2211,11.77,403,0,4.119,6.3,11.85,0.558,1.048,0.51,0.695,51.37,37.35
"2024-06-16 17:30:00",2212,11.76,403,0,3.432,5.12,10.01,0.453,0.886,0.415,0.585,52.66,38.64
"2024-06-16 18:00:00",2213,11.77,403,0,3.328,4.79,9.89,0.424,0.875,0.392,0.586,52.82,39.04
"2024-06-16 18:30:00",2214,11.76,403,0,3.026,4.49,8.85,0.397,0.783,0.362,0.52,53.87,39.03
"2024-06-16 19:00:00",2215,11.76,403,0,2.732,3.88,8.17,0.343,0.723,0.314,0.483,54.2,39.09
"2024-06-16 19:30:00",2216,11.75,403,0,2.687,3.88,7.97,0.343,0.706,0.313,0.465,53.32,38.47
"2024-06-16 20:00:00",2217,11.75,403,0,2.138,3.03,6.4,0.268,0.567,0.245,0.376,53.84,38.02
"2024-06-16 20:30:00",2218,11.75,403,0,1.549,2.07,4.77,0.183,0.422,0.168,0.278,52.23,37.24
"2024-06-16 21:00:00",2219,11.75,403,0,1.143,1.42,3.63,0.125,0.321,0.116,0.215,52.56,36.74
"2024-06-16 21:30:00",2220,11.74,403,0,0.883,0.98,2.93,0.087,0.259,0.088,0.173,53.23,36.75
"2024-06-16 22:00:00",2221,11.74,403,0,0.699,0.64,2.46,0.056,0.218,0.06,0.149,52.05,36.39
"2024-06-16 22:30:00",2222,11.73,403,0,0.581,0.47,2.11,0.041,0.187,0.048,0.13,52.57,36.34
"2024-06-16 23:00:00",2223,11.73,403,0,0.497,0.3,1.91,0.027,0.169,0.034,0.116,51.98,36.32
"2024-06-16 23:30:00",2224,11.73,403,0,0.459,0.33,1.71,0.029,0.152,0.034,0.105,52.41,35.92
"2024-06-17 00:00:00",2225,11.72,403,0,0.395,0.2,1.56,0.018,0.139,0.025,0.095,52.35,36.03
"2024-06-17 00:30:00",2226,11.72,403,0,0.365,0.14,1.49,0.012,0.132,0.023,0.092,52.96,35.92
"2024-06-17 01:00:00",2227,11.72,403,0,0.332,0.1,1.38,0.009,0.122,0.017,0.087,52.13,35.91
"2024-06-17 01:30:00",2228,11.71,403,0,0.316,0.07,1.34,0.006,0.119,0.014,0.081,52.04,35.82
"2024-06-17 02:00:00",2229,11.71,403,0,0.288,0.03,1.26,0.003,0.111,0.014,0.081,52.14,35.66
"2024-06-17 02:30:00",2230,11.71,403,0,0.307,0.07,1.3,0.006,0.115,0.014,0.082,51.99,35.66
"2024-06-17 03:00:00",2231,11.7,403,0,0.272,0,1.22,0,0.108,0.011,0.076,53.21,35.65
"2024-06-17 03:30:00",2232,11.7,403,0,0.296,0.1,1.22,0.009,0.108,0.017,0.076,53.13,35.41
"2024-06-17 04:00:00",2233,11.7,403,0,0.296,0.1,1.22,0.009,0.108,0.014,0.079,52.29,35.81
"2024-06-17 04:30:00",2234,11.7,403,0,0.266,-0.02,1.21,-0.003,0.107,0.006,0.076,53.62,35.5
"2024-06-17 05:00:00",2235,11.7,403,0,0.271,0.03,1.18,0.003,0.104,0.014,0.076,52.27,35.62
"2024-06-17 05:30:00",2236,11.69,403,0,0.268,0.03,1.17,0.003,0.104,0.011,0.076,53.12,35.81
"2024-06-17 06:00:00",2237,11.7,403,0,0.287,0.07,1.21,0.006,0.107,0.011,0.079,53.37,36.22
"2024-06-17 06:30:00",2238,11.69,403,0,0.414,0.26,1.58,0.023,0.14,0.028,0.1,52.87,36.8
"2024-06-17 07:00:00",2239,11.69,403,0,0.653,0.69,2.2,0.061,0.195,0.064,0.138,54.6,36.48
"2024-06-17 07:30:00",2240,11.69,403,0,1.183,1.45,3.78,0.128,0.334,0.121,0.229,55.44,37.88
"2024-06-17 08:00:00",2241,11.68,403,0,1.638,2.04,5.2,0.18,0.46,0.174,0.315,54.36,39.26
"2024-06-17 08:30:00",2242,11.69,403,0,2.338,3.21,7.11,0.284,0.629,0.268,0.452,53.66,39.63
"2024-06-17 09:00:00",2243,11.69,403,0,3.364,4.99,9.84,0.441,0.871,0.408,0.592,54.83,39.16
"2024-06-17 09:30:00",2244,11.69,403,0,3.817,5.81,11.01,0.515,0.975,0.487,0.673,52.73,39.11
"2024-06-17 10:00:00",2245,11.69,403,0,3.976,6.02,11.5,0.533,1.017,0.499,0.689,51.71,37.27
"2024-06-17 10:30:00",2246,11.69,403,0,3.981,6.32,11.21,0.56,0.992,0.508,0.673,53.39,38.54
"2024-06-17 11:00:00",2247,11.7,403,0,2.845,2.35,10.28,0.208,0.91,0.29,0.725,48.28,38.5
"2024-06-17 11:30:00",2248,11.7,403,0,4.749,7.41,13.51,0.656,1.196,0.608,0.8,48.89,37.32
"2024-06-17 12:00:00",2249,11.7,403,0,4.964,7.88,13.98,0.698,1.238,0.637,0.827,48.67,36.69
"2024-06-17 12:30:00",2250,11.69,403,0,4.586,6.94,13.27,0.615,1.175,0.608,0.851,48.07,36.09
"2024-06-17 13:00:00",2251,11.7,403,0,5.039,7.73,14.47,0.684,1.28,0.653,0.877,47.49,35.77
"2024-06-17 13:30:00",2252,11.7,403,0,5.079,7.73,14.65,0.684,1.297,0.652,0.873,48.19,35.95
"2024-06-17 14:00:00",2253,11.7,403,0,4.948,7.4,14.41,0.655,1.276,0.633,0.866,48.26,35.31
"2024-06-17 14:30:00",2254,11.7,403,0,5.02,7.42,14.71,0.657,1.302,0.637,0.871,47.49,35.92
"2024-06-17 15:00:00",2255,11.7,403,0,4.816,7.12,14.11,0.63,1.249,0.611,0.85,48.82,36.02
"2024-06-17 15:30:00",2256,11.7,403,0,4.793,7.14,13.99,0.632,1.239,0.612,0.843,50.42,36.65
"2024-06-17 16:00:00",2257,11.7,403,0,4.763,7.19,13.8,0.636,1.221,0.606,0.828,49.04,35.67
"2024-06-17 16:30:00",2258,11.69,403,0,4.526,6.74,13.21,0.596,1.169,0.571,0.792,49.89,36.27
"2024-06-17 17:00:00",2259,11.69,403,0,4.367,6.49,12.76,0.575,1.13,0.545,0.76,50.46,37.66
"2024-06-17 17:30:00",2260,11.68,403,0,4.253,6.46,12.28,0.572,1.087,0.532,0.729,50.2,37.82
"2024-06-17 18:00:00",2261,11.69,403,0,3.909,5.87,11.36,0.519,1.006,0.475,0.674,52.77,37.52
"2024-06-17 18:30:00",2262,11.68,403,0,3.48,5.18,10.16,0.459,0.899,0.419,0.601,52.56,38.94
"2024-06-17 19:00:00",2263,11.68,403,0,3.045,4.41,9.02,0.391,0.798,0.361,0.532,53.23,38.64
"2024-06-17 19:30:00",2264,11.68,403,0,2.56,3.69,7.6,0.327,0.673,0.307,0.446,54.22,39.52
"2024-06-17 20:00:00",2265,11.67,403,0,1.924,2.64,5.85,0.233,0.518,0.218,0.349,53.97,37.73
"2024-06-17 20:30:00",2266,11.67,403,0,1.424,1.85,4.44,0.164,0.393,0.153,0.262,52.75,37.48
"2024-06-17 21:00:00",2267,11.66,403,0,1.024,1.17,3.36,0.103,0.298,0.098,0.205,50.89,37.01
"2024-06-17 21:30:00",2268,11.65,403,0,0.772,0.78,2.64,0.069,0.234,0.069,0.161,53.53,36.89
"2024-06-17 22:00:00",2269,11.65,403,0,0.647,0.58,2.29,0.051,0.203,0.052,0.14,52.52,36.03
"2024-06-17 22:30:00",2270,11.65,403,0,0.565,0.41,2.1,0.036,0.186,0.04,0.124,52.51,36.43
"2024-06-17 23:00:00",2271,11.64,403,0,0.472,0.27,1.83,0.024,0.162,0.035,0.113,52.48,36.4
"2024-06-17 23:30:00",2272,11.64,403,0,0.431,0.17,1.75,0.015,0.155,0.026,0.108,51.81,36.4
"2024-06-18 00:00:00",2273,11.64,403,0,0.42,0.2,1.67,0.018,0.148,0.026,0.105,52.43,35.94
"2024-06-18 00:30:00",2274,11.63,403,0,0.388,0.14,1.59,0.012,0.141,0.017,0.096,52.85,35.69
"2024-06-18 01:00:00",2275,11.62,403,0,0.379,0.14,1.55,0.012,0.137,0.023,0.096,52.98,35.82
"2024-06-18 01:30:00",2276,11.63,403,0,0.352,0.1,1.47,0.009,0.13,0.017,0.091,52.07,36.15
"2024-06-18 02:00:00",2277,11.63,403,0,0.384,0.2,1.51,0.018,0.134,0.023,0.094,53.2,36.3
"2024-06-18 02:30:00",2278,11.62,403,0,0.343,0.1,1.43,0.009,0.127,0.017,0.088,52.57,35.52
"2024-06-18 03:00:00",2279,11.62,403,0,0.361,0.17,1.44,0.015,0.127,0.023,0.094,52.31,35.98
"2024-06-18 03:30:00",2280,11.62,403,0,0.37,0.17,1.48,0.015,0.131,0.02,0.091,52.61,35.46
"2024-06-18 04:00:00",2281,11.61,403,0,0.364,0.17,1.45,0.015,0.128,0.026,0.092,51.23,36.23
"2024-06-18 04:30:00",2282,11.61,403,0,0.364,0.17,1.45,0.015,0.128,0.023,0.092,52.39,36.32
"2024-06-18 05:00:00",2283,11.61,403,0,0.343,0.17,1.36,0.015,0.121,0.023,0.088,52.22,35.73
"2024-06-18 05:30:00",2284,11.61,403,0,0.311,0.1,1.29,0.009,0.114,0.018,0.083,52.1,36.18
"2024-06-18 06:00:00",2285,11.6,403,0,0.404,0.24,1.56,0.021,0.138,0.026,0.1,52.83,36.75
"2024-06-18 06:30:00",2286,11.6,403,0,0.613,0.57,2.15,0.051,0.19,0.052,0.128,53.54,36.08
"2024-06-18 07:00:00",2287,11.6,403,0,0.985,1.13,3.23,0.1,0.286,0.102,0.193,54.39,37.35
"2024-06-18 07:30:00",2288,11.59,403,0,1.628,2.16,5.03,0.191,0.445,0.176,0.301,54.84,38.37
"2024-06-18 08:00:00",2289,11.6,403,0,2.29,3.07,7.04,0.272,0.623,0.257,0.424,56.85,39.55
"2024-06-18 08:30:00",2290,11.6,403,0,2.613,3.62,7.91,0.321,0.701,0.305,0.497,54.65,40.22
"2024-06-18 09:00:00",2291,11.59,403,0,3.352,4.94,9.84,0.437,0.871,0.407,0.59,54.15,38.74
"2024-06-18 09:30:00",2292,11.6,403,0,3.628,5.29,10.71,0.469,0.947,0.452,0.65,53.63,38.53
"2024-06-18 10:00:00",2293,11.6,403,0,4.022,6.01,11.72,0.532,1.037,0.507,0.714,53.18,38.49
"2024-06-18 10:30:00",2294,11.59,403,0,4.355,6.64,12.55,0.588,1.11,0.559,0.774,50.62,37.16
"2024-06-18 11:00:00",2295,11.6,403,0,3.021,2.72,10.68,0.241,0.945,0.32,0.773,47.54,37.04
"2024-06-18 11:30:00",2296,11.6,403,0,5.201,8.3,14.6,0.735,1.292,0.664,0.85,46.64,35.47
"2024-06-18 12:00:00",2297,11.61,403,0,4.725,7.2,13.62,0.637,1.206,0.628,0.853,49.65,36.03
"2024-06-18 12:30:00",2298,11.6,403,0,4.673,7.18,13.41,0.636,1.187,0.62,0.856,48.78,35.98
"2024-06-18 13:00:00",2299,11.6,403,0,5.102,8.05,14.42,0.713,1.276,0.666,0.863,48.11,35.57
"2024-06-18 13:30:00",2300,11.6,403,0,5.173,7.73,15.07,0.684,1.334,0.656,0.891,47.91,35.27
"2024-06-18 14:00:00",2301,11.6,403,0,5.184,7.78,15.07,0.688,1.334,0.656,0.877,47.46,34.91
"2024-06-18 14:30:00",2302,11.6,403,0,4.749,6.75,14.2,0.597,1.256,0.59,0.837,49.27,35.81
"2024-06-18 15:00:00",2303,11.59,403,0,4.92,7.27,14.42,0.643,1.276,0.624,0.866,48.48,35.94
"2024-06-18 15:30:00",2304,11.59,403,0,4.668,7.06,13.51,0.625,1.196,0.579,0.785,50.52,36.23
"2024-06-18 16:00:00",2305,11.59,403,0,4.61,6.69,13.64,0.592,1.207,0.577,0.818,49.29,36.08
"2024-06-18 16:30:00",2306,11.59,403,0,4.671,6.98,13.61,0.618,1.205,0.589,0.807,49.54,36.08
"2024-06-18 17:00:00",2307,11.59,403,0,4.478,6.65,13.09,0.589,1.158,0.56,0.777,49.29,36.9
"2024-06-18 17:30:00",2308,11.59,403,0,4.312,6.56,12.44,0.58,1.101,0.535,0.731,50.08,37.27
"2024-06-18 18:00:00",2309,11.58,403,0,3.943,5.89,11.49,0.521,1.017,0.482,0.68,50.88,38.49
"2024-06-18 18:30:00",2310,11.58,403,0,3.518,5.19,10.32,0.46,0.914,0.423,0.608,53.84,38.59
"2024-06-18 19:00:00",2311,11.57,403,0,3.112,4.55,9.17,0.403,0.812,0.37,0.538,52.47,38.7
"2024-06-18 19:30:00",2312,11.58,403,0,2.686,3.78,8.07,0.335,0.714,0.307,0.472,53.55,38.55
"2024-06-18 20:00:00",2313,11.57,403,0,2.123,2.91,6.46,0.257,0.572,0.238,0.375,53.35,38.25
"2024-06-18 20:30:00",2314,11.57,403,0,1.535,2,4.78,0.177,0.423,0.165,0.284,52.98,37.72
"2024-06-18 21:00:00",2315,11.55,403,0,1.078,1.22,3.55,0.108,0.314,0.103,0.212,52.71,36.64
"2024-06-18 21:30:00",2316,11.56,403,0,0.803,0.77,2.79,0.068,0.247,0.071,0.171,53.19,36.55
"2024-06-18 22:00:00",2317,11.55,403,0,0.617,0.52,2.22,0.046,0.196,0.05,0.134,52.87,37.2
"2024-06-18 22:30:00",2318,11.55,403,0,0.49,0.28,1.9,0.025,0.168,0.035,0.118,51.99,36.74
"2024-06-18 23:00:00",2319,11.54,403,0,0.422,0.21,1.67,0.019,0.148,0.024,0.104,51.63,36.22
"2024-06-18 23:30:00",2320,11.54,403,0,0.377,0.17,1.51,0.015,0.134,0.024,0.096,52.1,35.87
"2024-06-19 00:00:00",2321,11.53,403,0,0.322,0.04,1.4,0.003,0.124,0.012,0.085,51.51,35.03
"2024-06-19 00:30:00",2322,11.53,403,0,0.304,0.04,1.32,0.003,0.117,0.015,0.085,51.92,36.11
"2024-06-19 01:00:00",2323,11.52,403,0,0.252,-0.06,1.19,-0.006,0.106,0.003,0.079,51.21,35.96
"2024-06-19 01:30:00",2324,11.52,403,0,0.243,-0.06,1.15,-0.006,0.102,0.006,0.071,52.9,35.61
"2024-06-19 02:00:00",2325,11.51,403,0,0.225,-0.06,1.07,-0.006,0.095,0.009,0.071,51.16,35.91
"2024-06-19 02:30:00",2326,11.52,403,0,0.207,-0.06,0.99,-0.006,0.088,0.006,0.065,52.03,35.71
"2024-06-19 03:00:00",2327,11.51,403,0,0.209,-0.1,1.04,-0.009,0.092,0.006,0.065,52.03,35.3
"2024-06-19 03:30:00",2328,11.51,403,0,0.193,-0.09,0.96,-0.009,0.085,0,0.062,52.09,35.61
"2024-06-19 04:00:00",2329,11.5,403,0,0.191,-0.13,0.99,-0.012,0.088,0.003,0.062,53.37,35.67
"2024-06-19 04:30:00",2330,11.5,403,0,0.193,-0.13,1,-0.012,0.088,-0.003,0.065,52.7,35.81
"2024-06-19 05:00:00",2331,11.5,403,0,0.191,-0.1,0.96,-0.009,0.085,0.006,0.062,52.22,36.16
"2024-06-19 05:30:00",2332,11.49,403,0,0.209,-0.06,1,-0.006,0.088,0.003,0.062,52.51,35.61
"2024-06-19 06:00:00",2333,11.49,403,0,0.234,-0.03,1.08,-0.003,0.096,0.006,0.071,51.27,35.36
"2024-06-19 06:30:00",2334,11.49,403,0,0.318,0.1,1.32,0.009,0.117,0.018,0.083,53.23,36.18
"2024-06-19 07:00:00",2335,11.48,403,0,0.572,0.48,2.06,0.042,0.182,0.044,0.122,53.87,35.91
"2024-06-19 07:30:00",2336,11.49,403,0,0.97,1.11,3.18,0.098,0.282,0.098,0.197,54.31,37.41
"2024-06-19 08:00:00",2337,11.49,403,0,1.608,1.97,5.14,0.175,0.455,0.172,0.316,56.06,39.16
"2024-06-19 08:30:00",2338,11.48,403,0,2.027,2.46,6.5,0.217,0.576,0.213,0.425,55.32,40.07
"2024-06-19 09:00:00",2339,11.49,403,0,3.17,4.6,9.38,0.407,0.831,0.378,0.564,53.84,39
"2024-06-19 09:30:00",2340,11.48,403,0,3.61,5.26,10.66,0.466,0.943,0.454,0.649,54.18,38.78
"2024-06-19 10:00:00",2341,11.49,403,0,4.158,6.61,11.7,0.585,1.035,0.537,0.712,53.11,37.6
"2024-06-19 10:30:00",2342,11.49,403,0,4.258,6.79,11.96,0.601,1.059,0.553,0.743,50.81,37.35
"2024-06-19 11:00:00",2343,11.49,403,0,2.163,-0.06,9.75,-0.006,0.863,0.129,0.715,46.46,37.91
"2024-06-19 11:30:00",2344,11.49,403,0,4.638,7.03,13.41,0.622,1.187,0.578,0.788,50.19,36.58
"2024-06-19 12:00:00",2345,11.49,403,0,4.668,7.36,13.2,0.652,1.168,0.629,0.831,48.72,36.59
"2024-06-19 12:30:00",2346,11.49,403,0,4.66,7.36,13.16,0.652,1.165,0.605,0.778,50.33,37.37
