"TOA5","CR200Series_506","CR200X","No_SN","CR200X.Std.00","Sapflux2sensors1.CR2","63887","Table2"
"TIMESTAMP","RECORD","BattV_Min","id","SDI1","SapFlwTot1","VhOut1","VhIn1","AlphaOut1","AlphaIn1","BetaOut1","BetaIn1","tMaxTout1","tMaxTin1"
"TS","RN","Volts","","","unit","unit","unit","unit","unit","unit","unit","unit","unit"
"","","Min","Smp","Smp","Smp","Smp","Smp","Smp","Smp","Smp","Smp","Smp","Smp"
"2024-10-13 18:00:00",7345,13.16828,506,1,0.162,1.82,2.72,0.16078,0.24064,0.13142,0.02752,70.176,59.5
"2024-10-13 18:30:00",7346,13.12127,506,1,0.087,0.89,1.57,0.07848,0.13902,0.05576,-0.05059,71.216,62.775
"2024-10-13 19:00:00",7347,13.11455,506,1,0.038,0.36,0.74,0.03204,0.0657,-99,-0.09773,-99,57.593
"2024-10-13 19:30:00",7348,13.10868,506,1,0.01,-0.02,0.35,-0.00271,0.03132,-0.02121,-0.11551,68.864,57.659
"2024-10-13 20:00:00",7349,13.0986,506,1,-0.011,-0.32,0.04,-0.02951,0.0031,-0.04225,-0.13845,69.179,56.986
"2024-10-13 20:30:00",7350,13.11455,506,1,-0.027,-0.53,-0.2,-0.04803,-0.01869,-0.06049,-0.15197,69.111,53.16
"2024-10-13 21:00:00",7351,13.10952,506,1,-0.034,-0.59,-0.34,-0.05319,-0.03119,-0.07083,-0.16639,68.895,56.855
"2024-10-13 21:30:00",7352,13.10784,506,1,-0.042,-0.69,-0.45,-0.06163,-0.04057,-0.07667,-0.16941,71.571,52.437
"2024-10-13 22:00:00",7353,13.10532,506,1,-0.047,-0.78,-0.48,-0.06979,-0.04377,-0.08217,-0.17557,68.344,55.307
"2024-10-13 22:30:00",7354,13.1112,506,1,-0.055,-0.9,-0.59,-0.08031,-0.05311,-0.08953,-0.18335,68.226,61.448
"2024-10-13 23:00:00",7355,13.10952,506,1,-0.057,-0.9,-0.66,-0.08031,-0.05929,-0.09257,-0.18701,67.182,52.897
"2024-10-13 23:30:00",7356,13.11203,506,1,-0.055,-0.86,-0.63,-0.07729,-0.05625,-0.08953,-0.18701,67.227,53.363
"2024-10-14 00:00:00",7357,13.1112,506,1,-0.06,-0.96,-0.66,-0.08543,-0.05929,-0.10009,-0.18387,67.665,56.722
"2024-10-14 00:30:00",7358,13.11203,506,1,-0.058,-0.93,-0.63,-0.08349,-0.05645,-0.09557,-0.18493,67.307,53.695
"2024-10-14 01:00:00",7359,13.10868,506,1,-0.059,-0.93,-0.66,-0.08307,-0.05969,-0.09529,-0.18187,67.172,53.568
"2024-10-14 01:30:00",7360,13.10784,506,1,-0.056,-0.93,-0.56,-0.08307,-0.05019,-0.09783,-0.18187,68.632,55.862
"2024-10-14 02:00:00",7361,13.10952,506,1,-0.056,-0.9,-0.63,-0.08051,-0.05667,-0.09529,-0.18493,67.932,55.311
"2024-10-14 02:30:00",7362,13.09944,506,1,-0.056,-0.9,-0.63,-0.08051,-0.05645,-0.09529,-0.18493,67.408,55.623
"2024-10-14 03:00:00",7363,13.10784,506,1,-0.059,-0.93,-0.66,-0.08307,-0.05969,-0.09783,-0.18749,67.785,54.747
"2024-10-14 03:30:00",7364,13.10868,506,1,-0.06,-0.93,-0.7,-0.08329,-0.06293,-0.09557,-0.19121,67.758,55.548
"2024-10-14 04:00:00",7365,13.1028,506,1,-0.062,-0.96,-0.74,-0.08605,-0.06599,-0.09811,-0.18749,68.239,55.611
"2024-10-14 04:30:00",7366,13.10364,506,1,-0.064,-1,-0.74,-0.08913,-0.06619,-0.09867,-0.19377,68.691,54.972
"2024-10-14 05:00:00",7367,13.1028,506,1,-0.066,-1,-0.81,-0.08943,-0.07271,-0.10423,-0.19749,66.372,55.151
"2024-10-14 05:30:00",7368,13.10616,506,1,-0.066,-1.03,-0.77,-0.09175,-0.06947,-0.10113,-0.19695,67.762,54.302
"2024-10-14 06:00:00",7369,13.0986,506,1,-0.072,-1.09,-0.88,-0.09737,-0.07903,-0.10929,-0.20331,68.014,54.403
"2024-10-14 06:30:00",7370,13.09105,506,1,-0.077,-1.14,-0.95,-0.10197,-0.08509,-0.11127,-0.20271,68.35,53.789
"2024-10-14 07:00:00",7371,13.09776,506,1,-0.082,-1.18,-1.06,-0.10509,-0.09469,-0.11687,-0.21167,66.614,54.249
"2024-10-14 07:30:00",7372,13.09608,506,1,-0.067,-1.02,-0.81,-0.09103,-0.07249,-0.10037,-0.19377,68.188,54.308
"2024-10-14 08:00:00",7373,13.09692,506,1,-0.015,-0.38,0,-0.03467,0,-0.04993,-0.13921,68.188,55.976
"2024-10-14 08:30:00",7374,13.09273,506,1,0.031,0.12,0.84,0.01052,0.07478,-99,-0.08701,-99,56.772
"2024-10-14 09:00:00",7375,13.09525,506,1,0.125,1.15,2.46,0.102,0.21756,-99,0.02214,-99,60.142
"2024-10-14 09:30:00",7376,13.09525,506,1,0.234,2.43,4.21,0.215,0.37234,-99,0.13353,-99,60.474
"2024-10-14 10:00:00",7377,13.1028,506,1,0.366,3.92,6.44,0.34737,0.56965,-99,0.27543,-99,62.644
"2024-10-14 10:30:00",7378,13.107,506,1,0.466,5.11,8.01,0.45228,0.70875,0.39339,0.37231,66.82,62.549
"2024-10-14 11:00:00",7379,13.11707,506,1,0.568,6.28,9.7,0.5559,0.85839,0.4879,0.4392,65.109,58.179
"2024-10-14 11:30:00",7380,13.11455,506,1,0.592,6.48,10.22,0.57352,0.90445,0.50813,0.47126,65.759,57.575
"2024-10-14 12:00:00",7381,13.11875,506,1,0.574,6.3,9.89,0.55747,0.87548,0.4879,0.45318,66.276,56.999
"2024-10-14 12:30:00",7382,13.11791,506,1,0.583,6.36,10.07,0.56288,0.89147,0.52527,0.49132,66.906,56.377
"2024-10-14 13:00:00",7383,13.11875,506,1,0.469,4.58,8.83,0.40544,0.78125,0.3859,0.46415,66.367,59.332
"2024-10-14 13:30:00",7384,13.12043,506,1,0.602,6.9,9.98,0.61059,0.88311,0.51447,0.4406,63.42,57.213
"2024-10-14 14:00:00",7385,13.107,506,1,0.556,6.29,9.3,0.55654,0.82322,0.48984,0.42385,68.66,59.113
"2024-10-14 14:30:00",7386,13.11623,506,1,0.6,6.63,10.27,0.58698,0.90878,0.51962,0.47332,65.61,55.912
"2024-10-14 15:00:00",7387,13.11791,506,1,0.569,6.39,9.58,0.56591,0.84806,0.49644,0.44016,66.838,56.879
"2024-10-14 15:30:00",7388,13.11455,506,1,0.541,6.16,9,0.545,0.79701,0.47668,0.40219,66.608,60.244
"2024-10-14 16:00:00",7389,13.11875,506,1,0.495,5.67,8.2,0.50163,0.7256,0.44204,0.35537,68.348,60.733
"2024-10-14 16:30:00",7390,13.11287,506,1,0.428,4.96,7,0.4389,0.61972,0.3828,0.29,68.997,58.878
"2024-10-14 17:00:00",7391,13.11203,506,1,0.353,4.09,5.78,0.36218,0.51166,0.3128,0.2146,69.763,59.646
"2024-10-14 17:30:00",7392,13.10196,506,1,0.27,3.16,4.39,0.2798,0.38846,0.24158,0.1269,71.105,59.313
"2024-10-14 18:00:00",7393,13.11036,506,1,0.177,2.07,2.86,0.1828,0.25291,0.15254,0.03058,71.562,58.362
"2024-10-14 18:30:00",7394,13.10784,506,1,0.094,1.07,1.57,0.09427,0.13902,0.06882,-0.04785,70.376,57.177
"2024-10-14 19:00:00",7395,13.10028,506,1,0.036,0.36,0.67,0.03204,0.05966,0.0105,-0.10419,68.555,56.085
"2024-10-14 19:30:00",7396,13.09944,506,1,0.007,0.03,0.18,0.00268,0.0157,-0.01853,-0.13583,68.607,56.553
"2024-10-14 20:00:00",7397,13.09776,506,1,-0.016,-0.32,-0.13,-0.02951,-0.01259,-0.04765,-0.16163,68.946,56.73
"2024-10-14 20:30:00",7398,13.0986,506,1,-0.028,-0.45,-0.31,-0.04063,-0.02855,-0.05871,-0.16255,67.277,54.643
"2024-10-14 21:00:00",7399,13.08769,506,1,-0.036,-0.57,-0.42,-0.05145,-0.03821,-0.06663,-0.17449,66.678,54.874
"2024-10-14 21:30:00",7400,13.09525,506,1,-0.047,-0.69,-0.6,-0.06195,-0.05395,-0.07429,-0.18859,67.525,54.886
"2024-10-14 22:00:00",7401,13.08349,506,1,-0.056,-0.86,-0.67,-0.07657,-0.06047,-0.08889,-0.19489,66.443,53.8
"2024-10-14 22:30:00",7402,13.08265,506,1,-0.062,-0.91,-0.78,-0.08183,-0.07013,-0.09663,-0.19807,66.855,53.95
"2024-10-14 23:00:00",7403,13.07762,506,1,-0.065,-0.97,-0.82,-0.08701,-0.07337,-0.10197,-0.20127,65.927,53.539
"2024-10-14 23:30:00",7404,13.07342,506,1,-0.068,-0.97,-0.89,-0.08701,-0.07981,-0.10451,-0.20385,66.98,53.917
"2024-10-15 00:00:00",7405,13.0709,506,1,-0.071,-1,-0.96,-0.08965,-0.08623,-0.10423,-0.20705,68.21,51.219
"2024-10-15 00:30:00",7406,13.06838,506,1,-0.069,-1,-0.89,-0.08965,-0.08005,-0.10705,-0.20763,67.8,54.572
"2024-10-15 01:00:00",7407,13.05747,506,1,-0.077,-1.11,-1,-0.09929,-0.08981,-0.11393,-0.21349,66.797,53.989
"2024-10-15 01:30:00",7408,13.05999,506,1,-0.074,-1.03,-1,-0.09197,-0.08951,-0.10399,-0.21031,68.163,51.902
"2024-10-15 02:00:00",7409,13.05243,506,1,-0.074,-1.04,-1.01,-0.09321,-0.09011,-0.10793,-0.21409,65.687,54.023
"2024-10-15 02:30:00",7410,13.0516,506,1,-0.076,-1.08,-1.01,-0.09637,-0.09011,-0.11105,-0.21409,67.015,53.934
"2024-10-15 03:00:00",7411,13.04572,506,1,-0.075,-1.05,-1.01,-0.09353,-0.09011,-0.11105,-0.21993,66.342,53.26
"2024-10-15 03:30:00",7412,13.039,506,1,-0.072,-1,-1,-0.08965,-0.08981,-0.10423,-0.21409,66.628,54.219
"2024-10-15 04:00:00",7413,13.03481,506,1,-0.072,-1.03,-0.96,-0.09175,-0.08623,-0.10651,-0.21031,67.291,53.106
"2024-10-15 04:30:00",7414,13.03481,506,1,-0.072,-1.01,-0.97,-0.08987,-0.08673,-0.10481,-0.21409,67.147,53.065
"2024-10-15 05:00:00",7415,13.02557,506,1,-0.073,-1.03,-0.97,-0.09175,-0.08647,-0.10651,-0.20829,67.156,53.908
"2024-10-15 05:30:00",7416,13.03313,506,1,-0.074,-1.03,-1,-0.09247,-0.08951,-0.10739,-0.21349,66.606,53.933
"2024-10-15 06:00:00",7417,13.02557,506,1,-0.076,-1.1,-1,-0.09793,-0.08981,-0.11241,-0.21409,67.436,53.508
"2024-10-15 06:30:00",7418,13.02473,506,1,-0.067,-0.93,-0.93,-0.08281,-0.08287,-0.09507,-0.20763,67.575,55.482
"2024-10-15 07:00:00",7419,13.02725,506,1,-0.068,-0.97,-0.89,-0.08653,-0.07981,-0.10141,-0.20445,66.672,53.583
"2024-10-15 07:30:00",7420,13.02137,506,1,-0.063,-0.87,-0.89,-0.07795,-0.07981,-0.09279,-0.20505,67.192,53.52
"2024-10-15 08:00:00",7421,13.01382,506,1,-0.038,-0.62,-0.42,-0.05593,-0.03803,-0.06847,-0.16875,68.737,55.068
"2024-10-15 08:30:00",7422,13.00878,506,1,0.021,0.06,0.6,0.00524,0.05332,-99,-0.10479,-99,56.059
"2024-10-15 09:00:00",7423,13.01802,506,1,0.088,0.83,1.7,0.07348,0.15026,-99,-0.03367,-99,58.397
"2024-10-15 09:30:00",7424,13.02389,506,1,0.193,1.95,3.53,0.17244,0.31278,-99,0.09059,-99,59.838
"2024-10-15 10:00:00",7425,13.02977,506,1,0.293,3.08,5.21,0.27218,0.46074,-99,0.20043,-99,60.912
"2024-10-15 10:30:00",7426,13.03481,506,1,0.367,4.03,6.32,0.35632,0.5596,0.3122,0.28466,69.473,62.519
"2024-10-15 11:00:00",7427,13.04152,506,1,0.419,4.66,7.12,0.4121,0.62979,0.36577,0.30621,69.51,60.467
"2024-10-15 11:30:00",7428,13.0432,506,1,0.454,5,7.78,0.44228,0.68854,0.39488,0.33873,69.47,60.588
"2024-10-15 12:00:00",7429,13.05495,506,1,0.458,4.95,7.98,0.43826,0.70659,0.39168,0.36892,68.872,60.148
"2024-10-15 12:30:00",7430,13.06335,506,1,0.423,4.28,7.75,0.37854,0.68568,-99,0.46154,-99,67.262
"2024-10-15 13:00:00",7431,13.06838,506,1,0.461,4.97,8.04,0.43984,0.71204,-99,0.4648,-99,65.732
"2024-10-15 13:30:00",7432,13.07258,506,1,0.578,6.37,9.9,0.56409,0.87594,0.44456,0.4299,61.272,56.991
"2024-10-15 14:00:00",7433,13.07174,506,1,0.574,6.51,9.58,0.57586,0.84806,0.49884,0.43803,65.056,58.528
"2024-10-15 14:30:00",7434,13.0793,506,1,0.583,6.57,9.79,0.58124,0.86637,0.51423,0.44532,66.629,58.167
"2024-10-15 15:00:00",7435,13.07342,506,1,0.551,6.21,9.25,0.54978,0.81874,0.48706,0.41738,66.357,58.157
"2024-10-15 15:30:00",7436,13.08182,506,1,0.518,5.88,8.65,0.52063,0.76568,0.4609,0.3837,67.348,58.21
"2024-10-15 16:00:00",7437,13.07762,506,1,0.49,5.47,8.3,0.48417,0.73451,0.42684,0.37404,67.348,59.984
"2024-10-15 16:30:00",7438,13.07594,506,1,0.426,4.96,6.95,0.4389,0.61528,0.3828,0.28148,69.522,59.551
"2024-10-15 17:00:00",7439,13.08265,506,1,0.354,4.11,5.78,0.36346,0.51166,0.31646,0.21156,69.044,60.579
"2024-10-15 17:30:00",7440,13.07258,506,1,0.283,3.3,4.6,0.29236,0.40676,0.25032,0.14012,71.445,60.738
"2024-10-15 18:00:00",7441,13.07762,506,1,0.198,2.32,3.21,0.20534,0.28399,0.16862,0.05298,70.884,59.486
"2024-10-15 18:30:00",7442,13.0751,506,1,0.118,1.38,1.91,0.12192,0.16894,0.09555,-0.02817,68.815,57.838
"2024-10-15 19:00:00",7443,13.07258,506,1,0.049,0.55,0.83,0.04878,0.07336,0.02667,-0.09667,67.442,56.2
"2024-10-15 19:30:00",7444,13.05915,506,1,0.003,-0.02,0.11,-0.00279,0.0096,-0.02151,-0.14311,68.274,55.202
"2024-10-15 20:00:00",7445,13.06587,506,1,-0.02,-0.3,-0.28,-0.02735,-0.02573,-0.04845,-0.16969,67.009,55.186
"2024-10-15 20:30:00",7446,13.05495,506,1,-0.042,-0.6,-0.57,-0.05439,-0.05119,-0.07233,-0.18913,67.857,54.358
"2024-10-15 21:00:00",7447,13.05411,506,1,-0.055,-0.75,-0.78,-0.06749,-0.07029,-0.08517,-0.19547,68.267,54.35
"2024-10-15 21:30:00",7448,13.04404,506,1,-0.066,-0.9,-0.93,-0.08069,-0.08287,-0.09279,-0.21223,68.92,52.485
"2024-10-15 22:00:00",7449,13.04152,506,1,-0.071,-0.97,-1,-0.08683,-0.08951,-0.09891,-0.21287,67.93,53.583
"2024-10-15 22:30:00",7450,13.03984,506,1,-0.072,-0.93,-1.07,-0.08329,-0.09529,-0.10061,-0.21541,67.551,53.053
"2024-10-15 23:00:00",7451,13.03313,506,1,-0.069,-0.96,-0.96,-0.08587,-0.08567,-0.09783,-0.20645,67.396,54.313
"2024-10-15 23:30:00",7452,13.03565,506,1,-0.074,-1.03,-1.03,-0.09197,-0.09225,-0.10677,-0.21541,67.073,53.153
"2024-10-16 00:00:00",7453,13.02725,506,1,-0.076,-1.03,-1.07,-0.09197,-0.09563,-0.10929,-0.21605,67.355,53.429
"2024-10-16 00:30:00",7454,13.0197,506,1,-0.078,-1.06,-1.1,-0.09429,-0.09865,-0.10901,-0.21871,67.321,54.388
"2024-10-16 01:00:00",7455,13.02473,506,1,-0.078,-1.06,-1.1,-0.09429,-0.09865,-0.10901,-0.22121,66.649,54.133
"2024-10-16 01:30:00",7456,13.02557,506,1,-0.075,-1.05,-1.03,-0.09379,-0.09225,-0.10567,-0.21287,66.735,53.806
"2024-10-16 02:00:00",7457,13.02473,506,1,-0.074,-1.03,-1,-0.09197,-0.08927,-0.10399,-0.21287,66.196,53.936
"2024-10-16 02:30:00",7458,13.02222,506,1,-0.073,-1,-1.03,-0.08913,-0.09225,-0.10399,-0.21287,67.765,54.41
"2024-10-16 03:00:00",7459,13.01802,506,1,-0.076,-1.03,-1.07,-0.09175,-0.09563,-0.10371,-0.21605,67.422,53.653
"2024-10-16 03:30:00",7460,13.01718,506,1,-0.075,-1.02,-1.07,-0.09149,-0.09563,-0.10623,-0.21605,68.802,53.613
"2024-10-16 04:00:00",7461,13.01634,506,1,-0.076,-1.06,-1.03,-0.09479,-0.09225,-0.10963,-0.21287,67.434,54.497
"2024-10-16 04:30:00",7462,13.00375,506,1,-0.076,-1.03,-1.07,-0.09197,-0.09563,-0.10677,-0.21605,66.325,54.219
"2024-10-16 05:00:00",7463,13.0071,506,1,-0.081,-1.09,-1.15,-0.09765,-0.10235,-0.10963,-0.22187,66.842,53.166
"2024-10-16 05:30:00",7464,13.00794,506,1,-0.074,-1.02,-1.03,-0.09121,-0.09225,-0.10595,-0.21541,67.743,53.801
"2024-10-16 06:00:00",7465,13.00291,506,1,-0.076,-1.06,-1.04,-0.09479,-0.09263,-0.10963,-0.21349,66.524,53.01
"2024-10-16 06:30:00",7466,12.99703,506,1,-0.083,-1.15,-1.15,-0.10277,-0.10235,-0.11467,-0.22249,67.299,52.945
"2024-10-16 07:00:00",7467,13.00543,506,1,-0.091,-1.24,-1.26,-0.11105,-0.11215,-0.12283,-0.22579,67.217,53.541
"2024-10-16 07:30:00",7468,12.99955,506,1,-0.089,-1.2,-1.28,-0.10705,-0.11441,-0.11907,-0.23025,67.472,52.958
"2024-10-16 08:00:00",7469,12.99535,506,1,-0.065,-0.92,-0.88,-0.08259,-0.07903,-0.09479,-0.20331,67.368,54.006
"2024-10-16 08:30:00",7470,13.00123,506,1,-0.006,-0.28,0.14,-0.02593,0.01246,-99,-0.13277,-99,56.596
"2024-10-16 09:00:00",7471,12.99871,506,1,0.064,0.5,1.36,0.04411,0.1207,-99,-0.04747,-99,58.986
"2024-10-16 09:30:00",7472,13.00543,506,1,0.126,1.22,2.4,0.10807,0.21277,-99,0.01932,-99,60.121
"2024-10-16 10:00:00",7473,13.01046,506,1,0.191,1.94,3.49,0.17138,0.30898,-99,0.0979,-99,59.431
"2024-10-16 10:30:00",7474,13.01634,506,1,0.221,2.2,4.11,0.1949,0.36414,0.1612,0.148,70.59,61.962
"2024-10-16 11:00:00",7475,13.02054,506,1,0.324,3.52,5.61,0.31182,0.49692,0.27248,0.21286,70.066,61.173
"2024-10-16 11:30:00",7476,13.03145,506,1,0.377,4.04,6.62,0.35754,0.58594,-99,0.29149,-99,62.977
"2024-10-16 12:00:00",7477,13.03061,506,1,0.413,4.51,7.14,0.39908,0.63196,0.3621,0.32456,70.194,60.476
"2024-10-16 12:30:00",7478,13.04404,506,1,0.315,2.36,6.88,0.20896,0.60906,0.2142,0.39871,68.176,65.722
"2024-10-16 13:00:00",7479,13.05076,506,1,0.442,4.9,7.55,0.43406,0.66828,-99,0.42676,-99,65.646
"2024-10-16 13:30:00",7480,13.05076,506,1,0.54,5.96,9.25,0.5275,0.81859,0.41181,0.38632,62.475,56.943
"2024-10-16 14:00:00",7481,13.05747,506,1,0.543,6.15,9.09,0.54444,0.80489,0.47924,0.4216,66.8,58.344
"2024-10-16 14:30:00",7482,13.06419,506,1,0.536,5.97,9.11,0.52878,0.80655,0.47286,0.42048,67.673,59.892
"2024-10-16 15:00:00",7483,13.06251,506,1,0.519,5.85,8.73,0.51786,0.77279,0.45466,0.38694,67.239,58.207
"2024-10-16 15:30:00",7484,13.05831,506,1,0.495,5.64,8.25,0.49949,0.73037,0.43667,0.35856,67.554,58.416
"2024-10-16 16:00:00",7485,13.06503,506,1,0.464,5.26,7.75,0.46538,0.68629,0.4128,0.33375,69.313,61.119
"2024-10-16 16:30:00",7486,13.06587,506,1,0.414,4.79,6.8,0.42434,0.60176,0.36892,0.27678,69.002,60.128
"2024-10-16 17:00:00",7487,13.06671,506,1,0.358,4.13,5.88,0.36568,0.52077,0.32183,0.21951,70.292,60.838
"2024-10-16 17:30:00",7488,13.05327,506,1,0.293,3.41,4.77,0.30172,0.42243,0.26256,0.1533,70.382,59.991
"2024-10-16 18:00:00",7489,13.05243,506,1,0.205,2.39,3.35,0.21175,0.2968,-99,0.06361,-99,60.105
"2024-10-16 18:30:00",7490,13.05915,506,1,0.115,1.35,1.85,0.11906,0.1639,0.09022,-0.03087,70.145,58.496
"2024-10-16 19:00:00",7491,13.05579,506,1,0.045,0.49,0.79,0.04332,0.06984,0.0186,-0.09939,68.088,56.85
"2024-10-16 19:30:00",7492,13.04572,506,1,0.001,-0.02,0.07,-0.00273,0.00639,-0.02401,-0.14577,68.137,56.328
"2024-10-16 20:00:00",7493,13.05327,506,1,-0.028,-0.42,-0.35,-0.03827,-0.03191,-0.05921,-0.17449,67.154,53.825
"2024-10-16 20:30:00",7494,13.04488,506,1,-0.044,-0.6,-0.64,-0.05409,-0.05737,-0.07197,-0.18913,69.005,53.005
"2024-10-16 21:00:00",7495,13.04404,506,1,-0.058,-0.78,-0.85,-0.07029,-0.07621,-0.08793,-0.20331,66.913,53.424
"2024-10-16 21:30:00",7496,13.039,506,1,-0.065,-0.88,-0.92,-0.07853,-0.08259,-0.09355,-0.20907,66.761,53.843
"2024-10-16 22:00:00",7497,13.02725,506,1,-0.072,-0.97,-1.03,-0.08683,-0.09225,-0.10141,-0.21485,66.733,54.075
"2024-10-16 22:30:00",7498,13.02893,506,1,-0.07,-0.96,-0.99,-0.08543,-0.08839,-0.10009,-0.21103,66.091,53.851
"2024-10-16 23:00:00",7499,13.02977,506,1,-0.076,-1.03,-1.07,-0.09197,-0.09529,-0.10651,-0.21801,67.46,53.546
"2024-10-16 23:30:00",7500,13.02306,506,1,-0.07,-0.96,-0.99,-0.08561,-0.08869,-0.10037,-0.20907,66.86,52.941
"2024-10-17 00:00:00",7501,13.02306,506,1,-0.068,-0.94,-0.95,-0.08449,-0.08485,-0.09659,-0.20525,67.317,53.66
"2024-10-17 00:30:00",7502,13.02725,506,1,-0.069,-0.98,-0.91,-0.08749,-0.08157,-0.09959,-0.20471,69.327,55.678
"2024-10-17 01:00:00",7503,13.02389,506,1,-0.069,-0.98,-0.91,-0.08771,-0.08157,-0.09711,-0.20213,68.357,53.348
"2024-10-17 01:30:00",7504,13.01802,506,1,-0.07,-0.98,-0.95,-0.08793,-0.08457,-0.10009,-0.20153,68.093,53.607
"2024-10-17 02:00:00",7505,13.02473,506,1,-0.07,-0.99,-0.95,-0.08819,-0.08485,-0.10037,-0.20787,66.808,54.417
"2024-10-17 02:30:00",7506,13.02809,506,1,-0.069,-1.02,-0.88,-0.09077,-0.07853,-0.10257,-0.20213,69.18,51.66
"2024-10-17 03:00:00",7507,13.02473,506,1,-0.07,-0.99,-0.95,-0.08819,-0.08485,-0.10285,-0.20525,67.65,53.587
"2024-10-17 03:30:00",7508,13.02306,506,1,-0.069,-0.95,-0.95,-0.08517,-0.08457,-0.09733,-0.20727,68.271,53.524
"2024-10-17 04:00:00",7509,13.0155,506,1,-0.074,-1.05,-0.99,-0.09355,-0.08815,-0.10813,-0.20787,68.021,54.793
"2024-10-17 04:30:00",7510,13.02641,506,1,-0.071,-1.01,-0.95,-0.09049,-0.08509,-0.10257,-0.20589,67.476,55.244
"2024-10-17 05:00:00",7511,13.02557,506,1,-0.073,-1.02,-0.99,-0.09103,-0.08815,-0.10313,-0.20847,66.673,53.598
"2024-10-17 05:30:00",7512,13.02389,506,1,-0.072,-1.02,-0.95,-0.09077,-0.08509,-0.10257,-0.20589,67.721,54.646
"2024-10-17 06:00:00",7513,13.0155,506,1,-0.074,-1.05,-0.99,-0.09355,-0.08815,-0.10567,-0.20847,68.88,53.868
"2024-10-17 06:30:00",7514,13.0197,506,1,-0.074,-1.02,-1.02,-0.09077,-0.09111,-0.10537,-0.21103,67.794,54.715
"2024-10-17 07:00:00",7515,13.01886,506,1,-0.082,-1.14,-1.12,-0.10141,-0.10041,-0.11343,-0.21679,67.432,54.77
"2024-10-17 07:30:00",7516,13.01718,506,1,-0.078,-1.08,-1.06,-0.09663,-0.09469,-0.10875,-0.21739,67.273,54.452
"2024-10-17 08:00:00",7517,13.01802,506,1,-0.042,-0.68,-0.45,-0.06145,-0.04093,-0.07647,-0.17085,69.278,54.099
"2024-10-17 08:30:00",7518,13.01466,506,1,0.01,-0.11,0.46,-0.01065,0.04083,-0.02625,-0.11309,68.658,55.843
"2024-10-17 09:00:00",7519,13.01802,506,1,0.06,0.48,1.27,0.04221,0.11225,-99,-0.06165,-99,57.385
"2024-10-17 09:30:00",7520,13.01382,506,1,0.094,0.89,1.8,0.07896,0.15944,-99,-0.02237,-99,58.354
"2024-10-17 10:00:00",7521,13.0155,506,1,0.147,1.45,2.76,0.12863,0.24467,-99,0.04136,-99,57.854
"2024-10-17 10:30:00",7522,13.00878,506,1,0.164,1.52,3.21,0.13458,0.28425,0.11092,0.08792,69.315,61.426
"2024-10-17 11:00:00",7523,13.01718,506,1,0.256,2.78,4.44,0.2459,0.39266,-99,0.14154,-99,60.979
"2024-10-17 11:30:00",7524,13.01382,506,1,0.287,3.04,5.1,0.26896,0.45124,-99,0.18874,-99,61.095
"2024-10-17 12:00:00",7525,13.02557,506,1,0.326,3.38,5.86,0.29905,0.51882,0.26685,0.24629,70.126,61.926
"2024-10-17 12:30:00",7526,13.03313,506,1,0.319,2.79,6.43,0.24716,0.56882,0.24556,0.34831,68.985,64.966
"2024-10-17 13:00:00",7527,13.03229,506,1,0.45,5.65,6.8,0.49979,0.60147,-99,0.38284,-99,66.397
"2024-10-17 13:30:00",7528,13.03397,506,1,0.516,5.88,8.6,0.5201,0.76075,0.40794,0.34634,62.999,58.301
"2024-10-17 14:00:00",7529,13.03732,506,1,0.493,5.54,8.3,0.4899,0.73472,0.4263,0.37609,67.716,59.257
"2024-10-17 14:30:00",7530,13.04068,506,1,0.505,5.71,8.47,0.50511,0.74947,0.4392,0.3704,66.933,59.31
"2024-10-17 15:00:00",7531,13.04236,506,1,0.522,5.84,8.82,0.51647,0.78037,0.45466,0.39122,68.199,59.589
"2024-10-17 15:30:00",7532,13.03397,506,1,0.516,5.84,8.63,0.51652,0.76345,0.45078,0.37928,67.839,59.643
"2024-10-17 16:00:00",7533,13.04236,506,1,0.486,5.51,8.12,0.4876,0.71877,0.43013,0.35184,68.621,60.004
"2024-10-17 16:30:00",7534,13.04152,506,1,0.448,5.12,7.44,0.45288,0.65872,0.40014,0.3179,69.431,59.711
"2024-10-17 17:00:00",7535,13.0432,506,1,0.416,4.76,6.9,0.42098,0.61055,0.36892,0.27748,68.91,59.454
"2024-10-17 17:30:00",7536,13.04152,506,1,0.352,4.07,5.77,0.3599,0.5108,0.31588,0.21272,70.362,61.062
"2024-10-17 18:00:00",7537,13.03648,506,1,0.248,2.9,4.02,0.25709,0.3559,-99,0.10506,-99,59.651
"2024-10-17 18:30:00",7538,13.039,506,1,0.14,1.67,2.23,0.14823,0.19747,0.11522,-0.00851,68.344,57.212
"2024-10-17 19:00:00",7539,13.03229,506,1,0.058,0.68,0.94,0.0601,0.08311,0.03485,-0.09397,68.771,57.114
"2024-10-17 19:30:00",7540,13.03061,506,1,0.008,0.06,0.18,0.00542,0.01594,-0.01343,-0.13697,67.565,54.333
"2024-10-17 20:00:00",7541,13.02054,506,1,-0.019,-0.3,-0.25,-0.02761,-0.02261,-0.04881,-0.17021,67.555,54.48
"2024-10-17 20:30:00",7542,13.02389,506,1,-0.038,-0.54,-0.53,-0.04881,-0.04791,-0.06677,-0.18655,67.919,54.427
"2024-10-17 21:00:00",7543,13.01802,506,1,-0.052,-0.73,-0.71,-0.06527,-0.06415,-0.07775,-0.19867,69.156,54.258
"2024-10-17 21:30:00",7544,13.01466,506,1,-0.06,-0.8,-0.86,-0.07131,-0.07703,-0.08913,-0.20445,66.19,53.798
"2024-10-17 22:00:00",7545,13.01046,506,1,-0.065,-0.87,-0.93,-0.07811,-0.08287,-0.09301,-0.20705,67.168,54.244
"2024-10-17 22:30:00",7546,12.99955,506,1,-0.07,-0.93,-1.03,-0.08349,-0.09225,-0.09811,-0.21223,67.354,53.026
"2024-10-17 23:00:00",7547,12.99871,506,1,-0.073,-1,-1.03,-0.08913,-0.09225,-0.10113,-0.21605,66.097,53.281
"2024-10-17 23:30:00",7548,13.00039,506,1,-0.077,-1.03,-1.11,-0.09247,-0.09899,-0.10705,-0.21927,67.484,53.829
"2024-10-18 00:00:00",7549,13.00039,506,1,-0.076,-1.03,-1.07,-0.09175,-0.09563,-0.10371,-0.21927,67.479,53.561
"2024-10-18 00:30:00",7550,12.99703,506,1,-0.078,-1.09,-1.07,-0.09713,-0.09529,-0.10929,-0.21541,67.175,54.09
"2024-10-18 01:00:00",7551,12.99619,506,1,-0.076,-1.03,-1.07,-0.09175,-0.09563,-0.10901,-0.21605,67.929,54.013
"2024-10-18 01:30:00",7552,12.99283,506,1,-0.077,-1.06,-1.07,-0.09455,-0.09563,-0.10651,-0.21605,67.074,54.253
"2024-10-18 02:00:00",7553,12.98696,506,1,-0.077,-1.08,-1.03,-0.09685,-0.09199,-0.10623,-0.21223,67.015,53.776
"2024-10-18 02:30:00",7554,12.98192,506,1,-0.073,-1.03,-0.99,-0.09175,-0.08893,-0.10651,-0.21287,68.015,53.677
"2024-10-18 03:00:00",7555,12.98696,506,1,-0.071,-0.99,-0.96,-0.08867,-0.08567,-0.10343,-0.20705,66.816,54.412
"2024-10-18 03:30:00",7556,12.98696,506,1,-0.076,-1.06,-1.03,-0.09455,-0.09225,-0.10929,-0.21031,67.389,53.468
"2024-10-18 04:00:00",7557,12.98864,506,1,-0.074,-1.02,-1.03,-0.09077,-0.09199,-0.10285,-0.21287,67.702,53.782
"2024-10-18 04:30:00",7558,12.98528,506,1,-0.076,-1.06,-1.03,-0.09429,-0.09225,-0.10371,-0.21605,66.034,54.464
"2024-10-18 05:00:00",7559,12.9836,506,1,-0.074,-1.02,-1.03,-0.09077,-0.09169,-0.10285,-0.21223,67.961,54.197
"2024-10-18 05:30:00",7560,12.9836,506,1,-0.074,-1.05,-0.99,-0.09379,-0.08869,-0.10567,-0.20645,67.442,54.362
"2024-10-18 06:00:00",7561,12.98192,506,1,-0.072,-1.03,-0.96,-0.09197,-0.08567,-0.10677,-0.20967,67.387,54.045
"2024-10-18 06:30:00",7562,12.97185,506,1,-0.074,-1.03,-1.03,-0.09197,-0.09225,-0.10677,-0.21287,66.805,54.144
"2024-10-18 07:00:00",7563,12.97101,506,1,-0.077,-1.06,-1.06,-0.09429,-0.09503,-0.10623,-0.21541,67.229,53.886
"2024-10-18 07:30:00",7564,12.97772,506,1,-0.074,-1.02,-1.03,-0.09103,-0.09199,-0.10567,-0.21541,68.524,54.034
"2024-10-18 08:00:00",7565,12.9794,506,1,-0.039,-0.65,-0.42,-0.05827,-0.03779,-0.06795,-0.17397,69.637,54.199
"2024-10-18 08:30:00",7566,12.98108,506,1,0.023,0.09,0.6,0.00786,0.05301,-99,-0.10149,-99,58.347
"2024-10-18 09:00:00",7567,12.97437,506,1,0.087,0.79,1.71,0.0702,0.15178,-99,-0.02505,-99,58.6
"2024-10-18 09:30:00",7568,12.9794,506,1,0.199,2.01,3.67,0.17814,0.325,-99,0.10073,-99,60.943
"2024-10-18 10:00:00",7569,12.98696,506,1,0.279,2.97,4.91,0.26302,0.43441,-99,0.18233,-99,61.91
"2024-10-18 10:30:00",7570,12.99199,506,1,0.27,2.73,4.97,0.24158,0.4395,0.21324,0.2243,68.563,63.445
"2024-10-18 11:00:00",7571,12.99703,506,1,0.375,4.17,6.37,0.36922,0.56378,0.32318,0.26988,69.031,62.659
"2024-10-18 11:30:00",7572,13.00375,506,1,0.429,4.74,7.35,0.4192,0.65078,0.37867,0.32888,70.793,61.346
"2024-10-18 12:00:00",7573,13.01214,506,1,0.462,4.9,8.16,0.43357,0.72199,0.3886,0.38626,68.509,59.795
"2024-10-18 12:30:00",7574,13.0197,506,1,0.416,4.01,7.9,0.35488,0.69923,0.3369,0.42254,67.19,61.924
"2024-10-18 13:00:00",7575,13.02306,506,1,0.53,6.25,8.55,0.55322,0.75633,-99,0.49984,-99,64.412
"2024-10-18 13:30:00",7576,13.02977,506,1,0.607,6.9,10.13,0.61078,0.89677,0.5093,0.4717,61.439,56.585
"2024-10-18 14:00:00",7577,13.03229,506,1,0.61,6.8,10.35,0.60198,0.91627,0.53638,0.48629,64.462,56.847
"2024-10-18 14:30:00",7578,13.03229,506,1,0.591,6.56,10.06,0.5804,0.89069,0.5108,0.46456,65.852,57.977
"2024-10-18 15:00:00",7579,13.03145,506,1,0.574,6.47,9.66,0.57262,0.85461,0.50674,0.44228,66.007,58.961
"2024-10-18 15:30:00",7580,13.02977,506,1,0.541,6.15,9.02,0.54464,0.79823,0.48038,0.40972,66.925,59.305
"2024-10-18 16:00:00",7581,13.03061,506,1,0.491,5.63,8.12,0.49826,0.71853,0.44064,0.35442,68.302,58.593
"2024-10-18 16:30:00",7582,13.03648,506,1,0.42,4.87,6.88,0.43092,0.60888,0.37867,0.28379,69.538,60.826
"2024-10-18 17:00:00",7583,13.03732,506,1,0.343,4.02,5.56,0.35569,0.49176,0.30664,0.2042,69.312,61.43
"2024-10-18 17:30:00",7584,13.02389,506,1,0.248,2.92,4,0.25883,0.3536,0.22137,0.10186,69.662,60.789
"2024-10-18 18:00:00",7585,13.03565,506,1,0.159,1.87,2.58,0.16544,0.22812,0.13814,0.01397,69.049,58.349
"2024-10-18 18:30:00",7586,13.02893,506,1,0.084,0.98,1.36,0.08698,0.12078,0.06402,-0.06223,69.153,57.199
"2024-10-18 19:00:00",7587,13.01886,506,1,0.032,0.34,0.58,0.03002,0.05094,0.00536,-0.11409,68.195,55.556
"2024-10-18 19:30:00",7588,13.0155,506,1,-0.001,-0.08,0.04,-0.00823,0.0032,-0.02965,-0.14617,67.569,54.357
"2024-10-18 20:00:00",7589,13.02054,506,1,-0.024,-0.36,-0.32,-0.03283,-0.02881,-0.05121,-0.17239,67.322,54.521
"2024-10-18 20:30:00",7590,13.01466,506,1,-0.042,-0.61,-0.57,-0.05453,-0.05097,-0.07253,-0.18655,67.951,54.88
"2024-10-18 21:00:00",7591,13.01214,506,1,-0.059,-0.82,-0.82,-0.07333,-0.07337,-0.08841,-0.19867,67.193,53.551
"2024-10-18 21:30:00",7592,13.0071,506,1,-0.072,-0.97,-1.04,-0.08683,-0.09263,-0.10141,-0.21349,66.95,54.038
"2024-10-18 22:00:00",7593,13.00375,506,1,-0.079,-1.06,-1.14,-0.09455,-0.10203,-0.10929,-0.22121,68.288,54.384
"2024-10-18 22:30:00",7594,12.99199,506,1,-0.082,-1.09,-1.18,-0.09765,-0.10537,-0.11497,-0.22187,66.939,54.551
"2024-10-18 23:00:00",7595,12.9836,506,1,-0.083,-1.12,-1.18,-0.09993,-0.10501,-0.11467,-0.22447,67.017,53.109
"2024-10-18 23:30:00",7596,12.99032,506,1,-0.09,-1.26,-1.22,-0.11229,-0.10909,-0.12415,-0.22901,67.072,52.589
"2024-10-19 00:00:00",7597,12.98864,506,1,-0.085,-1.15,-1.22,-0.10277,-0.10877,-0.11751,-0.22839,67.089,54.014
"2024-10-19 00:30:00",7598,12.98528,506,1,-0.092,-1.22,-1.33,-0.10851,-0.11819,-0.12029,-0.23417,66.715,53.379
"2024-10-19 01:00:00",7599,12.98024,506,1,-0.091,-1.23,-1.29,-0.10939,-0.11549,-0.12129,-0.23159,66.733,53.653
"2024-10-19 01:30:00",7600,12.97772,506,1,-0.091,-1.24,-1.29,-0.11105,-0.11515,-0.12313,-0.23417,67.423,54.346
"2024-10-19 02:00:00",7601,12.96681,506,1,-0.092,-1.22,-1.33,-0.10851,-0.11853,-0.12029,-0.23159,67.312,53.658
"2024-10-19 02:30:00",7602,12.97185,506,1,-0.093,-1.28,-1.29,-0.11393,-0.11515,-0.12567,-0.23417,67.051,52.979
"2024-10-19 03:00:00",7603,12.97101,506,1,-0.092,-1.25,-1.29,-0.11169,-0.11549,-0.12635,-0.22901,66.778,54.532
"2024-10-19 03:30:00",7604,12.96765,506,1,-0.094,-1.24,-1.36,-0.11105,-0.12157,-0.12313,-0.23417,68.401,53.219
"2024-10-19 04:00:00",7605,12.96513,506,1,-0.096,-1.27,-1.4,-0.11367,-0.12459,-0.12821,-0.24003,66.397,54.15
"2024-10-19 04:30:00",7606,12.96346,506,1,-0.101,-1.33,-1.47,-0.11873,-0.13097,-0.13319,-0.24327,67.607,52.847
"2024-10-19 05:00:00",7607,12.96094,506,1,-0.105,-1.4,-1.51,-0.12487,-0.13437,-0.13927,-0.24401,66.676,52.595
"2024-10-19 05:30:00",7608,12.96177,506,1,-0.109,-1.44,-1.59,-0.12837,-0.14125,-0.14041,-0.24989,66.66,53.418
"2024-10-19 06:00:00",7609,12.95674,506,1,-0.109,-1.4,-1.62,-0.12487,-0.14469,-0.13639,-0.25317,67.001,53.074
"2024-10-19 06:30:00",7610,12.95338,506,1,-0.107,-1.39,-1.58,-0.12385,-0.14043,-0.13817,-0.24915,66.796,53.561
"2024-10-19 07:00:00",7611,12.95506,506,1,-0.112,-1.45,-1.65,-0.12919,-0.14673,-0.14351,-0.25497,66.18,52.522
"2024-10-19 07:30:00",7612,12.95254,506,1,-0.116,-1.51,-1.72,-0.13457,-0.15319,-0.14633,-0.25755,67.192,53.112
"2024-10-19 08:00:00",7613,12.9517,506,1,-0.104,-1.37,-1.53,-0.12217,-0.13605,-0.12861,-0.24447,68.591,52.422
"2024-10-19 08:30:00",7614,12.95254,506,1,-0.077,-1.05,-1.09,-0.09411,-0.09713,-99,-0.21419,-99,54.91
"2024-10-19 09:00:00",7615,12.9517,506,1,-0.031,-0.55,-0.27,-0.04945,-0.02493,-99,-0.15589,-99,55.649
"2024-10-19 09:30:00",7616,12.95002,506,1,0.059,0.4,1.35,0.03578,0.11958,-99,-0.04735,-99,59.732
"2024-10-19 10:00:00",7617,12.95926,506,1,0.216,2.2,3.94,0.19432,0.34831,-99,0.12664,-99,62.246
"2024-10-19 10:30:00",7618,12.96765,506,1,0.312,3.11,5.79,0.27563,0.5123,0.24777,0.28111,69.93,63.981
"2024-10-19 11:00:00",7619,12.97101,506,1,0.458,5,7.93,0.44278,0.70223,0.39694,0.35984,69.294,60.004
"2024-10-19 11:30:00",7620,12.98276,506,1,0.493,5.35,8.57,0.47372,0.75867,0.4314,0.40652,68.99,59.704
"2024-10-19 12:00:00",7621,12.99535,506,1,0.523,5.63,9.13,0.49788,0.80773,0.4566,0.4499,67.459,59.591
"2024-10-19 12:30:00",7622,12.99032,506,1,0.416,4.08,7.79,0.36072,0.68938,0.35556,0.46292,68.531,62.178
"2024-10-19 13:00:00",7623,13.00543,506,1,0.524,5.45,9.42,0.48238,0.83391,-99,0.49388,-99,59.276
"2024-10-19 13:30:00",7624,12.99955,506,1,0.604,6.84,10.11,0.60499,0.89475,0.50858,0.48006,61.706,56.858
"2024-10-19 14:00:00",7625,13.01046,506,1,0.616,6.94,10.35,0.61392,0.91627,0.53542,0.4826,63.896,56.963
"2024-10-19 14:30:00",7626,13.0155,506,1,0.591,6.68,9.91,0.59114,0.87676,0.5204,0.4595,66.19,57.744
"2024-10-19 15:00:00",7627,13.01634,506,1,0.561,6.33,9.41,0.56066,0.83269,0.49716,0.43259,66.313,58.023
"2024-10-19 15:30:00",7628,13.0197,506,1,0.53,6.05,8.81,0.53568,0.77991,0.47126,0.39782,66.827,58.535
"2024-10-19 16:00:00",7629,13.0197,506,1,0.477,5.47,7.88,0.48417,0.69775,0.42796,0.33644,69.335,59.638
"2024-10-19 16:30:00",7630,13.01718,506,1,0.397,4.62,6.47,0.40876,0.57298,0.35478,0.26352,69.277,60.153
"2024-10-19 17:00:00",7631,13.01802,506,1,0.31,3.64,5.02,0.32222,0.4447,0.28001,0.17276,71.495,59.449
"2024-10-19 17:30:00",7632,13.01046,506,1,0.219,2.59,3.52,0.22926,0.31162,0.19744,0.07512,70.093,58.564
"2024-10-19 18:00:00",7633,13.01634,506,1,0.134,1.57,2.16,0.13898,0.19106,0.10959,-0.01129,70.395,57.921
"2024-10-19 18:30:00",7634,13.0113,506,1,0.059,0.68,0.97,0.0601,0.08618,0.04026,-0.08551,69.644,56.008
"2024-10-19 19:00:00",7635,13.00543,506,1,0.013,0.09,0.29,0.00819,0.02552,-0.01077,-0.13167,67.247,55.706
"2024-10-19 19:30:00",7636,13.00627,506,1,-0.019,-0.3,-0.24,-0.02735,-0.02249,-0.04307,-0.16443,68.251,55.194
"2024-10-19 20:00:00",7637,12.99199,506,1,-0.04,-0.58,-0.53,-0.05187,-0.04803,-0.06719,-0.18125,67.59,55.365
"2024-10-19 20:30:00",7638,12.98948,506,1,-0.054,-0.76,-0.75,-0.06847,-0.06721,-0.08631,-0.19607,66.71,52.972
"2024-10-19 21:00:00",7639,12.99199,506,1,-0.065,-0.88,-0.93,-0.07879,-0.08343,-0.09379,-0.20829,67.783,54.978
"2024-10-19 21:30:00",7640,12.98612,506,1,-0.075,-1.01,-1.08,-0.09033,-0.09625,-0.10537,-0.22319,67.852,53.784
"2024-10-19 22:00:00",7641,12.98276,506,1,-0.078,-1.03,-1.15,-0.09221,-0.10265,-0.10705,-0.22319,68.011,54.524
"2024-10-19 22:30:00",7642,12.97772,506,1,-0.086,-1.16,-1.23,-0.10339,-0.10945,-0.11813,-0.22641,67.067,54.831
"2024-10-19 23:00:00",7643,12.97353,506,1,-0.089,-1.21,-1.25,-0.10821,-0.11173,-0.12029,-0.22839,68.624,54.303
"2024-10-19 23:30:00",7644,12.96765,506,1,-0.09,-1.23,-1.26,-0.10969,-0.11247,-0.12451,-0.22967,67.282,52.957
"2024-10-20 00:00:00",7645,12.96765,506,1,-0.095,-1.28,-1.36,-0.11393,-0.12157,-0.12313,-0.23417,67.702,53.529
"2024-10-20 00:30:00",7646,12.95842,506,1,-0.098,-1.31,-1.4,-0.11651,-0.12459,-0.12567,-0.23417,65.39,54.41
"2024-10-20 01:00:00",7647,12.96513,506,1,-0.094,-1.28,-1.33,-0.11393,-0.11853,-0.12855,-0.23231,67.896,53.31
"2024-10-20 01:30:00",7648,12.9601,506,1,-0.097,-1.32,-1.37,-0.11813,-0.12235,-0.12993,-0.23557,67.507,53.333
"2024-10-20 02:00:00",7649,12.95926,506,1,-0.096,-1.27,-1.4,-0.11333,-0.12499,-0.12535,-0.23485,67.817,54.482
"2024-10-20 02:30:00",7650,12.94834,506,1,-0.093,-1.25,-1.33,-0.11169,-0.11853,-0.12635,-0.23231,66.721,53.071
"2024-10-20 03:00:00",7651,12.94415,506,1,-0.094,-1.24,-1.36,-0.11051,-0.12157,-0.12251,-0.23485,67.198,52.711
"2024-10-20 03:30:00",7652,12.94331,506,1,-0.094,-1.24,-1.36,-0.11081,-0.12119,-0.12251,-0.23159,67.145,53.231
"2024-10-20 04:00:00",7653,12.9517,506,1,-0.101,-1.39,-1.41,-0.12397,-0.12533,-0.13863,-0.23887,67.054,53.977
"2024-10-20 04:30:00",7654,12.95086,506,1,-0.104,-1.34,-1.55,-0.11939,-0.13831,-0.12855,-0.24729,67.959,54.457
"2024-10-20 05:00:00",7655,12.94247,506,1,-0.105,-1.37,-1.55,-0.12195,-0.13831,-0.13101,-0.24729,67.382,52.784
"2024-10-20 05:30:00",7656,12.93995,506,1,-0.104,-1.34,-1.55,-0.11969,-0.13831,-0.13425,-0.24473,66.701,53.616
"2024-10-20 06:00:00",7657,12.93995,506,1,-0.107,-1.42,-1.56,-0.12617,-0.13873,-0.13821,-0.24803,66.704,52.21
"2024-10-20 06:30:00",7658,12.93743,506,1,-0.109,-1.4,-1.62,-0.12487,-0.14469,-0.13389,-0.25063,67.495,53.573
"2024-10-20 07:00:00",7659,12.93911,506,1,-0.113,-1.47,-1.66,-0.13097,-0.14817,-0.14253,-0.25395,66.429,52.932
"2024-10-20 07:30:00",7660,12.93072,506,1,-0.118,-1.53,-1.74,-0.13605,-0.15467,-0.14503,-0.25983,67.718,52.692
"2024-10-20 08:00:00",7661,12.93323,506,1,-0.117,-1.52,-1.73,-0.13535,-0.15367,-0.14427,-0.25575,67.913,52.734
"2024-10-20 08:30:00",7662,12.92568,506,1,-0.084,-1.12,-1.21,-0.10037,-0.10775,-0.10977,-0.22187,68.207,53.454
"2024-10-20 09:00:00",7663,12.93156,506,1,-0.042,-0.66,-0.48,-0.05955,-0.04365,-99,-0.17085,-99,54.572
"2024-10-20 09:30:00",7664,12.93323,506,1,0.015,-0.05,0.56,-0.00519,0.0492,-99,-0.09267,-99,57.711
"2024-10-20 10:00:00",7665,12.93827,506,1,0.166,1.64,3.09,0.14511,0.27357,-99,0.07654,-99,62.396
"2024-10-20 10:30:00",7666,12.94247,506,1,0.328,3.35,5.98,0.29608,0.52926,0.26144,0.28012,69.522,62.992
"2024-10-20 11:00:00",7667,12.94666,506,1,0.483,5.25,8.37,0.46448,0.741,0.41818,0.39028,68.81,59.932
"2024-10-20 11:30:00",7668,12.94834,506,1,0.53,5.73,9.22,0.5075,0.81577,0.46436,0.45016,68.24,58.952
"2024-10-20 12:00:00",7669,12.96933,506,1,0.562,6.04,9.85,0.5342,0.87172,0.49586,0.50018,66.324,57.883
"2024-10-20 12:30:00",7670,12.97437,506,1,0.456,4.51,8.52,0.39956,0.75375,0.39192,0.49791,64.472,60.774
"2024-10-20 13:00:00",7671,12.9836,506,1,0.585,6.68,9.71,0.59094,0.85963,0.53704,0.49574,67.332,59.311
"2024-10-20 13:30:00",7672,12.98864,506,1,0.586,6.72,9.71,0.59468,0.85901,0.50115,0.4595,62.483,57.375
"2024-10-20 14:00:00",7673,12.99199,506,1,0.597,6.77,9.99,0.59877,0.88383,0.52691,0.46114,64.325,56.869
"2024-10-20 14:30:00",7674,12.99451,506,1,0.565,6.42,9.44,0.56812,0.83557,0.49974,0.43374,65.881,59.102
"2024-10-20 15:00:00",7675,12.99283,506,1,0.533,6.05,8.9,0.5351,0.78751,0.47378,0.3989,67.135,58.689
"2024-10-20 15:30:00",7676,12.99787,506,1,0.493,5.69,8.12,0.50372,0.71877,0.44532,0.356,67.773,60.841
"2024-10-20 16:00:00",7677,12.99787,506,1,0.441,5.15,7.18,0.45562,0.6357,0.4086,0.30405,70.45,60.592
"2024-10-20 16:30:00",7678,12.99703,506,1,0.365,4.28,5.93,0.3784,0.52494,0.33015,0.22862,68.185,60.835
"2024-10-20 17:00:00",7679,12.99283,506,1,0.273,3.27,4.33,0.28927,0.38312,0.24762,0.12758,70.837,61.393
"2024-10-20 17:30:00",7680,12.99703,506,1,0.185,2.2,2.96,0.1949,0.26182,0.1666,0.04204,70.789,59.572
"2024-10-20 18:00:00",7681,12.99032,506,1,0.121,1.43,1.95,0.12652,0.17294,0.09966,-0.02277,69.879,58.082
"2024-10-20 18:30:00",7682,12.98444,506,1,0.064,0.72,1.09,0.06344,0.09654,0.04059,-0.08327,68.956,56.06
"2024-10-20 19:00:00",7683,12.98276,506,1,0.017,0.16,0.33,0.01374,0.02898,-0.00541,-0.12971,68.243,56.18
"2024-10-20 19:30:00",7684,12.98192,506,1,-0.006,-0.15,-0.03,-0.01385,-0.00327,-0.03273,-0.15057,68.163,54.529
"2024-10-20 20:00:00",7685,12.97101,506,1,-0.025,-0.39,-0.32,-0.03583,-0.02921,-0.05685,-0.17433,67.568,55.336
"2024-10-20 20:30:00",7686,12.96346,506,1,-0.044,-0.64,-0.57,-0.05735,-0.05151,-0.07273,-0.18553,68.979,53.822
"2024-10-20 21:00:00",7687,12.95506,506,1,-0.059,-0.83,-0.79,-0.07429,-0.07077,-0.08943,-0.19719,68.435,53.856
"2024-10-20 21:30:00",7688,12.95842,506,1,-0.065,-0.89,-0.9,-0.07937,-0.08085,-0.09429,-0.20685,67.251,53.19
"2024-10-20 22:00:00",7689,12.94834,506,1,-0.071,-0.98,-0.97,-0.08749,-0.08701,-0.09993,-0.20949,67.041,53.295
"2024-10-20 22:30:00",7690,12.94163,506,1,-0.079,-1.08,-1.12,-0.09637,-0.10027,-0.10851,-0.21859,67.628,53.145
"2024-10-20 23:00:00",7691,12.94918,506,1,-0.079,-1.07,-1.12,-0.09585,-0.10027,-0.11081,-0.21859,68.508,53.77
"2024-10-20 23:30:00",7692,12.93575,506,1,-0.076,-1.04,-1.08,-0.09297,-0.09685,-0.10793,-0.21859,68.211,53.052
"2024-10-21 00:00:00",7693,12.94163,506,1,-0.084,-1.16,-1.16,-0.10393,-0.10333,-0.11333,-0.22187,65.92,52.68
"2024-10-21 00:30:00",7694,12.93239,506,1,-0.083,-1.14,-1.16,-0.10135,-0.10365,-0.11081,-0.22515,67.663,54.012
"2024-10-21 01:00:00",7695,12.93743,506,1,-0.082,-1.1,-1.16,-0.09817,-0.10365,-0.11051,-0.22187,66.41,53.336
"2024-10-21 01:30:00",7696,12.93743,506,1,-0.08,-1.09,-1.12,-0.09765,-0.09995,-0.11241,-0.21859,67.159,53.4
"2024-10-21 02:00:00",7697,12.92316,506,1,-0.082,-1.13,-1.12,-0.10049,-0.09961,-0.10991,-0.21793,68.037,54.125
"2024-10-21 02:30:00",7698,12.92988,506,1,-0.08,-1.1,-1.12,-0.09793,-0.09961,-0.10739,-0.22121,67.048,54.13
"2024-10-21 03:00:00",7699,12.92568,506,1,-0.082,-1.1,-1.19,-0.09817,-0.10601,-0.11303,-0.22121,67.562,54.066
"2024-10-21 03:30:00",7700,12.92484,506,1,-0.082,-1.09,-1.19,-0.09765,-0.10601,-0.10991,-0.22121,66.809,53.059
"2024-10-21 04:00:00",7701,12.92484,506,1,-0.087,-1.17,-1.23,-0.10451,-0.10983,-0.11651,-0.22779,66.029,53.794
"2024-10-21 04:30:00",7702,12.91561,506,1,-0.088,-1.18,-1.26,-0.10537,-0.11215,-0.11717,-0.22381,67.864,54.376
"2024-10-21 05:00:00",7703,12.90973,506,1,-0.091,-1.22,-1.29,-0.10881,-0.11549,-0.12099,-0.22707,67.105,53.869
"2024-10-21 05:30:00",7704,12.91812,506,1,-0.091,-1.19,-1.34,-0.10625,-0.11935,-0.11843,-0.23365,67.198,53.285
"2024-10-21 06:00:00",7705,12.91561,506,1,-0.097,-1.27,-1.44,-0.11367,-0.12839,-0.12313,-0.23625,67.655,53.733
"2024-10-21 06:30:00",7706,12.91393,506,1,-0.1,-1.31,-1.48,-0.11681,-0.13181,-0.12603,-0.24211,67.259,54.599
"2024-10-21 07:00:00",7707,12.91645,506,1,-0.102,-1.35,-1.48,-0.12035,-0.13181,-0.12959,-0.24211,67.034,52.274
"2024-10-21 07:30:00",7708,12.91309,506,1,-0.1,-1.3,-1.47,-0.11591,-0.13137,-0.12501,-0.23625,68.643,53.469
"2024-10-21 08:00:00",7709,12.91141,506,1,-0.09,-1.21,-1.29,-0.10793,-0.11515,-0.11997,-0.22967,67.226,53.306
"2024-10-21 08:30:00",7710,12.91141,506,1,-0.046,-0.71,-0.56,-0.06385,-0.05083,-99,-0.17599,-99,55.937
"2024-10-21 09:00:00",7711,12.91561,506,1,0.042,0.26,0.99,0.0234,0.08754,-99,-0.07077,-99,57.419
"2024-10-21 09:30:00",7712,12.91477,506,1,0.183,1.82,3.41,0.16086,0.30192,-99,0.08796,-99,61.015
"2024-10-21 10:00:00",7713,12.92316,506,1,0.324,3.47,5.7,0.30692,0.50441,-99,0.23878,-99,61.815
"2024-10-21 10:30:00",7714,12.92316,506,1,0.404,4.3,7.13,0.38048,0.6308,0.34084,0.34392,69.757,61.15
"2024-10-21 11:00:00",7715,12.924,506,1,0.503,5.48,8.71,0.48526,0.77095,0.44047,0.41516,68.993,60.126
"2024-10-21 11:30:00",7716,12.94331,506,1,0.546,5.9,9.53,0.52224,0.84307,0.48078,0.47454,67.694,58.992
"2024-10-21 12:00:00",7717,12.9517,506,1,0.558,6.06,9.69,0.53679,0.85773,0.49854,0.48754,65.426,58.653
"2024-10-21 12:30:00",7718,12.96346,506,1,0.456,4.68,8.29,0.41413,0.73409,0.40448,0.48172,65.578,61.152
"2024-10-21 13:00:00",7719,12.9601,506,1,0.616,7.41,9.74,0.65572,0.86177,0.57826,0.46789,69.307,58.37
"2024-10-21 13:30:00",7720,12.96513,506,1,0.574,6.51,9.6,0.57661,0.84948,0.49329,0.45318,62.636,58.204
"2024-10-21 14:00:00",7721,12.97772,506,1,0.571,6.51,9.49,0.57654,0.83997,0.51148,0.44136,66.398,57.96
"2024-10-21 14:30:00",7722,12.96177,506,1,0.539,6.11,9,0.54083,0.79647,0.47924,0.41966,66.416,59.225
"2024-10-21 15:00:00",7723,12.96681,506,1,0.513,5.9,8.46,0.52221,0.74921,0.46497,0.37915,67.352,58.755
"2024-10-21 15:30:00",7724,12.97856,506,1,0.472,5.45,7.75,0.48257,0.68618,0.42816,0.34054,68.182,59.324
"2024-10-21 16:00:00",7725,12.9836,506,1,0.42,4.91,6.83,0.43469,0.60419,0.39281,0.2861,70.485,60.792
"2024-10-21 16:30:00",7726,12.9836,506,1,0.351,4.13,5.66,0.36517,0.50091,0.31528,0.21272,68.939,60.347
"2024-10-21 17:00:00",7727,12.9794,506,1,0.251,2.96,4.04,0.26162,0.35743,0.2291,0.11612,70.382,59.438
"2024-10-21 17:30:00",7728,12.97605,506,1,0.173,2.05,2.77,0.18134,0.24524,0.1479,0.03378,69.875,58.36
"2024-10-21 18:00:00",7729,12.97269,506,1,0.102,1.15,1.7,0.10186,0.15071,0.07829,-0.03995,70.034,57.408
"2024-10-21 18:30:00",7730,12.96849,506,1,0.053,0.62,0.87,0.05523,0.07718,0.03262,-0.08925,69.007,58.053
"2024-10-21 19:00:00",7731,12.96346,506,1,0.018,0.16,0.36,0.01374,0.03214,-0.00543,-0.12389,69.51,55.888
"2024-10-21 19:30:00",7732,12.96261,506,1,-0.001,-0.11,0.07,-0.01105,0.00641,-0.02707,-0.14163,68.24,55.35
"2024-10-21 20:00:00",7733,12.95842,506,1,-0.018,-0.33,-0.17,-0.03021,-0.01615,-0.04869,-0.15955,67.999,54.533
"2024-10-21 20:30:00",7734,12.9559,506,1,-0.036,-0.55,-0.46,-0.04935,-0.04191,-0.06209,-0.18023,68.229,54.913
"2024-10-21 21:00:00",7735,12.95002,506,1,-0.047,-0.7,-0.61,-0.06313,-0.05499,-0.07575,-0.18927,68.483,54.178
"2024-10-21 21:30:00",7736,12.93827,506,1,-0.055,-0.8,-0.72,-0.07131,-0.06435,-0.08115,-0.19195,68.006,53.966
"2024-10-21 22:00:00",7737,12.94331,506,1,-0.059,-0.83,-0.8,-0.07429,-0.07125,-0.08683,-0.19833,68.766,54.456
"2024-10-21 22:30:00",7738,12.94247,506,1,-0.064,-0.92,-0.83,-0.08201,-0.07435,-0.09429,-0.20159,68.473,53.322
"2024-10-21 23:00:00",7739,12.93659,506,1,-0.067,-0.92,-0.94,-0.08221,-0.08367,-0.09455,-0.20685,66.644,54.42
"2024-10-21 23:30:00",7740,12.93407,506,1,-0.07,-0.98,-0.94,-0.08799,-0.08395,-0.10049,-0.20685,66.59,54.367
"2024-10-22 00:00:00",7741,12.92988,506,1,-0.07,-0.98,-0.94,-0.08773,-0.08395,-0.09993,-0.21009,67.645,54.74
"2024-10-22 00:30:00",7742,12.93072,506,1,-0.07,-0.97,-0.97,-0.08701,-0.08673,-0.09941,-0.20685,67.09,54.296
"2024-10-22 01:00:00",7743,12.91896,506,1,-0.071,-1.01,-0.94,-0.08987,-0.08367,-0.10221,-0.20685,68.525,54.209
"2024-10-22 01:30:00",7744,12.924,506,1,-0.072,-1.01,-0.97,-0.09011,-0.08701,-0.10509,-0.20745,68.044,54.83
"2024-10-22 02:00:00",7745,12.92148,506,1,-0.071,-1.01,-0.94,-0.09011,-0.08395,-0.10253,-0.20745,67.06,53.58
"2024-10-22 02:30:00",7746,12.92568,506,1,-0.074,-1,-1.04,-0.08965,-0.09317,-0.10481,-0.21597,68.427,53.694
"2024-10-22 03:00:00",7747,12.91645,506,1,-0.076,-1.07,-1.04,-0.09557,-0.09317,-0.10509,-0.20949,68.271,53.956
"2024-10-22 03:30:00",7748,12.91141,506,1,-0.074,-1.01,-1.05,-0.09033,-0.09347,-0.10537,-0.21597,67.712,53.814
"2024-10-22 04:00:00",7749,12.91225,506,1,-0.077,-1.07,-1.05,-0.09529,-0.09347,-0.10763,-0.21333,69.502,54.345
"2024-10-22 04:30:00",7750,12.90469,506,1,-0.078,-1.07,-1.08,-0.09529,-0.09659,-0.10763,-0.21273,67.249,54.341
"2024-10-22 05:00:00",7751,12.91141,506,1,-0.08,-1.06,-1.15,-0.09507,-0.10297,-0.10739,-0.21859,67.55,54.071
"2024-10-22 05:30:00",7752,12.91393,506,1,-0.077,-1.06,-1.08,-0.09507,-0.09659,-0.10739,-0.21597,67.684,54.875
"2024-10-22 06:00:00",7753,12.90637,506,1,-0.079,-1.11,-1.08,-0.09873,-0.09685,-0.11367,-0.21663,67.574,53.669
"2024-10-22 06:30:00",7754,12.90805,506,1,-0.082,-1.13,-1.15,-0.10107,-0.10297,-0.11051,-0.21859,69.277,53.694
"2024-10-22 07:00:00",7755,12.89882,506,1,-0.085,-1.13,-1.23,-0.10073,-0.10945,-0.11051,-0.22515,67.211,54.406
"2024-10-22 07:30:00",7756,12.90301,506,1,-0.077,-1.07,-1.05,-0.09529,-0.09347,-0.10763,-0.21333,67.009,54.775
"2024-10-22 08:00:00",7757,12.90637,506,1,-0.012,-0.33,0.04,-0.02987,0.0032,-99,-0.14251,-99,56.233
"2024-10-22 08:30:00",7758,12.8963,506,1,0.081,0.72,1.62,0.06402,0.14328,-99,-0.03433,-99,57.564
"2024-10-22 09:00:00",7759,12.90637,506,1,0.141,1.48,2.53,0.13142,0.22384,-99,0.031,-99,61.121
"2024-10-22 09:30:00",7760,12.90721,506,1,0.199,2.05,3.59,0.18182,0.31746,-99,0.10242,-99,62.081
"2024-10-22 10:00:00",7761,12.90134,506,1,0.32,3.44,5.61,0.30425,0.49692,-99,0.22862,-99,62.003
"2024-10-22 10:30:00",7762,12.91309,506,1,0.392,4.21,6.86,0.37284,0.60688,0.33952,0.31619,69.364,61.904
"2024-10-22 11:00:00",7763,12.91812,506,1,0.49,5.41,8.4,0.47845,0.74323,0.4351,0.40219,69.561,59.859
"2024-10-22 11:30:00",7764,12.92988,506,1,0.532,5.82,9.17,0.5155,0.81146,0.47757,0.45257,68.061,59.203
"2024-10-22 12:00:00",7765,12.93995,506,1,0.525,5.7,9.12,0.50418,0.80723,0.46996,0.46056,66.443,59.256
"2024-10-22 12:30:00",7766,12.93072,506,1,0.409,3.96,7.74,0.35046,0.68505,0.33302,0.4277,63.795,61.868
"2024-10-22 13:00:00",7767,12.94499,506,1,0.55,6.3,9.1,0.55791,0.80579,0.47454,0.41428,64.149,58.37
"2024-10-22 13:30:00",7768,12.9517,506,1,0.522,5.97,8.65,0.52866,0.76568,0.46041,0.40104,65.589,59.918
"2024-10-22 14:00:00",7769,12.95002,506,1,0.532,6.08,8.82,0.53782,0.78037,0.47796,0.40985,67.712,59.281
"2024-10-22 14:30:00",7770,12.95086,506,1,0.498,5.76,8.18,0.5101,0.72391,0.44228,0.36318,65.71,58.784
"2024-10-22 15:00:00",7771,12.9517,506,1,0.472,5.48,7.72,0.48498,0.68368,0.4263,0.3286,67.641,59.88
"2024-10-22 15:30:00",7772,12.95674,506,1,0.43,5,7.01,0.44282,0.62072,0.389,0.29242,68.799,60.357
"2024-10-22 16:00:00",7773,12.93659,506,1,0.398,4.63,6.49,0.40998,0.57398,0.36048,0.25655,70.477,60.787
"2024-10-22 16:30:00",7774,12.94918,506,1,0.319,3.73,5.18,0.33034,0.45866,0.2861,0.18077,69.839,60.984
"2024-10-22 17:00:00",7775,12.94415,506,1,0.225,2.66,3.63,0.2354,0.32116,-99,0.08454,-99,58.965
"2024-10-22 17:30:00",7776,12.94163,506,1,0.143,1.67,2.33,0.14823,0.20586,0.12124,0.00284,69.929,57.473
"2024-10-22 18:00:00",7777,12.93659,506,1,0.079,0.9,1.3,0.07978,0.11548,0.0568,-0.06607,69.293,57.515
"2024-10-22 18:30:00",7778,12.93491,506,1,0.024,0.25,0.44,0.02202,0.03868,0,-0.11575,69.292,56.253
"2024-10-22 19:00:00",7779,12.93323,506,1,-0.004,-0.12,0,-0.01107,0,-0.02987,-0.14521,68.345,55.31
"2024-10-22 19:30:00",7780,12.9198,506,1,-0.027,-0.43,-0.32,-0.03893,-0.02935,-0.05487,-0.17001,67.43,54.391
"2024-10-22 20:00:00",7781,12.92988,506,1,-0.04,-0.61,-0.5,-0.05513,-0.04535,-0.07069,-0.18125,68.05,55.166
"2024-10-22 20:30:00",7782,12.92232,506,1,-0.048,-0.71,-0.61,-0.06331,-0.05519,-0.07879,-0.18713,68.388,54.665
"2024-10-22 21:00:00",7783,12.9198,506,1,-0.053,-0.77,-0.69,-0.06901,-0.06163,-0.08441,-0.19039,67.876,54.152
"2024-10-22 21:30:00",7784,12.91645,506,1,-0.056,-0.8,-0.76,-0.07167,-0.06815,-0.08701,-0.19303,67.029,53.558
"2024-10-22 22:00:00",7785,12.90385,506,1,-0.063,-0.9,-0.84,-0.08031,-0.07485,-0.09275,-0.20279,67.182,55.225
"2024-10-22 22:30:00",7786,12.91141,506,1,-0.07,-0.96,-0.99,-0.08607,-0.08813,-0.10107,-0.21197,67.12,53.077
"2024-10-22 23:00:00",7787,12.90637,506,1,-0.073,-0.99,-1.03,-0.08871,-0.09163,-0.10107,-0.21785,66.593,54.214
"2024-10-22 23:30:00",7788,12.90301,506,1,-0.074,-1.02,-1.02,-0.09137,-0.09125,-0.10649,-0.21461,67.278,52.702
"2024-10-23 00:00:00",7789,12.89714,506,1,-0.074,-0.99,-1.06,-0.08821,-0.09439,-0.10339,-0.21461,68.071,55.008
"2024-10-23 00:30:00",7790,12.90134,506,1,-0.074,-1.02,-1.02,-0.09087,-0.09103,-0.10311,-0.20871,67.924,55.13
"2024-10-23 01:00:00",7791,12.8963,506,1,-0.074,-1.02,-1.02,-0.09087,-0.09125,-0.10595,-0.21257,67.276,53.639
"2024-10-23 01:30:00",7792,12.89126,506,1,-0.074,-1.01,-1.05,-0.09061,-0.09409,-0.10311,-0.21135,69.383,53.811
"2024-10-23 02:00:00",7793,12.88455,506,1,-0.076,-1.05,-1.05,-0.09375,-0.09409,-0.10625,-0.21461,66.832,54.342
"2024-10-23 02:30:00",7794,12.89042,506,1,-0.077,-1.04,-1.09,-0.09275,-0.09717,-0.10509,-0.21197,68.592,53.022
"2024-10-23 03:00:00",7795,12.88706,506,1,-0.075,-1.06,-1.01,-0.09507,-0.09039,-0.10451,-0.21135,68.605,53.18
"2024-10-23 03:30:00",7796,12.88035,506,1,-0.078,-1.04,-1.12,-0.09297,-0.09995,-0.10793,-0.21663,68.347,54.286
"2024-10-23 04:00:00",7797,12.88623,506,1,-0.076,-1.07,-1.01,-0.09557,-0.09039,-0.10509,-0.20805,68.153,53.411
"2024-10-23 04:30:00",7798,12.88623,506,1,-0.079,-1.07,-1.12,-0.09557,-0.09995,-0.10509,-0.21399,67.515,54.709
"2024-10-23 05:00:00",7799,12.87951,506,1,-0.079,-1.1,-1.08,-0.09847,-0.09685,-0.10793,-0.21723,67.252,54.759
"2024-10-23 05:30:00",7800,12.88623,506,1,-0.082,-1.1,-1.16,-0.09817,-0.10333,-0.10509,-0.21991,68.138,54.911
"2024-10-23 06:00:00",7801,12.88287,506,1,-0.086,-1.16,-1.23,-0.10363,-0.10983,-0.11591,-0.22319,68.064,53.582
"2024-10-23 06:30:00",7802,12.88455,506,1,-0.088,-1.19,-1.26,-0.10649,-0.11281,-0.11873,-0.22577,68.655,54.073
"2024-10-23 07:00:00",7803,12.87699,506,1,-0.096,-1.29,-1.38,-0.11489,-0.12273,-0.12451,-0.23241,67.836,54.353
"2024-10-23 07:30:00",7804,12.87615,506,1,-0.096,-1.25,-1.41,-0.11139,-0.12577,-0.12099,-0.23433,67.987,53.665
"2024-10-23 08:00:00",7805,12.88119,506,1,-0.084,-1.16,-1.15,-0.10393,-0.10297,-0.11081,-0.21663,68.535,54.887
"2024-10-23 08:30:00",7806,12.88203,506,1,-0.046,-0.69,-0.57,-0.06163,-0.05119,-99,-0.18023,-99,55.782
"2024-10-23 09:00:00",7807,12.87447,506,1,0.009,-0.08,0.39,-0.00801,0.03486,-99,-0.11237,-99,57.874
"2024-10-23 09:30:00",7808,12.88119,506,1,0.102,0.94,2.01,0.08339,0.17832,-99,0,-99,61.651
"2024-10-23 10:00:00",7809,12.8879,506,1,0.228,2.41,4.05,0.21324,0.35818,-99,0.13538,-99,61.416
"2024-10-23 10:30:00",7810,12.88539,506,1,0.34,3.64,5.97,0.32208,0.52874,-99,0.26023,-99,61.79
"2024-10-23 11:00:00",7811,12.89378,506,1,0.455,4.97,7.86,0.44016,0.69545,0.39908,0.36474,69.365,61.338
"2024-10-23 11:30:00",7812,12.89798,506,1,0.494,5.35,8.6,0.47324,0.76149,0.43956,0.41629,69.095,60.234
"2024-10-23 12:00:00",7813,12.89882,506,1,0.499,5.44,8.63,0.48172,0.76391,0.44628,0.43627,67.748,59.576
"2024-10-23 12:30:00",7814,12.91393,506,1,0.449,4.63,8.12,0.41002,0.71858,0.36998,0.43252,63.134,59.857
"2024-10-23 13:00:00",7815,12.90134,506,1,0.536,6.19,8.82,0.54771,0.78051,0.49571,0.42715,70.299,57.861
"2024-10-23 13:30:00",7816,12.91645,506,1,0.538,6.17,8.89,0.54612,0.78707,0.48257,0.41426,65.945,59.595
"2024-10-23 14:00:00",7817,12.92316,506,1,0.537,6.14,8.9,0.54327,0.78799,0.48106,0.41096,66.939,59.337
"2024-10-23 14:30:00",7818,12.92316,506,1,0.507,5.82,8.39,0.51518,0.74285,0.45506,0.37878,67.296,60.11
"2024-10-23 15:00:00",7819,12.92484,506,1,0.483,5.49,8.05,0.48578,0.71208,0.43063,0.3573,66.438,59.406
"2024-10-23 15:30:00",7820,12.92232,506,1,0.449,5.22,7.35,0.46208,0.65078,0.41094,0.3146,67.031,60.005
"2024-10-23 16:00:00",7821,12.92232,506,1,0.403,4.75,6.51,0.42021,0.57646,0.37021,0.26455,68.007,60.558
"2024-10-23 16:30:00",7822,12.9198,506,1,0.326,3.78,5.33,0.33456,0.47207,0.29002,0.19452,68.932,61.745
"2024-10-23 17:00:00",7823,12.92232,506,1,0.251,2.98,4.01,0.26358,0.3551,0.22738,0.10982,69.422,59.474
"2024-10-23 17:30:00",7824,12.91057,506,1,0.177,2.1,2.83,0.18584,0.2501,0.15749,0.03146,69.896,58.539
"2024-10-23 18:00:00",7825,12.91561,506,1,0.109,1.29,1.76,0.11446,0.15618,0.08768,-0.03475,68.58,57.373
"2024-10-23 18:30:00",7826,12.91225,506,1,0.054,0.6,0.92,0.0533,0.08158,0.03032,-0.09031,70.019,56.827
"2024-10-23 19:00:00",7827,12.91057,506,1,0.018,0.16,0.37,0.01392,0.03264,-0.00821,-0.12299,67.877,55.931
"2024-10-23 19:30:00",7828,12.91057,506,1,-0.008,-0.18,-0.06,-0.01675,-0.00659,-0.03301,-0.15555,68.512,55.201
"2024-10-23 20:00:00",7829,12.9005,506,1,-0.024,-0.4,-0.25,-0.03589,-0.02287,-0.04905,-0.16145,68.881,54.422
"2024-10-23 20:30:00",7830,12.8963,506,1,-0.036,-0.55,-0.43,-0.04975,-0.03909,-0.06547,-0.17323,68.46,55.83
"2024-10-23 21:00:00",7831,12.8963,506,1,-0.047,-0.68,-0.62,-0.06081,-0.05549,-0.07089,-0.18285,67.633,55.42
"2024-10-23 21:30:00",7832,12.89294,506,1,-0.055,-0.77,-0.76,-0.06921,-0.06857,-0.08467,-0.19741,67.304,53.83
"2024-10-23 22:00:00",7833,12.89042,506,1,-0.06,-0.86,-0.8,-0.07741,-0.07197,-0.09011,-0.20067,68.523,54.21
"2024-10-23 22:30:00",7834,12.88623,506,1,-0.07,-0.99,-0.95,-0.08821,-0.08477,-0.10049,-0.20661,66.773,54.557
"2024-10-23 23:00:00",7835,12.88623,506,1,-0.074,-1.02,-1.02,-0.09087,-0.09103,-0.10049,-0.21197,68.486,53.491
"2024-10-23 23:30:00",7836,12.87615,506,1,-0.081,-1.11,-1.13,-0.09901,-0.10059,-0.10851,-0.21785,67.974,53.657
"2024-10-24 00:00:00",7837,12.87699,506,1,-0.085,-1.13,-1.23,-0.10073,-0.10983,-0.11303,-0.22319,68.756,53.762
"2024-10-24 00:30:00",7838,12.87112,506,1,-0.087,-1.19,-1.23,-0.10649,-0.11019,-0.11621,-0.22381,67.24,53.757
"2024-10-24 01:00:00",7839,12.87783,506,1,-0.087,-1.19,-1.23,-0.10649,-0.10983,-0.11873,-0.22319,66.839,54.617
"2024-10-24 01:30:00",7840,12.87783,506,1,-0.092,-1.26,-1.27,-0.11263,-0.11323,-0.12487,-0.22647,67.163,54.784
"2024-10-24 02:00:00",7841,12.87699,506,1,-0.09,-1.22,-1.27,-0.10909,-0.11323,-0.11873,-0.22977,66.996,54.199
"2024-10-24 02:30:00",7842,12.87615,506,1,-0.094,-1.26,-1.34,-0.11229,-0.11969,-0.12451,-0.22977,67.613,53.304
"2024-10-24 03:00:00",7843,12.86692,506,1,-0.096,-1.26,-1.42,-0.11229,-0.12617,-0.12451,-0.23569,68.153,54.11
"2024-10-24 03:30:00",7844,12.86188,506,1,-0.096,-1.29,-1.38,-0.11549,-0.12313,-0.12231,-0.23309,66.094,53.616
"2024-10-24 04:00:00",7845,12.86692,506,1,-0.098,-1.29,-1.42,-0.11523,-0.12661,-0.12487,-0.23309,67.062,53.01
"2024-10-24 04:30:00",7846,12.86776,506,1,-0.095,-1.25,-1.38,-0.11139,-0.12273,-0.12099,-0.22909,67.565,54.666
"2024-10-24 05:00:00",7847,12.8686,506,1,-0.091,-1.24,-1.26,-0.11081,-0.11247,-0.12029,-0.22577,69.396,52.998
"2024-10-24 05:30:00",7848,12.8644,506,1,-0.087,-1.18,-1.23,-0.10567,-0.10945,-0.11531,-0.21991,67.928,54.61
"2024-10-24 06:00:00",7849,12.86944,506,1,-0.085,-1.18,-1.18,-0.10537,-0.10569,-0.11497,-0.21921,69.833,54.85
"2024-10-24 06:30:00",7850,12.86524,506,1,-0.082,-1.13,-1.12,-0.10049,-0.09961,-0.10739,-0.21663,67.944,55.311
"2024-10-24 07:00:00",7851,12.86776,506,1,-0.08,-1.1,-1.12,-0.09847,-0.09961,-0.11081,-0.21333,67.048,54.158
"2024-10-24 07:30:00",7852,12.87028,506,1,-0.076,-1.04,-1.05,-0.09297,-0.09377,-0.10253,-0.20871,67.864,55.644
"2024-10-24 08:00:00",7853,12.86944,506,1,-0.023,-0.48,-0.14,-0.04365,-0.01293,-0.05121,-0.15237,69.526,54.541
"2024-10-24 08:30:00",7854,12.86524,506,1,0.054,0.43,1.13,0.03795,0.09988,-99,-0.06683,-99,57.701
"2024-10-24 09:00:00",7855,12.86944,506,1,0.127,1.28,2.35,0.11296,0.20805,-99,0.0114,-99,59.569
"2024-10-24 09:30:00",7856,12.86944,506,1,0.196,2.05,3.52,0.18134,0.3119,-99,0.08228,-99,60.404
"2024-10-24 10:00:00",7857,12.86944,506,1,0.261,2.85,4.51,0.25198,0.3989,-99,0.15412,-99,61.287
"2024-10-24 10:30:00",7858,12.86944,506,1,0.35,4.11,5.65,0.36395,0.50002,-99,0.22996,-99,61.259
"2024-10-24 11:00:00",7859,12.8728,506,1,0.391,4.36,6.62,0.38632,0.5863,0.33873,0.27888,70.448,61.429
"2024-10-24 11:30:00",7860,12.87447,506,1,0.435,4.85,7.38,0.42956,0.65352,0.38833,0.32902,69.617,60.333
"2024-10-24 12:00:00",7861,12.8728,506,1,0.452,5.03,7.68,0.44558,0.67942,0.40964,0.35792,69.971,60.437
"2024-10-24 12:30:00",7862,12.8728,506,1,0.395,3.95,7.31,0.34991,0.6468,0.30904,0.3803,64.693,62.246
"2024-10-24 13:00:00",7863,12.87951,506,1,0.538,6.16,8.93,0.54489,0.79075,0.4673,0.40316,65.956,58.606
"2024-10-24 13:30:00",7864,12.8728,506,1,0.552,6.18,9.35,0.54712,0.82766,0.47822,0.42906,66.279,58.41
"2024-10-24 14:00:00",7865,12.88035,506,1,0.541,6.15,9.04,0.54456,0.80054,0.48338,0.40886,66.758,59.564
"2024-10-24 14:30:00",7866,12.87783,506,1,0.508,5.85,8.38,0.51746,0.74169,0.44913,0.36695,66.65,58.624
"2024-10-24 15:00:00",7867,12.87783,506,1,0.493,5.68,8.13,0.50274,0.71983,0.44451,0.34634,67.468,59.285
"2024-10-24 15:30:00",7868,12.87867,506,1,0.453,5.26,7.42,0.4655,0.65694,0.41213,0.30711,67.441,59.153
"2024-10-24 16:00:00",7869,12.87447,506,1,0.419,4.89,6.83,0.43302,0.60484,0.3798,0.27712,68.036,60.84
"2024-10-24 16:30:00",7870,12.87363,506,1,0.346,4.05,5.63,0.35802,0.49792,0.3146,0.20292,68.665,61.885
"2024-10-24 17:00:00",7871,12.8728,506,1,0.267,3.16,4.28,0.27958,0.3784,0.24268,0.12012,70.305,60.182
"2024-10-24 17:30:00",7872,12.8728,506,1,0.186,2.21,2.98,0.19563,0.2638,0.16132,0.04047,70.778,59.823
"2024-10-24 18:00:00",7873,12.86776,506,1,0.115,1.36,1.86,0.12009,0.16428,0.09322,-0.03215,69.33,57.957
"2024-10-24 18:30:00",7874,12.86104,506,1,0.058,0.63,1,0.05587,0.08868,0.03294,-0.08807,69.373,55.334
"2024-10-24 19:00:00",7875,12.86524,506,1,0.02,0.19,0.37,0.01672,0.03286,-0.00279,-0.12369,68.338,55.293
"2024-10-24 19:30:00",7876,12.86104,506,1,-0.008,-0.15,-0.1,-0.01407,-0.00995,-0.03311,-0.15419,67.484,54.85
"2024-10-24 20:00:00",7877,12.86104,506,1,-0.026,-0.4,-0.32,-0.03631,-0.02957,-0.05497,-0.16879,68.082,54.201
"2024-10-24 20:30:00",7878,12.84929,506,1,-0.038,-0.52,-0.55,-0.04719,-0.04931,-0.06017,-0.18069,68.592,55.118
"2024-10-24 21:00:00",7879,12.85349,506,1,-0.048,-0.65,-0.7,-0.05847,-0.06267,-0.07409,-0.19267,68.707,54.554
"2024-10-24 21:30:00",7880,12.85097,506,1,-0.053,-0.71,-0.77,-0.06403,-0.06901,-0.07963,-0.19591,67.055,53.993
"2024-10-24 22:00:00",7881,12.84341,506,1,-0.061,-0.84,-0.84,-0.07537,-0.07563,-0.09087,-0.20191,68.018,53.294
"2024-10-24 22:30:00",7882,12.84341,506,1,-0.065,-0.9,-0.89,-0.08069,-0.07925,-0.09585,-0.20515,67.254,54.2
"2024-10-24 23:00:00",7883,12.84425,506,1,-0.066,-0.87,-0.96,-0.07829,-0.08613,-0.09375,-0.21181,67.36,53.875
"2024-10-24 23:30:00",7884,12.84006,506,1,-0.066,-0.9,-0.92,-0.08069,-0.08269,-0.09609,-0.20577,66.336,53.691
"2024-10-25 00:00:00",7885,12.83418,506,1,-0.071,-0.97,-1,-0.08683,-0.08931,-0.10217,-0.20849,68.706,53.552
"2024-10-25 00:30:00",7886,12.82663,506,1,-0.07,-0.94,-1,-0.08387,-0.08931,-0.09929,-0.21181,68.153,52.736
"2024-10-25 01:00:00",7887,12.8283,506,1,-0.071,-0.99,-0.96,-0.08893,-0.08563,-0.10421,-0.21119,68.117,54.482
"2024-10-25 01:30:00",7888,12.82159,506,1,-0.074,-0.99,-1.07,-0.08893,-0.09565,-0.10135,-0.21715,66.611,53.131
"2024-10-25 02:00:00",7889,12.82411,506,1,-0.072,-0.96,-1.03,-0.08581,-0.09249,-0.10107,-0.21783,66.897,53.567
"2024-10-25 02:30:00",7890,12.81236,506,1,-0.074,-1,-1.07,-0.08971,-0.09595,-0.10509,-0.21783,66.411,54.599
"2024-10-25 03:00:00",7891,12.81739,506,1,-0.074,-0.99,-1.07,-0.08871,-0.09565,-0.10135,-0.21181,66.958,54.464
"2024-10-25 03:30:00",7892,12.81571,506,1,-0.076,-1.03,-1.07,-0.09187,-0.09595,-0.10421,-0.21783,67.192,54.117
"2024-10-25 04:00:00",7893,12.81236,506,1,-0.077,-1.03,-1.11,-0.09215,-0.09943,-0.10741,-0.21845,66.962,52.639
"2024-10-25 04:30:00",7894,12.81487,506,1,-0.073,-0.99,-1.04,-0.08871,-0.09279,-0.09847,-0.21241,68.101,52.94
"2024-10-25 05:00:00",7895,12.80312,506,1,-0.073,-0.96,-1.07,-0.08563,-0.09529,-0.09817,-0.21715,67.866,55.212
"2024-10-25 05:30:00",7896,12.80732,506,1,-0.072,-0.96,-1.03,-0.08581,-0.09219,-0.09847,-0.21451,67.004,53.098
"2024-10-25 06:00:00",7897,12.80144,506,1,-0.073,-0.96,-1.07,-0.08629,-0.09595,-0.09873,-0.21579,68.387,53.899
"2024-10-25 06:30:00",7898,12.80228,506,1,-0.074,-0.96,-1.11,-0.08581,-0.09943,-0.09847,-0.21513,67.248,53.596
"2024-10-25 07:00:00",7899,12.79389,506,1,-0.075,-0.99,-1.11,-0.08871,-0.09911,-0.10393,-0.21783,68.054,54.722
"2024-10-25 07:30:00",7900,12.79809,506,1,-0.078,-0.99,-1.18,-0.08871,-0.10575,-0.10135,-0.22113,67.164,53.511
"2024-10-25 08:00:00",7901,12.79725,506,1,-0.057,-0.77,-0.81,-0.06901,-0.07241,-0.08183,-0.19651,69.85,54.253
"2024-10-25 08:30:00",7902,12.79389,506,1,0,-0.14,0.18,-0.01361,0.0163,-99,-0.13275,-99,56.983
"2024-10-25 09:00:00",7903,12.79557,506,1,0.057,0.51,1.12,0.04526,0.09956,-99,-0.06381,-99,57.597
"2024-10-25 09:30:00",7904,12.78885,506,1,0.097,0.89,1.9,0.07854,0.16838,-99,-0.00861,-99,60.035
"2024-10-25 10:00:00",7905,12.79976,506,1,0.171,1.83,3.02,0.16192,0.26741,-99,0.05974,-99,60.656
"2024-10-25 10:30:00",7906,12.80228,506,1,0.266,3.37,3.98,0.29857,0.3522,-99,0.13834,-99,64.48
"2024-10-25 11:00:00",7907,12.79725,506,1,0.293,3.27,4.96,0.2893,0.43862,0.2554,0.17719,70.65,62.187
"2024-10-25 11:30:00",7908,12.809,506,1,0.352,3.86,6.05,0.34138,0.53581,-99,0.25408,-99,62.36
"2024-10-25 12:00:00",7909,12.81991,506,1,0.374,3.99,6.58,0.35275,0.5823,-99,0.31528,-99,63.361
"2024-10-25 12:30:00",7910,12.82327,506,1,0.372,3.93,6.59,0.34785,0.5834,0.2953,0.3447,63.598,63.495
"2024-10-25 13:00:00",7911,12.82747,506,1,0.518,5.9,8.61,0.52226,0.76175,0.45388,0.37696,66.491,59.035
"2024-10-25 13:30:00",7912,12.82747,506,1,0.528,5.95,8.89,0.52626,0.78661,0.46698,0.411,65.626,59.26
"2024-10-25 14:00:00",7913,12.8325,506,1,0.54,6.11,9.06,0.54053,0.80181,0.48148,0.41782,67.484,59.188
"2024-10-25 14:30:00",7914,12.83586,506,1,0.529,5.99,8.87,0.52977,0.78519,0.46742,0.40544,66.647,59.033
"2024-10-25 15:00:00",7915,12.83586,506,1,0.51,5.85,8.44,0.51741,0.74669,0.45878,0.37026,67.836,59.233
"2024-10-25 15:30:00",7916,12.82914,506,1,0.475,5.5,7.8,0.48686,0.69074,0.42756,0.33506,69.321,60.454
"2024-10-25 16:00:00",7917,12.82579,506,1,0.426,4.97,6.95,0.43958,0.61482,0.38894,0.28686,68.948,58.828
"2024-10-25 16:30:00",7918,12.83754,506,1,0.35,4.13,5.65,0.36566,0.49973,0.32049,0.20996,70.864,60.175
"2024-10-25 17:00:00",7919,12.84006,506,1,0.272,3.23,4.35,0.28604,0.38532,0.24925,0.13084,70.816,59.863
"2024-10-25 17:30:00",7920,12.83754,506,1,0.189,2.26,2.99,0.20011,0.26492,-99,0.04312,-99,60.073
"2024-10-25 18:00:00",7921,12.83586,506,1,0.113,1.39,1.74,0.12306,0.15412,0.09322,-0.03791,69.175,57.226
"2024-10-25 18:30:00",7922,12.82411,506,1,0.052,0.63,0.82,0.056,0.07236,0.03306,-0.09731,69.577,57.779
"2024-10-25 19:00:00",7923,12.83166,506,1,0.008,0.09,0.15,0.00834,0.01318,-0.00823,-0.13865,68.316,55.684
"2024-10-25 19:30:00",7924,12.82579,506,1,-0.013,-0.18,-0.21,-0.01667,-0.01973,-0.03563,-0.16285,67.408,54.61
"2024-10-25 20:00:00",7925,12.82327,506,1,-0.034,-0.46,-0.51,-0.04185,-0.04627,-0.05779,-0.18177,68.675,54.365
"2024-10-25 20:30:00",7926,12.81991,506,1,-0.049,-0.65,-0.73,-0.05811,-0.06587,-0.06827,-0.19267,67.468,54.408
"2024-10-25 21:00:00",7927,12.81823,506,1,-0.058,-0.74,-0.88,-0.06619,-0.07873,-0.07899,-0.20191,68.022,53.858
"2024-10-25 21:30:00",7928,12.81655,506,1,-0.069,-0.9,-1.03,-0.08069,-0.09219,-0.09061,-0.21715,66.184,54.532
"2024-10-25 22:00:00",7929,12.81068,506,1,-0.071,-0.92,-1.06,-0.08201,-0.09469,-0.09455,-0.21649,69.371,54.22
"2024-10-25 22:30:00",7930,12.80984,506,1,-0.078,-1.02,-1.14,-0.09111,-0.10157,-0.10073,-0.21923,66.897,54.666
"2024-10-25 23:00:00",7931,12.80732,506,1,-0.08,-1.02,-1.22,-0.09111,-0.10849,-0.10363,-0.22587,68.896,53.591
"2024-10-25 23:30:00",7932,12.80564,506,1,-0.081,-1.05,-1.22,-0.09375,-0.10849,-0.10625,-0.22319,68.866,53.712
"2024-10-26 00:00:00",7933,12.80144,506,1,-0.085,-1.08,-1.29,-0.09637,-0.11469,-0.10881,-0.22849,66.194,53.706
"2024-10-26 00:30:00",7934,12.80396,506,1,-0.083,-1.11,-1.21,-0.09873,-0.10779,-0.10821,-0.22249,67.717,53.817
"2024-10-26 01:00:00",7935,12.8006,506,1,-0.087,-1.17,-1.24,-0.10479,-0.11085,-0.11427,-0.22587,67.838,53.934
"2024-10-26 01:30:00",7936,12.79892,506,1,-0.085,-1.07,-1.32,-0.09585,-0.11777,-0.10821,-0.23183,68.628,54.566
"2024-10-26 02:00:00",7937,12.79389,506,1,-0.088,-1.13,-1.32,-0.10107,-0.11739,-0.11333,-0.23115,68.46,53.563
"2024-10-26 02:30:00",7938,12.79389,506,1,-0.092,-1.2,-1.35,-0.10711,-0.12051,-0.11651,-0.23115,68.021,54.384
"2024-10-26 03:00:00",7939,12.79221,506,1,-0.091,-1.2,-1.32,-0.10711,-0.11739,-0.11939,-0.22849,67.669,52.932
"2024-10-26 03:30:00",7940,12.79137,506,1,-0.093,-1.23,-1.35,-0.10939,-0.12051,-0.11905,-0.23115,68.088,54.603
"2024-10-26 04:00:00",7941,12.79305,506,1,-0.093,-1.19,-1.42,-0.10649,-0.12661,-0.11621,-0.23377,68.426,53.278
"2024-10-26 04:30:00",7942,12.79389,506,1,-0.092,-1.19,-1.39,-0.10649,-0.12355,-0.11621,-0.23115,68.226,53.493
"2024-10-26 05:00:00",7943,12.79305,506,1,-0.092,-1.22,-1.34,-0.10881,-0.11969,-0.11843,-0.22715,68.067,54.171
"2024-10-26 05:30:00",7944,12.79389,506,1,-0.093,-1.22,-1.38,-0.10909,-0.12313,-0.11873,-0.23043,68.201,55.139
"2024-10-26 06:00:00",7945,12.79053,506,1,-0.095,-1.26,-1.38,-0.11229,-0.12313,-0.11905,-0.23043,67.806,53.489
"2024-10-26 06:30:00",7946,12.78633,506,1,-0.093,-1.23,-1.35,-0.10969,-0.12011,-0.11905,-0.23115,67.875,53.136
"2024-10-26 07:00:00",7947,12.79221,506,1,-0.092,-1.22,-1.35,-0.10881,-0.12011,-0.11843,-0.22777,68.366,53.636
"2024-10-26 07:30:00",7948,12.79221,506,1,-0.088,-1.14,-1.31,-0.10163,-0.11701,-0.11393,-0.22777,68.082,53.918
"2024-10-26 08:00:00",7949,12.79473,506,1,-0.05,-0.76,-0.61,-0.06847,-0.05519,-0.08115,-0.18285,68.235,55.171
"2024-10-26 08:30:00",7950,12.79137,506,1,0.001,-0.17,0.26,-0.01629,0.02268,-99,-0.12331,-99,55.361
"2024-10-26 09:00:00",7951,12.79137,506,1,0.102,0.94,1.99,0.08324,0.17591,-99,-0.00867,-99,58.564
"2024-10-26 09:30:00",7952,12.79725,506,1,0.19,1.83,3.61,0.16199,0.31945,-99,0.10624,-99,62.906
"2024-10-26 10:00:00",7953,12.79725,506,1,0.289,3.16,4.98,0.28008,0.4407,-99,0.18333,-99,62.154
"2024-10-26 10:30:00",7954,12.80396,506,1,0.407,5.2,6.01,0.46016,0.53202,-99,0.27922,-99,66.536
"2024-10-26 11:00:00",7955,12.79557,506,1,0.413,4.67,6.92,0.41332,0.61218,0.3704,0.30523,69.227,61.457
"2024-10-26 11:30:00",7956,12.80648,506,1,0.463,5.11,7.94,0.45196,0.70252,0.40869,0.3639,68.608,59.588
"2024-10-26 12:00:00",7957,12.80144,506,1,0.497,5.65,8.3,0.49968,0.73433,-99,0.39997,-99,59.944
"2024-10-26 12:30:00",7958,12.81571,506,1,0.436,4.99,7.22,0.44128,0.63906,0.37155,0.38354,62.58,61.226
"2024-10-26 13:00:00",7959,12.81655,506,1,0.541,6.25,8.9,0.55308,0.78752,0.48527,0.41108,67.111,59.503
"2024-10-26 13:30:00",7960,12.81907,506,1,0.543,6.18,9.06,0.54698,0.80231,0.47706,0.41216,65.772,60.822
"2024-10-26 14:00:00",7961,12.81907,506,1,0.554,6.29,9.26,0.55632,0.81973,0.49014,0.41452,66.655,59.045
"2024-10-26 14:30:00",7962,12.81991,506,1,0.537,6.07,9,0.53682,0.79691,0.46957,0.3986,66.834,57.977
"2024-10-26 15:00:00",7963,12.81991,506,1,0.509,5.87,8.39,0.51966,0.74237,0.45132,0.35964,67.013,58.57
"2024-10-26 15:30:00",7964,12.80648,506,1,0.467,5.41,7.64,0.47854,0.67619,0.41884,0.32082,67.503,60.308
"2024-10-26 16:00:00",7965,12.8132,506,1,0.412,4.83,6.69,0.4274,0.59232,0.37528,0.26556,68.509,59.8
"2024-10-26 16:30:00",7966,12.81823,506,1,0.348,4.11,5.59,0.36378,0.49438,0.3146,0.20152,69.077,59.535
"2024-10-26 17:00:00",7967,12.80564,506,1,0.262,3.1,4.2,0.2747,0.37142,0.23782,0.11232,69.719,60.017
"2024-10-26 17:30:00",7968,12.8132,506,1,0.181,2.16,2.88,0.19106,0.25509,0.1622,0.03498,70.221,58.845
"2024-10-26 18:00:00",7969,12.81068,506,1,0.102,1.24,1.61,0.10982,0.14238,0.08288,-0.04709,69.833,57.199
"2024-10-26 18:30:00",7970,12.80564,506,1,0.05,0.6,0.79,0.05345,0.06964,0.02756,-0.10069,67.798,56.422
"2024-10-26 19:00:00",7971,12.80396,506,1,0.01,0.13,0.15,0.0112,0.0132,-0.00833,-0.13949,68.388,54.497
"2024-10-26 19:30:00",7972,12.79137,506,1,-0.016,-0.25,-0.22,-0.02261,-0.02001,-0.04167,-0.16157,68.296,54.978
"2024-10-26 20:00:00",7973,12.79641,506,1,-0.034,-0.47,-0.48,-0.04225,-0.04327,-0.05811,-0.17961,66.494,53.852
"2024-10-26 20:30:00",7974,12.79305,506,1,-0.043,-0.56,-0.67,-0.05059,-0.05981,-0.06653,-0.19165,68.24,53.919
"2024-10-26 21:00:00",7975,12.78801,506,1,-0.056,-0.72,-0.86,-0.06495,-0.07687,-0.07787,-0.20429,69.09,52.679
"2024-10-26 21:30:00",7976,12.7771,506,1,-0.061,-0.82,-0.89,-0.07331,-0.08005,-0.09161,-0.21041,67.222,52.898
"2024-10-26 22:00:00",7977,12.78046,506,1,-0.065,-0.85,-0.97,-0.07583,-0.08671,-0.09137,-0.21103,68.59,53.845
"2024-10-26 22:30:00",7978,12.77542,506,1,-0.069,-0.91,-1.01,-0.08139,-0.08991,-0.09399,-0.21641,68.011,53.267
"2024-10-26 23:00:00",7979,12.77122,506,1,-0.073,-0.97,-1.05,-0.08701,-0.09339,-0.09957,-0.21369,66.634,52.727
"2024-10-26 23:30:00",7980,12.77038,506,1,-0.071,-0.94,-1.05,-0.08409,-0.09339,-0.09665,-0.21369,67.221,54.305
"2024-10-27 00:00:00",7981,12.76703,506,1,-0.074,-0.97,-1.08,-0.08653,-0.09631,-0.10187,-0.21307,65.663,54.003
"2024-10-27 00:30:00",7982,12.76367,506,1,-0.075,-0.97,-1.12,-0.08701,-0.09973,-0.09957,-0.21641,68.251,54.074
"2024-10-27 01:00:00",7983,12.76199,506,1,-0.073,-0.96,-1.08,-0.08629,-0.09631,-0.10163,-0.21915,68.593,53.588
"2024-10-27 01:30:00",7984,12.75863,506,1,-0.072,-0.93,-1.08,-0.08361,-0.09631,-0.09637,-0.21641,66.631,54.391
"2024-10-27 02:00:00",7985,12.75947,506,1,-0.072,-0.96,-1.04,-0.08607,-0.09279,-0.09585,-0.21307,67.815,53.487
"2024-10-27 02:30:00",7986,12.75611,506,1,-0.071,-0.93,-1.04,-0.08317,-0.09279,-0.09585,-0.21579,67.155,53.659
"2024-10-27 03:00:00",7987,12.75359,506,1,-0.074,-0.97,-1.08,-0.08683,-0.09631,-0.09665,-0.21641,67.567,53.915
"2024-10-27 03:30:00",7988,12.74856,506,1,-0.077,-1.03,-1.11,-0.09187,-0.09943,-0.10451,-0.21915,67.871,53.383
"2024-10-27 04:00:00",7989,12.73932,506,1,-0.071,-0.92,-1.07,-0.08221,-0.09565,-0.09479,-0.20909,68.338,52.595
"2024-10-27 04:30:00",7990,12.7494,506,1,-0.07,-0.92,-1.03,-0.08221,-0.09189,-0.09221,-0.20849,68.122,53.951
"2024-10-27 05:00:00",7991,12.74772,506,1,-0.071,-0.92,-1.06,-0.08221,-0.09503,-0.09479,-0.21451,70.002,54.265
"2024-10-27 05:30:00",7992,12.75108,506,1,-0.07,-0.96,-0.99,-0.08581,-0.08873,-0.09847,-0.20909,67.982,52.239
"2024-10-27 06:00:00",7993,12.75191,506,1,-0.072,-0.93,-1.07,-0.08343,-0.09565,-0.09609,-0.21513,67.394,53.9
"2024-10-27 06:30:00",7994,12.75024,506,1,-0.073,-0.96,-1.07,-0.08581,-0.09565,-0.09557,-0.21241,67.299,54.64
"2024-10-27 07:00:00",7995,12.7452,506,1,-0.073,-0.96,-1.07,-0.08581,-0.09565,-0.09847,-0.21513,68.763,54.014
"2024-10-27 07:30:00",7996,12.74856,506,1,-0.074,-0.96,-1.11,-0.08629,-0.09943,-0.09609,-0.21915,67.244,54.432
"2024-10-27 08:00:00",7997,12.7452,506,1,-0.036,-0.55,-0.44,-0.04963,-0.03953,-0.06261,-0.17253,68.081,53.75
"2024-10-27 08:30:00",7998,12.74352,506,1,0.048,0.4,1,0.03536,0.08812,-99,-0.07651,-99,59.193
"2024-10-27 09:00:00",7999,12.74436,506,1,0.116,1.19,2.11,0.10532,0.18703,-99,0.00286,-99,58.809
"2024-10-27 09:30:00",8000,12.7494,506,1,0.146,1.32,2.89,0.11689,0.25606,-99,0.0647,-99,62.922
"2024-10-27 10:00:00",8001,12.75108,506,1,0.219,2.47,3.69,0.21832,0.32664,-99,0.10502,-99,60.602
"2024-10-27 10:30:00",8002,12.74352,506,1,0.322,4.23,4.62,0.37455,0.40908,-99,-99,-99,-99
"2024-10-27 11:00:00",8003,12.74436,506,1,0.297,3.39,4.94,0.29999,0.43718,-99,0.18589,-99,61.803
"2024-10-27 11:30:00",8004,12.74688,506,1,0.323,3.62,5.47,0.32049,0.48394,-99,0.21621,-99,62.499
"2024-10-27 12:00:00",8005,12.75947,506,1,0.354,4.13,5.75,0.36597,0.50912,-99,0.22565,-99,61.134
"2024-10-27 12:30:00",8006,12.75443,506,1,0.204,1.21,4.88,0.10676,0.43212,0.07271,0.27108,59.366,66.931
"2024-10-27 13:00:00",8007,12.75527,506,1,0.467,5.49,7.55,0.48552,0.66804,0.40904,0.30431,66.556,58.257
"2024-10-27 13:30:00",8008,12.76199,506,1,0.459,5.26,7.61,0.46584,0.67363,0.40428,0.32205,67.744,60.379
"2024-10-27 14:00:00",8009,12.76283,506,1,0.466,5.29,7.78,0.4686,0.6882,0.4066,0.32297,67.997,58.7
"2024-10-27 14:30:00",8010,12.76283,506,1,0.496,5.58,8.36,0.4937,0.73999,0.43488,0.36168,67.11,59.221
"2024-10-27 15:00:00",8011,12.76031,506,1,0.495,5.68,8.2,0.50266,0.72541,0.43812,0.34991,68.183,59.141
"2024-10-27 15:30:00",8012,12.75947,506,1,0.461,5.3,7.61,0.46909,0.67355,0.4133,0.31632,68.021,60.549
"2024-10-27 16:00:00",8013,12.76115,506,1,0.43,5,7.01,0.44234,0.62046,0.38763,0.28276,69.93,60.049
"2024-10-27 16:30:00",8014,12.76199,506,1,0.384,4.48,6.24,0.3962,0.55192,0.34616,0.24094,68.743,60.123
"2024-10-27 17:00:00",8015,12.76451,506,1,0.348,4.09,5.64,0.36168,0.49947,0.3161,0.20326,69.521,59.532
"2024-10-27 17:30:00",8016,12.75611,506,1,0.274,3.25,4.4,0.28766,0.38904,0.24818,0.13007,71.209,60.495
"2024-10-27 18:00:00",8017,12.75695,506,1,0.201,2.44,3.14,0.21615,0.27796,0.17774,0.0469,69.492,58.51
"2024-10-27 18:30:00",8018,12.7452,506,1,0.121,1.47,1.89,0.13044,0.16702,0.10004,-0.02949,70.799,57.463
"2024-10-27 19:00:00",8019,12.74856,506,1,0.061,0.77,0.91,0.06802,0.08054,0.04454,-0.09587,69.896,56.549
"2024-10-27 19:30:00",8020,12.74604,506,1,0.022,0.26,0.34,0.02264,0.03022,0.00277,-0.13235,68.724,55.217
"2024-10-27 20:00:00",8021,12.74184,506,1,-0.003,-0.02,-0.1,-0.00281,-0.01011,-0.02499,-0.15929,68.377,56.29
"2024-10-27 20:30:00",8022,12.73764,506,1,-0.026,-0.31,-0.45,-0.02817,-0.04031,-0.04433,-0.18069,67.863,54.202
"2024-10-27 21:00:00",8023,12.72841,506,1,-0.036,-0.44,-0.6,-0.03957,-0.05371,-0.05847,-0.19007,67.586,54.497
"2024-10-27 21:30:00",8024,12.72925,506,1,-0.046,-0.56,-0.75,-0.05059,-0.06719,-0.06653,-0.19885,67.891,54.538
"2024-10-27 22:00:00",8025,12.72841,506,1,-0.056,-0.69,-0.9,-0.06203,-0.08029,-0.07787,-0.20763,67.781,53.592
"2024-10-27 22:30:00",8026,12.72086,506,1,-0.064,-0.79,-1.01,-0.07037,-0.09051,-0.08317,-0.21165,67.411,53.487
"2024-10-27 23:00:00",8027,12.72086,506,1,-0.062,-0.78,-0.97,-0.06977,-0.08671,-0.08799,-0.21103,67.351,53.271
"2024-10-27 23:30:00",8028,12.71666,506,1,-0.066,-0.85,-1.01,-0.07599,-0.09051,-0.08871,-0.21779,66.301,54.211
"2024-10-28 00:00:00",8029,12.71498,506,1,-0.066,-0.85,-1.01,-0.07621,-0.09051,-0.09455,-0.21441,67.474,53.388
"2024-10-28 00:30:00",8030,12.71246,506,1,-0.068,-0.84,-1.09,-0.07537,-0.09693,-0.08821,-0.22045,67.2,54.534
"2024-10-28 01:00:00",8031,12.70659,506,1,-0.069,-0.85,-1.09,-0.07621,-0.09725,-0.09187,-0.21779,66.663,53.569
"2024-10-28 01:30:00",8032,12.69903,506,1,-0.073,-0.94,-1.09,-0.08409,-0.09725,-0.09399,-0.21841,67.246,54.727
"2024-10-28 02:00:00",8033,12.70659,506,1,-0.074,-0.91,-1.16,-0.08165,-0.10399,-0.09717,-0.22113,67.718,54.625
"2024-10-28 02:30:00",8034,12.70323,506,1,-0.072,-0.93,-1.09,-0.08361,-0.09693,-0.09353,-0.21779,67.425,53.33
"2024-10-28 03:00:00",8035,12.69903,506,1,-0.076,-0.97,-1.16,-0.08653,-0.10361,-0.10187,-0.22657,66.767,53.255
"2024-10-28 03:30:00",8036,12.69987,506,1,-0.074,-0.98,-1.09,-0.08729,-0.09693,-0.10245,-0.22045,67.466,54.63
"2024-10-28 04:00:00",8037,12.69651,506,1,-0.07,-0.87,-1.09,-0.07829,-0.09693,-0.09375,-0.21441,67.461,53.942
"2024-10-28 04:30:00",8038,12.69483,506,1,-0.077,-1.01,-1.13,-0.09071,-0.10073,-0.10625,-0.22113,66.203,53.788
"2024-10-28 05:00:00",8039,12.69064,506,1,-0.065,-0.83,-1.01,-0.07475,-0.08991,-0.08749,-0.21369,67.974,54.876
"2024-10-28 05:30:00",8040,12.69148,506,1,-0.06,-0.78,-0.89,-0.06977,-0.08005,-0.08269,-0.20495,67.12,54.176
"2024-10-28 06:00:00",8041,12.68644,506,1,-0.065,-0.85,-0.98,-0.07621,-0.08731,-0.09161,-0.20895,67.193,53.668
"2024-10-28 06:30:00",8042,12.6856,506,1,-0.061,-0.78,-0.93,-0.06957,-0.08327,-0.08247,-0.20495,67.204,54.367
"2024-10-28 07:00:00",8043,12.67888,506,1,-0.058,-0.75,-0.89,-0.06691,-0.08005,-0.07983,-0.20221,70.117,53.817
"2024-10-28 07:30:00",8044,12.68392,506,1,-0.062,-0.81,-0.93,-0.07249,-0.08355,-0.08799,-0.20557,67.417,53.638
"2024-10-28 08:00:00",8045,12.68476,506,1,-0.057,-0.74,-0.85,-0.06653,-0.07635,-0.07921,-0.20099,69.693,55.331
"2024-10-28 08:30:00",8046,12.68308,506,1,-0.012,-0.27,-0.06,-0.02467,-0.00663,-99,-0.14633,-99,55.997
"2024-10-28 09:00:00",8047,12.68308,506,1,0.024,0.15,0.58,0.01328,0.0516,-99,-0.09673,-99,57.586
"2024-10-28 09:30:00",8048,12.68308,506,1,0.076,0.38,1.9,0.03387,0.1678,-99,0.0112,-99,62.915
"2024-10-28 10:00:00",8049,12.68644,506,1,0.199,2.09,3.55,0.18518,0.31407,-99,0.10682,-99,62.128
"2024-10-28 10:30:00",8050,12.69651,506,1,0.338,4.58,4.67,0.40544,0.41339,-99,-99,-99,-99
"2024-10-28 11:00:00",8051,12.70323,506,1,0.324,3.72,5.36,0.32956,0.47438,-99,0.23764,-99,63.622
"2024-10-28 11:30:00",8052,12.70323,506,1,0.37,4.07,6.35,0.36031,0.5621,0.32189,0.27086,69.167,61.545
"2024-10-28 12:00:00",8053,12.71162,506,1,0.473,5.85,7.25,0.51753,0.6416,-99,0.34699,-99,62.102
"2024-10-28 12:30:00",8054,12.72925,506,1,0.213,0.9,5.58,0.07977,0.49416,0.06614,0.32734,59.37,65.105
"2024-10-28 13:00:00",8055,12.73513,506,1,0.531,6.31,8.48,0.55844,0.75043,0.46814,0.36615,65.346,58.558
"2024-10-28 13:30:00",8056,12.73429,506,1,0.532,6,8.93,0.53062,0.79039,0.45064,0.38094,66.002,58.113
"2024-10-28 14:00:00",8057,12.73849,506,1,0.521,5.92,8.7,0.52355,0.77037,0.4564,0.38127,67.332,59.294
"2024-10-28 14:30:00",8058,12.74268,506,1,0.505,5.72,8.45,0.50638,0.74745,0.4472,0.36978,66.774,58.157
"2024-10-28 15:00:00",8059,12.73764,506,1,0.497,5.7,8.22,0.50421,0.72767,0.44575,0.35127,67.813,58.937
"2024-10-28 15:30:00",8060,12.74016,506,1,0.466,5.38,7.67,0.47628,0.67854,0.42006,0.32832,67.162,59.697
"2024-10-28 16:00:00",8061,12.73932,506,1,0.414,4.81,6.78,0.42608,0.59988,0.37548,0.27544,69.467,60.435
"2024-10-28 16:30:00",8062,12.73764,506,1,0.368,4.33,5.93,0.38359,0.52468,0.33736,0.22692,69.45,60.569
"2024-10-28 17:00:00",8063,12.73849,506,1,0.289,3.46,4.6,0.3062,0.40682,-99,0.14617,-99,60.707
"2024-10-28 17:30:00",8064,12.72589,506,1,0.211,2.53,3.33,0.22378,0.29436,0.19128,0.06392,71.279,59.057
"2024-10-28 18:00:00",8065,12.73345,506,1,0.13,1.62,1.98,0.14328,0.17564,0.11548,-0.02357,69.832,58.442
"2024-10-28 18:30:00",8066,12.73009,506,1,0.066,0.8,1.02,0.07094,0.0899,0.05014,-0.08315,69.193,56.807
"2024-10-28 19:00:00",8067,12.73093,506,1,0.022,0.29,0.3,0.02545,0.02672,0.00557,-0.13153,69.649,55.737
"2024-10-28 19:30:00",8068,12.72002,506,1,-0.008,-0.12,-0.14,-0.01131,-0.01343,-0.02775,-0.15929,68.421,55.771
"2024-10-28 20:00:00",8069,12.71162,506,1,-0.028,-0.37,-0.44,-0.03383,-0.04019,-0.05261,-0.17739,67.33,53.421
"2024-10-28 20:30:00",8070,12.71834,506,1,-0.041,-0.5,-0.67,-0.04497,-0.06027,-0.06365,-0.19279,68.074,53.586
"2024-10-28 21:00:00",8071,12.71498,506,1,-0.052,-0.65,-0.82,-0.05879,-0.07339,-0.06901,-0.20161,67.515,54.284
"2024-10-28 21:30:00",8072,12.7133,506,1,-0.058,-0.75,-0.89,-0.06707,-0.08005,-0.08269,-0.20763,68.079,53.905
"2024-10-28 22:00:00",8073,12.70659,506,1,-0.063,-0.78,-1,-0.06957,-0.08965,-0.08221,-0.21041,67.616,54.957
"2024-10-28 22:30:00",8074,12.70491,506,1,-0.068,-0.87,-1.05,-0.07829,-0.09339,-0.09375,-0.21707,67.675,53.079
"2024-10-28 23:00:00",8075,12.70071,506,1,-0.071,-0.91,-1.08,-0.08117,-0.09657,-0.09375,-0.21983,67.042,53.13
"2024-10-28 23:30:00",8076,12.69651,506,1,-0.076,-0.94,-1.2,-0.08435,-0.10713,-0.09981,-0.22387,68.205,54.551
"2024-10-29 00:00:00",8077,12.69399,506,1,-0.074,-0.94,-1.12,-0.08387,-0.10009,-0.09929,-0.22045,67.706,53.629
"2024-10-29 00:30:00",8078,12.69735,506,1,-0.077,-0.97,-1.2,-0.08701,-0.10713,-0.09981,-0.22387,67.953,54.454
"2024-10-29 01:00:00",8079,12.69064,506,1,-0.077,-0.97,-1.2,-0.08683,-0.10677,-0.09957,-0.22585,67.018,53.098
"2024-10-29 01:30:00",8080,12.69148,506,1,-0.079,-1,-1.2,-0.08971,-0.10713,-0.10509,-0.22387,65.862,54.193
"2024-10-29 02:00:00",8081,12.6856,506,1,-0.077,-1,-1.16,-0.08947,-0.10325,-0.10217,-0.22319,68.649,53.211
"2024-10-29 02:30:00",8082,12.68308,506,1,-0.077,-1,-1.16,-0.08921,-0.10325,-0.09901,-0.22319,68.623,53.034
"2024-10-29 03:00:00",8083,12.67888,506,1,-0.076,-0.97,-1.16,-0.08653,-0.10325,-0.09901,-0.22045,66.713,53.628
"2024-10-29 03:30:00",8084,12.68056,506,1,-0.076,-0.97,-1.16,-0.08701,-0.10361,-0.09957,-0.22387,66.1,53.586
"2024-10-29 04:00:00",8085,12.67804,506,1,-0.075,-0.97,-1.12,-0.08701,-0.10041,-0.10245,-0.22113,67.814,53.473
"2024-10-29 04:30:00",8086,12.67553,506,1,-0.08,-1.01,-1.24,-0.08993,-0.11031,-0.10537,-0.22725,67.96,53.611
"2024-10-29 05:00:00",8087,12.67133,506,1,-0.09,-1.15,-1.35,-0.10237,-0.12055,-0.11481,-0.23335,65.695,53.285
"2024-10-29 05:30:00",8088,12.67049,506,1,-0.092,-1.16,-1.43,-0.10391,-0.12727,-0.11905,-0.23335,67.313,53.951
"2024-10-29 06:00:00",8089,12.66965,506,1,-0.091,-1.12,-1.42,-0.10039,-0.12687,-0.11003,-0.23607,67.237,53.148
"2024-10-29 06:30:00",8090,12.66881,506,1,-0.093,-1.18,-1.42,-0.10567,-0.12647,-0.11523,-0.23873,67.611,53.674
"2024-10-29 07:00:00",8091,12.66797,506,1,-0.098,-1.23,-1.5,-0.11013,-0.13355,-0.12273,-0.24557,67.653,53.725
"2024-10-29 07:30:00",8092,12.66293,506,1,-0.098,-1.21,-1.53,-0.10801,-0.13621,-0.12035,-0.24409,67.489,53.716
"2024-10-29 08:00:00",8093,12.6621,506,1,-0.1,-1.24,-1.56,-0.11063,-0.13925,-0.12293,-0.24409,68.065,53.298
"2024-10-29 08:30:00",8094,12.66713,506,1,-0.08,-1.03,-1.22,-0.09247,-0.10849,-0.09941,-0.22181,67.572,54.746
"2024-10-29 09:00:00",8095,12.66545,506,1,-0.044,-0.65,-0.57,-0.05839,-0.05161,-99,-0.17749,-99,56.461
"2024-10-29 09:30:00",8096,12.66797,506,1,0.024,0,0.76,0,0.06748,-99,-0.06801,-99,61.585
"2024-10-29 10:00:00",8097,12.67049,506,1,0.131,1.24,2.51,0.10963,0.22244,-99,0.04764,-99,61.694
"2024-10-29 10:30:00",8098,12.66965,506,1,0.308,4.17,4.25,0.36924,0.37578,-99,-99,-99,-99
"2024-10-29 11:00:00",8099,12.69064,506,1,0.295,3.24,5.08,0.28634,0.44919,-99,0.22498,-99,64.818
"2024-10-29 11:30:00",8100,12.69315,506,1,0.363,3.92,6.33,0.34672,0.56021,0.30949,0.27965,69.458,61.009
"2024-10-29 12:00:00",8101,12.70575,506,1,0.459,5.55,7.2,0.49146,0.63753,-99,0.34831,-99,63.379
"2024-10-29 12:30:00",8102,12.70743,506,1,0.373,4.14,6.35,0.36636,0.56184,0.27914,0.33119,60.807,63.204
"2024-10-29 13:00:00",8103,12.7133,506,1,0.478,5.47,7.94,0.4843,0.70307,0.40666,0.3355,66.362,59.008
"2024-10-29 13:30:00",8104,12.72002,506,1,0.484,5.42,8.17,0.47974,0.72279,0.41692,0.35324,67.408,58.698
"2024-10-29 14:00:00",8105,12.72169,506,1,0.485,5.54,8.05,0.49,0.71271,0.42922,0.35127,68.155,59.446
"2024-10-29 14:30:00",8106,12.72086,506,1,0.45,5.07,7.56,0.449,0.669,0.39297,0.32832,67.37,59.911
"2024-10-29 15:00:00",8107,12.71246,506,1,0.425,4.95,6.94,0.43781,0.61404,0.38642,0.28686,69.215,60.607
"2024-10-29 15:30:00",8108,12.72169,506,1,0.391,4.55,6.37,0.40314,0.56409,0.35275,0.2556,69.749,61.141
"2024-10-29 16:00:00",8109,12.72169,506,1,0.341,4.03,5.49,0.35634,0.48581,0.31207,0.20211,70.55,60.426
"2024-10-29 16:30:00",8110,12.72169,506,1,0.282,3.34,4.53,0.29577,0.40136,-99,0.14617,-99,59.316
"2024-10-29 17:00:00",8111,12.72002,506,1,0.213,2.55,3.37,0.22565,0.29822,0.19288,0.06698,71.159,58.531
"2024-10-29 17:30:00",8112,12.72254,506,1,0.133,1.61,2.09,0.14211,0.18472,-99,-0.01471,-99,58.83
"2024-10-29 18:00:00",8113,12.71834,506,1,0.059,0.7,0.93,0.06199,0.08264,0.04148,-0.08603,69.542,57.479
"2024-10-29 18:30:00",8114,12.72086,506,1,0.003,0.03,0.04,0.0028,0.00328,-0.01667,-0.14355,68.487,55.434
"2024-10-29 19:00:00",8115,12.7133,506,1,-0.034,-0.44,-0.52,-0.03947,-0.04669,-0.05563,-0.18347,67.872,53.983
"2024-10-29 19:30:00",8116,12.71162,506,1,-0.06,-0.75,-0.93,-0.06747,-0.08355,-0.08053,-0.21103,67.626,55.247
"2024-10-29 20:00:00",8117,12.70239,506,1,-0.071,-0.91,-1.08,-0.08165,-0.09657,-0.09161,-0.21641,68.623,53.054
"2024-10-29 20:30:00",8118,12.70743,506,1,-0.081,-1.04,-1.23,-0.09267,-0.10999,-0.10509,-0.22319,66.633,52.581
"2024-10-29 21:00:00",8119,12.69987,506,1,-0.088,-1.13,-1.34,-0.10095,-0.11975,-0.11063,-0.23193,66.289,53.227
"2024-10-29 21:30:00",8120,12.69903,506,1,-0.093,-1.19,-1.42,-0.10655,-0.12647,-0.11619,-0.23873,65.559,54.013
"2024-10-29 22:00:00",8121,12.69567,506,1,-0.098,-1.22,-1.53,-0.10919,-0.13667,-0.11879,-0.24487,66.871,52.395
"2024-10-29 22:30:00",8122,12.69399,506,1,-0.105,-1.32,-1.61,-0.11813,-0.14335,-0.12763,-0.24827,66.393,53.907
"2024-10-29 23:00:00",8123,12.69232,506,1,-0.104,-1.32,-1.57,-0.11813,-0.13977,-0.13057,-0.24753,67.253,53.092
"2024-10-29 23:30:00",8124,12.6898,506,1,-0.101,-1.28,-1.53,-0.11449,-0.13621,-0.12653,-0.24409,66.889,53.404
"2024-10-30 00:00:00",8125,12.68056,506,1,-0.097,-1.22,-1.5,-0.10919,-0.13355,-0.12169,-0.24213,66.264,53.352
"2024-10-30 00:30:00",8126,12.68644,506,1,-0.1,-1.29,-1.49,-0.11481,-0.13311,-0.12433,-0.24143,68.984,52.832
"2024-10-30 01:00:00",8127,12.6814,506,1,-0.095,-1.2,-1.46,-0.10719,-0.13041,-0.12241,-0.23947,67.111,53.362
"2024-10-30 01:30:00",8128,12.68476,506,1,-0.098,-1.26,-1.46,-0.11213,-0.12995,-0.12463,-0.23947,66.26,53.036
"2024-10-30 02:00:00",8129,12.68056,506,1,-0.093,-1.16,-1.46,-0.10331,-0.12995,-0.11583,-0.23873,66.791,53.04
"2024-10-30 02:30:00",8130,12.67133,506,1,-0.092,-1.16,-1.42,-0.10391,-0.12687,-0.11649,-0.23873,67.199,53.714
"2024-10-30 03:00:00",8131,12.67637,506,1,-0.092,-1.16,-1.42,-0.10331,-0.12687,-0.11583,-0.23607,67.431,53.262
"2024-10-30 03:30:00",8132,12.67385,506,1,-0.096,-1.22,-1.45,-0.10859,-0.12959,-0.11843,-0.23533,68.597,54.27
"2024-10-30 04:00:00",8133,12.67469,506,1,-0.097,-1.25,-1.45,-0.11157,-0.12959,-0.11843,-0.23873,67.296,54.796
"2024-10-30 04:30:00",8134,12.67133,506,1,-0.098,-1.22,-1.52,-0.10889,-0.13579,-0.12133,-0.23805,66.809,54.311
"2024-10-30 05:00:00",8135,12.67133,506,1,-0.102,-1.28,-1.56,-0.11419,-0.13925,-0.12397,-0.24143,67.315,52.576
"2024-10-30 05:30:00",8136,12.66965,506,1,-0.104,-1.31,-1.6,-0.11715,-0.14289,-0.12653,-0.24487,65.792,53.562
"2024-10-30 06:00:00",8137,12.66293,506,1,-0.107,-1.34,-1.64,-0.11977,-0.14599,-0.12951,-0.24753,67.742,53.156
"2024-10-30 06:30:00",8138,12.66881,506,1,-0.11,-1.38,-1.7,-0.12325,-0.15111,-0.13025,-0.25211,67.91,53.999
"2024-10-30 07:00:00",8139,12.66797,506,1,-0.115,-1.43,-1.78,-0.12727,-0.15823,-0.13681,-0.25285,68.022,53.286
"2024-10-30 07:30:00",8140,12.66797,506,1,-0.117,-1.46,-1.81,-0.13021,-0.16129,-0.14233,-0.26159,67.292,53.653
"2024-10-30 08:00:00",8141,12.66377,506,1,-0.116,-1.44,-1.8,-0.12837,-0.16021,-0.13535,-0.26079,68.772,54.047
"2024-10-30 08:30:00",8142,12.66965,506,1,-0.096,-1.21,-1.49,-0.10763,-0.13271,-99,-0.23449,-99,54.539
"2024-10-30 09:00:00",8143,12.66126,506,1,-0.059,-0.81,-0.83,-0.07233,-0.07409,-99,-0.18933,-99,56.352
"2024-10-30 09:30:00",8144,12.67469,506,1,0.017,0.03,0.49,0.00251,0.04332,-99,-0.08583,-99,60.984
"2024-10-30 10:00:00",8145,12.67553,506,1,0.094,0.77,1.98,0.06858,0.1749,-99,0.00848,-99,61.072
"2024-10-30 10:30:00",8146,12.68224,506,1,0.3,3.94,4.3,0.34868,0.3802,-99,-99,-99,-99
"2024-10-30 11:00:00",8147,12.6856,506,1,0.366,4.13,6.14,0.36524,0.54372,-99,0.29236,-99,64.482
"2024-10-30 11:30:00",8148,12.69399,506,1,0.457,5.01,7.88,0.4435,0.6978,0.40324,0.37048,69.482,60.209
"2024-10-30 12:00:00",8149,12.69903,506,1,0.549,6.73,8.52,0.59585,0.75375,-99,0.46298,-99,62.441
"2024-10-30 12:30:00",8150,12.69987,506,1,0.57,6.68,9.25,0.59123,0.81845,0.46356,0.4834,58.664,58.299
"2024-10-30 13:00:00",8151,12.69315,506,1,0.625,7.02,10.53,0.62142,0.93172,0.51869,0.47088,62.893,55.705
"2024-10-30 13:30:00",8152,12.70994,506,1,0.606,6.77,10.26,0.59949,0.90815,0.52558,0.46909,64.563,57.122
"2024-10-30 14:00:00",8153,12.7133,506,1,0.574,6.48,9.65,0.5734,0.8543,0.50578,0.44556,65.63,57.77
"2024-10-30 14:30:00",8154,12.70491,506,1,0.547,6.26,9.06,0.55419,0.80161,0.49291,0.41346,66.157,58.399
"2024-10-30 15:00:00",8155,12.70491,506,1,0.518,5.97,8.52,0.52797,0.75431,0.46558,0.38593,66.854,59.934
"2024-10-30 15:30:00",8156,12.70323,506,1,0.478,5.6,7.75,0.4955,0.68593,0.44228,0.34121,68.455,58.772
"2024-10-30 16:00:00",8157,12.7133,506,1,0.422,4.97,6.81,0.44006,0.60238,0.392,0.28521,70.135,59.616
"2024-10-30 16:30:00",8158,12.70659,506,1,0.324,3.87,5.14,0.34226,0.45466,0.29972,0.18389,71.045,60.108
"2024-10-30 17:00:00",8159,12.71414,506,1,0.255,3.05,4.04,0.27036,0.35744,0.23372,0.10782,69.214,59.265
"2024-10-30 17:30:00",8160,12.70994,506,1,0.169,2.08,2.61,0.18389,0.2314,0.15198,0.02074,69.888,58.679
"2024-10-30 18:00:00",8161,12.70994,506,1,0.088,1.11,1.33,0.09804,0.11776,0.07074,-0.05995,68.585,57.897
"2024-10-30 18:30:00",8162,12.70491,506,1,0.04,0.49,0.61,0.04312,0.05404,0.01977,-0.11173,68.062,55.853
"2024-10-30 19:00:00",8163,12.70071,506,1,0,0,0,0,0,-0.01695,-0.14853,68.712,55.094
"2024-10-30 19:30:00",8164,12.69315,506,1,-0.02,-0.25,-0.33,-0.02277,-0.03039,-0.03925,-0.16681,68.552,55.243
"2024-10-30 20:00:00",8165,12.6898,506,1,-0.036,-0.47,-0.56,-0.04271,-0.05047,-0.05603,-0.18177,68.332,53.88
"2024-10-30 20:30:00",8166,12.69064,506,1,-0.049,-0.66,-0.71,-0.05959,-0.06391,-0.07557,-0.19459,67.287,55.645
"2024-10-30 21:00:00",8167,12.6814,506,1,-0.059,-0.76,-0.9,-0.06785,-0.08057,-0.07803,-0.20343,68.054,54.327
"2024-10-30 21:30:00",8168,12.68476,506,1,-0.068,-0.88,-1.01,-0.07893,-0.09021,-0.08893,-0.21165,67.93,54.623
"2024-10-30 22:00:00",8169,12.67804,506,1,-0.071,-0.91,-1.08,-0.08117,-0.09657,-0.09399,-0.21441,68.508,52.539
"2024-10-30 22:30:00",8170,12.67888,506,1,-0.078,-0.96,-1.22,-0.08563,-0.10887,-0.09557,-0.21641,69.191,55.15
"2024-10-30 23:00:00",8171,12.67804,506,1,-0.084,-1.06,-1.3,-0.09455,-0.11583,-0.10711,-0.22319,68.708,54.412
"2024-10-30 23:30:00",8172,12.67637,506,1,-0.086,-1.09,-1.33,-0.09745,-0.11897,-0.10741,-0.23193,67.567,53.685
"2024-10-31 00:00:00",8173,12.66797,506,1,-0.086,-1.09,-1.33,-0.09773,-0.11897,-0.10775,-0.22925,68.207,52.661
"2024-10-31 00:30:00",8174,12.6621,506,1,-0.088,-1.12,-1.34,-0.10039,-0.11937,-0.11003,-0.23261,68.246,53.113
"2024-10-31 01:00:00",8175,12.67301,506,1,-0.09,-1.16,-1.34,-0.10361,-0.11975,-0.11349,-0.22993,68.098,53.387
"2024-10-31 01:30:00",8176,12.66713,506,1,-0.087,-1.13,-1.3,-0.10095,-0.11623,-0.11093,-0.22387,68.387,54.247
"2024-10-31 02:00:00",8177,12.67301,506,1,-0.087,-1.16,-1.27,-0.10391,-0.11311,-0.11649,-0.22725,67.893,54.008
"2024-10-31 02:30:00",8178,12.67553,506,1,-0.085,-1.08,-1.29,-0.09665,-0.11545,-0.10393,-0.22585,69.048,53.66
"2024-10-31 03:00:00",8179,12.66293,506,1,-0.08,-1.05,-1.18,-0.09399,-0.10537,-0.10135,-0.21369,69.337,54.203
"2024-10-31 03:30:00",8180,12.66797,506,1,-0.078,-1.03,-1.14,-0.09215,-0.10221,-0.10479,-0.21369,69.002,54.29
"2024-10-31 04:00:00",8181,12.66797,506,1,-0.077,-1.01,-1.15,-0.08993,-0.10293,-0.10009,-0.21779,68.427,53.298
"2024-10-31 04:30:00",8182,12.66797,506,1,-0.075,-0.98,-1.12,-0.08755,-0.10009,-0.10039,-0.21231,68.918,54.775
"2024-10-31 05:00:00",8183,12.66293,506,1,-0.078,-1.01,-1.16,-0.09021,-0.10361,-0.10303,-0.21909,68.031,54.564
"2024-10-31 05:30:00",8184,12.66797,506,1,-0.079,-1.05,-1.16,-0.09341,-0.10361,-0.10331,-0.21565,68.936,53.957
"2024-10-31 06:00:00",8185,12.65622,506,1,-0.084,-1.07,-1.27,-0.09585,-0.11345,-0.10859,-0.22793,67.07,55.01
"2024-10-31 06:30:00",8186,12.65202,506,1,-0.087,-1.11,-1.31,-0.09911,-0.11699,-0.11187,-0.22523,67.618,52.9
"2024-10-31 07:00:00",8187,12.66126,506,1,-0.092,-1.21,-1.36,-0.10809,-0.12099,-0.12079,-0.23207,67.199,54.405
"2024-10-31 07:30:00",8188,12.65286,506,1,-0.094,-1.17,-1.47,-0.10449,-0.13085,-0.11715,-0.24095,67.694,53.808
"2024-10-31 08:00:00",8189,12.66042,506,1,-0.084,-1.07,-1.27,-0.09529,-0.11345,-0.10509,-0.23135,68.243,53.931
"2024-10-31 08:30:00",8190,12.6579,506,1,-0.042,-0.58,-0.59,-0.05235,-0.05307,-99,-0.17789,-99,55.918
"2024-10-31 09:00:00",8191,12.65874,506,1,0.046,0.4,0.92,0.03524,0.08186,-99,-0.07725,-99,57.593
"2024-10-31 09:30:00",8192,12.65454,506,1,0.108,0.79,2.39,0.0695,0.21144,-99,0.05055,-99,63.737
"2024-10-31 10:00:00",8193,12.66461,506,1,0.252,2.83,4.24,0.25009,0.37512,-99,0.17171,-99,65.449
"2024-10-31 10:30:00",8194,12.66545,506,1,0.371,4.24,6.15,0.37562,0.54459,-99,0.28451,-99,62.877
"2024-10-31 11:00:00",8195,12.67049,506,1,0.369,3.57,6.98,0.31566,0.61738,0.29808,0.34566,68.124,61.353
"2024-10-31 11:30:00",8196,12.66126,506,1,0.495,5.5,8.43,0.4866,0.74615,0.4347,0.40091,67.052,59.708
"2024-10-31 12:00:00",8197,12.67972,506,1,0.533,6.64,8.13,0.58809,0.71963,-99,0.47359,-99,63.826
"2024-10-31 12:30:00",8198,12.66545,506,1,0.684,8.98,9.81,0.79513,0.86798,0.54602,0.44968,58.803,57.607
"2024-10-31 13:00:00",8199,12.67888,506,1,0.596,6.87,9.81,0.60772,0.86865,0.50528,0.42446,64.449,56.696
"2024-10-31 13:30:00",8200,12.68644,506,1,0.573,6.46,9.62,0.57158,0.85129,0.4982,0.43004,64.501,57.582
"2024-10-31 14:00:00",8201,12.6814,506,1,0.551,6.31,9.13,0.55849,0.80792,0.4844,0.4043,66.087,58.07
"2024-10-31 14:30:00",8202,12.6898,506,1,0.518,6.02,8.45,0.53291,0.74799,0.46775,0.37748,65.479,58.449
"2024-10-31 15:00:00",8203,12.68392,506,1,0.486,5.61,8,0.49656,0.70801,0.44211,0.34711,68.112,59.421
"2024-10-31 15:30:00",8204,12.68728,506,1,0.452,5.36,7.25,0.47412,0.64186,0.41913,0.30503,68.93,59.825
