"TOA5","CR300Series_405","CR300","27023","CR300-RF407.Std.10.03","CPU:CR300_sapflow.CR300","32345","Table2"
"TIMESTAMP","RECORD","BattV_Min","id","SDI1","SapFlwTot1","VhOuter1","VhInner1","AlphaOut1","AlphaIn1","BetaOut1","BetaIn1","tMaxTout1","tMaxTin1"
"TS","RN","Volts","","","literPerHour","heatVelocity","heatVelocity","logTRatio","logTRatio","logTRatio","logTRatio","second","second"
"","","Min","Smp","Smp","Smp","Smp","Smp","Smp","Smp","Smp","Smp","Smp","Smp"
"2024-10-13 14:00:00",4006,13.07,405,1,-0.077,-0.22,-0.3,-0.02,-0.027,-0.065,-0.187,56.34,50.82
"2024-10-13 14:30:00",4007,13,405,1,-0.079,-0.22,-0.32,-0.02,-0.03,-0.062,-0.184,57.24,52.97
"2024-10-13 15:00:00",4008,12.99,405,1,-0.122,-0.46,-0.36,-0.041,-0.033,-0.086,-0.199,54.4,50.14
"2024-10-13 15:30:00",4009,12.99,405,1,-0.095,-0.31,-0.33,-0.028,-0.031,-0.073,-0.192,55.81,49.47
"2024-10-13 16:00:00",4010,12.99,405,1,-0.093,-0.3,-0.33,-0.027,-0.03,-0.074,-0.188,56.8,49.78
"2024-10-13 16:30:00",4011,12.99,405,1,-0.098,-0.3,-0.36,-0.028,-0.033,-0.072,-0.197,55.05,49.95
"2024-10-13 17:00:00",4012,13,405,1,-0.162,-0.5,-0.59,-0.046,-0.053,-0.092,-0.211,53.76,50.9
"2024-10-13 17:30:00",4013,13,405,1,-0.234,-0.72,-0.85,-0.065,-0.076,-0.106,-0.234,52.92,48.23
"2024-10-13 18:00:00",4014,12.99,405,1,-0.276,-0.79,-1.07,-0.071,-0.096,-0.111,-0.246,55.04,49.78
"2024-10-13 18:30:00",4015,12.99,405,1,-0.304,-0.82,-1.23,-0.073,-0.11,-0.111,-0.259,53.03,49.02
"2024-10-13 19:00:00",4016,12.99,405,1,-0.316,-0.87,-1.26,-0.078,-0.113,-0.118,-0.259,54.48,48.13
"2024-10-13 19:30:00",4017,12.99,405,1,-0.315,-0.86,-1.26,-0.077,-0.113,-0.118,-0.266,54.24,48.31
"2024-10-13 20:00:00",4018,12.98,405,1,-0.331,-0.91,-1.32,-0.082,-0.118,-0.121,-0.262,56.99,47.73
"2024-10-13 20:30:00",4019,12.98,405,1,-0.352,-0.99,-1.38,-0.089,-0.123,-0.124,-0.263,54.86,48.93
"2024-10-13 21:00:00",4020,12.98,405,1,-0.339,-0.95,-1.33,-0.085,-0.118,-0.125,-0.264,54.33,49.07
"2024-10-13 21:30:00",4021,12.98,405,1,-0.35,-0.94,-1.42,-0.084,-0.126,-0.124,-0.266,53.39,47.87
"2024-10-13 22:00:00",4022,12.97,405,1,-0.319,-0.83,-1.32,-0.075,-0.118,-0.115,-0.264,54.76,48.82
"2024-10-13 22:30:00",4023,12.97,405,1,-0.336,-0.91,-1.35,-0.082,-0.12,-0.124,-0.263,54.87,48.93
"2024-10-13 23:00:00",4024,12.97,405,1,-0.339,-0.92,-1.36,-0.083,-0.121,-0.123,-0.264,54.15,48.78
"2024-10-13 23:30:00",4025,12.97,405,1,-0.34,-0.91,-1.38,-0.082,-0.123,-0.121,-0.268,55.2,48.42
"2024-10-14 00:00:00",4026,12.97,405,1,-0.349,-0.97,-1.38,-0.087,-0.123,-0.126,-0.269,54.35,48.41
"2024-10-14 00:30:00",4027,12.97,405,1,-0.352,-0.96,-1.41,-0.086,-0.126,-0.123,-0.263,54.99,50.72
"2024-10-14 01:00:00",4028,12.97,405,1,-0.347,-0.93,-1.41,-0.083,-0.126,-0.121,-0.265,55.7,49.76
"2024-10-14 01:30:00",4029,12.97,405,1,-0.343,-0.89,-1.42,-0.08,-0.126,-0.118,-0.266,54.04,48.94
"2024-10-14 02:00:00",4030,12.97,405,1,-0.34,-0.94,-1.35,-0.084,-0.121,-0.122,-0.266,55.21,48.03
"2024-10-14 02:30:00",4031,12.97,405,1,-0.356,-0.97,-1.43,-0.087,-0.127,-0.127,-0.272,55.21,50.68
"2024-10-14 03:00:00",4032,12.97,405,1,-0.346,-0.94,-1.39,-0.084,-0.124,-0.122,-0.264,56.56,47.87
"2024-10-14 03:30:00",4033,12.96,405,1,-0.343,-0.96,-1.35,-0.086,-0.121,-0.124,-0.264,56.04,49.12
"2024-10-14 04:00:00",4034,12.96,405,1,-0.347,-0.92,-1.42,-0.083,-0.127,-0.125,-0.269,54.88,48.37
"2024-10-14 04:30:00",4035,12.96,405,1,-0.349,-0.92,-1.43,-0.083,-0.128,-0.123,-0.273,54.7,48.5
"2024-10-14 05:00:00",4036,12.96,405,1,-0.346,-0.9,-1.43,-0.08,-0.127,-0.12,-0.27,53.7,48.34
"2024-10-14 05:30:00",4037,12.96,405,1,-0.341,-0.9,-1.4,-0.08,-0.125,-0.121,-0.266,54.49,48.56
"2024-10-14 06:00:00",4038,12.96,405,1,-0.342,-0.94,-1.36,-0.084,-0.121,-0.124,-0.264,55.28,48.93
"2024-10-14 06:30:00",4039,12.96,405,1,-0.346,-0.93,-1.4,-0.083,-0.125,-0.123,-0.266,55.31,47.72
"2024-10-14 07:00:00",4040,12.95,405,1,-0.341,-0.9,-1.4,-0.08,-0.125,-0.123,-0.268,54.64,47.87
"2024-10-14 07:30:00",4041,12.95,405,1,-0.349,-0.95,-1.4,-0.085,-0.125,-0.122,-0.266,55.33,49.66
"2024-10-14 08:00:00",4042,12.95,405,1,-0.325,-0.83,-1.36,-0.074,-0.121,-0.114,-0.262,55.6,48.99
"2024-10-14 08:30:00",4043,12.95,405,1,-0.291,-0.77,-1.19,-0.069,-0.106,-0.107,-0.248,55.77,50
"2024-10-14 09:00:00",4044,12.95,405,1,-0.206,-0.42,-0.98,-0.038,-0.088,-0.082,-0.234,58.8,50.11
"2024-10-14 09:30:00",4045,12.95,405,1,-0.202,-0.56,-0.8,-0.05,-0.072,-0.089,-0.222,56.47,50.54
"2024-10-14 10:00:00",4046,12.95,405,1,-0.171,-0.51,-0.64,-0.046,-0.058,-0.088,-0.212,56.27,51.58
"2024-10-14 10:30:00",4047,12.95,405,1,-0.149,-0.48,-0.52,-0.043,-0.047,-0.088,-0.205,54.74,49.23
"2024-10-14 11:00:00",4048,12.95,405,1,-0.157,-1,-0.02,-0.089,-0.002,-0.095,-0.133,59.19,55.33
"2024-10-14 11:30:00",4049,12.95,405,1,-0.015,-0.19,0.09,-0.018,0.008,-0.057,-0.158,58.96,49.02
"2024-10-14 12:00:00",4050,12.95,405,1,-0.017,-0.17,0.06,-0.016,0.005,-0.04,-0.14,59.06,52.13
"2024-10-14 12:30:00",4051,12.95,405,1,-0.027,-0.07,-0.12,-0.007,-0.011,-0.056,-0.18,56.19,51.09
"2024-10-14 13:00:00",4052,12.95,405,1,-0.06,-0.26,-0.14,-0.024,-0.014,-0.063,-0.176,57.75,54.16
"2024-10-14 13:30:00",4053,12.95,405,1,-0.092,-0.29,-0.33,-0.027,-0.03,-0.09,-0.206,51.91,46.81
"2024-10-14 14:00:00",4054,12.96,405,1,-0.06,-0.28,-0.12,-0.026,-0.011,-0.066,-0.177,57.15,46.89
"2024-10-14 14:30:00",4055,12.95,405,1,-0.053,-0.08,-0.29,-0.008,-0.026,-0.07,-0.206,54.28,48.34
"2024-10-14 15:00:00",4056,12.95,405,1,-0.085,-0.32,-0.25,-0.03,-0.023,-0.076,-0.196,52.36,49.34
"2024-10-14 15:30:00",4057,12.95,405,1,-0.099,-0.29,-0.38,-0.026,-0.034,-0.074,-0.199,53.98,50.28
"2024-10-14 16:00:00",4058,12.95,405,1,-0.108,-0.3,-0.43,-0.028,-0.039,-0.072,-0.2,55.36,49.99
"2024-10-14 16:30:00",4059,12.94,405,1,-0.103,-0.29,-0.41,-0.027,-0.038,-0.084,-0.209,53.67,48.41
"2024-10-14 17:00:00",4060,12.94,405,1,-0.135,-0.37,-0.54,-0.033,-0.049,-0.083,-0.212,54.87,49.09
"2024-10-14 17:30:00",4061,12.94,405,1,-0.176,-0.48,-0.71,-0.043,-0.064,-0.09,-0.228,55.31,50.06
"2024-10-14 18:00:00",4062,12.93,405,1,-0.267,-0.75,-1.05,-0.067,-0.094,-0.11,-0.25,52.72,49.44
"2024-10-14 18:30:00",4063,12.93,405,1,-0.284,-0.79,-1.12,-0.071,-0.1,-0.112,-0.255,53.9,47.82
"2024-10-14 19:00:00",4064,12.93,405,1,-0.312,-0.86,-1.24,-0.077,-0.111,-0.111,-0.26,53.45,48.61
"2024-10-14 19:30:00",4065,12.92,405,1,-0.307,-0.83,-1.24,-0.075,-0.111,-0.119,-0.265,55.44,49.35
"2024-10-14 20:00:00",4066,12.92,405,1,-0.344,-0.92,-1.4,-0.082,-0.125,-0.124,-0.27,52.36,48.93
"2024-10-14 20:30:00",4067,12.92,405,1,-0.343,-0.91,-1.4,-0.081,-0.125,-0.119,-0.267,53.01,47.34
"2024-10-14 21:00:00",4068,12.91,405,1,-0.347,-0.94,-1.4,-0.084,-0.125,-0.126,-0.269,53.25,49.66
"2024-10-14 21:30:00",4069,12.91,405,1,-0.317,-0.83,-1.31,-0.075,-0.117,-0.118,-0.265,54.57,49.05
"2024-10-14 22:00:00",4070,12.91,405,1,-0.329,-0.85,-1.37,-0.076,-0.122,-0.119,-0.267,53.52,47.43
"2024-10-14 22:30:00",4071,12.9,405,1,-0.337,-0.91,-1.36,-0.081,-0.122,-0.117,-0.262,53.99,46.81
"2024-10-14 23:00:00",4072,12.9,405,1,-0.344,-0.9,-1.42,-0.08,-0.127,-0.121,-0.269,55.21,49.69
"2024-10-14 23:30:00",4073,12.9,405,1,-0.393,-1.12,-1.52,-0.1,-0.135,-0.137,-0.278,53.76,47.66
"2024-10-15 00:00:00",4074,12.9,405,1,-0.367,-1.02,-1.45,-0.091,-0.129,-0.13,-0.277,52.97,47.29
"2024-10-15 00:30:00",4075,12.89,405,1,-0.366,-1.01,-1.45,-0.09,-0.13,-0.132,-0.277,53.89,48.37
"2024-10-15 01:00:00",4076,12.89,405,1,-0.36,-1.02,-1.4,-0.091,-0.125,-0.13,-0.273,53.48,48.79
"2024-10-15 01:30:00",4077,12.89,405,1,-0.347,-0.94,-1.4,-0.084,-0.125,-0.117,-0.266,53.97,48.6
"2024-10-15 02:00:00",4078,12.89,405,1,-0.341,-0.89,-1.41,-0.079,-0.126,-0.124,-0.274,54.22,47.45
"2024-10-15 02:30:00",4079,12.88,405,1,-0.341,-0.89,-1.41,-0.08,-0.126,-0.125,-0.277,53.48,47.54
"2024-10-15 03:00:00",4080,12.88,405,1,-0.35,-0.93,-1.43,-0.083,-0.127,-0.121,-0.267,54.94,48.33
"2024-10-15 03:30:00",4081,12.87,405,1,-0.346,-0.91,-1.42,-0.081,-0.127,-0.124,-0.267,54.15,48.63
"2024-10-15 04:00:00",4082,12.87,405,1,-0.367,-1,-1.47,-0.089,-0.131,-0.127,-0.275,54.19,48.67
"2024-10-15 04:30:00",4083,12.87,405,1,-0.346,-0.91,-1.42,-0.081,-0.127,-0.119,-0.27,54.03,48.1
"2024-10-15 05:00:00",4084,12.86,405,1,-0.365,-0.98,-1.48,-0.088,-0.132,-0.13,-0.275,53.17,47.91
"2024-10-15 05:30:00",4085,12.86,405,1,-0.323,-0.8,-1.38,-0.072,-0.123,-0.112,-0.272,54.73,48.22
"2024-10-15 06:00:00",4086,12.86,405,1,-0.347,-0.93,-1.41,-0.083,-0.125,-0.123,-0.269,54.33,47.98
"2024-10-15 06:30:00",4087,12.85,405,1,-0.371,-1.01,-1.49,-0.09,-0.132,-0.13,-0.278,53.64,47.7
"2024-10-15 07:00:00",4088,12.85,405,1,-0.343,-0.89,-1.42,-0.08,-0.127,-0.118,-0.27,55.4,48.63
"2024-10-15 07:30:00",4089,12.85,405,1,-0.347,-0.88,-1.46,-0.079,-0.13,-0.119,-0.268,54.7,48.5
"2024-10-15 08:00:00",4090,12.85,405,1,-0.306,-0.72,-1.35,-0.064,-0.12,-0.103,-0.261,55.64,47.87
"2024-10-15 08:30:00",4091,12.85,405,1,-0.317,-0.9,-1.23,-0.081,-0.11,-0.119,-0.249,55.24,49.87
"2024-10-15 09:00:00",4092,12.84,405,1,-0.203,-0.31,-1.08,-0.029,-0.097,-0.074,-0.239,59.75,49.8
"2024-10-15 09:30:00",4093,12.85,405,1,-0.206,-0.55,-0.84,-0.05,-0.075,-0.084,-0.213,59.79,50.93
"2024-10-15 10:00:00",4094,12.86,405,1,-0.18,-0.47,-0.75,-0.042,-0.067,-0.084,-0.218,56.62,50.42
"2024-10-15 10:30:00",4095,12.86,405,1,-0.18,-0.45,-0.77,-0.041,-0.069,-0.08,-0.212,57.08,50.99
"2024-10-15 11:00:00",4096,12.87,405,1,-0.153,-0.52,-0.51,-0.047,-0.046,-0.089,-0.192,55.11,50
"2024-10-15 11:30:00",4097,12.88,405,1,-0.096,-0.3,-0.35,-0.028,-0.032,-0.062,-0.181,58.63,52.54
"2024-10-15 12:00:00",4098,12.88,405,1,-0.025,0.02,-0.2,0.002,-0.019,-0.033,-0.165,59.29,51.43
"2024-10-15 12:30:00",4099,12.88,405,1,-0.048,-0.12,-0.21,-0.012,-0.019,-0.06,-0.172,57.08,50.99
"2024-10-15 13:00:00",4100,12.89,405,1,-0.101,-0.53,-0.14,-0.048,-0.013,-0.073,-0.154,57.58,51.23
"2024-10-15 13:30:00",4101,12.89,405,1,-0.101,-0.3,-0.38,-0.027,-0.034,-0.085,-0.199,53.59,48.91
"2024-10-15 14:00:00",4102,12.9,405,1,-0.152,-0.48,-0.54,-0.043,-0.048,-0.09,-0.211,53.44,47.93
"2024-10-15 14:30:00",4103,12.89,405,1,-0.148,-0.41,-0.59,-0.037,-0.053,-0.079,-0.21,55.22,49.44
"2024-10-15 15:00:00",4104,12.9,405,1,-0.151,-0.42,-0.6,-0.038,-0.054,-0.085,-0.213,54.43,48.49
"2024-10-15 15:30:00",4105,12.89,405,1,-0.22,-0.63,-0.85,-0.057,-0.076,-0.096,-0.225,54.94,50
"2024-10-15 16:00:00",4106,12.89,405,1,-0.224,-0.59,-0.92,-0.053,-0.082,-0.095,-0.231,56.23,48.62
"2024-10-15 16:30:00",4107,12.89,405,1,-0.222,-0.59,-0.91,-0.053,-0.081,-0.094,-0.23,55.87,48.69
"2024-10-15 17:00:00",4108,12.89,405,1,-0.207,-0.55,-0.85,-0.05,-0.076,-0.094,-0.228,54.4,49.98
"2024-10-15 17:30:00",4109,12.89,405,1,-0.236,-0.66,-0.93,-0.06,-0.083,-0.103,-0.235,54.04,49.2
"2024-10-15 18:00:00",4110,12.89,405,1,-0.279,-0.76,-1.12,-0.068,-0.1,-0.107,-0.249,54.98,48.62
"2024-10-15 18:30:00",4111,12.89,405,1,-0.319,-0.85,-1.3,-0.076,-0.116,-0.123,-0.262,53.15,47.21
"2024-10-15 19:00:00",4112,12.88,405,1,-0.325,-0.89,-1.3,-0.079,-0.116,-0.12,-0.262,54.68,48.32
"2024-10-15 19:30:00",4113,12.88,405,1,-0.325,-0.87,-1.32,-0.078,-0.118,-0.116,-0.261,55.75,47.99
"2024-10-15 20:00:00",4114,12.87,405,1,-0.329,-0.87,-1.35,-0.078,-0.121,-0.121,-0.263,54.85,48.5
"2024-10-15 20:30:00",4115,12.87,405,1,-0.34,-0.92,-1.37,-0.082,-0.123,-0.125,-0.265,55.64,48.71
"2024-10-15 21:00:00",4116,12.87,405,1,-0.338,-0.9,-1.38,-0.081,-0.123,-0.123,-0.268,53.48,49.63
"2024-10-15 21:30:00",4117,12.86,405,1,-0.349,-0.92,-1.43,-0.082,-0.128,-0.12,-0.267,54.8,49.95
"2024-10-15 22:00:00",4118,12.86,405,1,-0.355,-0.95,-1.44,-0.085,-0.128,-0.123,-0.27,54.76,48.82
"2024-10-15 22:30:00",4119,12.86,405,1,-0.355,-0.98,-1.41,-0.088,-0.126,-0.128,-0.27,53.64,49.52
"2024-10-15 23:00:00",4120,12.86,405,1,-0.359,-0.98,-1.44,-0.087,-0.128,-0.127,-0.268,55.39,50.02
"2024-10-15 23:30:00",4121,12.86,405,1,-0.343,-0.93,-1.38,-0.083,-0.123,-0.123,-0.265,55,48.64
"2024-10-16 00:00:00",4122,12.86,405,1,-0.358,-0.96,-1.45,-0.086,-0.129,-0.126,-0.271,54.17,49.22
"2024-10-16 00:30:00",4123,12.86,405,1,-0.356,-0.91,-1.49,-0.081,-0.132,-0.121,-0.274,54.44,47.82
"2024-10-16 01:00:00",4124,12.85,405,1,-0.352,-0.95,-1.42,-0.085,-0.126,-0.12,-0.261,53.83,48.15
"2024-10-16 01:30:00",4125,12.85,405,1,-0.347,-0.93,-1.41,-0.083,-0.126,-0.123,-0.265,53.51,47.72
"2024-10-16 02:00:00",4126,12.85,405,1,-0.358,-0.96,-1.45,-0.086,-0.129,-0.123,-0.269,54.55,47.78
"2024-10-16 02:30:00",4127,12.85,405,1,-0.344,-0.93,-1.39,-0.083,-0.124,-0.124,-0.267,54.32,47.97
"2024-10-16 03:00:00",4128,12.85,405,1,-0.346,-0.94,-1.39,-0.084,-0.124,-0.124,-0.267,54.06,47.7
"2024-10-16 03:30:00",4129,12.84,405,1,-0.347,-0.94,-1.4,-0.084,-0.125,-0.124,-0.268,53.88,49.03
"2024-10-16 04:00:00",4130,12.84,405,1,-0.346,-0.91,-1.42,-0.081,-0.127,-0.121,-0.265,54.65,48.45
"2024-10-16 04:30:00",4131,12.84,405,1,-0.353,-0.96,-1.42,-0.086,-0.127,-0.123,-0.267,54.78,49.25
"2024-10-16 05:00:00",4132,12.84,405,1,-0.355,-0.93,-1.46,-0.083,-0.13,-0.121,-0.27,55.35,48.83
"2024-10-16 05:30:00",4133,12.83,405,1,-0.351,-0.91,-1.46,-0.081,-0.13,-0.122,-0.27,54.66,48.3
"2024-10-16 06:00:00",4134,12.83,405,1,-0.343,-0.91,-1.4,-0.081,-0.125,-0.121,-0.268,53.74,47.95
"2024-10-16 06:30:00",4135,12.83,405,1,-0.356,-0.94,-1.46,-0.084,-0.13,-0.122,-0.271,54.53,48.17
"2024-10-16 07:00:00",4136,12.83,405,1,-0.356,-0.94,-1.46,-0.084,-0.13,-0.124,-0.268,54.57,48.89
"2024-10-16 07:30:00",4137,12.82,405,1,-0.354,-0.9,-1.49,-0.08,-0.133,-0.121,-0.27,55.21,49.53
"2024-10-16 08:00:00",4138,12.82,405,1,-0.333,-0.85,-1.4,-0.077,-0.125,-0.112,-0.263,56.18,49.4
"2024-10-16 08:30:00",4139,12.82,405,1,-0.327,-0.92,-1.28,-0.082,-0.114,-0.118,-0.245,54.66,49.13
"2024-10-16 09:00:00",4140,12.82,405,1,-0.108,0.33,-1.11,0.029,-0.099,-0.018,-0.243,64.64,51.77
"2024-10-16 09:30:00",4141,12.82,405,1,-0.283,-0.75,-1.16,-0.067,-0.103,-0.105,-0.24,55.32,48.54
"2024-10-16 10:00:00",4142,12.83,405,1,-0.349,-1.33,-0.99,-0.118,-0.088,-0.139,-0.22,53.86,52.09
"2024-10-16 10:30:00",4143,12.83,405,1,-0.257,-0.7,-1.03,-0.063,-0.092,-0.101,-0.235,56.11,49.91
"2024-10-16 11:00:00",4144,12.83,405,1,-0.339,-1.37,-0.88,-0.122,-0.078,-0.14,-0.207,54.01,50.99
"2024-10-16 11:30:00",4145,12.84,405,1,-0.245,-1.07,-0.55,-0.096,-0.05,-0.11,-0.185,57.01,52.58
"2024-10-16 12:00:00",4146,12.84,405,1,0.003,0.61,-0.63,0.054,-0.056,0.004,-0.201,62.77,53.49
"2024-10-16 12:30:00",4147,12.84,405,1,-0.097,0.03,-0.71,0.002,-0.064,-0.046,-0.214,57.82,52.55
"2024-10-16 13:00:00",4148,12.85,405,1,-0.146,-0.35,-0.64,-0.032,-0.058,-0.071,-0.191,57.51,51.58
"2024-10-16 13:30:00",4149,12.85,405,1,-0.213,-0.66,-0.77,-0.059,-0.069,-0.106,-0.22,53.21,47.28
"2024-10-16 14:00:00",4150,12.85,405,1,-0.167,-0.47,-0.66,-0.042,-0.059,-0.085,-0.209,54.82,48.31
"2024-10-16 14:30:00",4151,12.85,405,1,-0.142,-0.42,-0.54,-0.038,-0.049,-0.075,-0.196,57.43,49.56
"2024-10-16 15:00:00",4152,12.86,405,1,-0.132,-0.37,-0.52,-0.033,-0.047,-0.081,-0.197,56.06,50.29
"2024-10-16 15:30:00",4153,12.86,405,1,-0.156,-0.45,-0.6,-0.041,-0.054,-0.086,-0.212,53.84,50.82
"2024-10-16 16:00:00",4154,12.86,405,1,-0.162,-0.54,-0.55,-0.049,-0.05,-0.088,-0.206,54.39,51.11
"2024-10-16 16:30:00",4155,12.85,405,1,-0.205,-0.64,-0.74,-0.058,-0.066,-0.105,-0.221,51.84,48.41
"2024-10-16 17:00:00",4156,12.85,405,1,-0.186,-0.43,-0.83,-0.039,-0.074,-0.081,-0.227,57.22,50.86
"2024-10-16 17:30:00",4157,12.85,405,1,-0.229,-0.64,-0.9,-0.058,-0.081,-0.104,-0.233,54.94,47.9
"2024-10-16 18:00:00",4158,12.85,405,1,-0.272,-0.79,-1.04,-0.071,-0.093,-0.117,-0.249,53.5,47.56
"2024-10-16 18:30:00",4159,12.84,405,1,-0.323,-0.91,-1.26,-0.082,-0.113,-0.125,-0.263,53.01,49.15
"2024-10-16 19:00:00",4160,12.84,405,1,-0.325,-0.87,-1.32,-0.078,-0.117,-0.12,-0.264,53.38,48.28
"2024-10-16 19:30:00",4161,12.83,405,1,-0.334,-0.88,-1.37,-0.079,-0.122,-0.119,-0.266,54.55,48.46
"2024-10-16 20:00:00",4162,12.82,405,1,-0.347,-0.94,-1.4,-0.084,-0.125,-0.124,-0.266,53.74,49.05
"2024-10-16 20:30:00",4163,12.82,405,1,-0.338,-0.91,-1.37,-0.081,-0.122,-0.122,-0.263,54.08,48.4
"2024-10-16 21:00:00",4164,12.82,405,1,-0.348,-0.9,-1.45,-0.08,-0.129,-0.126,-0.272,53.8,48.53
"2024-10-16 21:30:00",4165,12.82,405,1,-0.331,-0.85,-1.38,-0.076,-0.123,-0.116,-0.267,54.11,49.01
"2024-10-16 22:00:00",4166,12.81,405,1,-0.346,-0.94,-1.39,-0.084,-0.124,-0.12,-0.262,55.26,48.33
"2024-10-16 22:30:00",4167,12.81,405,1,-0.349,-0.94,-1.41,-0.084,-0.126,-0.12,-0.264,54.8,48.6
"2024-10-16 23:00:00",4168,12.8,405,1,-0.355,-0.97,-1.42,-0.086,-0.126,-0.124,-0.262,55.27,48.5
"2024-10-16 23:30:00",4169,12.8,405,1,-0.347,-0.89,-1.45,-0.08,-0.129,-0.118,-0.267,55.23,50.12
"2024-10-17 00:00:00",4170,12.8,405,1,-0.338,-0.86,-1.42,-0.077,-0.126,-0.116,-0.27,55.92,48.88
"2024-10-17 00:30:00",4171,12.8,405,1,-0.352,-0.95,-1.42,-0.085,-0.126,-0.12,-0.265,54.13,47.51
"2024-10-17 01:00:00",4172,12.8,405,1,-0.341,-0.92,-1.38,-0.083,-0.123,-0.123,-0.267,55.59,49.23
"2024-10-17 01:30:00",4173,12.8,405,1,-0.353,-0.96,-1.42,-0.086,-0.127,-0.124,-0.265,54.38,48.44
"2024-10-17 02:00:00",4174,12.8,405,1,-0.368,-0.99,-1.49,-0.089,-0.132,-0.124,-0.267,53.72,48.88
"2024-10-17 02:30:00",4175,12.8,405,1,-0.344,-0.93,-1.39,-0.083,-0.124,-0.119,-0.262,54.08,49.65
"2024-10-17 03:00:00",4176,12.8,405,1,-0.344,-0.9,-1.42,-0.081,-0.126,-0.119,-0.265,54.7,49.33
"2024-10-17 03:30:00",4177,12.8,405,1,-0.35,-0.94,-1.42,-0.084,-0.127,-0.124,-0.265,53.55,47.87
"2024-10-17 04:00:00",4178,12.8,405,1,-0.356,-0.94,-1.46,-0.084,-0.13,-0.124,-0.266,54.12,48.18
"2024-10-17 04:30:00",4179,12.8,405,1,-0.352,-0.94,-1.43,-0.084,-0.127,-0.124,-0.268,53.28,47.91
"2024-10-17 05:00:00",4180,12.79,405,1,-0.337,-0.88,-1.39,-0.079,-0.124,-0.117,-0.265,54.43,47.81
"2024-10-17 05:30:00",4181,12.79,405,1,-0.339,-0.87,-1.42,-0.078,-0.127,-0.119,-0.273,54.03,48.67
"2024-10-17 06:00:00",4182,12.79,405,1,-0.344,-0.9,-1.42,-0.081,-0.127,-0.121,-0.265,54.55,49.19
"2024-10-17 06:30:00",4183,12.79,405,1,-0.364,-0.99,-1.46,-0.088,-0.13,-0.126,-0.273,55.9,49.54
"2024-10-17 07:00:00",4184,12.79,405,1,-0.347,-0.94,-1.4,-0.084,-0.125,-0.127,-0.271,53.44,49.43
"2024-10-17 07:30:00",4185,12.78,405,1,-0.371,-1.01,-1.49,-0.091,-0.133,-0.131,-0.273,55.37,49.43
"2024-10-17 08:00:00",4186,12.79,405,1,-0.361,-0.95,-1.48,-0.085,-0.132,-0.119,-0.265,54.95,48.18
"2024-10-17 08:30:00",4187,12.78,405,1,-0.313,-0.82,-1.29,-0.074,-0.115,-0.112,-0.252,54.75,48.81
"2024-10-17 09:00:00",4188,12.78,405,1,-0.304,-0.81,-1.24,-0.073,-0.111,-0.111,-0.251,55.67,51.82
"2024-10-17 09:30:00",4189,12.78,405,1,-0.299,-0.78,-1.24,-0.07,-0.11,-0.108,-0.253,56.13,49.77
"2024-10-17 10:00:00",4190,12.78,405,1,-0.303,-0.86,-1.18,-0.077,-0.105,-0.11,-0.24,56.1,50
"2024-10-17 10:30:00",4191,12.78,405,1,-0.234,-0.6,-0.98,-0.054,-0.088,-0.093,-0.226,57.77,51.41
"2024-10-17 11:00:00",4192,12.79,405,1,-0.409,-1.68,-1.03,-0.15,-0.092,-0.165,-0.213,54.03,50.17
"2024-10-17 11:30:00",4193,12.79,405,1,-0.197,-0.68,-0.64,-0.061,-0.058,-0.084,-0.198,60.04,53.27
"2024-10-17 12:00:00",4194,12.79,405,1,-0.118,-0.04,-0.78,-0.004,-0.07,-0.047,-0.206,60.23,50.54
"2024-10-17 12:30:00",4195,12.8,405,1,-0.164,-0.42,-0.69,-0.038,-0.062,-0.075,-0.197,55.91,50.55
"2024-10-17 13:00:00",4196,12.8,405,1,-0.148,-0.39,-0.61,-0.035,-0.055,-0.072,-0.187,57.63,53.77
"2024-10-17 13:30:00",4197,12.8,405,1,-0.169,-0.51,-0.63,-0.046,-0.056,-0.093,-0.211,54.98,49.62
"2024-10-17 14:00:00",4198,12.81,405,1,-0.146,-0.37,-0.62,-0.033,-0.056,-0.083,-0.206,54.61,51.58
"2024-10-17 14:30:00",4199,12.81,405,1,-0.149,-0.49,-0.51,-0.044,-0.046,-0.081,-0.193,55.61,50.09
"2024-10-17 15:00:00",4200,12.81,405,1,-0.133,-0.37,-0.53,-0.034,-0.048,-0.081,-0.2,54.81,52.05
"2024-10-17 15:30:00",4201,12.81,405,1,-0.153,-0.44,-0.59,-0.04,-0.053,-0.082,-0.205,56.4,50.62
"2024-10-17 16:00:00",4202,12.81,405,1,-0.135,-0.42,-0.49,-0.038,-0.044,-0.087,-0.205,56.18,48.17
"2024-10-17 16:30:00",4203,12.81,405,1,-0.191,-0.54,-0.75,-0.049,-0.068,-0.095,-0.221,55.74,50.38
"2024-10-17 17:00:00",4204,12.81,405,1,-0.164,-0.45,-0.66,-0.041,-0.059,-0.083,-0.204,53.59,50.57
"2024-10-17 17:30:00",4205,12.81,405,1,-0.232,-0.67,-0.89,-0.06,-0.08,-0.1,-0.225,54.95,48.86
"2024-10-17 18:00:00",4206,12.81,405,1,-0.26,-0.71,-1.04,-0.064,-0.093,-0.108,-0.245,53.15,47.63
"2024-10-17 18:30:00",4207,12.8,405,1,-0.303,-0.82,-1.22,-0.074,-0.108,-0.117,-0.254,53.87,46.69
"2024-10-17 19:00:00",4208,12.8,405,1,-0.325,-0.9,-1.29,-0.081,-0.115,-0.124,-0.262,54.36,48.42
"2024-10-17 19:30:00",4209,12.79,405,1,-0.331,-0.89,-1.34,-0.08,-0.12,-0.123,-0.267,54.11,48.59
"2024-10-17 20:00:00",4210,12.79,405,1,-0.334,-0.87,-1.38,-0.078,-0.123,-0.12,-0.267,54.16,48.79
"2024-10-17 20:30:00",4211,12.78,405,1,-0.345,-0.95,-1.37,-0.085,-0.122,-0.127,-0.267,54.44,47.83
"2024-10-17 21:00:00",4212,12.78,405,1,-0.35,-0.95,-1.41,-0.085,-0.126,-0.126,-0.265,53.97,49.44
"2024-10-17 21:30:00",4213,12.78,405,1,-0.337,-0.88,-1.39,-0.079,-0.124,-0.117,-0.266,53.99,48.72
"2024-10-17 22:00:00",4214,12.77,405,1,-0.343,-0.91,-1.4,-0.081,-0.125,-0.122,-0.267,54.2,48.52
"2024-10-17 22:30:00",4215,12.77,405,1,-0.352,-0.93,-1.44,-0.083,-0.128,-0.129,-0.268,53.39,49.28
"2024-10-17 23:00:00",4216,12.76,405,1,-0.356,-0.97,-1.43,-0.087,-0.128,-0.127,-0.267,54.32,49.37
"2024-10-17 23:30:00",4217,12.76,405,1,-0.353,-0.94,-1.44,-0.084,-0.128,-0.122,-0.27,53.49,48.54
"2024-10-18 00:00:00",4218,12.76,405,1,-0.363,-1,-1.44,-0.09,-0.128,-0.128,-0.27,54.21,48.01
"2024-10-18 00:30:00",4219,12.76,405,1,-0.35,-0.9,-1.46,-0.081,-0.13,-0.124,-0.268,54.69,48.75
"2024-10-18 01:00:00",4220,12.76,405,1,-0.343,-0.91,-1.4,-0.082,-0.125,-0.122,-0.267,54.5,48.14
"2024-10-18 01:30:00",4221,12.76,405,1,-0.335,-0.87,-1.39,-0.078,-0.124,-0.116,-0.264,55.22,48.44
"2024-10-18 02:00:00",4222,12.76,405,1,-0.361,-0.97,-1.46,-0.087,-0.13,-0.127,-0.269,55.04,48.53
"2024-10-18 02:30:00",4223,12.75,405,1,-0.364,-1.01,-1.44,-0.09,-0.128,-0.128,-0.272,54.32,48.38
"2024-10-18 03:00:00",4224,12.75,405,1,-0.363,-1,-1.44,-0.089,-0.128,-0.127,-0.27,54.48,48.54
"2024-10-18 03:30:00",4225,12.75,405,1,-0.344,-0.92,-1.4,-0.083,-0.125,-0.119,-0.262,55.02,49.23
"2024-10-18 04:00:00",4226,12.75,405,1,-0.349,-0.96,-1.39,-0.085,-0.124,-0.119,-0.259,54.41,48.89
"2024-10-18 04:30:00",4227,12.75,405,1,-0.352,-0.97,-1.4,-0.087,-0.125,-0.127,-0.264,54.04,48.11
"2024-10-18 05:00:00",4228,12.75,405,1,-0.35,-0.92,-1.44,-0.082,-0.128,-0.123,-0.268,53.79,48.84
"2024-10-18 05:30:00",4229,12.74,405,1,-0.357,-0.99,-1.41,-0.088,-0.126,-0.129,-0.269,53.02,49.17
"2024-10-18 06:00:00",4230,12.74,405,1,-0.352,-0.93,-1.44,-0.083,-0.128,-0.122,-0.268,54.6,48.66
"2024-10-18 06:30:00",4231,12.74,405,1,-0.352,-0.97,-1.4,-0.087,-0.125,-0.125,-0.265,53.76,47.98
"2024-10-18 07:00:00",4232,12.74,405,1,-0.35,-0.92,-1.44,-0.082,-0.128,-0.123,-0.265,54.34,48.24
"2024-10-18 07:30:00",4233,12.73,405,1,-0.356,-0.93,-1.47,-0.083,-0.131,-0.122,-0.267,54.48,48.7
"2024-10-18 08:00:00",4234,12.73,405,1,-0.343,-0.89,-1.42,-0.079,-0.126,-0.118,-0.261,56.26,48.65
"2024-10-18 08:30:00",4235,12.73,405,1,-0.322,-0.89,-1.28,-0.08,-0.114,-0.113,-0.252,56.88,49.27
"2024-10-18 09:00:00",4236,12.73,405,1,-0.256,-0.52,-1.22,-0.047,-0.109,-0.088,-0.241,58.12,51.09
"2024-10-18 09:30:00",4237,12.74,405,1,-0.263,-0.66,-1.12,-0.059,-0.1,-0.096,-0.241,57.55,50.11
"2024-10-18 10:00:00",4238,12.74,405,1,-0.195,-0.32,-1.01,-0.029,-0.09,-0.068,-0.224,59.69,50.67
"2024-10-18 10:30:00",4239,12.74,405,1,-0.221,-0.63,-0.86,-0.057,-0.077,-0.087,-0.217,56.3,50.94
"2024-10-18 11:00:00",4240,12.74,405,1,-0.388,-1.59,-0.98,-0.141,-0.087,-0.167,-0.21,51.49,51.39
"2024-10-18 11:30:00",4241,12.75,405,1,-0.341,-1.54,-0.71,-0.137,-0.063,-0.155,-0.194,54.48,52.71
"2024-10-18 12:00:00",4242,12.76,405,1,-0.156,-0.45,-0.6,-0.041,-0.054,-0.081,-0.194,58.43,50.83
"2024-10-18 12:30:00",4243,12.76,405,1,-0.142,-0.49,-0.46,-0.044,-0.041,-0.082,-0.189,56.86,50.25
"2024-10-18 13:00:00",4244,12.76,405,1,-0.126,-0.36,-0.49,-0.032,-0.044,-0.065,-0.178,59.99,54.06
"2024-10-18 13:30:00",4245,12.77,405,1,-0.129,-0.41,-0.46,-0.037,-0.042,-0.088,-0.195,53.91,50.06
"2024-10-18 14:00:00",4246,12.77,405,1,-0.118,-0.31,-0.49,-0.028,-0.044,-0.073,-0.197,55.93,50
"2024-10-18 14:30:00",4247,12.77,405,1,-0.134,-0.45,-0.45,-0.04,-0.04,-0.078,-0.187,57.62,51.28
"2024-10-18 15:00:00",4248,12.78,405,1,-0.148,-0.53,-0.46,-0.048,-0.041,-0.09,-0.192,54.31,51.86
"2024-10-18 15:30:00",4249,12.78,405,1,-0.148,-0.53,-0.46,-0.048,-0.042,-0.09,-0.193,54.74,51.3
"2024-10-18 16:00:00",4250,12.78,405,1,-0.129,-0.38,-0.49,-0.035,-0.044,-0.077,-0.193,56.24,51.41
"2024-10-18 16:30:00",4251,12.78,405,1,-0.146,-0.45,-0.53,-0.041,-0.048,-0.088,-0.204,55.04,49.68
"2024-10-18 17:00:00",4252,12.78,405,1,-0.168,-0.53,-0.6,-0.048,-0.054,-0.093,-0.209,55.26,50
"2024-10-18 17:30:00",4253,12.77,405,1,-0.205,-0.62,-0.76,-0.056,-0.068,-0.098,-0.221,54.05,49.21
"2024-10-18 18:00:00",4254,12.77,405,1,-0.256,-0.73,-0.99,-0.066,-0.088,-0.112,-0.245,52.99,48.88
"2024-10-18 18:30:00",4255,12.77,405,1,-0.3,-0.81,-1.21,-0.073,-0.108,-0.117,-0.26,52.86,48.33
"2024-10-18 19:00:00",4256,12.77,405,1,-0.33,-0.91,-1.31,-0.081,-0.117,-0.129,-0.269,53.85,47.24
"2024-10-18 19:30:00",4257,12.76,405,1,-0.339,-0.94,-1.34,-0.084,-0.12,-0.125,-0.268,53.73,48.21
"2024-10-18 20:00:00",4258,12.75,405,1,-0.334,-0.88,-1.37,-0.079,-0.122,-0.125,-0.271,53.64,48.11
"2024-10-18 20:30:00",4259,12.75,405,1,-0.325,-0.87,-1.32,-0.078,-0.117,-0.124,-0.268,53.63,47.69
"2024-10-18 21:00:00",4260,12.74,405,1,-0.342,-0.93,-1.37,-0.083,-0.122,-0.126,-0.271,54.32,47.13
"2024-10-18 21:30:00",4261,12.73,405,1,-0.331,-0.87,-1.36,-0.078,-0.122,-0.122,-0.268,53.72,48.36
"2024-10-18 22:00:00",4262,12.73,405,1,-0.343,-0.95,-1.36,-0.085,-0.122,-0.124,-0.268,53.12,47.76
"2024-10-18 22:30:00",4263,12.72,405,1,-0.346,-0.95,-1.38,-0.085,-0.123,-0.128,-0.27,53.23,48.12
"2024-10-18 23:00:00",4264,12.72,405,1,-0.358,-0.97,-1.44,-0.086,-0.128,-0.127,-0.274,53.83,48.16
"2024-10-18 23:30:00",4265,12.72,405,1,-0.356,-0.96,-1.44,-0.086,-0.128,-0.127,-0.269,54.37,48.28
"2024-10-19 00:00:00",4266,12.71,405,1,-0.344,-0.91,-1.41,-0.081,-0.126,-0.125,-0.27,54.6,47.83
"2024-10-19 00:30:00",4267,12.71,405,1,-0.352,-0.93,-1.44,-0.083,-0.128,-0.127,-0.272,53.57,47.22
"2024-10-19 01:00:00",4268,12.7,405,1,-0.344,-0.89,-1.43,-0.08,-0.128,-0.121,-0.268,55.05,47.86
"2024-10-19 01:30:00",4269,12.7,405,1,-0.346,-0.93,-1.4,-0.083,-0.124,-0.124,-0.269,53.88,49.19
"2024-10-19 02:00:00",4270,12.7,405,1,-0.369,-1.05,-1.43,-0.093,-0.128,-0.132,-0.269,54.22,48.7
"2024-10-19 02:30:00",4271,12.69,405,1,-0.365,-0.99,-1.47,-0.088,-0.131,-0.127,-0.274,53.92,48.55
"2024-10-19 03:00:00",4272,12.69,405,1,-0.361,-0.99,-1.44,-0.088,-0.128,-0.127,-0.267,54.61,48.41
"2024-10-19 03:30:00",4273,12.69,405,1,-0.353,-0.95,-1.43,-0.085,-0.128,-0.124,-0.272,53.8,48.43
"2024-10-19 04:00:00",4274,12.68,405,1,-0.372,-0.98,-1.53,-0.087,-0.136,-0.126,-0.274,54.84,47.5
"2024-10-19 04:30:00",4275,12.68,405,1,-0.374,-1.03,-1.49,-0.092,-0.133,-0.128,-0.268,55.12,48.34
"2024-10-19 05:00:00",4276,12.68,405,1,-0.35,-0.95,-1.41,-0.085,-0.126,-0.123,-0.268,54.54,48.45
"2024-10-19 05:30:00",4277,12.68,405,1,-0.364,-0.96,-1.49,-0.086,-0.133,-0.126,-0.272,54.17,48.23
"2024-10-19 06:00:00",4278,12.68,405,1,-0.352,-0.95,-1.42,-0.085,-0.127,-0.124,-0.268,54.44,47.82
"2024-10-19 06:30:00",4279,12.68,405,1,-0.364,-0.96,-1.49,-0.086,-0.133,-0.124,-0.269,54.15,48.37
"2024-10-19 07:00:00",4280,12.67,405,1,-0.362,-0.98,-1.46,-0.088,-0.13,-0.126,-0.268,54.12,48.6
"2024-10-19 07:30:00",4281,12.68,405,1,-0.353,-0.92,-1.46,-0.083,-0.13,-0.124,-0.266,54.06,48.12
"2024-10-19 08:00:00",4282,12.67,405,1,-0.352,-0.93,-1.44,-0.083,-0.128,-0.12,-0.267,54.9,49.37
"2024-10-19 08:30:00",4283,12.67,405,1,-0.319,-0.83,-1.32,-0.074,-0.118,-0.111,-0.248,57.35,50.16
"2024-10-19 09:00:00",4284,12.68,405,1,-0.266,-0.61,-1.19,-0.055,-0.106,-0.087,-0.237,59.1,49.97
"2024-10-19 09:30:00",4285,12.68,405,1,-0.255,-0.68,-1.04,-0.061,-0.093,-0.095,-0.225,58.27,51.24
"2024-10-19 10:00:00",4286,12.69,405,1,-0.179,-0.37,-0.85,-0.033,-0.076,-0.073,-0.211,58.86,50.84
"2024-10-19 10:30:00",4287,12.69,405,1,-0.169,-0.47,-0.67,-0.043,-0.06,-0.078,-0.199,58.65,51.73
"2024-10-19 11:00:00",4288,12.7,405,1,-0.248,-0.8,-0.86,-0.072,-0.077,-0.117,-0.201,55.02,53.09
"2024-10-19 11:30:00",4289,12.71,405,1,-0.183,-0.89,-0.32,-0.08,-0.03,-0.109,-0.17,56.22,52.63
"2024-10-19 12:00:00",4290,12.71,405,1,-0.151,-0.74,-0.26,-0.066,-0.024,-0.094,-0.167,55.95,52.1
"2024-10-19 12:30:00",4291,12.72,405,1,-0.106,-0.38,-0.33,-0.035,-0.03,-0.077,-0.182,57.34,51.41
"2024-10-19 13:00:00",4292,12.72,405,1,-0.118,-0.48,-0.31,-0.043,-0.028,-0.069,-0.158,59.77,54.26
"2024-10-19 13:30:00",4293,12.73,405,1,-0.118,-0.27,-0.53,-0.025,-0.048,-0.079,-0.199,54.67,51.5
"2024-10-19 14:00:00",4294,12.73,405,1,-0.119,-0.37,-0.43,-0.033,-0.039,-0.079,-0.196,54.86,49.35
"2024-10-19 14:30:00",4295,12.73,405,1,-0.109,-0.32,-0.42,-0.029,-0.038,-0.062,-0.18,57.57,52.06
"2024-10-19 15:00:00",4296,12.73,405,1,-0.088,-0.2,-0.4,-0.019,-0.036,-0.065,-0.189,56.57,50.64
"2024-10-19 15:30:00",4297,12.73,405,1,-0.158,-0.49,-0.57,-0.044,-0.051,-0.092,-0.206,54.86,49.18
"2024-10-19 16:00:00",4298,12.73,405,1,-0.137,-0.42,-0.5,-0.038,-0.045,-0.082,-0.203,55.67,50.42
"2024-10-19 16:30:00",4299,12.73,405,1,-0.151,-0.45,-0.57,-0.041,-0.051,-0.086,-0.207,54.58,50.31
"2024-10-19 17:00:00",4300,12.73,405,1,-0.175,-0.54,-0.64,-0.049,-0.057,-0.094,-0.213,55,49.74
"2024-10-19 17:30:00",4301,12.73,405,1,-0.229,-0.66,-0.88,-0.059,-0.078,-0.102,-0.232,53.49,48.65
"2024-10-19 18:00:00",4302,12.72,405,1,-0.281,-0.79,-1.1,-0.071,-0.098,-0.12,-0.249,52.95,48.68
"2024-10-19 18:30:00",4303,12.72,405,1,-0.31,-0.83,-1.26,-0.074,-0.112,-0.121,-0.263,53.12,48.44
"2024-10-19 19:00:00",4304,12.71,405,1,-0.325,-0.87,-1.32,-0.078,-0.118,-0.122,-0.268,53.84,47.24
"2024-10-19 19:30:00",4305,12.71,405,1,-0.328,-0.89,-1.32,-0.08,-0.117,-0.124,-0.268,53.5,47.82
"2024-10-19 20:00:00",4306,12.7,405,1,-0.337,-0.92,-1.35,-0.082,-0.12,-0.124,-0.268,53.77,47.99
"2024-10-19 20:30:00",4307,12.7,405,1,-0.342,-0.93,-1.37,-0.083,-0.122,-0.122,-0.269,53.69,48.43
"2024-10-19 21:00:00",4308,12.69,405,1,-0.34,-0.93,-1.36,-0.084,-0.122,-0.122,-0.269,54.02,48.34
"2024-10-19 21:30:00",4309,12.69,405,1,-0.338,-0.91,-1.37,-0.082,-0.122,-0.123,-0.27,53.76,47.97
"2024-10-19 22:00:00",4310,12.68,405,1,-0.343,-0.91,-1.4,-0.082,-0.125,-0.123,-0.27,54.02,48.08
"2024-10-19 22:30:00",4311,12.68,405,1,-0.352,-0.98,-1.39,-0.088,-0.123,-0.129,-0.274,54.74,48.64
"2024-10-19 23:00:00",4312,12.68,405,1,-0.347,-0.93,-1.41,-0.083,-0.126,-0.122,-0.268,54.25,48.99
"2024-10-19 23:30:00",4313,12.67,405,1,-0.364,-0.97,-1.48,-0.086,-0.132,-0.128,-0.276,54.89,49.1
"2024-10-20 00:00:00",4314,12.67,405,1,-0.363,-1,-1.44,-0.089,-0.129,-0.131,-0.273,53.41,47.89
"2024-10-20 00:30:00",4315,12.67,405,1,-0.356,-0.96,-1.44,-0.086,-0.128,-0.125,-0.27,54.55,47.36
"2024-10-20 01:00:00",4316,12.66,405,1,-0.353,-0.94,-1.44,-0.084,-0.128,-0.125,-0.271,55.14,48.78
"2024-10-20 01:30:00",4317,12.66,405,1,-0.354,-0.97,-1.41,-0.087,-0.126,-0.126,-0.271,54.1,47.58
"2024-10-20 02:00:00",4318,12.66,405,1,-0.368,-0.97,-1.51,-0.087,-0.135,-0.126,-0.276,54.49,48.8
"2024-10-20 02:30:00",4319,12.65,405,1,-0.344,-0.91,-1.41,-0.081,-0.126,-0.121,-0.271,53.74,48.21
"2024-10-20 03:00:00",4320,12.65,405,1,-0.354,-0.97,-1.41,-0.087,-0.126,-0.128,-0.272,54.06,48.12
"2024-10-20 03:30:00",4321,12.65,405,1,-0.353,-0.94,-1.44,-0.084,-0.129,-0.128,-0.276,54.46,48.52
"2024-10-20 04:00:00",4322,12.65,405,1,-0.376,-1.05,-1.48,-0.094,-0.132,-0.133,-0.274,53.9,47.96
"2024-10-20 04:30:00",4323,12.64,405,1,-0.354,-0.91,-1.48,-0.081,-0.132,-0.123,-0.274,54.4,48.04
"2024-10-20 05:00:00",4324,12.64,405,1,-0.362,-0.96,-1.48,-0.086,-0.132,-0.125,-0.271,54.14,47.94
"2024-10-20 05:30:00",4325,12.64,405,1,-0.371,-0.96,-1.54,-0.086,-0.138,-0.123,-0.276,54.86,48.5
"2024-10-20 06:00:00",4326,12.64,405,1,-0.361,-0.96,-1.47,-0.086,-0.131,-0.122,-0.271,54.33,48.97
"2024-10-20 06:30:00",4327,12.63,405,1,-0.354,-0.91,-1.48,-0.081,-0.132,-0.126,-0.269,54.46,48.77
"2024-10-20 07:00:00",4328,12.63,405,1,-0.349,-0.91,-1.44,-0.081,-0.129,-0.123,-0.269,54.47,48.11
"2024-10-20 07:30:00",4329,12.63,405,1,-0.352,-0.93,-1.44,-0.083,-0.128,-0.122,-0.268,54.31,47.95
"2024-10-20 08:00:00",4330,12.63,405,1,-0.352,-0.92,-1.45,-0.082,-0.13,-0.121,-0.267,53.64,48.53
"2024-10-20 08:30:00",4331,12.63,405,1,-0.371,-1,-1.5,-0.09,-0.134,-0.124,-0.265,56.45,49.83
"2024-10-20 09:00:00",4332,12.63,405,1,-0.357,-1.01,-1.39,-0.091,-0.124,-0.118,-0.252,55.95,50.16
"2024-10-20 09:30:00",4333,12.63,405,1,-0.331,-0.85,-1.38,-0.076,-0.123,-0.106,-0.251,58.56,49.7
"2024-10-20 10:00:00",4334,12.63,405,1,-0.252,-0.68,-1.02,-0.061,-0.091,-0.096,-0.221,57.17,51.38
"2024-10-20 10:30:00",4335,12.64,405,1,-0.244,-0.72,-0.92,-0.065,-0.082,-0.097,-0.214,56.98,51.88
"2024-10-20 11:00:00",4336,12.64,405,1,-0.528,-2.33,-1.16,-0.207,-0.104,-0.213,-0.2,49.88,54.1
"2024-10-20 11:30:00",4337,12.65,405,1,-0.128,-0.45,-0.41,-0.041,-0.037,-0.082,-0.189,57.14,51.47
"2024-10-20 12:00:00",4338,12.65,405,1,-0.156,-0.63,-0.41,-0.057,-0.037,-0.085,-0.175,60.75,51.74
"2024-10-20 12:30:00",4339,12.66,405,1,-0.126,-0.38,-0.47,-0.034,-0.043,-0.079,-0.195,55.27,50.43
"2024-10-20 13:00:00",4340,12.67,405,1,-0.143,-0.49,-0.47,-0.044,-0.043,-0.068,-0.157,62.73,56.54
"2024-10-20 13:30:00",4341,12.67,405,1,-0.148,-0.44,-0.56,-0.04,-0.05,-0.096,-0.211,51.81,49.05
"2024-10-20 14:00:00",4342,12.67,405,1,-0.142,-0.41,-0.55,-0.037,-0.049,-0.081,-0.207,54.64,49.13
"2024-10-20 14:30:00",4343,12.67,405,1,-0.107,-0.35,-0.37,-0.032,-0.034,-0.068,-0.187,58.03,51.26
"2024-10-20 15:00:00",4344,12.68,405,1,-0.147,-0.45,-0.54,-0.041,-0.049,-0.082,-0.205,55.91,49.4
"2024-10-20 15:30:00",4345,12.67,405,1,-0.133,-0.38,-0.52,-0.034,-0.047,-0.081,-0.205,54.95,50.68
"2024-10-20 16:00:00",4346,12.68,405,1,-0.161,-0.45,-0.64,-0.041,-0.057,-0.084,-0.206,55.73,49.8
"2024-10-20 16:30:00",4347,12.67,405,1,-0.157,-0.45,-0.61,-0.041,-0.055,-0.085,-0.214,55.03,48.68
"2024-10-20 17:00:00",4348,12.67,405,1,-0.172,-0.48,-0.68,-0.043,-0.061,-0.089,-0.216,55.59,49.65
"2024-10-20 17:30:00",4349,12.67,405,1,-0.224,-0.66,-0.85,-0.059,-0.076,-0.1,-0.228,54.58,49.06
"2024-10-20 18:00:00",4350,12.67,405,1,-0.284,-0.82,-1.09,-0.073,-0.097,-0.121,-0.251,52.88,48.03
"2024-10-20 18:30:00",4351,12.67,405,1,-0.316,-0.88,-1.25,-0.078,-0.111,-0.123,-0.265,52.46,47.36
"2024-10-20 19:00:00",4352,12.66,405,1,-0.319,-0.88,-1.27,-0.078,-0.113,-0.123,-0.266,53.46,48.93
"2024-10-20 19:30:00",4353,12.66,405,1,-0.33,-0.89,-1.33,-0.079,-0.119,-0.126,-0.268,52.79,47.69
"2024-10-20 20:00:00",4354,12.65,405,1,-0.343,-0.92,-1.39,-0.083,-0.124,-0.124,-0.267,52.78,48.09
"2024-10-20 20:30:00",4355,12.65,405,1,-0.338,-0.91,-1.37,-0.081,-0.122,-0.123,-0.272,52.88,49.02
"2024-10-20 21:00:00",4356,12.64,405,1,-0.338,-0.89,-1.39,-0.079,-0.123,-0.121,-0.27,54.01,48.91
"2024-10-20 21:30:00",4357,12.64,405,1,-0.347,-0.92,-1.42,-0.082,-0.127,-0.122,-0.273,53.86,47.76
"2024-10-20 22:00:00",4358,12.63,405,1,-0.338,-0.86,-1.42,-0.077,-0.127,-0.122,-0.273,53.9,48.95
"2024-10-20 22:30:00",4359,12.63,405,1,-0.363,-1.01,-1.43,-0.09,-0.127,-0.129,-0.273,54.05,48.11
"2024-10-20 23:00:00",4360,12.62,405,1,-0.348,-0.95,-1.39,-0.085,-0.124,-0.126,-0.27,54.66,48.04
"2024-10-20 23:30:00",4361,12.62,405,1,-0.35,-0.93,-1.43,-0.083,-0.128,-0.126,-0.272,54.22,48.28
"2024-10-21 00:00:00",4362,12.61,405,1,-0.374,-1.02,-1.5,-0.091,-0.134,-0.13,-0.277,54.88,47.85
"2024-10-21 00:30:00",4363,12.61,405,1,-0.359,-0.97,-1.45,-0.086,-0.129,-0.123,-0.273,54.37,48.58
"2024-10-21 01:00:00",4364,12.61,405,1,-0.362,-0.95,-1.49,-0.085,-0.133,-0.124,-0.276,53.91,47.97
"2024-10-21 01:30:00",4365,12.61,405,1,-0.373,-1.02,-1.49,-0.091,-0.132,-0.128,-0.273,54.64,48.12
"2024-10-21 02:00:00",4366,12.6,405,1,-0.359,-0.94,-1.48,-0.084,-0.132,-0.123,-0.272,54.83,48.74
"2024-10-21 02:30:00",4367,12.6,405,1,-0.354,-0.97,-1.41,-0.086,-0.126,-0.126,-0.27,55.17,48.82
"2024-10-21 03:00:00",4368,12.6,405,1,-0.362,-0.95,-1.49,-0.085,-0.133,-0.127,-0.274,53.66,48.14
"2024-10-21 03:30:00",4369,12.6,405,1,-0.367,-0.98,-1.49,-0.087,-0.133,-0.129,-0.273,54.27,47.92
"2024-10-21 04:00:00",4370,12.59,405,1,-0.364,-0.97,-1.48,-0.087,-0.132,-0.129,-0.273,54.18,49.07
"2024-10-21 04:30:00",4371,12.59,405,1,-0.367,-0.98,-1.49,-0.087,-0.133,-0.129,-0.273,54.35,47.58
"2024-10-21 05:00:00",4372,12.59,405,1,-0.367,-0.99,-1.48,-0.088,-0.132,-0.125,-0.273,54.88,48.69
"2024-10-21 05:30:00",4373,12.59,405,1,-0.359,-0.93,-1.49,-0.083,-0.133,-0.125,-0.274,54.81,49.13
"2024-10-21 06:00:00",4374,12.58,405,1,-0.358,-0.97,-1.44,-0.086,-0.129,-0.126,-0.27,53.89,47.95
"2024-10-21 06:30:00",4375,12.59,405,1,-0.374,-1,-1.52,-0.089,-0.135,-0.129,-0.276,55.78,49.01
"2024-10-21 07:00:00",4376,12.58,405,1,-0.359,-0.94,-1.48,-0.084,-0.132,-0.124,-0.267,54.84,48.49
"2024-10-21 07:30:00",4377,12.58,405,1,-0.355,-0.94,-1.45,-0.084,-0.129,-0.124,-0.27,54.88,48.11
"2024-10-21 08:00:00",4378,12.58,405,1,-0.346,-0.9,-1.43,-0.08,-0.128,-0.117,-0.266,55.63,48.7
"2024-10-21 08:30:00",4379,12.58,405,1,-0.354,-0.91,-1.48,-0.081,-0.132,-0.118,-0.267,55.63,50.1
"2024-10-21 09:00:00",4380,12.58,405,1,-0.357,-1,-1.4,-0.09,-0.124,-0.124,-0.254,55.61,50.5
"2024-10-21 09:30:00",4381,12.58,405,1,-0.249,-0.54,-1.15,-0.048,-0.102,-0.081,-0.233,60.5,50.81
"2024-10-21 10:00:00",4382,12.58,405,1,-0.258,-0.73,-1.01,-0.065,-0.09,-0.096,-0.216,57.86,51.35
"2024-10-21 10:30:00",4383,12.59,405,1,-0.224,-0.66,-0.85,-0.059,-0.076,-0.098,-0.215,55.37,50.43
"2024-10-21 11:00:00",4384,12.6,405,1,-0.593,-2.59,-1.33,-0.23,-0.119,-0.23,-0.216,49.39,51.94
"2024-10-21 11:30:00",4385,12.6,405,1,-0.104,-0.37,-0.33,-0.033,-0.031,-0.063,-0.183,59.92,50.92
"2024-10-21 12:00:00",4386,12.6,405,1,-0.146,-0.5,-0.48,-0.045,-0.044,-0.079,-0.184,59.17,52.24
"2024-10-21 12:30:00",4387,12.61,405,1,-0.155,-0.41,-0.64,-0.037,-0.057,-0.084,-0.209,54.91,51.06
"2024-10-21 13:00:00",4388,12.61,405,1,-0.152,-0.52,-0.5,-0.047,-0.045,-0.068,-0.16,61.54,55.87
"2024-10-21 13:30:00",4389,12.62,405,1,-0.158,-0.42,-0.65,-0.038,-0.059,-0.096,-0.216,51.72,50.21
"2024-10-21 14:00:00",4390,12.63,405,1,-0.17,-0.48,-0.67,-0.044,-0.06,-0.085,-0.214,56.28,50.35
"2024-10-21 14:30:00",4391,12.63,405,1,-0.127,-0.33,-0.53,-0.03,-0.048,-0.069,-0.196,56.72,51.2
"2024-10-21 15:00:00",4392,12.63,405,1,-0.156,-0.48,-0.57,-0.044,-0.051,-0.087,-0.208,55.31,50.21
"2024-10-21 15:30:00",4393,12.63,405,1,-0.151,-0.44,-0.58,-0.04,-0.052,-0.086,-0.21,55.01,49.65
"2024-10-21 16:00:00",4394,12.63,405,1,-0.157,-0.42,-0.64,-0.038,-0.057,-0.082,-0.206,55.91,50.55
"2024-10-21 16:30:00",4395,12.63,405,1,-0.175,-0.48,-0.7,-0.044,-0.063,-0.087,-0.214,56.27,50.76
"2024-10-21 17:00:00",4396,12.63,405,1,-0.178,-0.52,-0.68,-0.047,-0.061,-0.091,-0.216,55.09,49
"2024-10-21 17:30:00",4397,12.63,405,1,-0.237,-0.64,-0.96,-0.058,-0.085,-0.104,-0.235,53.89,49.21
"2024-10-21 18:00:00",4398,12.62,405,1,-0.29,-0.81,-1.14,-0.073,-0.101,-0.124,-0.257,51.81,47.12
"2024-10-21 18:30:00",4399,12.62,405,1,-0.306,-0.83,-1.23,-0.074,-0.11,-0.122,-0.268,51.84,48.4
"2024-10-21 19:00:00",4400,12.61,405,1,-0.322,-0.89,-1.28,-0.08,-0.115,-0.123,-0.269,53.41,48.47
"2024-10-21 19:30:00",4401,12.61,405,1,-0.329,-0.88,-1.34,-0.079,-0.12,-0.124,-0.27,53.99,47.9
"2024-10-21 20:00:00",4402,12.6,405,1,-0.334,-0.9,-1.35,-0.08,-0.121,-0.128,-0.272,53.29,47.93
"2024-10-21 20:30:00",4403,12.6,405,1,-0.346,-0.96,-1.37,-0.085,-0.122,-0.128,-0.27,54.6,48.83
"2024-10-21 21:00:00",4404,12.59,405,1,-0.337,-0.9,-1.37,-0.081,-0.122,-0.123,-0.27,54.1,48.58
"2024-10-21 21:30:00",4405,12.58,405,1,-0.343,-0.92,-1.39,-0.083,-0.124,-0.123,-0.271,54.16,48.91
"2024-10-21 22:00:00",4406,12.58,405,1,-0.357,-0.98,-1.42,-0.087,-0.127,-0.124,-0.266,53.83,48.72
"2024-10-21 22:30:00",4407,12.58,405,1,-0.343,-0.92,-1.39,-0.082,-0.124,-0.125,-0.269,54.25,49.15
"2024-10-21 23:00:00",4408,12.58,405,1,-0.353,-0.95,-1.43,-0.085,-0.127,-0.127,-0.269,54.88,47.44
"2024-10-21 23:30:00",4409,12.57,405,1,-0.352,-0.94,-1.43,-0.084,-0.128,-0.127,-0.273,54.2,48
"2024-10-22 00:00:00",4410,12.57,405,1,-0.358,-0.94,-1.47,-0.084,-0.131,-0.124,-0.273,54.32,48.13
"2024-10-22 00:30:00",4411,12.57,405,1,-0.358,-0.97,-1.44,-0.087,-0.128,-0.127,-0.271,54.33,49.64
"2024-10-22 01:00:00",4412,12.57,405,1,-0.355,-0.94,-1.45,-0.084,-0.129,-0.124,-0.271,54.72,49.62
"2024-10-22 01:30:00",4413,12.56,405,1,-0.362,-0.98,-1.46,-0.088,-0.13,-0.125,-0.272,54.54,47.77
"2024-10-22 02:00:00",4414,12.56,405,1,-0.361,-1,-1.43,-0.089,-0.127,-0.124,-0.27,55.01,47.82
"2024-10-22 02:30:00",4415,12.56,405,1,-0.365,-0.96,-1.5,-0.086,-0.134,-0.126,-0.273,53.28,48.86
"2024-10-22 03:00:00",4416,12.56,405,1,-0.358,-0.96,-1.45,-0.086,-0.129,-0.121,-0.269,55.07,47.88
"2024-10-22 03:30:00",4417,12.56,405,1,-0.349,-0.92,-1.43,-0.082,-0.127,-0.123,-0.276,54.96,47.35
"2024-10-22 04:00:00",4418,12.55,405,1,-0.359,-0.97,-1.45,-0.087,-0.129,-0.124,-0.27,53.84,47.74
"2024-10-22 04:30:00",4419,12.55,405,1,-0.367,-0.98,-1.49,-0.087,-0.133,-0.125,-0.274,54.21,48.68
"2024-10-22 05:00:00",4420,12.55,405,1,-0.367,-0.97,-1.5,-0.086,-0.134,-0.129,-0.27,53.36,48.51
"2024-10-22 05:30:00",4421,12.55,405,1,-0.365,-0.99,-1.47,-0.089,-0.131,-0.128,-0.276,54.69,48.18
"2024-10-22 06:00:00",4422,12.55,405,1,-0.364,-0.98,-1.47,-0.088,-0.131,-0.128,-0.276,54.21,48.94
"2024-10-22 06:30:00",4423,12.54,405,1,-0.366,-1.01,-1.45,-0.09,-0.129,-0.125,-0.269,53.29,48.6
"2024-10-22 07:00:00",4424,12.54,405,1,-0.358,-0.96,-1.45,-0.086,-0.129,-0.126,-0.267,54.39,48.87
"2024-10-22 07:30:00",4425,12.54,405,1,-0.355,-0.94,-1.45,-0.084,-0.129,-0.124,-0.269,55.01,48.08
"2024-10-22 08:00:00",4426,12.54,405,1,-0.351,-0.88,-1.49,-0.079,-0.132,-0.117,-0.269,55.52,49.16
"2024-10-22 08:30:00",4427,12.54,405,1,-0.348,-0.89,-1.46,-0.079,-0.13,-0.117,-0.267,56.66,48.64
"2024-10-22 09:00:00",4428,12.53,405,1,-0.393,-1.19,-1.45,-0.107,-0.129,-0.136,-0.251,56.47,50.79
"2024-10-22 09:30:00",4429,12.54,405,1,-0.275,-0.63,-1.23,-0.056,-0.109,-0.09,-0.236,59.67,51.65
"2024-10-22 10:00:00",4430,12.54,405,1,-0.264,-0.75,-1.03,-0.067,-0.092,-0.1,-0.222,58,51.07
"2024-10-22 10:30:00",4431,12.54,405,1,-0.187,-0.44,-0.83,-0.04,-0.074,-0.079,-0.214,57.42,51.07
"2024-10-22 11:00:00",4432,12.55,405,1,-0.446,-1.89,-1.06,-0.168,-0.095,-0.186,-0.205,50.03,53.67
"2024-10-22 11:30:00",4433,12.56,405,1,0.051,0.27,0.06,0.024,0.005,0.004,-0.14,63.59,53.91
"2024-10-22 12:00:00",4434,12.56,405,1,-0.195,-0.78,-0.52,-0.07,-0.047,-0.103,-0.185,57.33,52.8
"2024-10-22 12:30:00",4435,12.56,405,1,-0.12,-0.21,-0.61,-0.019,-0.055,-0.064,-0.205,56.29,51.45
"2024-10-22 13:00:00",4436,12.57,405,1,-0.156,-0.48,-0.57,-0.044,-0.052,-0.068,-0.175,60.43,55.59
"2024-10-22 13:30:00",4437,12.57,405,1,-0.196,-0.55,-0.77,-0.05,-0.069,-0.104,-0.225,53.22,48.95
"2024-10-22 14:00:00",4438,12.58,405,1,-0.172,-0.5,-0.66,-0.045,-0.059,-0.092,-0.219,54.81,49.13
"2024-10-22 14:30:00",4439,12.57,405,1,-0.139,-0.37,-0.57,-0.034,-0.052,-0.078,-0.205,56.68,51
"2024-10-22 15:00:00",4440,12.58,405,1,-0.149,-0.46,-0.54,-0.041,-0.049,-0.083,-0.2,56.54,49.62
"2024-10-22 15:30:00",4441,12.57,405,1,-0.141,-0.4,-0.55,-0.037,-0.049,-0.079,-0.204,55.21,51.36
"2024-10-22 16:00:00",4442,12.58,405,1,-0.178,-0.52,-0.68,-0.047,-0.061,-0.091,-0.217,55.24,48.63
"2024-10-22 16:30:00",4443,12.57,405,1,-0.172,-0.51,-0.65,-0.046,-0.058,-0.088,-0.213,56.18,50.67
"2024-10-22 17:00:00",4444,12.58,405,1,-0.187,-0.5,-0.76,-0.045,-0.068,-0.092,-0.224,55.02,49.66
"2024-10-22 17:30:00",4445,12.57,405,1,-0.257,-0.72,-1.01,-0.065,-0.09,-0.113,-0.244,53.81,49.28
"2024-10-22 18:00:00",4446,12.57,405,1,-0.284,-0.82,-1.09,-0.073,-0.097,-0.122,-0.252,52.15,48.03
"2024-10-22 18:30:00",4447,12.57,405,1,-0.307,-0.82,-1.25,-0.074,-0.112,-0.125,-0.274,52.62,46.84
"2024-10-22 19:00:00",4448,12.56,405,1,-0.321,-0.88,-1.28,-0.079,-0.114,-0.125,-0.271,53.43,48.32
"2024-10-22 19:30:00",4449,12.56,405,1,-0.337,-0.93,-1.34,-0.084,-0.12,-0.127,-0.272,54.01,47.92
"2024-10-22 20:00:00",4450,12.54,405,1,-0.337,-0.9,-1.37,-0.081,-0.122,-0.123,-0.272,53.69,47.49
"2024-10-22 20:30:00",4451,12.54,405,1,-0.33,-0.89,-1.33,-0.079,-0.118,-0.125,-0.266,53.29,47.5
"2024-10-22 21:00:00",4452,12.54,405,1,-0.34,-0.94,-1.35,-0.084,-0.121,-0.124,-0.271,54.73,49.06
"2024-10-22 21:30:00",4453,12.53,405,1,-0.348,-0.96,-1.38,-0.086,-0.123,-0.126,-0.268,53.63,48.11
"2024-10-22 22:00:00",4454,12.52,405,1,-0.352,-0.96,-1.41,-0.086,-0.126,-0.129,-0.268,53.16,48.89
"2024-10-22 22:30:00",4455,12.53,405,1,-0.35,-0.94,-1.42,-0.084,-0.126,-0.127,-0.27,54.58,48.48
"2024-10-22 23:00:00",4456,12.52,405,1,-0.338,-0.87,-1.41,-0.078,-0.125,-0.121,-0.269,55.27,48.91
"2024-10-22 23:30:00",4457,12.52,405,1,-0.345,-0.95,-1.37,-0.085,-0.122,-0.123,-0.269,54.53,48.59
"2024-10-23 00:00:00",4458,12.52,405,1,-0.346,-0.93,-1.4,-0.083,-0.125,-0.126,-0.269,54.68,48.74
"2024-10-23 00:30:00",4459,12.52,405,1,-0.349,-0.92,-1.43,-0.083,-0.127,-0.123,-0.269,55.44,49.34
"2024-10-23 01:00:00",4460,12.51,405,1,-0.338,-0.9,-1.38,-0.08,-0.123,-0.116,-0.264,55.38,49.02
"2024-10-23 01:30:00",4461,12.51,405,1,-0.354,-0.97,-1.41,-0.087,-0.126,-0.122,-0.267,55.46,50.51
"2024-10-23 02:00:00",4462,12.51,405,1,-0.36,-0.99,-1.43,-0.089,-0.127,-0.129,-0.268,54.45,47.93
"2024-10-23 02:30:00",4463,12.51,405,1,-0.351,-0.96,-1.4,-0.086,-0.125,-0.126,-0.269,54.17,48.65
"2024-10-23 03:00:00",4464,12.51,405,1,-0.355,-0.96,-1.43,-0.086,-0.127,-0.128,-0.271,53.9,48.38
"2024-10-23 03:30:00",4465,12.51,405,1,-0.353,-0.91,-1.47,-0.081,-0.131,-0.122,-0.269,54.58,48.64
"2024-10-23 04:00:00",4466,12.51,405,1,-0.362,-0.96,-1.48,-0.086,-0.132,-0.127,-0.272,54.7,47.76
"2024-10-23 04:30:00",4467,12.51,405,1,-0.357,-0.93,-1.48,-0.083,-0.132,-0.127,-0.272,54.53,47.92
"2024-10-23 05:00:00",4468,12.51,405,1,-0.371,-0.99,-1.51,-0.088,-0.134,-0.126,-0.275,54.63,48.7
"2024-10-23 05:30:00",4469,12.51,405,1,-0.364,-0.99,-1.46,-0.088,-0.13,-0.128,-0.274,54.14,48.88
"2024-10-23 06:00:00",4470,12.5,405,1,-0.365,-0.99,-1.47,-0.089,-0.131,-0.127,-0.272,54.98,48.61
"2024-10-23 06:30:00",4471,12.5,405,1,-0.367,-0.98,-1.49,-0.087,-0.133,-0.125,-0.271,55.29,48.52
"2024-10-23 07:00:00",4472,12.5,405,1,-0.362,-0.98,-1.46,-0.087,-0.13,-0.125,-0.269,55.09,49.15
"2024-10-23 07:30:00",4473,12.5,405,1,-0.355,-0.96,-1.43,-0.086,-0.127,-0.126,-0.269,54.77,48.83
"2024-10-23 08:00:00",4474,12.5,405,1,-0.357,-0.93,-1.48,-0.083,-0.132,-0.119,-0.267,56.27,48.92
"2024-10-23 08:30:00",4475,12.49,405,1,-0.332,-0.84,-1.4,-0.075,-0.124,-0.113,-0.263,56.59,49.82
"2024-10-23 09:00:00",4476,12.49,405,1,-0.356,-1.08,-1.31,-0.097,-0.117,-0.125,-0.247,57.46,50.11
"2024-10-23 09:30:00",4477,12.49,405,1,-0.315,-0.87,-1.25,-0.078,-0.112,-0.109,-0.237,57.46,51.94
"2024-10-23 10:00:00",4478,12.5,405,1,-0.241,-0.59,-1.04,-0.053,-0.093,-0.087,-0.227,59.78,51.76
"2024-10-23 10:30:00",4479,12.5,405,1,-0.199,-0.46,-0.89,-0.042,-0.08,-0.081,-0.215,58.57,51.13
"2024-10-23 11:00:00",4480,12.5,405,1,-0.486,-1.97,-1.25,-0.175,-0.111,-0.19,-0.222,50.38,51.11
"2024-10-23 11:30:00",4481,12.51,405,1,-0.195,-0.64,-0.67,-0.058,-0.06,-0.097,-0.203,55.69,50.85
"2024-10-23 12:00:00",4482,12.51,405,1,-0.22,-0.84,-0.63,-0.075,-0.057,-0.114,-0.202,56.11,50.43
"2024-10-23 12:30:00",4483,12.51,405,1,-0.159,-0.37,-0.71,-0.034,-0.064,-0.076,-0.213,57.66,50.89
"2024-10-23 13:00:00",4484,12.52,405,1,-0.207,-0.77,-0.61,-0.069,-0.055,-0.094,-0.178,59.09,54.98
"2024-10-23 13:30:00",4485,12.52,405,1,-0.191,-0.55,-0.74,-0.05,-0.067,-0.104,-0.224,52.06,49.3
"2024-10-23 14:00:00",4486,12.52,405,1,-0.155,-0.42,-0.63,-0.038,-0.057,-0.086,-0.216,54.14,49.87
"2024-10-23 14:30:00",4487,12.52,405,1,-0.152,-0.47,-0.55,-0.042,-0.05,-0.085,-0.206,56.4,51.04
"2024-10-23 15:00:00",4488,12.52,405,1,-0.119,-0.38,-0.42,-0.034,-0.038,-0.074,-0.193,56.66,50.72
"2024-10-23 15:30:00",4489,12.52,405,1,-0.189,-0.57,-0.7,-0.051,-0.063,-0.094,-0.221,55,49.9
"2024-10-23 16:00:00",4490,12.52,405,1,-0.163,-0.47,-0.63,-0.043,-0.057,-0.088,-0.215,54.88,49.37
"2024-10-23 16:30:00",4491,12.52,405,1,-0.175,-0.49,-0.69,-0.044,-0.062,-0.087,-0.216,55.36,50
"2024-10-23 17:00:00",4492,12.52,405,1,-0.211,-0.62,-0.8,-0.055,-0.072,-0.097,-0.226,55,50.31
"2024-10-23 17:30:00",4493,12.52,405,1,-0.26,-0.76,-0.99,-0.068,-0.089,-0.115,-0.242,54.08,48.57
"2024-10-23 18:00:00",4494,12.51,405,1,-0.297,-0.83,-1.17,-0.074,-0.104,-0.126,-0.266,52.34,47.4
"2024-10-23 18:30:00",4495,12.51,405,1,-0.318,-0.88,-1.26,-0.079,-0.112,-0.125,-0.27,53.48,47.39
"2024-10-23 19:00:00",4496,12.51,405,1,-0.333,-0.92,-1.32,-0.082,-0.118,-0.125,-0.273,53.39,48.14
"2024-10-23 19:30:00",4497,12.5,405,1,-0.339,-0.93,-1.35,-0.084,-0.12,-0.129,-0.272,53.68,48.15
"2024-10-23 20:00:00",4498,12.5,405,1,-0.334,-0.92,-1.33,-0.083,-0.119,-0.126,-0.271,53.93,48.15
"2024-10-23 20:30:00",4499,12.49,405,1,-0.34,-0.89,-1.4,-0.08,-0.125,-0.126,-0.271,54.2,47.69
"2024-10-23 21:00:00",4500,12.48,405,1,-0.344,-0.92,-1.4,-0.082,-0.124,-0.126,-0.27,53.51,48.25
"2024-10-23 21:30:00",4501,12.48,405,1,-0.344,-0.9,-1.42,-0.081,-0.126,-0.119,-0.268,55.18,48.57
"2024-10-23 22:00:00",4502,12.48,405,1,-0.349,-0.94,-1.41,-0.084,-0.125,-0.123,-0.273,54.46,49.35
"2024-10-23 22:30:00",4503,12.47,405,1,-0.36,-0.99,-1.43,-0.088,-0.128,-0.129,-0.27,54.45,47.68
"2024-10-23 23:00:00",4504,12.48,405,1,-0.358,-0.97,-1.44,-0.087,-0.129,-0.126,-0.268,54.83,48.48
"2024-10-23 23:30:00",4505,12.47,405,1,-0.358,-0.97,-1.44,-0.086,-0.129,-0.125,-0.268,53.53,48.84
"2024-10-24 00:00:00",4506,12.47,405,1,-0.349,-0.92,-1.43,-0.082,-0.127,-0.121,-0.267,55.13,47.95
"2024-10-24 00:30:00",4507,12.47,405,1,-0.358,-0.97,-1.44,-0.086,-0.129,-0.122,-0.268,55.5,49.56
"2024-10-24 01:00:00",4508,12.47,405,1,-0.343,-0.89,-1.42,-0.079,-0.126,-0.118,-0.263,55.49,48.31
"2024-10-24 01:30:00",4509,12.47,405,1,-0.366,-1.03,-1.43,-0.092,-0.128,-0.13,-0.267,54.93,49.41
"2024-10-24 02:00:00",4510,12.47,405,1,-0.359,-0.96,-1.46,-0.085,-0.13,-0.126,-0.278,53.2,49.61
"2024-10-24 02:30:00",4511,12.46,405,1,-0.373,-1,-1.51,-0.09,-0.134,-0.133,-0.277,53.17,47.65
"2024-10-24 03:00:00",4512,12.46,405,1,-0.373,-0.99,-1.52,-0.089,-0.135,-0.127,-0.275,55.06,48.29
"2024-10-24 03:30:00",4513,12.46,405,1,-0.373,-1.03,-1.48,-0.092,-0.132,-0.13,-0.274,54.26,49
"2024-10-24 04:00:00",4514,12.46,405,1,-0.368,-0.98,-1.5,-0.087,-0.134,-0.123,-0.27,55.35,49.41
"2024-10-24 04:30:00",4515,12.46,405,1,-0.355,-0.94,-1.45,-0.084,-0.129,-0.122,-0.269,53.78,49.09
"2024-10-24 05:00:00",4516,12.46,405,1,-0.37,-1.01,-1.48,-0.09,-0.132,-0.128,-0.272,54.77,48.57
"2024-10-24 05:30:00",4517,12.46,405,1,-0.355,-0.94,-1.45,-0.084,-0.129,-0.127,-0.271,54.46,49.09
"2024-10-24 06:00:00",4518,12.46,405,1,-0.358,-0.97,-1.44,-0.086,-0.129,-0.125,-0.271,54.56,49.62
"2024-10-24 06:30:00",4519,12.46,405,1,-0.374,-1.02,-1.5,-0.091,-0.134,-0.127,-0.273,55.02,48.82
"2024-10-24 07:00:00",4520,12.45,405,1,-0.353,-0.95,-1.43,-0.085,-0.127,-0.121,-0.269,55.97,50.3
"2024-10-24 07:30:00",4521,12.45,405,1,-0.368,-0.99,-1.49,-0.088,-0.133,-0.127,-0.269,54.07,48.54
"2024-10-24 08:00:00",4522,12.45,405,1,-0.341,-0.9,-1.4,-0.08,-0.125,-0.114,-0.265,54.3,49.46
"2024-10-24 08:30:00",4523,12.45,405,1,-0.316,-0.82,-1.31,-0.073,-0.116,-0.107,-0.249,55.04,48.01
"2024-10-24 09:00:00",4524,12.45,405,1,-0.28,-0.7,-1.19,-0.063,-0.107,-0.099,-0.245,56.95,50.6
"2024-10-24 09:30:00",4525,12.45,405,1,-0.267,-0.71,-1.09,-0.063,-0.097,-0.1,-0.234,57.17,49.56
"2024-10-24 10:00:00",4526,12.45,405,1,-0.241,-0.68,-0.94,-0.061,-0.084,-0.093,-0.219,57.05,50.12
"2024-10-24 10:30:00",4527,12.45,405,1,-0.187,-0.51,-0.75,-0.046,-0.068,-0.083,-0.215,58.33,46.71
"2024-10-24 11:00:00",4528,12.46,405,1,-0.289,-1.01,-0.92,-0.09,-0.082,-0.131,-0.222,53.27,50.25
"2024-10-24 11:30:00",4529,12.46,405,1,-0.155,-0.52,-0.52,-0.047,-0.047,-0.082,-0.199,55.9,50.22
"2024-10-24 12:00:00",4530,12.46,405,1,-0.159,-0.46,-0.61,-0.042,-0.055,-0.079,-0.203,56.03,50.1
"2024-10-24 12:30:00",4531,12.46,405,1,-0.103,-0.15,-0.56,-0.014,-0.05,-0.06,-0.205,60.25,49.32
"2024-10-24 13:00:00",4532,12.46,405,1,-0.165,-0.52,-0.59,-0.047,-0.053,-0.077,-0.188,57.3,53.71
"2024-10-24 13:30:00",4533,12.46,405,1,-0.17,-0.42,-0.73,-0.038,-0.065,-0.088,-0.218,52.82,49.12
"2024-10-24 14:00:00",4534,12.46,405,1,-0.175,-0.53,-0.65,-0.048,-0.058,-0.106,-0.224,56.47,46.79
"2024-10-24 14:30:00",4535,12.46,405,1,-0.152,-0.39,-0.64,-0.036,-0.058,-0.077,-0.215,55.45,50.61
"2024-10-24 15:00:00",4536,12.46,405,1,-0.142,-0.42,-0.54,-0.038,-0.049,-0.084,-0.21,54.45,47.68
"2024-10-24 15:30:00",4537,12.46,405,1,-0.159,-0.49,-0.58,-0.044,-0.052,-0.093,-0.212,54.13,48.04
"2024-10-24 16:00:00",4538,12.46,405,1,-0.161,-0.45,-0.64,-0.041,-0.058,-0.084,-0.217,56.08,52.8
"2024-10-24 16:30:00",4539,12.46,405,1,-0.199,-0.58,-0.76,-0.052,-0.068,-0.098,-0.226,55.93,49.58
"2024-10-24 17:00:00",4540,12.45,405,1,-0.2,-0.55,-0.8,-0.049,-0.071,-0.09,-0.227,53.39,48.54
"2024-10-24 17:30:00",4541,12.45,405,1,-0.235,-0.67,-0.91,-0.06,-0.081,-0.108,-0.239,53.63,50.19
"2024-10-24 18:00:00",4542,12.45,405,1,-0.285,-0.78,-1.14,-0.07,-0.102,-0.12,-0.258,53.22,47.28
"2024-10-24 18:30:00",4543,12.45,405,1,-0.321,-0.9,-1.26,-0.08,-0.112,-0.122,-0.264,52.03,48.59
"2024-10-24 19:00:00",4544,12.44,405,1,-0.322,-0.85,-1.32,-0.076,-0.117,-0.12,-0.269,55.16,48.65
"2024-10-24 19:30:00",4545,12.43,405,1,-0.342,-0.95,-1.35,-0.085,-0.121,-0.131,-0.269,53.37,48.53
"2024-10-24 20:00:00",4546,12.43,405,1,-0.337,-0.93,-1.34,-0.084,-0.12,-0.127,-0.267,54.26,47.64
"2024-10-24 20:30:00",4547,12.43,405,1,-0.355,-0.97,-1.42,-0.087,-0.127,-0.128,-0.274,52.98,48.55
"2024-10-24 21:00:00",4548,12.42,405,1,-0.337,-0.93,-1.34,-0.083,-0.12,-0.124,-0.268,55.17,49.65
"2024-10-24 21:30:00",4549,12.42,405,1,-0.353,-0.96,-1.42,-0.086,-0.126,-0.13,-0.274,54.35,48.82
"2024-10-24 22:00:00",4550,12.42,405,1,-0.347,-0.93,-1.41,-0.083,-0.126,-0.124,-0.271,54.15,48.37
"2024-10-24 22:30:00",4551,12.41,405,1,-0.364,-1.01,-1.44,-0.09,-0.128,-0.134,-0.276,52.83,48.14
"2024-10-24 23:00:00",4552,12.41,405,1,-0.343,-0.93,-1.38,-0.084,-0.123,-0.128,-0.272,53.5,47.98
"2024-10-24 23:30:00",4553,12.4,405,1,-0.361,-0.98,-1.45,-0.088,-0.129,-0.129,-0.271,54.49,48.13
"2024-10-25 00:00:00",4554,12.4,405,1,-0.336,-0.84,-1.43,-0.076,-0.127,-0.117,-0.273,54.76,48.24
"2024-10-25 00:30:00",4555,12.4,405,1,-0.35,-0.95,-1.41,-0.085,-0.126,-0.124,-0.266,55.12,47.67
"2024-10-25 01:00:00",4556,12.4,405,1,-0.36,-1,-1.42,-0.089,-0.127,-0.128,-0.275,53.69,49.15
"2024-10-25 01:30:00",4557,12.4,405,1,-0.357,-0.98,-1.42,-0.088,-0.126,-0.124,-0.272,54.13,48.35
"2024-10-25 02:00:00",4558,12.39,405,1,-0.35,-0.94,-1.42,-0.084,-0.127,-0.125,-0.27,54.18,47.83
"2024-10-25 02:30:00",4559,12.39,405,1,-0.364,-0.97,-1.48,-0.087,-0.131,-0.128,-0.274,55.96,48.77
"2024-10-25 03:00:00",4560,12.38,405,1,-0.37,-1.01,-1.48,-0.09,-0.131,-0.126,-0.271,54.9,48.13
"2024-10-25 03:30:00",4561,12.39,405,1,-0.346,-0.96,-1.37,-0.086,-0.122,-0.127,-0.268,53.89,48.52
"2024-10-25 04:00:00",4562,12.39,405,1,-0.385,-1.09,-1.5,-0.097,-0.134,-0.135,-0.276,53.95,48
"2024-10-25 04:30:00",4563,12.38,405,1,-0.38,-1.05,-1.51,-0.094,-0.134,-0.135,-0.28,52.4,47.29
"2024-10-25 05:00:00",4564,12.38,405,1,-0.364,-1.01,-1.44,-0.09,-0.128,-0.132,-0.274,53.08,47.97
"2024-10-25 05:30:00",4565,12.37,405,1,-0.342,-0.88,-1.43,-0.079,-0.128,-0.12,-0.271,53.4,47.71
"2024-10-25 06:00:00",4566,12.37,405,1,-0.358,-0.94,-1.47,-0.084,-0.131,-0.126,-0.277,53.47,47.52
"2024-10-25 06:30:00",4567,12.37,405,1,-0.383,-1.06,-1.52,-0.094,-0.135,-0.128,-0.281,54.53,47.6
"2024-10-25 07:00:00",4568,12.37,405,1,-0.347,-0.92,-1.42,-0.082,-0.127,-0.124,-0.276,54.78,47.84
"2024-10-25 07:30:00",4569,12.36,405,1,-0.359,-0.93,-1.49,-0.083,-0.133,-0.125,-0.273,54.53,48.84
"2024-10-25 08:00:00",4570,12.36,405,1,-0.349,-0.94,-1.41,-0.084,-0.126,-0.121,-0.266,54.31,47.94
"2024-10-25 08:30:00",4571,12.36,405,1,-0.299,-0.78,-1.24,-0.07,-0.111,-0.109,-0.253,56.97,48.11
"2024-10-25 09:00:00",4572,12.36,405,1,-0.187,-0.28,-1,-0.025,-0.089,-0.063,-0.232,59.22,49.52
"2024-10-25 09:30:00",4573,12.36,405,1,-0.279,-0.77,-1.11,-0.069,-0.099,-0.106,-0.239,55.98,48.52
"2024-10-25 10:00:00",4574,12.37,405,1,0.028,0.61,-0.46,0.054,-0.041,-99,-0.178,-99,55.23
"2024-10-25 10:30:00",4575,12.37,405,1,-0.003,0.59,-0.66,0.052,-0.059,0.007,-0.21,64.92,51.32
"2024-10-25 11:00:00",4576,12.37,405,1,-0.352,-1.33,-1.01,-0.118,-0.09,-0.148,-0.211,53.35,51.42
"2024-10-25 11:30:00",4577,12.38,405,1,-0.213,-0.72,-0.71,-0.064,-0.064,-0.099,-0.202,56,50.74
"2024-10-25 12:00:00",4578,12.38,405,1,-0.076,0.08,-0.62,0.007,-0.055,-0.044,-0.2,61.36,51.93
"2024-10-25 12:30:00",4579,12.38,405,1,-0.151,-0.42,-0.6,-0.038,-0.054,-0.081,-0.205,56.21,50.95
"2024-10-25 13:00:00",4580,12.39,405,1,-0.173,-0.61,-0.55,-0.055,-0.05,-0.078,-0.162,60.07,56.37
"2024-10-25 13:30:00",4581,12.39,405,1,-0.178,-0.54,-0.66,-0.049,-0.06,-0.114,-0.221,51.03,49.26
"2024-10-25 14:00:00",4582,12.39,405,1,-0.148,-0.38,-0.62,-0.034,-0.056,-0.082,-0.214,54.1,49.41
"2024-10-25 14:30:00",4583,12.39,405,1,-0.19,-0.57,-0.71,-0.051,-0.064,-0.097,-0.215,55.97,49.77
"2024-10-25 15:00:00",4584,12.39,405,1,-0.162,-0.49,-0.6,-0.044,-0.054,-0.082,-0.204,56.82,50.2
"2024-10-25 15:30:00",4585,12.39,405,1,-0.181,-0.51,-0.71,-0.046,-0.064,-0.09,-0.22,54.63,49.94
"2024-10-25 16:00:00",4586,12.39,405,1,-0.194,-0.56,-0.75,-0.051,-0.067,-0.096,-0.22,56.41,49.07
"2024-10-25 16:30:00",4587,12.39,405,1,-0.205,-0.58,-0.8,-0.052,-0.072,-0.095,-0.221,55.46,50.2
"2024-10-25 17:00:00",4588,12.39,405,1,-0.227,-0.68,-0.85,-0.061,-0.076,-0.102,-0.225,55.49,49.81
"2024-10-25 17:30:00",4589,12.39,405,1,-0.269,-0.73,-1.08,-0.066,-0.096,-0.111,-0.247,54.78,48.16
"2024-10-25 18:00:00",4590,12.39,405,1,-0.315,-0.86,-1.26,-0.077,-0.112,-0.127,-0.262,52.78,47.1
"2024-10-25 18:30:00",4591,12.38,405,1,-0.327,-0.89,-1.31,-0.079,-0.117,-0.129,-0.273,53.08,46.73
"2024-10-25 19:00:00",4592,12.38,405,1,-0.343,-0.98,-1.33,-0.088,-0.119,-0.129,-0.272,54.3,47.94
"2024-10-25 19:30:00",4593,12.38,405,1,-0.34,-0.94,-1.35,-0.084,-0.121,-0.129,-0.268,54,49.05
"2024-10-25 20:00:00",4594,12.37,405,1,-0.343,-0.93,-1.38,-0.083,-0.123,-0.125,-0.27,54.56,48.77
"2024-10-25 20:30:00",4595,12.36,405,1,-0.344,-0.92,-1.4,-0.082,-0.125,-0.123,-0.268,54.24,48.03
"2024-10-25 21:00:00",4596,12.36,405,1,-0.359,-0.95,-1.47,-0.085,-0.131,-0.121,-0.27,54.97,48.61
"2024-10-25 21:30:00",4597,12.36,405,1,-0.355,-0.99,-1.4,-0.088,-0.125,-0.129,-0.265,55.57,48.37
"2024-10-25 22:00:00",4598,12.36,405,1,-0.364,-0.98,-1.47,-0.087,-0.131,-0.126,-0.267,54.64,49.26
"2024-10-25 22:30:00",4599,12.36,405,1,-0.367,-0.99,-1.48,-0.088,-0.131,-0.13,-0.274,54.04,49.19
"2024-10-25 23:00:00",4600,12.36,405,1,-0.347,-0.94,-1.4,-0.084,-0.125,-0.123,-0.268,55.2,49.67
"2024-10-25 23:30:00",4601,12.35,405,1,-0.355,-0.95,-1.44,-0.085,-0.128,-0.122,-0.271,54.12,49.42
"2024-10-26 00:00:00",4602,12.35,405,1,-0.359,-0.95,-1.47,-0.085,-0.131,-0.124,-0.271,54.48,48.95
"2024-10-26 00:30:00",4603,12.35,405,1,-0.355,-0.93,-1.46,-0.083,-0.13,-0.12,-0.267,55.46,48.84
"2024-10-26 01:00:00",4604,12.35,405,1,-0.332,-0.85,-1.39,-0.076,-0.124,-0.115,-0.263,57.52,49.66
"2024-10-26 01:30:00",4605,12.35,405,1,-0.37,-1.06,-1.43,-0.095,-0.128,-0.133,-0.265,55.13,48.77
"2024-10-26 02:00:00",4606,12.34,405,1,-0.361,-0.99,-1.44,-0.089,-0.129,-0.125,-0.266,56.15,49.79
"2024-10-26 02:30:00",4607,12.35,405,1,-0.358,-0.95,-1.46,-0.085,-0.13,-0.127,-0.267,55.04,48.68
"2024-10-26 03:00:00",4608,12.35,405,1,-0.376,-1.06,-1.47,-0.095,-0.131,-0.134,-0.273,53.49,48.8
"2024-10-26 03:30:00",4609,12.35,405,1,-0.368,-1,-1.48,-0.09,-0.132,-0.129,-0.272,53.4,48.56
"2024-10-26 04:00:00",4610,12.35,405,1,-0.368,-0.97,-1.51,-0.086,-0.134,-0.128,-0.274,53.84,49.31
"2024-10-26 04:30:00",4611,12.35,405,1,-0.352,-0.92,-1.45,-0.083,-0.129,-0.124,-0.27,54.33,48.8
"2024-10-26 05:00:00",4612,12.34,405,1,-0.362,-0.93,-1.51,-0.083,-0.134,-0.125,-0.271,54.68,48.32
"2024-10-26 05:30:00",4613,12.34,405,1,-0.352,-0.94,-1.43,-0.084,-0.127,-0.12,-0.267,54.58,48.65
"2024-10-26 06:00:00",4614,12.34,405,1,-0.353,-0.95,-1.43,-0.085,-0.128,-0.124,-0.261,55.68,49.06
"2024-10-26 06:30:00",4615,12.34,405,1,-0.352,-0.93,-1.44,-0.083,-0.128,-0.12,-0.265,55.6,48.83
"2024-10-26 07:00:00",4616,12.33,405,1,-0.357,-0.98,-1.42,-0.087,-0.127,-0.123,-0.258,55.75,49.81
"2024-10-26 07:30:00",4617,12.34,405,1,-0.368,-1,-1.48,-0.09,-0.132,-0.129,-0.269,54.83,48.62
"2024-10-26 08:00:00",4618,12.34,405,1,-0.352,-0.93,-1.44,-0.083,-0.128,-0.123,-0.263,54.38,49.12
"2024-10-26 08:30:00",4619,12.34,405,1,-0.334,-0.91,-1.34,-0.081,-0.12,-0.113,-0.257,56.46,49.27
"2024-10-26 09:00:00",4620,12.34,405,1,-0.296,-0.73,-1.27,-0.066,-0.114,-0.103,-0.246,58.34,50.47
"2024-10-26 09:30:00",4621,12.35,405,1,-0.296,-0.91,-1.08,-0.081,-0.097,-0.115,-0.232,56.44,50.08
"2024-10-26 10:00:00",4622,12.34,405,1,-0.144,-0.28,-0.7,-0.026,-0.063,-99,-0.196,-99,53.66
"2024-10-26 10:30:00",4623,12.35,405,1,-0.115,-0.04,-0.76,-0.005,-0.068,-0.045,-0.209,61.11,52.82
"2024-10-26 11:00:00",4624,12.34,405,1,-0.395,-1.59,-1.03,-0.142,-0.092,-0.162,-0.216,53.37,50.35
"2024-10-26 11:30:00",4625,12.35,405,1,-0.268,-0.96,-0.83,-0.086,-0.074,-0.118,-0.212,55.25,49.58
"2024-10-26 12:00:00",4626,12.35,405,1,-0.061,0.19,-0.63,0.017,-0.056,-0.025,-0.197,59.22,52.29
"2024-10-26 12:30:00",4627,12.35,405,1,-0.13,-0.26,-0.63,-0.024,-0.057,-0.065,-0.205,60.1,50.26
"2024-10-26 13:00:00",4628,12.35,405,1,-0.224,-0.78,-0.72,-0.07,-0.065,-0.102,-0.191,54.74,54.9
"2024-10-26 13:30:00",4629,12.35,405,1,-0.183,-0.42,-0.82,-0.038,-0.073,-0.1,-0.231,51.91,46.55
"2024-10-26 14:00:00",4630,12.35,405,1,-0.165,-0.4,-0.72,-0.036,-0.065,-0.086,-0.217,55.32,51.31
"2024-10-26 14:30:00",4631,12.35,405,1,-0.182,-0.51,-0.72,-0.046,-0.065,-0.09,-0.223,55.3,49.78
"2024-10-26 15:00:00",4632,12.35,405,1,-0.161,-0.45,-0.64,-0.041,-0.058,-0.084,-0.209,54.16,51.4
"2024-10-26 15:30:00",4633,12.35,405,1,-0.175,-0.49,-0.69,-0.044,-0.062,-0.088,-0.217,53.8,50.78
"2024-10-26 16:00:00",4634,12.35,405,1,-0.203,-0.58,-0.79,-0.052,-0.071,-0.1,-0.225,54.54,51.36
"2024-10-26 16:30:00",4635,12.35,405,1,-0.193,-0.58,-0.72,-0.052,-0.065,-0.098,-0.223,55.88,50.09
"2024-10-26 17:00:00",4636,12.35,405,1,-0.217,-0.62,-0.84,-0.055,-0.075,-0.101,-0.23,55.73,49.79
"2024-10-26 17:30:00",4637,12.34,405,1,-0.255,-0.69,-1.03,-0.062,-0.092,-0.112,-0.248,53.32,48.48
"2024-10-26 18:00:00",4638,12.34,405,1,-0.31,-0.86,-1.23,-0.077,-0.11,-0.124,-0.268,53.13,46.36
"2024-10-26 18:30:00",4639,12.34,405,1,-0.313,-0.84,-1.27,-0.076,-0.114,-0.121,-0.268,53.19,48.34
"2024-10-26 19:00:00",4640,12.33,405,1,-0.332,-0.88,-1.36,-0.079,-0.121,-0.124,-0.272,52.89,47.21
"2024-10-26 19:30:00",4641,12.32,405,1,-0.336,-0.93,-1.33,-0.083,-0.119,-0.127,-0.268,52.58,48.31
"2024-10-26 20:00:00",4642,12.32,405,1,-0.334,-0.88,-1.37,-0.079,-0.122,-0.118,-0.273,54.43,47.66
"2024-10-26 20:30:00",4643,12.32,405,1,-0.332,-0.87,-1.37,-0.078,-0.122,-0.123,-0.273,54.35,48.41
"2024-10-26 21:00:00",4644,12.32,405,1,-0.404,-1.21,-1.5,-0.108,-0.134,-0.149,-0.278,52.48,46.95
"2024-10-26 21:30:00",4645,12.31,405,1,-0.353,-0.93,-1.45,-0.083,-0.129,-0.131,-0.274,53.97,48.6
"2024-10-26 22:00:00",4646,12.31,405,1,-0.351,-0.97,-1.39,-0.087,-0.124,-0.124,-0.263,55.54,49.59
"2024-10-26 22:30:00",4647,12.31,405,1,-0.349,-0.92,-1.43,-0.082,-0.128,-0.125,-0.269,53.15,49.14
"2024-10-26 23:00:00",4648,12.3,405,1,-0.352,-0.94,-1.43,-0.084,-0.128,-0.124,-0.273,54.21,49.36
"2024-10-26 23:30:00",4649,12.3,405,1,-0.357,-1.01,-1.39,-0.09,-0.124,-0.13,-0.267,53.73,48.36
"2024-10-27 00:00:00",4650,12.3,405,1,-0.353,-0.94,-1.44,-0.084,-0.128,-0.129,-0.27,54.79,47.86
"2024-10-27 00:30:00",4651,12.3,405,1,-0.375,-1.06,-1.46,-0.095,-0.13,-0.136,-0.278,54,48.05
"2024-10-27 01:00:00",4652,12.3,405,1,-0.355,-1,-1.39,-0.09,-0.124,-0.129,-0.264,53.53,47.85
"2024-10-27 01:30:00",4653,12.3,405,1,-0.347,-0.94,-1.4,-0.084,-0.125,-0.124,-0.267,53.11,47.58
"2024-10-27 02:00:00",4654,12.29,405,1,-0.35,-0.95,-1.41,-0.085,-0.125,-0.127,-0.271,54.26,47.75
"2024-10-27 02:30:00",4655,12.29,405,1,-0.382,-1.11,-1.46,-0.099,-0.13,-0.138,-0.276,53.27,48.84
"2024-10-27 03:00:00",4656,12.29,405,1,-0.37,-0.99,-1.5,-0.089,-0.134,-0.131,-0.28,52.44,48.17
"2024-10-27 03:30:00",4657,12.28,405,1,-0.373,-1.02,-1.49,-0.091,-0.133,-0.133,-0.279,53.54,49.26
"2024-10-27 04:00:00",4658,12.28,405,1,-0.361,-0.98,-1.45,-0.087,-0.129,-0.129,-0.272,54.59,48.8
"2024-10-27 04:30:00",4659,12.28,405,1,-0.361,-0.98,-1.45,-0.088,-0.129,-0.127,-0.275,53.44,47.91
"2024-10-27 05:00:00",4660,12.27,405,1,-0.352,-0.92,-1.45,-0.082,-0.129,-0.124,-0.275,53.61,48.91
"2024-10-27 05:30:00",4661,12.27,405,1,-0.37,-1.01,-1.48,-0.09,-0.132,-0.132,-0.269,54.13,47.61
"2024-10-27 06:00:00",4662,12.27,405,1,-0.356,-0.95,-1.45,-0.085,-0.129,-0.127,-0.275,54.8,47.44
"2024-10-27 06:30:00",4663,12.27,405,1,-0.352,-0.92,-1.45,-0.082,-0.129,-0.122,-0.275,54.7,48.75
"2024-10-27 07:00:00",4664,12.27,405,1,-0.376,-1,-1.53,-0.09,-0.136,-0.129,-0.276,53.82,48.13
"2024-10-27 07:30:00",4665,12.26,405,1,-0.363,-1,-1.44,-0.09,-0.128,-0.127,-0.269,54.75,48.38
"2024-10-27 08:00:00",4666,12.26,405,1,-0.346,-0.9,-1.43,-0.081,-0.128,-0.126,-0.268,55.03,49.24
"2024-10-27 08:30:00",4667,12.26,405,1,-0.291,-0.67,-1.3,-0.06,-0.116,-0.101,-0.258,56.83,48.8
"2024-10-27 09:00:00",4668,12.26,405,1,-0.293,-0.86,-1.11,-0.077,-0.099,-0.107,-0.235,57.24,50.88
"2024-10-27 09:30:00",4669,12.26,405,1,-0.287,-0.81,-1.12,-0.072,-0.1,-0.11,-0.236,55.46,50.77
"2024-10-27 10:00:00",4670,12.26,405,1,-0.235,-0.81,-0.76,-0.072,-0.068,-0.09,-0.199,58.16,52.22
"2024-10-27 10:30:00",4671,12.26,405,1,-0.155,-0.43,-0.62,-0.039,-0.056,-0.067,-0.199,61.86,51.74
"2024-10-27 11:00:00",4672,12.27,405,1,-0.26,-0.92,-0.82,-0.082,-0.074,-0.114,-0.205,54.41,51.23
"2024-10-27 11:30:00",4673,12.27,405,1,-0.155,-0.35,-0.7,-0.032,-0.063,-0.077,-0.212,56.82,50.88
"2024-10-27 12:00:00",4674,12.27,405,1,-0.175,-0.51,-0.67,-0.046,-0.06,-0.09,-0.204,56.29,49.94
"2024-10-27 12:30:00",4675,12.28,405,1,-0.161,-0.65,-0.42,-0.058,-0.038,-0.088,-0.189,57.51,52.4
"2024-10-27 13:00:00",4676,12.28,405,1,-0.101,-0.21,-0.48,-0.02,-0.043,-0.041,-0.179,63.98,51.37
"2024-10-27 13:30:00",4677,12.28,405,1,-0.123,-0.21,-0.63,-0.02,-0.056,-0.083,-0.215,53.03,49.59
"2024-10-27 14:00:00",4678,12.28,405,1,-0.151,-0.43,-0.59,-0.039,-0.053,-0.086,-0.209,54.75,50.06
"2024-10-27 14:30:00",4679,12.28,405,1,-0.16,-0.46,-0.62,-0.041,-0.056,-0.088,-0.213,54.27,49.74
"2024-10-27 15:00:00",4680,12.28,405,1,-0.145,-0.41,-0.57,-0.037,-0.052,-0.078,-0.203,56.69,49.76
"2024-10-27 15:30:00",4681,12.28,405,1,-0.188,-0.6,-0.66,-0.054,-0.059,-0.098,-0.215,53.73,50.45
"2024-10-27 16:00:00",4682,12.28,405,1,-0.183,-0.55,-0.68,-0.05,-0.061,-0.09,-0.214,55.03,49.36
"2024-10-27 16:30:00",4683,12.28,405,1,-0.208,-0.64,-0.76,-0.058,-0.068,-0.104,-0.222,55.23,49.45
"2024-10-27 17:00:00",4684,12.28,405,1,-0.209,-0.61,-0.8,-0.055,-0.072,-0.101,-0.228,54.66,49.56
"2024-10-27 17:30:00",4685,12.28,405,1,-0.254,-0.72,-0.99,-0.065,-0.089,-0.11,-0.244,52.81,48.38
"2024-10-27 18:00:00",4686,12.27,405,1,-0.309,-0.87,-1.21,-0.078,-0.108,-0.126,-0.262,52.57,47.31
"2024-10-27 18:30:00",4687,12.27,405,1,-0.318,-0.88,-1.26,-0.079,-0.112,-0.124,-0.267,52.89,48.2
"2024-10-27 19:00:00",4688,12.26,405,1,-0.331,-0.91,-1.32,-0.082,-0.117,-0.129,-0.271,52.36,48.5
"2024-10-27 19:30:00",4689,12.26,405,1,-0.343,-0.91,-1.4,-0.081,-0.124,-0.124,-0.271,53.92,48.4
"2024-10-27 20:00:00",4690,12.25,405,1,-0.363,-1.02,-1.42,-0.091,-0.127,-0.131,-0.273,53.99,47.21
"2024-10-27 20:30:00",4691,12.24,405,1,-0.343,-0.91,-1.4,-0.082,-0.125,-0.127,-0.272,53.27,47.48
"2024-10-27 21:00:00",4692,12.24,405,1,-0.326,-0.84,-1.36,-0.075,-0.121,-0.12,-0.269,53.72,47.37
"2024-10-27 21:30:00",4693,12.24,405,1,-0.324,-0.8,-1.39,-0.071,-0.124,-0.115,-0.271,54.51,48.31
"2024-10-27 22:00:00",4694,12.23,405,1,-0.352,-0.94,-1.43,-0.084,-0.128,-0.129,-0.275,53.37,48.26
"2024-10-27 22:30:00",4695,12.23,405,1,-0.352,-0.97,-1.4,-0.087,-0.125,-0.127,-0.276,54.37,47.17
"2024-10-27 23:00:00",4696,12.23,405,1,-0.374,-1,-1.52,-0.089,-0.136,-0.132,-0.28,54,47.64
"2024-10-27 23:30:00",4697,12.22,405,1,-0.355,-0.96,-1.43,-0.086,-0.127,-0.128,-0.272,54.03,48.67
"2024-10-28 00:00:00",4698,12.22,405,1,-0.37,-1.02,-1.47,-0.091,-0.131,-0.131,-0.275,53.63,48.26
"2024-10-28 00:30:00",4699,12.21,405,1,-0.4,-1.22,-1.46,-0.109,-0.13,-0.145,-0.272,54.06,48.38
"2024-10-28 01:00:00",4700,12.21,405,1,-0.358,-0.97,-1.44,-0.087,-0.128,-0.129,-0.274,52.91,48.22
"2024-10-28 01:30:00",4701,12.2,405,1,-0.335,-0.83,-1.43,-0.074,-0.127,-0.117,-0.273,54.94,47.59
"2024-10-28 02:00:00",4702,12.2,405,1,-0.359,-0.96,-1.46,-0.085,-0.13,-0.125,-0.272,53.29,49.01
"2024-10-28 02:30:00",4703,12.2,405,1,-0.35,-0.93,-1.43,-0.083,-0.128,-0.124,-0.271,54.36,48.42
"2024-10-28 03:00:00",4704,12.2,405,1,-0.344,-0.89,-1.43,-0.08,-0.127,-0.12,-0.27,54.18,47.66
"2024-10-28 03:30:00",4705,12.19,405,1,-0.364,-0.99,-1.46,-0.088,-0.13,-0.126,-0.273,54.39,49.12
"2024-10-28 04:00:00",4706,12.19,405,1,-0.375,-0.99,-1.54,-0.089,-0.137,-0.129,-0.276,54.38,47.86
"2024-10-28 04:30:00",4707,12.19,405,1,-0.365,-0.96,-1.5,-0.086,-0.134,-0.126,-0.274,53.87,47.93
"2024-10-28 05:00:00",4708,12.18,405,1,-0.364,-1.02,-1.43,-0.091,-0.127,-0.131,-0.27,54.37,47.17
"2024-10-28 05:30:00",4709,12.18,405,1,-0.374,-1.02,-1.5,-0.091,-0.134,-0.132,-0.273,53.04,48.5
"2024-10-28 06:00:00",4710,12.19,405,1,-0.365,-0.96,-1.5,-0.086,-0.134,-0.128,-0.276,54.42,48.74
"2024-10-28 06:30:00",4711,12.18,405,1,-0.355,-0.96,-1.43,-0.086,-0.127,-0.129,-0.267,54.74,49.05
"2024-10-28 07:00:00",4712,12.18,405,1,-0.37,-0.99,-1.5,-0.088,-0.134,-0.126,-0.274,54.54,47.5
"2024-10-28 07:30:00",4713,12.18,405,1,-0.359,-0.96,-1.46,-0.085,-0.13,-0.128,-0.267,54.43,48.23
"2024-10-28 08:00:00",4714,12.18,405,1,-0.352,-0.92,-1.45,-0.082,-0.129,-0.123,-0.267,54.23,48.29
"2024-10-28 08:30:00",4715,12.17,405,1,-0.336,-0.84,-1.43,-0.075,-0.128,-0.116,-0.265,55.12,48.91
"2024-10-28 09:00:00",4716,12.18,405,1,-0.145,-0.12,-0.88,-0.011,-0.079,-99,-0.214,-99,51.71
"2024-10-28 09:30:00",4717,12.18,405,1,-0.332,-0.81,-1.43,-0.073,-0.128,-0.111,-0.255,57.49,51.13
"2024-10-28 10:00:00",4718,12.18,405,1,-0.09,0.16,-0.8,0.014,-0.072,-99,-0.192,-99,54.57
"2024-10-28 10:30:00",4719,12.19,405,1,-0.246,-0.9,-0.74,-0.08,-0.066,-0.096,-0.195,60.08,53.72
"2024-10-28 11:00:00",4720,12.19,405,1,-0.605,-2.75,-1.24,-0.245,-0.111,-0.24,-0.209,53.1,55.49
"2024-10-28 11:30:00",4721,12.2,405,1,-0.172,-0.36,-0.81,-0.033,-0.073,-0.077,-0.214,57.29,50.94
"2024-10-28 12:00:00",4722,12.21,405,1,0.043,0.9,-0.67,0.08,-0.06,0.025,-0.206,66.61,51.66
"2024-10-28 12:30:00",4723,12.21,405,1,-0.086,0.03,-0.63,0.002,-0.057,-0.039,-0.202,61.64,51.37
"2024-10-28 13:00:00",4724,12.22,405,1,-0.169,-0.49,-0.65,-0.045,-0.059,-99,-0.168,-99,56.9
"2024-10-28 13:30:00",4725,12.22,405,1,-0.203,-0.57,-0.8,-0.051,-0.071,-0.107,-0.22,52.6,50.41
"2024-10-28 14:00:00",4726,12.23,405,1,-0.162,-0.41,-0.69,-0.037,-0.062,-0.087,-0.215,55.07,48.55
"2024-10-28 14:30:00",4727,12.23,405,1,-0.187,-0.51,-0.75,-0.046,-0.067,-0.09,-0.215,56.21,50.27
"2024-10-28 15:00:00",4728,12.23,405,1,-0.171,-0.55,-0.6,-0.05,-0.054,-0.086,-0.202,56.66,50.46
"2024-10-28 15:30:00",4729,12.23,405,1,-0.148,-0.44,-0.56,-0.04,-0.051,-0.079,-0.199,56.92,51.56
"2024-10-28 16:00:00",4730,12.23,405,1,-0.215,-0.62,-0.83,-0.055,-0.075,-0.099,-0.223,55.04,49.1
"2024-10-28 16:30:00",4731,12.23,405,1,-0.208,-0.64,-0.76,-0.058,-0.068,-0.099,-0.223,54.46,49.2
"2024-10-28 17:00:00",4732,12.23,405,1,-0.205,-0.58,-0.8,-0.053,-0.072,-0.096,-0.226,55.3,50.2
"2024-10-28 17:30:00",4733,12.23,405,1,-0.249,-0.65,-1.03,-0.058,-0.092,-0.105,-0.242,54.71,48.78
"2024-10-28 18:00:00",4734,12.23,405,1,-0.303,-0.86,-1.18,-0.077,-0.106,-0.125,-0.262,51.87,46.61
"2024-10-28 18:30:00",4735,12.23,405,1,-0.324,-0.91,-1.27,-0.081,-0.113,-0.127,-0.268,52.43,47.74
"2024-10-28 19:00:00",4736,12.22,405,1,-0.336,-0.92,-1.34,-0.082,-0.119,-0.128,-0.271,52.63,48.51
"2024-10-28 19:30:00",4737,12.21,405,1,-0.343,-0.91,-1.4,-0.082,-0.125,-0.124,-0.27,53.55,47.61
"2024-10-28 20:00:00",4738,12.2,405,1,-0.344,-0.93,-1.39,-0.083,-0.124,-0.126,-0.269,53.92,47.98
"2024-10-28 20:30:00",4739,12.2,405,1,-0.353,-1.02,-1.35,-0.091,-0.121,-0.131,-0.266,53.81,47.87
"2024-10-28 21:00:00",4740,12.2,405,1,-0.352,-0.97,-1.4,-0.087,-0.125,-0.132,-0.273,53.06,47.69
"2024-10-28 21:30:00",4741,12.19,405,1,-0.352,-0.97,-1.4,-0.087,-0.125,-0.132,-0.271,54.17,47.81
"2024-10-28 22:00:00",4742,12.19,405,1,-0.352,-0.97,-1.4,-0.086,-0.124,-0.129,-0.267,53.17,48.63
"2024-10-28 22:30:00",4743,12.18,405,1,-0.347,-0.94,-1.4,-0.084,-0.124,-0.126,-0.271,53.63,47.94
"2024-10-28 23:00:00",4744,12.18,405,1,-0.361,-0.96,-1.47,-0.086,-0.131,-0.128,-0.273,54.04,49.09
"2024-10-28 23:30:00",4745,12.17,405,1,-0.362,-0.97,-1.47,-0.087,-0.131,-0.129,-0.274,53.31,47.94
"2024-10-29 00:00:00",4746,12.17,405,1,-0.356,-0.93,-1.47,-0.083,-0.131,-0.126,-0.274,54.32,48.64
"2024-10-29 00:30:00",4747,12.16,405,1,-0.352,-0.97,-1.4,-0.087,-0.125,-0.127,-0.271,53.91,47.97
"2024-10-29 01:00:00",4748,12.16,405,1,-0.363,-0.94,-1.51,-0.084,-0.134,-0.127,-0.274,55,47.96
"2024-10-29 01:30:00",4749,12.16,405,1,-0.364,-0.99,-1.46,-0.088,-0.13,-0.131,-0.271,53.82,48.29
"2024-10-29 02:00:00",4750,12.15,405,1,-0.356,-0.97,-1.43,-0.087,-0.128,-0.127,-0.271,54.77,49.4
"2024-10-29 02:30:00",4751,12.16,405,1,-0.359,-0.96,-1.46,-0.086,-0.13,-0.126,-0.271,53.8,48.69
"2024-10-29 03:00:00",4752,12.15,405,1,-0.358,-0.94,-1.47,-0.084,-0.131,-0.127,-0.271,53.76,47.4
"2024-10-29 03:30:00",4753,12.14,405,1,-0.362,-0.97,-1.47,-0.086,-0.131,-0.129,-0.271,53.56,47.2
"2024-10-29 04:00:00",4754,12.14,405,1,-0.365,-0.99,-1.47,-0.088,-0.131,-0.128,-0.272,54.65,48.29
"2024-10-29 04:30:00",4755,12.14,405,1,-0.359,-0.96,-1.46,-0.086,-0.13,-0.126,-0.271,53.53,48.27
"2024-10-29 05:00:00",4756,12.14,405,1,-0.382,-1.03,-1.54,-0.092,-0.137,-0.132,-0.272,54.39,48.44
"2024-10-29 05:30:00",4757,12.14,405,1,-0.371,-1,-1.5,-0.089,-0.134,-0.129,-0.269,53.63,48.1
"2024-10-29 06:00:00",4758,12.14,405,1,-0.347,-0.92,-1.42,-0.082,-0.127,-0.123,-0.267,55.05,48.68
"2024-10-29 06:30:00",4759,12.14,405,1,-0.364,-0.99,-1.46,-0.088,-0.13,-0.128,-0.271,54.29,47.93
"2024-10-29 07:00:00",4760,12.14,405,1,-0.379,-1.02,-1.53,-0.091,-0.137,-0.129,-0.271,53.98,48.2
"2024-10-29 07:30:00",4761,12.13,405,1,-0.37,-0.99,-1.5,-0.088,-0.134,-0.126,-0.271,55.76,49.4
"2024-10-29 08:00:00",4762,12.13,405,1,-0.359,-0.97,-1.45,-0.087,-0.129,-0.122,-0.267,55.04,49.93
"2024-10-29 08:30:00",4763,12.13,405,1,-0.344,-0.89,-1.43,-0.08,-0.127,-0.118,-0.262,55.43,48.49
"2024-10-29 09:00:00",4764,12.13,405,1,-0.053,0.38,-0.78,0.034,-0.07,-99,-0.206,-99,53.25
"2024-10-29 09:30:00",4765,12.13,405,1,-0.175,0.08,-1.3,0.007,-0.116,-99,-0.241,-99,51.43
"2024-10-29 10:00:00",4766,12.14,405,1,-0.169,-0.17,-0.99,-0.016,-0.088,-0.047,-0.211,63.9,54.06
"2024-10-29 10:30:00",4767,12.14,405,1,-0.286,-1.11,-0.79,-0.099,-0.07,-0.108,-0.193,61.12,54.77
"2024-10-29 11:00:00",4768,12.16,405,1,-0.515,-2.58,-0.8,-0.23,-0.072,-0.222,-0.159,56.44,58.84
"2024-10-29 11:30:00",4769,12.16,405,1,-0.226,-0.58,-0.95,-0.052,-0.085,-0.094,-0.221,55.07,50.38
"2024-10-29 12:00:00",4770,12.17,405,1,-0.134,-0.08,-0.85,-0.008,-0.076,-0.056,-0.216,57.71,50.26
"2024-10-29 12:30:00",4771,12.17,405,1,-0.159,-0.33,-0.75,-0.03,-0.067,-0.069,-0.213,58.13,50.27
"2024-10-29 13:00:00",4772,12.18,405,1,-0.207,-0.64,-0.75,-0.057,-0.068,-0.081,-0.181,62.18,55.82
"2024-10-29 13:30:00",4773,12.18,405,1,-0.254,-0.75,-0.96,-0.067,-0.085,-0.12,-0.234,52.32,50.55
"2024-10-29 14:00:00",4774,12.18,405,1,-0.222,-0.61,-0.89,-0.055,-0.079,-0.102,-0.234,53.98,49.55
"2024-10-29 14:30:00",4775,12.19,405,1,-0.196,-0.55,-0.77,-0.05,-0.069,-0.092,-0.219,54.75,48.39
"2024-10-29 15:00:00",4776,12.18,405,1,-0.185,-0.53,-0.72,-0.048,-0.064,-0.087,-0.21,57.4,50.78
"2024-10-29 15:30:00",4777,12.18,405,1,-0.237,-0.62,-0.98,-0.055,-0.087,-0.1,-0.235,54.54,50.12
"2024-10-29 16:00:00",4778,12.18,405,1,-0.231,-0.76,-0.79,-0.068,-0.071,-0.109,-0.217,55.06,50.54
"2024-10-29 16:30:00",4779,12.19,405,1,-0.233,-0.67,-0.9,-0.06,-0.081,-0.101,-0.226,55.35,49
"2024-10-29 17:00:00",4780,12.18,405,1,-0.247,-0.71,-0.95,-0.064,-0.085,-0.105,-0.23,54.7,49.6
"2024-10-29 17:30:00",4781,12.18,405,1,-0.29,-0.83,-1.12,-0.074,-0.1,-0.118,-0.25,53.11,48.84
"2024-10-29 18:00:00",4782,12.18,405,1,-0.335,-0.97,-1.28,-0.087,-0.114,-0.133,-0.261,53.44,48.75
"2024-10-29 18:30:00",4783,12.17,405,1,-0.334,-0.91,-1.34,-0.081,-0.12,-0.125,-0.27,53.55,48.45
"2024-10-29 19:00:00",4784,12.17,405,1,-0.343,-0.98,-1.33,-0.087,-0.118,-0.13,-0.265,53.87,47.36
"2024-10-29 19:30:00",4785,12.16,405,1,-0.347,-0.94,-1.4,-0.084,-0.124,-0.127,-0.271,53.97,48.7
"2024-10-29 20:00:00",4786,12.16,405,1,-0.343,-0.91,-1.4,-0.081,-0.125,-0.125,-0.269,53.42,48.46
"2024-10-29 20:30:00",4787,12.16,405,1,-0.355,-0.96,-1.43,-0.086,-0.127,-0.126,-0.27,54.39,49.03
"2024-10-29 21:00:00",4788,12.15,405,1,-0.356,-0.97,-1.43,-0.087,-0.128,-0.13,-0.274,54.72,48.21
"2024-10-29 21:30:00",4789,12.15,405,1,-0.352,-0.97,-1.4,-0.087,-0.124,-0.127,-0.271,53.85,48.9
"2024-10-29 22:00:00",4790,12.14,405,1,-0.352,-0.94,-1.43,-0.084,-0.128,-0.124,-0.271,54.36,49.25
"2024-10-29 22:30:00",4791,12.14,405,1,-0.355,-0.96,-1.43,-0.086,-0.127,-0.127,-0.271,54.69,49.16
"2024-10-29 23:00:00",4792,12.14,405,1,-0.373,-1.02,-1.49,-0.091,-0.133,-0.131,-0.27,54.03,48.5
"2024-10-29 23:30:00",4793,12.13,405,1,-0.353,-0.96,-1.42,-0.086,-0.126,-0.126,-0.264,54.79,48.43
"2024-10-30 00:00:00",4794,12.13,405,1,-0.361,-0.98,-1.45,-0.088,-0.129,-0.125,-0.267,53.99,49.3
"2024-10-30 00:30:00",4795,12.12,405,1,-0.358,-0.96,-1.45,-0.086,-0.129,-0.126,-0.267,54.68,48.73
"2024-10-30 01:00:00",4796,12.13,405,1,-0.356,-0.95,-1.45,-0.085,-0.129,-0.126,-0.27,54.59,49.22
"2024-10-30 01:30:00",4797,12.13,405,1,-0.362,-0.99,-1.45,-0.088,-0.129,-0.126,-0.27,54.98,48.62
"2024-10-30 02:00:00",4798,12.13,405,1,-0.37,-1.01,-1.48,-0.09,-0.132,-0.128,-0.27,54.66,48.98
"2024-10-30 02:30:00",4799,12.13,405,1,-0.367,-1,-1.47,-0.089,-0.131,-0.125,-0.268,55.78,49.16
"2024-10-30 03:00:00",4800,12.12,405,1,-0.367,-1,-1.47,-0.09,-0.131,-0.125,-0.265,55.56,48.21
"2024-10-30 03:30:00",4801,12.12,405,1,-0.338,-0.89,-1.39,-0.079,-0.124,-0.112,-0.253,56.56,49.79
"2024-10-30 04:00:00",4802,12.13,405,1,-0.372,-1.03,-1.47,-0.092,-0.131,-0.124,-0.261,55.03,49.51
"2024-10-30 04:30:00",4803,12.13,405,1,-0.382,-1.09,-1.48,-0.097,-0.132,-0.13,-0.263,55.36,49
"2024-10-30 05:00:00",4804,12.13,405,1,-0.35,-0.91,-1.45,-0.082,-0.129,-0.122,-0.264,55.52,48.9
"2024-10-30 05:30:00",4805,12.12,405,1,-0.359,-0.97,-1.45,-0.087,-0.129,-0.125,-0.26,54.55,48.87
"2024-10-30 06:00:00",4806,12.13,405,1,-0.376,-1.09,-1.44,-0.097,-0.128,-0.132,-0.259,55.17,50.48
"2024-10-30 06:30:00",4807,12.13,405,1,-0.387,-1.14,-1.46,-0.101,-0.13,-0.136,-0.264,54.53,48.75
"2024-10-30 07:00:00",4808,12.13,405,1,-0.369,-1.08,-1.4,-0.097,-0.125,-0.132,-0.259,54.78,48.84
"2024-10-30 07:30:00",4809,12.13,405,1,-0.324,-0.75,-1.44,-0.067,-0.129,-0.109,-0.262,56.63,50.28
"2024-10-30 08:00:00",4810,12.13,405,1,-0.329,-0.82,-1.4,-0.073,-0.124,-0.109,-0.258,57.26,49.39
"2024-10-30 08:30:00",4811,12.13,405,1,-0.344,-0.9,-1.42,-0.081,-0.126,-0.116,-0.254,55.7,50.85
"2024-10-30 09:00:00",4812,12.13,405,1,-0.353,-1.04,-1.33,-0.093,-0.118,-0.123,-0.244,56.73,50.79
"2024-10-30 09:30:00",4813,12.13,405,1,-0.274,-0.56,-1.3,-0.05,-0.116,-0.092,-0.248,59.93,51.49
"2024-10-30 10:00:00",4814,12.13,405,1,-0.303,-0.83,-1.21,-0.074,-0.108,-0.11,-0.239,55.7,51.02
"2024-10-30 10:30:00",4815,12.13,405,1,-0.204,-0.65,-0.72,-0.059,-0.065,-0.08,-0.202,59.41,53.47
"2024-10-30 11:00:00",4816,12.13,405,1,-0.307,-1.47,-0.55,-0.131,-0.049,-0.138,-0.17,59.09,55.91
"2024-10-30 11:30:00",4817,12.14,405,1,-0.288,-1.05,-0.87,-0.094,-0.077,-0.119,-0.208,55.16,51.98
"2024-10-30 12:00:00",4818,12.14,405,1,-0.112,-0.02,-0.76,-0.003,-0.069,-0.052,-0.219,57.1,50.58
"2024-10-30 12:30:00",4819,12.14,405,1,-0.191,-0.53,-0.76,-0.048,-0.068,-0.085,-0.21,56.23,50.45
"2024-10-30 13:00:00",4820,12.14,405,1,-0.24,-0.81,-0.8,-0.072,-0.072,-0.096,-0.184,60.65,55.13
"2024-10-30 13:30:00",4821,12.15,405,1,-0.248,-0.68,-0.99,-0.061,-0.088,-0.11,-0.232,51.31,50.63
"2024-10-30 14:00:00",4822,12.15,405,1,-0.221,-0.57,-0.92,-0.051,-0.082,-0.096,-0.232,55.93,49.99
"2024-10-30 14:30:00",4823,12.15,405,1,-0.22,-0.64,-0.84,-0.057,-0.075,-0.096,-0.222,56.06,50.96
"2024-10-30 15:00:00",4824,12.15,405,1,-0.173,-0.42,-0.75,-0.038,-0.067,-0.081,-0.209,57.42,50.49
"2024-10-30 15:30:00",4825,12.15,405,1,-0.229,-0.66,-0.88,-0.059,-0.079,-0.102,-0.226,55.35,50.4
"2024-10-30 16:00:00",4826,12.15,405,1,-0.194,-0.5,-0.81,-0.045,-0.072,-0.091,-0.22,55.39,49.04
"2024-10-30 16:30:00",4827,12.15,405,1,-0.217,-0.62,-0.84,-0.056,-0.075,-0.101,-0.226,55.85,49.5
"2024-10-30 17:00:00",4828,12.14,405,1,-0.251,-0.74,-0.95,-0.067,-0.085,-0.106,-0.234,55.5,49.72
"2024-10-30 17:30:00",4829,12.15,405,1,-0.279,-0.8,-1.08,-0.072,-0.097,-0.116,-0.246,54.18,49.07
"2024-10-30 18:00:00",4830,12.14,405,1,-0.333,-0.98,-1.26,-0.088,-0.112,-0.126,-0.261,53.08,47.56
"2024-10-30 18:30:00",4831,12.14,405,1,-0.336,-0.93,-1.33,-0.083,-0.118,-0.124,-0.266,52.7,47.75
"2024-10-30 19:00:00",4832,12.14,405,1,-0.319,-0.87,-1.28,-0.078,-0.114,-0.12,-0.265,54.86,49.34
"2024-10-30 19:30:00",4833,12.14,405,1,-0.34,-0.94,-1.35,-0.084,-0.12,-0.122,-0.265,54.65,48.87
"2024-10-30 20:00:00",4834,12.13,405,1,-0.331,-0.86,-1.37,-0.077,-0.122,-0.118,-0.263,55.8,48.35
"2024-10-30 20:30:00",4835,12.13,405,1,-0.349,-0.97,-1.38,-0.087,-0.123,-0.125,-0.264,54.16,49.06
"2024-10-30 21:00:00",4836,12.12,405,1,-0.34,-0.91,-1.38,-0.081,-0.123,-0.123,-0.265,54.91,47.56
"2024-10-30 21:30:00",4837,12.13,405,1,-0.349,-0.97,-1.38,-0.087,-0.123,-0.128,-0.271,54.14,48.61
"2024-10-30 22:00:00",4838,12.12,405,1,-0.349,-0.93,-1.42,-0.083,-0.126,-0.122,-0.265,53.73,48.62
"2024-10-30 22:30:00",4839,12.12,405,1,-0.361,-0.97,-1.46,-0.087,-0.13,-0.126,-0.271,54.37,49.53
"2024-10-30 23:00:00",4840,12.12,405,1,-0.361,-1.01,-1.42,-0.09,-0.127,-0.128,-0.268,54.47,47.96
"2024-10-30 23:30:00",4841,12.12,405,1,-0.364,-1.02,-1.43,-0.091,-0.128,-0.129,-0.272,54.37,49.42
"2024-10-31 00:00:00",4842,12.12,405,1,-0.336,-0.84,-1.43,-0.076,-0.127,-0.117,-0.269,55.09,48.89
"2024-10-31 00:30:00",4843,12.11,405,1,-0.321,-0.78,-1.39,-0.07,-0.124,-0.115,-0.271,55.18,48.26
"2024-10-31 01:00:00",4844,12.11,405,1,-0.363,-1.01,-1.43,-0.09,-0.128,-0.126,-0.27,54.33,48.23
"2024-10-31 01:30:00",4845,12.11,405,1,-0.364,-0.98,-1.47,-0.088,-0.131,-0.129,-0.273,54.62,48.26
"2024-10-31 02:00:00",4846,12.11,405,1,-0.349,-0.92,-1.43,-0.082,-0.128,-0.124,-0.27,54.88,48.95
"2024-10-31 02:30:00",4847,12.1,405,1,-0.362,-0.94,-1.5,-0.084,-0.134,-0.123,-0.272,54.67,48.31
"2024-10-31 03:00:00",4848,12.1,405,1,-0.358,-0.99,-1.42,-0.089,-0.127,-0.125,-0.271,54.71,48.77
"2024-10-31 03:30:00",4849,12.1,405,1,-0.359,-0.95,-1.47,-0.085,-0.131,-0.124,-0.27,54.23,48.14
"2024-10-31 04:00:00",4850,12.1,405,1,-0.345,-0.85,-1.48,-0.076,-0.132,-0.118,-0.274,54.26,48.32
"2024-10-31 04:30:00",4851,12.1,405,1,-0.364,-0.96,-1.49,-0.086,-0.133,-0.125,-0.271,55.03,49.66
"2024-10-31 05:00:00",4852,12.1,405,1,-0.361,-0.97,-1.46,-0.087,-0.13,-0.126,-0.272,53.9,48.79
"2024-10-31 05:30:00",4853,12.09,405,1,-0.364,-0.98,-1.47,-0.087,-0.131,-0.126,-0.273,54.1,48.84
"2024-10-31 06:00:00",4854,12.09,405,1,-0.356,-0.97,-1.43,-0.087,-0.127,-0.126,-0.273,55.84,49.06
"2024-10-31 06:30:00",4855,12.09,405,1,-0.361,-0.97,-1.46,-0.087,-0.13,-0.126,-0.27,54.83,48.06
"2024-10-31 07:00:00",4856,12.09,405,1,-0.359,-0.95,-1.47,-0.085,-0.131,-0.121,-0.274,54.22,48.13
"2024-10-31 07:30:00",4857,12.09,405,1,-0.355,-0.95,-1.44,-0.085,-0.128,-0.121,-0.271,55.14,47.8
"2024-10-31 08:00:00",4858,12.09,405,1,-0.358,-0.94,-1.47,-0.084,-0.131,-0.12,-0.267,55.51,47.49
"2024-10-31 08:30:00",4859,12.08,405,1,-0.327,-0.83,-1.38,-0.074,-0.123,-0.111,-0.262,56.54,49.19
"2024-10-31 09:00:00",4860,12.08,405,1,-0.355,-1.12,-1.26,-0.1,-0.112,-0.123,-0.246,57.71,49.69
"2024-10-31 09:30:00",4861,12.08,405,1,-0.207,-0.22,-1.2,-0.021,-0.107,-0.072,-0.248,61.92,49.16
"2024-10-31 10:00:00",4862,12.08,405,1,-0.334,-1.01,-1.23,-0.09,-0.109,-0.129,-0.241,53.62,50.03
"2024-10-31 10:30:00",4863,12.09,405,1,-0.223,-0.71,-0.79,-0.064,-0.071,-0.094,-0.217,56.42,51.32
"2024-10-31 11:00:00",4864,12.08,405,1,-0.158,-0.5,-0.56,-0.045,-0.05,-0.067,-0.167,65.25,56.14
"2024-10-31 11:30:00",4865,12.09,405,1,-0.349,-1.48,-0.83,-0.132,-0.074,-0.155,-0.208,53.15,50.81
"2024-10-31 12:00:00",4866,12.09,405,1,-0.166,-0.34,-0.79,-0.031,-0.071,-0.081,-0.223,55.13,49.45
