"TOA5","CR200Series_601","CR200X","No_SN","CR200X.Std.02","Sapflux2sensors1.CR2","63887","Table1"
"TIMESTAMP","RECORD","BattV_Min","id","SDI0","SapFlwTot0","VhOuter0","VhInner0","AlphaOut0","AlphaIn0","BetaOut0","BetaIn0","tMaxTout0","tMaxTin0"
"TS","RN","Volts","","","literPerHo","heatVeloci","heatVeloci","logTRatio","logTRatio","logTRatio","logTRatio","second","second"
"","","Min","Smp","Smp","Smp","Smp","Smp","Smp","Smp","Smp","Smp","Smp","Smp"
"2024-07-11 06:30:00",4030,12.94247,601,0,0.031,0.16,0.76,0.01404,0.06704,0.01316,0.04692,48.974,36.42
"2024-07-11 07:00:00",4031,12.93491,601,0,0.067,0.71,1.18,0.06298,0.10412,0.0549,0.07156,49.442,36.782
"2024-07-11 07:30:00",4032,12.94079,601,0,0.108,1.31,1.69,0.11636,0.14953,0.10051,0.10279,50.874,37.498
"2024-07-11 08:00:00",4033,12.94079,601,0,0.053,0.52,0.98,0.04636,0.08698,0.04142,0.0615,49.297,36.329
"2024-07-11 08:30:00",4034,12.94079,601,0,0.032,0.18,0.78,0.01617,0.06866,0.01521,0.0503,49.616,36.131
"2024-07-11 09:00:00",4035,12.93323,601,0,0.03,0.16,0.73,0.01404,0.06448,0.01318,0.04484,49.277,36.469
"2024-07-11 09:30:00",4036,12.92736,601,0,0.198,2.73,2.66,0.24192,0.23556,0.20808,0.15012,51.126,37.65
"2024-07-11 10:00:00",4037,12.92652,601,0,0.406,5.79,5.21,0.51266,0.46074,0.45423,0.30346,49.907,39.553
"2024-07-11 10:30:00",4038,12.93491,601,0,0.448,6.4,5.74,0.56651,0.50837,0.49791,0.33644,50.09,38.653
"2024-07-11 11:00:00",4039,12.93911,601,0,0.559,7.99,7.16,0.70681,0.63334,0.63323,0.4336,47.875,39.569
"2024-07-11 11:30:00",4040,12.93407,601,0,0.586,8.37,7.49,0.74108,0.66304,0.66916,0.45518,47.961,39.656
"2024-07-11 12:00:00",4041,12.92484,601,0,0.606,8.69,7.7,0.76957,0.68148,0.69315,0.47496,47.148,39.252
"2024-07-11 12:30:00",4042,12.93407,601,0,0.483,6.98,6.06,0.61752,0.53644,0.54597,0.3682,49.441,39.499
"2024-07-11 13:00:00",4043,12.93072,601,0,0.446,6.46,5.59,0.57182,0.49462,0.50082,0.32671,50.252,38.929
"2024-07-11 13:30:00",4044,12.92652,601,0,0.271,3.88,3.47,0.34352,0.30744,0.30073,0.20104,51.652,38.017
"2024-07-11 14:00:00",4045,12.92904,601,0,0.28,4,3.57,0.35412,0.3162,0.3047,0.20713,50.985,38.835
"2024-07-11 14:30:00",4046,12.92064,601,0,0.329,4.65,4.29,0.41113,0.38004,0.36098,0.2444,51.772,39.107
"2024-07-11 15:00:00",4047,12.92736,601,0,0.506,7.22,6.48,0.63926,0.57363,0.57005,0.38874,49.305,39.922
"2024-07-11 15:30:00",4048,12.92064,601,0,0.329,4.72,4.18,0.41812,0.36962,0.36346,0.24646,50.293,38.14
"2024-07-11 16:00:00",4049,12.92484,601,0,0.143,1.89,2.02,0.16702,0.17892,0.14595,0.11382,49.987,37.833
"2024-07-11 16:30:00",4050,12.92484,601,0,0.082,0.95,1.33,0.08375,0.11776,0.07426,0.07836,49.574,36.345
"2024-07-11 17:00:00",4051,12.91645,601,0,0.09,1.06,1.44,0.09372,0.12705,0.08126,0.08226,50.488,36.698
"2024-07-11 17:30:00",4052,12.92064,601,0,0.083,0.95,1.37,0.08375,0.12154,0.07408,0.08182,49.394,36.98
"2024-07-11 18:00:00",4053,12.92148,601,0,0.077,0.84,1.32,0.07458,0.11698,0.06988,0.08182,50.121,36.484
"2024-07-11 18:30:00",4054,12.92064,601,0,0.059,0.58,1.09,0.05136,0.09636,0.04378,0.06322,49.593,36.765
"2024-07-11 19:00:00",4055,12.91225,601,0,0.056,0.55,1.04,0.04878,0.09178,0.04568,0.06137,50.545,36.343
"2024-07-11 19:30:00",4056,12.91896,601,0,0.057,0.55,1.09,0.04902,0.09636,0.04366,0.06503,50.694,36.902
"2024-07-11 20:00:00",4057,12.91728,601,0,0.051,0.47,0.99,0.04192,0.08722,0.03712,0.05944,49.942,36.71
"2024-07-11 20:30:00",4058,12.91477,"NAN",0,0.042,0.34,0.88,0.03032,0.07798,0.02623,0.0503,49.44,36.205
"2024-07-11 21:00:00",4059,12.91309,601,0,0.035,0.24,0.78,0.02088,0.06881,0.0174,0.04287,50.264,36.362
"2024-07-11 21:30:00",4060,12.91477,601,0,0.032,0.21,0.75,0.01853,0.06643,0.01521,0.0483,49.657,36.831
"2024-07-11 22:00:00",4061,12.90721,601,0,0.03,0.16,0.75,0.0139,0.0663,0.01306,0.04276,49.857,36.623
"2024-07-11 22:30:00",4062,12.91393,601,0,0.03,0.16,0.75,0.0139,0.06614,0.01521,0.04452,49.635,36.556
"2024-07-11 23:00:00",4063,12.91561,601,0,0.032,0.21,0.75,0.01848,0.0663,0.01738,0.04094,49.779,36.961
"2024-07-11 23:30:00",4064,12.91393,601,0,0.032,0.23,0.72,0.02074,0.06378,0.01954,0.04083,50.053,36.816
"2024-07-12 00:00:00",4065,12.91393,601,0,0.029,0.18,0.69,0.01618,0.0614,0.01306,0.04074,49.636,36.248
"2024-07-12 00:30:00",4066,12.91309,601,0,0.034,0.21,0.8,0.01834,0.07038,0.01942,0.04812,47.784,38.398
"2024-07-12 01:00:00",4067,12.90469,601,0,0.045,0.39,0.9,0.03457,0.07948,0.03471,0.05366,49.883,36.498
"2024-07-12 01:30:00",4068,12.9005,601,0,0.05,0.47,0.95,0.04174,0.08442,0.03486,0.05944,50.197,36.556
"2024-07-12 02:00:00",4069,12.90889,601,0,0.05,0.47,0.98,0.04166,0.08639,0.03697,0.05725,48.533,36.281
"2024-07-12 02:30:00",4070,12.90637,601,0,0.055,0.58,0.98,0.05112,0.08676,0.0458,0.05758,50.504,36.449
"2024-07-12 03:00:00",4071,12.90469,601,0,0.058,0.6,1.06,0.05352,0.09373,0.048,0.06131,49.482,37.068
"2024-07-12 03:30:00",4072,12.90637,601,0,0.065,0.71,1.11,0.06271,0.0981,0.05448,0.0631,50.718,36.665
"2024-07-12 04:00:00",4073,12.91225,601,0,0.057,0.6,1.03,0.05352,0.09138,0.048,0.06117,52.204,36.098
"2024-07-12 04:30:00",4074,12.90721,601,0,0.066,0.73,1.13,0.06496,0.10031,0.05666,0.06322,50.057,37.234
"2024-07-12 05:00:00",4075,12.9005,601,0,0.078,0.93,1.24,0.08226,0.10992,0.07245,0.07613,50.144,36.911
"2024-07-12 05:30:00",4076,12.90721,601,0,0.07,0.82,1.14,0.07216,0.10051,0.06324,0.06868,50.398,36.5
"2024-07-12 06:00:00",4077,12.90637,601,0,0.075,0.86,1.24,0.07649,0.10946,0.06311,0.0705,50.605,36.705
"2024-07-12 06:30:00",4078,12.89462,601,0,0.075,0.89,1.21,0.07854,0.10679,0.0673,0.07408,50.009,37.337
"2024-07-12 07:00:00",4079,12.90721,601,0,0.101,1.25,1.56,0.11042,0.13804,0.09738,0.09019,51.155,37.11
"2024-07-12 07:30:00",4080,12.89714,601,0,0.182,2.44,2.54,0.216,0.22467,0.1944,0.14598,50.741,39.309
"2024-07-12 08:00:00",4081,12.90721,601,0,0.278,3.93,3.62,0.3481,0.32008,0.30864,0.21301,51.45,39.041
"2024-07-12 08:30:00",4082,12.8963,601,0,0.302,4.32,3.85,0.38273,0.341,0.33788,0.22556,50.454,38.712
"2024-07-12 09:00:00",4083,12.90553,601,0,0.405,5.79,5.19,0.51261,0.4597,0.45938,0.31234,51.475,40.297
"2024-07-12 09:30:00",4084,12.90385,601,0,0.515,7.37,6.58,0.65213,0.58237,0.59466,0.40975,49.959,39.607
"2024-07-12 10:00:00",4085,12.90385,601,0,0.573,8.21,7.3,0.72693,0.64598,0.6634,0.45592,47.573,38.599
"2024-07-12 10:30:00",4086,12.90553,601,0,0.579,8.31,7.35,0.73548,0.65074,0.6709,0.45674,47.875,40.132
"2024-07-12 11:00:00",4087,12.90385,601,0,0.65,9.24,8.36,0.81783,0.73963,0.76699,0.53522,44.706,38.193
"2024-07-12 11:30:00",4088,12.90721,601,0,0.673,9.46,8.82,0.83713,0.78043,0.80017,0.57252,43.767,39.41
"2024-07-12 12:00:00",4089,12.90637,601,0,0.73,10.17,9.69,0.89987,0.85743,0.88729,0.64916,40.486,38.742
"2024-07-12 12:30:00",4090,12.90721,601,0,0.733,10.32,9.59,0.91296,0.84837,0.88149,0.63196,41.212,38.495
"2024-07-12 13:00:00",4091,12.90469,601,0,0.722,10.18,9.42,0.90063,0.83335,0.86156,0.61136,42.144,38.349
"2024-07-12 13:30:00",4092,12.90721,601,0,0.724,10.2,9.44,0.90309,0.8355,0.86017,0.62082,42.881,38.115
"2024-07-12 14:00:00",4093,12.90469,601,0,0.721,10.17,9.39,0.89975,0.83129,0.85743,0.61136,42.478,37.865
"2024-07-12 14:30:00",4094,12.89714,601,0,0.649,9.44,8.08,0.83533,0.71535,0.73155,0.49585,45.935,38.703
"2024-07-12 15:00:00",4095,12.89378,601,0,0.39,5.64,4.9,0.49908,0.43392,0.43102,0.28189,49.495,38.871
"2024-07-12 15:30:00",4096,12.90134,601,0,0.294,4.16,3.81,0.3679,0.33685,0.3196,0.21904,50.678,38.415
"2024-07-12 16:00:00",4097,12.89882,601,0,0.231,3.22,3.06,0.28495,0.27106,0.24802,0.1803,50.384,38.22
"2024-07-12 16:30:00",4098,12.89294,601,0,0.191,2.56,2.68,0.22676,0.23692,0.1985,0.15612,51.193,37.798
"2024-07-12 17:00:00",4099,12.89378,601,0,0.202,2.72,2.79,0.24096,0.24668,0.21294,0.16355,51.148,37.906
"2024-07-12 17:30:00",4100,12.89546,601,0,0.211,2.85,2.91,0.25218,0.25756,0.22361,0.16994,51.808,38.16
"2024-07-12 18:00:00",4101,12.88623,601,0,0.256,3.53,3.43,0.31248,0.30398,0.27523,0.19992,51.237,38.667
"2024-07-12 18:30:00",4102,12.89462,601,0,0.234,3.28,3.08,0.29044,0.27304,0.2513,0.18196,49.624,37.613
"2024-07-12 19:00:00",4103,12.88455,601,0,0.165,2.21,2.31,0.1952,0.20458,0.17033,0.13302,51.05,37.81
"2024-07-12 19:30:00",4104,12.88287,601,0,0.133,1.7,1.97,0.15019,0.17434,0.13552,0.11647,50.281,37.042
"2024-07-12 20:00:00",4105,12.88874,601,0,0.113,1.4,1.73,0.12384,0.15346,0.10948,0.10004,50.863,37.771
"2024-07-12 20:30:00",4106,12.87699,601,0,0.102,1.21,1.63,0.10707,0.14458,0.0936,0.09473,50.315,37.49
"2024-07-12 21:00:00",4107,12.87867,601,0,0.094,1.13,1.5,0.10018,0.13258,0.08736,0.0891,50.795,36.579
"2024-07-12 21:30:00",4108,12.87867,601,0,0.086,1,1.39,0.08861,0.12341,0.08074,0.08149,50.106,37.281
"2024-07-12 22:00:00",4109,12.88371,601,0,0.084,0.97,1.39,0.08618,0.12341,0.07632,0.08344,50.427,36.364
"2024-07-12 22:30:00",4110,12.88706,601,0,0.087,0.98,1.45,0.08639,0.128,0.0786,0.08539,50.427,37.034
"2024-07-12 23:00:00",4111,12.88287,601,0,0.084,0.95,1.4,0.08413,0.12369,0.0723,0.08554,49.52,36.535
"2024-07-12 23:30:00",4112,12.88455,601,0,0.081,0.92,1.34,0.08149,0.11885,0.07212,0.07987,49.415,36.737
"2024-07-13 00:00:00",4113,12.88203,601,0,0.088,1.03,1.42,0.09128,0.12559,0.08108,0.08344,49.198,39.088
"2024-07-13 00:30:00",4114,12.87615,601,0,0.086,1.01,1.4,0.08946,0.12424,0.07915,0.08568,49.957,36.567
"2024-07-13 01:00:00",4115,12.87867,601,0,0.083,0.95,1.37,0.08413,0.12154,0.07654,0.08375,50.463,38.203
"2024-07-13 01:30:00",4116,12.87867,601,0,0.081,0.92,1.35,0.0817,0.11908,0.0723,0.07987,50.763,36.862
"2024-07-13 02:00:00",4117,12.87783,601,0,0.084,0.98,1.37,0.08639,0.12124,0.07668,0.08002,49.448,36.366
"2024-07-13 02:30:00",4118,12.87783,601,0,0.083,0.96,1.37,0.08454,0.12154,0.07474,0.08002,49.899,37.225
"2024-07-13 03:00:00",4119,12.87699,601,0,0.081,0.95,1.32,0.08413,0.11698,0.07458,0.07826,49.664,37.09
"2024-07-13 03:30:00",4120,12.87531,601,0,0.079,0.92,1.29,0.0817,0.11452,0.0723,0.07826,49.554,37.391
"2024-07-13 04:00:00",4121,12.8686,601,0,0.08,0.93,1.32,0.08191,0.11668,0.07458,0.08002,49.501,37.339
"2024-07-13 04:30:00",4122,12.87447,601,0,0.084,0.98,1.37,0.08639,0.12102,0.07654,0.08182,50.935,37.031
"2024-07-13 05:00:00",4123,12.8686,601,0,0.087,1.03,1.4,0.09146,0.12369,0.08354,0.08375,49.866,37.448
"2024-07-13 05:30:00",4124,12.8686,601,0,0.085,0.98,1.4,0.08656,0.12369,0.07686,0.08375,51.497,36.873
"2024-07-13 06:00:00",4125,12.86608,601,0,0.087,1,1.45,0.08861,0.128,0.0788,0.08375,50.105,37.435
"2024-07-13 06:30:00",4126,12.87363,601,0,0.088,1.03,1.42,0.09104,0.12586,0.08108,0.08554,51.081,37.025
"2024-07-13 07:00:00",4127,12.87112,601,0,0.089,1.05,1.42,0.09304,0.12559,0.08544,0.08375,50.7,37.045
"2024-07-13 07:30:00",4128,12.86608,601,0,0.093,1.13,1.47,0.09998,0.12984,0.08966,0.0891,50.627,37.131
"2024-07-13 08:00:00",4129,12.87112,601,0,0.109,1.35,1.67,0.1197,0.14744,0.10626,0.10182,50.398,37.011
"2024-07-13 08:30:00",4130,12.86608,601,0,0.175,2.37,2.42,0.20969,0.21452,0.18389,0.1436,51.66,38.01
"2024-07-13 09:00:00",4131,12.86524,601,0,0.294,4.1,3.9,0.36264,0.3448,0.31959,0.23003,51.378,38.969
"2024-07-13 09:30:00",4132,12.86524,601,0,0.439,6.19,5.71,0.54798,0.5056,0.49842,0.34452,50.753,39.984
"2024-07-13 10:00:00",4133,12.86524,601,0,0.521,7.43,6.69,0.65796,0.59186,0.59786,0.41548,48.037,39.166
"2024-07-13 10:30:00",4134,12.86608,601,0,0.531,7.62,6.75,0.67462,0.59768,0.60954,0.41764,47.827,40.084
"2024-07-13 11:00:00",4135,12.86524,601,0,0.526,7.5,6.75,0.66344,0.59768,0.60176,0.41548,49.16,39.877
"2024-07-13 11:30:00",4136,12.8728,601,0,0.645,8.98,8.56,0.79489,0.75797,0.76313,0.55248,44.982,38.986
"2024-07-13 12:00:00",4137,12.86944,601,0,0.718,9.91,9.65,0.87748,0.85423,0.88441,0.66449,40.969,37.331
"2024-07-13 12:30:00",4138,12.8644,601,0,0.751,10.07,10.49,0.89127,0.92866,0.95395,0.75105,37.754,35.449
"2024-07-13 13:00:00",4139,12.86692,601,0,0.753,10.26,10.29,0.90843,0.91059,0.94031,0.72512,38.672,35.956
"2024-07-13 13:30:00",4140,12.87447,601,0,0.754,9.91,10.79,0.87727,0.95486,0.9851,0.80097,35.891,33.739
"2024-07-13 14:00:00",4141,12.87531,601,0,0.769,10.69,10.24,0.94645,0.90656,0.95071,0.70855,38.909,36.091
"2024-07-13 14:30:00",4142,12.8686,601,0,0.738,10.37,9.67,0.91796,0.85549,0.88123,0.63514,41.296,37.76
"2024-07-13 15:00:00",4143,12.86944,601,0,0.75,10.16,10.32,0.89932,0.91305,0.93287,0.71457,38.734,36.736
"2024-07-13 15:30:00",4144,12.87447,601,0,0.766,10.33,10.63,0.91452,0.94049,0.96783,0.7499,38.015,35.042
"2024-07-13 16:00:00",4145,12.87363,601,0,0.782,10.52,10.87,0.93097,0.96191,0.99259,0.78187,37.34,34.113
"2024-07-13 16:30:00",4146,12.87363,601,0,0.779,10.67,10.56,0.94419,0.93462,0.96771,0.73113,38.617,35.236
"2024-07-13 17:00:00",4147,12.86608,601,0,0.753,10.46,10.04,0.92577,0.88893,0.91091,0.67515,40.637,36.998
"2024-07-13 17:30:00",4148,12.87112,601,0,0.699,9.83,9.14,0.87043,0.80887,0.82789,0.59498,43.689,38.668
"2024-07-13 18:00:00",4149,12.8644,601,0,0.675,9.45,8.89,0.83675,0.78714,0.79612,0.57394,43.909,38.219
"2024-07-13 18:30:00",4150,12.8686,601,0,0.715,9.87,9.62,0.87345,0.85109,0.85834,0.63774,41.54,37.34
"2024-07-13 19:00:00",4151,12.86776,601,0,0.689,9.59,9.15,0.84896,0.81013,0.81831,0.59877,42.63,38.172
"2024-07-13 19:30:00",4152,12.86272,601,0,0.634,8.97,8.23,0.79349,0.72845,0.73505,0.5225,44.719,38.466
"2024-07-13 20:00:00",4153,12.85769,601,0,0.538,7.68,6.9,0.67944,0.61075,0.61636,0.42638,47.645,39.905
"2024-07-13 20:30:00",4154,12.86608,601,0,0.437,6.17,5.68,0.54653,0.50247,0.4842,0.3404,49.446,39.092
"2024-07-13 21:00:00",4155,12.86692,601,0,0.346,4.82,4.59,0.42665,0.40642,0.37991,0.27302,51.327,38.518
"2024-07-13 21:30:00",4156,12.86356,601,0,0.274,3.77,3.7,0.33324,0.3275,0.29206,0.21742,50.251,38.26
"2024-07-13 22:00:00",4157,12.85349,601,0,0.224,3.03,3.1,0.26792,0.27443,0.23534,0.18366,50.67,37.859
"2024-07-13 22:30:00",4158,12.85685,601,0,0.194,2.57,2.75,0.22786,0.24318,0.2031,0.15868,50.367,38.122
"2024-07-13 23:00:00",4159,12.85936,601,0,0.171,2.21,2.49,0.1952,0.22058,0.17072,0.14412,49.888,38.156
"2024-07-13 23:30:00",4160,12.85936,601,0,0.153,1.94,2.29,0.17199,0.20252,0.1514,0.13378,49.803,37.81
"2024-07-14 00:00:00",4161,12.85685,601,0,0.139,1.74,2.11,0.15376,0.18652,0.13678,0.12262,49.512,37.102
"2024-07-14 00:30:00",4162,12.85349,601,0,0.131,1.62,2.02,0.14326,0.17895,0.12734,0.11689,50.462,37.09
"2024-07-14 01:00:00",4163,12.84593,601,0,0.121,1.46,1.9,0.1294,0.16803,0.11648,0.10966,50.308,37.089
"2024-07-14 01:30:00",4164,12.85517,601,0,0.117,1.39,1.87,0.12277,0.1659,0.1079,0.10788,49.601,36.786
"2024-07-14 02:00:00",4165,12.84509,601,0,0.108,1.31,1.69,0.11558,0.14986,0.1035,0.10062,49.91,37.352
"2024-07-14 02:30:00",4166,12.85181,601,0,0.104,1.25,1.64,0.11059,0.14491,0.09672,0.0969,50.389,37.162
"2024-07-14 03:00:00",4167,12.85181,601,0,0.102,1.2,1.64,0.10608,0.14557,0.09258,0.09528,49.764,37.357
"2024-07-14 03:30:00",4168,12.85097,601,0,0.102,1.2,1.65,0.10662,0.14592,0.09509,0.09545,49.212,36.956
"2024-07-14 04:00:00",4169,12.84845,601,0,0.1,1.15,1.64,0.10136,0.14526,0.08812,0.09514,49.192,37.044
"2024-07-14 04:30:00",4170,12.83922,601,0,0.092,1.03,1.54,0.09146,0.13599,0.08354,0.09154,49.254,37.003
"2024-07-14 05:00:00",4171,12.85013,601,0,0.099,1.17,1.59,0.10386,0.14095,0.08833,0.09348,50.228,36.592
"2024-07-14 05:30:00",4172,12.83922,601,0,0.095,1.09,1.56,0.0964,0.13814,0.08583,0.09348,50.121,37.714
"2024-07-14 06:00:00",4173,12.84929,601,0,0.099,1.14,1.62,0.10114,0.14308,0.09024,0.09348,50.651,37.009
"2024-07-14 06:30:00",4174,12.84425,601,0,0.092,1.06,1.51,0.09416,0.1338,0.07948,0.09348,50.235,37.567
"2024-07-14 07:00:00",4175,12.84593,601,0,0.087,0.96,1.48,0.08454,0.13106,0.0749,0.09172,49.149,37.561
"2024-07-14 07:30:00",4176,12.83502,601,0,0.099,1.16,1.6,0.10236,0.14179,0.09402,0.09492,51.104,37.054
"2024-07-14 08:00:00",4177,12.84341,601,0,0.192,2.54,2.74,0.2252,0.24246,0.20044,0.1604,50.985,37.762
"2024-07-14 08:30:00",4178,12.84341,601,0,0.433,6.08,5.68,0.53774,0.50316,0.48575,0.34618,50.264,40.067
"2024-07-14 09:00:00",4179,12.8409,601,0,0.624,8.64,8.36,0.76471,0.73979,0.73145,0.53903,45.402,38.738
"2024-07-14 09:30:00",4180,12.84341,601,0,0.704,9.59,9.62,0.84839,0.85161,0.86683,0.65952,41.233,37.185
"2024-07-14 10:00:00",4181,12.83502,601,0,0.733,9.77,10.32,0.86433,0.91305,0.93157,0.73588,37.853,36.264
"2024-07-14 10:30:00",4182,12.83502,601,0,0.76,10.06,10.79,0.89073,0.95517,0.99259,0.79363,36.188,34.19
"2024-07-14 11:00:00",4183,12.84341,601,0,0.752,9.83,10.83,0.8696,0.95855,0.98513,0.8015,35.989,34.402
"2024-07-14 11:30:00",4184,12.84845,601,0,2.083,41.57,10.9,0.91531,0.96443,1.01255,0.81818,35.009,33.933
"2024-07-14 12:00:00",4185,12.84929,601,0,2.091,41.67,11,0.87282,0.97396,1.00516,0.82395,34.973,33.795
"2024-07-14 12:30:00",4186,12.84929,601,0,2.15,42.92,11.23,0.93501,0.99375,1.04189,0.83489,34.446,33.37
"2024-07-14 13:00:00",4187,12.85013,601,0,2.153,42.91,11.33,0.93715,1.00281,1.04423,0.83883,34.457,32.97
"2024-07-14 13:30:00",4188,12.85013,601,0,2.202,44.07,11.35,0.92809,1.00455,1.0382,0.83853,33.983,33.471
"2024-07-14 14:00:00",4189,12.85013,601,0,2.071,41.06,11.19,0.91147,0.99013,1.01777,0.82654,35.224,33.226
"2024-07-14 14:30:00",4190,12.85097,601,0,2.087,41.55,11.04,0.89949,0.9768,1.00963,0.81454,35.014,34.093
"2024-07-14 15:00:00",4191,12.85013,601,0,0.769,10.2,10.87,0.90249,0.96231,0.99129,0.79475,36.089,34.092
"2024-07-14 15:30:00",4192,12.85013,601,0,0.772,10.29,10.85,0.91077,0.96023,0.98387,0.78076,36.36,34.771
"2024-07-14 16:00:00",4193,12.85013,601,0,0.774,10.33,10.86,0.9145,0.96087,0.97647,0.77032,36.871,34.873
"2024-07-14 16:30:00",4194,12.84006,601,0,0.764,10.29,10.61,0.91091,0.93899,0.94997,0.74205,38.055,35.647
"2024-07-14 17:00:00",4195,12.84929,601,0,0.751,10.17,10.35,0.89973,0.91627,0.92705,0.71706,38.777,36.062
"2024-07-14 17:30:00",4196,12.83586,601,0,0.728,9.93,9.94,0.87925,0.87939,0.88091,0.67025,40.668,36.722
"2024-07-14 18:00:00",4197,12.84425,601,0,0.702,9.68,9.43,0.85636,0.83489,0.83809,0.62174,42.456,37.998
"2024-07-14 18:30:00",4198,12.84425,601,0,0.647,9.01,8.58,0.79719,0.75933,0.75553,0.5524,44.153,38.877
"2024-07-14 19:00:00",4199,12.84425,601,0,0.595,8.34,7.81,0.73832,0.69146,0.67818,0.48962,45.55,39.145
"2024-07-14 19:30:00",4200,12.84341,601,0,0.52,7.29,6.85,0.64532,0.60586,0.58778,0.41991,48.073,39.358
"2024-07-14 20:00:00",4201,12.83586,601,0,0.433,6.06,5.71,0.53666,0.50544,0.4771,0.3416,48.788,39.922
"2024-07-14 20:30:00",4202,12.83754,601,0,0.345,4.77,4.62,0.42184,0.40921,0.37548,0.27352,49.552,39.043
"2024-07-14 21:00:00",4203,12.83586,601,0,0.274,3.73,3.75,0.3297,0.33216,0.29394,0.22189,50.425,38.585
"2024-07-14 21:30:00",4204,12.8367,601,0,0.229,3.06,3.21,0.27078,0.28369,0.24062,0.18974,50.431,38.176
"2024-07-14 22:00:00",4205,12.82663,601,0,0.193,2.49,2.82,0.22048,0.24984,0.1987,0.16642,50.257,38.254
"2024-07-14 22:30:00",4206,12.82998,601,0,0.182,2.34,2.66,0.2068,0.23503,0.18392,0.15788,50.098,37.686
"2024-07-14 23:00:00",4207,12.82914,601,0,0.18,2.35,2.61,0.20828,0.23091,0.18432,0.15412,50.041,38.04
"2024-07-14 23:30:00",4208,12.83082,601,0,0.177,2.29,2.59,0.20307,0.22886,0.17788,0.15243,49.923,37.774
"2024-07-15 00:00:00",4209,12.82243,601,0,0.172,2.25,2.48,0.19874,0.21951,0.17147,0.14693,49.966,37.406
"2024-07-15 00:30:00",4210,12.81823,601,0,0.164,2.11,2.4,0.18709,0.21277,0.16502,0.13972,49.454,38.279
"2024-07-15 01:00:00",4211,12.82327,601,0,0.154,1.97,2.28,0.17455,0.20139,0.15618,0.134,49.965,37.562
"2024-07-15 01:30:00",4212,12.81907,601,0,0.15,1.91,2.22,0.16943,0.19627,0.14702,0.13028,50.561,37.494
"2024-07-15 02:00:00",4213,12.8132,601,0,0.149,1.89,2.22,0.16727,0.19627,0.14702,0.12877,49.748,37.754
"2024-07-15 02:30:00",4214,12.81907,601,0,0.144,1.81,2.16,0.16034,0.1916,0.1388,0.12678,50.576,36.682
"2024-07-15 03:00:00",4215,12.81487,601,0,0.138,1.73,2.08,0.1527,0.1844,0.1338,0.1248,49.853,37.449
"2024-07-15 03:30:00",4216,12.81655,601,0,0.139,1.75,2.08,0.15491,0.18396,0.13821,0.11928,49.92,36.945
"2024-07-15 04:00:00",4217,12.81823,601,0,0.14,1.77,2.1,0.15704,0.1861,0.14026,0.1248,50.71,37.899
"2024-07-15 04:30:00",4218,12.81655,601,0,0.141,1.78,2.13,0.15742,0.18862,0.13821,0.1248,50.819,37.752
"2024-07-15 05:00:00",4219,12.81655,601,0,0.144,1.83,2.14,0.16213,0.18906,0.14263,0.12327,50.549,37.473
"2024-07-15 05:30:00",4220,12.80816,601,0,0.145,1.84,2.16,0.1625,0.1916,0.14292,0.12877,50.388,37.569
"2024-07-15 06:00:00",4221,12.81571,601,0,0.145,1.86,2.13,0.16428,0.18862,0.14496,0.1248,50.802,37.573
"2024-07-15 06:30:00",4222,12.81152,601,0,0.178,2.32,2.57,0.20538,0.22778,0.18114,0.15071,51.564,38.337
"2024-07-15 07:00:00",4223,12.80312,601,0,0.243,3.31,3.31,0.29306,0.29298,0.26011,0.19377,51.181,37.957
"2024-07-15 07:30:00",4224,12.80396,601,0,0.35,4.9,4.62,0.43392,0.4092,0.3871,0.2745,50.022,39.258
"2024-07-15 08:00:00",4225,12.81152,601,0,0.495,6.98,6.45,0.61783,0.57054,0.56402,0.39594,47.856,39.964
"2024-07-15 08:30:00",4226,12.81068,601,0,0.608,8.55,7.96,0.75713,0.70485,0.70509,0.50492,45.909,39.4
"2024-07-15 09:00:00",4227,12.81152,601,0,0.688,9.52,9.22,0.84283,0.81623,0.81831,0.60652,42.755,37.986
"2024-07-15 09:30:00",4228,12.80228,601,0,0.736,10.03,10.05,0.88751,0.88965,0.89954,0.68464,40.325,36.534
"2024-07-15 10:00:00",4229,12.8132,601,0,0.738,9.83,10.38,0.86995,0.91878,0.92093,0.72427,39.502,35.708
"2024-07-15 10:30:00",4230,12.81068,601,0,0.754,10.16,10.47,0.89955,0.92631,0.95047,0.74217,37.749,34.931
"2024-07-15 11:00:00",4231,12.80816,601,0,0.756,10.08,10.64,0.89245,0.94161,0.95917,0.7646,37.742,35.591
"2024-07-15 11:30:00",4232,12.80648,601,0,0.745,9.85,10.58,0.87153,0.93644,0.96231,0.76879,36.757,35.016
"2024-07-15 12:00:00",4233,12.80564,601,0,0.739,9.66,10.66,0.85513,0.9435,0.9633,0.78417,36.6,34.295
"2024-07-15 12:30:00",4234,12.81655,601,0,0.778,10.41,10.88,0.92101,0.96273,0.9989,0.79771,36.076,34.335
"2024-07-15 13:00:00",4235,12.81907,601,0,2.027,40.21,10.93,0.91627,0.96723,1.00375,0.79525,35.587,33.846
"2024-07-15 13:30:00",4236,12.80816,601,0,0.769,10.11,11.01,0.89505,0.97456,0.99481,0.80505,35.97,34.077
"2024-07-15 14:00:00",4237,12.81823,601,0,0.773,10.28,10.9,0.90975,0.96443,0.99573,0.80001,35.913,34.174
"2024-07-15 14:30:00",4238,12.81907,601,0,0.771,10.29,10.82,0.91071,0.9579,0.99087,0.79025,35.899,34.568
"2024-07-15 15:00:00",4239,12.81907,601,0,0.762,10.16,10.72,0.89913,0.94879,0.97296,0.77621,36.73,34.732
"2024-07-15 15:30:00",4240,12.81068,601,0,0.767,10.27,10.74,0.90901,0.95047,0.96905,0.76799,36.948,34.953
"2024-07-15 16:00:00",4241,12.81571,601,0,0.757,10.13,10.59,0.89661,0.93753,0.95599,0.75763,37.566,35.005
"2024-07-15 16:30:00",4242,12.80816,601,0,0.757,10.17,10.54,0.90026,0.93309,0.9494,0.73981,38.242,35.27
"2024-07-15 17:00:00",4243,12.81236,601,0,0.746,10.06,10.33,0.89027,0.91463,0.91761,0.71717,38.973,36.411
"2024-07-15 17:30:00",4244,12.81571,601,0,0.723,9.76,10.01,0.86413,0.88563,0.88634,0.68592,39.918,36.948
"2024-07-15 18:00:00",4245,12.80648,601,0,0.714,9.77,9.7,0.86458,0.85827,0.85421,0.65064,41.157,37.112
"2024-07-15 18:30:00",4246,12.81655,601,0,0.674,9.37,8.96,0.82932,0.79342,0.79534,0.58412,43.098,38.489
"2024-07-15 19:00:00",4247,12.81571,601,0,0.643,9,8.47,0.79697,0.74961,0.74588,0.53882,44.185,38.601
"2024-07-15 19:30:00",4248,12.81403,601,0,0.565,7.91,7.45,0.70005,0.65957,0.64044,0.46188,47.213,39.888
"2024-07-15 20:00:00",4249,12.80984,601,0,0.46,6.46,6.03,0.57138,0.53366,0.51188,0.36506,49.323,39.384
"2024-07-15 20:30:00",4250,12.80312,601,0,0.355,4.92,4.73,0.4353,0.4186,0.3844,0.28137,50.618,39.291
"2024-07-15 21:00:00",4251,12.80816,601,0,0.294,4,4.02,0.35436,0.35554,0.31332,0.23463,50.544,38.712
"2024-07-15 21:30:00",4252,12.80312,601,0,0.247,3.3,3.46,0.29244,0.30639,0.25682,0.20495,50.56,37.905
"2024-07-15 22:00:00",4253,12.80228,601,0,0.223,2.94,3.18,0.26048,0.28164,0.23097,0.18537,50.937,38.532
"2024-07-15 22:30:00",4254,12.79473,601,0,0.202,2.64,2.91,0.23375,0.25746,0.20598,0.17516,50.672,38.116
"2024-07-15 23:00:00",4255,12.80144,601,0,0.183,2.36,2.68,0.20894,0.23762,0.18348,0.16021,50.966,37.748
"2024-07-15 23:30:00",4256,12.79221,601,0,0.17,2.15,2.53,0.19006,0.22418,0.16835,0.14926,49.424,37.589
"2024-07-16 00:00:00",4257,12.79137,601,0,0.16,2.04,2.37,0.18062,0.20969,0.16392,0.13803,51.493,37.71
"2024-07-16 00:30:00",4258,12.78633,601,0,0.154,1.92,2.34,0.16997,0.20714,0.1504,0.13624,50.759,37.54
"2024-07-16 01:00:00",4259,12.79725,601,0,0.152,1.93,2.26,0.17078,0.19999,0.14872,0.13624,50.37,37.967
"2024-07-16 01:30:00",4260,12.79473,601,0,0.149,1.88,2.24,0.16605,0.1979,0.14432,0.13251,51.685,37.647
"2024-07-16 02:00:00",4261,12.79221,601,0,0.144,1.83,2.16,0.16213,0.19114,0.13821,0.12702,49.487,37.908
"2024-07-16 02:30:00",4262,12.79305,601,0,0.146,1.84,2.19,0.1625,0.19414,0.14292,0.1255,50.35,37.952
"2024-07-16 03:00:00",4263,12.79137,601,0,0.145,1.84,2.17,0.16328,0.1925,0.14357,0.13124,49.949,37.14
"2024-07-16 03:30:00",4264,12.7813,601,0,0.146,1.87,2.17,0.16544,0.19206,0.1456,0.1255,50.729,37.917
"2024-07-16 04:00:00",4265,12.79137,601,0,0.153,1.95,2.26,0.17283,0.19972,0.15004,0.13124,50.19,38.191
"2024-07-16 04:30:00",4266,12.79053,601,0,0.156,2.04,2.26,0.18012,0.19972,0.15687,0.13325,50.598,38.034
"2024-07-16 05:00:00",4267,12.79053,601,0,0.16,2.09,2.31,0.18492,0.20443,0.16132,0.13501,50.402,37.838
"2024-07-16 05:30:00",4268,12.78969,601,0,0.161,2.11,2.3,0.18709,0.20392,0.15892,0.13676,50.029,37.366
"2024-07-16 06:00:00",4269,12.78633,601,0,0.169,2.2,2.44,0.19444,0.21638,0.17222,0.14078,49.917,37.357
"2024-07-16 06:30:00",4270,12.77626,601,0,0.22,2.99,3.02,0.26505,0.26744,0.23296,0.17752,50.788,37.56
"2024-07-16 07:00:00",4271,12.78465,601,0,0.291,4.02,3.89,0.35608,0.34473,0.30726,0.22979,51.517,38.441
"2024-07-16 07:30:00",4272,12.7813,601,0,0.392,5.53,5.11,0.48946,0.45196,0.43718,0.30674,49.359,39.67
"2024-07-16 08:00:00",4273,12.78046,601,0,0.509,7.2,6.61,0.63734,0.58538,0.57252,0.40399,48.31,39.445
"2024-07-16 08:30:00",4274,12.78214,601,0,0.606,8.5,7.95,0.75227,0.70329,0.70064,0.50165,46.362,38.624
"2024-07-16 09:00:00",4275,12.77374,601,0,0.664,9.24,8.83,0.81807,0.78119,0.78302,0.5745,44.064,38.221
"2024-07-16 09:30:00",4276,12.78214,601,0,0.705,9.65,9.57,0.85409,0.84675,0.85008,0.63697,41.331,37.694
"2024-07-16 10:00:00",4277,12.78046,601,0,0.722,9.77,9.96,0.86435,0.88168,0.88113,0.68102,40.581,37.044
"2024-07-16 10:30:00",4278,12.77458,601,0,0.737,9.95,10.21,0.88109,0.90397,0.92027,0.71604,39.327,36.1
"2024-07-16 11:00:00",4279,12.78214,601,0,0.767,10.42,10.52,0.9226,0.93139,0.95846,0.74357,38.038,35.632
"2024-07-16 11:30:00",4280,12.77542,601,0,0.74,9.78,10.51,0.86565,0.93051,0.94017,0.75173,37.521,34.961
"2024-07-16 12:00:00",4281,12.78381,601,0,0.751,9.91,10.69,0.87694,0.94639,0.96783,0.7887,36.487,34.592
"2024-07-16 12:30:00",4282,12.77626,601,0,0.761,10.15,10.7,0.89796,0.9467,0.99087,0.78617,36.182,34.186
"2024-07-16 13:00:00",4283,12.78633,601,0,0.77,10.33,10.75,0.91443,0.95103,0.98431,0.78407,36.323,34.327
"2024-07-16 13:30:00",4284,12.78633,601,0,0.764,10.2,10.74,0.9026,0.95077,0.97429,0.78142,36.331,34.59
"2024-07-16 14:00:00",4285,12.78969,601,0,0.756,10.1,10.6,0.89381,0.93845,0.96261,0.7646,36.884,35.297
"2024-07-16 14:30:00",4286,12.78717,601,0,0.744,9.83,10.59,0.86971,0.93733,0.94558,0.76687,37.036,35.705
"2024-07-16 15:00:00",4287,12.78885,601,0,0.758,10.12,10.65,0.89565,0.94251,0.95071,0.75665,37.405,35.665
"2024-07-16 15:30:00",4288,12.79053,601,0,0.756,10.06,10.65,0.89041,0.94251,0.94257,0.74939,37.623,35.471
"2024-07-16 16:00:00",4289,12.79053,601,0,0.748,10.05,10.42,0.88907,0.92213,0.92568,0.72307,38.237,35.832
"2024-07-16 16:30:00",4290,12.78885,601,0,0.752,10.16,10.39,0.89955,0.91959,0.92101,0.71723,38.75,35.78
"2024-07-16 17:00:00",4291,12.78549,601,0,0.737,9.97,10.18,0.88282,0.90075,0.89411,0.69192,39.361,36.646
"2024-07-16 17:30:00",4292,12.7813,601,0,0.717,9.78,9.79,0.86586,0.86663,0.86486,0.66168,40.79,37.413
"2024-07-16 18:00:00",4293,12.78717,601,0,0.69,9.51,9.29,0.84166,0.82246,0.81831,0.61668,42.473,38.021
"2024-07-16 18:30:00",4294,12.78465,601,0,0.656,9.1,8.76,0.80585,0.77565,0.76933,0.56912,43.502,38.23
"2024-07-16 19:00:00",4295,12.77542,601,0,0.607,8.49,8,0.75117,0.70823,0.69613,0.50542,45.814,38.338
"2024-07-16 19:30:00",4296,12.78549,601,0,0.54,7.56,7.12,0.66908,0.63012,0.60901,0.44304,46.824,39.349
"2024-07-16 20:00:00",4297,12.77458,601,0,0.455,6.34,6.02,0.56141,0.5324,0.50586,0.36804,48.495,39.788
"2024-07-16 20:30:00",4298,12.77122,601,0,0.374,5.18,5.01,0.45873,0.44326,0.40722,0.29922,49.873,39.524
"2024-07-16 21:00:00",4299,12.76619,601,0,0.313,4.27,4.28,0.37754,0.37902,0.3339,0.25227,49.686,38.669
"2024-07-16 21:30:00",4300,12.77626,601,0,0.266,3.55,3.73,0.31416,0.32978,0.27703,0.21941,50.719,38.061
"2024-07-16 22:00:00",4301,12.77542,601,0,0.228,3.07,3.18,0.27128,0.28164,0.23584,0.18704,50.462,37.804
"2024-07-16 22:30:00",4302,12.76954,601,0,0.201,2.63,2.9,0.23262,0.25625,0.20066,0.17078,49.399,37.815
"2024-07-16 23:00:00",4303,12.76954,601,0,0.181,2.36,2.63,0.20894,0.23296,0.18589,0.15644,50.373,37.558
"2024-07-16 23:30:00",4304,12.75947,601,0,0.17,2.15,2.56,0.19006,0.22624,0.16835,0.15096,49.704,38.277
"2024-07-17 00:00:00",4305,12.75695,601,0,0.163,2.05,2.46,0.18144,0.21744,0.15788,0.144,49.895,36.672
"2024-07-17 00:30:00",4306,12.75443,601,0,0.153,1.91,2.32,0.16943,0.20553,0.1514,0.13655,50.913,37.283
"2024-07-17 01:00:00",4307,12.75527,601,0,0.144,1.81,2.17,0.15996,0.19206,0.14058,0.1255,50.923,37.957
"2024-07-17 01:30:00",4308,12.75779,601,0,0.136,1.69,2.08,0.14977,0.1844,0.13353,0.12526,50.221,37.405
"2024-07-17 02:00:00",4309,12.76367,601,0,0.133,1.65,2.04,0.14612,0.18022,0.12734,0.11976,50.157,37.347
"2024-07-17 02:30:00",4310,12.75191,601,0,0.133,1.65,2.04,0.14644,0.18062,0.12789,0.1182,49.074,38.159
"2024-07-17 03:00:00",4311,12.75947,601,0,0.135,1.69,2.05,0.14939,0.18106,0.13262,0.12018,50.85,36.954
"2024-07-17 03:30:00",4312,12.75947,601,0,0.133,1.67,2,0.14753,0.17716,0.12877,0.11864,50.4,37.336
"2024-07-17 04:00:00",4313,12.75695,601,0,0.134,1.67,2.05,0.14753,0.18188,0.12877,0.12066,49.642,37.648
"2024-07-17 04:30:00",4314,12.75863,601,0,0.135,1.7,2.04,0.15044,0.18018,0.13112,0.1189,50.576,37.353
"2024-07-17 05:00:00",4315,12.75695,601,0,0.14,1.8,2.06,0.15969,0.18274,0.1377,0.12492,49.934,37.945
"2024-07-17 05:30:00",4316,12.75527,601,0,0.144,1.83,2.15,0.16224,0.19006,0.14006,0.12693,49.756,36.94
"2024-07-17 06:00:00",4317,12.74688,601,0,0.152,1.94,2.25,0.17184,0.1995,0.15344,0.13251,50.577,37.761
"2024-07-17 06:30:00",4318,12.75191,601,0,0.195,2.61,2.73,0.23114,0.24152,0.19932,0.15646,50.356,37.955
"2024-07-17 07:00:00",4319,12.75108,601,0,0.254,3.47,3.45,0.30756,0.3052,0.2693,0.20183,50.772,38.372
"2024-07-17 07:30:00",4320,12.74184,601,0,0.351,4.91,4.64,0.43462,0.41024,0.3814,0.27536,51.197,39.353
"2024-07-17 08:00:00",4321,12.7494,601,0,0.474,6.71,6.15,0.59426,0.54441,0.52983,0.3756,49.649,39.706
"2024-07-17 08:30:00",4322,12.75024,601,0,0.548,7.71,7.16,0.68276,0.63407,0.61856,0.44006,48.614,39.34
"2024-07-17 09:00:00",4323,12.74856,601,0,0.615,8.62,8.1,0.76334,0.71706,0.70218,0.50577,45.376,38.871
"2024-07-17 09:30:00",4324,12.73932,601,0,0.682,9.42,9.14,0.83391,0.80885,0.80131,0.59406,43.773,37.931
"2024-07-17 10:00:00",4325,12.74772,601,0,0.713,9.73,9.74,0.86156,0.8623,0.85328,0.64763,41.303,37.361
"2024-07-17 10:30:00",4326,12.75108,601,0,0.737,10.03,10.08,0.88729,0.89179,0.89745,0.68706,40.894,36.695
"2024-07-17 11:00:00",4327,12.75024,601,0,0.75,10.12,10.38,0.89535,0.91881,0.92639,0.72107,38.804,35.834
"2024-07-17 11:30:00",4328,12.74436,601,0,0.748,10.03,10.45,0.88751,0.92463,0.93368,0.74013,38.284,35.724
"2024-07-17 12:00:00",4329,12.74772,601,0,0.734,9.62,10.54,0.85141,0.93309,0.92489,0.75681,37.715,35.155
"2024-07-17 12:30:00",4330,12.75191,601,0,0.763,10.18,10.71,0.90109,0.94783,0.95071,0.75929,36.697,35.928
"2024-07-17 13:00:00",4331,12.74436,601,0,0.764,10.23,10.7,0.90544,0.94713,0.95496,0.7545,37.828,34.294
"2024-07-17 13:30:00",4332,12.75191,601,0,0.767,10.17,10.87,0.89994,0.96231,0.96293,0.77589,36.743,34.593
"2024-07-17 14:00:00",4333,12.74016,601,0,0.763,10.11,10.82,0.89445,0.9579,0.96639,0.78181,36.526,34.785
"2024-07-17 14:30:00",4334,12.75443,601,0,0.759,10.19,10.57,0.90189,0.93583,0.94673,0.74835,37.089,35.195
"2024-07-17 15:00:00",4335,12.75108,601,0,0.745,10,10.39,0.88475,0.91966,0.92101,0.72567,38.582,35.356
"2024-07-17 15:30:00",4336,12.75443,601,0,0.749,10.05,10.45,0.88965,0.92474,0.93115,0.73769,37.971,35.82
"2024-07-17 16:00:00",4337,12.75191,601,0,0.745,10.17,10.16,0.90037,0.89901,0.90881,0.69917,39.161,36.191
"2024-07-17 16:30:00",4338,12.75191,601,0,0.709,9.72,9.6,0.86067,0.85005,0.84399,0.63822,40.855,37.732
"2024-07-17 17:00:00",4339,12.75024,601,0,0.681,9.36,9.2,0.82815,0.81469,0.79074,0.59192,44.181,38.342
"2024-07-17 17:30:00",4340,12.74688,601,0,0.673,9.26,9.08,0.81987,0.80349,0.78729,0.58984,43.556,37.72
"2024-07-17 18:00:00",4341,12.75024,601,0,0.615,8.66,8.04,0.7663,0.71193,0.69921,0.50718,46.933,39.048
"2024-07-17 18:30:00",4342,12.74772,601,0,0.578,8.05,7.68,0.71233,0.67954,0.64648,0.47084,46.63,37.52
"2024-07-17 19:00:00",4343,12.73932,601,0,0.529,7.44,6.92,0.6584,0.61258,0.5884,0.42155,47.518,38.4
"2024-07-17 19:30:00",4344,12.74436,601,0,0.424,5.97,5.55,0.52876,0.49146,0.46996,0.33187,49.399,39.621
"2024-07-17 20:00:00",4345,12.73764,601,0,0.319,4.41,4.29,0.38994,0.37974,0.34234,0.25572,50.229,37.833
"2024-07-17 20:30:00",4346,12.73261,601,0,0.253,3.42,3.49,0.30274,0.3085,0.26428,0.20611,50.396,37.999
"2024-07-17 21:00:00",4347,12.72757,601,0,0.21,2.74,3.03,0.24284,0.26808,0.2142,0.17582,49.941,38.104
"2024-07-17 21:30:00",4348,12.7368,601,0,0.174,2.2,2.62,0.19444,0.23148,0.16982,0.15586,50.042,37.796
"2024-07-17 22:00:00",4349,12.73345,601,0,0.148,1.84,2.27,0.16328,0.20066,0.14357,0.13178,49.407,38.234
"2024-07-17 22:30:00",4350,12.73345,601,0,0.131,1.58,2.06,0.13954,0.18233,0.11935,0.12089,50.913,38.257
"2024-07-17 23:00:00",4351,12.72925,601,0,0.112,1.31,1.82,0.1161,0.16138,0.10626,0.10973,48.563,37.646
"2024-07-17 23:30:00",4352,12.73009,601,0,0.106,1.21,1.77,0.10686,0.1567,0.09316,0.10233,50.049,37.65
"2024-07-18 00:00:00",4353,12.72841,601,0,0.105,1.22,1.73,0.10788,0.1527,0.09614,0.10073,50.143,37.334
"2024-07-18 00:30:00",4354,12.71666,601,0,0.108,1.25,1.76,0.1104,0.1556,0.09614,0.10652,50.047,37.24
"2024-07-18 01:00:00",4355,12.72589,601,0,0.103,1.16,1.73,0.1031,0.1534,0.08718,0.10274,48.679,37.506
"2024-07-18 01:30:00",4356,12.72254,601,0,0.099,1.11,1.68,0.09828,0.14834,0.08718,0.09692,49.172,38
"2024-07-18 02:00:00",4357,12.72338,601,0,0.095,1.08,1.6,0.09573,0.14142,0.08486,0.09731,49.171,36.928
"2024-07-18 02:30:00",4358,12.71582,601,0,0.089,0.97,1.54,0.08618,0.13666,0.07606,0.08966,49.73,37.328
"2024-07-18 03:00:00",4359,12.72169,601,0,0.09,1,1.54,0.08827,0.13638,0.07362,0.0913,50.662,37.442
"2024-07-18 03:30:00",4360,12.71834,601,0,0.087,0.97,1.49,0.08593,0.13194,0.07588,0.08748,49.524,36.973
"2024-07-18 04:00:00",4361,12.71834,601,0,0.086,0.94,1.49,0.08324,0.13162,0.07126,0.08766,50.506,36.877
"2024-07-18 04:30:00",4362,12.71666,601,0,0.091,1.03,1.52,0.09092,0.13412,0.08037,0.08966,49.165,37.588
"2024-07-18 05:00:00",4363,12.71078,601,0,0.097,1.13,1.59,0.10031,0.14104,0.08698,0.09528,50.598,37.381
"2024-07-18 05:30:00",4364,12.70491,601,0,0.101,1.22,1.6,0.10763,0.14142,0.09381,0.09528,49.849,36.883
"2024-07-18 06:00:00",4365,12.71414,601,0,0.1,1.16,1.65,0.1031,0.14612,0.09186,0.09545,50.145,37.335
"2024-07-18 06:30:00",4366,12.70743,601,0,0.111,1.35,1.73,0.11918,0.1527,0.10254,0.10474,50.367,37.144
"2024-07-18 07:00:00",4367,12.70407,601,0,0.126,1.56,1.93,0.13828,0.17118,0.11802,0.11597,50.934,37.3
"2024-07-18 07:30:00",4368,12.71246,601,0,0.127,1.6,1.91,0.14119,0.16902,0.12306,0.11036,49.297,37.047
"2024-07-18 08:00:00",4369,12.71246,601,0,0.137,1.71,2.09,0.15159,0.18529,0.13058,0.11958,50.872,37.906
"2024-07-18 08:30:00",4370,12.70659,601,0,0.313,4.36,4.15,0.38622,0.36728,0.34051,0.24612,51.649,38.833
"2024-07-18 09:00:00",4371,12.70071,601,0,0.44,6.18,5.77,0.54707,0.5108,0.48802,0.3448,50.987,38.993
"2024-07-18 09:30:00",4372,12.69903,601,0,0.479,6.79,6.19,0.60076,0.54802,0.53546,0.3756,49.267,39.89
"2024-07-18 10:00:00",4373,12.70994,601,0,0.513,7.16,6.8,0.63334,0.60148,0.578,0.4128,49.131,40.009
"2024-07-18 10:30:00",4374,12.69987,601,0,0.611,8.52,8.08,0.75441,0.71535,0.70521,0.51175,45.705,38.889
"2024-07-18 11:00:00",4375,12.69987,601,0,0.623,8.75,8.18,0.7746,0.72402,0.71745,0.5159,45.541,38.727
"2024-07-18 11:30:00",4376,12.70743,601,0,0.629,8.79,8.3,0.77797,0.73435,0.72343,0.52092,46.031,39.115
"2024-07-18 12:00:00",4377,12.70827,601,0,0.621,8.78,8.08,0.77722,0.71546,0.71445,0.50806,45.378,39.126
"2024-07-18 12:30:00",4378,12.7091,601,0,0.574,8.11,7.45,0.71757,0.65927,0.6521,0.462,47.921,39.778
"2024-07-18 13:00:00",4379,12.70994,601,0,0.656,9.09,8.75,0.80426,0.77456,0.76501,0.56198,44.965,38.458
"2024-07-18 13:30:00",4380,12.69651,601,0,0.642,9.03,8.4,0.79945,0.74323,0.7434,0.53746,45.243,38.991
"2024-07-18 14:00:00",4381,12.70827,601,0,0.63,8.79,8.34,0.77827,0.73789,0.72644,0.52732,45.18,39.185
"2024-07-18 14:30:00",4382,12.70994,601,0,0.613,8.62,8.03,0.76262,0.71029,0.70227,0.50763,45.985,38.916
"2024-07-18 15:00:00",4383,12.70994,601,0,0.537,7.62,6.94,0.67406,0.61406,0.60906,0.42539,47.99,39.281
"2024-07-18 15:30:00",4384,12.70575,601,0,0.606,8.29,8.24,0.73409,0.72905,0.69315,0.51634,46.242,38.764
"2024-07-18 16:00:00",4385,12.70827,601,0,0.644,8.95,8.56,0.79224,0.75755,0.73865,0.54114,44.612,39.335
"2024-07-18 16:30:00",4386,12.70491,601,0,0.674,9.31,9.03,0.82425,0.79885,0.78673,0.58725,43.432,38.002
"2024-07-18 17:00:00",4387,12.69735,601,0,0.644,9.04,8.46,0.79986,0.74867,0.73584,0.53474,45.276,38.462
"2024-07-18 17:30:00",4388,12.70407,601,0,0.535,7.58,6.93,0.67052,0.61377,0.60299,0.42842,48.202,38.67
"2024-07-18 18:00:00",4389,12.69735,601,0,0.33,4.65,4.32,0.41136,0.38246,0.3585,0.25808,50.143,38.972
"2024-07-18 18:30:00",4390,12.70239,601,0,0.222,3,3.07,0.26596,0.27128,0.2276,0.1792,49.692,37.702
"2024-07-18 19:00:00",4391,12.70239,601,0,0.161,2.05,2.4,0.18144,0.21204,0.15551,0.14242,49.377,37.39
"2024-07-18 19:30:00",4392,12.68812,601,0,0.123,1.5,1.91,0.1332,0.16902,0.11566,0.11214,50.989,37.354
"2024-07-18 20:00:00",4393,12.69819,601,0,0.105,1.21,1.73,0.10738,0.1527,0.09146,0.10254,49.349,36.947
"2024-07-18 20:30:00",4394,12.6856,601,0,0.09,1,1.54,0.08866,0.13666,0.07826,0.08966,50.749,36.856
"2024-07-18 21:00:00",4395,12.69651,601,0,0.072,0.73,1.33,0.06482,0.11806,0.0538,0.08016,49.188,36.786
"2024-07-18 21:30:00",4396,12.69315,601,0,0.064,0.6,1.23,0.05284,0.10884,0.04494,0.07464,48.995,36.745
"2024-07-18 22:00:00",4397,12.69315,601,0,0.057,0.52,1.12,0.0457,0.09934,0.03821,0.07083,49.772,36.798
"2024-07-18 22:30:00",4398,12.69232,601,0,0.05,0.38,1.07,0.0336,0.0946,0.02472,0.06329,50.288,36.395
"2024-07-18 23:00:00",4399,12.69148,601,0,0.044,0.33,0.96,0.02884,0.08512,0.02702,0.05758,49.251,36.844
"2024-07-18 23:30:00",4400,12.68056,601,0,0.041,0.27,0.94,0.02402,0.08286,0.0225,0.05372,49.644,36.421
"2024-07-19 00:00:00",4401,12.68308,601,0,0.04,0.27,0.91,0.02402,0.0804,0.0225,0.05372,49.358,36.695
"2024-07-19 00:30:00",4402,12.68728,601,0,0.038,0.22,0.91,0.0192,0.0804,0.01797,0.05574,49.597,36.373
"2024-07-19 01:00:00",4403,12.68308,601,0,0.037,0.19,0.94,0.0168,0.08286,0.01572,0.05758,48.794,36.798
"2024-07-19 01:30:00",4404,12.68392,601,0,0.035,0.19,0.86,0.0168,0.07586,0.01348,0.05574,49.222,36.4
"2024-07-19 02:00:00",4405,12.68392,601,0,0.036,0.19,0.88,0.0168,0.07812,0.01348,0.05574,49.196,36.227
"2024-07-19 02:30:00",4406,12.68224,601,0,0.04,0.27,0.91,0.02408,0.08058,0.01804,0.05184,49.705,36.889
"2024-07-19 03:00:00",4407,12.68224,601,0,0.04,0.24,0.94,0.02168,0.08286,0.01582,0.05574,50.084,36.703
"2024-07-19 03:30:00",4408,12.67385,601,0,0.04,0.3,0.88,0.02656,0.07829,0.02262,0.05384,49.569,36.493
"2024-07-19 04:00:00",4409,12.67888,601,0,0.042,0.3,0.94,0.02656,0.08306,0.02262,0.05966,48.604,36.451
"2024-07-19 04:30:00",4410,12.67637,601,0,0.046,0.38,0.97,0.03387,0.08553,0.02941,0.05782,49.576,36.602
"2024-07-19 05:00:00",4411,12.67888,601,0,0.046,0.38,0.97,0.03387,0.08553,0.02941,0.0577,49.486,36.404
"2024-07-19 05:30:00",4412,12.66629,601,0,0.051,0.44,1.05,0.03874,0.09278,0.03174,0.06164,49.408,36.331
"2024-07-19 06:00:00",4413,12.67637,601,0,0.055,0.52,1.05,0.04583,0.09278,0.03616,0.06366,50.186,36.701
"2024-07-19 06:30:00",4414,12.67553,601,0,0.058,0.54,1.13,0.04818,0.0998,0.04061,0.0655,50.142,36.242
"2024-07-19 07:00:00",4415,12.67721,601,0,0.065,0.65,1.2,0.0577,0.10662,0.05184,0.07311,48.648,37.882
"2024-07-19 07:30:00",4416,12.67469,601,0,0.113,1.34,1.81,0.1189,0.15996,0.10041,0.10312,50.254,37.586
"2024-07-19 08:00:00",4417,12.67553,601,0,0.224,3.05,3.07,0.26986,0.27141,0.2385,0.17957,51.278,38.455
"2024-07-19 08:30:00",4418,12.66461,601,0,0.307,4.31,4.04,0.38188,0.3575,0.33498,0.23194,50.829,39.08
"2024-07-19 09:00:00",4419,12.66461,601,0,0.486,6.83,6.37,0.60466,0.56364,0.54774,0.38675,49.233,39.843
"2024-07-19 09:30:00",4420,12.66461,601,0,0.57,8.03,7.45,0.71065,0.659,0.64862,0.4617,47.28,39.381
"2024-07-19 10:00:00",4421,12.67217,601,0,0.635,8.74,8.55,0.77317,0.75713,0.7381,0.54718,45.163,38.752
"2024-07-19 10:30:00",4422,12.67133,601,0,0.678,9.33,9.16,0.82619,0.81047,0.80243,0.6027,42.581,37.813
"2024-07-19 11:00:00",4423,12.66042,601,0,0.712,9.7,9.74,0.85817,0.8623,0.85565,0.65498,41.754,37.552
"2024-07-19 11:30:00",4424,12.67133,601,0,0.713,9.63,9.87,0.85252,0.87349,0.87466,0.68577,40.558,37.177
"2024-07-19 12:00:00",4425,12.67217,601,0,0.703,9.43,9.82,0.83439,0.86891,0.86517,0.67108,40.526,36.887
"2024-07-19 12:30:00",4426,12.66377,601,0,0.735,10.04,10.02,0.88857,0.88681,0.89719,0.69071,39.785,36.405
"2024-07-19 13:00:00",4427,12.67301,601,0,0.741,10.14,10.07,0.89711,0.89155,0.89933,0.69679,38.988,37.246
"2024-07-19 13:30:00",4428,12.67217,601,0,0.741,10,10.25,0.88503,0.90713,0.90341,0.70659,39.741,36.616
"2024-07-19 14:00:00",4429,12.66377,601,0,0.75,10.26,10.21,0.90831,0.90377,0.91487,0.70173,39.943,35.998
"2024-07-19 14:30:00",4430,12.67469,601,0,0.74,9.95,10.3,0.88077,0.9113,0.90341,0.70659,39.663,35.874
"2024-07-19 15:00:00",4431,12.66881,601,0,0.744,10.21,10.09,0.90383,0.89303,0.89907,0.69188,40.137,36.348
"2024-07-19 15:30:00",4432,12.67637,601,0,0.745,10.13,10.21,0.89615,0.90377,0.89303,0.6882,40.101,36.72
"2024-07-19 16:00:00",4433,12.66545,601,0,0.731,9.95,10.02,0.88109,0.88657,0.86465,0.66585,40.681,36.632
"2024-07-19 16:30:00",4434,12.67049,601,0,0.715,9.81,9.68,0.86847,0.85683,0.8445,0.64326,41.348,37.299
"2024-07-19 17:00:00",4435,12.67301,601,0,0.692,9.55,9.29,0.84558,0.82234,0.80119,0.60176,43.279,38.926
"2024-07-19 17:30:00",4436,12.67049,601,0,0.642,8.93,8.54,0.79053,0.75608,0.74193,0.54076,45.393,38.988
"2024-07-19 18:00:00",4437,12.66377,601,0,0.606,8.5,7.95,0.75223,0.70347,0.68854,0.49274,46.014,38.94
"2024-07-19 18:30:00",4438,12.66881,601,0,0.538,7.57,7.02,0.67038,0.62156,0.60106,0.4285,47.462,38.747
"2024-07-19 19:00:00",4439,12.66797,601,0,0.459,6.48,5.98,0.57348,0.52938,0.50855,0.36106,49.247,39.301
"2024-07-19 19:30:00",4440,12.6579,601,0,0.358,4.97,4.76,0.44008,0.42094,0.3838,0.2774,50.276,38.688
"2024-07-19 20:00:00",4441,12.65454,601,0,0.264,3.57,3.64,0.31612,0.3225,0.27676,0.21262,50.258,38.101
"2024-07-19 20:30:00",4442,12.6621,601,0,0.196,2.58,2.8,0.22853,0.248,0.20312,0.16702,49.582,37.583
"2024-07-19 21:00:00",4443,12.65538,601,0,0.154,1.95,2.3,0.17268,0.20352,0.14966,0.13353,49.778,37.367
"2024-07-19 21:30:00",4444,12.65706,601,0,0.12,1.41,1.95,0.12454,0.17236,0.1098,0.11257,49.543,37.539
"2024-07-19 22:00:00",4445,12.65706,601,0,0.101,1.13,1.71,0.10031,0.15121,0.08718,0.10168,50.262,37.434
"2024-07-19 22:30:00",4446,12.65286,601,0,0.089,0.94,1.57,0.08324,0.1389,0.07145,0.0898,49.851,37.023
"2024-07-19 23:00:00",4447,12.65538,601,0,0.078,0.78,1.44,0.06947,0.12752,0.05828,0.08449,50.386,36.733
"2024-07-19 23:30:00",4448,12.64531,601,0,0.07,0.68,1.33,0.05986,0.11806,0.0538,0.07662,49.432,37.017
"2024-07-20 00:00:00",4449,12.64195,601,0,0.062,0.54,1.26,0.04774,0.1111,0.04252,0.07292,50.464,37.483
"2024-07-20 00:30:00",4450,12.64866,601,0,0.058,0.49,1.18,0.04306,0.10408,0.03592,0.07311,48.849,37.005
"2024-07-20 01:00:00",4451,12.64866,601,0,0.057,0.49,1.17,0.04294,0.10386,0.03358,0.07098,50.041,36.654
"2024-07-20 01:30:00",4452,12.64531,601,0,0.05,0.38,1.09,0.03348,0.09686,0.02469,0.06526,49.898,36.51
"2024-07-20 02:00:00",4453,12.64783,601,0,0.048,0.38,1.01,0.03338,0.08966,0.02908,0.05954,50.183,36.802
"2024-07-20 02:30:00",4454,12.64783,601,0,0.051,0.41,1.09,0.0359,0.09686,0.03136,0.0635,49.94,37.271
"2024-07-20 03:00:00",4455,12.6495,601,0,0.05,0.41,1.05,0.03608,0.09258,0.0293,0.06164,49.792,36.713
"2024-07-20 03:30:00",4456,12.64363,601,0,0.047,0.35,1.04,0.03127,0.09238,0.0293,0.06152,49.54,36.459
"2024-07-20 04:00:00",4457,12.64531,601,0,0.047,0.35,1.02,0.03118,0.09008,0.02695,0.05966,48.921,36.506
"2024-07-20 04:30:00",4458,12.64447,601,0,0.044,0.3,0.99,0.02624,0.08736,0.02242,0.05954,49.727,36.753
"2024-07-20 05:00:00",4459,12.63439,601,0,0.048,0.35,1.07,0.03112,0.0946,0.02695,0.0635,50.601,37.369
"2024-07-20 05:30:00",4460,12.64447,601,0,0.057,0.51,1.15,0.04549,0.1016,0.03821,0.0711,50.2,36.815
"2024-07-20 06:00:00",4461,12.64363,601,0,0.059,0.54,1.17,0.04798,0.10386,0.03821,0.0711,50.036,36.651
"2024-07-20 06:30:00",4462,12.64531,601,0,0.065,0.65,1.2,0.05755,0.10634,0.05172,0.07322,49.54,37.38
"2024-07-20 07:00:00",4463,12.64279,601,0,0.076,0.81,1.33,0.07178,0.11806,0.06276,0.07878,49.719,37.468
"2024-07-20 07:30:00",4464,12.63355,601,0,0.092,1.03,1.57,0.09092,0.13922,0.08094,0.09216,49.357,37.103
"2024-07-20 08:00:00",4465,12.63691,601,0,0.246,3.29,3.45,0.29106,0.3052,0.25738,0.20748,51.451,38.635
"2024-07-20 08:30:00",4466,12.63607,601,0,0.315,4.34,4.25,0.3843,0.37591,0.33942,0.252,51.298,39.049
"2024-07-20 09:00:00",4467,12.63943,601,0,0.331,4.61,4.4,0.40834,0.38926,0.36266,0.26072,51.284,38.472
"2024-07-20 09:30:00",4468,12.64279,601,0,0.294,4.11,3.88,0.36412,0.34321,0.31844,0.22565,50.695,38.851
"2024-07-20 10:00:00",4469,12.63775,601,0,0.292,4.06,3.89,0.35951,0.34403,0.31512,0.22945,50.428,38.433
"2024-07-20 10:30:00",4470,12.63272,601,0,0.343,4.82,4.49,0.42704,0.39776,0.37486,0.26498,51.057,39.47
"2024-07-20 11:00:00",4471,12.62852,601,0,0.378,5.31,4.95,0.4696,0.43826,0.41626,0.29955,49.716,39.359
"2024-07-20 11:30:00",4472,12.63272,601,0,0.391,5.46,5.17,0.48294,0.45734,0.42602,0.30753,50.311,39.949
"2024-07-20 12:00:00",4473,12.63607,601,0,0.379,5.39,4.88,0.47702,0.43164,0.41636,0.29144,49.977,39.619
"2024-07-20 12:30:00",4474,12.62852,601,0,0.257,3.53,3.47,0.3122,0.30756,0.27732,0.20868,50.832,38.416
"2024-07-20 13:00:00",4475,12.63691,601,0,0.153,2.02,2.18,0.17872,0.19278,0.1545,0.12862,49.99,37.58
"2024-07-20 13:30:00",4476,12.63691,601,0,0.107,1.27,1.7,0.112,0.15044,0.09746,0.10046,49.233,36.409
"2024-07-20 14:00:00",4477,12.63691,601,0,0.083,0.9,1.43,0.07946,0.12616,0.07206,0.08476,49.648,36.976
"2024-07-20 14:30:00",4478,12.62348,601,0,0.073,0.79,1.26,0.07015,0.1119,0.06117,0.0771,49.817,36.025
"2024-07-20 15:00:00",4479,12.6218,601,0,0.067,0.68,1.24,0.06046,0.1099,0.05208,0.07538,49.343,37.338
"2024-07-20 15:30:00",4480,12.62936,601,0,0.064,0.64,1.18,0.0563,0.10486,0.0502,0.07149,48.955,37.519
"2024-07-20 16:00:00",4481,12.63104,601,0,0.064,0.63,1.21,0.05562,0.10738,0.05208,0.07348,49.467,36.646
"2024-07-20 16:30:00",4482,12.63104,601,0,0.067,0.66,1.24,0.05842,0.1099,0.05228,0.07555,50.08,36.853
"2024-07-20 17:00:00",4483,12.62852,601,0,0.071,0.74,1.26,0.06546,0.1119,0.05678,0.07336,50.121,36.891
"2024-07-20 17:30:00",4484,12.61844,601,0,0.069,0.71,1.26,0.06265,0.11134,0.05649,0.07526,50.654,37.167
"2024-07-20 18:00:00",4485,12.626,601,0,0.069,0.74,1.2,0.06514,0.10662,0.05661,0.07322,50.136,37.316
"2024-07-20 18:30:00",4486,12.62264,601,0,0.068,0.71,1.23,0.06265,0.10908,0.05428,0.07526,50.205,36.973
"2024-07-20 19:00:00",4487,12.62432,601,0,0.073,0.77,1.31,0.06782,0.11636,0.05678,0.07911,50.355,36.968
"2024-07-20 19:30:00",4488,12.62516,601,0,0.071,0.77,1.24,0.06828,0.1096,0.057,0.07348,49.629,37.219
"2024-07-20 20:00:00",4489,12.61844,601,0,0.073,0.8,1.27,0.07083,0.11214,0.057,0.07538,49.224,37.221
"2024-07-20 20:30:00",4490,12.62432,601,0,0.067,0.71,1.18,0.06293,0.10486,0.05443,0.07166,50.411,37.176
"2024-07-20 21:00:00",4491,12.62012,601,0,0.065,0.66,1.18,0.05826,0.10486,0.05008,0.07166,50.684,37.445
"2024-07-20 21:30:00",4492,12.61677,601,0,0.06,0.63,1.07,0.05588,0.09504,0.04785,0.06576,49.145,36.881
"2024-07-20 22:00:00",4493,12.61844,601,0,0.06,0.61,1.11,0.05378,0.09782,0.04342,0.06601,49.189,36.623
"2024-07-20 22:30:00",4494,12.61844,601,0,0.06,0.61,1.11,0.05378,0.09801,0.04574,0.06402,49.332,36.923
"2024-07-20 23:00:00",4495,12.61593,601,0,0.058,0.58,1.06,0.05167,0.09346,0.04368,0.06026,49.909,37.081
"2024-07-20 23:30:00",4496,12.61761,601,0,0.058,0.58,1.08,0.05124,0.09555,0.04118,0.06212,49.942,37.119
"2024-07-21 00:00:00",4497,12.60501,601,0,0.056,0.55,1.05,0.04878,0.09322,0.04342,0.06414,50.02,37.19
"2024-07-21 00:30:00",4498,12.61677,601,0,0.051,0.47,1,0.0413,0.08844,0.03886,0.06026,50.881,37.388
"2024-07-21 01:00:00",4499,12.61341,601,0,0.051,0.47,1,0.04139,0.08827,0.03654,0.06212,50.303,37.071
"2024-07-21 01:30:00",4500,12.61173,601,0,0.052,0.47,1.02,0.04139,0.09072,0.03428,0.06026,49.5,36.825
"2024-07-21 02:00:00",4501,12.61173,601,0,0.048,0.47,0.91,0.04139,0.08096,0.03654,0.05624,50.15,36.506
"2024-07-21 02:30:00",4502,12.61089,601,0,0.046,0.39,0.95,0.03423,0.08364,0.02978,0.05636,49.65,36.567
"2024-07-21 03:00:00",4503,12.60921,601,0,0.045,0.38,0.94,0.03396,0.08324,0.02738,0.05426,50.763,36.148
"2024-07-21 03:30:00",4504,12.60921,601,0,0.048,0.41,0.97,0.0364,0.08574,0.03185,0.05814,49.94,37.27
"2024-07-21 04:00:00",4505,12.61005,601,0,0.052,0.5,1,0.04386,0.08827,0.03894,0.06026,49.394,36.006
"2024-07-21 04:30:00",4506,12.61005,601,0,0.05,0.47,0.97,0.04149,0.08593,0.03664,0.06026,49.583,37.427
"2024-07-21 05:00:00",4507,12.60837,601,0,0.05,0.44,1,0.03909,0.08827,0.03664,0.06015,49.719,36.902
"2024-07-21 05:30:00",4508,12.60166,601,0,0.057,0.58,1.03,0.05152,0.09092,0.04368,0.06225,48.779,36.771
"2024-07-21 06:00:00",4509,12.59914,601,0,0.055,0.55,1.02,0.04878,0.09072,0.04118,0.06212,50.206,36.407
"2024-07-21 06:30:00",4510,12.60837,601,0,0.057,0.58,1.03,0.05124,0.09092,0.04808,0.06034,49.405,37.14
"2024-07-21 07:00:00",4511,12.59494,601,0,0.057,0.58,1.05,0.051,0.09302,0.04567,0.06424,50.776,36.719
"2024-07-21 07:30:00",4512,12.59746,601,0,0.091,1.08,1.47,0.09599,0.13034,0.08819,0.08712,50.322,37.495
"2024-07-21 08:00:00",4513,12.60417,601,0,0.173,2.3,2.44,0.20381,0.21628,0.17736,0.14585,51.085,37.438
"2024-07-21 08:30:00",4514,12.60417,601,0,0.282,3.91,3.77,0.34576,0.33368,0.3044,0.22481,51.414,38.852
"2024-07-21 09:00:00",4515,12.60333,601,0,0.33,4.63,4.32,0.40936,0.38246,0.36196,0.25676,50.302,39.122
"2024-07-21 09:30:00",4516,12.60585,601,0,0.389,5.49,5.06,0.48599,0.44768,0.43063,0.30549,51.262,39.264
"2024-07-21 10:00:00",4517,12.5983,601,0,0.413,5.9,5.29,0.52221,0.4685,0.46084,0.32066,49.679,39.882
"2024-07-21 10:30:00",4518,12.60333,601,0,0.489,6.92,6.35,0.61212,0.5623,0.5538,0.38812,49.435,39.483
"2024-07-21 11:00:00",4519,12.59326,601,0,0.575,8.17,7.41,0.72336,0.65552,0.66046,0.46796,46.761,39.683
"2024-07-21 11:30:00",4520,12.60585,601,0,0.638,8.85,8.52,0.78337,0.75417,0.74651,0.548,44.974,39.128
