"TOA5","CR200Series_506","CR200X","No_SN","CR200X.Std.00","Sapflux2sensors1.CR2","63887","Table2"
"TIMESTAMP","RECORD","BattV_Min","id","SDI1","SapFlwTot1","VhOut1","VhIn1","AlphaOut1","AlphaIn1","BetaOut1","BetaIn1","tMaxTout1","tMaxTin1"
"TS","RN","Volts","","","unit","unit","unit","unit","unit","unit","unit","unit","unit"
"","","Min","Smp","Smp","Smp","Smp","Smp","Smp","Smp","Smp","Smp","Smp","Smp"
"2024-07-03 16:00:00",2445,13.1112,506,1,0.845,10.89,12.37,0.96413,1.09462,0.76235,0.56622,57.137,54.958
"2024-07-03 16:30:00",2446,13.10364,506,1,0.781,9.99,11.54,0.88461,1.02121,0.72486,0.5314,60.651,55.715
"2024-07-03 17:00:00",2447,13.10112,506,1,0.711,9.08,10.52,0.80381,0.93077,0.66563,0.47392,60.858,59.664
"2024-07-03 17:30:00",2448,13.08517,506,1,0.639,8.3,9.29,0.73493,0.82211,0.60132,0.40338,62.915,59.329
"2024-07-03 18:00:00",2449,13.09357,506,1,0.516,6.79,7.36,0.60066,0.65112,0.48729,0.29136,65.044,62.187
"2024-07-03 18:30:00",2450,13.0793,506,1,0.385,5.21,5.3,0.46092,0.46906,0.36748,0.17094,69.036,60.614
"2024-07-03 19:00:00",2451,13.09105,506,1,0.253,3.49,3.41,0.30886,0.30166,0.2424,0.0606,67.724,62.056
"2024-07-03 19:30:00",2452,13.09273,506,1,0.128,1.83,1.63,0.16204,0.14438,0.11528,-0.05349,67.139,59.395
"2024-07-03 20:00:00",2453,13.0793,506,1,0.047,0.7,0.55,0.06225,0.04834,0.02105,-0.12701,66.678,58.672
"2024-07-03 20:30:00",2454,13.08433,506,1,-0.012,-0.11,-0.26,-0.01087,-0.02417,-0.04487,-0.17687,64.372,57.349
"2024-07-03 21:00:00",2455,13.08349,506,1,-0.05,-0.63,-0.78,-0.05673,-0.06963,-0.08683,-0.20727,65.268,56.01
"2024-07-03 21:30:00",2456,13.0793,506,1,-0.067,-0.87,-1.02,-0.07795,-0.09103,-0.10509,-0.22439,65.447,55.778
"2024-07-03 22:00:00",2457,13.07342,506,1,-0.081,-1.08,-1.18,-0.09663,-0.10569,-0.12337,-0.23477,63.59,54.593
"2024-07-03 22:30:00",2458,13.07006,506,1,-0.091,-1.21,-1.33,-0.10821,-0.11851,-0.13457,-0.24475,64.46,55.614
"2024-07-03 23:00:00",2459,13.07258,506,1,-0.1,-1.33,-1.43,-0.11843,-0.12745,-0.14193,-0.24719,63.158,55.561
"2024-07-03 23:30:00",2460,13.06838,506,1,-0.103,-1.42,-1.43,-0.12635,-0.12745,-0.14971,-0.25031,62.844,54.413
"2024-07-04 00:00:00",2461,13.06587,506,1,-0.113,-1.54,-1.57,-0.13751,-0.13965,-0.15823,-0.25901,63.319,54.725
"2024-07-04 00:30:00",2462,13.06419,506,1,-0.112,-1.54,-1.53,-0.13677,-0.13639,-0.16027,-0.25341,64.403,54.719
"2024-07-04 01:00:00",2463,13.06587,506,1,-0.114,-1.57,-1.57,-0.14003,-0.14005,-0.16355,-0.25973,63.532,54.111
"2024-07-04 01:30:00",2464,13.06167,506,1,-0.116,-1.57,-1.64,-0.14003,-0.14615,-0.16311,-0.26215,64.07,54.387
"2024-07-04 02:00:00",2465,13.05831,506,1,-0.118,-1.6,-1.67,-0.14215,-0.14853,-0.16027,-0.26143,64.806,54.547
"2024-07-04 02:30:00",2466,13.05999,506,1,-0.12,-1.66,-1.63,-0.14753,-0.14525,-0.16795,-0.25829,63.843,54.839
"2024-07-04 03:00:00",2467,13.06083,506,1,-0.123,-1.68,-1.7,-0.14963,-0.15137,-0.16991,-0.26699,64.593,54.762
"2024-07-04 03:30:00",2468,13.05747,506,1,-0.123,-1.68,-1.7,-0.14963,-0.15091,-0.16751,-0.26385,63.724,54.88
"2024-07-04 04:00:00",2469,13.05831,506,1,-0.123,-1.69,-1.7,-0.15041,-0.15137,-0.17081,-0.26457,64.56,54.466
"2024-07-04 04:30:00",2470,13.05831,506,1,-0.126,-1.72,-1.74,-0.15293,-0.15461,-0.17323,-0.26699,63.891,53.952
"2024-07-04 05:00:00",2471,13.05915,506,1,-0.125,-1.72,-1.73,-0.15293,-0.15419,-0.17609,-0.26457,63.64,54.792
"2024-07-04 05:30:00",2472,13.05663,506,1,-0.127,-1.75,-1.74,-0.15583,-0.15461,-0.17659,-0.26773,63.214,55.043
"2024-07-04 06:00:00",2473,13.04824,506,1,-0.123,-1.66,-1.74,-0.14753,-0.15461,-0.16553,-0.27091,63.389,55.37
"2024-07-04 06:30:00",2474,13.04572,506,1,-0.095,-1.32,-1.29,-0.11777,-0.11495,-0.14407,-0.23921,64.825,55.562
"2024-07-04 07:00:00",2475,13.05747,506,1,-0.042,-0.65,-0.5,-0.05839,-0.04527,-0.08317,-0.18581,65.882,57.606
"2024-07-04 07:30:00",2476,13.05411,506,1,0.038,0.39,0.68,0.0344,0.06026,0,-0.10851,66.929,58.912
"2024-07-04 08:00:00",2477,13.05579,506,1,0.147,1.8,2.27,0.15947,0.20096,0.11382,0,67.975,62.617
"2024-07-04 08:30:00",2478,13.05579,506,1,0.284,3.5,4.37,0.30934,0.3868,0.24965,0.1265,69.792,62.769
"2024-07-04 09:00:00",2479,13.06419,506,1,0.456,5.71,6.89,0.50523,0.60996,0.417,0.27798,67.563,61.639
"2024-07-04 09:30:00",2480,13.06671,506,1,0.638,7.92,9.75,0.70091,0.86264,0.59348,0.4425,63.531,58.852
"2024-07-04 10:00:00",2481,13.06754,506,1,0.734,9.09,11.26,0.80491,0.99625,0.6841,0.53985,61.054,56.796
"2024-07-04 10:30:00",2482,13.0709,506,1,0.804,9.89,12.41,0.87548,1.09859,0.74439,0.59632,58.533,54.531
"2024-07-04 11:00:00",2483,13.05999,506,1,0.821,9.94,12.88,0.87985,1.14035,0.76685,0.63216,56.918,53.491
"2024-07-04 11:30:00",2484,13.0751,506,1,0.856,10.76,12.92,0.95208,1.14317,0.78987,0.6209,57.155,53.884
"2024-07-04 12:00:00",2485,13.07342,506,1,0.882,10.89,13.56,0.96412,1.20008,0.82063,0.6597,54.815,52.218
"2024-07-04 12:30:00",2486,13.06838,506,1,0.89,11.02,13.65,0.97527,1.20855,0.83693,0.67038,55.832,51.312
"2024-07-04 13:00:00",2487,13.06671,506,1,0.859,10.63,13.16,0.94087,1.16464,0.87371,0.67266,60.232,52.914
"2024-07-04 13:30:00",2488,13.08349,506,1,0.908,11.47,13.61,1.01503,1.20466,0.83821,0.67028,53.93,51.492
"2024-07-04 14:00:00",2489,13.08685,506,1,0.885,11,13.51,0.97322,1.19551,0.82255,0.65804,54.716,51.966
"2024-07-04 14:30:00",2490,13.08349,506,1,0.804,10.27,11.9,0.90855,1.0533,0.74285,0.54917,58.47,55.202
"2024-07-04 15:00:00",2491,13.08517,506,1,0.691,8.76,10.31,0.77506,0.91215,0.65517,0.46,62.244,57.57
"2024-07-04 15:30:00",2492,13.08014,506,1,0.812,10.14,12.32,0.89775,1.09066,0.75825,0.57998,58.26,54.835
"2024-07-04 16:00:00",2493,13.07426,506,1,0.814,10.27,12.23,0.90893,1.08275,0.76519,0.57661,58.066,55.315
"2024-07-04 16:30:00",2494,13.08265,506,1,0.781,9.78,11.82,0.8657,1.04579,0.72651,0.55296,59.267,56.257
"2024-07-04 17:00:00",2495,13.08182,506,1,0.746,9.41,11.22,0.83287,0.99303,0.69869,0.52446,59.567,55.572
"2024-07-04 17:30:00",2496,13.07678,506,1,0.683,8.77,10.05,0.77577,0.88967,0.64489,0.46,62.59,58.491
"2024-07-04 18:00:00",2497,13.0751,506,1,0.586,7.54,8.59,0.66722,0.76024,0.55016,0.37006,64.295,59.623
"2024-07-04 18:30:00",2498,13.07762,506,1,0.429,5.68,6.07,0.50237,0.537,0.4171,0.22722,68.215,62.556
"2024-07-04 19:00:00",2499,13.06251,506,1,0.23,3.03,3.28,0.26806,0.29029,0.20908,0.05301,69.102,61.52
"2024-07-04 19:30:00",2500,13.07762,506,1,0.15,1.99,2.12,0.17636,0.18731,0.12364,-0.01877,67.253,58.837
"2024-07-04 20:00:00",2501,13.07258,506,1,0.084,1.12,1.19,0.09936,0.10502,0.05758,-0.07811,66.653,58.805
"2024-07-04 20:30:00",2502,13.05579,506,1,0.016,0.21,0.24,0.01878,0.02105,-0.01835,-0.13535,66.467,57.787
"2024-07-04 21:00:00",2503,13.06587,506,1,-0.024,-0.35,-0.33,-0.03229,-0.03007,-0.06303,-0.17391,65.453,57.035
"2024-07-04 21:30:00",2504,13.06922,506,1,-0.052,-0.83,-0.57,-0.07409,-0.05161,-0.10423,-0.19185,64.32,55.747
"2024-07-04 22:00:00",2505,13.06167,506,1,-0.061,-0.87,-0.81,-0.07749,-0.07253,-0.10453,-0.20841,65.326,57.165
"2024-07-04 22:30:00",2506,13.04992,506,1,-0.074,-1.05,-0.98,-0.09379,-0.08753,-0.11811,-0.21393,65.403,55.479
"2024-07-04 23:00:00",2507,13.0474,506,1,-0.083,-1.23,-1.05,-0.10991,-0.09359,-0.13107,-0.21885,64.504,54.583
"2024-07-04 23:30:00",2508,13.04572,506,1,-0.096,-1.4,-1.22,-0.12523,-0.10919,-0.15129,-0.23365,63.257,55.673
"2024-07-05 00:00:00",2509,13.04488,506,1,-0.105,-1.5,-1.37,-0.13355,-0.12209,-0.15949,-0.24361,63.994,56.247
"2024-07-05 00:30:00",2510,13.04908,506,1,-0.108,-1.55,-1.4,-0.13789,-0.12499,-0.16155,-0.24611,63.728,55.047
"2024-07-05 01:00:00",2511,13.03984,506,1,-0.11,-1.57,-1.43,-0.14003,-0.12785,-0.16067,-0.24853,64.12,55.284
"2024-07-05 01:30:00",2512,13.05076,506,1,-0.117,-1.67,-1.54,-0.14873,-0.13723,-0.16925,-0.24853,63.431,54.441
"2024-07-05 02:00:00",2513,13.04404,506,1,-0.115,-1.64,-1.51,-0.14627,-0.13439,-0.16443,-0.25237,64.519,55.68
"2024-07-05 02:30:00",2514,13.039,506,1,-0.121,-1.68,-1.65,-0.14915,-0.14711,-0.17217,-0.26119,64.596,54.096
"2024-07-05 03:00:00",2515,13.04404,506,1,-0.12,-1.7,-1.58,-0.15165,-0.14045,-0.17505,-0.25797,63.655,54.402
"2024-07-05 03:30:00",2516,13.03145,506,1,-0.121,-1.7,-1.61,-0.15165,-0.14335,-0.17505,-0.26041,63.002,54.164
"2024-07-05 04:00:00",2517,13.02725,506,1,-0.123,-1.71,-1.66,-0.15247,-0.14751,-0.17599,-0.25947,63.251,53.992
"2024-07-05 04:30:00",2518,13.03732,506,1,-0.122,-1.74,-1.61,-0.15457,-0.14379,-0.17799,-0.25875,64.372,54.282
"2024-07-05 05:00:00",2519,13.02557,506,1,-0.127,-1.8,-1.68,-0.16047,-0.14991,-0.17841,-0.26439,64.776,54.271
"2024-07-05 05:30:00",2520,13.03145,506,1,-0.128,-1.81,-1.69,-0.16091,-0.15037,-0.18187,-0.26265,64.225,54.549
"2024-07-05 06:00:00",2521,13.03145,506,1,-0.126,-1.77,-1.68,-0.15755,-0.14991,-0.18087,-0.26191,64.511,55.406
"2024-07-05 06:30:00",2522,13.0197,506,1,-0.099,-1.43,-1.27,-0.12737,-0.11345,-0.14881,-0.23939,66.193,55.271
"2024-07-05 07:00:00",2523,13.02641,506,1,-0.05,-0.78,-0.58,-0.07029,-0.05209,-0.09783,-0.19705,65.546,55.875
"2024-07-05 07:30:00",2524,13.02557,506,1,0.073,0.82,1.24,0.0723,0.10987,0.03396,-0.07393,67.474,58.897
"2024-07-05 08:00:00",2525,13.02809,506,1,0.151,1.84,2.35,0.16295,0.20806,0.11622,0,67.702,59.126
"2024-07-05 08:30:00",2526,13.02893,506,1,0.379,4.67,5.84,0.41323,0.51646,0.3426,0.21426,68.332,61.733
"2024-07-05 09:00:00",2527,13.03061,506,1,0.565,7.04,8.6,0.6228,0.76149,0.52224,0.37682,65.877,60.629
"2024-07-05 09:30:00",2528,13.02809,506,1,0.668,8.26,10.27,0.73074,0.90901,0.61767,0.46918,62.89,58.369
"2024-07-05 10:00:00",2529,13.02725,506,1,0.747,9.31,11.38,0.82373,1.00754,0.70053,0.53569,60.743,56.323
"2024-07-05 10:30:00",2530,13.03817,506,1,0.799,9.88,12.28,0.87468,1.08661,0.75105,0.58252,58.024,55.011
"2024-07-05 11:00:00",2531,13.04068,506,1,0.807,9.72,12.73,0.86004,1.12649,0.76335,0.62948,57.786,54.099
"2024-07-05 11:30:00",2532,13.039,506,1,0.878,10.92,13.38,0.96675,1.18417,0.80686,0.64497,55.287,53.106
"2024-07-05 12:00:00",2533,13.02473,506,1,0.887,10.98,13.6,0.9715,1.20334,0.82566,0.66285,54.719,52.122
"2024-07-05 12:30:00",2534,13.04236,506,1,0.843,10.59,12.71,0.93705,1.12469,0.79417,0.61718,56.893,54.143
"2024-07-05 13:00:00",2535,13.02809,506,1,0.817,10.27,12.31,0.90908,1.08913,0.8468,0.62388,64.741,54.829
"2024-07-05 13:30:00",2536,13.03229,506,1,0.837,10.93,12.09,0.96711,1.07025,0.76016,0.5596,56.858,55.665
"2024-07-05 14:00:00",2537,13.04236,506,1,0.795,10.03,11.94,0.88755,1.05655,0.73317,0.55766,59.159,55.577
"2024-07-05 14:30:00",2538,13.02557,506,1,0.683,8.83,9.97,0.78142,0.88271,0.64419,0.44758,62.294,58.036
"2024-07-05 15:00:00",2539,13.04236,506,1,0.618,8.04,8.95,0.71133,0.79242,0.58621,0.38424,63.163,59.064
"2024-07-05 15:30:00",2540,13.03648,506,1,0.639,8.13,9.51,0.71934,0.84157,0.598,0.42022,62.702,58.86
"2024-07-05 16:00:00",2541,13.03145,506,1,0.614,7.9,9.03,0.69923,0.79897,0.5727,0.38754,63.258,59.257
"2024-07-05 16:30:00",2542,13.02977,506,1,0.701,8.9,10.45,0.78763,0.92475,0.65166,0.46635,62.002,58.163
"2024-07-05 17:00:00",2543,13.03061,506,1,0.799,9.86,12.3,0.87282,1.08849,0.73609,0.57448,59.571,54.9
"2024-07-05 17:30:00",2544,13.03229,506,1,0.781,9.74,11.87,0.86211,1.05096,0.72137,0.55146,59.309,55.623
"2024-07-05 18:00:00",2545,13.02054,506,1,0.701,8.99,10.34,0.79571,0.91524,0.66538,0.47481,61.677,57.422
"2024-07-05 18:30:00",2546,13.02893,506,1,0.551,7.17,7.98,0.63484,0.70657,0.52246,0.33906,64.505,60.404
"2024-07-05 19:00:00",2547,13.02389,506,1,0.425,5.6,6.07,0.49596,0.5373,0.41396,0.2278,67.815,64.391
"2024-07-05 19:30:00",2548,13.03397,506,1,0.31,4.18,4.31,0.36973,0.38162,0.29824,0.11935,68.212,58.972
"2024-07-05 20:00:00",2549,13.02137,506,1,0.202,2.69,2.85,0.2385,0.25246,0.1828,0.03226,67.839,59.171
"2024-07-05 20:30:00",2550,13.0197,506,1,0.106,1.4,1.5,0.12378,0.1327,0.08128,-0.05409,68.709,59.046
"2024-07-05 21:00:00",2551,13.0197,506,1,0.033,0.46,0.44,0.04038,0.03918,0.00524,-0.11969,66.384,59.212
"2024-07-05 21:30:00",2552,13.01634,506,1,-0.018,-0.3,-0.2,-0.02717,-0.01825,-0.05839,-0.16731,66.157,56.912
"2024-07-05 22:00:00",2553,13.02222,506,1,-0.044,-0.64,-0.58,-0.05749,-0.05195,-0.08561,-0.19095,64.012,57.673
"2024-07-05 22:30:00",2554,13.02054,506,1,-0.066,-0.97,-0.85,-0.08701,-0.07617,-0.10901,-0.20457,65.194,55.945
"2024-07-05 23:00:00",2555,13.01214,506,1,-0.082,-1.19,-1.06,-0.10649,-0.09505,-0.13101,-0.22501,64.536,54.711
"2024-07-05 23:30:00",2556,13.01718,506,1,-0.087,-1.22,-1.17,-0.10851,-0.10405,-0.13247,-0.23315,64.319,54.656
"2024-07-06 00:00:00",2557,13.01046,506,1,-0.092,-1.35,-1.17,-0.12001,-0.10405,-0.14673,-0.23061,65.026,57.442
"2024-07-06 00:30:00",2558,13.00962,506,1,-0.098,-1.4,-1.27,-0.12523,-0.11345,-0.14673,-0.23377,63.973,53.736
"2024-07-06 01:00:00",2559,13.00543,506,1,-0.101,-1.43,-1.34,-0.12737,-0.11921,-0.15091,-0.23873,64.511,55.006
"2024-07-06 01:30:00",2560,13.00543,506,1,-0.103,-1.49,-1.34,-0.13241,-0.11921,-0.15091,-0.23939,65.063,55.652
"2024-07-06 02:00:00",2561,12.99283,506,1,-0.102,-1.49,-1.3,-0.13283,-0.11633,-0.15171,-0.23061,64.12,55.286
"2024-07-06 02:30:00",2562,12.99116,506,1,-0.099,-1.41,-1.31,-0.12549,-0.11671,-0.14963,-0.24005,63.89,59.214
"2024-07-06 03:00:00",2563,12.99955,506,1,-0.1,-1.44,-1.28,-0.12837,-0.11381,-0.14963,-0.23127,63.779,55.357
"2024-07-06 03:30:00",2564,12.99871,506,1,-0.104,-1.5,-1.35,-0.13355,-0.11997,-0.15457,-0.24253,64.294,55.298
"2024-07-06 04:00:00",2565,12.98444,506,1,-0.105,-1.5,-1.38,-0.13355,-0.12327,-0.15747,-0.24323,63.192,57.008
"2024-07-06 04:30:00",2566,13.00039,506,1,-0.109,-1.54,-1.45,-0.13681,-0.12943,-0.16077,-0.24885,65.955,54.779
"2024-07-06 05:00:00",2567,12.99535,506,1,-0.111,-1.59,-1.45,-0.14153,-0.12943,-0.15993,-0.24643,64.145,54.891
"2024-07-06 05:30:00",2568,12.99367,506,1,-0.115,-1.62,-1.52,-0.14447,-0.13563,-0.16861,-0.25771,66.404,56.739
"2024-07-06 06:00:00",2569,12.9836,506,1,-0.103,-1.5,-1.31,-0.13355,-0.11707,-0.15703,-0.24073,63.878,56.288
"2024-07-06 06:30:00",2570,12.99032,506,1,-0.075,-1.09,-0.96,-0.09765,-0.08593,-0.11687,-0.21503,65.775,55.268
"2024-07-06 07:00:00",2571,12.98024,506,1,-0.054,-0.82,-0.65,-0.07373,-0.05857,-0.10169,-0.19053,66.287,55.785
"2024-07-06 07:30:00",2572,12.99032,506,1,0.044,0.43,0.84,0.03814,0.07408,0.00266,-0.09717,67.237,57.981
"2024-07-06 08:00:00",2573,12.98948,506,1,0.227,2.78,3.53,0.24646,0.3121,0.19106,0.07105,69.209,61.206
"2024-07-06 08:30:00",2574,12.98192,506,1,0.468,5.86,7.09,0.51869,0.6274,0.43454,0.28613,66.606,61.098
"2024-07-06 09:00:00",2575,12.9794,506,1,0.624,7.76,9.52,0.6871,0.84225,0.57517,0.42348,63.401,59.403
"2024-07-06 09:30:00",2576,12.98192,506,1,0.716,8.88,10.96,0.78613,0.96977,0.65963,0.5088,61.44,58.425
"2024-07-06 10:00:00",2577,12.99199,506,1,0.745,9.3,11.32,0.82309,1.00179,0.68562,0.52747,60.756,56.499
"2024-07-06 10:30:00",2578,12.98612,506,1,0.805,9.98,12.32,0.88349,1.09049,0.74413,0.57902,59.027,54.509
"2024-07-06 11:00:00",2579,12.99703,506,1,0.829,10.12,12.9,0.89607,1.1417,0.77081,0.62674,57.194,53.923
"2024-07-06 11:30:00",2580,12.99619,506,1,0.879,11.03,13.27,0.97634,1.17412,0.81781,0.63906,55.949,53.354
"2024-07-06 12:00:00",2581,13.00039,506,1,0.861,10.71,13.14,0.94797,1.16311,0.80327,0.62832,56.903,52.904
"2024-07-06 12:30:00",2582,12.99871,506,1,0.882,10.86,13.61,0.96155,1.20466,0.82791,0.659,55.538,51.955
"2024-07-06 13:00:00",2583,13.00207,506,1,0.868,10.92,13.06,0.96667,1.15595,0.82867,0.6433,56.63,52.948
"2024-07-06 13:30:00",2584,13.00375,506,1,0.873,11.12,12.97,0.98414,1.14831,0.80997,0.62488,55.924,53.329
"2024-07-06 14:00:00",2585,13.00375,506,1,0.876,10.93,13.32,0.96748,1.17867,0.81408,0.64259,56.119,52.852
"2024-07-06 14:30:00",2586,13.00123,506,1,0.793,10.16,11.71,0.89901,1.03625,0.73726,0.53537,58.675,55.251
"2024-07-06 15:00:00",2587,13.00627,506,1,0.738,9.54,10.77,0.84469,0.95297,0.69505,0.48802,60.682,57.41
"2024-07-06 15:30:00",2588,12.99787,506,1,0.71,9.02,10.59,0.79847,0.93755,0.67263,0.48221,61.013,57.847
"2024-07-06 16:00:00",2589,12.99787,506,1,0.75,9.53,11.17,0.84341,0.98849,0.70067,0.51019,59.168,56.832
"2024-07-06 16:30:00",2590,12.99787,506,1,0.717,9.23,10.51,0.81674,0.9301,0.67992,0.47818,60.499,58.734
"2024-07-06 17:00:00",2591,12.99283,506,1,0.56,7.28,8.11,0.6446,0.71784,0.54688,0.35046,66.604,60.686
"2024-07-06 17:30:00",2592,12.99367,506,1,0.668,8.66,9.72,0.76617,0.86042,0.62447,0.43092,62.028,58.861
"2024-07-06 18:00:00",2593,12.98024,506,1,0.518,6.81,7.42,0.60302,0.65688,0.49571,0.29824,65.231,60.401
"2024-07-06 18:30:00",2594,12.97688,506,1,0.391,5.2,5.52,0.46006,0.48852,0.38412,0.1967,68.189,61.85
"2024-07-06 19:00:00",2595,12.98948,506,1,0.249,3.39,3.42,0.30044,0.30272,0.23622,0.06709,67.56,62.624
"2024-07-06 19:30:00",2596,12.98192,506,1,0.109,1.5,1.46,0.13241,0.129,0.08556,-0.06299,67.67,58.164
"2024-07-06 20:00:00",2597,12.97772,506,1,0.024,0.34,0.31,0.0299,0.02752,-0.00265,-0.13241,65.907,58.738
"2024-07-06 20:30:00",2598,12.98444,506,1,-0.03,-0.42,-0.44,-0.03849,-0.03999,-0.07253,-0.18083,65.478,56.8
"2024-07-06 21:00:00",2599,12.97856,506,1,-0.069,-0.92,-1,-0.08221,-0.08913,-0.10705,-0.22003,64.299,54.784
"2024-07-06 21:30:00",2600,12.97772,506,1,-0.092,-1.26,-1.28,-0.11199,-0.11381,-0.13639,-0.23757,65.664,55.836
"2024-07-06 22:00:00",2601,12.97521,506,1,-0.1,-1.41,-1.35,-0.12549,-0.11997,-0.14925,-0.23757,64.408,54.737
"2024-07-06 22:30:00",2602,12.96177,506,1,-0.109,-1.53,-1.45,-0.13647,-0.12943,-0.15791,-0.24643,64.384,54.865
"2024-07-06 23:00:00",2603,12.95926,506,1,-0.108,-1.5,-1.46,-0.13389,-0.12983,-0.15293,-0.24711,64.89,54.229
"2024-07-06 23:30:00",2604,12.97185,506,1,-0.104,-1.51,-1.32,-0.13431,-0.11745,-0.15835,-0.23823,64.348,55.511
"2024-07-07 00:00:00",2605,12.97269,506,1,-0.107,-1.54,-1.39,-0.13681,-0.12361,-0.16077,-0.24143,65.034,54.115
"2024-07-07 00:30:00",2606,12.97605,506,1,-0.109,-1.57,-1.42,-0.14019,-0.12695,-0.16121,-0.24143,64.576,54.332
"2024-07-07 01:00:00",2607,12.96681,506,1,-0.112,-1.6,-1.46,-0.14233,-0.13021,-0.16371,-0.25097,64.431,54.914
"2024-07-07 01:30:00",2608,12.96513,506,1,-0.111,-1.6,-1.42,-0.14233,-0.12695,-0.16371,-0.24711,64.436,55.435
"2024-07-07 02:00:00",2609,12.96765,506,1,-0.113,-1.6,-1.49,-0.14233,-0.13313,-0.16613,-0.24773,64.601,54.924
"2024-07-07 02:30:00",2610,12.95002,506,1,-0.117,-1.66,-1.53,-0.14823,-0.13647,-0.16661,-0.25097,63.703,53.768
"2024-07-07 03:00:00",2611,12.95842,506,1,-0.119,-1.66,-1.6,-0.14823,-0.14265,-0.16955,-0.25349,65.524,55.277
"2024-07-07 03:30:00",2612,12.96094,506,1,-0.121,-1.73,-1.57,-0.15379,-0.13977,-0.17499,-0.25097,64.694,53.775
"2024-07-07 04:00:00",2613,12.94834,506,1,-0.128,-1.79,-1.71,-0.15927,-0.15227,-0.18039,-0.25995,64.277,54.602
"2024-07-07 04:30:00",2614,12.94583,506,1,-0.126,-1.77,-1.68,-0.15713,-0.14935,-0.17839,-0.26563,63.815,54.398
"2024-07-07 05:00:00",2615,12.9559,506,1,-0.13,-1.82,-1.75,-0.16221,-0.15563,-0.17791,-0.26313,64.323,54.652
"2024-07-07 05:30:00",2616,12.95422,506,1,-0.134,-1.85,-1.82,-0.16479,-0.16185,-0.18579,-0.27211,64.863,55.189
"2024-07-07 06:00:00",2617,12.96177,506,1,-0.139,-1.91,-1.9,-0.17029,-0.16861,-0.19069,-0.27617,64.648,55.128
"2024-07-07 06:30:00",2618,12.95422,506,1,-0.114,-1.6,-1.54,-0.14271,-0.13687,-0.16371,-0.24923,64.445,54.612
"2024-07-07 07:00:00",2619,12.95002,506,1,0.09,1.03,1.48,0.09134,0.13142,0.0485,-0.05307,67.325,58.896
"2024-07-07 07:30:00",2620,12.94163,506,1,0.188,2.36,2.85,0.20876,0.25209,0.15373,0.02492,67.245,60.482
"2024-07-07 08:00:00",2621,12.93911,506,1,0.287,3.68,4.24,0.32557,0.3756,0.25743,0.1123,69.375,61.521
"2024-07-07 08:30:00",2622,12.94918,506,1,0.447,5.66,6.7,0.50076,0.59261,0.41516,0.26046,67.212,61.697
"2024-07-07 09:00:00",2623,12.95002,506,1,0.535,6.8,7.96,0.60226,0.70471,0.49763,0.3369,65.389,61.122
"2024-07-07 09:30:00",2624,12.9517,506,1,0.621,7.81,9.37,0.69112,0.82918,0.57912,0.41726,64.559,59.618
"2024-07-07 10:00:00",2625,12.94079,506,1,0.638,8.18,9.42,0.72363,0.83354,0.60614,0.4183,64.032,59.093
"2024-07-07 10:30:00",2626,12.9517,506,1,0.635,8.11,9.39,0.7174,0.83136,0.60088,0.41936,63.981,59.562
"2024-07-07 11:00:00",2627,12.94415,506,1,0.656,8.34,9.75,0.73775,0.86258,0.61431,0.43854,63.961,59.855
"2024-07-07 11:30:00",2628,12.95422,506,1,0.742,9.31,11.21,0.82393,0.99197,0.69688,0.51953,60.866,57.02
"2024-07-07 12:00:00",2629,12.95254,506,1,0.836,10.36,12.79,0.91725,1.1318,0.77898,0.61499,56.579,53.566
"2024-07-07 12:30:00",2630,12.9559,506,1,0.862,10.7,13.17,0.94687,1.16555,0.80687,0.63558,56.545,52.858
"2024-07-07 13:00:00",2631,12.95674,506,1,0.84,10.37,12.92,0.91803,1.14317,0.81641,0.6433,59.258,53.079
"2024-07-07 13:30:00",2632,12.96346,506,1,0.882,11.13,13.23,0.98549,1.17095,0.81469,0.62384,55.444,52.587
"2024-07-07 14:00:00",2633,12.95674,506,1,0.85,10.69,12.81,0.94637,1.13385,0.79867,0.60804,56.748,54.152
"2024-07-07 14:30:00",2634,12.96681,506,1,0.879,10.9,13.44,0.96507,1.18983,0.81588,0.63351,56.102,53.091
"2024-07-07 15:00:00",2635,12.94918,506,1,0.862,10.87,12.96,0.96174,1.14688,0.79768,0.60958,56.949,53.522
"2024-07-07 15:30:00",2636,12.94918,506,1,0.823,10.43,12.3,0.92304,1.08839,0.76793,0.57517,57.573,54.822
"2024-07-07 16:00:00",2637,12.95086,506,1,0.742,9.59,10.84,0.84923,0.95931,0.70078,0.49284,60.065,56.223
"2024-07-07 16:30:00",2638,12.96261,506,1,0.721,9.26,10.61,0.81973,0.93873,0.68556,0.48144,61.398,57.138
"2024-07-07 17:00:00",2639,12.95506,506,1,0.696,8.95,10.23,0.79195,0.90567,0.661,0.4614,61.229,57.955
"2024-07-07 17:30:00",2640,12.94666,506,1,0.624,8.13,9.03,0.71963,0.79947,0.59856,0.40012,63.393,58.717
"2024-07-07 18:00:00",2641,12.96177,506,1,0.51,6.74,7.24,0.59664,0.64112,0.49492,0.28916,66.383,61.031
"2024-07-07 18:30:00",2642,12.96177,506,1,0.308,4.14,4.3,0.36619,0.38024,0.29986,0.12282,69.1,60.683
"2024-07-07 19:00:00",2643,12.96346,506,1,0.158,2.12,2.19,0.18784,0.19352,0.14174,-0.01361,68.494,58.981
"2024-07-07 19:30:00",2644,12.94331,506,1,0.063,0.87,0.83,0.07712,0.07384,0.0376,-0.10217,66.931,58.095
"2024-07-07 20:00:00",2645,12.95002,506,1,-0.001,-0.05,0,-0.00553,0,-0.03501,-0.15325,65.502,56.921
"2024-07-07 20:30:00",2646,12.94247,506,1,-0.041,-0.58,-0.55,-0.05235,-0.04943,-0.08069,-0.19253,66.078,57.237
"2024-07-07 21:00:00",2647,12.9475,506,1,-0.068,-0.95,-0.93,-0.08537,-0.08355,-0.11303,-0.21309,65.401,55.158
"2024-07-07 21:30:00",2648,12.94583,506,1,-0.079,-1.14,-1.04,-0.10187,-0.09327,-0.12665,-0.22507,64.943,55.271
"2024-07-07 22:00:00",2649,12.93575,506,1,-0.087,-1.27,-1.12,-0.11349,-0.09979,-0.14329,-0.22885,63.952,55.528
"2024-07-07 22:30:00",2650,12.94331,506,1,-0.095,-1.36,-1.23,-0.12169,-0.10935,-0.14329,-0.23457,64.92,54.671
"2024-07-07 23:00:00",2651,12.93659,506,1,-0.107,-1.52,-1.4,-0.13533,-0.12475,-0.15419,-0.24665,63.295,55.545
"2024-07-07 23:30:00",2652,12.93491,506,1,-0.108,-1.55,-1.4,-0.13793,-0.12437,-0.16209,-0.24531,63.354,53.523
"2024-07-08 00:00:00",2653,12.92232,506,1,-0.113,-1.58,-1.51,-0.14095,-0.13439,-0.16501,-0.24923,64.936,54.268
"2024-07-08 00:30:00",2654,12.93491,506,1,-0.121,-1.7,-1.61,-0.15163,-0.14355,-0.17295,-0.26063,64.119,53.872
"2024-07-08 01:00:00",2655,12.92148,506,1,-0.127,-1.79,-1.68,-0.15971,-0.14935,-0.18085,-0.25995,64.441,54.505
"2024-07-08 01:30:00",2656,12.92988,506,1,-0.128,-1.82,-1.68,-0.16221,-0.14935,-0.18333,-0.26563,64.562,55.454
"2024-07-08 02:00:00",2657,12.92988,506,1,-0.133,-1.89,-1.75,-0.16823,-0.15611,-0.18629,-0.26637,63.947,54.684
"2024-07-08 02:30:00",2658,12.92904,506,1,-0.134,-1.91,-1.75,-0.17029,-0.15563,-0.18823,-0.26313,64.808,53.625
"2024-07-08 03:00:00",2659,12.92484,506,1,-0.132,-1.87,-1.75,-0.16681,-0.15563,-0.18235,-0.26637,64.755,53.828
"2024-07-08 03:30:00",2660,12.9282,506,1,-0.137,-1.96,-1.79,-0.17427,-0.15901,-0.18677,-0.26963,64.019,55.435
"2024-07-08 04:00:00",2661,12.92148,506,1,-0.134,-1.89,-1.79,-0.16823,-0.15947,-0.19221,-0.26391,64.102,53.745
"2024-07-08 04:30:00",2662,12.92316,506,1,-0.138,-1.95,-1.82,-0.17377,-0.16237,-0.18927,-0.26715,64.407,54.156
"2024-07-08 05:00:00",2663,12.91141,506,1,-0.14,-1.98,-1.86,-0.17627,-0.16521,-0.19417,-0.27543,63.53,55.098
"2024-07-08 05:30:00",2664,12.91896,506,1,-0.142,-2.02,-1.86,-0.17929,-0.16521,-0.20019,-0.27211,63.425,54.428
"2024-07-08 06:00:00",2665,12.91309,506,1,-0.128,-1.8,-1.72,-0.16013,-0.15321,-0.18383,-0.26637,62.83,55.492
"2024-07-08 06:30:00",2666,12.91728,506,1,-0.066,-0.99,-0.81,-0.08849,-0.07227,-0.11367,-0.20471,66.396,54.891
"2024-07-08 07:00:00",2667,12.92064,506,1,0.035,0.34,0.67,0.03032,0.05966,-0.00273,-0.10983,68.162,58.222
"2024-07-08 07:30:00",2668,12.91393,506,1,0.065,0.74,1.09,0.06575,0.09678,0.02941,-0.08139,68.184,58.347
"2024-07-08 08:00:00",2669,12.91812,506,1,0.079,0.96,1.23,0.08506,0.10892,0.04824,-0.07249,68.403,59.297
"2024-07-08 08:30:00",2670,12.91393,506,1,0.238,2.92,3.67,0.25853,0.32483,0.2137,0.0822,69.539,61.943
"2024-07-08 09:00:00",2671,12.91812,506,1,0.464,5.82,7.01,0.51512,0.62073,0.4378,0.28689,66.725,61.627
"2024-07-08 09:30:00",2672,12.90889,506,1,0.566,7.14,8.5,0.63237,0.75263,0.53924,0.37645,65.099,60.163
"2024-07-08 10:00:00",2673,12.92316,506,1,0.635,8.03,9.52,0.71115,0.84225,0.60322,0.43205,63.687,59.01
"2024-07-08 10:30:00",2674,12.92316,506,1,0.684,8.63,10.26,0.76409,0.90786,0.648,0.4712,62.501,58.24
"2024-07-08 11:00:00",2675,12.92484,506,1,0.754,9.39,11.47,0.83077,1.0152,0.70443,0.53758,60.557,56.453
"2024-07-08 11:30:00",2676,12.92652,506,1,0.712,9.09,10.54,0.80462,0.93331,0.67042,0.4827,61.03,57.602
"2024-07-08 12:00:00",2677,12.92232,506,1,0.733,9.32,10.92,0.82447,0.96693,0.69688,0.50481,61.811,57.136
"2024-07-08 12:30:00",2678,12.92652,506,1,0.797,9.99,12.05,0.88429,1.06613,0.74639,0.56352,58.49,55.322
"2024-07-08 13:00:00",2679,12.91896,506,1,0.707,9.2,10.24,0.81393,0.90673,0.67376,0.45848,62.046,57.787
"2024-07-08 13:30:00",2680,12.924,506,1,0.686,8.78,10.14,0.77677,0.89711,0.65536,0.45552,62.546,58.285
"2024-07-08 14:00:00",2681,12.92904,506,1,0.693,8.93,10.15,0.79081,0.89813,0.65688,0.45137,61.956,59.358
"2024-07-08 14:30:00",2682,12.91477,506,1,0.718,9.16,10.65,0.81091,0.94296,0.68194,0.4888,62.799,57.037
"2024-07-08 15:00:00",2683,12.92316,506,1,0.699,9.03,10.2,0.79911,0.90243,0.65882,0.45764,61.363,57.26
"2024-07-08 15:30:00",2684,12.92652,506,1,0.682,8.82,9.96,0.78049,0.88111,0.64539,0.44064,62.173,57.497
"2024-07-08 16:00:00",2685,12.924,506,1,0.702,9.01,10.33,0.79759,0.91412,0.65874,0.45674,61.017,58.419
"2024-07-08 16:30:00",2686,12.92904,506,1,0.642,8.37,9.27,0.7409,0.82037,0.60882,0.40436,62.75,58.905
"2024-07-08 17:00:00",2687,12.92064,506,1,0.606,7.9,8.76,0.69931,0.77506,0.5729,0.37306,64.58,59.332
"2024-07-08 17:30:00",2688,12.9198,506,1,0.506,6.63,7.26,0.58692,0.643,0.48734,0.29307,64.843,61.829
"2024-07-08 18:00:00",2689,12.92148,506,1,0.347,4.7,4.77,0.41578,0.42216,0.34189,0.14576,67.775,60.604
"2024-07-08 18:30:00",2690,12.91309,506,1,0.309,4.11,4.36,0.36362,0.38626,0.29462,0.12156,68.705,60.705
"2024-07-08 19:00:00",2691,12.91812,506,1,0.265,3.53,3.72,0.31212,0.32954,0.2455,0.07938,67.369,61.03
"2024-07-08 19:30:00",2692,12.91812,506,1,0.165,2.23,2.29,0.19704,0.20285,0.1479,-0.00833,67.971,59.292
"2024-07-08 20:00:00",2693,12.91645,506,1,0.032,0.46,0.39,0.041,0.03409,0.00532,-0.12831,68.282,57.786
"2024-07-08 20:30:00",2694,12.90889,506,1,-0.04,-0.55,-0.58,-0.04975,-0.05259,-0.07853,-0.19311,66.066,55.824
"2024-07-08 21:00:00",2695,12.91309,506,1,-0.082,-1.12,-1.15,-0.09981,-0.10275,-0.11939,-0.23137,63.416,55.408
"2024-07-08 21:30:00",2696,12.90805,506,1,-0.104,-1.49,-1.37,-0.13277,-0.12181,-0.15457,-0.24095,65.002,55.171
"2024-07-08 22:00:00",2697,12.91309,506,1,-0.121,-1.71,-1.61,-0.15247,-0.14355,-0.17093,-0.26137,63.556,54.294
"2024-07-08 22:30:00",2698,12.90553,506,1,-0.127,-1.8,-1.68,-0.16053,-0.14983,-0.18187,-0.26063,63.124,54.283
"2024-07-08 23:00:00",2699,12.90469,506,1,-0.131,-1.86,-1.72,-0.16565,-0.15269,-0.18927,-0.26637,64.289,54.194
"2024-07-08 23:30:00",2700,12.9005,506,1,-0.136,-1.93,-1.79,-0.17171,-0.15947,-0.18979,-0.26715,62.896,55.144
"2024-07-09 00:00:00",2701,12.90637,506,1,-0.136,-1.93,-1.8,-0.17171,-0.15999,-0.18979,-0.27365,63.788,52.859
"2024-07-09 00:30:00",2702,12.89966,506,1,-0.139,-1.96,-1.84,-0.17469,-0.16337,-0.19325,-0.27365,64.144,54.465
"2024-07-09 01:00:00",2703,12.89294,506,1,-0.138,-1.96,-1.8,-0.17427,-0.16049,-0.19527,-0.27117,64.767,53.839
"2024-07-09 01:30:00",2704,12.89882,506,1,-0.138,-1.96,-1.8,-0.17469,-0.15999,-0.19325,-0.26465,65.051,55.11
"2024-07-09 02:00:00",2705,12.89966,506,1,-0.142,-2.03,-1.84,-0.18031,-0.16337,-0.19877,-0.27117,64.642,54.545
"2024-07-09 02:30:00",2706,12.89546,506,1,-0.139,-1.99,-1.8,-0.17679,-0.15999,-0.19527,-0.26867,63.524,53.577
"2024-07-09 03:00:00",2707,12.89378,506,1,-0.141,-1.99,-1.87,-0.17725,-0.16627,-0.19575,-0.27449,63.845,54.737
"2024-07-09 03:30:00",2708,12.88706,506,1,-0.138,-1.94,-1.84,-0.17217,-0.16337,-0.19079,-0.27449,64.327,53.812
"2024-07-09 04:00:00",2709,12.89546,506,1,-0.141,-2,-1.87,-0.17777,-0.16679,-0.19631,-0.27529,64.43,54.332
"2024-07-09 04:30:00",2710,12.88455,506,1,-0.141,-1.99,-1.87,-0.17725,-0.16679,-0.19575,-0.27195,64.363,54.527
"2024-07-09 05:00:00",2711,12.88706,506,1,-0.147,-2.1,-1.91,-0.18641,-0.17021,-0.20183,-0.27777,63.837,54.42
"2024-07-09 05:30:00",2712,12.88371,506,1,-0.145,-2.06,-1.91,-0.18335,-0.17021,-0.19631,-0.27857,63.976,52.624
"2024-07-09 06:00:00",2713,12.89462,506,1,-0.144,-2.03,-1.91,-0.18031,-0.17021,-0.20121,-0.27777,64.27,54.324
"2024-07-09 06:30:00",2714,12.89042,506,1,-0.121,-1.74,-1.55,-0.15463,-0.13775,-0.17839,-0.25387,65.201,55.102
"2024-07-09 07:00:00",2715,12.88287,506,1,-0.072,-1.11,-0.84,-0.09901,-0.07531,-0.12161,-0.20787,66.928,55.581
"2024-07-09 07:30:00",2716,12.88874,506,1,0.021,0.12,0.5,0.01104,0.04402,-0.02165,-0.12183,66.802,58.371
"2024-07-09 08:00:00",2717,12.88539,506,1,0.143,1.71,2.27,0.15117,0.20066,0.10987,-0.00843,69.191,59.252
"2024-07-09 08:30:00",2718,12.88371,506,1,0.287,3.55,4.41,0.3146,0.38994,0.25933,0.13424,70.361,61.519
"2024-07-09 09:00:00",2719,12.88874,506,1,0.472,5.93,7.12,0.5251,0.62979,0.44204,0.29462,67.213,61.441
"2024-07-09 09:30:00",2720,12.8921,506,1,0.608,7.58,9.26,0.6712,0.81915,0.57164,0.41838,64.148,59.053
"2024-07-09 10:00:00",2721,12.88203,506,1,0.688,8.59,10.44,0.75989,0.92377,0.64439,0.48316,62.437,58.437
"2024-07-09 10:30:00",2722,12.89126,506,1,0.765,9.47,11.73,0.83773,1.03836,0.71204,0.55913,59.323,55.478
"2024-07-09 11:00:00",2723,12.89462,506,1,0.764,9.69,11.39,0.85785,1.00845,0.71439,0.53303,60.226,56.541
"2024-07-09 11:30:00",2724,12.89378,506,1,0.772,9.74,11.6,0.86211,1.02669,0.73317,0.54688,60.695,56.852
"2024-07-09 12:00:00",2725,12.89882,506,1,0.777,9.76,11.74,0.86405,1.03873,0.73671,0.56205,58.506,55.338
"2024-07-09 12:30:00",2726,12.89546,506,1,0.771,9.73,11.58,0.86159,1.02463,0.72946,0.54152,59.927,55.511
"2024-07-09 13:00:00",2727,12.90301,506,1,0.771,9.57,11.79,0.84681,1.04309,0.79833,0.59001,66.274,56.35
"2024-07-09 13:30:00",2728,12.89546,506,1,0.856,11.2,12.32,0.99152,1.09015,0.77079,0.5616,56.545,54.624
"2024-07-09 14:00:00",2729,12.89882,506,1,0.842,10.53,12.77,0.93216,1.13016,0.77535,0.60294,57.019,52.915
"2024-07-09 14:30:00",2730,12.88958,506,1,0.854,10.74,12.86,0.95083,1.13863,0.79625,0.60708,56.485,53.888
"2024-07-09 15:00:00",2731,12.9005,506,1,0.776,9.94,11.45,0.8799,1.01316,0.72863,0.52098,59.718,54.889
"2024-07-09 15:30:00",2732,12.90385,506,1,0.739,9.42,10.96,0.83367,0.96961,0.69505,0.5014,60.975,57.285
"2024-07-09 16:00:00",2733,12.90469,506,1,0.801,10.16,11.95,0.89915,1.05784,0.76024,0.55767,58.701,53.35
"2024-07-09 16:30:00",2734,12.89714,506,1,0.712,9.07,10.57,0.80297,0.93569,0.66997,0.48316,60.232,57.062
"2024-07-09 17:00:00",2735,12.89714,506,1,0.684,8.83,10.01,0.78151,0.88582,0.65963,0.45314,64.801,54.312
"2024-07-09 17:30:00",2736,12.90134,506,1,0.648,8.39,9.46,0.74273,0.83707,0.61844,0.41726,63.802,58.974
"2024-07-09 18:00:00",2737,12.89714,506,1,0.564,7.39,8.09,0.65438,0.71613,0.54076,0.34936,64.907,60.232
"2024-07-09 18:30:00",2738,12.8963,506,1,0.456,6.07,6.41,0.53686,0.56741,0.45107,0.2493,65.917,60.41
"2024-07-09 19:00:00",2739,12.90134,506,1,0.328,4.4,4.58,0.38934,0.40544,0.31728,0.1357,67.95,60.778
"2024-07-09 19:30:00",2740,12.89966,506,1,0.199,2.68,2.75,0.23754,0.24343,0.18134,0.01924,67.323,58.645
"2024-07-09 20:00:00",2741,12.88371,506,1,0.092,1.26,1.26,0.1112,0.11188,0.07311,-0.07225,67.304,59.717
"2024-07-09 20:30:00",2742,12.89378,506,1,0.028,0.35,0.42,0.03069,0.03748,-0.00549,-0.12641,65.856,57.018
"2024-07-09 21:00:00",2743,12.8963,506,1,-0.022,-0.37,-0.24,-0.03353,-0.02193,-0.06827,-0.17459,67.109,54.528
"2024-07-09 21:30:00",2744,12.8879,506,1,-0.049,-0.75,-0.59,-0.06691,-0.05325,-0.08987,-0.19265,65.724,55.217
"2024-07-09 22:00:00",2745,12.88287,506,1,-0.071,-1.03,-0.91,-0.09215,-0.08157,-0.11717,-0.20983,65.922,56.097
"2024-07-09 22:30:00",2746,12.87699,506,1,-0.077,-1.16,-0.95,-0.10361,-0.08509,-0.12883,-0.21935,63.814,57.208
"2024-07-09 23:00:00",2747,12.88371,506,1,-0.086,-1.25,-1.09,-0.11157,-0.09773,-0.13355,-0.22249,65.986,53.14
"2024-07-09 23:30:00",2748,12.88371,506,1,-0.098,-1.44,-1.24,-0.12869,-0.11071,-0.14823,-0.23469,66.1,54.345
"2024-07-10 00:00:00",2749,12.87028,506,1,-0.103,-1.53,-1.27,-0.13655,-0.11297,-0.15585,-0.23335,65.918,55.259
"2024-07-10 00:30:00",2750,12.8728,506,1,-0.108,-1.56,-1.38,-0.13911,-0.12261,-0.16091,-0.24557,65.622,55.791
"2024-07-10 01:00:00",2751,12.87867,506,1,-0.115,-1.65,-1.48,-0.14689,-0.13183,-0.16299,-0.25135,66.089,55.009
"2024-07-10 01:30:00",2752,12.86272,506,1,-0.114,-1.68,-1.41,-0.14985,-0.12553,-0.17137,-0.24557,65.326,55.496
"2024-07-10 02:00:00",2753,12.8686,506,1,-0.114,-1.66,-1.45,-0.14771,-0.12929,-0.17229,-0.25209,65.675,54.753
"2024-07-10 02:30:00",2754,12.86356,506,1,-0.121,-1.78,-1.52,-0.15847,-0.13565,-0.17733,-0.25209,63.582,56.143
"2024-07-10 03:00:00",2755,12.85852,506,1,-0.121,-1.75,-1.56,-0.15547,-0.13861,-0.16891,-0.25461,64.51,55.247
"2024-07-10 03:30:00",2756,12.87447,506,1,-0.125,-1.79,-1.63,-0.15891,-0.14539,-0.17485,-0.25787,64.704,55.289
"2024-07-10 04:00:00",2757,12.87195,506,1,-0.125,-1.79,-1.63,-0.15891,-0.14539,-0.18033,-0.25861,63.042,54.458
"2024-07-10 04:30:00",2758,12.86692,506,1,-0.124,-1.78,-1.62,-0.15847,-0.14447,-0.17987,-0.25787,64.134,54.716
"2024-07-10 05:00:00",2759,12.86776,506,1,-0.132,-1.88,-1.74,-0.16757,-0.15461,-0.18885,-0.26693,63.712,55.119
"2024-07-10 05:30:00",2760,12.87447,506,1,-0.131,-1.81,-1.78,-0.16107,-0.15805,-0.18235,-0.26441,65.237,55.142
"2024-07-10 06:00:00",2761,12.86776,506,1,-0.123,-1.75,-1.63,-0.15591,-0.14539,-0.17229,-0.25607,64.42,54.479
"2024-07-10 06:30:00",2762,12.86692,506,1,-0.102,-1.44,-1.35,-0.12795,-0.12003,-0.14743,-0.24119,65.287,54.36
"2024-07-10 07:00:00",2763,12.86776,506,1,-0.056,-0.84,-0.7,-0.07495,-0.06313,-0.09529,-0.19435,67.119,57.856
"2024-07-10 07:30:00",2764,12.8728,506,1,0.021,0.16,0.46,0.01379,0.04083,-0.01357,-0.12147,66.249,59.487
"2024-07-10 08:00:00",2765,12.86524,506,1,0.168,2.07,2.59,0.1828,0.22948,-99,0.01954,-99,61.124
"2024-07-10 08:30:00",2766,12.86944,506,1,0.3,3.77,4.52,0.3341,0.40024,0.27456,0.13132,70.017,61.751
"2024-07-10 09:00:00",2767,12.86692,506,1,0.422,5.36,6.3,0.47398,0.55723,0.40109,0.24788,67.357,59.923
"2024-07-10 09:30:00",2768,12.86776,506,1,0.507,6.46,7.54,0.57185,0.6677,0.48052,0.31645,66.758,61.25
"2024-07-10 10:00:00",2769,12.85181,506,1,0.57,7.33,8.36,0.64904,0.73985,0.5425,0.3541,67.459,61.117
"2024-07-10 10:30:00",2770,12.8686,506,1,0.683,8.68,10.17,0.76859,0.90028,0.6496,0.4675,62.09,59.907
"2024-07-10 11:00:00",2771,12.8644,506,1,0.75,9.45,11.28,0.83651,0.99853,0.71577,0.53246,60.876,56.616
"2024-07-10 11:30:00",2772,12.87195,506,1,0.786,9.93,11.79,0.87899,1.04353,0.74133,0.54924,59.422,54.071
"2024-07-10 12:00:00",2773,12.86608,506,1,0.815,10.16,12.39,0.89885,1.09653,0.76879,0.59278,57.451,54.022
"2024-07-10 12:30:00",2774,12.87195,506,1,0.836,10.31,12.86,0.91239,1.13863,0.78619,0.61796,57.15,53.568
"2024-07-10 13:00:00",2775,12.87531,506,1,0.864,11.06,12.76,0.97931,1.12917,0.90303,0.61878,65.178,55.518
"2024-07-10 13:30:00",2776,12.88371,506,1,0.872,11.2,12.84,0.99101,1.13683,0.81525,0.60834,56.483,53.058
"2024-07-10 14:00:00",2777,12.87615,506,1,0.859,10.78,12.96,0.95431,1.14749,0.79887,0.60679,55.613,54.263
"2024-07-10 14:30:00",2778,12.87951,506,1,0.814,9.93,12.69,0.87887,1.12359,0.76891,0.60164,56.992,52.736
"2024-07-10 15:00:00",2779,12.87783,506,1,0.794,10.13,11.77,0.89647,1.04146,0.74439,0.55268,59.732,54.484
"2024-07-10 15:30:00",2780,12.86776,506,1,0.765,9.81,11.29,0.8684,0.99941,0.72795,0.51552,59.373,54.125
"2024-07-10 16:00:00",2781,12.87531,506,1,0.722,9.32,10.57,0.82523,0.93589,0.69701,0.47748,61.572,59.233
"2024-07-10 16:30:00",2782,12.86692,506,1,0.676,8.77,9.82,0.77654,0.86937,0.65466,0.443,62.097,58.093
"2024-07-10 17:00:00",2783,12.87028,506,1,0.636,8.28,9.2,0.73275,0.81427,0.60816,0.40868,63.512,57.168
"2024-07-10 17:30:00",2784,12.86104,506,1,0.601,7.86,8.65,0.69523,0.76599,0.5747,0.37388,62.652,56.879
"2024-07-10 18:00:00",2785,12.87112,506,1,0.518,6.8,7.41,0.60188,0.65604,0.50734,0.29386,63.663,58.829
"2024-07-10 18:30:00",2786,12.86104,506,1,0.403,5.41,5.63,0.47854,0.49842,0.38894,0.19765,65.97,60.198
"2024-07-10 19:00:00",2787,12.86692,506,1,0.28,3.81,3.85,0.33743,0.34072,0.27358,0.0908,68.172,63.751
"2024-07-10 19:30:00",2788,12.86944,506,1,0.163,2.22,2.23,0.19612,0.1972,0.14701,-0.00837,68.988,59.579
"2024-07-10 20:00:00",2789,12.86608,506,1,0.07,0.95,0.96,0.0843,0.08476,0.041,-0.09557,67.796,57.292
"2024-07-10 20:30:00",2790,12.86188,506,1,0.003,0.03,0.07,0.0028,0.00626,-0.02749,-0.14411,65.618,58.026
"2024-07-10 21:00:00",2791,12.86188,506,1,-0.035,-0.5,-0.49,-0.04485,-0.04419,-0.07151,-0.19067,64.021,57.414
"2024-07-10 21:30:00",2792,12.85852,506,1,-0.058,-0.84,-0.77,-0.07557,-0.06947,-0.09847,-0.19749,64.294,56.123
"2024-07-10 22:00:00",2793,12.84929,506,1,-0.079,-1.12,-1.06,-0.10009,-0.09445,-0.11969,-0.21359,64.694,54.602
"2024-07-10 22:30:00",2794,12.85517,506,1,-0.089,-1.28,-1.17,-0.11449,-0.10439,-0.13389,-0.22639,67.28,58.43
"2024-07-10 23:00:00",2795,12.85601,506,1,-0.096,-1.37,-1.27,-0.12205,-0.11333,-0.14409,-0.23797,65.112,56.428
"2024-07-10 23:30:00",2796,12.85013,506,1,-0.104,-1.47,-1.38,-0.13095,-0.12301,-0.15037,-0.24375,64.249,53.739
"2024-07-11 00:00:00",2797,12.84258,506,1,-0.1,-1.41,-1.34,-0.12533,-0.11927,-0.14447,-0.23657,68.174,56.669
"2024-07-11 00:30:00",2798,12.84174,506,1,-0.108,-1.56,-1.38,-0.13873,-0.12261,-0.15541,-0.24557,64.402,55.139
"2024-07-11 01:00:00",2799,12.85013,506,1,-0.108,-1.56,-1.38,-0.13911,-0.12301,-0.16343,-0.24625,66.21,55.286
"2024-07-11 01:30:00",2800,12.84845,506,1,-0.104,-1.53,-1.31,-0.13613,-0.11669,-0.14997,-0.23217,64.052,53.383
"2024-07-11 02:00:00",2801,12.83418,506,1,-0.109,-1.59,-1.38,-0.14175,-0.12261,-0.16343,-0.24307,62.943,56.439
"2024-07-11 02:30:00",2802,12.84761,506,1,-0.104,-1.55,-1.27,-0.13769,-0.11371,-0.15971,-0.23541,66.475,55.809
"2024-07-11 03:00:00",2803,12.8409,506,1,-0.112,-1.57,-1.49,-0.14019,-0.13311,-0.16517,-0.25723,62.717,55.116
"2024-07-11 03:30:00",2804,12.84593,506,1,-0.119,-1.68,-1.57,-0.14971,-0.13963,-0.17149,-0.25983,62.727,54.29
"2024-07-11 04:00:00",2805,12.83922,506,1,-0.129,-1.82,-1.7,-0.16163,-0.15171,-0.18031,-0.27085,63.622,53.677
"2024-07-11 04:30:00",2806,12.8367,506,1,-0.131,-1.83,-1.77,-0.16329,-0.15713,-0.18235,-0.27259,64.21,54.27
"2024-07-11 05:00:00",2807,12.83502,506,1,-0.137,-1.93,-1.83,-0.17149,-0.16307,-0.19041,-0.27259,63.719,54.035
"2024-07-11 05:30:00",2808,12.83418,506,1,-0.139,-1.93,-1.87,-0.17149,-0.16599,-0.19041,-0.27259,64.48,54.953
"2024-07-11 06:00:00",2809,12.82914,506,1,-0.143,-2,-1.91,-0.17821,-0.17007,-0.19399,-0.27847,64.769,54.092
"2024-07-11 06:30:00",2810,12.83418,506,1,-0.138,-1.94,-1.84,-0.17251,-0.16409,-0.19095,-0.27423,63.784,54.513
"2024-07-11 07:00:00",2811,12.82914,506,1,-0.114,-1.61,-1.51,-0.14369,-0.13437,-0.16311,-0.24657,65.496,54.407
"2024-07-11 07:30:00",2812,12.82663,506,1,-0.055,-0.88,-0.61,-0.07919,-0.05461,-0.10509,-0.19399,64.932,56.754
"2024-07-11 08:00:00",2813,12.82495,506,1,0.078,0.9,1.27,0.07934,0.11244,0.04423,-0.07731,68.254,58.413
"2024-07-11 08:30:00",2814,12.82495,506,1,0.225,2.84,3.38,0.25166,0.29882,0.1968,0.06199,69.04,60.188
"2024-07-11 09:00:00",2815,12.82747,506,1,0.378,4.84,5.59,0.4286,0.49476,0.35112,0.19095,68.596,62.091
"2024-07-11 09:30:00",2816,12.82747,506,1,0.498,6.4,7.33,0.56668,0.64856,0.47346,0.29714,67.049,60.126
"2024-07-11 10:00:00",2817,12.82243,506,1,0.563,7.23,8.29,0.63972,0.73335,0.53339,0.35342,65.669,59.892
"2024-07-11 10:30:00",2818,12.82327,506,1,0.69,8.65,10.43,0.76586,0.92289,0.64696,0.47634,61.844,58.411
"2024-07-11 11:00:00",2819,12.82243,506,1,0.74,9.28,11.19,0.82131,0.99007,0.69315,0.52372,60.323,56.215
"2024-07-11 11:30:00",2820,12.82495,506,1,0.777,9.77,11.72,0.86447,1.03725,0.73203,0.54816,59.595,56.578
"2024-07-11 12:00:00",2821,12.8283,506,1,0.775,9.82,11.58,0.86916,1.02492,0.73409,0.54363,59.175,55.327
"2024-07-11 12:30:00",2822,12.82998,506,1,0.718,9.3,10.46,0.82351,0.92622,0.68924,0.47292,61.228,57.376
"2024-07-11 13:00:00",2823,12.82914,506,1,0.708,9.06,10.46,0.80156,0.92609,0.67582,0.47668,62.112,57.693
"2024-07-11 13:30:00",2824,12.8283,506,1,0.757,9.62,11.29,0.85183,0.99941,0.71631,0.52033,59.865,56.437
"2024-07-11 14:00:00",2825,12.83082,506,1,0.782,9.88,11.72,0.87469,1.03725,0.73603,0.55164,58.29,56.262
"2024-07-11 14:30:00",2826,12.83166,506,1,0.791,10.12,11.7,0.89575,1.03511,0.74994,0.54472,58.162,55.564
"2024-07-11 15:00:00",2827,12.81739,506,1,0.764,9.72,11.36,0.86057,1.00575,0.72238,0.5298,59.505,56.334
"2024-07-11 15:30:00",2828,12.82159,506,1,0.713,9.32,10.27,0.82464,0.90873,0.68136,0.46374,61.091,57.66
"2024-07-11 16:00:00",2829,12.83418,506,1,0.659,8.54,9.59,0.75577,0.84875,0.63132,0.4217,63.014,59.582
"2024-07-11 16:30:00",2830,12.82998,506,1,0.599,7.88,8.58,0.69729,0.75916,0.58376,0.36498,63.708,58.61
"2024-07-11 17:00:00",2831,12.81991,506,1,0.55,7.25,7.83,0.64162,0.69315,0.53483,0.32189,64.743,59.648
"2024-07-11 17:30:00",2832,12.81907,506,1,0.546,7.19,7.8,0.63667,0.6908,0.53581,0.3193,66.387,60.043
"2024-07-11 18:00:00",2833,12.82075,506,1,0.531,6.98,7.59,0.61754,0.67216,0.51647,0.31103,65.508,59.424
"2024-07-11 18:30:00",2834,12.8283,506,1,0.42,5.65,5.84,0.50002,0.51662,0.4218,0.21345,69.589,62.416
"2024-07-11 19:00:00",2835,12.8325,506,1,0.274,3.75,3.72,0.33168,0.32895,0.26806,0.08026,68.591,59.906
"2024-07-11 19:30:00",2836,12.81823,506,1,0.158,2.16,2.14,0.19106,0.18926,0.14188,-0.01685,69.544,59.867
"2024-07-11 20:00:00",2837,12.81152,506,1,0.074,1.02,1,0.0907,0.08892,0.04958,-0.08801,66.812,58.383
"2024-07-11 20:30:00",2838,12.82495,506,1,0.001,0.03,0,0.0028,0,-0.03021,-0.15463,66.516,56.001
"2024-07-11 21:00:00",2839,12.82747,506,1,-0.046,-0.66,-0.63,-0.05909,-0.05697,-0.08537,-0.19435,65.398,57.385
"2024-07-11 21:30:00",2840,12.81991,506,1,-0.069,-1.01,-0.89,-0.08993,-0.07931,-0.11549,-0.21223,65.767,55.255
"2024-07-11 22:00:00",2841,12.82159,506,1,-0.083,-1.22,-1.06,-0.10919,-0.09503,-0.12915,-0.22121,65.735,55.374
"2024-07-11 22:30:00",2842,12.80816,506,1,-0.099,-1.42,-1.28,-0.12641,-0.11441,-0.14311,-0.23355,65.569,54.481
"2024-07-11 23:00:00",2843,12.81823,506,1,-0.106,-1.48,-1.42,-0.13165,-0.12673,-0.15119,-0.24191,64.376,55.109
"2024-07-11 23:30:00",2844,12.81739,506,1,-0.108,-1.54,-1.43,-0.13731,-0.12713,-0.15927,-0.24515,64.724,54.784
"2024-07-12 00:00:00",2845,12.81487,506,1,-0.112,-1.6,-1.46,-0.14291,-0.13013,-0.16221,-0.24769,65.993,53.966
"2024-07-12 00:30:00",2846,12.8132,506,1,-0.115,-1.64,-1.5,-0.14589,-0.13355,-0.16221,-0.24843,64.47,54.216
"2024-07-12 01:00:00",2847,12.81152,506,1,-0.116,-1.64,-1.53,-0.14589,-0.13655,-0.16267,-0.25429,65.38,54.448
"2024-07-12 01:30:00",2848,12.8132,506,1,-0.12,-1.7,-1.6,-0.15155,-0.14289,-0.16773,-0.25681,64.383,54.701
"2024-07-12 02:00:00",2849,12.8006,506,1,-0.124,-1.74,-1.65,-0.15463,-0.14673,-0.17075,-0.25755,64.809,55.125
"2024-07-12 02:30:00",2850,12.80732,506,1,-0.125,-1.77,-1.65,-0.15721,-0.14673,-0.17627,-0.25497,63.814,53.298
"2024-07-12 03:00:00",2851,12.80228,506,1,-0.132,-1.89,-1.72,-0.16849,-0.15319,-0.18737,-0.26161,64.567,53.37
"2024-07-12 03:30:00",2852,12.78969,506,1,-0.131,-1.82,-1.79,-0.16237,-0.15905,-0.18135,-0.27259,64.983,54.88
"2024-07-12 04:00:00",2853,12.80396,506,1,-0.136,-1.91,-1.83,-0.16991,-0.16255,-0.18837,-0.26925,64.956,53.763
"2024-07-12 04:30:00",2854,12.80396,506,1,-0.136,-1.91,-1.8,-0.16991,-0.16011,-0.18589,-0.27085,63.856,53.593
"2024-07-12 05:00:00",2855,12.80648,506,1,-0.136,-1.9,-1.83,-0.16941,-0.16307,-0.18537,-0.27339,64.191,54.347
"2024-07-12 05:30:00",2856,12.79976,506,1,-0.142,-1.99,-1.91,-0.17721,-0.17007,-0.19597,-0.28009,63.252,54.555
"2024-07-12 06:00:00",2857,12.79641,506,1,-0.141,-1.96,-1.9,-0.17459,-0.16947,-0.19347,-0.27679,63.785,56.337
"2024-07-12 06:30:00",2858,12.78633,506,1,-0.141,-1.96,-1.91,-0.17459,-0.17007,-0.19347,-0.27679,65.01,53.234
"2024-07-12 07:00:00",2859,12.77962,506,1,-0.142,-1.96,-1.94,-0.17459,-0.17297,-0.19347,-0.28009,64.514,54.828
"2024-07-12 07:30:00",2860,12.79473,506,1,-0.142,-1.95,-1.94,-0.17361,-0.17297,-0.18989,-0.28267,64.613,53.678
"2024-07-12 08:00:00",2861,12.79809,506,1,-0.147,-2.03,-2.01,-0.18031,-0.17887,-0.19651,-0.27929,63.52,54.25
"2024-07-12 08:30:00",2862,12.79725,506,1,-0.148,-2.02,-2.05,-0.17927,-0.18235,-0.19541,-0.28267,65.03,54.096
"2024-07-12 09:00:00",2863,12.78885,506,1,-0.147,-2.04,-1.99,-0.18135,-0.17709,-0.19737,-0.27767,64.924,53.989
"2024-07-12 09:30:00",2864,12.79473,506,1,-0.146,-2.03,-1.98,-0.18031,-0.17595,-0.19651,-0.28267,64.214,53.433
"2024-07-12 10:00:00",2865,12.79221,506,1,-0.141,-1.96,-1.9,-0.17459,-0.16947,-0.19095,-0.27423,65.301,53.788
"2024-07-12 10:30:00",2866,12.79137,506,1,-0.14,-1.94,-1.91,-0.17251,-0.17007,-0.19147,-0.27503,65.344,53.572
"2024-07-12 11:00:00",2867,12.79221,506,1,-0.143,-1.97,-1.95,-0.17557,-0.17355,-0.19453,-0.27759,64.352,53.679
"2024-07-12 11:30:00",2868,12.79221,506,1,-0.143,-1.95,-1.98,-0.17361,-0.17595,-0.18989,-0.28009,64.921,55.08
"2024-07-12 12:00:00",2869,12.78885,506,1,-0.146,-2.02,-1.98,-0.17979,-0.17595,-0.19289,-0.28351,63.819,53.562
"2024-07-12 12:30:00",2870,12.79221,506,1,-0.147,-2.04,-2,-0.18187,-0.17827,-0.19795,-0.28519,65.311,54.223
"2024-07-12 13:00:00",2871,12.78885,506,1,-0.151,-2.08,-2.08,-0.18491,-0.18521,-0.20099,-0.28267,63.846,54.839
"2024-07-12 13:30:00",2872,12.78801,506,1,-0.15,-2.05,-2.08,-0.18235,-0.18465,-0.20153,-0.28519,65.106,55.006
"2024-07-12 14:00:00",2873,12.7771,506,1,-0.15,-2.08,-2.03,-0.18493,-0.18059,-0.20377,-0.28179,64.18,54.081
"2024-07-12 14:30:00",2874,12.78969,506,1,-0.147,-1.96,-2.1,-0.17459,-0.18703,-0.19095,-0.28771,65.455,54.112
"2024-07-12 15:00:00",2875,12.79053,506,1,-0.135,-1.85,-1.87,-0.16493,-0.16653,-0.18685,-0.27839,66.672,55.742
"2024-07-12 15:30:00",2876,12.77458,506,1,-0.074,-1.03,-1,-0.09187,-0.08927,-0.11229,-0.21793,67.286,55.524
"2024-07-12 16:00:00",2877,12.78885,506,1,-0.051,-0.78,-0.6,-0.07001,-0.05423,-0.09061,-0.18815,67.343,55.577
"2024-07-12 16:30:00",2878,12.78633,506,1,-0.1,-1.41,-1.33,-0.12555,-0.11891,-0.14809,-0.23365,66.243,56.145
"2024-07-12 17:00:00",2879,12.78717,506,1,-0.13,-1.84,-1.71,-0.16365,-0.15265,-0.18287,-0.26811,63.096,55.079
"2024-07-12 17:30:00",2880,12.78214,506,1,-0.126,-1.68,-1.79,-0.14931,-0.15969,-0.17149,-0.27745,63.838,54.412
"2024-07-12 18:00:00",2881,12.78465,506,1,-0.129,-1.76,-1.78,-0.15633,-0.15867,-0.17827,-0.27067,64.293,54.45
"2024-07-12 18:30:00",2882,12.78046,506,1,-0.138,-1.87,-1.92,-0.16639,-0.17057,-0.18287,-0.27579,63.458,53.201
"2024-07-12 19:00:00",2883,12.77962,506,1,-0.134,-1.81,-1.88,-0.16067,-0.16761,-0.17725,-0.27247,64.211,55.092
"2024-07-12 19:30:00",2884,12.77374,506,1,-0.141,-1.91,-1.96,-0.16991,-0.17411,-0.18589,-0.28179,64.67,55.139
"2024-07-12 20:00:00",2885,12.77542,506,1,-0.141,-1.92,-1.96,-0.17043,-0.17411,-0.18387,-0.27839,65.549,53.362
"2024-07-12 20:30:00",2886,12.78214,506,1,-0.142,-1.95,-1.96,-0.17349,-0.17411,-0.19505,-0.28179,64.509,55.657
"2024-07-12 21:00:00",2887,12.77542,506,1,-0.149,-2.03,-2.06,-0.18031,-0.18351,-0.19651,-0.28429,65.501,53.317
"2024-07-12 21:30:00",2888,12.77626,506,1,-0.153,-2.07,-2.14,-0.18387,-0.18999,-0.20009,-0.29115,65.674,53.482
"2024-07-12 22:00:00",2889,12.77542,506,1,-0.153,-2.07,-2.14,-0.18387,-0.18999,-0.20009,-0.28771,66.126,54.772
"2024-07-12 22:30:00",2890,12.76703,506,1,-0.152,-2.07,-2.1,-0.18387,-0.18647,-0.20323,-0.29115,65.186,54.928
"2024-07-12 23:00:00",2891,12.7729,506,1,-0.158,-2.16,-2.17,-0.19217,-0.19289,-0.20569,-0.29115,65.311,53.538
"2024-07-12 23:30:00",2892,12.77458,506,1,-0.156,-2.13,-2.17,-0.18907,-0.19289,-0.20211,-0.29115,65.211,55.53
"2024-07-13 00:00:00",2893,12.7729,506,1,-0.159,-2.13,-2.24,-0.18957,-0.19943,-0.20569,-0.29967,64.612,54.771
"2024-07-13 00:30:00",2894,12.7729,506,1,-0.154,-2.1,-2.13,-0.18701,-0.18933,-0.20323,-0.28771,65.695,54.347
"2024-07-13 01:00:00",2895,12.77038,506,1,-0.157,-2.14,-2.17,-0.19015,-0.19289,-0.20631,-0.29459,65.178,55.648
"2024-07-13 01:30:00",2896,12.77122,506,1,-0.152,-2.07,-2.1,-0.18387,-0.18703,-0.20009,-0.29197,63.944,53.581
"2024-07-13 02:00:00",2897,12.76954,506,1,-0.15,-2.04,-2.1,-0.18187,-0.18703,-0.19815,-0.28853,64.694,55.578
"2024-07-13 02:30:00",2898,12.7729,506,1,-0.154,-2.12,-2.11,-0.18859,-0.18765,-0.20495,-0.28945,64.535,54.844
"2024-07-13 03:00:00",2899,12.76619,506,1,-0.153,-2.11,-2.1,-0.18749,-0.18703,-0.20121,-0.29459,65.649,54.297
"2024-07-13 03:30:00",2900,12.76787,506,1,-0.153,-2.1,-2.1,-0.18647,-0.18647,-0.20515,-0.28771,63.6,53.336
"2024-07-13 04:00:00",2901,12.76031,506,1,-0.149,-2.04,-2.06,-0.18135,-0.18351,-0.19201,-0.28259,65.286,54.603
"2024-07-13 04:30:00",2902,12.75695,506,1,-0.148,-2.04,-2.02,-0.18135,-0.18003,-0.19763,-0.28771,65.573,55.308
"2024-07-13 05:00:00",2903,12.76535,506,1,-0.151,-2.07,-2.07,-0.18439,-0.18411,-0.20067,-0.28681,64.595,53.081
"2024-07-13 05:30:00",2904,12.76283,506,1,-0.152,-2.07,-2.1,-0.18439,-0.18703,-0.20377,-0.29459,66.182,53.576
"2024-07-13 06:00:00",2905,12.76199,506,1,-0.154,-2.12,-2.11,-0.18811,-0.18765,-0.20435,-0.28599,66.164,53.972
"2024-07-13 06:30:00",2906,12.75863,506,1,-0.151,-2.07,-2.07,-0.18439,-0.18411,-0.20067,-0.28341,66.001,55.059
"2024-07-13 07:00:00",2907,12.76367,506,1,-0.149,-2.04,-2.06,-0.18135,-0.18351,-0.19763,-0.28259,65.058,54.541
"2024-07-13 07:30:00",2908,12.75527,506,1,-0.152,-2.03,-2.17,-0.18031,-0.19289,-0.19399,-0.29115,66.043,53.707
"2024-07-13 08:00:00",2909,12.75947,506,1,-0.153,-2.06,-2.16,-0.18335,-0.19233,-0.20009,-0.29367,65.857,53.258
"2024-07-13 08:30:00",2910,12.76031,506,1,-0.158,-2.13,-2.21,-0.18957,-0.19645,-0.20569,-0.29197,64.783,54.108
"2024-07-13 09:00:00",2911,12.7687,506,1,-0.154,-2.12,-2.12,-0.18851,-0.18877,-0.20457,-0.28771,66.649,53.889
"2024-07-13 09:30:00",2912,12.76703,506,1,-0.143,-2.01,-1.91,-0.17873,-0.17007,-0.19253,-0.27323,65.957,55.44
"2024-07-13 10:00:00",2913,12.76703,506,1,-0.142,-1.94,-1.98,-0.17251,-0.17645,-0.18947,-0.27579,65.496,54.559
"2024-07-13 10:30:00",2914,12.76199,506,1,-0.123,-1.71,-1.66,-0.15197,-0.14771,-0.16615,-0.25617,65.024,55.34
"2024-07-13 11:00:00",2915,12.75947,506,1,-0.025,-0.49,-0.17,-0.04421,-0.01583,-0.06527,-0.15599,70.126,59.197
"2024-07-13 11:30:00",2916,12.75359,506,1,-0.032,-0.57,-0.28,-0.05145,-0.02573,-0.07285,-0.16681,66.603,58.017
"2024-07-13 12:00:00",2917,12.75275,506,1,0.052,0.57,0.91,0.0503,0.08027,-99,-0.08701,-99,59.294
"2024-07-13 12:30:00",2918,12.75947,506,1,0.294,3.64,4.52,0.3226,0.40012,0.27192,0.14067,69.974,62.788
"2024-07-13 13:00:00",2919,12.75443,506,1,0.606,7.58,9.19,0.6712,0.81317,0.57982,0.41097,68.394,59.802
"2024-07-13 13:30:00",2920,12.76703,506,1,0.716,8.86,10.99,0.78387,0.97292,0.65532,0.52054,63.073,58.388
"2024-07-13 14:00:00",2921,12.76115,506,1,0.732,9,11.32,0.79625,1.00193,0.6694,0.53312,61.72,56.879
"2024-07-13 14:30:00",2922,12.76199,506,1,0.767,9.28,12.06,0.82151,1.06725,0.70491,0.5758,59.821,55.55
"2024-07-13 15:00:00",2923,12.76451,506,1,0.852,10.13,13.61,0.89647,1.20463,0.76841,0.6573,56.734,52.314
"2024-07-13 15:30:00",2924,12.76451,506,1,0.876,10.72,13.6,0.94907,1.20329,0.79657,0.6551,56.93,53.235
"2024-07-13 16:00:00",2925,12.77038,506,1,0.637,8.05,9.55,0.71245,0.84501,0.58778,0.42448,64.34,58.977
"2024-07-13 16:30:00",2926,12.76367,506,1,0.306,3.99,4.41,0.35316,0.39073,0.28766,0.12972,69.15,61.129
"2024-07-13 17:00:00",2927,12.76367,506,1,0.077,1.04,1.06,0.09172,0.09373,0.05314,-0.08123,67.97,58.543
"2024-07-13 17:30:00",2928,12.74604,506,1,-0.017,-0.22,-0.28,-0.01997,-0.02573,-0.05017,-0.17171,66.801,57.376
"2024-07-13 18:00:00",2929,12.75779,506,1,-0.056,-0.76,-0.79,-0.06821,-0.07055,-0.08921,-0.20099,66.068,55.809
"2024-07-13 18:30:00",2930,12.74772,506,1,-0.06,-0.86,-0.78,-0.07667,-0.07029,-0.10039,-0.20361,65.387,55.71
"2024-07-13 19:00:00",2931,12.75275,506,1,-0.047,-0.7,-0.61,-0.06251,-0.05461,-0.08629,-0.19245,67.098,56.323
"2024-07-13 19:30:00",2932,12.75527,506,1,-0.052,-0.8,-0.61,-0.07199,-0.05499,-0.09887,-0.19363,65.629,56.779
"2024-07-13 20:00:00",2933,12.75359,506,1,-0.087,-1.25,-1.12,-0.11139,-0.10027,-0.13201,-0.22909,65.521,54.85
"2024-07-13 20:30:00",2934,12.75191,506,1,-0.111,-1.57,-1.48,-0.14003,-0.13225,-0.15675,-0.24949,65.025,53.673
"2024-07-13 21:00:00",2935,12.74856,506,1,-0.124,-1.74,-1.67,-0.15463,-0.14869,-0.17721,-0.25877,64.615,55.191
"2024-07-13 21:30:00",2936,12.75024,506,1,-0.135,-1.9,-1.79,-0.16875,-0.15919,-0.18851,-0.26891,64.135,55.023
"2024-07-13 22:00:00",2937,12.75024,506,1,-0.137,-1.9,-1.86,-0.16875,-0.16571,-0.18851,-0.27147,64.709,53.775
"2024-07-13 22:30:00",2938,12.74856,506,1,-0.145,-2.03,-1.93,-0.18077,-0.17165,-0.19417,-0.27745,64.785,54.115
"2024-07-13 23:00:00",2939,12.74856,506,1,-0.149,-2.07,-2.01,-0.18393,-0.17875,-0.20293,-0.28171,64.293,54.185
"2024-07-13 23:30:00",2940,12.73429,506,1,-0.147,-2.06,-1.98,-0.18335,-0.17581,-0.19729,-0.28171,65.209,53.027
"2024-07-14 00:00:00",2941,12.74352,506,1,-0.151,-2.13,-2.01,-0.18913,-0.17875,-0.20805,-0.28431,65.378,54.025
"2024-07-14 00:30:00",2942,12.73513,506,1,-0.15,-2.07,-2.05,-0.18393,-0.18235,-0.20041,-0.29031,65.614,53.271
"2024-07-14 01:00:00",2943,12.72421,506,1,-0.149,-2.07,-2.02,-0.18445,-0.17995,-0.20353,-0.28599,65.025,53.673
"2024-07-14 01:30:00",2944,12.73932,506,1,-0.147,-2.03,-2.02,-0.18077,-0.17935,-0.19987,-0.28513,65.856,53.67
"2024-07-14 02:00:00",2945,12.73513,506,1,-0.15,-2.06,-2.05,-0.18335,-0.18235,-0.20239,-0.28171,65.247,53.475
"2024-07-14 02:30:00",2946,12.72589,506,1,-0.151,-2.1,-2.05,-0.18705,-0.18235,-0.20353,-0.28513,66.026,54.098
"2024-07-14 03:00:00",2947,12.73429,506,1,-0.149,-2.07,-2.02,-0.18393,-0.17935,-0.20041,-0.28513,65.178,53.402
"2024-07-14 03:30:00",2948,12.73429,506,1,-0.15,-2.09,-2.02,-0.18603,-0.17935,-0.19675,-0.28599,64.49,54.381
"2024-07-14 04:00:00",2949,12.72086,506,1,-0.147,-2.03,-2.01,-0.18025,-0.17875,-0.19927,-0.28171,65.569,53.798
"2024-07-14 04:30:00",2950,12.73177,506,1,-0.15,-2.1,-2.01,-0.18705,-0.17875,-0.20353,-0.28171,64.886,54.52
"2024-07-14 05:00:00",2951,12.73177,506,1,-0.146,-2.03,-1.98,-0.18077,-0.17581,-0.19417,-0.28171,64.503,53.819
"2024-07-14 05:30:00",2952,12.73009,506,1,-0.149,-2.06,-2.02,-0.18335,-0.17935,-0.19987,-0.27831,65.777,53.588
"2024-07-14 06:00:00",2953,12.72925,506,1,-0.15,-2.06,-2.06,-0.18335,-0.18295,-0.20293,-0.28513,65.079,53.875
"2024-07-14 06:30:00",2954,12.72757,506,1,-0.151,-2.06,-2.08,-0.18287,-0.18529,-0.19927,-0.28859,65.241,53.878
"2024-07-14 07:00:00",2955,12.72925,506,1,-0.153,-2.09,-2.12,-0.18545,-0.18825,-0.20239,-0.28771,65.291,54.502
"2024-07-14 07:30:00",2956,12.73009,506,1,-0.145,-2.02,-1.96,-0.17923,-0.17465,-0.19311,-0.27485,65.399,54.456
"2024-07-14 08:00:00",2957,12.71834,506,1,-0.107,-1.52,-1.41,-0.13507,-0.12533,-0.15247,-0.24163,66.948,56.004
"2024-07-14 08:30:00",2958,12.72589,506,1,-0.022,-0.47,-0.1,-0.04225,-0.00969,-0.06351,-0.15505,69.55,57.097
"2024-07-14 09:00:00",2959,12.72841,506,1,0.175,1.96,2.95,0.17313,0.26066,-99,0.0457,-99,62.736
"2024-07-14 09:30:00",2960,12.73261,506,1,0.438,5.22,6.99,0.46192,0.6187,0.39657,0.29722,69.184,62.159
"2024-07-14 10:00:00",2961,12.73261,506,1,0.619,7.41,9.84,0.65628,0.87109,0.56372,0.4627,64.581,59.48
"2024-07-14 10:30:00",2962,12.72338,506,1,0.764,9.16,12.11,0.8104,1.07166,0.69511,0.59498,60.544,55.705
"2024-07-14 11:00:00",2963,12.73429,506,1,0.881,10.51,14.05,0.93051,1.24349,0.81865,0.71377,57.219,51.136
"2024-07-14 11:30:00",2964,12.72589,506,1,0.928,11.11,14.74,0.98353,1.30495,0.84418,0.74228,54.896,49.643
"2024-07-14 12:00:00",2965,12.73429,506,1,0.939,11.17,15,0.98895,1.32773,0.85423,0.75191,53.265,49.16
"2024-07-14 12:30:00",2966,12.74016,506,1,0.942,11.2,15.07,0.99115,1.33369,0.86385,0.76291,52.93,48.408
"2024-07-14 13:00:00",2967,12.73849,506,1,0.905,11.11,14.01,0.98288,1.23968,0.90942,0.72083,62.762,51.018
"2024-07-14 13:30:00",2968,12.74016,506,1,0.913,11.26,14.05,0.99642,1.24317,0.81591,0.66828,56.264,52.264
"2024-07-14 14:00:00",2969,12.74604,506,1,0.922,11.15,14.48,0.98695,1.28179,0.83268,0.70449,55.398,51.136
"2024-07-14 14:30:00",2970,12.74016,506,1,0.88,10.39,14.17,0.91929,1.25383,0.79305,0.68368,56.753,52.491
"2024-07-14 15:00:00",2971,12.74268,506,1,0.932,11,15.01,0.97345,1.32819,0.85105,0.74023,55.189,49.834
"2024-07-14 15:30:00",2972,12.73009,506,1,0.942,11.2,15.07,0.99166,1.33414,0.86174,0.74597,54.131,49.041
"2024-07-14 16:00:00",2973,12.73849,506,1,0.91,11.03,14.25,0.97607,1.26127,0.82202,0.69124,55.43,51.584
"2024-07-14 16:30:00",2974,12.741,506,1,0.83,10.14,12.92,0.89755,1.14393,0.76075,0.62156,59.229,54.136
"2024-07-14 17:00:00",2975,12.74184,506,1,0.797,9.75,12.39,0.86271,1.09647,0.73074,0.59296,59.862,55.183
"2024-07-14 17:30:00",2976,12.73429,506,1,0.726,8.91,11.23,0.78843,0.99388,0.66519,0.52402,61.922,57.242
"2024-07-14 18:00:00",2977,12.73597,506,1,0.675,8.31,10.4,0.73585,0.92073,0.61582,0.47642,63.531,58.019
"2024-07-14 18:30:00",2978,12.72673,506,1,0.536,6.69,8.16,0.5918,0.72199,0.49044,0.34808,65.774,59.687
"2024-07-14 19:00:00",2979,12.73764,506,1,0.357,4.45,5.42,0.39358,0.47938,0.32323,0.18996,69.585,61.574
"2024-07-14 19:30:00",2980,12.73177,506,1,0.24,2.98,3.66,0.26414,0.32434,0.21056,0.08525,69.012,62.666
"2024-07-14 20:00:00",2981,12.72673,506,1,0.144,1.73,2.28,0.15327,0.2016,0.1132,0,68.713,58.879
"2024-07-14 20:30:00",2982,12.73345,506,1,0.05,0.49,0.95,0.04312,0.08388,0.0084,-0.08953,66.898,57.64
"2024-07-14 21:00:00",2983,12.72589,506,1,-0.015,-0.38,0,-0.03481,0,-0.06237,-0.15777,66.196,56.929
"2024-07-14 21:30:00",2984,12.72589,506,1,-0.049,-0.81,-0.5,-0.07219,-0.04535,-0.09887,-0.18447,67.307,55.28
"2024-07-14 22:00:00",2985,12.72169,506,1,-0.069,-1.06,-0.83,-0.09477,-0.07435,-0.11845,-0.20481,66.983,55.218
"2024-07-14 22:30:00",2986,12.72169,506,1,-0.084,-1.29,-0.98,-0.11477,-0.08731,-0.13507,-0.21723,67.469,55.703
"2024-07-14 23:00:00",2987,12.72169,506,1,-0.087,-1.35,-1.01,-0.12051,-0.09069,-0.14069,-0.22119,66.627,55.852
"2024-07-14 23:30:00",2988,12.71666,506,1,-0.091,-1.39,-1.06,-0.12357,-0.09439,-0.14673,-0.22381,65.283,55.026
"2024-07-15 00:00:00",2989,12.72169,506,1,-0.093,-1.39,-1.13,-0.12357,-0.10059,-0.14107,-0.22715,64.918,55.078
"2024-07-15 00:30:00",2990,12.71498,506,1,-0.099,-1.45,-1.24,-0.12895,-0.11053,-0.14897,-0.22977,65.728,54.537
"2024-07-15 01:00:00",2991,12.71498,506,1,-0.1,-1.51,-1.2,-0.13469,-0.10743,-0.15503,-0.23043,65.949,54.34
"2024-07-15 01:30:00",2992,12.71162,506,1,-0.108,-1.58,-1.35,-0.14085,-0.12051,-0.16113,-0.24237,65.695,55.176
"2024-07-15 02:00:00",2993,12.71078,506,1,-0.105,-1.55,-1.32,-0.13817,-0.11739,-0.16113,-0.23709,64.266,54.836
"2024-07-15 02:30:00",2994,12.71246,506,1,-0.105,-1.55,-1.31,-0.13817,-0.11701,-0.15851,-0.23905,64.999,54.474
"2024-07-15 03:00:00",2995,12.70827,506,1,-0.104,-1.52,-1.32,-0.13547,-0.11739,-0.15589,-0.23709,65.147,55.042
"2024-07-15 03:30:00",2996,12.70743,506,1,-0.105,-1.55,-1.31,-0.13773,-0.11701,-0.15811,-0.23973,63.663,53.404
"2024-07-15 04:00:00",2997,12.70827,506,1,-0.104,-1.52,-1.31,-0.13547,-0.11701,-0.15547,-0.23641,65.433,54.344
"2024-07-15 04:30:00",2998,12.70827,506,1,-0.108,-1.55,-1.39,-0.13773,-0.12355,-0.15503,-0.23973,65.215,55.527
"2024-07-15 05:00:00",2999,12.70659,506,1,-0.109,-1.61,-1.35,-0.14349,-0.12051,-0.16067,-0.23973,64.873,55.447
"2024-07-15 05:30:00",3000,12.70491,506,1,-0.111,-1.58,-1.46,-0.14085,-0.13009,-0.16113,-0.24309,66.203,54.425
"2024-07-15 06:00:00",3001,12.70323,506,1,-0.109,-1.58,-1.39,-0.14085,-0.12395,-0.16113,-0.24051,65.618,55.67
"2024-07-15 06:30:00",3002,12.70071,506,1,-0.08,-1.22,-0.95,-0.10929,-0.08477,-0.13013,-0.21119,67.22,55.869
"2024-07-15 07:00:00",3003,12.6898,506,1,-0.037,-0.67,-0.32,-0.06015,-0.02941,-0.08435,-0.17149,67.151,57.623
"2024-07-15 07:30:00",3004,12.70407,506,1,0.084,0.84,1.56,0.07474,0.13789,0.0393,-0.04983,68.504,60.489
"2024-07-15 08:00:00",3005,12.69819,506,1,0.262,3.06,4.26,0.27114,0.37717,0.22189,0.12012,68.42,59.988
"2024-07-15 08:30:00",3006,12.70323,506,1,0.389,4.61,6.23,0.4078,0.55142,0.34262,0.24772,68.08,62.143
"2024-07-15 09:00:00",3007,12.69399,506,1,0.557,6.67,8.84,0.58994,0.78243,0.49796,0.39644,65.907,59.974
"2024-07-15 09:30:00",3008,12.70659,506,1,0.719,8.5,11.55,0.75221,1.02189,0.64406,0.54784,62.26,57.005
"2024-07-15 10:00:00",3009,12.70407,506,1,0.824,9.75,13.25,0.86271,1.1729,0.7446,0.6551,59.426,53.237
"2024-07-15 10:30:00",3010,12.70323,506,1,0.873,10.34,14,0.91529,1.23913,0.79153,0.69884,57.063,51.968
"2024-07-15 11:00:00",3011,12.70575,506,1,0.89,10.65,14.13,0.94229,1.25065,0.83165,0.71577,57.582,50.407
"2024-07-15 11:30:00",3012,12.69651,506,1,0.931,11.26,14.62,0.99675,1.29431,0.85689,0.74046,53.99,49.885
"2024-07-15 12:00:00",3013,12.71078,506,1,0.938,11.14,15,0.98629,1.32773,0.85557,0.75399,53.85,49.326
"2024-07-15 12:30:00",3014,12.71078,506,1,0.954,11.35,15.25,1.00497,1.34994,0.87207,0.76371,52.945,48.269
"2024-07-15 13:00:00",3015,12.69567,506,1,0.921,10.96,14.7,0.96997,1.30133,0.91247,0.76545,59.566,49.073
"2024-07-15 13:30:00",3016,12.70323,506,1,1.033,12.89,15.71,1.14116,1.39075,0.90505,0.76451,51.446,48.434
"2024-07-15 14:00:00",3017,12.71414,506,1,0.967,11.62,15.28,1.02837,1.35214,0.87699,0.75419,53.729,49.05
"2024-07-15 14:30:00",3018,12.71162,506,1,0.923,10.77,15.02,0.95306,1.32981,0.84031,0.7425,54.067,48.976
"2024-07-15 15:00:00",3019,12.71498,506,1,0.929,11.07,14.83,0.98011,1.31221,0.84599,0.72913,54.13,49.451
"2024-07-15 15:30:00",3020,12.71246,506,1,0.915,10.99,14.47,0.97273,1.28093,0.83021,0.70643,54.982,50.879
"2024-07-15 16:00:00",3021,12.69903,506,1,0.871,10.49,13.73,0.92845,1.21536,0.78805,0.67032,56.886,52.053
"2024-07-15 16:30:00",3022,12.70575,506,1,0.841,10.17,13.23,0.90015,1.17123,0.7638,0.63427,57.714,53.454
"2024-07-15 17:00:00",3023,12.7091,506,1,0.798,9.73,12.44,0.86093,1.10073,0.72526,0.59422,59.434,54.758
"2024-07-15 17:30:00",3024,12.70575,506,1,0.719,8.83,11.11,0.78185,0.98301,0.65927,0.515,62.373,56.031
"2024-07-15 18:00:00",3025,12.70491,506,1,0.623,7.71,9.57,0.68261,0.84727,0.57441,0.43332,64.673,59.162
"2024-07-15 18:30:00",3026,12.69399,506,1,0.473,5.87,7.22,0.51918,0.6387,0.43165,0.29811,67.779,60.859
"2024-07-15 19:00:00",3027,12.69819,506,1,0.32,3.99,4.88,0.35358,0.43216,0.2917,0.15717,69.079,60.657
"2024-07-15 19:30:00",3028,12.70155,506,1,0.196,2.35,3.11,0.20826,0.27544,0.15978,0.0514,68.795,59.537
"2024-07-15 20:00:00",3029,12.69483,506,1,0.129,1.46,2.17,0.129,0.1923,-99,-0.00573,-99,59.792
"2024-07-15 20:30:00",3030,12.68728,506,1,0.068,0.68,1.27,0.05989,0.11244,0.02232,-0.06647,70.063,58.149
"2024-07-15 21:00:00",3031,12.69903,506,1,0.03,0.16,0.73,0.01428,0.06448,-0.01405,-0.09867,66.37,59.452
"2024-07-15 21:30:00",3032,12.69148,506,1,-0.003,-0.25,0.22,-0.02301,0.01942,-0.04797,-0.13159,67.72,56.639
"2024-07-15 22:00:00",3033,12.69819,506,1,-0.021,-0.51,-0.03,-0.04643,-0.00329,-0.06821,-0.15555,66.098,56.422
"2024-07-15 22:30:00",3034,12.68392,506,1,-0.035,-0.67,-0.25,-0.06029,-0.02279,-0.08435,-0.16457,66.305,56.059
"2024-07-15 23:00:00",3035,12.69148,506,1,-0.048,-0.84,-0.43,-0.07497,-0.03909,-0.09609,-0.17963,66.677,56.324
"2024-07-15 23:30:00",3036,12.69315,506,1,-0.055,-0.93,-0.54,-0.08355,-0.04881,-0.10449,-0.18559,68.224,58.125
"2024-07-16 00:00:00",3037,12.67721,506,1,-0.058,-0.94,-0.62,-0.08377,-0.05549,-0.10479,-0.19207,66.429,55.242
"2024-07-16 00:30:00",3038,12.69148,506,1,-0.063,-1.03,-0.65,-0.09225,-0.05885,-0.11613,-0.19531,64.702,55.444
"2024-07-16 01:00:00",3039,12.68728,506,1,-0.069,-1.1,-0.77,-0.09867,-0.06879,-0.12215,-0.19591,66.947,57.842
"2024-07-16 01:30:00",3040,12.68644,506,1,-0.069,-1.09,-0.76,-0.09777,-0.06857,-0.11845,-0.20127,66.538,56.86
"2024-07-16 02:00:00",3041,12.68308,506,1,-0.074,-1.13,-0.88,-0.10085,-0.07855,-0.12445,-0.20727,66.337,55.565
"2024-07-16 02:30:00",3042,12.68644,506,1,-0.074,-1.16,-0.84,-0.10383,-0.07509,-0.12445,-0.20127,66.736,56.646
"2024-07-16 03:00:00",3043,12.6814,506,1,-0.078,-1.2,-0.92,-0.10691,-0.08193,-0.12785,-0.21119,66.652,57.233
"2024-07-16 03:30:00",3044,12.6814,506,1,-0.077,-1.19,-0.91,-0.10631,-0.08135,-0.12673,-0.20727,65.909,57.218
"2024-07-16 04:00:00",3045,12.67553,506,1,-0.074,-1.17,-0.84,-0.10413,-0.07535,-0.12785,-0.20191,65.982,56.986
"2024-07-16 04:30:00",3046,12.66965,506,1,-0.079,-1.2,-0.95,-0.10691,-0.08501,-0.12747,-0.21323,67.467,55.711
"2024-07-16 05:00:00",3047,12.67804,506,1,-0.08,-1.23,-0.95,-0.10999,-0.08535,-0.13355,-0.21181,66.68,56.738
"2024-07-16 05:30:00",3048,12.67553,506,1,-0.08,-1.24,-0.92,-0.11025,-0.08217,-0.13355,-0.21119,67.164,54.989
"2024-07-16 06:00:00",3049,12.66629,506,1,-0.071,-1.14,-0.77,-0.10143,-0.06879,-0.12523,-0.19919,66.403,55.889
"2024-07-16 06:30:00",3050,12.67804,506,1,-0.04,-0.71,-0.36,-0.06381,-0.03303,-0.08827,-0.17581,67.002,57.319
"2024-07-16 07:00:00",3051,12.66042,506,1,0.026,0.1,0.71,0.0087,0.06256,-0.02277,-0.10381,69.211,58.958
"2024-07-16 07:30:00",3052,12.67469,506,1,0.121,1.31,2.12,0.11572,0.18775,0.08182,-0.01173,69.414,60.15
"2024-07-16 08:00:00",3053,12.66629,506,1,0.336,3.97,5.42,0.35178,0.47956,0.29172,0.19173,69.937,61.504
"2024-07-16 08:30:00",3054,12.65706,506,1,0.519,6.21,8.24,0.5496,0.72955,0.466,0.35867,66.8,60.189
"2024-07-16 09:00:00",3055,12.66042,506,1,0.641,7.66,10.18,0.67836,0.90061,0.57441,0.4709,64.263,58.906
"2024-07-16 09:30:00",3056,12.67553,506,1,0.741,8.8,11.86,0.77901,1.0498,0.66528,0.56372,61.871,55.94
"2024-07-16 10:00:00",3057,12.67217,506,1,0.803,9.58,12.8,0.84798,1.13331,0.72305,0.62414,59.462,54.523
"2024-07-16 10:30:00",3058,12.65958,506,1,0.859,10.26,13.68,0.90823,1.2111,0.78187,0.67402,57.148,53.043
"2024-07-16 11:00:00",3059,12.67637,506,1,0.874,10.33,14.06,0.91435,1.24437,0.80722,0.71019,56.672,50.749
"2024-07-16 11:30:00",3060,12.66629,506,1,0.898,10.8,14.18,0.95631,1.25493,0.82747,0.72355,55.024,50.607
"2024-07-16 12:00:00",3061,12.68056,506,1,0.914,10.81,14.69,0.95715,1.30001,0.83905,0.73693,54.334,49.918
"2024-07-16 12:30:00",3062,12.68056,506,1,0.936,11.1,15,0.98221,1.32722,0.85812,0.75818,53.684,48.596
"2024-07-16 13:00:00",3063,12.6814,506,1,0.941,11.45,14.7,1.01384,1.30067,0.90075,0.7478,56.862,48.717
"2024-07-16 13:30:00",3064,12.6856,506,1,0.947,11.56,14.75,1.02357,1.30507,0.86323,0.73693,52.468,49.871
"2024-07-16 14:00:00",3065,12.68056,506,1,0.948,11.39,15,1.00845,1.32722,0.86549,0.74865,53.544,49.286
"2024-07-16 14:30:00",3066,12.6814,506,1,0.935,11.11,14.95,0.98353,1.32338,0.85109,0.74493,54.149,49.061
"2024-07-16 15:00:00",3067,12.68476,506,1,0.915,10.83,14.69,0.95839,1.30001,0.82696,0.72367,54.72,50.046
"2024-07-16 15:30:00",3068,12.68476,506,1,0.886,10.6,14.09,0.93782,1.24747,0.80902,0.69887,55.495,51.235
"2024-07-16 16:00:00",3069,12.6856,506,1,0.848,10.15,13.47,0.89813,1.19199,0.76572,0.65316,57.71,52.882
"2024-07-16 16:30:00",3070,12.68476,506,1,0.835,10.17,13.01,0.90015,1.15123,0.75989,0.62815,58.693,53.348
"2024-07-16 17:00:00",3071,12.6814,506,1,0.779,9.4,12.27,0.8323,1.08578,0.70923,0.58778,60.227,54.877
"2024-07-16 17:30:00",3072,12.6814,506,1,0.718,8.85,11.07,0.78353,0.97938,0.66328,0.51856,62.092,56.17
"2024-07-16 18:00:00",3073,12.67804,506,1,0.628,7.76,9.66,0.68678,0.85486,0.57819,0.44228,63.196,58.522
"2024-07-16 18:30:00",3074,12.68308,506,1,0.502,6.22,7.7,0.55022,0.68126,0.4647,0.32992,66.377,61.545
"2024-07-16 19:00:00",3075,12.67804,506,1,0.382,4.72,5.88,0.41737,0.5202,0.3516,0.21815,66.983,60.649
"2024-07-16 19:30:00",3076,12.67385,506,1,0.264,3.19,4.14,0.28264,0.36676,0.23253,0.11372,69.448,60.201
"2024-07-16 20:00:00",3077,12.67721,506,1,0.167,1.96,2.71,0.17334,0.23986,0.12938,0.02583,69.748,59.671
"2024-07-16 20:30:00",3078,12.67888,506,1,0.091,1.01,1.54,0.08924,0.1361,0.05055,-0.05225,67.467,56.559
"2024-07-16 21:00:00",3079,12.66881,506,1,0.043,0.36,0.88,0.03174,0.07792,0.0056,-0.09645,67.756,57.411
"2024-07-16 21:30:00",3080,12.66629,506,1,0,-0.22,0.29,-0.02023,0.02605,-0.04809,-0.12611,67.513,57.011
"2024-07-16 22:00:00",3081,12.66713,506,1,-0.021,-0.51,-0.03,-0.04631,-0.00331,-0.06801,-0.15053,66.355,57.103
"2024-07-16 22:30:00",3082,12.66629,506,1,-0.04,-0.77,-0.28,-0.06901,-0.02601,-0.09021,-0.17101,67.802,55.478
"2024-07-16 23:00:00",3083,12.66042,506,1,-0.049,-0.88,-0.43,-0.07865,-0.03937,-0.10567,-0.18069,66.286,56.615
"2024-07-16 23:30:00",3084,12.65874,506,1,-0.063,-1.04,-0.66,-0.09309,-0.05925,-0.11715,-0.19377,65.316,55.38
"2024-07-17 00:00:00",3085,12.66377,506,1,-0.059,-1.04,-0.53,-0.09297,-0.04737,-0.12347,-0.19067,64.775,55.769
"2024-07-17 00:30:00",3086,12.66126,506,1,-0.077,-1.17,-0.91,-0.10473,-0.08115,-0.13159,-0.21841,65.591,53.98
"2024-07-17 01:00:00",3087,12.65454,506,1,-0.09,-1.36,-1.09,-0.12161,-0.09725,-0.14477,-0.22387,65.005,55.583
"2024-07-17 01:30:00",3088,12.65118,506,1,-0.092,-1.38,-1.12,-0.12261,-0.10009,-0.14047,-0.22585,65.728,55.215
"2024-07-17 02:00:00",3089,12.63272,506,1,-0.097,-1.44,-1.19,-0.12811,-0.10643,-0.14843,-0.23465,65.968,55.717
"2024-07-17 02:30:00",3090,12.63943,506,1,-0.099,-1.47,-1.22,-0.13083,-0.10919,-0.14843,-0.22789,64.92,54.818
"2024-07-17 03:00:00",3091,12.64279,506,1,-0.096,-1.47,-1.14,-0.13083,-0.10221,-0.15149,-0.22717,65.355,56.922
"2024-07-17 03:30:00",3092,12.64363,506,1,-0.094,-1.44,-1.11,-0.12811,-0.09911,-0.15149,-0.22789,66.293,54.529
"2024-07-17 04:00:00",3093,12.64279,506,1,-0.096,-1.45,-1.16,-0.12961,-0.10325,-0.14745,-0.22925,65.313,55.371
"2024-07-17 04:30:00",3094,12.63523,506,1,-0.097,-1.45,-1.19,-0.12919,-0.10643,-0.15283,-0.22853,66.463,55.946
"2024-07-17 05:00:00",3095,12.62684,506,1,-0.098,-1.45,-1.23,-0.12961,-0.10999,-0.15013,-0.23261,66.755,54.982
"2024-07-17 05:30:00",3096,12.63523,506,1,-0.101,-1.47,-1.3,-0.13117,-0.11623,-0.15463,-0.23533,66.486,55.811
"2024-07-17 06:00:00",3097,12.63439,506,1,-0.098,-1.44,-1.23,-0.12849,-0.10957,-0.15193,-0.23533,66.539,55.184
"2024-07-17 06:30:00",3098,12.63607,506,1,-0.076,-1.18,-0.89,-0.10507,-0.07949,-0.13167,-0.21041,67.371,55.03
"2024-07-17 07:00:00",3099,12.62096,506,1,-0.023,-0.51,-0.1,-0.04643,-0.00995,-0.07393,-0.15877,68.18,57.249
"2024-07-17 07:30:00",3100,12.63272,506,1,0.125,1.39,2.12,0.12282,0.18775,-99,-0.01179,-99,61.835
"2024-07-17 08:00:00",3101,12.63523,506,1,0.271,3.16,4.41,0.27935,0.3905,-99,0.13233,-99,60.866
"2024-07-17 08:30:00",3102,12.63691,506,1,0.391,4.63,6.29,0.41023,0.55705,0.34454,0.24736,68.971,62.36
"2024-07-17 09:00:00",3103,12.63439,506,1,0.496,5.92,7.91,0.52369,0.70041,0.4408,0.34121,68.801,62.033
"2024-07-17 09:30:00",3104,12.63439,506,1,0.552,6.63,8.74,0.5869,0.77397,0.50286,0.39174,67.41,59.971
"2024-07-17 10:00:00",3105,12.63775,506,1,0.697,8.31,11.12,0.73531,0.98447,0.62808,0.53358,63.394,57.048
"2024-07-17 10:30:00",3106,12.6302,506,1,0.825,9.85,13.14,0.8722,1.16311,0.74585,0.63884,58.994,53.64
"2024-07-17 11:00:00",3107,12.63607,506,1,0.861,10.22,13.8,0.90438,1.22124,0.78346,0.68165,56.934,52.415
"2024-07-17 11:30:00",3108,12.64279,506,1,0.883,10.65,13.9,0.9424,1.23063,0.81091,0.69315,56.635,51.541
"2024-07-17 12:00:00",3109,12.64615,506,1,0.929,11.02,14.88,0.97527,1.31683,0.84797,0.73758,54.196,49.517
"2024-07-17 12:30:00",3110,12.64531,506,1,0.921,10.94,14.75,0.96788,1.30507,0.84599,0.74303,54.315,49.222
"2024-07-17 13:00:00",3111,12.63104,506,1,0.9,10.78,14.29,0.95397,1.26452,0.85151,0.73859,55.969,49.372
"2024-07-17 13:30:00",3112,12.63439,506,1,0.915,11.21,14.19,0.99197,1.25599,0.83881,0.69701,55.803,51.285
"2024-07-17 14:00:00",3113,12.64699,506,1,0.919,11.04,14.55,0.97745,1.28783,0.83965,0.72187,55.233,49.728
"2024-07-17 14:30:00",3114,12.63272,506,1,0.922,11.07,14.59,0.98011,1.29138,0.83893,0.71239,55.805,50.303
"2024-07-17 15:00:00",3115,12.64699,506,1,0.906,10.97,14.22,0.97051,1.25819,0.82668,0.69123,56.291,51.46
"2024-07-17 15:30:00",3116,12.64531,506,1,0.833,10.03,13.14,0.88787,1.16273,0.76046,0.64126,57.106,53.522
"2024-07-17 16:00:00",3117,12.64279,506,1,0.818,9.88,12.88,0.87423,1.14024,0.74786,0.62016,59.241,54.308
"2024-07-17 16:30:00",3118,12.64699,506,1,0.774,9.45,12.03,0.83657,1.0647,0.70707,0.57808,61.164,55.245
"2024-07-17 17:00:00",3119,12.64111,506,1,0.737,9.06,11.37,0.80151,1.00614,0.66868,0.53062,61.014,54.677
"2024-07-17 17:30:00",3120,12.62852,506,1,0.662,8.17,10.18,0.72313,0.90061,0.61132,0.46868,62.64,57.291
"2024-07-17 18:00:00",3121,12.64111,506,1,0.586,7.27,8.97,0.64382,0.79407,0.53654,0.39751,65.956,60.605
"2024-07-17 18:30:00",3122,12.63859,506,1,0.445,5.55,6.78,0.49096,0.60032,0.41348,0.2747,68.407,61.653
"2024-07-17 19:00:00",3123,12.63523,506,1,0.305,3.75,4.7,0.33206,0.4162,0.27312,0.14758,69.718,62.546
"2024-07-17 19:30:00",3124,12.62348,506,1,0.196,2.4,3.03,0.2127,0.26781,0.16988,0.0461,69.147,59.898
"2024-07-17 20:00:00",3125,12.63691,506,1,0.095,1.08,1.59,0.09528,0.14049,0.05924,-0.04683,69.577,59.912
"2024-07-17 20:30:00",3126,12.63439,506,1,0.032,0.2,0.74,0.0175,0.06538,-0.01429,-0.10291,66.799,58.529
"2024-07-17 21:00:00",3127,12.63439,506,1,-0.008,-0.32,0.15,-0.02943,0.01318,-0.05749,-0.13949,65.224,55.971
"2024-07-17 21:30:00",3128,12.62936,506,1,-0.04,-0.74,-0.32,-0.06623,-0.02951,-0.08485,-0.16879,66.499,56.826
"2024-07-17 22:00:00",3129,12.62096,506,1,-0.063,-1.04,-0.64,-0.09327,-0.05793,-0.12101,-0.19857,64.638,55.37
"2024-07-17 22:30:00",3130,12.62348,506,1,-0.088,-1.3,-1.1,-0.11571,-0.09791,-0.13937,-0.23061,65.943,54.18
"2024-07-17 23:00:00",3131,12.60753,506,1,-0.105,-1.51,-1.35,-0.13471,-0.12015,-0.15505,-0.23873,66.119,53.932
"2024-07-17 23:30:00",3132,12.6025,506,1,-0.117,-1.68,-1.53,-0.14919,-0.13667,-0.16969,-0.25365,65.141,54.773
"2024-07-18 00:00:00",3133,12.60082,506,1,-0.124,-1.84,-1.53,-0.16415,-0.13667,-0.17861,-0.25443,66.424,54.394
"2024-07-18 00:30:00",3134,12.61928,506,1,-0.13,-1.87,-1.68,-0.16629,-0.14955,-0.18077,-0.25973,65.694,54.085
"2024-07-18 01:00:00",3135,12.59998,506,1,-0.133,-1.94,-1.68,-0.17275,-0.14955,-0.18971,-0.25973,65.32,53.555
"2024-07-18 01:30:00",3136,12.59914,506,1,-0.131,-1.9,-1.68,-0.16903,-0.14955,-0.18335,-0.25973,65.231,54.869
"2024-07-18 02:00:00",3137,12.60417,506,1,-0.132,-1.91,-1.68,-0.17001,-0.14955,-0.18445,-0.26239,65.477,53.71
"2024-07-18 02:30:00",3138,12.59326,506,1,-0.132,-1.91,-1.69,-0.17001,-0.15007,-0.19025,-0.26401,65.434,54.498
"2024-07-18 03:00:00",3139,12.60417,506,1,-0.136,-1.95,-1.76,-0.17323,-0.15675,-0.19341,-0.26319,65.146,53.949
"2024-07-18 03:30:00",3140,12.59326,506,1,-0.135,-1.94,-1.73,-0.17275,-0.15361,-0.18705,-0.26401,66.338,53.47
"2024-07-18 04:00:00",3141,12.59074,506,1,-0.14,-2.04,-1.76,-0.18125,-0.15675,-0.19807,-0.26401,65.324,54.807
"2024-07-18 04:30:00",3142,12.59914,506,1,-0.136,-1.97,-1.75,-0.17533,-0.15617,-0.19233,-0.26667,64.943,54.682
"2024-07-18 05:00:00",3143,12.59998,506,1,-0.139,-2,-1.79,-0.17805,-0.15929,-0.19547,-0.26581,65.51,53.331
"2024-07-18 05:30:00",3144,12.60333,506,1,-0.142,-2.07,-1.79,-0.18399,-0.15929,-0.19807,-0.26581,65.934,55.576
"2024-07-18 06:00:00",3145,12.59746,506,1,-0.143,-2.07,-1.83,-0.18399,-0.16291,-0.20127,-0.27013,65.702,54.922
"2024-07-18 06:30:00",3146,12.59578,506,1,-0.143,-2.07,-1.84,-0.18399,-0.16345,-0.20127,-0.26477,67.394,55.05
"2024-07-18 07:00:00",3147,12.6025,506,1,-0.135,-1.93,-1.75,-0.17171,-0.15617,-0.18655,-0.26401,66.332,54.98
"2024-07-18 07:30:00",3148,12.58571,506,1,-0.095,-1.44,-1.15,-0.12849,-0.10293,-0.14349,-0.22045,67.173,56.388
"2024-07-18 08:00:00",3149,12.60333,506,1,-0.05,-0.88,-0.44,-0.07913,-0.03989,-0.10085,-0.18069,67.021,57.07
"2024-07-18 08:30:00",3150,12.58487,506,1,0.01,-0.09,0.45,-0.00883,0.04014,-0.04025,-0.12347,68.032,58.61
"2024-07-18 09:00:00",3151,12.5941,506,1,0.19,2.16,3.18,0.19088,0.2818,0.14842,0.0502,69.682,60
"2024-07-18 09:30:00",3152,12.59494,506,1,0.334,3.98,5.34,0.3524,0.47219,0.28604,0.1855,68.366,61.444
"2024-07-18 10:00:00",3153,12.6025,506,1,0.402,4.83,6.36,0.42712,0.56286,0.35802,0.2495,69.687,60.84
"2024-07-18 10:30:00",3154,12.59578,506,1,0.637,7.66,10.08,0.67807,0.89253,0.57416,0.4682,64.654,58.152
"2024-07-18 11:00:00",3155,12.59662,506,1,0.609,7.44,9.48,0.65835,0.83947,0.55255,0.4297,65.047,59.113
"2024-07-18 11:30:00",3156,12.59662,506,1,0.601,7.34,9.34,0.65002,0.82631,0.54932,0.41814,65.844,59.236
"2024-07-18 12:00:00",3157,12.59662,506,1,0.709,8.51,11.22,0.75349,0.99349,0.64488,0.53086,61.704,56.452
"2024-07-18 12:30:00",3158,12.59158,506,1,0.768,9.33,12,0.82605,1.06186,0.69923,0.56748,61.457,56.1
"2024-07-18 13:00:00",3159,12.59914,506,1,0.797,9.66,12.49,0.85505,1.10522,0.71383,0.59522,60.732,54.646
"2024-07-18 13:30:00",3160,12.59578,506,1,0.795,9.68,12.39,0.85642,1.09639,0.71784,0.58987,59.841,54.589
"2024-07-18 14:00:00",3161,12.5899,506,1,0.751,9.15,11.71,0.80989,1.03629,0.68706,0.5481,62.509,56.321
"2024-07-18 14:30:00",3162,12.60166,506,1,0.772,9.33,12.14,0.82547,1.07463,0.70329,0.57538,60.618,55.363
"2024-07-18 15:00:00",3163,12.59746,506,1,0.821,9.93,12.89,0.87917,1.14075,0.74609,0.6211,60.023,54.09
"2024-07-18 15:30:00",3164,12.59662,506,1,0.879,10.46,14.04,0.92569,1.24305,0.79475,0.68336,57.069,51.136
"2024-07-18 16:00:00",3165,12.5941,506,1,0.82,9.93,12.86,0.87879,1.13861,0.74651,0.61292,59.817,53.887
"2024-07-18 16:30:00",3166,12.5983,506,1,0.833,10.1,13.07,0.89359,1.15705,0.75754,0.62072,58.605,53.768
"2024-07-18 17:00:00",3167,12.58571,506,1,0.716,8.78,11.1,0.77669,0.98231,0.65248,0.51652,62.237,57.135
"2024-07-18 17:30:00",3168,12.5941,506,1,0.469,5.91,7.04,0.52324,0.62266,0.43698,0.28686,68.36,61.596
"2024-07-18 18:00:00",3169,12.5941,506,1,0.412,5.11,6.29,0.4526,0.5564,0.37765,0.23591,69.363,61.512
"2024-07-18 18:30:00",3170,12.58487,506,1,0.275,3.46,4.15,0.30647,0.3671,0.24806,0.11332,68.932,61.751
"2024-07-18 19:00:00",3171,12.59158,506,1,0.233,2.89,3.58,0.25614,0.31665,0.20586,0.07302,69.573,60.986
"2024-07-18 19:30:00",3172,12.58906,506,1,0.177,2.16,2.75,0.19144,0.2433,0.1404,0.02352,69.762,59.669
"2024-07-18 20:00:00",3173,12.58823,506,1,0.102,1.2,1.66,0.10662,0.14694,0.06938,-0.05053,68.65,58.811
"2024-07-18 20:30:00",3174,12.58739,506,1,0.018,0.1,0.45,0.00884,0.03999,-0.02323,-0.12273,68.371,56.762
"2024-07-18 21:00:00",3175,12.58823,506,1,-0.03,-0.56,-0.25,-0.05009,-0.02343,-0.07519,-0.17135,67.455,56.936
"2024-07-18 21:30:00",3176,12.58151,506,1,-0.061,-0.96,-0.7,-0.08571,-0.06325,-0.11303,-0.19555,66.788,55.441
"2024-07-18 22:00:00",3177,12.58235,506,1,-0.082,-1.26,-0.97,-0.11225,-0.08701,-0.13041,-0.21779,65.404,55.872
"2024-07-18 22:30:00",3178,12.58151,506,1,-0.095,-1.46,-1.12,-0.12995,-0.10009,-0.14789,-0.22657,67.007,55.655
"2024-07-18 23:00:00",3179,12.57647,506,1,-0.1,-1.49,-1.24,-0.13275,-0.11031,-0.15057,-0.23335,66.467,54.7
"2024-07-18 23:30:00",3180,12.57144,506,1,-0.106,-1.59,-1.28,-0.14181,-0.11383,-0.15955,-0.23947,64.762,54.66
"2024-07-19 00:00:00",3181,12.57647,506,1,-0.107,-1.59,-1.32,-0.14181,-0.11739,-0.15955,-0.23749,66.982,53.541
"2024-07-19 00:30:00",3182,12.57312,506,1,-0.11,-1.6,-1.39,-0.14221,-0.12409,-0.16587,-0.24633,66.534,55.016
"2024-07-19 01:00:00",3183,12.5706,506,1,-0.112,-1.63,-1.43,-0.14503,-0.12727,-0.16587,-0.24557,65.31,54.63
"2024-07-19 01:30:00",3184,12.56724,506,1,-0.115,-1.7,-1.43,-0.15099,-0.12773,-0.16851,-0.24361,66.092,54.319
"2024-07-19 02:00:00",3185,12.55633,506,1,-0.112,-1.63,-1.43,-0.14547,-0.12773,-0.16587,-0.25251,65.005,54.636
"2024-07-19 02:30:00",3186,12.56472,506,1,-0.108,-1.56,-1.4,-0.13909,-0.12453,-0.15997,-0.24095,65.119,53.5
"2024-07-19 03:00:00",3187,12.56556,506,1,-0.11,-1.63,-1.36,-0.14503,-0.12133,-0.16587,-0.24441,65.415,54.309
"2024-07-19 03:30:00",3188,12.56388,506,1,-0.112,-1.62,-1.43,-0.14463,-0.12773,-0.15955,-0.24711,66.659,54.465
"2024-07-19 04:00:00",3189,12.56136,506,1,-0.114,-1.65,-1.47,-0.14733,-0.13085,-0.16221,-0.24981,66.149,54.784
"2024-07-19 04:30:00",3190,12.56052,506,1,-0.096,-1.45,-1.16,-0.12961,-0.10399,-0.15013,-0.23407,65.734,55.628
"2024-07-19 05:00:00",3191,12.55968,506,1,-0.093,-1.4,-1.13,-0.12443,-0.10073,-0.14561,-0.23135,66.727,56.358
"2024-07-19 05:30:00",3192,12.55717,506,1,-0.094,-1.43,-1.13,-0.12723,-0.10073,-0.14521,-0.22523,65.59,55.061
"2024-07-19 06:00:00",3193,12.56052,506,1,-0.079,-1.23,-0.9,-0.10945,-0.08057,-0.12773,-0.21019,66.801,56.689
"2024-07-19 06:30:00",3194,12.55297,506,1,-0.039,-0.73,-0.29,-0.06535,-0.02697,-0.09309,-0.17011,66.954,55.187
"2024-07-19 07:00:00",3195,12.55717,506,1,0.038,0.24,0.88,0.02086,0.07785,-0.00879,-0.09993,67.719,57.613
"2024-07-19 07:30:00",3196,12.55381,506,1,0.194,2.24,3.18,0.19858,0.28177,-99,0.04762,-99,60.944
"2024-07-19 08:00:00",3197,12.54877,506,1,0.415,4.94,6.64,0.43707,0.58778,0.36348,0.26011,69.735,61.972
"2024-07-19 08:30:00",3198,12.55549,506,1,0.503,6.03,7.97,0.5341,0.70558,0.45102,0.33886,68.438,59.999
"2024-07-19 09:00:00",3199,12.54206,506,1,0.601,7.23,9.51,0.63984,0.84184,0.54241,0.43202,66.062,58.46
"2024-07-19 09:30:00",3200,12.55465,506,1,0.695,8.32,11.03,0.73625,0.97638,0.6268,0.51802,64.461,56.177
"2024-07-19 10:00:00",3201,12.55465,506,1,0.754,9.01,11.98,0.79712,1.05988,0.68304,0.57376,61.43,55.493
"2024-07-19 10:30:00",3202,12.55465,506,1,0.798,9.57,12.64,0.84659,1.1184,0.72578,0.61094,60.185,54.668
"2024-07-19 11:00:00",3203,12.55549,506,1,0.816,9.69,13.06,0.85728,1.15628,0.75085,0.64264,59.879,53.115
"2024-07-19 11:30:00",3204,12.54457,506,1,0.864,10.38,13.68,0.91836,1.21043,0.78885,0.66781,57.501,52.4
"2024-07-19 12:00:00",3205,12.55549,506,1,0.867,10.34,13.82,0.91524,1.22292,0.78645,0.67366,57.196,52.096
"2024-07-19 12:30:00",3206,12.55801,506,1,0.867,10.4,13.73,0.92039,1.2156,0.79195,0.67757,56.581,52.312
"2024-07-19 13:00:00",3207,12.56136,506,1,0.837,9.89,13.47,0.87548,1.19199,0.77577,0.68931,56.546,52.019
"2024-07-19 13:30:00",3208,12.56472,506,1,0.918,11.41,14.02,1.00991,1.24089,0.83578,0.6951,54.451,50.861
"2024-07-19 14:00:00",3209,12.56556,506,1,0.907,10.94,14.28,0.96843,1.26369,0.82918,0.70479,56.17,51.07
"2024-07-19 14:30:00",3210,12.5664,506,1,0.884,10.56,14.08,0.93427,1.24623,0.80202,0.68731,55.853,51.171
