"TOA5","CR300Series_510","CR300","1740","CR300.Std.11.00","CPU:CR300_sapflow.CR300","32345","Table1"
"TIMESTAMP","RECORD","BattV_Min","id","SDI0","SapFlwTot0","VhOuter0","VhInner0","AlphaOut0","AlphaIn0","BetaOut0","BetaIn0","tMaxTout0","tMaxTin0"
"TS","RN","Volts","","","literPerHour","heatVelocity","heatVelocity","logTRatio","logTRatio","logTRatio","logTRatio","second","second"
"","","Min","Smp","Smp","Smp","Smp","Smp","Smp","Smp","Smp","Smp","Smp","Smp"
"2024-07-03 14:00:00",118,12.71,510,0,"NAN","NAN","NAN","NAN","NAN","NAN","NAN","NAN","NAN"
"2024-07-03 14:30:00",119,12.96,510,0,0.361,0.74,2.54,0.065,0.225,0.039,0.082,60.8,45.23
"2024-07-03 15:00:00",120,13.02,510,0,0.348,0.63,2.54,0.056,0.225,0.035,0.083,62.26,48.32
"2024-07-03 15:30:00",121,13.01,510,0,0.319,0.41,2.51,0.036,0.222,0.016,0.083,60.31,46.54
"2024-07-03 16:00:00",122,13.01,510,0,0.344,0.61,2.52,0.054,0.223,0.035,0.083,62.16,46.15
"2024-07-03 16:30:00",123,13.01,510,0,0.322,0.53,2.4,0.047,0.212,0.028,0.074,61.54,46.1
"2024-07-03 17:00:00",124,13,510,0,0.312,0.63,2.2,0.056,0.195,0.037,0.066,62.73,45.22
"2024-07-03 17:30:00",125,13,510,0,0.278,0.5,2.03,0.044,0.18,0.028,0.054,61.13,46.77
"2024-07-03 18:00:00",126,13,510,0,0.243,0.46,1.75,0.041,0.155,0.024,0.046,60.79,45.61
"2024-07-03 18:30:00",127,13,510,0,0.213,0.41,1.53,0.037,0.135,0.022,0.035,61.79,44.26
"2024-07-03 19:00:00",128,13,510,0,0.214,0.55,1.38,0.048,0.122,0.031,0.028,60.87,46.26
"2024-07-03 19:30:00",129,12.99,510,0,0.15,0.32,1.04,0.029,0.092,0.016,0.011,60.6,44.06
"2024-07-03 20:00:00",130,12.99,510,0,0.112,0.32,0.69,0.029,0.061,0.016,-0.004,60.19,43.91
"2024-07-03 20:30:00",131,12.99,510,0,0.073,0.23,0.42,0.02,0.037,0.01,-0.015,60.7,44
"2024-07-03 21:00:00",132,12.98,510,0,0.06,0.23,0.3,0.02,0.026,0.012,-0.021,59.9,43.61
"2024-07-03 21:30:00",133,12.98,510,0,0.055,0.28,0.2,0.024,0.018,0.014,-0.021,60.23,42.71
"2024-07-03 22:00:00",134,12.98,510,0,0.043,0.25,0.12,0.022,0.011,0.01,-0.026,59.54,43.41
"2024-07-03 22:30:00",135,12.98,510,0,0.043,0.25,0.12,0.022,0.011,0.014,-0.028,60.14,42.75
"2024-07-03 23:00:00",136,12.97,510,0,0.044,0.28,0.1,0.024,0.009,0.012,-0.026,59.81,43.1
"2024-07-03 23:30:00",137,12.97,510,0,0.035,0.25,0.05,0.022,0.004,0.012,-0.03,61.24,42.71
"2024-07-04 00:00:00",138,12.97,510,0,0.035,0.25,0.05,0.022,0.004,0.012,-0.026,59.58,42.29
"2024-07-04 00:30:00",139,12.97,510,0,0.033,0.23,0.05,0.02,0.004,0.01,-0.03,61.29,42.91
"2024-07-04 01:00:00",140,12.96,510,0,0.033,0.23,0.05,0.02,0.004,0.014,-0.028,59.7,42.98
"2024-07-04 01:30:00",141,12.96,510,0,0.032,0.25,0.02,0.022,0.002,0.01,-0.028,59.47,42.5
"2024-07-04 02:00:00",142,12.96,510,0,0.032,0.21,0.07,0.018,0.007,0.01,-0.026,61.4,43.02
"2024-07-04 02:30:00",143,12.96,510,0,0.035,0.25,0.05,0.022,0.004,0.01,-0.028,60.57,42.87
"2024-07-04 03:00:00",144,12.95,510,0,0.025,0.23,-0.02,0.02,-0.002,0.01,-0.034,60.46,43.59
"2024-07-04 03:30:00",145,12.95,510,0,0.034,0.27,0.02,0.024,0.002,0.014,-0.03,60.59,42.79
"2024-07-04 04:00:00",146,12.95,510,0,0.027,0.23,0,0.02,0,0.012,-0.028,61.5,42.7
"2024-07-04 04:30:00",147,12.95,510,0,0.025,0.25,-0.04,0.022,-0.004,0.01,-0.036,60.84,42.89
"2024-07-04 05:00:00",148,12.95,510,0,0.027,0.23,0,0.02,0,0.012,-0.032,60.12,42.58
"2024-07-04 05:30:00",149,12.95,510,0,0.025,0.23,-0.02,0.02,-0.002,0.014,-0.034,60.54,42.85
"2024-07-04 06:00:00",150,12.95,510,0,0.03,0.25,0,0.022,0,0.01,-0.032,60.42,42.73
"2024-07-04 06:30:00",151,12.95,510,0,0.037,0.27,0.05,0.024,0.004,0.014,-0.028,60.34,42.8
"2024-07-04 07:00:00",152,12.95,510,0,0.05,0.29,0.15,0.026,0.013,0.016,-0.028,61,43.88
"2024-07-04 07:30:00",153,12.95,510,0,0.069,0.25,0.37,0.022,0.033,0.012,-0.015,60.98,43.43
"2024-07-04 08:00:00",154,12.95,510,0,0.1,0.31,0.59,0.028,0.052,0.016,-0.007,61.84,44.04
"2024-07-04 08:30:00",155,12.95,510,0,0.135,0.36,0.86,0.032,0.076,0.021,0.006,62.64,43.85
"2024-07-04 09:00:00",156,12.94,510,0,0.188,0.45,1.25,0.04,0.111,0.024,0.024,61.46,45.17
"2024-07-04 09:30:00",157,12.95,510,0,0.255,0.52,1.79,0.046,0.158,0.029,0.047,62.94,45
"2024-07-04 10:00:00",158,12.95,510,0,0.3,0.58,2.15,0.052,0.19,0.035,0.065,62.74,46.61
"2024-07-04 10:30:00",159,12.95,510,0,0.318,0.49,2.41,0.043,0.214,0.027,0.08,62.85,46.97
"2024-07-04 11:00:00",160,12.95,510,0,0.349,0.54,2.64,0.048,0.233,0.029,0.092,62.47,47.43
"2024-07-04 11:30:00",161,12.95,510,0,0.365,0.67,2.65,0.059,0.235,0.034,0.089,62.91,46.22
"2024-07-04 12:00:00",162,12.95,510,0,0.35,0.45,2.75,0.04,0.243,0.021,0.094,62.44,46.84
"2024-07-04 12:30:00",163,12.96,510,0,0.402,0.81,2.84,0.071,0.251,0.049,0.097,64.32,46.13
"2024-07-04 13:00:00",164,12.96,510,0,0.283,-0.08,2.71,-0.008,0.24,-0.011,0.1,62.26,46.82
"2024-07-04 13:30:00",165,12.96,510,0,0.4,0.7,2.94,0.062,0.26,0.038,0.104,61.81,47.2
"2024-07-04 14:00:00",166,12.96,510,0,0.393,0.72,2.85,0.064,0.252,0.034,0.1,62.72,47.28
"2024-07-04 14:30:00",167,12.96,510,0,0.316,0.41,2.48,0.036,0.219,0.014,0.078,59.72,45.52
"2024-07-04 15:00:00",168,12.96,510,0,0.308,0.71,2.08,0.063,0.184,0.044,0.061,62.86,45.6
"2024-07-04 15:30:00",169,12.95,510,0,0.354,0.68,2.54,0.06,0.225,0.042,0.085,63.76,46.66
"2024-07-04 16:00:00",170,12.95,510,0,0.348,0.67,2.49,0.059,0.221,0.037,0.079,64.73,46.55
"2024-07-04 16:30:00",171,12.95,510,0,0.31,0.47,2.36,0.041,0.209,0.027,0.076,63.63,46.53
"2024-07-04 17:00:00",172,12.95,510,0,0.318,0.59,2.3,0.052,0.204,0.033,0.072,62.22,46.78
"2024-07-04 17:30:00",173,12.95,510,0,0.28,0.44,2.11,0.039,0.187,0.022,0.061,62.15,46.04
"2024-07-04 18:00:00",174,12.96,510,0,0.281,0.62,1.93,0.055,0.171,0.034,0.05,62.41,45.16
"2024-07-04 18:30:00",175,12.95,510,0,0.193,0.28,1.48,0.025,0.131,0.006,0.03,60.11,45.23
"2024-07-04 19:00:00",176,12.95,510,0,0.145,0.37,0.94,0.033,0.083,0.018,0.007,61.83,43.64
"2024-07-04 19:30:00",177,12.95,510,0,0.113,0.21,0.82,0.018,0.072,0.006,0,60.03,44.73
"2024-07-04 20:00:00",178,12.95,510,0,0.086,0.21,0.57,0.018,0.05,0.004,-0.006,61.7,43.6
"2024-07-04 20:30:00",179,12.95,510,0,0.07,0.23,0.4,0.021,0.035,0.008,-0.011,60.09,43.13
"2024-07-04 21:00:00",180,12.94,510,0,0.057,0.25,0.25,0.022,0.022,0.012,-0.021,61.27,42.92
"2024-07-04 21:30:00",181,12.94,510,0,0.049,0.23,0.2,0.021,0.018,0.01,-0.023,60.09,43.39
"2024-07-04 22:00:00",182,12.94,510,0,0.027,0.12,0.12,0.01,0.011,0.004,-0.027,60.76,42.97
"2024-07-04 22:30:00",183,12.94,510,0,0.035,0.19,0.12,0.016,0.011,0.004,-0.027,60.45,43.18
"2024-07-04 23:00:00",184,12.93,510,0,0.038,0.23,0.1,0.02,0.009,0.012,-0.028,61.01,43.07
"2024-07-04 23:30:00",185,12.93,510,0,0.026,0.16,0.07,0.014,0.007,0.002,-0.029,60.47,43.77
"2024-07-05 00:00:00",186,12.93,510,0,0.026,0.16,0.07,0.014,0.007,0.004,-0.027,60.49,43.21
"2024-07-05 00:30:00",187,12.93,510,0,0.03,0.19,0.07,0.016,0.007,0.004,-0.027,61.13,43.19
"2024-07-05 01:00:00",188,12.92,510,0,0.033,0.16,0.13,0.014,0.011,0.004,-0.025,60.16,43.04
"2024-07-05 01:30:00",189,12.92,510,0,0.028,0.19,0.05,0.016,0.004,0.006,-0.027,61.57,43.05
"2024-07-05 02:00:00",190,12.92,510,0,0.027,0.21,0.02,0.018,0.002,0.006,-0.031,60.69,42.74
"2024-07-05 02:30:00",191,12.92,510,0,0.019,0.16,0,0.014,0,0.006,-0.029,60.67,42.88
"2024-07-05 03:00:00",192,12.92,510,0,0.027,0.21,0.02,0.018,0.002,0.01,-0.029,59.96,43.67
"2024-07-05 03:30:00",193,12.91,510,0,0.019,0.16,0,0.014,0,0.004,-0.031,61.29,43.35
"2024-07-05 04:00:00",194,12.91,510,0,0.011,0.16,-0.07,0.014,-0.007,0.004,-0.036,60.74,42.78
"2024-07-05 04:30:00",195,12.91,510,0,0.025,0.21,0,0.018,0,0.01,-0.031,61,42.79
"2024-07-05 05:00:00",196,12.91,510,0,0.023,0.21,-0.02,0.019,-0.002,0.01,-0.036,59.78,42.49
"2024-07-05 05:30:00",197,12.91,510,0,0.023,0.21,-0.02,0.019,-0.002,0.008,-0.034,60.28,43.32
"2024-07-05 06:00:00",198,12.91,510,0,0.017,0.16,-0.02,0.014,-0.002,0.004,-0.033,60.18,42.38
"2024-07-05 06:30:00",199,12.9,510,0,0.025,0.19,0.02,0.016,0.002,0.006,-0.029,60.97,43.27
"2024-07-05 07:00:00",200,12.9,510,0,0.035,0.23,0.07,0.02,0.007,0.01,-0.031,61.43,43.06
"2024-07-05 07:30:00",201,12.9,510,0,0.058,0.22,0.3,0.02,0.026,0.01,-0.019,62.28,43.09
"2024-07-05 08:00:00",202,12.9,510,0,0.089,0.3,0.5,0.027,0.044,0.014,-0.012,62.03,43.51
"2024-07-05 08:30:00",203,12.9,510,0,0.137,0.32,0.92,0.028,0.081,0.012,0.009,62.58,44.63
"2024-07-05 09:00:00",204,12.9,510,0,0.212,0.45,1.47,0.04,0.13,0.027,0.03,62.89,45.35
"2024-07-05 09:30:00",205,12.9,510,0,0.244,0.43,1.79,0.038,0.159,0.02,0.047,62.43,45.31
"2024-07-05 10:00:00",206,12.9,510,0,0.286,0.52,2.08,0.046,0.184,0.029,0.06,64.68,46.47
"2024-07-05 10:30:00",207,12.9,510,0,0.293,0.37,2.31,0.033,0.205,0.014,0.075,62.34,45.65
"2024-07-05 11:00:00",208,12.91,510,0,0.339,0.53,2.56,0.047,0.227,0.026,0.084,63.24,46.54
"2024-07-05 11:30:00",209,12.91,510,0,0.269,-0.08,2.58,-0.008,0.228,-0.022,0.088,61.88,47.26
"2024-07-05 12:00:00",210,12.91,510,0,0.314,0.16,2.74,0.014,0.242,-0.002,0.095,61.65,47.04
"2024-07-05 12:30:00",211,12.91,510,0,0.327,0.5,2.48,0.044,0.219,0.024,0.079,61.86,46.27
"2024-07-05 13:00:00",212,12.91,510,0,0.221,-0.35,2.43,-0.032,0.215,-0.033,0.082,63.5,47.24
"2024-07-05 13:30:00",213,12.91,510,0,0.298,0.41,2.31,0.036,0.205,0.016,0.07,61.49,45.64
"2024-07-05 14:00:00",214,12.91,510,0,0.254,0.05,2.3,0.004,0.204,-0.01,0.073,60.72,46.11
"2024-07-05 14:30:00",215,12.91,510,0,0.272,0.42,2.06,0.037,0.182,0.02,0.058,62.6,46.32
"2024-07-05 15:00:00",216,12.91,510,0,0.261,0.5,1.87,0.045,0.165,0.026,0.051,61.99,45.29
"2024-07-05 15:30:00",217,12.91,510,0,0.236,0.19,1.98,0.017,0.175,0.002,0.053,61.89,46.02
"2024-07-05 16:00:00",218,12.91,510,0,0.243,0.33,1.89,0.03,0.167,0.01,0.051,61.25,45.81
"2024-07-05 16:30:00",219,12.91,510,0,0.31,0.44,2.39,0.039,0.212,0.016,0.074,61.64,46.36
"2024-07-05 17:00:00",220,12.91,510,0,0.349,0.66,2.51,0.058,0.222,0.04,0.086,63.92,46.83
"2024-07-05 17:30:00",221,12.91,510,0,0.322,0.59,2.34,0.052,0.208,0.035,0.075,64.35,46.44
"2024-07-05 18:00:00",222,12.91,510,0,0.275,0.39,2.12,0.035,0.188,0.018,0.062,62.09,45
"2024-07-05 18:30:00",223,12.91,510,0,0.235,0.38,1.76,0.034,0.156,0.014,0.043,61.21,45.62
"2024-07-05 19:00:00",224,12.91,510,0,0.202,0.35,1.49,0.031,0.131,0.016,0.032,61.63,45.37
"2024-07-05 19:30:00",225,12.91,510,0,0.167,0.3,1.22,0.027,0.108,0.01,0.023,62.28,44.19
"2024-07-05 20:00:00",226,12.91,510,0,0.121,0.23,0.87,0.021,0.077,0.008,0.004,60.92,43.82
"2024-07-05 20:30:00",227,12.9,510,0,0.1,0.3,0.6,0.027,0.053,0.016,-0.006,62.2,43.29
"2024-07-05 21:00:00",228,12.9,510,0,0.065,0.23,0.35,0.021,0.031,0.008,-0.015,60.71,43.46
"2024-07-05 21:30:00",229,12.9,510,0,0.049,0.19,0.25,0.017,0.022,0.004,-0.019,60.25,43.15
"2024-07-05 22:00:00",230,12.9,510,0,0.039,0.19,0.15,0.017,0.013,0.006,-0.027,59.99,42.48
"2024-07-05 22:30:00",231,12.9,510,0,0.039,0.19,0.15,0.017,0.013,0.008,-0.023,60.36,43.1
"2024-07-05 23:00:00",232,12.89,510,0,0.031,0.19,0.08,0.017,0.007,0.006,-0.027,61.53,42.92
"2024-07-05 23:30:00",233,12.89,510,0,0.028,0.16,0.08,0.014,0.007,0.004,-0.027,60.8,43.12
"2024-07-06 00:00:00",234,12.89,510,0,0.027,0.21,0.02,0.019,0.002,0.008,-0.033,60.61,42.82
"2024-07-06 00:30:00",235,12.89,510,0,0.027,0.21,0.02,0.018,0.002,0.004,-0.031,61.08,42.98
"2024-07-06 01:00:00",236,12.89,510,0,0.025,0.19,0.02,0.016,0.002,0.008,-0.029,61.75,42.82
"2024-07-06 01:30:00",237,12.88,510,0,0.03,0.21,0.05,0.018,0.004,0.01,-0.029,60.15,43.19
"2024-07-06 02:00:00",238,12.88,510,0,0.028,0.16,0.08,0.014,0.007,0.002,-0.027,61.78,43.69
"2024-07-06 02:30:00",239,12.88,510,0,0.028,0.16,0.08,0.014,0.007,0.002,-0.025,61.14,42.36
"2024-07-06 03:00:00",240,12.88,510,0,0.022,0.14,0.05,0.012,0.004,0.002,-0.031,61.03,43.24
"2024-07-06 03:30:00",241,12.88,510,0,0.021,0.16,0.02,0.014,0.002,0.006,-0.029,60.96,42.61
"2024-07-06 04:00:00",242,12.88,510,0,0.025,0.19,0.02,0.016,0.002,0.006,-0.027,61.07,43.54
"2024-07-06 04:30:00",243,12.88,510,0,0.019,0.14,0.02,0.012,0.002,0.002,-0.031,60.77,43.09
"2024-07-06 05:00:00",244,12.87,510,0,0.02,0.19,-0.02,0.017,-0.002,0.008,-0.031,60.5,42.82
"2024-07-06 05:30:00",245,12.87,510,0,0.014,0.14,-0.02,0.012,-0.002,0.002,-0.029,61.72,43.37
"2024-07-06 06:00:00",246,12.87,510,0,0.022,0.19,0,0.016,0,0.006,-0.031,60.81,43.54
"2024-07-06 06:30:00",247,12.87,510,0,0.028,0.19,0.05,0.016,0.004,0.006,-0.027,62.11,42.35
"2024-07-06 07:00:00",248,12.87,510,0,0.033,0.16,0.13,0.014,0.011,0.004,-0.027,60.54,43.69
"2024-07-06 07:30:00",249,12.87,510,0,0.049,0.14,0.3,0.012,0.027,0.002,-0.017,60.71,43.6
"2024-07-06 08:00:00",250,12.87,510,0,0.095,0.23,0.63,0.02,0.056,0.012,-0.004,62.05,44.11
"2024-07-06 08:30:00",251,12.87,510,0,0.169,0.35,1.18,0.031,0.104,0.014,0.019,61.63,44.52
"2024-07-06 09:00:00",252,12.87,510,0,0.217,0.35,1.63,0.031,0.144,0.014,0.042,61.63,45.77
"2024-07-06 09:30:00",253,12.87,510,0,0.254,0.37,1.95,0.033,0.173,0.014,0.055,61.51,46.07
"2024-07-06 10:00:00",254,12.87,510,0,0.269,0.35,2.11,0.031,0.187,0.012,0.061,62.3,45.86
"2024-07-06 10:30:00",255,12.87,510,0,0.304,0.42,2.36,0.037,0.209,0.018,0.074,62.75,46.06
"2024-07-06 11:00:00",256,12.87,510,0,0.336,0.51,2.56,0.045,0.227,0.026,0.083,62.92,46.23
"2024-07-06 11:30:00",257,12.87,510,0,0.32,0.28,2.66,0.025,0.235,0.004,0.087,63.32,46.78
"2024-07-06 12:00:00",258,12.87,510,0,0.304,0.23,2.57,0.02,0.227,0.006,0.086,61.08,46.88
"2024-07-06 12:30:00",259,12.87,510,0,0.355,0.56,2.68,0.049,0.238,0.03,0.089,62.84,46.57
"2024-07-06 13:00:00",260,12.87,510,0,0.099,-1.37,2.42,-0.122,0.214,-0.132,0.075,60.96,46.36
"2024-07-06 13:30:00",261,12.87,510,0,0.348,0.58,2.59,0.051,0.23,0.03,0.084,62.14,46.55
"2024-07-06 14:00:00",262,12.87,510,0,0.265,-0.11,2.58,-0.01,0.228,-0.022,0.086,61.03,46.01
"2024-07-06 14:30:00",263,12.87,510,0,0.301,0.54,2.2,0.048,0.195,0.024,0.066,61.88,45.45
"2024-07-06 15:00:00",264,12.87,510,0,0.288,0.49,2.13,0.043,0.188,0.028,0.06,61.57,45.86
"2024-07-06 15:30:00",265,12.87,510,0,0.258,0.27,2.1,0.024,0.185,0.012,0.062,63.64,46.12
"2024-07-06 16:00:00",266,12.87,510,0,0.286,0.35,2.27,0.031,0.201,0.014,0.071,61.88,45.6
"2024-07-06 16:30:00",267,12.87,510,0,0.263,0.29,2.12,0.025,0.187,0.004,0.061,61.65,45.8
"2024-07-06 17:00:00",268,12.87,510,0,0.199,0.18,1.65,0.016,0.146,0.002,0.043,61.55,45.69
"2024-07-06 17:30:00",269,12.87,510,0,0.261,0.38,2,0.034,0.177,0.016,0.057,60.28,45.66
"2024-07-06 18:00:00",270,12.87,510,0,0.216,0.31,1.66,0.027,0.147,0.012,0.04,61.62,45.09
"2024-07-06 18:30:00",271,12.87,510,0,0.226,0.67,1.36,0.06,0.121,0.041,0.03,64.05,44.2
"2024-07-06 19:00:00",272,12.86,510,0,0.108,0.14,0.85,0.013,0.076,0.002,0.006,59.62,44.44
"2024-07-06 19:30:00",273,12.86,510,0,0.07,0.14,0.5,0.013,0.045,0.002,-0.012,59.85,43.58
"2024-07-06 20:00:00",274,12.86,510,0,0.065,0.23,0.35,0.02,0.031,0.01,-0.017,61.42,43.23
"2024-07-06 20:30:00",275,12.86,510,0,0.039,0.12,0.23,0.01,0.02,0,-0.021,60.62,43.09
"2024-07-06 21:00:00",276,12.86,510,0,0.039,0.19,0.15,0.016,0.013,0.006,-0.021,60.72,42.77
"2024-07-06 21:30:00",277,12.85,510,0,0.038,0.23,0.1,0.021,0.009,0.01,-0.025,61.66,42.62
"2024-07-06 22:00:00",278,12.85,510,0,0.028,0.19,0.05,0.016,0.004,0.004,-0.031,61.95,43.17
"2024-07-06 22:30:00",279,12.85,510,0,0.02,0.12,0.05,0.01,0.004,0,-0.029,61.25,42.89
"2024-07-06 23:00:00",280,12.85,510,0,0.038,0.25,0.08,0.023,0.007,0.012,-0.027,60.32,42.52
"2024-07-06 23:30:00",281,12.85,510,0,0.022,0.14,0.05,0.012,0.004,0.002,-0.029,60.41,43.3
"2024-07-07 00:00:00",282,12.85,510,0,0.019,0.14,0.02,0.012,0.002,0.004,-0.031,61.09,42.58
"2024-07-07 00:30:00",283,12.85,510,0,0.013,0.09,0.02,0.008,0.002,0,-0.027,60.93,41.9
"2024-07-07 01:00:00",284,12.84,510,0,0.016,0.12,0.02,0.01,0.002,0.004,-0.027,60.54,42.85
"2024-07-07 01:30:00",285,12.84,510,0,0.011,0.09,0,0.008,0,-0.002,-0.033,60.58,43.72
"2024-07-07 02:00:00",286,12.84,510,0,0.014,0.12,0,0.01,0,0.002,-0.029,62.02,42.99
"2024-07-07 02:30:00",287,12.84,510,0,0.013,0.09,0.02,0.008,0.002,-0.002,-0.029,60.36,42.81
"2024-07-07 03:00:00",288,12.84,510,0,0.006,0.07,-0.02,0.006,-0.002,0,-0.029,60.49,42.54
"2024-07-07 03:30:00",289,12.83,510,0,0.011,0.09,0,0.008,0,0,-0.029,60.87,43.07
"2024-07-07 04:00:00",290,12.84,510,0,0.016,0.12,0.02,0.01,0.002,0.002,-0.031,60.43,43.05
"2024-07-07 04:30:00",291,12.83,510,0,0.008,0.09,-0.02,0.008,-0.002,0,-0.031,61.47,43.36
"2024-07-07 05:00:00",292,12.83,510,0,0.01,0.12,-0.04,0.01,-0.004,0.002,-0.033,60.75,42.8
"2024-07-07 05:30:00",293,12.83,510,0,0.004,0.07,-0.04,0.006,-0.004,-0.002,-0.031,60.95,42.73
"2024-07-07 06:00:00",294,12.83,510,0,0.009,0.14,-0.07,0.012,-0.007,0.002,-0.033,60.47,42.11
"2024-07-07 06:30:00",295,12.83,510,0,0.014,0.14,-0.02,0.012,-0.002,0.006,-0.029,62.36,43.58
"2024-07-07 07:00:00",296,12.83,510,0,0.052,0.12,0.35,0.01,0.031,0,-0.019,61.4,44.28
"2024-07-07 07:30:00",297,12.83,510,0,0.091,0.21,0.61,0.019,0.054,0.004,-0.004,60.63,43.51
"2024-07-07 08:00:00",298,12.83,510,0,0.098,0.21,0.68,0.019,0.061,0.006,-0.002,61.4,44.44
"2024-07-07 08:30:00",299,12.83,510,0,0.156,0.35,1.06,0.031,0.094,0.016,0.015,61.88,44.09
"2024-07-07 09:00:00",300,12.83,510,0,0.192,0.33,1.42,0.029,0.125,0.016,0.029,62.25,44.97
"2024-07-07 09:30:00",301,12.82,510,0,0.223,0.39,1.64,0.035,0.145,0.02,0.038,63.4,45.71
"2024-07-07 10:00:00",302,12.82,510,0,0.244,0.4,1.82,0.035,0.161,0.02,0.05,62.34,46.05
"2024-07-07 10:30:00",303,12.82,510,0,0.234,0.37,1.76,0.033,0.156,0.016,0.048,62.33,45.22
"2024-07-07 11:00:00",304,12.82,510,0,0.24,0.37,1.82,0.033,0.161,0.018,0.052,61.31,45.43
"2024-07-07 11:30:00",305,12.83,510,0,0.246,0.21,2.05,0.018,0.181,0.002,0.061,62.58,46.29
"2024-07-07 12:00:00",306,12.82,510,0,0.367,0.84,2.48,0.075,0.219,0.056,0.083,63.39,46.28
"2024-07-07 12:30:00",307,12.82,510,0,0.352,0.58,2.63,0.051,0.233,0.028,0.087,63.57,46.72
"2024-07-07 13:00:00",308,12.83,510,0,0.14,-1.02,2.42,-0.091,0.214,-0.093,0.08,59.27,46.88
"2024-07-07 13:30:00",309,12.83,510,0,0.323,0.47,2.48,0.042,0.219,0.022,0.078,62.15,46.72
"2024-07-07 14:00:00",310,12.83,510,0,0.33,0.56,2.45,0.05,0.217,0.031,0.081,63.84,45.91
"2024-07-07 14:30:00",311,12.83,510,0,0.322,0.35,2.6,0.031,0.23,0.012,0.087,63.43,46.89
"2024-07-07 15:00:00",312,12.83,510,0,0.325,0.51,2.45,0.045,0.217,0.024,0.077,62.69,46.99
"2024-07-07 15:30:00",313,12.83,510,0,0.315,0.53,2.34,0.047,0.207,0.028,0.071,61.96,45.27
"2024-07-07 16:00:00",314,12.83,510,0,0.278,0.47,2.06,0.041,0.182,0.022,0.059,62.67,45.97
"2024-07-07 16:30:00",315,12.83,510,0,0.246,0.26,2,0.023,0.177,0.004,0.057,62.19,45.5
"2024-07-07 17:00:00",316,12.83,510,0,0.242,0.26,1.96,0.023,0.173,0.01,0.055,62.18,46.32
"2024-07-07 17:30:00",317,12.83,510,0,0.226,0.26,1.81,0.023,0.16,0.004,0.047,61.91,45.48
"2024-07-07 18:00:00",318,12.83,510,0,0.205,0.33,1.54,0.029,0.136,0.014,0.036,60.99,45.13
"2024-07-07 18:30:00",319,12.83,510,0,0.133,0.23,0.98,0.021,0.086,0.012,0.011,60.55,44.27
"2024-07-07 19:00:00",320,12.83,510,0,0.06,0.02,0.53,0.002,0.047,-0.008,-0.008,60.76,44.06
"2024-07-07 19:30:00",321,12.82,510,0,0.068,0.23,0.38,0.021,0.034,0.01,-0.013,61.34,42.98
"2024-07-07 20:00:00",322,12.82,510,0,0.055,0.21,0.28,0.019,0.025,0.006,-0.019,61.62,43.25
"2024-07-07 20:30:00",323,12.82,510,0,0.033,0.14,0.15,0.013,0.013,0.004,-0.023,60.26,43.14
"2024-07-07 21:00:00",324,12.82,510,0,0.025,0.14,0.08,0.012,0.007,0.004,-0.029,60.31,43.03
"2024-07-07 21:30:00",325,12.82,510,0,0.027,0.14,0.1,0.013,0.009,0.002,-0.029,60.94,42.17
"2024-07-07 22:00:00",326,12.81,510,0,0.031,0.14,0.13,0.012,0.011,0.004,-0.027,60.79,43.26
"2024-07-07 22:30:00",327,12.81,510,0,0.024,0.16,0.05,0.014,0.004,0.002,-0.025,60.67,42.55
"2024-07-07 23:00:00",328,12.81,510,0,0.022,0.19,0,0.017,0,0.004,-0.031,60.49,42.54
"2024-07-07 23:30:00",329,12.81,510,0,0.024,0.16,0.05,0.015,0.004,0.002,-0.027,60.8,42.59
"2024-07-08 00:00:00",330,12.8,510,0,0.019,0.14,0.02,0.012,0.002,0.004,-0.031,60.62,42.65
"2024-07-08 00:30:00",331,12.8,510,0,0.012,0.14,-0.04,0.012,-0.004,0.002,-0.033,60.9,42.95
"2024-07-08 01:00:00",332,12.8,510,0,0.015,0.16,-0.04,0.015,-0.005,0.004,-0.033,60.56,42.86
"2024-07-08 01:30:00",333,12.8,510,0,0.015,0.16,-0.04,0.014,-0.005,0.004,-0.031,60.51,42.81
"2024-07-08 02:00:00",334,12.8,510,0,0.011,0.16,-0.07,0.015,-0.007,0.006,-0.031,61.24,43.28
"2024-07-08 02:30:00",335,12.8,510,0,0.012,0.14,-0.04,0.012,-0.005,0.006,-0.031,61.33,42.13
"2024-07-08 03:00:00",336,12.8,510,0,0.02,0.19,-0.02,0.017,-0.002,0.006,-0.031,60.98,43.44
"2024-07-08 03:30:00",337,12.79,510,0,0.009,0.14,-0.07,0.012,-0.007,0.002,-0.031,59.81,42.27
"2024-07-08 04:00:00",338,12.79,510,0,0.02,0.19,-0.02,0.017,-0.002,0.004,-0.031,61.27,43.47
"2024-07-08 04:30:00",339,12.79,510,0,0.01,0.12,-0.04,0.01,-0.005,0.006,-0.033,60.08,42.69
"2024-07-08 05:00:00",340,12.79,510,0,0.015,0.16,-0.04,0.015,-0.005,0.006,-0.033,61.01,43.05
"2024-07-08 05:30:00",341,12.79,510,0,0.003,0.09,-0.07,0.008,-0.007,0.004,-0.031,59.96,43.1
"2024-07-08 06:00:00",342,12.79,510,0,0.012,0.14,-0.04,0.012,-0.005,0.002,-0.031,60.92,42.81
"2024-07-08 06:30:00",343,12.79,510,0,0.028,0.16,0.08,0.014,0.007,0.006,-0.029,61.49,42.71
"2024-07-08 07:00:00",344,12.79,510,0,0.046,0.21,0.2,0.019,0.018,0.006,-0.023,61.18,43.38
"2024-07-08 07:30:00",345,12.79,510,0,0.046,0.16,0.25,0.014,0.022,0.004,-0.019,61.48,43.53
"2024-07-08 08:00:00",346,12.79,510,0,0.06,0.21,0.33,0.019,0.029,0.01,-0.017,61.53,42.75
"2024-07-08 08:30:00",347,12.79,510,0,0.093,0.21,0.63,0.018,0.056,0.008,-0.002,61.3,43.77
"2024-07-08 09:00:00",348,12.79,510,0,0.165,0.32,1.18,0.029,0.105,0.014,0.019,63.08,44.45
"2024-07-08 09:30:00",349,12.78,510,0,0.213,0.4,1.54,0.035,0.136,0.023,0.04,63.57,46.3
"2024-07-08 10:00:00",350,12.78,510,0,0.213,0.26,1.69,0.023,0.149,0.008,0.04,61.86,44.48
"2024-07-08 10:30:00",351,12.79,510,0,0.223,0.23,1.82,0.021,0.161,0.006,0.049,61.28,46.24
"2024-07-08 11:00:00",352,12.79,510,0,0.306,0.66,2.11,0.058,0.187,0.041,0.065,65.39,46.35
"2024-07-08 11:30:00",353,12.79,510,0,0.243,0.35,1.87,0.031,0.166,0.014,0.051,63.75,45.56
"2024-07-08 12:00:00",354,12.79,510,0,0.335,1.08,1.92,0.095,0.17,0.077,0.055,65.76,46.57
"2024-07-08 12:30:00",355,12.79,510,0,0.289,0.55,2.08,0.049,0.184,0.029,0.059,62.64,45.37
"2024-07-08 13:00:00",356,12.79,510,0,0.234,0.29,1.85,0.026,0.164,0.01,0.046,60.16,45.27
"2024-07-08 13:30:00",357,12.79,510,0,0.222,0.32,1.71,0.029,0.152,0.016,0.046,62.16,44.88
"2024-07-08 14:00:00",358,12.79,510,0,0.23,0.31,1.79,0.027,0.159,0.01,0.046,61.36,44.81
"2024-07-08 14:30:00",359,12.79,510,0,0.249,0.37,1.9,0.033,0.169,0.016,0.051,62.12,45.99
"2024-07-08 15:00:00",360,12.79,510,0,0.229,0.26,1.84,0.023,0.163,0.008,0.044,60.83,44.96
"2024-07-08 15:30:00",361,12.79,510,0,0.223,0.31,1.73,0.027,0.153,0.01,0.044,62.43,44.9
"2024-07-08 16:00:00",362,12.79,510,0,0.254,0.49,1.82,0.043,0.161,0.026,0.046,62.02,46.15
"2024-07-08 16:30:00",363,12.79,510,0,0.221,0.36,1.65,0.032,0.146,0.012,0.038,61.57,45.54
"2024-07-08 17:00:00",364,12.78,510,0,0.214,0.35,1.6,0.031,0.141,0.014,0.036,61.32,44.87
"2024-07-08 17:30:00",365,12.78,510,0,0.189,0.3,1.42,0.027,0.125,0.01,0.031,60.57,44.69
"2024-07-08 18:00:00",366,12.78,510,0,0.151,0.33,1.04,0.029,0.092,0.016,0.015,62.15,44.89
"2024-07-08 18:30:00",367,12.78,510,0,0.138,0.26,0.99,0.023,0.087,0.008,0.012,62.12,44.33
"2024-07-08 19:00:00",368,12.78,510,0,0.133,0.24,0.97,0.021,0.085,0.006,0.01,60.48,43.61
"2024-07-08 19:30:00",369,12.78,510,0,0.107,0.26,0.71,0.023,0.063,0.008,0,61.04,43.92
"2024-07-08 20:00:00",370,12.78,510,0,0.058,0.14,0.38,0.012,0.033,0.004,-0.015,61.3,43.1
"2024-07-08 20:30:00",371,12.78,510,0,0.025,0.09,0.13,0.008,0.011,-0.004,-0.025,60.82,42.05
"2024-07-08 21:00:00",372,12.78,510,0,0.012,0.07,0.03,0.006,0.002,-0.002,-0.031,59.61,43.16
"2024-07-08 21:30:00",373,12.77,510,0,0.02,0.14,0.03,0.013,0.002,0.004,-0.027,60.57,42.6
"2024-07-08 22:00:00",374,12.77,510,0,0.008,0.09,-0.02,0.008,-0.002,0.002,-0.029,60.66,43.11
"2024-07-08 22:30:00",375,12.77,510,0,0.008,0.09,-0.02,0.008,-0.002,0,-0.031,60.45,42.91
"2024-07-08 23:00:00",376,12.77,510,0,0.008,0.09,-0.02,0.008,-0.002,0,-0.031,60.83,43.28
"2024-07-08 23:30:00",377,12.77,510,0,0.004,0.12,-0.09,0.011,-0.009,-0.002,-0.033,59.67,42.54
"2024-07-09 00:00:00",378,12.76,510,0,0.015,0.16,-0.04,0.015,-0.005,0.002,-0.033,60.64,42.41
"2024-07-09 00:30:00",379,12.76,510,0,0.007,0.12,-0.07,0.01,-0.007,0,-0.035,61.22,42.28
"2024-07-09 01:00:00",380,12.76,510,0,0.014,0.14,-0.02,0.012,-0.002,0.002,-0.031,60.82,42.44
"2024-07-09 01:30:00",381,12.76,510,0,0.003,0.09,-0.07,0.008,-0.007,-0.002,-0.033,61.08,42.71
"2024-07-09 02:00:00",382,12.76,510,0,0.016,0.17,-0.04,0.015,-0.005,0.006,-0.031,60.07,42.36
"2024-07-09 02:30:00",383,12.76,510,0,0.004,0.12,-0.09,0.01,-0.009,0.002,-0.035,61.07,42.69
"2024-07-09 03:00:00",384,12.76,510,0,0.012,0.14,-0.04,0.013,-0.005,0.004,-0.035,61.14,43.44
"2024-07-09 03:30:00",385,12.76,510,0,0.004,0.14,-0.12,0.013,-0.011,0.004,-0.035,61.1,42.88
"2024-07-09 04:00:00",386,12.76,510,0,0.001,0.14,-0.14,0.013,-0.014,0.002,-0.037,60.69,42.88
"2024-07-09 04:30:00",387,12.75,510,0,0.004,0.12,-0.09,0.01,-0.009,0,-0.033,61.56,42.76
"2024-07-09 05:00:00",388,12.75,510,0,0.001,0.12,-0.12,0.011,-0.011,0,-0.035,60.89,42.25
"2024-07-09 05:30:00",389,12.75,510,0,0.007,0.17,-0.12,0.015,-0.011,0.004,-0.037,61.31,43.08
"2024-07-09 06:00:00",390,12.75,510,0,0.007,0.14,-0.09,0.013,-0.009,0.004,-0.035,60.82,43.53
"2024-07-09 06:30:00",391,12.75,510,0,0.015,0.16,-0.04,0.015,-0.005,0.006,-0.031,60.52,43.23
"2024-07-09 07:00:00",392,12.75,510,0,0.022,0.16,0.03,0.014,0.002,0.004,-0.035,60.98,43.44
"2024-07-09 07:30:00",393,12.75,510,0,0.036,0.12,0.2,0.01,0.018,0,-0.021,61.41,43.29
"2024-07-09 08:00:00",394,12.75,510,0,0.074,0.25,0.41,0.022,0.036,0.01,-0.012,62,44.19
"2024-07-09 08:30:00",395,12.75,510,0,0.092,0.16,0.68,0.014,0.06,0.004,0,61.42,43.89
"2024-07-09 09:00:00",396,12.75,510,0,0.155,0.25,1.16,0.023,0.102,0.01,0.021,62.39,44.02
"2024-07-09 09:30:00",397,12.75,510,0,0.203,0.35,1.5,0.031,0.132,0.016,0.033,62.56,45.3
"2024-07-09 10:00:00",398,12.75,510,0,0.229,0.35,1.74,0.031,0.154,0.018,0.042,62.76,46.05
"2024-07-09 10:30:00",399,12.75,510,0,0.263,0.41,1.99,0.037,0.176,0.022,0.057,63.7,46.18
"2024-07-09 11:00:00",400,12.75,510,0,0.25,0.31,1.98,0.028,0.175,0.008,0.052,61.26,45.4
"2024-07-09 11:30:00",401,12.75,510,0,0.207,-0.08,2.01,-0.008,0.177,-0.023,0.057,63.44,45.92
"2024-07-09 12:00:00",402,12.75,510,0,0.322,0.74,2.17,0.065,0.192,0.049,0.064,65.92,46.32
"2024-07-09 12:30:00",403,12.75,510,0,0.253,0.36,1.95,0.032,0.173,0.012,0.052,62.27,46.42
"2024-07-09 13:00:00",404,12.75,510,0,0.293,0.5,2.17,0.045,0.192,0.033,0.069,67.03,47.03
"2024-07-09 13:30:00",405,12.75,510,0,0.271,0.43,2.04,0.038,0.181,0.019,0.054,61.9,45.38
"2024-07-09 14:00:00",406,12.75,510,0,0.303,0.5,2.26,0.045,0.2,0.026,0.067,63.99,45.23
"2024-07-09 14:30:00",407,12.75,510,0,0.333,0.69,2.33,0.062,0.207,0.038,0.073,63.5,46.24
"2024-07-09 15:00:00",408,12.75,510,0,0.264,0.43,1.98,0.038,0.175,0.021,0.054,61.19,45.73
"2024-07-09 15:30:00",409,12.75,510,0,0.252,0.44,1.85,0.039,0.163,0.024,0.05,62.58,45.88
"2024-07-09 16:00:00",410,12.75,510,0,0.271,0.3,2.18,0.027,0.193,0.008,0.063,61.94,46.07
"2024-07-09 16:30:00",411,12.75,510,0,0.239,0.33,1.85,0.03,0.163,0.012,0.046,62.24,45.97
"2024-07-09 17:00:00",412,12.75,510,0,0.226,0.28,1.79,0.025,0.158,0.008,0.048,63.81,45.2
"2024-07-09 17:30:00",413,12.75,510,0,0.261,0.61,1.75,0.054,0.155,0.034,0.046,63.15,45.22
"2024-07-09 18:00:00",414,12.75,510,0,0.2,0.29,1.54,0.025,0.137,0.01,0.033,60.63,45.18
"2024-07-09 18:30:00",415,12.75,510,0,0.148,0.02,1.35,0.002,0.119,-0.01,0.023,61.27,45.14
"2024-07-09 19:00:00",416,12.75,510,0,0.13,0.05,1.15,0.004,0.102,-0.008,0.017,60.34,44.06
"2024-07-09 19:30:00",417,12.75,510,0,0.114,0.24,0.79,0.021,0.07,0.01,0.002,59.61,44.15
"2024-07-09 20:00:00",418,12.75,510,0,0.087,0.24,0.54,0.021,0.047,0.008,-0.01,61.56,43.46
"2024-07-09 20:30:00",419,12.74,510,0,0.081,0.4,0.31,0.036,0.027,0.023,-0.018,61.12,43.33
"2024-07-09 21:00:00",420,12.74,510,0,0.045,0.22,0.18,0.019,0.016,0.008,-0.023,60.75,42.81
"2024-07-09 21:30:00",421,12.74,510,0,0.039,0.26,0.08,0.023,0.007,0.014,-0.029,61.09,43.14
"2024-07-09 22:00:00",422,12.74,510,0,0.031,0.19,0.08,0.017,0.007,0.004,-0.025,61.09,42.57
"2024-07-09 22:30:00",423,12.74,510,0,0.03,0.21,0.05,0.019,0.005,0.008,-0.027,60.76,43.08
"2024-07-09 23:00:00",424,12.73,510,0,0.02,0.17,0,0.015,0,0.006,-0.031,61.24,42.47
"2024-07-09 23:30:00",425,12.73,510,0,0.025,0.21,0,0.019,0,0.01,-0.029,60.81,42.28
"2024-07-10 00:00:00",426,12.73,510,0,0.025,0.21,0,0.019,0,0.006,-0.031,60.69,43.98
"2024-07-10 00:30:00",427,12.73,510,0,0.031,0.26,0,0.023,0,0.01,-0.029,61.11,43.16
"2024-07-10 01:00:00",428,12.73,510,0,0.025,0.21,0,0.019,0,0.006,-0.029,61.27,42.9
"2024-07-10 01:30:00",429,12.72,510,0,0.015,0.19,-0.07,0.017,-0.007,0.006,-0.031,60.67,42.72
"2024-07-10 02:00:00",430,12.72,510,0,0.017,0.21,-0.07,0.019,-0.007,0.008,-0.035,60.64,43.52
"2024-07-10 02:30:00",431,12.72,510,0,0.015,0.19,-0.07,0.017,-0.007,0.01,-0.031,61.16,43.36
"2024-07-10 03:00:00",432,12.72,510,0,0.024,0.22,-0.02,0.019,-0.002,0.008,-0.028,60.37,42.42
"2024-07-10 03:30:00",433,12.72,510,0,0.015,0.19,-0.07,0.017,-0.007,0.008,-0.032,61.42,43.31
"2024-07-10 04:00:00",434,12.72,510,0,0.013,0.17,-0.07,0.015,-0.007,0.006,-0.032,60.4,42.85
"2024-07-10 04:30:00",435,12.72,510,0,0.018,0.19,-0.04,0.017,-0.005,0.006,-0.032,62.09,42.63
"2024-07-10 05:00:00",436,12.72,510,0,0.018,0.22,-0.07,0.019,-0.007,0.008,-0.032,61.17,42.54
"2024-07-10 05:30:00",437,12.72,510,0,0.024,0.22,-0.02,0.019,-0.002,0.008,-0.03,61.14,42.61
"2024-07-10 06:00:00",438,12.71,510,0,0.015,0.19,-0.07,0.017,-0.007,0.01,-0.034,60.91,43.21
"2024-07-10 06:30:00",439,12.71,510,0,0.024,0.22,-0.02,0.019,-0.002,0.008,-0.03,60.83,42.71
"2024-07-10 07:00:00",440,12.71,510,0,0.034,0.24,0.05,0.021,0.005,0.01,-0.028,60.53,42.56
"2024-07-10 07:30:00",441,12.71,510,0,0.039,0.21,0.13,0.019,0.011,0.01,-0.024,60.09,43.22
"2024-07-10 08:00:00",442,12.71,510,0,0.075,0.26,0.41,0.023,0.036,0.014,-0.012,61.93,43.31
"2024-07-10 08:30:00",443,12.71,510,0,0.105,0.28,0.67,0.025,0.059,0.014,-0.002,61.47,43.26
"2024-07-10 09:00:00",444,12.71,510,0,0.139,0.31,0.95,0.027,0.084,0.016,0.008,62.39,44.45
"2024-07-10 09:30:00",445,12.71,510,0,0.158,0.28,1.16,0.025,0.102,0.014,0.02,60.63,43.93
"2024-07-10 10:00:00",446,12.71,510,0,0.197,0.47,1.31,0.042,0.116,0.033,0.027,62.24,44.45
"2024-07-10 10:30:00",447,12.71,510,0,0.234,0.42,1.71,0.037,0.152,0.026,0.045,61.88,44.76
"2024-07-10 11:00:00",448,12.71,510,0,0.286,0.61,1.98,0.054,0.175,0.035,0.058,63.73,45.37
"2024-07-10 11:30:00",449,12.71,510,0,0.281,0.51,2.05,0.045,0.181,0.03,0.058,62.05,46.6
"2024-07-10 12:00:00",450,12.71,510,0,0.285,0.34,2.27,0.03,0.201,0.008,0.07,62.74,46.04
"2024-07-10 12:30:00",451,12.71,510,0,0.475,1.9,2.32,0.168,0.205,-99,0.072,-99,46.29
"2024-07-10 13:00:00",452,12.71,510,0,0.642,3.26,2.38,0.288,0.21,-99,0.078,-99,47.48
"2024-07-10 13:30:00",453,12.71,510,0,0.327,0.71,2.25,0.063,0.199,0.043,0.072,63.78,45.7
"2024-07-10 14:00:00",454,12.71,510,0,0.309,0.61,2.2,0.054,0.194,0.035,0.064,61.57,46.53
"2024-07-10 14:30:00",455,12.71,510,0,0.269,0.3,2.17,0.027,0.192,0.01,0.066,64.26,46.48
"2024-07-10 15:00:00",456,12.72,510,0,0.23,0.17,1.95,0.015,0.173,-0.002,0.052,61.45,46.98
"2024-07-10 15:30:00",457,12.71,510,0,0.273,0.5,1.98,0.044,0.175,0.027,0.053,62.64,45.11
"2024-07-10 16:00:00",458,12.71,510,0,0.248,0.43,1.83,0.038,0.162,0.019,0.045,61.99,44.32
"2024-07-10 16:30:00",459,12.71,510,0,0.235,0.4,1.74,0.036,0.154,0.021,0.046,62.68,45.41
"2024-07-10 17:00:00",460,12.71,510,0,0.231,0.48,1.62,0.042,0.144,0.029,0.041,62.33,44.8
"2024-07-10 17:30:00",461,12.71,510,0,0.213,0.39,1.55,0.035,0.137,0.017,0.031,60.75,44.31
"2024-07-10 18:00:00",462,12.71,510,0,0.204,0.46,1.39,0.04,0.123,0.023,0.025,63.24,46.55
"2024-07-10 18:30:00",463,12.71,510,0,0.17,0.31,1.24,0.028,0.11,0.014,0.02,61.16,44.47
"2024-07-10 19:00:00",464,12.71,510,0,0.168,0.5,1.01,0.044,0.089,0.029,0.012,62.39,44.03
"2024-07-10 19:30:00",465,12.7,510,0,0.104,0.24,0.7,0.022,0.062,0.008,0,60.74,44.6
"2024-07-10 20:00:00",466,12.7,510,0,0.083,0.27,0.47,0.024,0.041,0.013,-0.014,60.93,42.16
"2024-07-10 20:30:00",467,12.7,510,0,0.06,0.27,0.26,0.024,0.023,0.017,-0.018,60.75,43.78
"2024-07-10 21:00:00",468,12.7,510,0,0.055,0.27,0.21,0.023,0.018,0.012,-0.02,60.69,42.32
"2024-07-10 21:30:00",469,12.7,510,0,0.041,0.27,0.08,0.023,0.007,0.01,-0.024,61.25,43.3
"2024-07-10 22:00:00",470,12.69,510,0,0.035,0.27,0.03,0.023,0.002,0.015,-0.03,61.89,43.37
"2024-07-10 22:30:00",471,12.69,510,0,0.026,0.22,0,0.019,0,0.008,-0.03,62.05,42.85
"2024-07-10 23:00:00",472,12.69,510,0,0.022,0.19,0,0.017,0,0.008,-0.028,60.35,42.8
"2024-07-10 23:30:00",473,12.69,510,0,0.025,0.21,0,0.019,0,0.008,-0.03,61.54,42.33
"2024-07-11 00:00:00",474,12.69,510,0,0.024,0.24,-0.04,0.021,-0.005,0.01,-0.032,62.76,43.3
"2024-07-11 00:30:00",475,12.68,510,0,0.024,0.22,-0.02,0.019,-0.002,0.008,-0.03,62.68,43.06
"2024-07-11 01:00:00",476,12.68,510,0,0.029,0.26,-0.02,0.023,-0.002,0.012,-0.032,61.22,43.52
"2024-07-11 01:30:00",477,12.68,510,0,0.026,0.24,-0.02,0.021,-0.002,0.012,-0.032,60.97,42.6
"2024-07-11 02:00:00",478,12.68,510,0,0.018,0.17,-0.02,0.015,-0.002,0.008,-0.03,61.26,42.9
"2024-07-11 02:30:00",479,12.68,510,0,0.02,0.17,0,0.015,0,0.004,-0.03,61.46,42.52
"2024-07-11 03:00:00",480,12.68,510,0,0.016,0.15,-0.02,0.013,-0.002,0.004,-0.034,58.89,42.44
"2024-07-11 03:30:00",481,12.68,510,0,0.019,0.2,-0.04,0.017,-0.005,0.006,-0.034,60.26,42.45
"2024-07-11 04:00:00",482,12.68,510,0,0.024,0.24,-0.04,0.021,-0.005,0.008,-0.03,60.21,42.66
"2024-07-11 04:30:00",483,12.67,510,0,0.013,0.17,-0.07,0.015,-0.007,0.004,-0.03,60.32,42.36
"2024-07-11 05:00:00",484,12.67,510,0,0.007,0.14,-0.09,0.013,-0.009,0.004,-0.034,61.57,42.77
"2024-07-11 05:30:00",485,12.67,510,0,0.015,0.19,-0.07,0.017,-0.007,0.01,-0.038,60.58,42.61
"2024-07-11 06:00:00",486,12.67,510,0,0.016,0.17,-0.04,0.015,-0.005,0.004,-0.032,60.61,42.5
"2024-07-11 06:30:00",487,12.67,510,0,0.028,0.27,-0.04,0.024,-0.005,0.015,-0.032,60.88,42.5
"2024-07-11 07:00:00",488,12.67,510,0,0.029,0.17,0.08,0.015,0.007,0.004,-0.028,61.95,43.15
"2024-07-11 07:30:00",489,12.66,510,0,0.048,0.19,0.24,0.017,0.021,0.006,-0.018,60.78,42.98
"2024-07-11 08:00:00",490,12.66,510,0,0.088,0.24,0.55,0.021,0.049,0.008,-0.012,61.24,44.09
"2024-07-11 08:30:00",491,12.66,510,0,0.118,0.29,0.78,0.026,0.069,0.012,0.004,61.87,44.17
"2024-07-11 09:00:00",492,12.66,510,0,0.143,0.31,0.99,0.028,0.087,0.015,0.008,61.48,44.19
"2024-07-11 09:30:00",493,12.66,510,0,0.174,0.36,1.22,0.032,0.108,0.017,0.022,62.69,43.9
"2024-07-11 10:00:00",494,12.66,510,0,0.204,0.39,1.46,0.034,0.129,0.019,0.03,62.25,44.7
"2024-07-11 10:30:00",495,12.66,510,0,0.235,0.4,1.74,0.036,0.154,0.018,0.043,62.36,46.05
"2024-07-11 11:00:00",496,12.66,510,0,0.249,0.36,1.91,0.032,0.169,0.014,0.051,62.83,45.55
"2024-07-11 11:30:00",497,12.66,510,0,0.258,0.38,1.98,0.034,0.176,0.016,0.055,62.95,46.24
"2024-07-11 12:00:00",498,12.66,510,0,0.249,0.38,1.89,0.034,0.167,0.017,0.047,61.7,46.24
"2024-07-11 12:30:00",499,12.66,510,0,0.225,0.39,1.66,0.034,0.147,0.017,0.041,61.73,45.02
"2024-07-11 13:00:00",500,12.66,510,0,0.221,0.36,1.65,0.031,0.146,0.016,0.041,62.75,46.05
"2024-07-11 13:30:00",501,12.66,510,0,0.268,0.51,1.93,0.046,0.171,0.032,0.053,63.32,46.19
"2024-07-11 14:00:00",502,12.66,510,0,0.267,0.43,2,0.038,0.177,0.023,0.056,62.57,45.44
"2024-07-11 14:30:00",503,12.66,510,0,0.25,0.41,1.87,0.036,0.166,0.021,0.047,61.61,45.74
"2024-07-11 15:00:00",504,12.66,510,0,0.236,0.26,1.9,0.023,0.168,0.006,0.053,62.42,45.86
"2024-07-11 15:30:00",505,12.66,510,0,0.208,0.25,1.65,0.022,0.146,0.008,0.041,60.31,45.27
"2024-07-11 16:00:00",506,12.66,510,0,0.199,0.33,1.48,0.029,0.131,0.014,0.033,63.03,44.4
"2024-07-11 16:30:00",507,12.66,510,0,0.18,0.31,1.33,0.027,0.118,0.016,0.027,62.16,44.46
"2024-07-11 17:00:00",508,12.66,510,0,0.181,0.38,1.26,0.034,0.111,0.019,0.023,60.96,44.66
"2024-07-11 17:30:00",509,12.66,510,0,0.188,0.4,1.3,0.035,0.115,0.022,0.023,63.69,45.49
"2024-07-11 18:00:00",510,12.66,510,0,0.19,0.34,1.39,0.03,0.123,0.017,0.031,61.29,45.42
"2024-07-11 18:30:00",511,12.66,510,0,0.177,0.47,1.13,0.041,0.1,0.026,0.016,61.64,46.19
"2024-07-11 19:00:00",512,12.66,510,0,0.117,0.17,0.9,0.015,0.08,0.004,0.008,60.84,44.13
"2024-07-11 19:30:00",513,12.66,510,0,0.104,0.27,0.67,0.023,0.059,0.013,-0.002,60.75,43.62
"2024-07-11 20:00:00",514,12.66,510,0,0.067,0.19,0.41,0.017,0.037,0.008,-0.014,60.92,43.64
"2024-07-11 20:30:00",515,12.65,510,0,0.053,0.24,0.23,0.021,0.021,0.008,-0.018,60.47,42.51
"2024-07-11 21:00:00",516,12.65,510,0,0.036,0.19,0.13,0.017,0.011,0.008,-0.026,60.98,42.86
"2024-07-11 21:30:00",517,12.65,510,0,0.028,0.19,0.05,0.017,0.005,0.006,-0.026,61.2,43.24
"2024-07-11 22:00:00",518,12.65,510,0,0.022,0.19,0,0.017,0,0.01,-0.03,61.22,43.1
"2024-07-11 22:30:00",519,12.65,510,0,0.022,0.19,0,0.017,0,0.006,-0.028,60.48,42.93
"2024-07-11 23:00:00",520,12.65,510,0,0.018,0.19,-0.04,0.017,-0.005,0.01,-0.032,61.09,42.71
"2024-07-11 23:30:00",521,12.65,510,0,0.02,0.17,0,0.015,0,0.008,-0.032,60.38,43.24
"2024-07-12 00:00:00",522,12.64,510,0,0.018,0.19,-0.04,0.017,-0.005,0.01,-0.03,60.79,42.98
"2024-07-12 00:30:00",523,12.64,510,0,0.022,0.19,0,0.017,0,0.008,-0.03,60.02,43.04
"2024-07-12 01:00:00",524,12.64,510,0,0.012,0.14,-0.04,0.013,-0.005,0.006,-0.032,60.18,42.63
"2024-07-12 01:30:00",525,12.64,510,0,0.02,0.19,-0.02,0.017,-0.002,0.01,-0.032,61.63,43.4
"2024-07-12 02:00:00",526,12.64,510,0,0.018,0.22,-0.07,0.019,-0.007,0.013,-0.032,60.54,42.83
"2024-07-12 02:30:00",527,12.64,510,0,0.013,0.17,-0.07,0.015,-0.007,0.006,-0.034,60.21,42.5
"2024-07-12 03:00:00",528,12.63,510,0,0.016,0.17,-0.04,0.015,-0.005,0.008,-0.032,61.27,43.72
"2024-07-12 03:30:00",529,12.63,510,0,0.018,0.22,-0.07,0.019,-0.007,0.008,-0.032,61.8,43.41
"2024-07-12 04:00:00",530,12.63,510,0,0.01,0.17,-0.09,0.015,-0.009,0.006,-0.032,60.94,42.14
"2024-07-12 04:30:00",531,12.63,510,0,0.01,0.19,-0.12,0.017,-0.012,0.008,-0.036,61.05,42.41
"2024-07-12 05:00:00",532,12.63,510,0,0.01,0.17,-0.09,0.015,-0.009,0.006,-0.034,60.84,43.29
"2024-07-12 05:30:00",533,12.63,510,0,0.004,0.14,-0.12,0.013,-0.012,0.004,-0.032,61.26,43.13
"2024-07-12 06:00:00",534,12.63,510,0,0.013,0.19,-0.09,0.017,-0.009,0.008,-0.034,60.41,42.85
"2024-07-12 06:30:00",535,12.62,510,0,0.01,0.15,-0.07,0.013,-0.007,0.006,-0.032,59.75,42.88
"2024-07-12 07:00:00",536,12.63,510,0,0.013,0.19,-0.09,0.017,-0.009,0.008,-0.032,61.05,43.08
"2024-07-12 07:30:00",537,12.62,510,0,0.01,0.17,-0.09,0.015,-0.009,0.006,-0.034,61.03,42.64
"2024-07-12 08:00:00",538,12.62,510,0,0.007,0.17,-0.12,0.015,-0.012,0.004,-0.034,59.74,43.01
"2024-07-12 08:30:00",539,12.62,510,0,0.004,0.17,-0.15,0.015,-0.014,0.004,-0.036,59.83,42.27
"2024-07-12 09:00:00",540,12.62,510,0,0.007,0.14,-0.09,0.013,-0.009,0.004,-0.034,61.01,42.62
"2024-07-12 09:30:00",541,12.62,510,0,0.013,0.19,-0.09,0.017,-0.009,0.008,-0.032,61.34,43.36
"2024-07-12 10:00:00",542,12.62,510,0,0.016,0.22,-0.09,0.019,-0.009,0.008,-0.034,60.45,42.32
"2024-07-12 10:30:00",543,12.62,510,0,0.013,0.19,-0.09,0.017,-0.009,0.004,-0.036,60.44,43.04
"2024-07-12 11:00:00",544,12.62,510,0,0.015,0.19,-0.07,0.017,-0.007,0.008,-0.032,60.5,43.36
"2024-07-12 11:30:00",545,12.62,510,0,0.018,0.22,-0.07,0.019,-0.007,0.008,-0.03,60.7,42.99
"2024-07-12 12:00:00",546,12.62,510,0,0.008,0.15,-0.09,0.013,-0.009,0.004,-0.034,60.67,42.85
"2024-07-12 12:30:00",547,12.62,510,0,0.007,0.17,-0.12,0.015,-0.012,0.006,-0.034,60.48,42.93
"2024-07-12 13:00:00",548,12.61,510,0,0.021,0.24,-0.07,0.021,-0.007,0.015,-0.03,61.46,43.34
"2024-07-12 13:30:00",549,12.61,510,0,0.021,0.24,-0.07,0.021,-0.007,0.013,-0.03,59.75,43.44
"2024-07-12 14:00:00",550,12.61,510,0,0.027,0.29,-0.07,0.026,-0.007,0.015,-0.034,59.56,42.58
"2024-07-12 14:30:00",551,12.61,510,0,0.03,0.32,-0.07,0.028,-0.007,0.017,-0.032,59.96,42.41
"2024-07-12 15:00:00",552,12.61,510,0,0.027,0.29,-0.07,0.026,-0.007,0.017,-0.032,60.92,43.64
"2024-07-12 15:30:00",553,12.61,510,0,0.042,0.31,0.05,0.028,0.005,0.021,-0.03,61.46,43.49
"2024-07-12 16:00:00",554,12.61,510,0,0.06,0.34,0.18,0.03,0.016,0.019,-0.02,60.7,43.32
"2024-07-12 16:30:00",555,12.61,510,0,0.038,0.29,0.03,0.026,0.002,0.013,-0.028,60.61,42.39
"2024-07-12 17:00:00",556,12.61,510,0,-0.006,0.03,-0.1,0.002,-0.009,-0.004,-0.032,60.05,42.66
"2024-07-12 17:30:00",557,12.61,510,0,-0.009,-0.02,-0.07,-0.002,-0.007,-0.006,-0.032,58.63,42.99
"2024-07-12 18:00:00",558,12.61,510,0,0.048,0.44,-0.04,0.039,-0.005,0.027,-0.032,60.94,42.3
"2024-07-12 18:30:00",559,12.61,510,0,0.013,0.22,-0.12,0.02,-0.012,0.013,-0.034,59.82,43.35
"2024-07-12 19:00:00",560,12.6,510,0,0.018,0.24,-0.1,0.022,-0.009,0.013,-0.032,60.41,42.45
"2024-07-12 19:30:00",561,12.6,510,0,0.021,0.24,-0.07,0.022,-0.007,0.015,-0.032,61.18,42.96
"2024-07-12 20:00:00",562,12.6,510,0,0.022,0.25,-0.07,0.022,-0.007,0.013,-0.03,59.34,42.36
"2024-07-12 20:30:00",563,12.6,510,0,0.029,0.34,-0.1,0.03,-0.009,0.019,-0.036,60.09,42.95
"2024-07-12 21:00:00",564,12.6,510,0,0.015,0.24,-0.12,0.022,-0.012,0.015,-0.034,60.76,42.95
"2024-07-12 21:30:00",565,12.6,510,0,0.019,0.27,-0.12,0.024,-0.012,0.015,-0.032,60.28,42.88
"2024-07-12 22:00:00",566,12.6,510,0,0.019,0.27,-0.12,0.024,-0.012,0.015,-0.034,60.42,42.3
"2024-07-12 22:30:00",567,12.6,510,0,0.015,0.24,-0.12,0.022,-0.012,0.013,-0.034,59.95,42.25
"2024-07-12 23:00:00",568,12.6,510,0,0.012,0.24,-0.15,0.022,-0.014,0.011,-0.034,60.95,42.57
"2024-07-12 23:30:00",569,12.6,510,0,0.015,0.24,-0.12,0.022,-0.012,0.013,-0.034,60.02,43.04
"2024-07-13 00:00:00",570,12.59,510,0,0.015,0.22,-0.1,0.019,-0.009,0.011,-0.032,60.03,43.71
"2024-07-13 00:30:00",571,12.59,510,0,0.015,0.22,-0.1,0.02,-0.009,0.008,-0.032,60.12,42.83
"2024-07-13 01:00:00",572,12.59,510,0,0.013,0.22,-0.12,0.02,-0.012,0.011,-0.034,60.73,42.35
"2024-07-13 01:30:00",573,12.59,510,0,0.013,0.22,-0.12,0.02,-0.012,0.011,-0.032,60.43,43.14
"2024-07-13 02:00:00",574,12.59,510,0,0.019,0.27,-0.12,0.024,-0.012,0.013,-0.032,59.7,42.72
"2024-07-13 02:30:00",575,12.59,510,0,0.019,0.3,-0.15,0.026,-0.014,0.017,-0.036,61.12,42.89
"2024-07-13 03:00:00",576,12.59,510,0,0.015,0.22,-0.1,0.02,-0.009,0.011,-0.032,59.08,43.04
"2024-07-13 03:30:00",577,12.59,510,0,0.013,0.22,-0.12,0.02,-0.012,0.011,-0.034,60.14,43.15
"2024-07-13 04:00:00",578,12.59,510,0,0.011,0.2,-0.12,0.017,-0.012,0.011,-0.036,59.87,43.98
"2024-07-13 04:30:00",579,12.59,510,0,0.025,0.32,-0.12,0.028,-0.012,0.017,-0.034,60.49,42.68
"2024-07-13 05:00:00",580,12.59,510,0,0.01,0.22,-0.15,0.02,-0.014,0.011,-0.036,61.11,42.58
"2024-07-13 05:30:00",581,12.59,510,0,0.019,0.27,-0.12,0.024,-0.012,0.013,-0.034,60.65,43.35
"2024-07-13 06:00:00",582,12.58,510,0,0.019,0.25,-0.1,0.022,-0.009,0.013,-0.032,60.62,43.32
"2024-07-13 06:30:00",583,12.58,510,0,0.016,0.27,-0.15,0.024,-0.014,0.015,-0.034,60.82,42.85
"2024-07-13 07:00:00",584,12.58,510,0,0.007,0.2,-0.15,0.017,-0.014,0.011,-0.036,60.01,43.45
"2024-07-13 07:30:00",585,12.58,510,0,0.004,0.17,-0.15,0.015,-0.014,0.008,-0.034,60.96,42.57
"2024-07-13 08:00:00",586,12.58,510,0,0.012,0.24,-0.15,0.022,-0.014,0.011,-0.034,61.14,43.33
"2024-07-13 08:30:00",587,12.58,510,0,0.013,0.22,-0.12,0.02,-0.012,0.013,-0.034,60.28,42.73
"2024-07-13 09:00:00",588,12.58,510,0,0,0.15,-0.17,0.013,-0.016,0.006,-0.038,59.48,42.76
"2024-07-13 09:30:00",589,12.58,510,0,0.009,0.17,-0.1,0.015,-0.009,0.004,-0.034,60.17,42.87
"2024-07-13 10:00:00",590,12.58,510,0,0.018,0.22,-0.07,0.02,-0.007,0.011,-0.034,60.16,43.03
"2024-07-13 10:30:00",591,12.58,510,0,0.022,0.2,-0.02,0.017,-0.002,0.008,-0.03,61.23,43.95
"2024-07-13 11:00:00",592,12.58,510,0,0.037,0.17,0.16,0.015,0.014,0.006,-0.022,61.44,43.07
"2024-07-13 11:30:00",593,12.58,510,0,0.052,0.25,0.21,0.022,0.019,0.011,-0.022,59.84,43.54
"2024-07-13 12:00:00",594,12.58,510,0,0.079,0.31,0.39,0.028,0.035,0.019,-0.014,60.88,43.75
"2024-07-13 12:30:00",595,12.58,510,0,0.118,0.29,0.78,0.026,0.069,0.015,0.002,61.81,44.68
"2024-07-13 13:00:00",596,12.58,510,0,0.247,0.87,1.34,0.077,0.119,0.057,0.024,64.85,44.82
"2024-07-13 13:30:00",597,12.58,510,0,0.241,0.49,1.7,0.043,0.151,0.027,0.042,61.43,45.55
"2024-07-13 14:00:00",598,12.58,510,0,0.237,0.37,1.79,0.033,0.158,0.015,0.042,62.03,46.16
"2024-07-13 14:30:00",599,12.58,510,0,0.244,0.4,1.82,0.035,0.161,0.015,0.046,60.74,46.53
"2024-07-13 15:00:00",600,12.58,510,0,0.285,0.42,2.18,0.037,0.193,0.021,0.064,61.79,46.18
"2024-07-13 15:30:00",601,12.58,510,0,0.29,0.45,2.2,0.04,0.195,0.021,0.064,60.32,46.68
"2024-07-13 16:00:00",602,12.58,510,0,0.202,0.4,1.43,0.035,0.127,0.022,0.028,60.94,44.65
"2024-07-13 16:30:00",603,12.58,510,0,0.106,0.27,0.69,0.024,0.061,0.013,0.002,61.11,43.58
"2024-07-13 17:00:00",604,12.58,510,0,0.043,0.17,0.21,0.015,0.019,0.004,-0.018,60.89,43.62
"2024-07-13 17:30:00",605,12.58,510,0,0.029,0.2,0.05,0.017,0.005,0.011,-0.028,60.16,43.02
"2024-07-13 18:00:00",606,12.57,510,0,0.027,0.2,0.03,0.017,0.002,0.013,-0.024,60.2,43.49
"2024-07-13 18:30:00",607,12.57,510,0,0.035,0.25,0.05,0.022,0.005,0.013,-0.028,60.61,43.64
"2024-07-13 19:00:00",608,12.57,510,0,0.034,0.17,0.13,0.015,0.012,0.008,-0.026,60.64,43.94
"2024-07-13 19:30:00",609,12.57,510,0,0.041,0.17,0.19,0.015,0.016,0.006,-0.02,60.31,42.76
"2024-07-13 20:00:00",610,12.57,510,0,0.036,0.2,0.11,0.018,0.009,0.013,-0.022,60.42,43.55
"2024-07-13 20:30:00",611,12.57,510,0,0.023,0.17,0.03,0.015,0.002,0.011,-0.028,61.36,43.39
"2024-07-13 21:00:00",612,12.57,510,0,0.014,0.12,0,0.011,0,0.004,-0.026,59.99,43.27
"2024-07-13 21:30:00",613,12.56,510,0,0.011,0.2,-0.12,0.018,-0.012,0.009,-0.034,59.83,42.7
"2024-07-13 22:00:00",614,12.56,510,0,0.018,0.22,-0.07,0.02,-0.007,0.011,-0.028,60.06,42.67
"2024-07-13 22:30:00",615,12.56,510,0,0.016,0.2,-0.07,0.018,-0.007,0.006,-0.035,59.9,43.45
"2024-07-13 23:00:00",616,12.56,510,0,0.015,0.22,-0.1,0.02,-0.009,0.009,-0.033,59.59,43.29
"2024-07-13 23:30:00",617,12.56,510,0,0.018,0.22,-0.07,0.02,-0.007,0.015,-0.026,60.9,43.09
"2024-07-14 00:00:00",618,12.56,510,0,0.009,0.17,-0.1,0.015,-0.009,0.011,-0.037,59.76,43.04
"2024-07-14 00:30:00",619,12.56,510,0,0.004,0.17,-0.15,0.015,-0.014,0.006,-0.037,59.09,42.1
"2024-07-14 01:00:00",620,12.56,510,0,0.011,0.2,-0.12,0.018,-0.012,0.009,-0.037,60.39,42.16
"2024-07-14 01:30:00",621,12.55,510,0,0.019,0.2,-0.04,0.018,-0.005,0.009,-0.029,60.32,43.19
"2024-07-14 02:00:00",622,12.55,510,0,0.007,0.17,-0.12,0.015,-0.012,0.009,-0.035,59.77,42.63
"2024-07-14 02:30:00",623,12.55,510,0,0.013,0.2,-0.1,0.018,-0.009,0.009,-0.033,60.19,42.89
"2024-07-14 03:00:00",624,12.55,510,0,0.007,0.17,-0.12,0.015,-0.012,0.009,-0.037,60.5,42.94
"2024-07-14 03:30:00",625,12.55,510,0,0.01,0.22,-0.15,0.02,-0.014,0.013,-0.037,60.64,42.42
"2024-07-14 04:00:00",626,12.55,510,0,0.013,0.2,-0.1,0.018,-0.01,0.009,-0.033,60.75,42.62
"2024-07-14 04:30:00",627,12.55,510,0,0.015,0.22,-0.1,0.02,-0.01,0.013,-0.031,61.34,42.27
"2024-07-14 05:00:00",628,12.54,510,0,0.011,0.2,-0.12,0.018,-0.012,0.011,-0.031,59.66,42.26
"2024-07-14 05:30:00",629,12.54,510,0,0.011,0.2,-0.12,0.018,-0.012,0.013,-0.033,59.92,42.94
"2024-07-14 06:00:00",630,12.54,510,0,0.013,0.22,-0.12,0.02,-0.012,0.013,-0.033,60.73,43.32
"2024-07-14 06:30:00",631,12.54,510,0,0.013,0.22,-0.12,0.02,-0.012,0.009,-0.033,61.14,42.74
"2024-07-14 07:00:00",632,12.54,510,0,0.013,0.25,-0.15,0.022,-0.014,0.015,-0.035,61.31,42.65
"2024-07-14 07:30:00",633,12.54,510,0,0.01,0.22,-0.15,0.02,-0.014,0.013,-0.035,61.21,43.64
"2024-07-14 08:00:00",634,12.54,510,0,0.016,0.17,-0.04,0.015,-0.005,0.008,-0.029,61.24,43.83
"2024-07-14 08:30:00",635,12.54,510,0,0.038,0.22,0.11,0.02,0.009,0.011,-0.022,62.12,43.32
"2024-07-14 09:00:00",636,12.54,510,0,0.097,0.34,0.53,0.03,0.047,0.021,-0.006,62.41,44.44
"2024-07-14 09:30:00",637,12.54,510,0,0.162,0.34,1.13,0.03,0.1,0.015,0.018,62.1,44.97
"2024-07-14 10:00:00",638,12.54,510,0,0.211,0.37,1.55,0.032,0.137,0.017,0.036,63.14,45.43
"2024-07-14 10:30:00",639,12.54,510,0,0.26,0.45,1.92,0.039,0.17,0.024,0.052,60.99,45.52
"2024-07-14 11:00:00",640,12.54,510,0,0.319,0.49,2.42,0.043,0.214,0.025,0.08,62.44,46.71
"2024-07-14 11:30:00",641,12.54,510,0,0.381,0.82,2.63,0.073,0.233,0.052,0.088,64.01,47.88
"2024-07-14 12:00:00",642,12.54,510,0,0.379,0.75,2.69,0.067,0.238,0.043,0.086,62.22,47.43
"2024-07-14 12:30:00",643,12.54,510,0,0.421,1.15,2.64,0.101,0.234,0.082,0.089,66.64,47.29
"2024-07-14 13:00:00",644,12.54,510,0,0.357,0.79,2.44,0.07,0.216,0.058,0.082,68.76,48.74
"2024-07-14 13:30:00",645,12.54,510,0,0.284,0.45,2.14,0.04,0.19,0.024,0.06,61.84,45.97
"2024-07-14 14:00:00",646,12.54,510,0,0.278,0.28,2.27,0.025,0.201,0.004,0.068,61.49,46.87
"2024-07-14 14:30:00",647,12.55,510,0,0.29,0.28,2.38,0.025,0.211,0.007,0.076,62.04,46.99
"2024-07-14 15:00:00",648,12.55,510,0,0.327,0.39,2.6,0.035,0.23,0.017,0.085,63.97,46.7
"2024-07-14 15:30:00",649,12.55,510,0,0.371,0.64,2.74,0.056,0.242,0.038,0.091,63.77,47.49
"2024-07-14 16:00:00",650,12.54,510,0,0.32,0.46,2.46,0.041,0.218,0.02,0.08,61.63,47.01
"2024-07-14 16:30:00",651,12.55,510,0,0.282,0.44,2.13,0.039,0.189,0.019,0.06,62.33,46.72
"2024-07-14 17:00:00",652,12.55,510,0,0.283,0.5,2.08,0.044,0.184,0.022,0.062,62.68,46.55
"2024-07-14 17:30:00",653,12.54,510,0,0.266,0.47,1.95,0.042,0.173,0.024,0.054,62.26,46.4
"2024-07-14 18:00:00",654,12.54,510,0,0.256,0.45,1.88,0.04,0.166,0.024,0.054,61.78,46.07
"2024-07-14 18:30:00",655,12.54,510,0,0.2,0.33,1.49,0.029,0.132,0.013,0.032,61.57,44.62
"2024-07-14 19:00:00",656,12.54,510,0,0.148,0.38,0.96,0.033,0.085,0.015,0.01,61.35,43.97
"2024-07-14 19:30:00",657,12.54,510,0,0.107,0.2,0.77,0.018,0.068,0.009,0.002,60.93,44.38
"2024-07-14 20:00:00",658,12.54,510,0,0.094,0.27,0.58,0.024,0.052,0.015,-0.006,60.46,45
"2024-07-14 20:30:00",659,12.54,510,0,0.067,0.25,0.35,0.022,0.031,0.011,-0.014,60.65,43.68
"2024-07-14 21:00:00",660,12.54,510,0,0.05,0.25,0.19,0.022,0.017,0.011,-0.022,59.92,42.8
"2024-07-14 21:30:00",661,12.53,510,0,0.041,0.25,0.11,0.022,0.009,0.013,-0.022,60.3,42.91
"2024-07-14 22:00:00",662,12.53,510,0,0.033,0.25,0.03,0.022,0.002,0.009,-0.024,60.51,43.12
"2024-07-14 22:30:00",663,12.53,510,0,0.027,0.2,0.03,0.018,0.002,0.009,-0.027,60.76,42.96
"2024-07-14 23:00:00",664,12.53,510,0,0.027,0.23,0,0.02,0,0.013,-0.029,61.4,43.7
"2024-07-14 23:30:00",665,12.52,510,0,0.027,0.23,0,0.02,0,0.011,-0.027,59.75,43.03
"2024-07-15 00:00:00",666,12.52,510,0,0.032,0.27,0,0.024,0,0.013,-0.029,61.49,43.53
"2024-07-15 00:30:00",667,12.52,510,0,0.029,0.2,0.05,0.018,0.005,0.011,-0.027,61.45,42.65
"2024-07-15 01:00:00",668,12.52,510,0,0.024,0.22,-0.02,0.02,-0.002,0.009,-0.031,60.4,43.01
"2024-07-15 01:30:00",669,12.52,510,0,0.019,0.2,-0.04,0.018,-0.005,0.011,-0.031,61.6,43.23
"2024-07-15 02:00:00",670,12.51,510,0,0.024,0.22,-0.02,0.02,-0.002,0.009,-0.029,60.69,42.88
"2024-07-15 02:30:00",671,12.51,510,0,0.022,0.2,-0.02,0.018,-0.002,0.009,-0.029,59.95,43.07
"2024-07-15 03:00:00",672,12.51,510,0,0.019,0.2,-0.04,0.018,-0.005,0.006,-0.029,60.7,43.3
"2024-07-15 03:30:00",673,12.51,510,0,0.026,0.22,0,0.02,0,0.009,-0.029,60.71,43.01
"2024-07-15 04:00:00",674,12.51,510,0,0.026,0.22,0,0.02,0,0.013,-0.029,59.89,43.59
"2024-07-15 04:30:00",675,12.51,510,0,0.022,0.22,-0.04,0.02,-0.005,0.011,-0.031,61.07,42.85
"2024-07-15 05:00:00",676,12.51,510,0,0.013,0.15,-0.04,0.013,-0.005,0.006,-0.031,60.48,42.77
"2024-07-15 05:30:00",677,12.51,510,0,0.022,0.22,-0.04,0.02,-0.005,0.013,-0.031,61.24,42.71
"2024-07-15 06:00:00",678,12.51,510,0,0.025,0.25,-0.04,0.022,-0.005,0.011,-0.031,60.4,43.27
"2024-07-15 06:30:00",679,12.51,510,0,0.024,0.22,-0.02,0.02,-0.002,0.015,-0.033,60.49,43.78
"2024-07-15 07:00:00",680,12.51,510,0,0.035,0.22,0.08,0.02,0.007,0.011,-0.025,60.45,43.73
"2024-07-15 07:30:00",681,12.5,510,0,0.066,0.27,0.32,0.024,0.028,0.015,-0.016,61.13,43.59
"2024-07-15 08:00:00",682,12.5,510,0,0.098,0.32,0.56,0.028,0.049,0.015,-0.006,61.28,42.91
"2024-07-15 08:30:00",683,12.5,510,0,0.116,0.25,0.8,0.022,0.071,0.013,0.006,61.07,44.2
"2024-07-15 09:00:00",684,12.5,510,0,0.166,0.32,1.19,0.028,0.106,0.015,0.022,62.1,44.96
"2024-07-15 09:30:00",685,12.5,510,0,0.234,0.4,1.73,0.035,0.153,0.021,0.041,61.55,45.92
"2024-07-15 10:00:00",686,12.5,510,0,0.283,0.45,2.13,0.04,0.188,0.024,0.063,62.46,46.17
"2024-07-15 10:30:00",687,12.5,510,0,0.302,0.45,2.31,0.039,0.205,0.024,0.073,62.57,46.7
"2024-07-15 11:00:00",688,12.5,510,0,0.315,0.47,2.41,0.042,0.214,0.026,0.078,62.09,47.3
"2024-07-15 11:30:00",689,12.5,510,0,0.366,0.78,2.54,0.069,0.225,0.046,0.082,63.81,47.11
"2024-07-15 12:00:00",690,12.5,510,0,0.35,0.54,2.65,0.048,0.235,0.024,0.087,61.12,46.5
"2024-07-15 12:30:00",691,12.5,510,0,0.462,1.49,2.65,0.132,0.235,-99,0.09,-99,46.93
"2024-07-15 13:00:00",692,12.5,510,0,0.336,0.46,2.61,0.041,0.231,0.039,0.099,69.27,48.43
"2024-07-15 13:30:00",693,12.5,510,0,0.354,0.52,2.71,0.046,0.24,0.022,0.093,61.49,47.02
"2024-07-15 14:00:00",694,12.5,510,0,0.342,0.47,2.66,0.042,0.236,0.026,0.092,63.08,48.04
"2024-07-15 14:30:00",695,12.5,510,0,0.354,0.6,2.62,0.053,0.231,0.032,0.086,63.38,47.26
"2024-07-15 15:00:00",696,12.5,510,0,0.342,0.51,2.61,0.045,0.231,0.024,0.088,62.17,46.88
"2024-07-15 15:30:00",697,12.51,510,0,0.329,0.5,2.5,0.044,0.221,0.024,0.084,62.56,46.69
"2024-07-15 16:00:00",698,12.51,510,0,0.318,0.5,2.4,0.045,0.213,0.026,0.075,62.4,46.54
"2024-07-15 16:30:00",699,12.5,510,0,0.304,0.48,2.29,0.043,0.203,0.022,0.071,60.99,46.94
"2024-07-15 17:00:00",700,12.5,510,0,0.31,0.65,2.16,0.058,0.191,0.033,0.064,62.47,45.78
"2024-07-15 17:30:00",701,12.5,510,0,0.268,0.45,1.99,0.039,0.176,0.021,0.054,62.75,46.48
"2024-07-15 18:00:00",702,12.5,510,0,0.238,0.37,1.8,0.033,0.16,0.019,0.048,62.25,46.23
"2024-07-15 18:30:00",703,12.5,510,0,0.21,0.42,1.49,0.037,0.132,0.021,0.032,61.65,46.2
"2024-07-15 19:00:00",704,12.5,510,0,0.166,0.43,1.07,0.038,0.094,0.022,0.014,61.28,45.68
"2024-07-15 19:30:00",705,12.5,510,0,0.124,0.35,0.77,0.031,0.068,0.017,0.004,62.29,44.62
"2024-07-15 20:00:00",706,12.5,510,0,0.089,0.27,0.53,0.024,0.047,0.017,-0.004,61.43,43.65
"2024-07-15 20:30:00",707,12.5,510,0,0.073,0.25,0.4,0.022,0.035,0.013,-0.01,61.18,44.06
"2024-07-15 21:00:00",708,12.49,510,0,0.057,0.22,0.29,0.02,0.026,0.013,-0.016,60.66,44.38
"2024-07-15 21:30:00",709,12.49,510,0,0.056,0.23,0.27,0.02,0.024,0.011,-0.016,61.34,43.81
"2024-07-15 22:00:00",710,12.49,510,0,0.05,0.23,0.21,0.02,0.019,0.011,-0.02,60.58,43.2
"2024-07-15 22:30:00",711,12.49,510,0,0.044,0.23,0.16,0.02,0.014,0.011,-0.023,61.42,43.31
"2024-07-15 23:00:00",712,12.49,510,0,0.038,0.2,0.13,0.018,0.012,0.009,-0.025,60.54,43.42
"2024-07-15 23:30:00",713,12.49,510,0,0.03,0.18,0.08,0.016,0.007,0.007,-0.025,60.17,43.2
"2024-07-16 00:00:00",714,12.48,510,0,0.029,0.2,0.05,0.018,0.005,0.007,-0.027,61.31,42.94
"2024-07-16 00:30:00",715,12.48,510,0,0.033,0.23,0.05,0.02,0.005,0.011,-0.029,62.15,43.21
"2024-07-16 01:00:00",716,12.48,510,0,0.029,0.2,0.05,0.018,0.005,0.007,-0.029,60.75,42.79
"2024-07-16 01:30:00",717,12.48,510,0,0.038,0.25,0.08,0.022,0.007,0.015,-0.027,60.19,43.9
"2024-07-16 02:00:00",718,12.48,510,0,0.027,0.2,0.03,0.018,0.002,0.009,-0.029,61.63,43.68
"2024-07-16 02:30:00",719,12.47,510,0,0.027,0.18,0.05,0.016,0.005,0.004,-0.029,61.63,43.42
"2024-07-16 03:00:00",720,12.48,510,0,0.029,0.2,0.05,0.018,0.005,0.009,-0.027,60.78,43.51
"2024-07-16 03:30:00",721,12.47,510,0,0.03,0.25,0,0.022,0,0.013,-0.027,60.12,43.67
"2024-07-16 04:00:00",722,12.47,510,0,0.027,0.2,0.03,0.018,0.002,0.011,-0.027,60.32,42.79
"2024-07-16 04:30:00",723,12.47,510,0,0.018,0.15,0,0.013,0,0.007,-0.027,60.92,44.2
"2024-07-16 05:00:00",724,12.47,510,0,0.033,0.23,0.05,0.02,0.005,0.011,-0.023,61.02,43.32
"2024-07-16 05:30:00",725,12.47,510,0,0.027,0.2,0.03,0.018,0.002,0.011,-0.025,61.68,43.72
"2024-07-16 06:00:00",726,12.47,510,0,0.025,0.18,0.03,0.016,0.002,0.004,-0.027,61.44,43.07
"2024-07-16 06:30:00",727,12.47,510,0,0.042,0.23,0.14,0.02,0.012,0.013,-0.023,61.79,43.16
"2024-07-16 07:00:00",728,12.46,510,0,0.053,0.23,0.24,0.02,0.021,0.011,-0.023,61.58,43.89
"2024-07-16 07:30:00",729,12.46,510,0,0.067,0.25,0.35,0.022,0.031,0.011,-0.014,61.35,44.07
"2024-07-16 08:00:00",730,12.46,510,0,0.105,0.25,0.7,0.022,0.062,0.013,-0.002,61.55,44.42
"2024-07-16 08:30:00",731,12.46,510,0,0.157,0.35,1.07,0.031,0.095,0.021,0.014,63.16,44.63
"2024-07-16 09:00:00",732,12.46,510,0,0.205,0.42,1.44,0.037,0.128,0.023,0.033,62.27,46.13
"2024-07-16 09:30:00",733,12.46,510,0,0.251,0.52,1.76,0.046,0.156,0.03,0.047,62.7,45.43
"2024-07-16 10:00:00",734,12.46,510,0,0.28,0.46,2.09,0.04,0.185,0.022,0.059,62.72,46.42
"2024-07-16 10:30:00",735,12.46,510,0,0.307,0.47,2.33,0.041,0.206,0.026,0.075,63.26,46.96
"2024-07-16 11:00:00",736,12.46,510,0,0.34,0.64,2.45,0.056,0.217,0.038,0.077,65.51,47.3
"2024-07-16 11:30:00",737,12.46,510,0,0.345,0.62,2.52,0.055,0.223,0.036,0.087,62.05,47.43
"2024-07-16 12:00:00",738,12.46,510,0,0.337,0.5,2.58,0.044,0.229,0.02,0.085,60.58,47.21
"2024-07-16 12:30:00",739,12.46,510,0,0.383,0.88,2.59,0.077,0.229,0.055,0.084,65,47.07
"2024-07-16 13:00:00",740,12.46,510,0,0.306,0.24,2.57,0.021,0.228,0.006,0.093,68.7,47.45
"2024-07-16 13:30:00",741,12.47,510,0,0.357,0.64,2.61,0.056,0.231,0.033,0.091,62.54,47.25
"2024-07-16 14:00:00",742,12.47,510,0,0.347,0.46,2.71,0.04,0.239,0.015,0.096,63.31,47.3
"2024-07-16 14:30:00",743,12.47,510,0,0.349,0.56,2.62,0.049,0.232,0.026,0.089,63.55,46.87
"2024-07-16 15:00:00",744,12.47,510,0,0.347,0.62,2.54,0.054,0.225,0.036,0.084,63.47,47.2
"2024-07-16 15:30:00",745,12.47,510,0,0.313,0.45,2.41,0.04,0.214,0.02,0.076,63.52,47.92
"2024-07-16 16:00:00",746,12.47,510,0,0.297,0.44,2.27,0.039,0.201,0.023,0.074,62.57,45.89
"2024-07-16 16:30:00",747,12.47,510,0,0.293,0.48,2.19,0.043,0.194,0.024,0.067,61.76,46.89
"2024-07-16 17:00:00",748,12.47,510,0,0.279,0.48,2.06,0.042,0.182,0.026,0.061,62.18,46.58
"2024-07-16 17:30:00",749,12.46,510,0,0.269,0.46,1.99,0.04,0.176,0.022,0.055,63.52,45.75
"2024-07-16 18:00:00",750,12.46,510,0,0.246,0.45,1.79,0.04,0.159,0.024,0.045,62.74,46.47
"2024-07-16 18:30:00",751,12.46,510,0,0.225,0.46,1.58,0.04,0.14,0.024,0.039,62.28,45.17
"2024-07-16 19:00:00",752,12.46,510,0,0.187,0.36,1.34,0.032,0.119,0.015,0.025,62.22,45.68
"2024-07-16 19:30:00",753,12.46,510,0,0.149,0.36,0.99,0.031,0.088,0.015,0.012,61.34,44.8
"2024-07-16 20:00:00",754,12.46,510,0,0.114,0.35,0.67,0.031,0.059,0.02,-0.004,61.55,44.59
"2024-07-16 20:30:00",755,12.45,510,0,0.087,0.3,0.48,0.027,0.043,0.013,-0.012,60.97,44.27
"2024-07-16 21:00:00",756,12.45,510,0,0.061,0.2,0.35,0.018,0.031,0.007,-0.014,61.33,43.13
"2024-07-16 21:30:00",757,12.45,510,0,0.053,0.23,0.24,0.02,0.021,0.011,-0.014,62.13,43.35
"2024-07-16 22:00:00",758,12.45,510,0,0.05,0.25,0.19,0.022,0.017,0.013,-0.021,60.49,43.36
"2024-07-16 22:30:00",759,12.45,510,0,0.038,0.2,0.13,0.018,0.012,0.011,-0.021,61.88,43.1
"2024-07-16 23:00:00",760,12.44,510,0,0.033,0.18,0.11,0.016,0.01,0.007,-0.025,61.04,43.51
"2024-07-16 23:30:00",761,12.44,510,0,0.03,0.18,0.08,0.016,0.007,0.007,-0.023,61.77,42.99
"2024-07-17 00:00:00",762,12.44,510,0,0.022,0.06,0.14,0.005,0.012,-0.007,-0.023,57.54,43.74
"2024-07-17 00:30:00",763,12.44,510,0,0.031,0.21,0.06,0.018,0.005,0.011,-0.027,60.01,42.87
"2024-07-17 01:00:00",764,12.43,510,0,0.025,0.21,0,0.018,0,0.009,-0.029,60.37,43.24
"2024-07-17 01:30:00",765,12.43,510,0,0.024,0.2,0,0.018,0,0.009,-0.027,60.84,43.29
"2024-07-17 02:00:00",766,12.43,510,0,0.018,0.2,-0.05,0.018,-0.005,0.011,-0.031,61.93,43.29
"2024-07-17 02:30:00",767,12.43,510,0,0.002,0.05,-0.04,0.004,-0.005,0,-0.029,62.21,43.01
"2024-07-17 03:00:00",768,12.43,510,0,0.013,0.13,-0.02,0.011,-0.002,0,-0.033,60.13,42.75
"2024-07-17 03:30:00",769,12.42,510,0,0.019,0.18,-0.02,0.016,-0.002,0.004,-0.029,60.47,43.08
"2024-07-17 04:00:00",770,12.43,510,0,0.016,0.18,-0.05,0.016,-0.005,0.009,-0.033,61.56,43.18
"2024-07-17 04:30:00",771,12.42,510,0,0.022,0.2,-0.02,0.018,-0.002,0.009,-0.029,60.52,43.81
"2024-07-17 05:00:00",772,12.42,510,0,0.027,0.23,0,0.02,0,0.013,-0.027,59.9,42.77
"2024-07-17 05:30:00",773,12.42,510,0,0.022,0.23,-0.05,0.02,-0.005,0.011,-0.031,60.16,42.77
"2024-07-17 06:00:00",774,12.42,510,0,0.027,0.23,0,0.02,0,0.015,-0.029,60.56,43.17
"2024-07-17 06:30:00",775,12.42,510,0,0.031,0.28,-0.02,0.025,-0.002,0.015,-0.031,61.98,43.61
"2024-07-17 07:00:00",776,12.42,510,0,0.045,0.28,0.11,0.024,0.01,0.015,-0.025,61.34,43.79
"2024-07-17 07:30:00",777,12.41,510,0,0.077,0.39,0.29,0.035,0.026,0.026,-0.019,63.25,44.31
"2024-07-17 08:00:00",778,12.41,510,0,0.087,0.27,0.51,0.024,0.045,0.013,-0.006,62,44.05
"2024-07-17 08:30:00",779,12.41,510,0,0.113,0.27,0.75,0.024,0.067,0.013,0.002,63.85,45.07
"2024-07-17 09:00:00",780,12.41,510,0,0.151,0.35,1.02,0.031,0.09,0.015,0.012,61.15,44.44
"2024-07-17 09:30:00",781,12.41,510,0,0.16,0.25,1.21,0.022,0.107,0.009,0.021,62.45,45.08
"2024-07-17 10:00:00",782,12.41,510,0,0.221,0.4,1.61,0.035,0.142,0.022,0.041,62.08,46.21
"2024-07-17 10:30:00",783,12.41,510,0,0.282,0.5,2.07,0.045,0.184,0.026,0.059,63.22,46.52
"2024-07-17 11:00:00",784,12.41,510,0,0.31,0.53,2.29,0.047,0.203,0.028,0.07,63.05,46.77
"2024-07-17 11:30:00",785,12.42,510,0,0.376,0.95,2.44,0.084,0.216,0.068,0.079,63.14,47.85
"2024-07-17 12:00:00",786,12.42,510,0,0.308,0.34,2.48,0.03,0.22,0.013,0.082,60.68,46.9
"2024-07-17 12:30:00",787,12.42,510,0,0.328,0.52,2.47,0.046,0.219,0.03,0.083,64.8,47.11
"2024-07-17 13:00:00",788,12.42,510,0,0.265,0,2.46,0,0.217,-0.004,0.084,59.8,46.68
"2024-07-17 13:30:00",789,12.42,510,0,0.36,0.81,2.45,0.072,0.217,0.051,0.08,63.13,47.52
"2024-07-17 14:00:00",790,12.42,510,0,0.362,0.73,2.56,0.064,0.226,0.042,0.085,65.04,47.36
"2024-07-17 14:30:00",791,12.42,510,0,0.354,0.64,2.58,0.057,0.228,0.04,0.084,62.35,46.49
"2024-07-17 15:00:00",792,12.42,510,0,0.343,0.6,2.52,0.053,0.223,0.027,0.08,62.35,46.74
"2024-07-17 15:30:00",793,12.42,510,0,0.3,0.46,2.28,0.041,0.201,0.022,0.069,61.61,46.17
"2024-07-17 16:00:00",794,12.42,510,0,0.294,0.45,2.23,0.04,0.198,0.02,0.067,62.56,46.85
"2024-07-17 16:30:00",795,12.42,510,0,0.283,0.53,2.04,0.047,0.18,0.031,0.059,62.44,47.67
"2024-07-17 17:00:00",796,12.42,510,0,0.271,0.52,1.94,0.046,0.172,0.029,0.055,62.2,46.75
"2024-07-17 17:30:00",797,12.42,510,0,0.244,0.44,1.78,0.039,0.158,0.02,0.045,62.55,45.6
"2024-07-17 18:00:00",798,12.41,510,0,0.23,0.41,1.68,0.037,0.149,0.022,0.043,62.15,44.89
"2024-07-17 18:30:00",799,12.41,510,0,0.196,0.43,1.35,0.038,0.12,0.024,0.025,61.84,45.56
"2024-07-17 19:00:00",800,12.41,510,0,0.162,0.36,1.11,0.031,0.098,0.015,0.019,61.9,45.2
"2024-07-17 19:30:00",801,12.41,510,0,0.13,0.31,0.87,0.027,0.077,0.013,0.004,60.72,44.44
"2024-07-17 20:00:00",802,12.41,510,0,0.095,0.28,0.57,0.025,0.05,0.013,-0.004,61,43.88
"2024-07-17 20:30:00",803,12.41,510,0,0.077,0.28,0.41,0.025,0.036,0.013,-0.015,61.44,44.59
"2024-07-17 21:00:00",804,12.4,510,0,0.05,0.15,0.3,0.014,0.026,0.004,-0.019,60.78,43.82
"2024-07-17 21:30:00",805,12.4,510,0,0.047,0.2,0.22,0.018,0.019,0.007,-0.021,61.56,44.29
"2024-07-17 22:00:00",806,12.4,510,0,0.05,0.27,0.17,0.024,0.015,0.014,-0.025,59.87,43.42
"2024-07-17 22:30:00",807,12.4,510,0,0.023,0.21,-0.02,0.018,-0.002,0.009,-0.032,60.07,42.36
"2024-07-17 23:00:00",808,12.39,510,0,0.023,0.21,-0.02,0.018,-0.002,0.009,-0.031,60.79,43.39
"2024-07-17 23:30:00",809,12.39,510,0,0.023,0.23,-0.04,0.02,-0.005,0.009,-0.033,61.03,43.75
"2024-07-18 00:00:00",810,12.39,510,0,0.014,0.18,-0.07,0.016,-0.007,0.004,-0.034,60.14,43.43
"2024-07-18 00:30:00",811,12.39,510,0,0.025,0.25,-0.04,0.023,-0.005,0.015,-0.029,60.29,43.84
"2024-07-18 01:00:00",812,12.38,510,0,0.017,0.18,-0.04,0.016,-0.005,0.009,-0.033,61.18,42.66
"2024-07-18 01:30:00",813,12.38,510,0,0.013,0.2,-0.1,0.018,-0.01,0.007,-0.036,60.15,43.18
"2024-07-18 02:00:00",814,12.38,510,0,0.013,0.2,-0.1,0.018,-0.01,0.009,-0.034,60.42,43.28
"2024-07-18 02:30:00",815,12.38,510,0,0.013,0.2,-0.1,0.018,-0.01,0.011,-0.036,61.23,43.43
"2024-07-18 03:00:00",816,12.38,510,0,0.001,0.1,-0.1,0.009,-0.01,0.004,-0.034,59.99,43.02
"2024-07-18 03:30:00",817,12.38,510,0,0.02,0.23,-0.07,0.02,-0.007,0.013,-0.034,59.8,43.08
"2024-07-18 04:00:00",818,12.38,510,0,0.016,0.2,-0.07,0.018,-0.007,0.011,-0.034,61.65,43.28
"2024-07-18 04:30:00",819,12.38,510,0,0.007,0.15,-0.1,0.014,-0.01,0.007,-0.034,60.83,43.44
"2024-07-18 05:00:00",820,12.37,510,0,0.013,0.2,-0.1,0.018,-0.01,0.009,-0.034,61.06,42.67
"2024-07-18 05:30:00",821,12.37,510,0,0.013,0.23,-0.13,0.02,-0.012,0.011,-0.036,61.04,42.66
"2024-07-18 06:00:00",822,12.37,510,0,0.011,0.18,-0.1,0.016,-0.01,0.007,-0.036,61.45,43.07
"2024-07-18 06:30:00",823,12.37,510,0,0.007,0.15,-0.1,0.014,-0.01,0.004,-0.032,61.66,42.71
"2024-07-18 07:00:00",824,12.37,510,0,0.01,0.2,-0.13,0.018,-0.012,0.013,-0.036,61.91,43.54
"2024-07-18 07:30:00",825,12.37,510,0,0.019,0.18,-0.02,0.016,-0.002,0.011,-0.029,60.82,43.27
"2024-07-18 08:00:00",826,12.37,510,0,0.039,0.2,0.14,0.018,0.012,0.009,-0.023,61.25,44.12
"2024-07-18 08:30:00",827,12.37,510,0,0.053,0.25,0.22,0.022,0.019,0.011,-0.021,60.91,44.18
"2024-07-18 09:00:00",828,12.37,510,0,0.097,0.3,0.57,0.027,0.051,0.015,-0.008,61.1,44.23
"2024-07-18 09:30:00",829,12.37,510,0,0.121,0.3,0.79,0.027,0.07,0.015,0.002,62.59,44.21
"2024-07-18 10:00:00",830,12.37,510,0,0.13,0.28,0.9,0.025,0.079,0.013,0.008,61.31,45.84
"2024-07-18 10:30:00",831,12.36,510,0,0.185,0.28,1.41,0.025,0.125,0.011,0.031,61.48,44.75
"2024-07-18 11:00:00",832,12.36,510,0,0.181,0.31,1.34,0.027,0.119,0.013,0.025,61.33,45.87
"2024-07-18 11:30:00",833,12.36,510,0,0.18,0.38,1.25,0.034,0.111,0.022,0.023,62.58,45.45
"2024-07-18 12:00:00",834,12.36,510,0,0.199,0.23,1.59,0.02,0.141,0.009,0.037,61.59,45.97
"2024-07-18 12:30:00",835,12.36,510,0,0.338,1.27,1.74,0.113,0.154,0.092,0.044,66.92,47.05
"2024-07-18 13:00:00",836,12.36,510,0,0.195,0,1.81,0,0.16,-0.012,0.046,59.5,46.79
"2024-07-18 13:30:00",837,12.36,510,0,0.246,0.39,1.85,0.034,0.164,0.016,0.048,61.31,45.99
"2024-07-18 14:00:00",838,12.36,510,0,0.235,0.4,1.74,0.036,0.154,0.02,0.046,62.11,46.39
"2024-07-18 14:30:00",839,12.36,510,0,0.247,0.43,1.82,0.038,0.161,0.022,0.046,62.32,45.87
"2024-07-18 15:00:00",840,12.36,510,0,0.277,0.53,1.99,0.047,0.176,0.028,0.054,63.21,46.5
"2024-07-18 15:30:00",841,12.36,510,0,0.298,0.41,2.31,0.036,0.204,0.018,0.072,61.47,47.51
"2024-07-18 16:00:00",842,12.36,510,0,0.281,0.49,2.07,0.043,0.183,0.024,0.06,62.15,46.27
"2024-07-18 16:30:00",843,12.36,510,0,0.276,0.38,2.14,0.034,0.189,0.015,0.062,62.1,46.38
"2024-07-18 17:00:00",844,12.36,510,0,0.233,0.38,1.74,0.034,0.154,0.018,0.046,61.88,46.01
"2024-07-18 17:30:00",845,12.36,510,0,0.157,0.33,1.09,0.029,0.097,0.018,0.012,61.42,44.71
"2024-07-18 18:00:00",846,12.36,510,0,0.149,0.31,1.04,0.027,0.092,0.015,0.01,61.21,44.5
"2024-07-18 18:30:00",847,12.36,510,0,0.122,0.28,0.82,0.025,0.072,0.013,0.002,61.12,44.41
"2024-07-18 19:00:00",848,12.35,510,0,0.114,0.26,0.77,0.023,0.068,0.013,0.002,61.81,44.68
"2024-07-18 19:30:00",849,12.36,510,0,0.093,0.21,0.63,0.018,0.056,0.009,-0.002,61.04,44.58
"2024-07-18 20:00:00",850,12.35,510,0,0.075,0.23,0.44,0.021,0.039,0.011,-0.013,60.72,44.16
"2024-07-18 20:30:00",851,12.35,510,0,0.057,0.21,0.3,0.018,0.027,0.011,-0.017,61.07,43.94
"2024-07-18 21:00:00",852,12.35,510,0,0.039,0.18,0.16,0.016,0.015,0.007,-0.025,59.73,44.42
"2024-07-18 21:30:00",853,12.35,510,0,0.034,0.16,0.14,0.014,0.012,0.007,-0.025,59.73,43.02
"2024-07-18 22:00:00",854,12.35,510,0,0.031,0.21,0.06,0.018,0.005,0.011,-0.03,61.03,42.92
"2024-07-18 22:30:00",855,12.35,510,0,0.013,0.13,-0.02,0.011,-0.002,0.007,-0.03,60.34,42.78
"2024-07-18 23:00:00",856,12.34,510,0,0.027,0.23,0,0.02,0,0.013,-0.027,60.57,43.99
"2024-07-18 23:30:00",857,12.34,510,0,0.021,0.18,0,0.016,0,0.009,-0.027,59.92,42.52
"2024-07-19 00:00:00",858,12.34,510,0,0.016,0.15,-0.02,0.014,-0.002,0.007,-0.03,60.48,43.09
"2024-07-19 00:30:00",859,12.34,510,0,0.025,0.23,-0.02,0.021,-0.002,0.011,-0.032,60.97,43.57
"2024-07-19 01:00:00",860,12.34,510,0,0.023,0.21,-0.02,0.018,-0.002,0.009,-0.03,60.18,43.87
"2024-07-19 01:30:00",861,12.33,510,0,0.016,0.18,-0.05,0.016,-0.005,0.009,-0.032,60.44,43.72
"2024-07-19 02:00:00",862,12.33,510,0,0.019,0.18,-0.02,0.016,-0.002,0.009,-0.032,60.09,42.79
"2024-07-19 02:30:00",863,12.33,510,0,0.023,0.21,-0.02,0.018,-0.002,0.011,-0.032,60.95,42.82
"2024-07-19 03:00:00",864,12.33,510,0,0.01,0.15,-0.07,0.014,-0.007,0.007,-0.032,60.68,43.27
"2024-07-19 03:30:00",865,12.33,510,0,0.016,0.18,-0.05,0.016,-0.005,0.007,-0.03,60.62,43.63
"2024-07-19 04:00:00",866,12.33,510,0,0.014,0.18,-0.07,0.016,-0.007,0.007,-0.034,59.79,43.22
"2024-07-19 04:30:00",867,12.33,510,0,0.021,0.18,0,0.016,0,0.009,-0.028,61.57,43.17
"2024-07-19 05:00:00",868,12.33,510,0,0.025,0.21,0,0.018,0,0.009,-0.032,59.6,43.45
"2024-07-19 05:30:00",869,12.32,510,0,0.025,0.21,0,0.018,0,0.013,-0.027,60.39,43.67
"2024-07-19 06:00:00",870,12.32,510,0,0.019,0.13,0.03,0.011,0.002,0.004,-0.027,61.3,43.06
"2024-07-19 06:30:00",871,12.32,510,0,0.033,0.21,0.08,0.018,0.007,0.009,-0.025,61.36,43.53
"2024-07-19 07:00:00",872,12.32,510,0,0.052,0.21,0.25,0.018,0.022,0.007,-0.019,60.45,43.05
"2024-07-19 07:30:00",873,12.32,510,0,0.084,0.31,0.44,0.027,0.039,0.018,-0.013,60.69,44.95
"2024-07-19 08:00:00",874,12.32,510,0,0.13,0.35,0.82,0.031,0.073,0.02,0.004,61.12,44.39
"2024-07-19 08:30:00",875,12.32,510,0,0.16,0.38,1.07,0.034,0.095,0.02,0.015,61.67,45.36
"2024-07-19 09:00:00",876,12.32,510,0,0.184,0.33,1.34,0.029,0.119,0.013,0.027,61.85,44.97
"2024-07-19 09:30:00",877,12.32,510,0,0.24,0.53,1.64,0.047,0.145,0.029,0.038,62.27,45.81
"2024-07-19 10:00:00",878,12.32,510,0,0.255,0.46,1.86,0.04,0.164,0.026,0.046,63.08,45.53
"2024-07-19 10:30:00",879,12.32,510,0,0.261,0.45,1.93,0.04,0.17,0.024,0.052,62.41,46.94
"2024-07-19 11:00:00",880,12.31,510,0,0.277,0.46,2.06,0.04,0.183,0.022,0.062,62.56,47.35
"2024-07-19 11:30:00",881,12.31,510,0,0.31,0.67,2.14,0.06,0.19,0.043,0.064,63.55,46.83
"2024-07-19 12:00:00",882,12.32,510,0,0.249,0.19,2.1,0.016,0.186,0,0.062,59.62,46.9
"2024-07-19 12:30:00",883,12.32,510,0,0.266,0.38,2.05,0.034,0.181,0.015,0.06,64.18,47.47
"2024-07-19 13:00:00",884,12.32,510,0,0.175,-0.57,2.25,-0.051,0.199,-0.055,0.077,59.86,47.46
"2024-07-19 13:30:00",885,12.32,510,0,0.302,0.42,2.34,0.037,0.208,0.016,0.074,60.85,47.45
"2024-07-19 14:00:00",886,12.32,510,0,0.301,0.45,2.3,0.04,0.204,0.024,0.074,63.19,46.9
"2024-07-19 14:30:00",887,12.32,510,0,0.336,0.69,2.36,0.061,0.209,0.038,0.074,62.99,47.68
"2024-07-19 15:00:00",888,12.32,510,0,0.304,0.46,2.31,0.041,0.204,0.024,0.074,62.35,46.89
