"TOA5","CR300Series_311","CR300","3917","CR300.Std.11.00","CPU:CR300_sapflow.CR300","32345","Table1"
"TIMESTAMP","RECORD","BattV_Min","id","SDI0","SapFlwTot0","VhOuter0","VhInner0","AlphaOut0","AlphaIn0","BetaOut0","BetaIn0","tMaxTout0","tMaxTin0"
"TS","RN","Volts","","","literPerHour","heatVelocity","heatVelocity","logTRatio","logTRatio","logTRatio","logTRatio","second","second"
"","","Min","Smp","Smp","Smp","Smp","Smp","Smp","Smp","Smp","Smp","Smp","Smp"
"2024-07-11 10:30:00",1098,12.07,311,0,0.376,6.03,11.93,0.32,0.634,0.356,0.774,50.57,33.17
"2024-07-11 11:00:00",1099,12.08,311,0,0.403,6.25,13.05,0.332,0.693,0.371,0.827,49.72,32.85
"2024-07-11 11:30:00",1100,12.07,311,0,0.44,7.03,13.96,0.374,0.742,0.399,0.862,50.73,34.16
"2024-07-11 12:00:00",1101,12.07,311,0,0.425,6.7,13.6,0.356,0.722,0.395,0.856,50.04,33.58
"2024-07-11 12:30:00",1102,13.07,311,0,0.401,6.23,12.95,0.331,0.688,0.375,0.823,49.16,33.52
"2024-07-11 13:00:00",1103,13,311,0,0.401,6.47,12.65,0.344,0.672,0.385,0.804,49.19,33.55
"2024-07-11 13:30:00",1104,13,311,0,0.347,5.55,11,0.295,0.584,0.343,0.741,49.06,32.89
"2024-07-11 14:00:00",1105,13,311,0,0.344,5.87,10.45,0.311,0.555,0.355,0.717,49.05,31.9
"2024-07-11 14:30:00",1106,13,311,0,0.331,5.35,10.41,0.284,0.553,0.325,0.712,49.1,32.62
"2024-07-11 15:00:00",1107,12.99,311,0,0.339,5.17,11.08,0.275,0.589,0.322,0.741,49.36,32.8
"2024-07-11 15:30:00",1108,13,311,0,0.346,5.62,10.85,0.298,0.576,0.357,0.74,47.78,32.04
"2024-07-11 16:00:00",1109,13,311,0,0.317,5.2,9.9,0.276,0.525,0.332,0.696,47.76,31.85
"2024-07-11 16:30:00",1110,12.99,311,0,0.262,3.97,8.6,0.211,0.457,0.275,0.643,47.85,31.37
"2024-07-11 17:00:00",1111,12.99,311,0,0.267,4.53,8.13,0.241,0.432,0.293,0.623,48.54,31.38
"2024-07-11 17:30:00",1112,12.99,311,0,0.265,4.5,8.05,0.239,0.428,0.29,0.615,49.03,31.88
"2024-07-11 18:00:00",1113,12.99,311,0,0.258,4.25,8,0.225,0.425,0.281,0.618,48.02,31.85
"2024-07-11 18:30:00",1114,12.99,311,0,0.258,4.32,7.95,0.23,0.423,0.287,0.616,48.57,31.27
"2024-07-11 19:00:00",1115,12.99,311,0,0.261,4.47,7.88,0.237,0.418,0.288,0.611,49,31.43
"2024-07-11 19:30:00",1116,12.99,311,0,0.257,4.37,7.83,0.231,0.416,0.284,0.612,49.04,31.89
"2024-07-11 20:00:00",1117,12.99,311,0,0.257,4.37,7.81,0.231,0.415,0.288,0.61,48.9,31.74
"2024-07-11 20:30:00",1118,12.98,311,0,0.251,4.28,7.61,0.228,0.404,0.283,0.6,49.14,31.84
"2024-07-11 21:00:00",1119,12.98,311,0,0.236,3.83,7.43,0.204,0.395,0.267,0.593,48.03,31.13
"2024-07-11 21:30:00",1120,12.98,311,0,0.249,4.38,7.37,0.233,0.391,0.284,0.589,49.21,31.23
"2024-07-11 22:00:00",1121,12.98,311,0,0.241,4.18,7.22,0.222,0.383,0.275,0.581,48.64,31.33
"2024-07-11 22:30:00",1122,12.98,311,0,0.238,4.08,7.17,0.217,0.381,0.273,0.58,48.43,30.86
"2024-07-11 23:00:00",1123,12.98,311,0,0.235,4.03,7.1,0.215,0.377,0.268,0.576,48.44,31.7
"2024-07-11 23:30:00",1124,12.98,311,0,0.234,4.05,7.03,0.215,0.374,0.269,0.574,49.37,31.8
"2024-07-12 00:00:00",1125,12.97,311,0,0.234,4.05,7.03,0.215,0.374,0.269,0.574,49.46,31.22
"2024-07-12 00:30:00",1126,12.97,311,0,0.235,4.08,7.05,0.217,0.375,0.272,0.574,47.69,32.05
"2024-07-12 01:00:00",1127,12.97,311,0,0.237,4.17,7.03,0.221,0.374,0.274,0.575,49.32,30.65
"2024-07-12 01:30:00",1128,12.97,311,0,0.236,4.12,7.02,0.219,0.372,0.274,0.574,49.02,31.18
"2024-07-12 02:00:00",1129,12.97,311,0,0.235,4.13,6.97,0.219,0.37,0.276,0.574,47.5,30.34
"2024-07-12 02:30:00",1130,12.97,311,0,0.238,4.2,7.02,0.223,0.372,0.278,0.572,47.95,31.63
"2024-07-12 03:00:00",1131,12.97,311,0,0.233,4.07,6.95,0.216,0.369,0.272,0.571,48.08,31.08
"2024-07-12 03:30:00",1132,12.96,311,0,0.236,4.15,7,0.22,0.371,0.276,0.577,48.95,30.7
"2024-07-12 04:00:00",1133,12.96,311,0,0.232,4.07,6.87,0.216,0.365,0.269,0.568,48.28,30.71
"2024-07-12 04:30:00",1134,12.96,311,0,0.231,4.07,6.85,0.216,0.364,0.274,0.568,48.85,31.54
"2024-07-12 05:00:00",1135,12.96,311,0,0.237,4.23,6.93,0.225,0.368,0.28,0.569,48.43,31.69
"2024-07-12 05:30:00",1136,12.96,311,0,0.232,4.07,6.9,0.216,0.366,0.271,0.568,47.44,31.54
"2024-07-12 06:00:00",1137,12.96,311,0,0.231,4.08,6.82,0.217,0.362,0.272,0.566,48.21,31.47
"2024-07-12 06:30:00",1138,12.96,311,0,0.229,4,6.82,0.212,0.362,0.266,0.562,48.75,31.33
"2024-07-12 07:00:00",1139,12.95,311,0,0.234,4.03,7.03,0.214,0.374,0.274,0.57,47.7,32.37
"2024-07-12 07:30:00",1140,12.95,311,0,0.242,4.17,7.3,0.221,0.388,0.274,0.58,48.43,31.27
"2024-07-12 08:00:00",1141,12.95,311,0,0.269,4.55,8.23,0.241,0.437,0.296,0.611,48.21,32.99
"2024-07-12 08:30:00",1142,12.95,311,0,0.283,4.78,8.65,0.254,0.46,0.302,0.639,49.57,31.58
"2024-07-12 09:00:00",1143,12.95,311,0,0.284,4.7,8.8,0.249,0.468,0.296,0.628,49,30.78
"2024-07-12 09:30:00",1144,12.95,311,0,0.307,4.97,9.65,0.264,0.513,0.316,0.676,47.28,34.71
"2024-07-12 10:00:00",1145,12.95,311,0,0.339,5.43,10.73,0.289,0.57,0.34,0.727,48.69,32.65
"2024-07-12 10:30:00",1146,12.95,311,0,0.356,6,10.9,0.319,0.579,0.353,0.728,49.23,31.01
"2024-07-12 11:00:00",1147,12.95,311,0,0.367,5.9,11.6,0.313,0.616,0.355,0.767,50.16,32.62
"2024-07-12 11:30:00",1148,12.95,311,0,0.374,5.83,12.08,0.31,0.642,0.343,0.779,51.49,32.98
"2024-07-12 12:00:00",1149,12.94,311,0,0.412,6.65,13.01,0.353,0.691,0.39,0.828,50.66,34.11
"2024-07-12 12:30:00",1150,12.94,311,0,0.413,6.33,13.48,0.336,0.716,0.39,0.846,46.85,31.64
"2024-07-12 13:00:00",1151,12.94,311,0,0.425,6.77,13.55,0.359,0.72,0.402,0.84,48.4,33.51
"2024-07-12 13:30:00",1152,12.94,311,0,0.416,6.55,13.36,0.347,0.71,0.385,0.835,50.12,33.98
"2024-07-12 14:00:00",1153,12.94,311,0,0.416,6.55,13.33,0.348,0.708,0.39,0.834,49.89,34.01
"2024-07-12 14:30:00",1154,12.94,311,0,0.416,6.55,13.36,0.348,0.709,0.393,0.846,48.03,32.55
"2024-07-12 15:00:00",1155,12.94,311,0,0.342,5.48,10.85,0.291,0.576,0.347,0.738,47.74,32.26
"2024-07-12 15:30:00",1156,12.93,311,0,0.294,4.83,9.15,0.257,0.486,0.311,0.664,48.46,31.73
"2024-07-12 16:00:00",1157,12.92,311,0,0.27,4.45,8.41,0.236,0.447,0.293,0.638,48.01,31.43
"2024-07-12 16:30:00",1158,12.92,311,0,0.265,4.47,8.11,0.237,0.431,0.291,0.618,48.52,31.37
"2024-07-12 17:00:00",1159,12.92,311,0,0.269,4.5,8.26,0.239,0.439,0.296,0.628,48.64,31.49
"2024-07-12 17:30:00",1160,12.91,311,0,0.276,4.62,8.46,0.245,0.45,0.299,0.632,48.54,32.06
"2024-07-12 18:00:00",1161,12.91,311,0,0.281,4.7,8.65,0.25,0.46,0.303,0.648,47.74,31.84
"2024-07-12 18:30:00",1162,12.91,311,0,0.297,5.08,8.96,0.27,0.477,0.33,0.662,46.03,32.2
"2024-07-12 19:00:00",1163,12.91,311,0,0.271,4.52,8.35,0.24,0.444,0.295,0.632,47.8,31.48
"2024-07-12 19:30:00",1164,12.9,311,0,0.255,4.37,7.71,0.232,0.41,0.288,0.607,48.81,31.23
"2024-07-12 20:00:00",1165,12.9,311,0,0.247,4.18,7.52,0.222,0.399,0.278,0.601,48.03,31.28
"2024-07-12 20:30:00",1166,12.9,311,0,0.242,4.13,7.35,0.22,0.39,0.28,0.593,48.74,30.18
"2024-07-12 21:00:00",1167,12.89,311,0,0.237,4.03,7.22,0.214,0.383,0.273,0.582,48.06,31.74
"2024-07-12 21:30:00",1168,12.89,311,0,0.236,3.98,7.23,0.212,0.384,0.272,0.585,48.08,31.49
"2024-07-12 22:00:00",1169,12.88,311,0,0.239,4.13,7.18,0.22,0.382,0.278,0.587,47.99,30.67
"2024-07-12 22:30:00",1170,12.88,311,0,0.236,4.03,7.17,0.214,0.381,0.27,0.582,47.33,31.01
"2024-07-12 23:00:00",1171,12.88,311,0,0.234,3.95,7.15,0.21,0.38,0.268,0.581,47.88,31.39
"2024-07-12 23:30:00",1172,12.88,311,0,0.234,4.02,7.05,0.213,0.374,0.272,0.581,48.39,30.82
"2024-07-13 00:00:00",1173,12.88,311,0,0.238,4.02,7.25,0.213,0.385,0.273,0.586,47.56,31.39
"2024-07-13 00:30:00",1174,12.88,311,0,0.239,4.15,7.15,0.22,0.379,0.278,0.582,46.57,31.49
"2024-07-13 01:00:00",1175,12.88,311,0,0.236,4.1,7.05,0.217,0.374,0.276,0.582,48.13,31.54
"2024-07-13 01:30:00",1176,12.87,311,0,0.231,4,6.93,0.212,0.368,0.269,0.575,47.76,31.02
"2024-07-13 02:00:00",1177,12.87,311,0,0.233,4.07,6.95,0.216,0.369,0.277,0.577,47.03,31.95
"2024-07-13 02:30:00",1178,12.87,311,0,0.233,4.02,7,0.213,0.372,0.273,0.577,48.18,31.28
"2024-07-13 03:00:00",1179,12.87,311,0,0.232,3.95,7.03,0.209,0.373,0.269,0.58,48.25,31.5
"2024-07-13 03:30:00",1180,12.87,311,0,0.232,3.97,7.03,0.21,0.373,0.266,0.579,47.75,31.02
"2024-07-13 04:00:00",1181,12.86,311,0,0.233,4.02,6.98,0.213,0.371,0.274,0.575,49.11,31.28
"2024-07-13 04:30:00",1182,12.86,311,0,0.235,4.03,7.12,0.214,0.378,0.273,0.581,48.49,31.75
"2024-07-13 05:00:00",1183,12.86,311,0,0.233,4.02,7,0.214,0.372,0.275,0.578,46.88,30.97
"2024-07-13 05:30:00",1184,12.86,311,0,0.229,3.93,6.93,0.209,0.368,0.266,0.573,47.78,32.44
"2024-07-13 06:00:00",1185,12.86,311,0,0.228,3.93,6.87,0.209,0.364,0.266,0.574,47.61,30.03
"2024-07-13 06:30:00",1186,12.86,311,0,0.229,3.97,6.87,0.21,0.364,0.268,0.573,47.76,30.45
"2024-07-13 07:00:00",1187,12.85,311,0,0.227,3.93,6.82,0.209,0.362,0.265,0.571,48.28,30.7
"2024-07-13 07:30:00",1188,12.85,311,0,0.231,3.97,6.97,0.211,0.37,0.268,0.572,47.66,31.33
"2024-07-13 08:00:00",1189,12.85,311,0,0.233,4.03,7,0.215,0.372,0.267,0.572,49.54,31.82
"2024-07-13 08:30:00",1190,12.85,311,0,0.236,4.07,7.1,0.216,0.377,0.269,0.574,49.25,31.43
"2024-07-13 09:00:00",1191,12.85,311,0,0.242,4.02,7.48,0.214,0.397,0.268,0.585,48.69,31.56
"2024-07-13 09:30:00",1192,12.84,311,0,0.264,4.22,8.36,0.224,0.445,0.274,0.62,49.95,31.98
"2024-07-13 10:00:00",1193,12.84,311,0,0.284,4.78,8.7,0.254,0.462,0.311,0.641,47.25,31.51
"2024-07-13 10:30:00",1194,12.84,311,0,0.297,4.82,9.33,0.256,0.496,0.309,0.672,47.98,32.09
"2024-07-13 11:00:00",1195,12.84,311,0,0.311,5.2,9.55,0.276,0.508,0.31,0.671,50.89,32.09
"2024-07-13 11:30:00",1196,12.84,311,0,0.333,5.33,10.53,0.284,0.56,0.322,0.711,50.32,32.76
"2024-07-13 12:00:00",1197,12.84,311,0,0.399,6.73,12.21,0.357,0.649,0.396,0.787,49.26,33.11
"2024-07-13 12:30:00",1198,12.84,311,0,0.443,6.92,14.28,0.367,0.759,0.409,0.873,49.75,34.54
"2024-07-13 13:00:00",1199,12.84,311,0,0.455,7.33,14.38,0.39,0.764,0.419,0.881,50.5,33.24
"2024-07-13 13:30:00",1200,12.84,311,0,0.455,6.78,15.08,0.36,0.801,0.397,0.913,51.75,34.63
"2024-07-13 14:00:00",1201,12.84,311,0,0.439,6.98,13.98,0.371,0.743,0.415,0.869,47.21,33.24
"2024-07-13 14:30:00",1202,12.84,311,0,0.424,6.77,13.5,0.359,0.717,0.403,0.847,49.29,34.24
"2024-07-13 15:00:00",1203,12.83,311,0,0.409,6.37,13.2,0.338,0.701,0.371,0.827,52.03,34.08
"2024-07-13 15:30:00",1204,12.83,311,0,0.42,6.33,13.86,0.336,0.737,0.375,0.861,50.84,33.87
"2024-07-13 16:00:00",1205,12.82,311,0,0.429,6.43,14.2,0.342,0.754,0.38,0.875,50.18,35.4
"2024-07-13 16:30:00",1206,12.83,311,0,0.434,6.62,14.2,0.351,0.754,0.399,0.876,48.45,32.99
"2024-07-13 17:00:00",1207,12.83,311,0,0.439,6.77,14.25,0.36,0.757,0.407,0.875,48.36,32.06
"2024-07-13 17:30:00",1208,12.83,311,0,0.415,6.38,13.53,0.339,0.719,0.383,0.851,48.73,32.84
"2024-07-13 18:00:00",1209,12.82,311,0,0.39,5.8,12.95,0.308,0.687,0.355,0.824,47.9,32.69
"2024-07-13 18:30:00",1210,12.82,311,0,0.428,6.55,13.98,0.348,0.742,0.385,0.868,49.5,33.62
"2024-07-13 19:00:00",1211,12.81,311,0,0.426,6.5,13.91,0.346,0.739,0.388,0.866,48.89,33
"2024-07-13 19:30:00",1212,12.81,311,0,0.416,6.45,13.5,0.343,0.717,0.384,0.85,48.96,32.91
"2024-07-13 20:00:00",1213,12.81,311,0,0.392,6.17,12.6,0.327,0.669,0.371,0.814,48.19,32.71
"2024-07-13 20:30:00",1214,12.81,311,0,0.355,5.55,11.45,0.295,0.608,0.345,0.764,48.18,31.88
"2024-07-13 21:00:00",1215,12.8,311,0,0.322,5.15,10.23,0.273,0.544,0.322,0.71,48.22,32.16
"2024-07-13 21:30:00",1216,12.8,311,0,0.297,4.83,9.33,0.256,0.496,0.309,0.673,47.81,31.75
"2024-07-13 22:00:00",1217,12.79,311,0,0.28,4.63,8.66,0.246,0.46,0.301,0.65,47.8,31.89
"2024-07-13 22:30:00",1218,12.79,311,0,0.269,4.43,8.35,0.235,0.444,0.288,0.632,48.43,31.54
"2024-07-13 23:00:00",1219,12.78,311,0,0.262,4.33,8.11,0.23,0.431,0.286,0.624,48.52,31.78
"2024-07-13 23:30:00",1220,12.78,311,0,0.257,4.28,7.9,0.227,0.42,0.284,0.615,47.99,31.42
"2024-07-14 00:00:00",1221,12.78,311,0,0.253,4.2,7.8,0.223,0.414,0.281,0.61,48.14,31.41
"2024-07-14 00:30:00",1222,12.77,311,0,0.25,4.18,7.68,0.222,0.408,0.278,0.607,48.18,31.18
"2024-07-14 01:00:00",1223,12.77,311,0,0.247,4.18,7.55,0.222,0.401,0.276,0.6,47.51,31.18
"2024-07-14 01:30:00",1224,12.77,311,0,0.243,4.1,7.45,0.218,0.395,0.274,0.596,47.88,30.87
"2024-07-14 02:00:00",1225,12.76,311,0,0.246,4.2,7.43,0.223,0.394,0.276,0.594,48.52,31.2
"2024-07-14 02:30:00",1226,12.76,311,0,0.245,4.17,7.43,0.221,0.394,0.277,0.593,48.21,31.45
"2024-07-14 03:00:00",1227,12.76,311,0,0.242,4.1,7.35,0.217,0.39,0.274,0.591,48.97,31.13
"2024-07-14 03:30:00",1228,12.75,311,0,0.239,4.08,7.22,0.216,0.383,0.272,0.588,47.49,30.76
"2024-07-14 04:00:00",1229,12.75,311,0,0.237,4.03,7.22,0.214,0.383,0.271,0.586,48.84,30.7
"2024-07-14 04:30:00",1230,12.75,311,0,0.238,4.12,7.17,0.218,0.38,0.273,0.585,48.41,31.25
"2024-07-14 05:00:00",1231,12.75,311,0,0.236,4.08,7.1,0.217,0.377,0.272,0.582,48.83,31.25
"2024-07-14 05:30:00",1232,12.75,311,0,0.238,4.1,7.17,0.217,0.38,0.272,0.582,49.04,31.45
"2024-07-14 06:00:00",1233,12.74,311,0,0.235,4.05,7.07,0.215,0.376,0.27,0.581,49.08,30.67
"2024-07-14 06:30:00",1234,12.74,311,0,0.231,3.93,7,0.209,0.371,0.265,0.578,48.73,31.15
"2024-07-14 07:00:00",1235,12.74,311,0,0.226,3.88,6.82,0.206,0.362,0.261,0.567,49.62,30.78
"2024-07-14 07:30:00",1236,12.73,311,0,0.231,3.95,7,0.21,0.372,0.261,0.573,49.28,31.29
"2024-07-14 08:00:00",1237,12.73,311,0,0.244,3.98,7.65,0.212,0.407,0.259,0.594,50.51,31.69
"2024-07-14 08:30:00",1238,12.73,311,0,0.298,4.88,9.31,0.259,0.495,0.296,0.657,50.7,32.48
"2024-07-14 09:00:00",1239,12.73,311,0,0.357,5.82,11.2,0.309,0.595,0.35,0.749,49.45,33.41
"2024-07-14 09:30:00",1240,12.73,311,0,0.406,6.33,13.08,0.336,0.695,0.379,0.825,50.17,33.72
"2024-07-14 10:00:00",1241,12.73,311,0,0.416,6.1,13.95,0.324,0.741,0.364,0.862,50.59,34.29
"2024-07-14 10:30:00",1242,12.73,311,0,0.427,6.07,14.58,0.323,0.774,0.361,0.889,52.29,34.77
"2024-07-14 11:00:00",1243,12.73,311,0,0.473,7.45,15.18,0.396,0.806,0.425,0.916,50.91,33.95
"2024-07-14 11:30:00",1244,12.73,311,0,0.484,7.78,15.31,0.413,0.813,0.444,0.926,50.53,34.51
"2024-07-14 12:00:00",1245,12.73,311,0,0.497,8.03,15.68,0.427,0.833,0.461,0.935,49.98,34.13
"2024-07-14 12:30:00",1246,12.73,311,0,0.507,8.05,16.15,0.427,0.858,0.458,0.951,50.49,33.53
"2024-07-14 13:00:00",1247,12.73,311,0,0.511,7.98,16.45,0.424,0.873,0.453,0.966,50.85,34.16
"2024-07-14 13:30:00",1248,12.73,311,0,0.504,7.68,16.51,0.408,0.877,0.439,0.969,50.47,33.78
"2024-07-14 14:00:00",1249,12.73,311,0,0.494,7.52,16.18,0.399,0.86,0.43,0.957,50.65,34.37
"2024-07-14 14:30:00",1250,12.72,311,0,0.492,7.65,15.91,0.406,0.845,0.441,0.948,51.22,34.68
"2024-07-14 15:00:00",1251,12.72,311,0,0.471,7.23,15.35,0.384,0.816,0.415,0.923,51.45,33.78
"2024-07-14 15:30:00",1252,12.72,311,0,0.467,7.13,15.25,0.379,0.809,0.41,0.919,52.28,33.68
"2024-07-14 16:00:00",1253,12.72,311,0,0.461,7.08,15.01,0.376,0.797,0.41,0.906,48.65,34.04
"2024-07-14 16:30:00",1254,12.72,311,0,0.465,7.2,15.08,0.382,0.801,0.417,0.922,50.26,33.98
"2024-07-14 17:00:00",1255,12.72,311,0,0.465,7.17,15.1,0.38,0.802,0.417,0.925,50.14,33.85
"2024-07-14 17:30:00",1256,12.72,311,0,0.462,7.25,14.83,0.385,0.788,0.421,0.898,50.45,32.66
"2024-07-14 18:00:00",1257,12.72,311,0,0.451,7.08,14.48,0.376,0.77,0.417,0.888,47.81,33.75
"2024-07-14 18:30:00",1258,12.71,311,0,0.438,6.83,14.13,0.363,0.751,0.403,0.87,48.7,31.99
"2024-07-14 19:00:00",1259,12.71,311,0,0.428,6.68,13.78,0.355,0.732,0.394,0.855,50.05,31.68
"2024-07-14 19:30:00",1260,12.7,311,0,0.407,6.37,13.13,0.338,0.697,0.383,0.826,48.7,32.26
"2024-07-14 20:00:00",1261,12.7,311,0,0.379,5.93,12.21,0.315,0.649,0.361,0.792,48.73,32.85
"2024-07-14 20:30:00",1262,12.69,311,0,0.349,5.58,11.08,0.297,0.589,0.343,0.746,48.73,32.15
"2024-07-14 21:00:00",1263,12.69,311,0,0.316,5.07,10,0.269,0.531,0.318,0.7,50.01,33.13
"2024-07-14 21:30:00",1264,12.68,311,0,0.3,4.85,9.43,0.258,0.501,0.31,0.678,49.17,31.61
"2024-07-14 22:00:00",1265,12.68,311,0,0.288,4.75,8.95,0.252,0.476,0.305,0.657,48.59,31.6
"2024-07-14 22:30:00",1266,12.67,311,0,0.282,4.65,8.75,0.247,0.464,0.3,0.652,49.22,31.51
"2024-07-14 23:00:00",1267,12.67,311,0,0.28,4.63,8.66,0.246,0.46,0.299,0.645,47.53,31.47
"2024-07-14 23:30:00",1268,12.67,311,0,0.279,4.68,8.56,0.249,0.455,0.303,0.64,49.01,31.45
"2024-07-15 00:00:00",1269,12.66,311,0,0.276,4.58,8.51,0.243,0.452,0.296,0.638,49.14,31.58
"2024-07-15 00:30:00",1270,12.66,311,0,0.277,4.62,8.53,0.245,0.454,0.297,0.641,48.89,31.74
"2024-07-15 01:00:00",1271,12.66,311,0,0.268,4.5,8.2,0.239,0.435,0.289,0.634,49.41,31.01
"2024-07-15 01:30:00",1272,12.66,311,0,0.266,4.5,8.13,0.239,0.432,0.294,0.624,49.31,31.17
"2024-07-15 02:00:00",1273,12.65,311,0,0.263,4.43,8.05,0.235,0.427,0.288,0.624,49.03,30.8
"2024-07-15 02:30:00",1274,12.65,311,0,0.26,4.37,8,0.232,0.425,0.287,0.618,48.55,31.13
"2024-07-15 03:00:00",1275,12.65,311,0,0.258,4.32,7.91,0.229,0.42,0.281,0.614,48.43,31.27
"2024-07-15 03:30:00",1276,12.65,311,0,0.257,4.35,7.83,0.231,0.416,0.282,0.608,49.16,31.17
"2024-07-15 04:00:00",1277,12.64,311,0,0.256,4.32,7.85,0.229,0.417,0.282,0.608,48.73,31.17
"2024-07-15 04:30:00",1278,12.64,311,0,0.256,4.33,7.78,0.23,0.413,0.283,0.606,48.45,31.44
"2024-07-15 05:00:00",1279,12.64,311,0,0.254,4.32,7.7,0.229,0.409,0.282,0.604,49.03,30.88
"2024-07-15 05:30:00",1280,12.63,311,0,0.255,4.35,7.75,0.231,0.411,0.284,0.606,48.98,31.4
"2024-07-15 06:00:00",1281,12.63,311,0,0.255,4.32,7.76,0.229,0.412,0.28,0.605,48.74,31.33
"2024-07-15 06:30:00",1282,12.63,311,0,0.262,4.38,8.03,0.233,0.427,0.283,0.615,48.96,31.65
"2024-07-15 07:00:00",1283,12.63,311,0,0.277,4.62,8.56,0.245,0.455,0.294,0.638,48.96,31.64
"2024-07-15 07:30:00",1284,12.63,311,0,0.302,4.9,9.51,0.26,0.505,0.305,0.678,49.82,32.51
"2024-07-15 08:00:00",1285,12.62,311,0,0.342,5.42,10.91,0.288,0.58,0.327,0.728,49.99,32.68
"2024-07-15 08:30:00",1286,12.62,311,0,0.374,5.88,12,0.312,0.637,0.354,0.777,50.28,33.96
"2024-07-15 09:00:00",1287,12.62,311,0,0.413,6.35,13.43,0.337,0.713,0.382,0.848,48.93,33.31
"2024-07-15 09:30:00",1288,12.62,311,0,0.431,6.53,14.15,0.347,0.752,0.386,0.872,50.87,34.31
"2024-07-15 10:00:00",1289,12.62,311,0,0.413,6.1,13.76,0.324,0.731,0.348,0.857,53.42,34.38
"2024-07-15 10:30:00",1290,12.62,311,0,0.43,6.5,14.15,0.345,0.752,0.387,0.872,52.14,34.87
"2024-07-15 11:00:00",1291,12.62,311,0,0.496,8.2,15.36,0.435,0.816,0.459,0.925,51.13,32.76
"2024-07-15 11:30:00",1292,12.62,311,0,0.457,6.97,14.98,0.37,0.796,0.405,0.903,50.63,35.18
"2024-07-15 12:00:00",1293,12.62,311,0,0.466,7.1,15.26,0.377,0.811,0.415,0.932,48.98,34.77
"2024-07-15 12:30:00",1294,12.62,311,0,0.48,7.25,15.8,0.385,0.839,0.422,0.948,49.19,34.57
"2024-07-15 13:00:00",1295,12.62,311,0,0.494,7.52,16.2,0.399,0.861,0.433,0.97,49.88,33.75
"2024-07-15 13:30:00",1296,12.62,311,0,0.493,7.4,16.31,0.393,0.866,0.424,0.965,50.64,33.68
"2024-07-15 14:00:00",1297,12.61,311,0,0.49,7.23,16.35,0.384,0.868,0.416,0.967,50.38,34.77
"2024-07-15 14:30:00",1298,12.61,311,0,0.482,7.2,15.95,0.383,0.847,0.416,0.947,50.16,33.88
"2024-07-15 15:00:00",1299,12.61,311,0,0.465,7.02,15.31,0.372,0.813,0.405,0.916,50.21,34.76
"2024-07-15 15:30:00",1300,12.61,311,0,0.463,7,15.23,0.372,0.809,0.412,0.918,49.36,34.18
"2024-07-15 16:00:00",1301,12.61,311,0,0.461,7.05,15.08,0.374,0.801,0.408,0.911,50.61,33.5
"2024-07-15 16:30:00",1302,12.61,311,0,0.464,7.13,15.1,0.379,0.802,0.414,0.907,50.24,34.38
"2024-07-15 17:00:00",1303,12.61,311,0,0.464,7.12,15.11,0.378,0.803,0.412,0.914,49.84,34.39
"2024-07-15 17:30:00",1304,12.61,311,0,0.454,6.95,14.81,0.369,0.787,0.404,0.899,49.98,33.87
"2024-07-15 18:00:00",1305,12.61,311,0,0.456,6.95,14.91,0.369,0.792,0.409,0.901,48.7,33.93
"2024-07-15 18:30:00",1306,12.6,311,0,0.463,7.2,14.98,0.382,0.796,0.416,0.902,48.94,33.33
"2024-07-15 19:00:00",1307,12.6,311,0,0.449,6.92,14.61,0.368,0.776,0.407,0.888,48.98,33.09
"2024-07-15 19:30:00",1308,12.59,311,0,0.429,6.65,13.91,0.353,0.739,0.395,0.861,48.86,32.83
"2024-07-15 20:00:00",1309,12.59,311,0,0.407,6.38,13.08,0.339,0.695,0.384,0.83,50.03,33.31
"2024-07-15 20:30:00",1310,12.59,311,0,0.366,5.73,11.76,0.305,0.625,0.355,0.782,48.44,32.13
"2024-07-15 21:00:00",1311,12.58,311,0,0.335,5.4,10.6,0.287,0.563,0.336,0.73,48.33,31.61
"2024-07-15 21:30:00",1312,12.58,311,0,0.317,5.12,10,0.272,0.531,0.326,0.7,48.37,31.91
"2024-07-15 22:00:00",1313,12.57,311,0,0.305,5,9.5,0.265,0.504,0.315,0.683,49.45,32.46
"2024-07-15 22:30:00",1314,12.57,311,0,0.298,4.92,9.26,0.261,0.492,0.313,0.672,48.49,31.77
"2024-07-15 23:00:00",1315,12.56,311,0,0.288,4.7,9,0.25,0.478,0.303,0.657,49.17,32.03
"2024-07-15 23:30:00",1316,12.56,311,0,0.285,4.78,8.76,0.254,0.466,0.304,0.645,50.32,31.51
"2024-07-16 00:00:00",1317,12.55,311,0,0.278,4.63,8.56,0.246,0.455,0.299,0.642,48.55,31.15
"2024-07-16 00:30:00",1318,12.55,311,0,0.273,4.55,8.41,0.241,0.447,0.294,0.634,49.08,32.35
"2024-07-16 01:00:00",1319,12.55,311,0,0.272,4.52,8.43,0.24,0.448,0.293,0.639,49.39,31.83
"2024-07-16 01:30:00",1320,12.54,311,0,0.269,4.5,8.26,0.239,0.439,0.29,0.621,49.53,31.56
"2024-07-16 02:00:00",1321,12.54,311,0,0.269,4.55,8.21,0.241,0.436,0.29,0.624,48.58,32.12
"2024-07-16 02:30:00",1322,12.54,311,0,0.268,4.5,8.21,0.239,0.437,0.294,0.627,48.66,31.77
"2024-07-16 03:00:00",1323,12.54,311,0,0.266,4.47,8.15,0.237,0.433,0.291,0.62,48.74,31.43
"2024-07-16 03:30:00",1324,12.54,311,0,0.266,4.53,8.08,0.241,0.43,0.294,0.622,48.73,32
"2024-07-16 04:00:00",1325,12.54,311,0,0.268,4.53,8.15,0.24,0.433,0.294,0.622,48.57,31.02
"2024-07-16 04:30:00",1326,12.54,311,0,0.268,4.53,8.2,0.241,0.435,0.296,0.629,48.39,32.08
"2024-07-16 05:00:00",1327,12.53,311,0,0.27,4.6,8.18,0.244,0.434,0.295,0.624,48.05,31.06
"2024-07-16 05:30:00",1328,12.53,311,0,0.268,4.53,8.2,0.241,0.435,0.294,0.626,49.05,31.06
"2024-07-16 06:00:00",1329,12.53,311,0,0.271,4.62,8.21,0.245,0.437,0.298,0.625,48.38,31.63
"2024-07-16 06:30:00",1330,12.52,311,0,0.284,4.78,8.71,0.254,0.463,0.306,0.646,49.31,31.58
"2024-07-16 07:00:00",1331,12.52,311,0,0.309,5.1,9.58,0.271,0.509,0.316,0.678,48.78,31.63
"2024-07-16 07:30:00",1332,12.52,311,0,0.333,5.37,10.51,0.285,0.559,0.328,0.72,50.64,33.08
"2024-07-16 08:00:00",1333,12.52,311,0,0.361,5.73,11.51,0.304,0.612,0.347,0.758,49.73,32.6
"2024-07-16 08:30:00",1334,12.51,311,0,0.373,5.7,12.16,0.303,0.646,0.342,0.785,50.24,33.68
"2024-07-16 09:00:00",1335,12.51,311,0,0.401,6.3,12.86,0.335,0.683,0.375,0.817,50.5,33.11
"2024-07-16 09:30:00",1336,12.51,311,0,0.42,6.52,13.58,0.346,0.721,0.379,0.846,50.96,33.83
"2024-07-16 10:00:00",1337,12.51,311,0,0.392,5.58,13.33,0.296,0.708,0.333,0.831,51.88,34.6
"2024-07-16 10:30:00",1338,12.51,311,0,0.443,6.63,14.65,0.352,0.778,0.384,0.894,51.68,33.74
"2024-07-16 11:00:00",1339,12.51,311,0,0.477,7.38,15.48,0.392,0.822,0.433,0.924,49.61,33.74
"2024-07-16 11:30:00",1340,12.51,311,0,0.457,6.92,15.05,0.367,0.799,0.396,0.906,53.05,34.45
"2024-07-16 12:00:00",1341,12.51,311,0,0.489,7.63,15.78,0.405,0.838,0.436,0.937,50.78,34.77
"2024-07-16 12:30:00",1342,12.51,311,0,0.48,7.35,15.66,0.39,0.832,0.426,0.934,50.39,33.95
"2024-07-16 13:00:00",1343,12.51,311,0,0.49,7.56,15.9,0.402,0.845,0.435,0.942,49.64,34.19
"2024-07-16 13:30:00",1344,12.51,311,0,0.488,7.43,16,0.395,0.849,0.425,0.95,49.44,34.81
"2024-07-16 14:00:00",1345,12.5,311,0,0.482,7.3,15.85,0.387,0.842,0.418,0.938,49.26,33.54
"2024-07-16 14:30:00",1346,12.51,311,0,0.466,7.1,15.26,0.377,0.81,0.412,0.917,51.51,34.56
"2024-07-16 15:00:00",1347,12.5,311,0,0.477,7.6,15.16,0.404,0.806,0.435,0.909,49.3,32.77
"2024-07-16 15:30:00",1348,12.5,311,0,0.461,7.07,15.05,0.375,0.799,0.41,0.911,50.5,34.64
"2024-07-16 16:00:00",1349,12.5,311,0,0.456,6.97,14.91,0.37,0.792,0.405,0.901,50.62,33.67
"2024-07-16 16:30:00",1350,12.5,311,0,0.467,7.22,15.15,0.383,0.805,0.419,0.911,50.87,35.01
"2024-07-16 17:00:00",1351,12.5,311,0,0.471,7.42,15.08,0.394,0.801,0.431,0.904,49.34,33.89
"2024-07-16 17:30:00",1352,12.49,311,0,0.479,7.66,15.2,0.407,0.807,0.445,0.911,48.32,33.95
"2024-07-16 18:00:00",1353,12.49,311,0,0.456,7,14.86,0.372,0.79,0.414,0.902,48.57,34.78
"2024-07-16 18:30:00",1354,12.49,311,0,0.45,6.93,14.61,0.368,0.777,0.408,0.883,48.51,33.47
"2024-07-16 19:00:00",1355,12.48,311,0,0.432,6.67,14.05,0.354,0.746,0.394,0.863,49.74,33.86
"2024-07-16 19:30:00",1356,12.48,311,0,0.419,6.55,13.5,0.347,0.717,0.387,0.841,49.65,33.51
"2024-07-16 20:00:00",1357,12.48,311,0,0.389,6.1,12.5,0.324,0.664,0.366,0.803,49.23,33.2
"2024-07-16 20:30:00",1358,12.47,311,0,0.365,5.78,11.63,0.307,0.618,0.355,0.764,49.13,31.84
"2024-07-16 21:00:00",1359,12.47,311,0,0.341,5.48,10.78,0.291,0.573,0.338,0.733,48.15,31.28
"2024-07-16 21:30:00",1360,12.47,311,0,0.323,5.2,10.2,0.276,0.542,0.325,0.709,48.37,31.39
"2024-07-16 22:00:00",1361,12.46,311,0,0.31,5.03,9.71,0.268,0.516,0.32,0.69,48.7,31.56
"2024-07-16 22:30:00",1362,12.46,311,0,0.302,5,9.35,0.266,0.497,0.318,0.673,49.03,31.47
"2024-07-16 23:00:00",1363,12.45,311,0,0.293,4.87,9.03,0.258,0.48,0.312,0.664,49.11,32.23
"2024-07-16 23:30:00",1364,12.45,311,0,0.288,4.82,8.86,0.256,0.47,0.308,0.654,48.82,31.52
"2024-07-17 00:00:00",1365,12.44,311,0,0.286,4.7,8.88,0.249,0.471,0.304,0.657,49.16,31.19
"2024-07-17 00:30:00",1366,12.44,311,0,0.281,4.63,8.75,0.246,0.465,0.297,0.653,49,31.71
"2024-07-17 01:00:00",1367,12.44,311,0,0.276,4.57,8.53,0.242,0.454,0.295,0.636,48.76,32.04
"2024-07-17 01:30:00",1368,12.44,311,0,0.274,4.6,8.41,0.244,0.447,0.295,0.644,47.93,31.62
"2024-07-17 02:00:00",1369,12.44,311,0,0.273,4.6,8.36,0.245,0.445,0.298,0.641,49.28,31.72
"2024-07-17 02:30:00",1370,12.43,311,0,0.269,4.57,8.2,0.242,0.435,0.295,0.629,48.22,31.09
"2024-07-17 03:00:00",1371,12.43,311,0,0.269,4.57,8.16,0.242,0.434,0.293,0.628,48.39,31.67
"2024-07-17 03:30:00",1372,12.43,311,0,0.274,4.65,8.31,0.247,0.441,0.297,0.625,47.97,31.4
"2024-07-17 04:00:00",1373,12.43,311,0,0.268,4.58,8.13,0.243,0.432,0.296,0.623,48.76,31.04
"2024-07-17 04:30:00",1374,12.43,311,0,0.271,4.6,8.23,0.244,0.438,0.297,0.625,49.66,31.83
"2024-07-17 05:00:00",1375,12.42,311,0,0.27,4.58,8.2,0.244,0.435,0.298,0.627,49.48,31.25
"2024-07-17 05:30:00",1376,12.42,311,0,0.269,4.57,8.16,0.242,0.434,0.295,0.625,47.21,31.47
"2024-07-17 06:00:00",1377,12.42,311,0,0.271,4.62,8.23,0.246,0.438,0.298,0.627,47.83,31.52
"2024-07-17 06:30:00",1378,12.41,311,0,0.285,4.78,8.73,0.254,0.464,0.304,0.648,49.39,32.67
"2024-07-17 07:00:00",1379,12.41,311,0,0.307,5.05,9.53,0.268,0.506,0.317,0.676,50.27,32.55
"2024-07-17 07:30:00",1380,12.41,311,0,0.327,5.32,10.28,0.282,0.546,0.327,0.709,49.35,32.05
"2024-07-17 08:00:00",1381,12.4,311,0,0.357,5.73,11.3,0.304,0.6,0.346,0.753,50.77,32.8
"2024-07-17 08:30:00",1382,12.4,311,0,0.375,5.97,11.96,0.317,0.636,0.355,0.776,50.05,33.74
"2024-07-17 09:00:00",1383,12.4,311,0,0.39,6.03,12.63,0.321,0.671,0.363,0.805,50.84,33.15
"2024-07-17 09:30:00",1384,12.4,311,0,0.429,7.03,13.4,0.373,0.711,0.403,0.833,52.13,33.33
"2024-07-17 10:00:00",1385,12.4,311,0,0.439,6.85,14.15,0.364,0.752,0.386,0.872,53.92,34.29
"2024-07-17 10:30:00",1386,12.4,311,0,0.427,6.58,13.9,0.349,0.738,0.378,0.853,53.45,34.83
"2024-07-17 11:00:00",1387,12.4,311,0,0.463,7.18,15,0.382,0.796,0.412,0.901,51.97,34.02
"2024-07-17 11:30:00",1388,12.4,311,0,0.469,7.43,14.98,0.394,0.795,0.421,0.902,51.83,33.89
"2024-07-17 12:00:00",1389,12.4,311,0,0.482,7.68,15.33,0.408,0.814,0.438,0.921,49.9,34.04
"2024-07-17 12:30:00",1390,12.4,311,0,0.471,7.23,15.33,0.384,0.814,0.422,0.917,49.26,35.06
"2024-07-17 13:00:00",1391,12.39,311,0,0.481,7.42,15.61,0.394,0.829,0.424,0.934,50.79,35.49
"2024-07-17 13:30:00",1392,12.39,311,0,0.485,7.38,15.86,0.393,0.843,0.424,0.939,51.69,35.55
"2024-07-17 14:00:00",1393,12.4,311,0,0.488,7.47,15.91,0.396,0.845,0.429,0.939,50.47,35.18
"2024-07-17 14:30:00",1394,12.39,311,0,0.492,7.75,15.78,0.412,0.838,0.444,0.931,51.59,34.49
"2024-07-17 15:00:00",1395,12.39,311,0,0.472,7.35,15.25,0.391,0.809,0.419,0.913,51.1,33.73
"2024-07-17 15:30:00",1396,12.39,311,0,0.469,7.22,15.26,0.383,0.811,0.414,0.914,52.58,34.65
"2024-07-17 16:00:00",1397,12.39,311,0,0.486,7.76,15.43,0.413,0.82,0.45,0.932,48.66,34.04
"2024-07-17 16:30:00",1398,12.39,311,0,0.467,7.27,15.11,0.386,0.803,0.426,0.913,50.18,33.64
"2024-07-17 17:00:00",1399,12.39,311,0,0.455,7.07,14.71,0.376,0.782,0.413,0.886,48.93,33.74
"2024-07-17 17:30:00",1400,12.38,311,0,0.444,6.8,14.48,0.362,0.769,0.404,0.884,49.05,33.18
"2024-07-17 18:00:00",1401,12.38,311,0,0.451,7.12,14.46,0.378,0.769,0.417,0.872,48.9,30.27
"2024-07-17 18:30:00",1402,12.38,311,0,0.431,6.55,14.15,0.348,0.752,0.387,0.867,47.8,33.57
"2024-07-17 19:00:00",1403,12.37,311,0,0.428,6.67,13.83,0.354,0.735,0.392,0.853,47.13,32.07
"2024-07-17 19:30:00",1404,12.37,311,0,0.403,6.3,12.96,0.335,0.689,0.377,0.823,49.98,33.11
"2024-07-17 20:00:00",1405,12.36,311,0,0.372,5.93,11.85,0.315,0.629,0.362,0.777,48.69,32.54
"2024-07-17 20:30:00",1406,12.36,311,0,0.342,5.43,10.88,0.288,0.578,0.338,0.736,48.5,32.6
"2024-07-17 21:00:00",1407,12.35,311,0,0.323,5.27,10.1,0.28,0.537,0.331,0.709,48.69,32.38
"2024-07-17 21:30:00",1408,12.35,311,0,0.308,5.07,9.58,0.269,0.509,0.323,0.679,49.43,31.87
"2024-07-17 22:00:00",1409,12.35,311,0,0.296,4.87,9.2,0.258,0.489,0.311,0.672,49.38,31.57
"2024-07-17 22:30:00",1410,12.35,311,0,0.286,4.67,8.95,0.248,0.475,0.299,0.661,48.99,31.84
"2024-07-17 23:00:00",1411,12.34,311,0,0.283,4.65,8.8,0.247,0.467,0.3,0.658,49.92,31.94
"2024-07-17 23:30:00",1412,12.34,311,0,0.274,4.58,8.41,0.243,0.447,0.299,0.641,48.35,31.62
"2024-07-18 00:00:00",1413,12.33,311,0,0.274,4.67,8.33,0.248,0.442,0.297,0.63,49.02,31.31
"2024-07-18 00:30:00",1414,12.33,311,0,0.273,4.55,8.43,0.241,0.448,0.299,0.636,49.86,31.62
"2024-07-18 01:00:00",1415,12.33,311,0,0.276,4.63,8.46,0.246,0.449,0.297,0.632,48.96,31.64
"2024-07-18 01:30:00",1416,12.33,311,0,0.267,4.47,8.2,0.237,0.436,0.293,0.626,48.69,31.53
"2024-07-18 02:00:00",1417,12.33,311,0,0.268,4.57,8.13,0.242,0.432,0.293,0.622,48.42,31.69
"2024-07-18 02:30:00",1418,12.32,311,0,0.267,4.55,8.11,0.242,0.431,0.295,0.621,48.83,31.43
"2024-07-18 03:00:00",1419,12.32,311,0,0.262,4.47,7.96,0.237,0.423,0.29,0.615,48.57,31.42
"2024-07-18 03:30:00",1420,12.32,311,0,0.261,4.45,7.93,0.236,0.421,0.291,0.615,48.51,30.95
"2024-07-18 04:00:00",1421,12.31,311,0,0.262,4.53,7.88,0.24,0.419,0.291,0.616,49.06,31.49
"2024-07-18 04:30:00",1422,12.31,311,0,0.259,4.45,7.83,0.236,0.416,0.29,0.61,48.53,31.12
"2024-07-18 05:00:00",1423,12.31,311,0,0.257,4.42,7.76,0.234,0.413,0.29,0.607,49.45,31.05
"2024-07-18 05:30:00",1424,12.31,311,0,0.256,4.4,7.7,0.233,0.409,0.289,0.607,48.44,30.87
"2024-07-18 06:00:00",1425,12.31,311,0,0.257,4.43,7.75,0.236,0.411,0.291,0.609,48.98,30.83
"2024-07-18 06:30:00",1426,12.3,311,0,0.261,4.45,7.9,0.236,0.42,0.288,0.611,49.33,31.5
"2024-07-18 07:00:00",1427,12.3,311,0,0.266,4.55,8.06,0.241,0.428,0.293,0.618,48.82,31.5
"2024-07-18 07:30:00",1428,12.3,311,0,0.268,4.58,8.13,0.244,0.432,0.297,0.621,48.95,32.21
"2024-07-18 08:00:00",1429,12.29,311,0,0.273,4.67,8.28,0.247,0.44,0.294,0.627,49.36,31.38
"2024-07-18 08:30:00",1430,12.29,311,0,0.29,4.83,8.96,0.257,0.476,0.296,0.648,51.02,32.62
"2024-07-18 09:00:00",1431,12.29,311,0,0.314,5.05,9.93,0.268,0.527,0.312,0.69,49.91,32.93
"2024-07-18 09:30:00",1432,12.29,311,0,0.344,5.53,10.85,0.294,0.576,0.342,0.736,49.83,32.26
"2024-07-18 10:00:00",1433,12.29,311,0,0.347,5.4,11.2,0.287,0.594,0.307,0.735,52.96,33.9
"2024-07-18 10:30:00",1434,12.29,311,0,0.366,5.65,11.88,0.3,0.631,0.347,0.773,49.71,32.99
"2024-07-18 11:00:00",1435,12.28,311,0,0.404,6.48,12.76,0.345,0.678,0.382,0.807,50.14,33.01
"2024-07-18 11:30:00",1436,12.28,311,0,0.397,6.13,12.9,0.326,0.685,0.365,0.816,50.4,33.52
"2024-07-18 12:00:00",1437,12.28,311,0,0.41,6.43,13.16,0.341,0.7,0.383,0.828,49.95,32.81
"2024-07-18 12:30:00",1438,12.28,311,0,0.402,6.3,12.93,0.334,0.687,0.37,0.816,50.46,33.48
"2024-07-18 13:00:00",1439,12.28,311,0,0.415,6.57,13.28,0.349,0.706,0.383,0.83,50.71,32.91
"2024-07-18 13:30:00",1440,12.28,311,0,0.424,6.63,13.63,0.353,0.724,0.393,0.85,48.65,33.33
"2024-07-18 14:00:00",1441,12.27,311,0,0.419,6.5,13.56,0.345,0.721,0.383,0.845,50.15,33.17
"2024-07-18 14:30:00",1442,12.27,311,0,0.424,6.62,13.66,0.352,0.726,0.39,0.85,49.67,33.52
"2024-07-18 15:00:00",1443,12.27,311,0,0.413,6.62,13.1,0.352,0.695,0.388,0.827,50.09,32.96
"2024-07-18 15:30:00",1444,12.27,311,0,0.392,5.83,13.01,0.31,0.691,0.34,0.815,52.41,34.19
"2024-07-18 16:00:00",1445,12.27,311,0,0.424,6.48,13.83,0.344,0.734,0.385,0.855,49.82,33.1
"2024-07-18 16:30:00",1446,12.27,311,0,0.433,6.58,14.21,0.35,0.755,0.384,0.873,50.26,33.55
"2024-07-18 17:00:00",1447,12.26,311,0,0.441,6.92,14.16,0.368,0.753,0.406,0.871,49.25,33.52
"2024-07-18 17:30:00",1448,12.27,311,0,0.42,6.6,13.5,0.35,0.717,0.391,0.843,49.66,32.95
"2024-07-18 18:00:00",1449,12.27,311,0,0.374,5.95,11.93,0.316,0.634,0.363,0.78,49.34,32.35
"2024-07-18 18:30:00",1450,12.26,311,0,0.33,5.45,10.25,0.289,0.544,0.338,0.711,49.61,32.04
"2024-07-18 19:00:00",1451,12.26,311,0,0.299,4.93,9.26,0.262,0.492,0.312,0.672,48.79,31.48
"2024-07-18 19:30:00",1452,12.25,311,0,0.289,4.88,8.85,0.259,0.47,0.308,0.654,48.79,31.22
"2024-07-18 20:00:00",1453,12.25,311,0,0.28,4.7,8.61,0.25,0.458,0.303,0.645,48.88,30.9
"2024-07-18 20:30:00",1454,12.25,311,0,0.273,4.57,8.38,0.242,0.445,0.293,0.634,49.4,31.27
"2024-07-18 21:00:00",1455,12.24,311,0,0.266,4.5,8.11,0.239,0.431,0.292,0.624,48.51,31.37
"2024-07-18 21:30:00",1456,12.24,311,0,0.263,4.47,8,0.237,0.425,0.291,0.619,48.54,31.12
"2024-07-18 22:00:00",1457,12.24,311,0,0.261,4.47,7.9,0.237,0.42,0.292,0.614,48.56,31
"2024-07-18 22:30:00",1458,12.23,311,0,0.256,4.4,7.71,0.234,0.41,0.288,0.605,49,31.43
"2024-07-18 23:00:00",1459,12.23,311,0,0.255,4.43,7.61,0.236,0.404,0.288,0.6,49.04,31.22
"2024-07-18 23:30:00",1460,12.22,311,0,0.251,4.35,7.52,0.231,0.399,0.282,0.596,48.44,30.87
"2024-07-19 00:00:00",1461,12.22,311,0,0.248,4.23,7.52,0.225,0.399,0.283,0.599,48.54,31.39
"2024-07-19 00:30:00",1462,12.22,311,0,0.25,4.28,7.55,0.227,0.401,0.281,0.602,48.92,31.34
"2024-07-19 01:00:00",1463,12.22,311,0,0.248,4.27,7.47,0.226,0.397,0.282,0.602,48.53,30.97
"2024-07-19 01:30:00",1464,12.21,311,0,0.245,4.27,7.33,0.227,0.39,0.282,0.596,49.69,30.71
"2024-07-19 02:00:00",1465,12.21,311,0,0.244,4.22,7.33,0.224,0.39,0.277,0.591,48.66,30.93
"2024-07-19 02:30:00",1466,12.21,311,0,0.245,4.28,7.28,0.227,0.387,0.283,0.591,48.36,31.19
"2024-07-19 03:00:00",1467,12.21,311,0,0.248,4.33,7.38,0.23,0.392,0.285,0.594,49.53,31.39
"2024-07-19 03:30:00",1468,12.21,311,0,0.248,4.35,7.35,0.231,0.391,0.284,0.591,48.94,31.2
"2024-07-19 04:00:00",1469,12.21,311,0,0.244,4.27,7.28,0.227,0.387,0.286,0.593,48.31,31.14
"2024-07-19 04:30:00",1470,12.2,311,0,0.248,4.33,7.38,0.23,0.392,0.285,0.594,48.17,31.26
"2024-07-19 05:00:00",1471,12.2,311,0,0.246,4.28,7.33,0.228,0.39,0.283,0.589,49.14,31.3
"2024-07-19 05:30:00",1472,12.2,311,0,0.242,4.2,7.27,0.223,0.386,0.281,0.591,48.61,31.19
"2024-07-19 06:00:00",1473,12.19,311,0,0.248,4.33,7.37,0.23,0.391,0.283,0.59,49.37,30.97
"2024-07-19 06:30:00",1474,12.19,311,0,0.247,4.3,7.37,0.229,0.391,0.281,0.59,48.87,31.71
"2024-07-19 07:00:00",1475,12.18,311,0,0.246,4.23,7.4,0.225,0.393,0.28,0.592,48.65,31.49
"2024-07-19 07:30:00",1476,12.19,311,0,0.258,4.38,7.83,0.233,0.416,0.283,0.605,49.06,31.33
"2024-07-19 08:00:00",1477,12.18,311,0,0.278,4.67,8.51,0.248,0.452,0.295,0.638,49.85,31.86
"2024-07-19 08:30:00",1478,12.18,311,0,0.326,5.43,10.03,0.288,0.532,0.332,0.699,48.96,31.65
"2024-07-19 09:00:00",1479,12.18,311,0,0.32,4.85,10.5,0.258,0.558,0.299,0.714,50.51,34.03
"2024-07-19 09:30:00",1480,12.18,311,0,0.369,5.83,11.78,0.31,0.626,0.348,0.767,51.61,32.94
"2024-07-19 10:00:00",1481,12.18,311,0,0.364,5.2,12.38,0.276,0.658,0.305,0.784,53.24,34.85
"2024-07-19 10:30:00",1482,12.18,311,0,0.409,6.25,13.38,0.332,0.711,0.356,0.836,55.95,35.5
"2024-07-19 11:00:00",1483,12.18,311,0,0.434,6.6,14.25,0.351,0.757,0.399,0.875,49.35,34.3
"2024-07-19 11:30:00",1484,12.18,311,0,0.438,6.55,14.48,0.348,0.769,0.394,0.88,49.68,34.64
"2024-07-19 12:00:00",1485,12.18,311,0,0.451,6.97,14.65,0.37,0.778,0.408,0.897,51.52,33.72
"2024-07-19 12:30:00",1486,12.18,311,0,0.461,7.07,15.03,0.376,0.799,0.418,0.9,50.62,34.05
"2024-07-19 13:00:00",1487,12.17,311,0,0.472,7.3,15.33,0.388,0.814,0.419,0.915,49.38,33.74
"2024-07-19 13:30:00",1488,12.17,311,0,0.479,7.3,15.66,0.387,0.832,0.421,0.929,49.47,34.67
"2024-07-19 14:00:00",1489,12.17,311,0,0.478,7.3,15.61,0.387,0.829,0.421,0.93,49.78,34.47
"2024-07-19 14:30:00",1490,12.17,311,0,0.48,7.4,15.6,0.393,0.828,0.426,0.93,51.13,34.83
"2024-07-19 15:00:00",1491,12.17,311,0,0.47,7.17,15.36,0.38,0.816,0.416,0.918,50.29,33.31
"2024-07-19 15:30:00",1492,12.17,311,0,0.467,7.12,15.31,0.378,0.813,0.415,0.919,50.42,33.69
"2024-07-19 16:00:00",1493,12.16,311,0,0.465,7.33,14.9,0.389,0.791,0.415,0.892,51.43,34.72
"2024-07-19 16:30:00",1494,12.16,311,0,0.466,7.35,14.91,0.39,0.792,0.422,0.901,51.23,34.1
"2024-07-19 17:00:00",1495,12.16,311,0,0.461,7.23,14.81,0.384,0.787,0.423,0.898,49.59,33.54
"2024-07-19 17:30:00",1496,12.16,311,0,0.452,7.08,14.53,0.376,0.771,0.41,0.881,52.04,34.48
"2024-07-19 18:00:00",1497,12.16,311,0,0.445,6.93,14.35,0.369,0.762,0.407,0.874,49.6,33.02
"2024-07-19 18:30:00",1498,12.16,311,0,0.427,6.68,13.76,0.355,0.731,0.393,0.855,49.2,32.88
"2024-07-19 19:00:00",1499,12.15,311,0,0.418,6.55,13.46,0.348,0.716,0.387,0.841,49.2,33.46
"2024-07-19 19:30:00",1500,12.15,311,0,0.394,6.28,12.55,0.334,0.667,0.379,0.808,48.5,32.33
"2024-07-19 20:00:00",1501,12.14,311,0,0.362,5.83,11.45,0.31,0.608,0.356,0.761,49.04,31.2
"2024-07-19 20:30:00",1502,12.14,311,0,0.339,5.52,10.63,0.293,0.565,0.341,0.73,48.93,32.02
"2024-07-19 21:00:00",1503,12.13,311,0,0.313,5.15,9.76,0.273,0.519,0.325,0.691,49.41,32.24
"2024-07-19 21:30:00",1504,12.13,311,0,0.295,4.82,9.23,0.256,0.49,0.309,0.665,49.5,31.76
"2024-07-19 22:00:00",1505,12.13,311,0,0.283,4.73,8.68,0.251,0.461,0.302,0.646,49.1,31.67
"2024-07-19 22:30:00",1506,12.12,311,0,0.273,4.58,8.38,0.244,0.445,0.297,0.631,49.41,31.4
"2024-07-19 23:00:00",1507,12.12,311,0,0.269,4.58,8.16,0.243,0.434,0.296,0.627,48.42,30.84
"2024-07-19 23:30:00",1508,12.11,311,0,0.263,4.47,8.01,0.237,0.425,0.291,0.62,48.72,31.4
"2024-07-20 00:00:00",1509,12.11,311,0,0.261,4.48,7.85,0.238,0.417,0.292,0.612,48.72,30.88
"2024-07-20 00:30:00",1510,12.11,311,0,0.257,4.42,7.75,0.234,0.412,0.288,0.61,50.23,31.4
"2024-07-20 01:00:00",1511,12.1,311,0,0.251,4.27,7.65,0.226,0.407,0.28,0.601,48.99,31.14
"2024-07-20 01:30:00",1512,12.1,311,0,0.25,4.3,7.52,0.228,0.399,0.282,0.597,48.46,31.14
"2024-07-20 02:00:00",1513,12.1,311,0,0.247,4.28,7.4,0.228,0.393,0.282,0.594,49.81,31.4
"2024-07-20 02:30:00",1514,12.1,311,0,0.248,4.25,7.47,0.226,0.397,0.282,0.592,48.92,31.34
"2024-07-20 03:00:00",1515,12.1,311,0,0.249,4.32,7.47,0.23,0.397,0.285,0.597,48.63,31.46
"2024-07-20 03:30:00",1516,12.09,311,0,0.248,4.25,7.47,0.226,0.397,0.282,0.597,48.3,30.72
"2024-07-20 04:00:00",1517,12.09,311,0,0.249,4.32,7.43,0.229,0.394,0.281,0.595,49.3,31.72
"2024-07-20 04:30:00",1518,12.09,311,0,0.243,4.2,7.28,0.223,0.387,0.277,0.589,49.14,31.41
"2024-07-20 05:00:00",1519,12.08,311,0,0.245,4.23,7.33,0.225,0.39,0.279,0.589,49.11,30.84
"2024-07-20 05:30:00",1520,12.08,311,0,0.244,4.23,7.32,0.225,0.388,0.277,0.585,48.81,31.24
"2024-07-20 06:00:00",1521,12.08,311,0,0.243,4.17,7.33,0.222,0.39,0.276,0.583,48.24,31.49
"2024-07-20 06:30:00",1522,12.08,311,0,0.244,4.22,7.32,0.224,0.388,0.276,0.585,50.03,31.19
"2024-07-20 07:00:00",1523,12.08,311,0,0.252,4.33,7.61,0.23,0.404,0.282,0.597,49.65,30.82
"2024-07-20 07:30:00",1524,12.07,311,0,0.254,4.35,7.7,0.231,0.409,0.281,0.601,48.78,31.2
"2024-07-20 08:00:00",1525,12.07,311,0,0.271,4.37,8.56,0.232,0.455,0.278,0.631,50.2,32.47
"2024-07-20 08:30:00",1526,12.07,311,0,0.286,4.77,8.83,0.253,0.469,0.296,0.646,50.09,31.95
"2024-07-20 09:00:00",1527,12.07,311,0,0.303,5.03,9.35,0.268,0.496,0.312,0.664,51.26,32.71
"2024-07-20 09:30:00",1528,12.07,311,0,0.298,4.97,9.2,0.264,0.489,0.313,0.666,49.53,31.54
"2024-07-20 10:00:00",1529,12.07,311,0,0.288,4.57,9.21,0.243,0.49,0.299,0.667,48.59,31.28
"2024-07-20 10:30:00",1530,12.07,311,0,0.314,5.25,9.66,0.279,0.513,0.323,0.684,50.6,32.2
"2024-07-20 11:00:00",1531,12.06,311,0,0.326,5.35,10.18,0.284,0.541,0.33,0.704,48.8,32.48
"2024-07-20 11:30:00",1532,12.06,311,0,0.323,5.2,10.21,0.276,0.543,0.324,0.706,50.49,33.92
"2024-07-20 12:00:00",1533,12.06,311,0,0.333,5.38,10.46,0.286,0.555,0.34,0.733,48.48,31.59
"2024-07-20 12:30:00",1534,12.06,311,0,0.31,5,9.76,0.265,0.519,0.323,0.699,47.73,31.81
"2024-07-20 13:00:00",1535,12.06,311,0,0.285,4.58,9.01,0.244,0.478,0.302,0.663,49.69,31.71
"2024-07-20 13:30:00",1536,12.05,311,0,0.275,4.72,8.3,0.251,0.441,0.305,0.627,47.83,32.6
"2024-07-20 14:00:00",1537,12.05,311,0,0.231,3.42,7.68,0.181,0.408,0.261,0.607,46.32,30.56
"2024-07-20 14:30:00",1538,12.04,311,0,0.255,4.47,7.58,0.237,0.403,0.296,0.607,47.39,30.39
"2024-07-20 15:00:00",1539,12.05,311,0,0.246,4.23,7.38,0.225,0.392,0.272,0.583,49.5,33.01
"2024-07-20 15:30:00",1540,12.04,311,0,0.234,4.02,7.05,0.213,0.374,0.282,0.593,45.92,30
"2024-07-20 16:00:00",1541,12.04,311,0,0.241,4.13,7.28,0.22,0.387,0.274,0.587,48.72,31.14
"2024-07-20 16:30:00",1542,12.03,311,0,0.22,3.4,7.12,0.181,0.378,0.254,0.586,46.66,30.32
"2024-07-20 17:00:00",1543,12.03,311,0,0.234,4.05,7,0.215,0.372,0.274,0.579,47.85,31.51
"2024-07-20 17:30:00",1544,12.03,311,0,0.22,3.67,6.77,0.195,0.36,0.262,0.573,47.97,30.81
"2024-07-20 18:00:00",1545,12.03,311,0,0.233,4.1,6.92,0.218,0.367,0.272,0.572,47.93,30.77
"2024-07-20 18:30:00",1546,12.03,311,0,0.229,3.98,6.85,0.211,0.364,0.267,0.568,49.26,30.84
"2024-07-20 19:00:00",1547,12.02,311,0,0.222,3.75,6.78,0.199,0.36,0.258,0.564,48.55,30.71
"2024-07-20 19:30:00",1548,12.02,311,0,0.226,3.95,6.75,0.21,0.358,0.269,0.57,48.64,31.23
"2024-07-20 20:00:00",1549,12.02,311,0,0.231,3.97,6.98,0.211,0.371,0.274,0.577,48.5,31.18
"2024-07-20 20:30:00",1550,12.02,311,0,0.233,4.08,6.93,0.217,0.368,0.276,0.573,48.46,30.62
"2024-07-20 21:00:00",1551,12.01,311,0,0.22,3.72,6.73,0.197,0.357,0.262,0.566,47.89,30.72
"2024-07-20 21:30:00",1552,12.01,311,0,0.229,4.03,6.77,0.214,0.36,0.272,0.566,47.95,30.78
"2024-07-20 22:00:00",1553,12.01,311,0,0.226,3.87,6.82,0.206,0.362,0.267,0.571,48.95,31.21
"2024-07-20 22:30:00",1554,12,311,0,0.228,3.98,6.8,0.212,0.361,0.272,0.574,47.85,30.52
"2024-07-20 23:00:00",1555,12,311,0,0.228,3.97,6.8,0.211,0.361,0.272,0.575,47.62,30.3
"2024-07-20 23:30:00",1556,12,311,0,0.227,3.92,6.83,0.208,0.363,0.266,0.573,48.68,31.35
"2024-07-21 00:00:00",1557,12,311,0,0.225,3.92,6.73,0.208,0.358,0.267,0.563,48.11,30.94
"2024-07-21 00:30:00",1558,12,311,0,0.225,3.9,6.72,0.207,0.357,0.263,0.565,48.77,30.78
"2024-07-21 01:00:00",1559,11.99,311,0,0.22,3.8,6.6,0.202,0.35,0.261,0.559,48.17,31.27
"2024-07-21 01:30:00",1560,11.99,311,0,0.224,3.87,6.72,0.206,0.356,0.265,0.569,48.25,30.83
"2024-07-21 02:00:00",1561,11.99,311,0,0.224,3.88,6.72,0.207,0.356,0.267,0.568,48.49,30.24
"2024-07-21 02:30:00",1562,11.99,311,0,0.225,3.9,6.72,0.207,0.356,0.266,0.564,48.33,30.91
"2024-07-21 03:00:00",1563,11.98,311,0,0.219,3.78,6.58,0.201,0.349,0.262,0.556,48.28,30.29
"2024-07-21 03:30:00",1564,11.98,311,0,0.225,3.92,6.73,0.208,0.358,0.269,0.565,48.48,30.76
"2024-07-21 04:00:00",1565,11.98,311,0,0.226,3.95,6.72,0.209,0.356,0.268,0.568,48.11,30.7
"2024-07-21 04:30:00",1566,11.98,311,0,0.22,3.82,6.58,0.203,0.35,0.264,0.564,48.71,30.72
"2024-07-21 05:00:00",1567,11.98,311,0,0.223,3.83,6.72,0.204,0.356,0.267,0.564,48.51,30.25
"2024-07-21 05:30:00",1568,11.97,311,0,0.225,3.9,6.73,0.207,0.357,0.268,0.568,48.3,30.31
"2024-07-21 06:00:00",1569,11.97,311,0,0.226,4,6.68,0.212,0.355,0.271,0.566,47.66,31.08
"2024-07-21 06:30:00",1570,11.97,311,0,0.222,3.85,6.63,0.204,0.353,0.263,0.566,48.1,30.77
"2024-07-21 07:00:00",1571,11.96,311,0,0.225,3.92,6.7,0.208,0.356,0.263,0.565,48.19,31.03
"2024-07-21 07:30:00",1572,11.96,311,0,0.228,3.85,6.95,0.204,0.369,0.255,0.566,49.06,30.92
"2024-07-21 08:00:00",1573,11.96,311,0,0.238,4,7.32,0.212,0.388,0.269,0.584,49.06,31.49
"2024-07-21 08:30:00",1574,11.95,311,0,0.256,4.35,7.8,0.231,0.414,0.287,0.604,49.01,31.44
"2024-07-21 09:00:00",1575,11.96,311,0,0.276,4.68,8.4,0.249,0.446,0.297,0.631,49.73,31.59
"2024-07-21 09:30:00",1576,11.95,311,0,0.274,4.53,8.51,0.241,0.453,0.292,0.641,48.1,31.79
"2024-07-21 10:00:00",1577,11.95,311,0,0.285,4.73,8.8,0.251,0.468,0.301,0.649,47.98,31.65
"2024-07-21 10:30:00",1578,11.95,311,0,0.267,4.07,8.76,0.216,0.466,0.259,0.636,49.22,31.8
"2024-07-21 11:00:00",1579,11.95,311,0,0.292,4.62,9.33,0.245,0.496,0.296,0.667,48.94,32.62
"2024-07-21 11:30:00",1580,11.95,311,0,0.346,5.97,10.41,0.316,0.553,0.343,0.712,52.11,32.33
"2024-07-21 12:00:00",1581,11.94,311,0,0.375,6.05,11.83,0.321,0.628,0.36,0.773,49.4,33.93
"2024-07-21 12:30:00",1582,11.95,311,0,0.386,5.9,12.63,0.314,0.671,0.366,0.808,50.65,33.11
