"TOA5","CR300Series_701","CR300","5033","CR300.Std.11.00","CPU:CR300_sapflow.CR300","32345","Table1"
"TIMESTAMP","RECORD","BattV_Min","id","SDI0","SapFlwTot0","VhOuter0","VhInner0","AlphaOut0","AlphaIn0","BetaOut0","BetaIn0","tMaxTout0","tMaxTin0"
"TS","RN","Volts","","","literPerHour","heatVelocity","heatVelocity","logTRatio","logTRatio","logTRatio","logTRatio","second","second"
"","","Min","Smp","Smp","Smp","Smp","Smp","Smp","Smp","Smp","Smp","Smp","Smp"
"2025-01-10 14:00:00",5133,13.14,701,0,-0.057,-0.46,-1.23,-0.042,-0.11,-0.022,-0.086,40.44,25.93
"2025-01-10 14:30:00",5134,13.07,701,0,-0.042,-0.33,-0.93,-0.031,-0.084,-0.013,-0.07,41.52,27.27
"2025-01-10 15:00:00",5135,13.03,701,0,-0.029,-0.24,-0.62,-0.022,-0.056,-0.006,-0.044,43.33,27.17
"2025-01-10 15:30:00",5136,13.02,701,0,-0.014,-0.1,-0.36,-0.01,-0.032,-0.002,-0.023,43.21,27.88
"2025-01-10 16:00:00",5137,13.01,701,0,-0.003,-0.07,-0.04,-0.007,-0.004,0.006,-0.004,43.06,28.55
"2025-01-10 16:30:00",5138,13.01,701,0,0,-0.02,0,-0.002,0,0.008,0,44.29,28.96
"2025-01-10 17:00:00",5139,13.01,701,0,0.001,-0.04,0.08,-0.005,0.008,0.006,0.006,45.59,29.68
"2025-01-10 17:30:00",5140,13.01,701,0,0,-0.07,0.08,-0.007,0.007,0.002,0.008,46,29.68
"2025-01-10 18:00:00",5141,13,701,0,0.001,-0.07,0.12,-0.007,0.01,0.004,0.01,45.59,30.92
"2025-01-10 18:30:00",5142,13,701,0,0.002,-0.07,0.15,-0.007,0.013,0.002,0.012,46.16,30.82
"2025-01-10 19:00:00",5143,13,701,0,0.001,-0.07,0.14,-0.007,0.013,0.004,0.016,46.35,31.84
"2025-01-10 19:30:00",5144,13,701,0,0.004,-0.07,0.21,-0.007,0.018,0,0.017,45.91,31.65
"2025-01-10 20:00:00",5145,12.99,701,0,0.002,-0.07,0.17,-0.007,0.015,0,0.017,47.18,32.41
"2025-01-10 20:30:00",5146,12.99,701,0,0.006,-0.04,0.23,-0.004,0.02,0.002,0.023,46.31,32.88
"2025-01-10 21:00:00",5147,12.99,701,0,0.005,-0.02,0.19,-0.002,0.017,0.004,0.021,47.24,32.98
"2025-01-10 21:30:00",5148,12.99,701,0,0.007,-0.04,0.28,-0.004,0.025,0.002,0.02,46.78,33.5
"2025-01-10 22:00:00",5149,12.99,701,0,0.008,0,0.27,0,0.024,0.004,0.026,47.04,33.6
"2025-01-10 22:30:00",5150,12.98,701,0,0.008,-0.01,0.27,-0.002,0.023,0.002,0.022,46.66,34.21
"2025-01-10 23:00:00",5151,12.98,701,0,0.008,0.02,0.23,0.002,0.02,0.006,0.024,47.85,34.58
"2025-01-10 23:30:00",5152,12.98,701,0,0.006,-0.04,0.26,-0.004,0.023,0.002,0.022,48.25,34.98
"2025-01-11 00:00:00",5153,12.98,701,0,0.006,-0.04,0.25,-0.004,0.022,0,0.022,48.21,34.93
"2025-01-11 00:30:00",5154,12.98,701,0,0,-0.14,0.2,-0.013,0.017,-0.008,0.022,48.21,35.19
"2025-01-11 01:00:00",5155,12.97,701,0,0,-0.14,0.17,-0.013,0.015,-0.004,0.018,48.02,36.13
"2025-01-11 01:30:00",5156,12.97,701,0,0,-0.14,0.14,-0.013,0.012,-0.006,0.018,47.72,34.85
"2025-01-11 02:00:00",5157,12.97,701,0,-0.004,-0.19,0.11,-0.017,0.01,-0.01,0.018,47.86,35.97
"2025-01-11 02:30:00",5158,12.97,701,0,-0.003,-0.19,0.13,-0.017,0.012,-0.01,0.02,47.44,35.24
"2025-01-11 03:00:00",5159,12.97,701,0,-0.004,-0.19,0.11,-0.017,0.009,-0.01,0.018,47.96,35.92
"2025-01-11 03:30:00",5160,12.96,701,0,-0.002,-0.16,0.13,-0.015,0.012,-0.008,0.018,47.8,35.76
"2025-01-11 04:00:00",5161,12.96,701,0,0,-0.11,0.13,-0.011,0.012,-0.008,0.02,47.43,35.39
"2025-01-11 04:30:00",5162,12.96,701,0,-0.001,-0.14,0.11,-0.013,0.009,-0.006,0.018,47.73,35.94
"2025-01-11 05:00:00",5163,12.96,701,0,0,-0.14,0.16,-0.013,0.014,-0.008,0.02,47.93,36.31
"2025-01-11 05:30:00",5164,12.96,701,0,-0.002,-0.14,0.1,-0.013,0.009,-0.006,0.018,48.04,36.41
"2025-01-11 06:00:00",5165,12.96,701,0,-0.002,-0.14,0.1,-0.013,0.009,-0.008,0.018,47.64,36.01
"2025-01-11 06:30:00",5166,12.96,701,0,-0.002,-0.14,0.1,-0.013,0.009,-0.006,0.016,47.39,36.17
"2025-01-11 07:00:00",5167,12.96,701,0,-0.001,-0.14,0.13,-0.013,0.011,-0.008,0.02,48.36,36.89
"2025-01-11 07:30:00",5168,12.96,701,0,0,-0.14,0.15,-0.013,0.014,-0.006,0.021,48.37,36.99
"2025-01-11 08:00:00",5169,12.95,701,0,-0.001,-0.14,0.13,-0.013,0.011,-0.008,0.018,47.6,36.94
"2025-01-11 08:30:00",5170,12.95,701,0,0,-0.14,0.18,-0.013,0.016,-0.008,0.02,48.76,36.31
"2025-01-11 09:00:00",5171,12.95,701,0,-0.001,-0.14,0.13,-0.013,0.011,-0.008,0.018,48.25,36.36
"2025-01-11 09:30:00",5172,12.95,701,0,0.003,-0.06,0.18,-0.006,0.016,-0.002,0.02,47.39,36.99
"2025-01-11 10:00:00",5173,12.95,701,0,0.01,0.07,0.22,0.006,0.02,0.008,0.021,48.12,36.49
"2025-01-11 10:30:00",5174,12.95,701,0,0.017,0.17,0.3,0.015,0.026,0.018,0.023,51.24,36.88
"2025-01-11 11:00:00",5175,12.95,701,0,0.021,0.22,0.37,0.019,0.033,0.022,0.027,49.71,38.9
"2025-01-11 11:30:00",5176,12.94,701,0,0.023,0.26,0.39,0.023,0.035,0.022,0.028,48.42,37.87
"2025-01-11 12:00:00",5177,12.95,701,0,0.026,0.29,0.44,0.025,0.039,0.024,0.028,47.35,37.21
"2025-01-11 12:30:00",5178,12.95,701,0,0.038,0.53,0.51,0.047,0.045,0.04,0.034,47.95,37.81
"2025-01-11 13:00:00",5179,12.95,701,0,0.043,0.62,0.55,0.054,0.049,0.049,0.033,49.87,37.41
"2025-01-11 13:30:00",5180,12.95,701,0,0.053,0.82,0.6,0.072,0.053,0.065,0.039,48.43,37.62
"2025-01-11 14:00:00",5181,12.95,701,0,0.058,0.88,0.67,0.078,0.06,0.073,0.04,50.53,37.81
"2025-01-11 14:30:00",5182,12.94,701,0,0.071,1.15,0.74,0.102,0.066,0.089,0.042,49.41,37.62
"2025-01-11 15:00:00",5183,12.94,701,0,0.079,1.32,0.74,0.117,0.066,0.101,0.046,48.74,38.34
"2025-01-11 15:30:00",5184,12.94,701,0,0.081,1.33,0.81,0.118,0.072,0.106,0.046,48.67,38.43
"2025-01-11 16:00:00",5185,12.94,701,0,0.086,1.43,0.82,0.126,0.072,0.109,0.048,49.08,37.61
"2025-01-11 16:30:00",5186,12.94,701,0,0.078,1.3,0.74,0.115,0.066,0.101,0.044,49.26,38.29
"2025-01-11 17:00:00",5187,12.93,701,0,0.068,1.11,0.7,0.098,0.062,0.083,0.042,49.31,37.26
"2025-01-11 17:30:00",5188,12.93,701,0,0.056,0.89,0.6,0.079,0.053,0.066,0.037,49.31,37.93
"2025-01-11 18:00:00",5189,12.92,701,0,0.05,0.77,0.55,0.068,0.049,0.061,0.034,47.68,38.26
"2025-01-11 18:30:00",5190,12.92,701,0,0.042,0.65,0.48,0.057,0.043,0.052,0.03,48.77,38.78
"2025-01-11 19:00:00",5191,12.92,701,0,0.04,0.6,0.48,0.053,0.043,0.048,0.03,47.78,39.18
"2025-01-11 19:30:00",5192,12.91,701,0,0.036,0.51,0.46,0.045,0.041,0.042,0.028,49.25,36.37
"2025-01-11 20:00:00",5193,12.91,701,0,0.035,0.51,0.43,0.045,0.038,0.04,0.027,49.94,38.46
"2025-01-11 20:30:00",5194,12.91,701,0,0.031,0.41,0.43,0.036,0.038,0.032,0.028,48.61,37.95
"2025-01-11 21:00:00",5195,12.9,701,0,0.029,0.39,0.41,0.034,0.036,0.032,0.026,47.66,38.75
"2025-01-11 21:30:00",5196,12.9,701,0,0.028,0.36,0.41,0.032,0.036,0.03,0.028,50.14,37.83
"2025-01-11 22:00:00",5197,12.9,701,0,0.026,0.34,0.36,0.03,0.032,0.028,0.027,49.53,37.22
"2025-01-11 22:30:00",5198,12.9,701,0,0.023,0.27,0.36,0.024,0.032,0.024,0.023,47.77,38.2
"2025-01-11 23:00:00",5199,12.89,701,0,0.021,0.22,0.36,0.019,0.032,0.018,0.025,48.25,37.17
"2025-01-11 23:30:00",5200,12.89,701,0,0.016,0.17,0.29,0.015,0.026,0.014,0.023,48.55,37.74
"2025-01-12 00:00:00",5201,12.89,701,0,0.016,0.12,0.34,0.011,0.03,0.012,0.021,49.01,36.96
"2025-01-12 00:30:00",5202,12.89,701,0,0.012,0.07,0.29,0.006,0.026,0.01,0.02,48.81,36.6
"2025-01-12 01:00:00",5203,12.89,701,0,0.01,0.02,0.29,0.002,0.026,0.004,0.023,49.63,37.32
"2025-01-12 01:30:00",5204,12.88,701,0,0.012,0.07,0.29,0.006,0.026,0.008,0.021,49.05,36.34
"2025-01-12 02:00:00",5205,12.88,701,0,0.011,0.05,0.29,0.004,0.026,0.006,0.023,48.78,37.56
"2025-01-12 02:30:00",5206,12.87,701,0,0.006,-0.04,0.24,-0.004,0.022,-0.002,0.02,49.47,36.86
"2025-01-12 03:00:00",5207,12.87,701,0,0.002,-0.11,0.22,-0.011,0.019,-0.008,0.018,47.98,37.02
"2025-01-12 03:30:00",5208,12.87,701,0,0,-0.14,0.2,-0.013,0.017,-0.01,0.016,48.45,36.81
"2025-01-12 04:00:00",5209,12.87,701,0,-0.005,-0.23,0.12,-0.022,0.011,-0.016,0.014,48.78,37.55
"2025-01-12 04:30:00",5210,12.86,701,0,-0.01,-0.31,0.07,-0.028,0.007,-0.018,0.011,49.18,37.53
"2025-01-12 05:00:00",5211,12.86,701,0,-0.009,-0.28,0.05,-0.026,0.004,-0.02,0.013,48.49,37.11
"2025-01-12 05:30:00",5212,12.86,701,0,-0.014,-0.4,0.05,-0.036,0.004,-0.029,0.013,47.73,36.91
"2025-01-12 06:00:00",5213,12.85,701,0,-0.021,-0.48,-0.07,-0.043,-0.007,-0.037,0.005,45.47,35.47
"2025-01-12 06:30:00",5214,12.85,701,0,-0.025,-0.56,-0.07,-0.051,-0.007,-0.042,0.002,45.41,35.42
"2025-01-12 07:00:00",5215,12.85,701,0,-0.012,-0.3,-0.02,-0.028,-0.002,-0.032,0.005,46.14,35.88
"2025-01-12 07:30:00",5216,12.84,701,0,-0.025,-0.55,-0.1,-0.05,-0.009,-0.045,0.007,45.26,35.42
"2025-01-12 08:00:00",5217,12.84,701,0,-0.02,-0.4,-0.15,-0.037,-0.014,-0.031,0.002,45.31,34.91
"2025-01-12 08:30:00",5218,12.84,701,0,-0.024,-0.51,-0.12,-0.046,-0.012,-0.042,0.006,45.82,35.26
"2025-01-12 09:00:00",5219,12.84,701,0,-0.018,-0.4,-0.07,-0.036,-0.007,-0.033,0.009,45.05,35.06
"2025-01-12 09:30:00",5220,12.84,701,0,-0.018,-0.39,-0.07,-0.035,-0.007,-0.034,0.009,44.26,34.43
"2025-01-12 10:00:00",5221,12.84,701,0,-0.048,-0.96,-0.28,-0.086,-0.026,-0.066,0.006,39.85,33.72
"2025-01-12 10:30:00",5222,12.85,701,0,-0.031,-0.61,-0.22,-0.054,-0.021,-0.029,0.017,39.53,34.07
"2025-01-12 11:00:00",5223,12.85,701,0,0.029,0.49,0.27,0.043,0.024,0.054,0.033,42.36,35.92
"2025-01-12 11:30:00",5224,12.85,701,0,0.087,1.46,0.82,0.129,0.072,0.112,0.048,48.02,37.06
"2025-01-12 12:00:00",5225,12.86,701,0,0.091,1.47,0.94,0.13,0.083,0.112,0.053,49.71,37.82
"2025-01-12 12:30:00",5226,12.86,701,0,0.087,1.42,0.87,0.126,0.077,0.111,0.05,49.66,37.87
"2025-01-12 13:00:00",5227,12.87,701,0,0.088,1.45,0.87,0.128,0.077,0.108,0.05,50.53,37.67
"2025-01-12 13:30:00",5228,12.87,701,0,0.095,1.59,0.92,0.141,0.081,0.121,0.055,48.67,38.53
"2025-01-12 14:00:00",5229,12.87,701,0,0.099,1.65,0.94,0.146,0.083,0.126,0.051,49.26,38.46
"2025-01-12 14:30:00",5230,12.87,701,0,0.103,1.73,0.96,0.153,0.085,0.133,0.053,50.36,38.06
"2025-01-12 15:00:00",5231,12.87,701,0,0.1,1.69,0.94,0.15,0.083,0.133,0.055,49.8,38.02
"2025-01-12 15:30:00",5232,12.88,701,0,0.101,1.71,0.94,0.151,0.083,0.131,0.051,48.62,38.22
"2025-01-12 16:00:00",5233,12.88,701,0,0.098,1.69,0.87,0.149,0.077,0.13,0.051,48.95,37.88
"2025-01-12 16:30:00",5234,12.87,701,0,0.094,1.58,0.9,0.14,0.079,0.12,0.05,49.05,37.83
"2025-01-12 17:00:00",5235,12.87,701,0,0.082,1.36,0.8,0.121,0.071,0.106,0.046,48.78,37.98
"2025-01-12 17:30:00",5236,12.87,701,0,0.068,1.09,0.7,0.097,0.062,0.086,0.043,49.1,37.87
"2025-01-12 18:00:00",5237,12.87,701,0,0.056,0.87,0.61,0.077,0.054,0.07,0.037,48.8,37.98
"2025-01-12 18:30:00",5238,12.87,701,0,0.047,0.71,0.56,0.062,0.049,0.056,0.034,48.59,37.78
"2025-01-12 19:00:00",5239,12.86,701,0,0.039,0.56,0.49,0.05,0.043,0.044,0.032,50.02,37.96
"2025-01-12 19:30:00",5240,12.86,701,0,0.03,0.39,0.44,0.035,0.039,0.03,0.027,49.33,37.69
"2025-01-12 20:00:00",5241,12.85,701,0,0.021,0.22,0.37,0.019,0.032,0.02,0.027,49.5,37.6
"2025-01-12 20:30:00",5242,12.85,701,0,0.015,0.12,0.32,0.011,0.028,0.012,0.022,49.02,37.22
"2025-01-12 21:00:00",5243,12.85,701,0,0.007,-0.01,0.24,-0.002,0.022,0.002,0.022,48.47,37.24
"2025-01-12 21:30:00",5244,12.85,701,0,0.005,-0.04,0.22,-0.004,0.02,-0.004,0.018,47.69,37.29
"2025-01-12 22:00:00",5245,12.84,701,0,0.004,-0.09,0.25,-0.009,0.022,-0.004,0.02,48.35,36.71
"2025-01-12 22:30:00",5246,12.84,701,0,0.002,-0.11,0.2,-0.011,0.017,-0.01,0.016,48.88,37.24
"2025-01-12 23:00:00",5247,12.84,701,0,0.004,-0.06,0.22,-0.007,0.02,-0.004,0.02,48.84,36.94
"2025-01-12 23:30:00",5248,12.84,701,0,-0.026,-0.55,-0.12,-0.049,-0.012,-0.045,-0.006,47.39,35.18
"2025-01-13 00:00:00",5249,12.84,701,0,-0.012,-0.29,-0.02,-0.027,-0.002,-0.024,0.004,44.9,36.14
"2025-01-13 00:30:00",5250,12.83,701,0,-0.009,-0.22,-0.02,-0.02,-0.002,-0.018,0.006,44.05,35.45
"2025-01-13 01:00:00",5251,12.83,701,0,-0.015,-0.31,-0.1,-0.028,-0.009,-0.021,0.002,44.66,34.92
"2025-01-13 01:30:00",5252,12.83,701,0,-0.021,-0.45,-0.1,-0.041,-0.01,-0.037,0.002,45.79,35.12
"2025-01-13 02:00:00",5253,12.83,701,0,-0.009,-0.2,-0.04,-0.018,-0.005,-0.017,0.004,44.35,34.61
"2025-01-13 02:30:00",5254,12.83,701,0,-0.014,-0.29,-0.1,-0.026,-0.01,-0.024,0.002,43.83,35.07
"2025-01-13 03:00:00",5255,12.83,701,0,-0.019,-0.41,-0.1,-0.037,-0.01,-0.034,0.004,45,35.01
"2025-01-13 03:30:00",5256,12.83,701,0,-0.016,-0.32,-0.13,-0.029,-0.012,-0.027,-0.002,44.4,34.82
"2025-01-13 04:00:00",5257,12.83,701,0,-0.016,-0.32,-0.1,-0.029,-0.01,-0.027,0,45.55,34.72
"2025-01-13 04:30:00",5258,12.82,701,0,-0.02,-0.35,-0.19,-0.032,-0.017,-0.029,-0.004,45.69,34.87
"2025-01-13 05:00:00",5259,12.83,701,0,-0.018,-0.3,-0.19,-0.027,-0.017,-0.025,0,43.56,34.39
"2025-01-13 05:30:00",5260,12.83,701,0,-0.022,-0.36,-0.24,-0.033,-0.022,-0.03,-0.006,44.38,33.41
"2025-01-13 06:00:00",5261,12.83,701,0,-0.022,-0.42,-0.16,-0.038,-0.015,-0.034,-0.006,44.33,34.08
"2025-01-13 06:30:00",5262,12.83,701,0,-0.012,-0.23,-0.1,-0.021,-0.01,-0.025,0,44.71,34.3
"2025-01-13 07:00:00",5263,12.82,701,0,-0.02,-0.42,-0.1,-0.038,-0.01,-0.034,-0.002,44.25,33.58
"2025-01-13 07:30:00",5264,12.83,701,0,-0.018,-0.42,-0.05,-0.038,-0.005,-0.034,0,43.97,34.39
"2025-01-13 08:00:00",5265,12.83,701,0,-0.016,-0.35,-0.07,-0.032,-0.007,-0.032,0,45.41,34.59
"2025-01-13 08:30:00",5266,12.83,701,0,-0.012,-0.3,-0.02,-0.027,-0.003,-0.022,0.004,45.09,34.12
"2025-01-13 09:00:00",5267,12.83,701,0,-0.023,-0.5,-0.11,-0.045,-0.01,-0.037,0.004,41.35,33.68
"2025-01-13 09:30:00",5268,12.83,701,0,-0.058,-1.1,-0.4,-0.098,-0.037,-0.065,-0.004,38.55,32.53
"2025-01-13 10:00:00",5269,12.84,701,0,-0.038,-0.73,-0.27,-0.065,-0.025,-0.03,0.002,38.11,32.81
"2025-01-13 10:30:00",5270,12.84,701,0,0.021,0.28,0.28,0.024,0.025,0.041,0.029,41.42,35.29
"2025-01-13 11:00:00",5271,12.85,701,0,0.076,1.22,0.8,0.108,0.071,0.091,0.046,47.77,37.78
"2025-01-13 11:30:00",5272,12.86,701,0,0.074,1.2,0.77,0.106,0.068,0.091,0.046,49.11,38.45
"2025-01-13 12:00:00",5273,12.86,701,0,0.074,1.17,0.79,0.104,0.07,0.092,0.046,50.37,37.91
"2025-01-13 12:30:00",5274,12.86,701,0,0.083,1.38,0.81,0.122,0.072,0.108,0.048,49.11,38.29
"2025-01-13 13:00:00",5275,12.87,701,0,0.094,1.54,0.93,0.137,0.082,0.12,0.053,49.3,38.33
"2025-01-13 13:30:00",5276,12.87,701,0,0.113,1.89,1.08,0.168,0.096,0.148,0.062,49.85,37.66
"2025-01-13 14:00:00",5277,12.88,701,0,0.119,1.99,1.14,0.176,0.101,0.155,0.063,49.89,37.86
"2025-01-13 14:30:00",5278,12.88,701,0,0.128,2.18,1.17,0.193,0.104,0.169,0.067,49.7,38.07
"2025-01-13 15:00:00",5279,12.89,701,0,0.135,2.25,1.29,0.199,0.114,0.174,0.072,49.94,37.9
"2025-01-13 15:30:00",5280,12.89,701,0,0.131,2.17,1.28,0.192,0.114,0.171,0.073,49.93,38.46
"2025-01-13 16:00:00",5281,12.89,701,0,0.132,2.18,1.3,0.193,0.115,0.168,0.076,49.59,38.52
"2025-01-13 16:30:00",5282,12.89,701,0,0.125,2,1.3,0.177,0.115,0.151,0.074,49.23,38.83
"2025-01-13 17:00:00",5283,12.89,701,0,0.115,1.83,1.23,0.162,0.109,0.139,0.071,49.6,38.64
"2025-01-13 17:30:00",5284,12.89,701,0,0.1,1.58,1.09,0.14,0.097,0.119,0.062,49.08,38.69
"2025-01-13 18:00:00",5285,12.88,701,0,0.088,1.34,1,0.119,0.088,0.102,0.058,49.42,37.79
"2025-01-13 18:30:00",5286,12.88,701,0,0.077,1.14,0.92,0.101,0.081,0.089,0.053,49.16,37.78
"2025-01-13 19:00:00",5287,12.87,701,0,0.066,0.97,0.82,0.086,0.073,0.074,0.051,48.96,37.74
"2025-01-13 19:30:00",5288,12.87,701,0,0.06,0.88,0.75,0.077,0.067,0.066,0.044,48.49,37.68
"2025-01-13 20:00:00",5289,12.86,701,0,0.057,0.8,0.75,0.071,0.067,0.062,0.045,49.43,38.47
"2025-01-13 20:30:00",5290,12.86,701,0,0.051,0.7,0.7,0.062,0.062,0.056,0.043,49.28,37.79
"2025-01-13 21:00:00",5291,12.85,701,0,0.05,0.68,0.68,0.06,0.06,0.056,0.041,48.63,38.22
"2025-01-13 21:30:00",5292,12.85,701,0,0.049,0.66,0.68,0.058,0.06,0.05,0.043,49.55,37.91
"2025-01-13 22:00:00",5293,12.85,701,0,0.044,0.58,0.63,0.052,0.056,0.048,0.041,48.67,37.85
"2025-01-13 22:30:00",5294,12.84,701,0,0.044,0.58,0.63,0.052,0.056,0.046,0.041,48.3,37.74
"2025-01-13 23:00:00",5295,12.84,701,0,0.041,0.51,0.61,0.045,0.054,0.04,0.041,49.19,37.29
"2025-01-13 23:30:00",5296,12.84,701,0,0.041,0.51,0.61,0.045,0.054,0.04,0.039,48.63,37.55
"2025-01-14 00:00:00",5297,12.84,701,0,0.039,0.49,0.59,0.043,0.052,0.04,0.039,48.27,38.12
"2025-01-14 00:30:00",5298,12.84,701,0,0.041,0.51,0.61,0.045,0.054,0.04,0.039,48.64,37.66
"2025-01-14 01:00:00",5299,12.84,701,0,0.04,0.51,0.59,0.045,0.052,0.04,0.038,48.83,37.45
"2025-01-14 01:30:00",5300,12.84,701,0,0.039,0.49,0.59,0.043,0.052,0.036,0.036,48.9,37.82
"2025-01-14 02:00:00",5301,12.83,701,0,0.036,0.44,0.56,0.039,0.05,0.036,0.036,48.42,37.34
"2025-01-14 02:30:00",5302,12.84,701,0,0.035,0.42,0.56,0.037,0.05,0.032,0.038,47.97,37.15
"2025-01-14 03:00:00",5303,12.83,701,0,0.033,0.39,0.52,0.035,0.046,0.036,0.034,48.11,37.7
"2025-01-14 03:30:00",5304,12.83,701,0,0.035,0.42,0.57,0.037,0.05,0.034,0.038,48.47,38.47
"2025-01-14 04:00:00",5305,12.83,701,0,0.032,0.37,0.54,0.032,0.048,0.03,0.034,49.04,37.4
"2025-01-14 04:30:00",5306,12.83,701,0,0.033,0.39,0.54,0.035,0.048,0.03,0.034,48.09,38.08
"2025-01-14 05:00:00",5307,12.82,701,0,0.023,0.24,0.4,0.021,0.035,0.022,0.027,48.91,37.26
"2025-01-14 05:30:00",5308,12.82,701,0,0.028,0.32,0.47,0.028,0.042,0.024,0.031,48.4,37.16
"2025-01-14 06:00:00",5309,12.82,701,0,0.023,0.26,0.39,0.023,0.034,0.025,0.028,46.79,37.2
"2025-01-14 06:30:00",5310,12.82,701,0,0.026,0.28,0.46,0.025,0.04,0.025,0.031,48.22,36.72
"2025-01-14 07:00:00",5311,12.82,701,0,0,0,0,0,0,0,0,46.1,35.44
"2025-01-14 07:30:00",5312,12.82,701,0,0.001,0,0.03,0,0.002,0.002,0.002,45.33,34.66
"2025-01-14 08:00:00",5313,12.82,701,0,0.006,0.05,0.14,0.005,0.012,0.007,0.008,46.15,34.91
"2025-01-14 08:30:00",5314,12.82,701,0,0.005,0.05,0.08,0.005,0.007,0.004,0.004,46.37,34.98
"2025-01-14 09:00:00",5315,12.82,701,0,0,0,0,0,0,0.002,0.002,45.73,34.91
"2025-01-14 09:30:00",5316,12.82,701,0,-0.003,0,-0.13,0,-0.013,0.004,0,44.81,34.25
"2025-01-14 10:00:00",5317,12.82,701,0,-0.01,-0.02,-0.31,-0.003,-0.028,0.007,-0.004,45.8,34.56
"2025-01-14 10:30:00",5318,12.83,701,0,0.009,0.28,-0.08,0.025,-0.008,0.031,0.011,43.73,34.15
"2025-01-14 11:00:00",5319,12.83,701,0,0.077,1.17,0.9,0.104,0.079,0.087,0.052,48.32,37.75
"2025-01-14 11:30:00",5320,12.84,701,0,0.086,1.3,1.02,0.115,0.09,0.097,0.06,50.33,38.53
"2025-01-14 12:00:00",5321,12.84,701,0,0.093,1.38,1.13,0.122,0.1,0.108,0.065,50.53,38.22
"2025-01-14 12:30:00",5322,12.84,701,0,0.097,1.48,1.13,0.131,0.1,0.115,0.066,49.85,37.38
"2025-01-14 13:00:00",5323,12.85,701,0,0.091,1.34,1.1,0.119,0.097,0.106,0.065,48.76,38.77
"2025-01-14 13:30:00",5324,12.85,701,0,0.096,1.44,1.13,0.128,0.1,0.111,0.066,49.94,37.48
"2025-01-14 14:00:00",5325,12.85,701,0,0.096,1.42,1.15,0.126,0.102,0.112,0.067,49.83,38.35
"2025-01-14 14:30:00",5326,12.86,701,0,0.095,1.42,1.13,0.126,0.1,0.109,0.067,49.51,38.03
"2025-01-14 15:00:00",5327,12.85,701,0,0.094,1.38,1.16,0.122,0.103,0.105,0.067,49.04,38.9
"2025-01-14 15:30:00",5328,12.86,701,0,0.093,1.34,1.16,0.119,0.102,0.103,0.067,49.49,38.68
"2025-01-14 16:00:00",5329,12.86,701,0,0.094,1.37,1.16,0.121,0.103,0.104,0.067,49.22,37.84
"2025-01-14 16:30:00",5330,12.86,701,0,0.091,1.3,1.15,0.115,0.101,0.096,0.069,49.53,38.3
"2025-01-14 17:00:00",5331,12.86,701,0,0.081,1.13,1.08,0.1,0.095,0.086,0.066,48.77,37.8
"2025-01-14 17:30:00",5332,12.85,701,0,0.072,1.01,0.96,0.089,0.085,0.076,0.057,49.06,38.09
"2025-01-14 18:00:00",5333,12.85,701,0,0.061,0.81,0.86,0.071,0.076,0.064,0.055,49.25,38.03
"2025-01-14 18:30:00",5334,12.84,701,0,0.054,0.71,0.76,0.063,0.067,0.056,0.046,48.91,37.27
"2025-01-14 19:00:00",5335,12.84,701,0,0.049,0.61,0.76,0.054,0.067,0.048,0.048,49.05,37.83
"2025-01-14 19:30:00",5336,12.84,701,0,0.046,0.56,0.71,0.05,0.063,0.044,0.045,48.19,37.79
"2025-01-14 20:00:00",5337,12.83,701,0,0.041,0.49,0.64,0.043,0.056,0.038,0.043,47.53,38.21
"2025-01-14 20:30:00",5338,12.83,701,0,0.034,0.38,0.59,0.034,0.052,0.032,0.041,49.29,38.06
"2025-01-14 21:00:00",5339,12.82,701,0,0.034,0.36,0.61,0.032,0.054,0.03,0.039,48.66,37.69
"2025-01-14 21:30:00",5340,12.82,701,0,0.032,0.36,0.53,0.032,0.047,0.028,0.036,48.92,37.54
"2025-01-14 22:00:00",5341,12.82,701,0,0.03,0.31,0.53,0.028,0.047,0.028,0.036,48.69,37.87
"2025-01-14 22:30:00",5342,12.83,701,0,0.03,0.31,0.54,0.028,0.047,0.026,0.036,49.03,37.54
"2025-01-14 23:00:00",5343,12.83,701,0,0.03,0.31,0.53,0.028,0.047,0.026,0.036,49.65,38.01
"2025-01-14 23:30:00",5344,12.83,701,0,0.034,0.39,0.56,0.035,0.05,0.034,0.036,48.81,37.43
"2025-01-15 00:00:00",5345,12.83,701,0,0.031,0.34,0.54,0.03,0.048,0.028,0.036,48.1,37.69
"2025-01-15 00:30:00",5346,12.83,701,0,0.03,0.34,0.51,0.03,0.046,0.028,0.032,48.88,36.41
"2025-01-15 01:00:00",5347,12.83,701,0,0.032,0.37,0.54,0.033,0.048,0.03,0.036,49.1,38.12
"2025-01-15 01:30:00",5348,12.83,701,0,0.028,0.29,0.51,0.026,0.046,0.026,0.032,49.96,36.67
"2025-01-15 02:00:00",5349,12.83,701,0,0.027,0.24,0.54,0.022,0.048,0.02,0.034,50.9,38.27
"2025-01-15 02:30:00",5350,12.82,701,0,0.029,0.3,0.52,0.026,0.046,0.024,0.033,48.58,37.19
"2025-01-15 03:00:00",5351,12.82,701,0,0.018,0.15,0.37,0.013,0.033,0.014,0.025,49.3,37.24
"2025-01-15 03:30:00",5352,12.82,701,0,-0.045,-0.81,-0.38,-0.072,-0.035,-0.057,-0.025,47.27,36.46
"2025-01-15 04:00:00",5353,12.82,701,0,-0.081,-1.24,-0.97,-0.11,-0.087,-0.091,-0.064,46.41,33.69
"2025-01-15 04:30:00",5354,12.82,701,0,-0.069,-1.12,-0.75,-0.1,-0.067,-0.08,-0.059,45.22,32.6
"2025-01-15 05:00:00",5355,12.81,701,0,-0.056,-0.92,-0.58,-0.083,-0.052,-0.067,-0.048,45.78,32.9
"2025-01-15 05:30:00",5356,12.81,701,0,-0.05,-0.84,-0.5,-0.076,-0.045,-0.06,-0.05,46.98,34.1
"2025-01-15 06:00:00",5357,12.81,701,0,-0.055,-0.87,-0.62,-0.078,-0.056,-0.067,-0.054,46.01,33.54
"2025-01-15 06:30:00",5358,12.81,701,0,-0.052,-0.88,-0.52,-0.079,-0.047,-0.068,-0.056,45.02,33.53
"2025-01-15 07:00:00",5359,12.81,701,0,-0.08,-1.04,-1.18,-0.093,-0.106,-0.078,-0.09,44.97,32.76
"2025-01-15 07:30:00",5360,12.8,701,0,-0.059,-0.96,-0.64,-0.086,-0.058,-0.076,-0.058,46,33.38
"2025-01-15 08:00:00",5361,12.8,701,0,-0.054,-0.8,-0.68,-0.072,-0.061,-0.06,-0.062,43.69,31.89
"2025-01-15 08:30:00",5362,12.8,701,0,-0.042,-0.58,-0.58,-0.052,-0.053,-0.048,-0.06,45.53,33.32
"2025-01-15 09:00:00",5363,12.8,701,0,-0.042,-0.62,-0.55,-0.056,-0.05,-0.05,-0.062,45.33,32.45
"2025-01-15 09:30:00",5364,12.8,701,0,-0.033,-0.44,-0.48,-0.04,-0.043,-0.036,-0.058,44.97,32.76
"2025-01-15 10:00:00",5365,12.8,701,0,-0.03,-0.4,-0.46,-0.036,-0.041,-0.035,-0.061,44.6,31.72
"2025-01-15 10:30:00",5366,12.81,701,0,-0.033,-0.42,-0.53,-0.038,-0.047,-0.035,-0.065,43.88,31.82
"2025-01-15 11:00:00",5367,12.81,701,0,-0.037,-0.46,-0.61,-0.042,-0.055,-0.035,-0.068,44.18,31.3
"2025-01-15 11:30:00",5368,12.81,701,0,-0.048,-0.53,-0.85,-0.048,-0.076,-0.038,-0.083,43.51,30.22
"2025-01-15 12:00:00",5369,12.82,701,0,-0.088,-0.78,-1.8,-0.07,-0.16,-0.051,-0.124,42.17,29.29
"2025-01-15 12:30:00",5370,12.82,701,0,-0.096,-0.63,-2.25,-0.057,-0.2,-0.036,-0.136,41.9,29.29
"2025-01-15 13:00:00",5371,12.82,701,0,-0.056,-0.25,-1.49,-0.023,-0.133,-0.004,-0.085,42.68,30.06
"2025-01-15 13:30:00",5372,12.83,701,0,-0.016,0.08,-0.66,0.007,-0.06,0.015,-0.035,44.9,32.28
"2025-01-15 14:00:00",5373,12.83,701,0,0.01,0.3,-0.08,0.027,-0.008,0.028,-0.002,46.98,34.37
"2025-01-15 14:30:00",5374,12.83,701,0,0.031,0.52,0.3,0.046,0.026,0.038,0.028,46.26,34.37
"2025-01-15 15:00:00",5375,12.83,701,0,0.04,0.56,0.52,0.05,0.046,0.046,0.041,49.2,36.18
"2025-01-15 15:30:00",5376,12.84,701,0,0.043,0.56,0.62,0.05,0.055,0.048,0.039,51.49,37.24
"2025-01-15 16:00:00",5377,12.84,701,0,0.042,0.56,0.59,0.05,0.052,0.044,0.038,48.96,37.73
"2025-01-15 16:30:00",5378,12.83,701,0,0.035,0.42,0.56,0.037,0.05,0.034,0.036,48.66,37.43
"2025-01-15 17:00:00",5379,12.83,701,0,0.025,0.27,0.44,0.024,0.039,0.02,0.03,47.67,37.12
"2025-01-15 17:30:00",5380,12.83,701,0,0.011,0,0.34,0,0.03,0.004,0.023,48.16,37.19
"2025-01-15 18:00:00",5381,12.82,701,0,-0.008,-0.28,0.1,-0.026,0.009,-0.02,0.013,48.43,37.61
"2025-01-15 18:30:00",5382,12.82,701,0,-0.004,-0.24,0.15,-0.022,0.013,-0.018,0.014,48.12,37.56
"2025-01-15 19:00:00",5383,12.82,701,0,0.001,-0.16,0.25,-0.015,0.022,-0.01,0.02,47.56,36.73
"2025-01-15 19:30:00",5384,12.81,701,0,0.002,-0.14,0.25,-0.013,0.022,-0.006,0.022,48.57,37.6
"2025-01-15 20:00:00",5385,12.81,701,0,-0.002,-0.19,0.15,-0.018,0.013,-0.014,0.016,47.52,37.26
"2025-01-15 20:30:00",5386,12.81,701,0,-0.006,-0.17,0,-0.016,0,-0.008,0.006,46.62,35.65
"2025-01-15 21:00:00",5387,12.81,701,0,-0.029,-0.48,-0.33,-0.044,-0.03,-0.038,-0.022,45.59,34.2
"2025-01-15 21:30:00",5388,12.81,701,0,-0.027,-0.44,-0.31,-0.04,-0.028,-0.036,-0.018,44.93,34.36
"2025-01-15 22:00:00",5389,12.8,701,0,-0.04,-0.49,-0.65,-0.045,-0.058,-0.038,-0.058,45.34,33.28
"2025-01-15 22:30:00",5390,12.8,701,0,-0.039,-0.68,-0.38,-0.061,-0.035,-0.053,-0.035,43.38,33.54
"2025-01-15 23:00:00",5391,12.8,701,0,-0.041,-0.61,-0.51,-0.055,-0.046,-0.052,-0.041,45.41,33.09
"2025-01-15 23:30:00",5392,12.8,701,0,-0.032,-0.59,-0.27,-0.053,-0.025,-0.05,-0.031,44.2,32.96
"2025-01-16 00:00:00",5393,12.79,701,0,-0.058,-1.03,-0.52,-0.092,-0.047,-0.079,-0.044,43.35,32.1
"2025-01-16 00:30:00",5394,12.79,701,0,-0.038,-0.53,-0.54,-0.048,-0.049,-0.045,-0.051,43.13,30.65
"2025-01-16 01:00:00",5395,12.79,701,0,-0.042,-0.68,-0.45,-0.061,-0.041,-0.051,-0.043,44.94,32.05
"2025-01-16 01:30:00",5396,12.78,701,0,-0.06,-0.77,-0.91,-0.069,-0.081,-0.061,-0.073,44.52,30.81
"2025-01-16 02:00:00",5397,12.78,701,0,-0.058,-0.75,-0.87,-0.067,-0.078,-0.059,-0.068,44.73,30.45
"2025-01-16 02:30:00",5398,12.78,701,0,-0.041,-0.65,-0.48,-0.059,-0.043,-0.056,-0.055,44.39,30.83
"2025-01-16 03:00:00",5399,12.78,701,0,-0.052,-0.91,-0.47,-0.081,-0.042,-0.073,-0.054,42.27,30.2
"2025-01-16 03:30:00",5400,12.78,701,0,-0.016,-0.19,-0.28,-0.017,-0.025,-0.023,-0.044,43.36,30.31
"2025-01-16 04:00:00",5401,12.78,701,0,-0.042,-0.64,-0.5,-0.058,-0.045,-0.052,-0.052,42.7,30.63
"2025-01-16 04:30:00",5402,12.78,701,0,-0.046,-0.57,-0.75,-0.051,-0.067,-0.046,-0.071,43.42,30.27
"2025-01-16 05:00:00",5403,12.77,701,0,-0.034,-0.35,-0.65,-0.031,-0.059,-0.031,-0.06,41.98,29.08
"2025-01-16 05:30:00",5404,12.77,701,0,-0.023,-0.17,-0.53,-0.016,-0.048,-0.009,-0.06,42.74,29.28
"2025-01-16 06:00:00",5405,12.77,701,0,-0.023,-0.07,-0.68,-0.007,-0.061,0.01,-0.076,41.66,28.77
"2025-01-16 06:30:00",5406,12.77,701,0,-0.019,-0.12,-0.48,-0.011,-0.043,-0.01,-0.058,40.69,29.19
"2025-01-16 07:00:00",5407,12.77,701,0,-0.011,-0.03,-0.35,-0.004,-0.032,0.017,-0.049,42.07,29.18
"2025-01-16 07:30:00",5408,12.77,701,0,-0.004,0.22,-0.44,0.019,-0.04,0.028,-0.056,41.18,28.55
"2025-01-16 08:00:00",5409,12.76,701,0,-0.018,-0.04,-0.55,-0.004,-0.049,0.015,-0.062,40.52,27.78
"2025-01-16 08:30:00",5410,12.76,701,0,-0.007,0.28,-0.63,0.025,-0.056,0.026,-0.07,41.07,28.6
"2025-01-16 09:00:00",5411,12.76,701,0,-0.011,0.14,-0.57,0.012,-0.052,0.022,-0.067,41.11,28.07
"2025-01-16 09:30:00",5412,12.77,701,0,-0.015,0.1,-0.64,0.009,-0.058,0.02,-0.074,37.72,27.87
"2025-01-16 10:00:00",5413,12.78,701,0,-0.003,0.47,-0.76,0.042,-0.068,0.048,-0.081,37.09,27.25
"2025-01-16 10:30:00",5414,12.78,701,0,-0.082,-0.88,-1.46,-0.079,-0.13,-0.048,-0.115,35.75,26.01
"2025-01-16 11:00:00",5415,12.79,701,0,-0.166,-2.26,-2.29,-0.201,-0.204,-0.175,-0.15,35.28,24.04
"2025-01-16 11:30:00",5416,12.8,701,0,-0.169,-1.99,-2.75,-0.177,-0.244,-0.149,-0.164,33.67,24.09
"2025-01-16 12:00:00",5417,12.81,701,0,-0.17,-1.78,-3.08,-0.158,-0.273,-0.123,-0.171,34.51,23.85
"2025-01-16 12:30:00",5418,12.81,701,0,-0.165,-1.52,-3.26,-0.135,-0.29,-0.099,-0.176,34.81,23.84
"2025-01-16 13:00:00",5419,12.82,701,0,-0.162,-1.45,-3.26,-0.13,-0.29,-0.089,-0.17,34.65,24.5
"2025-01-16 13:30:00",5420,12.82,701,0,-0.134,-0.94,-3.03,-0.084,-0.269,-0.036,-0.148,35.41,25.42
"2025-01-16 14:00:00",5421,12.82,701,0,-0.097,-0.51,-2.45,-0.046,-0.218,-0.008,-0.109,37,26.04
"2025-01-16 14:30:00",5422,12.83,701,0,-0.068,-0.26,-1.84,-0.024,-0.163,0.007,-0.082,38.93,26.46
"2025-01-16 15:00:00",5423,12.83,701,0,-0.027,0.06,-0.96,0.005,-0.086,0.025,-0.039,41.04,27.9
"2025-01-16 15:30:00",5424,12.83,701,0,-0.001,0.29,-0.46,0.026,-0.042,0.034,-0.009,42.31,29.03
"2025-01-16 16:00:00",5425,12.84,701,0,0.02,0.47,0,0.041,0,0.042,0.015,43.93,29.81
"2025-01-16 16:30:00",5426,12.84,701,0,0.037,0.56,0.42,0.05,0.037,0.048,0.031,44.95,30.58
"2025-01-16 17:00:00",5427,12.84,701,0,0.028,0.39,0.36,0.035,0.032,0.035,0.032,45.21,32.33
"2025-01-16 17:30:00",5428,12.83,701,0,0.022,0.23,0.38,0.021,0.033,0.022,0.031,45.73,32.44
"2025-01-16 18:00:00",5429,12.83,701,0,0.023,0.23,0.43,0.02,0.038,0.02,0.031,46.1,32.65
"2025-01-16 18:30:00",5430,12.83,701,0,0.028,0.31,0.49,0.027,0.043,0.026,0.033,46.15,33.27
"2025-01-16 19:00:00",5431,12.82,701,0,0.025,0.2,0.54,0.018,0.048,0.022,0.036,47.18,33.47
"2025-01-16 19:30:00",5432,12.82,701,0,0.02,0.15,0.44,0.013,0.039,0.014,0.03,47.08,33.63
"2025-01-16 20:00:00",5433,12.82,701,0,0.022,0.18,0.46,0.016,0.041,0.016,0.03,47.5,33.38
"2025-01-16 20:30:00",5434,12.82,701,0,0.03,0.3,0.57,0.026,0.05,0.026,0.035,47.17,34.71
"2025-01-16 21:00:00",5435,12.82,701,0,0.035,0.37,0.61,0.033,0.054,0.032,0.037,47.17,34.29
"2025-01-16 21:30:00",5436,12.82,701,0,0.04,0.49,0.62,0.044,0.055,0.04,0.037,47.06,35.68
"2025-01-16 22:00:00",5437,12.82,701,0,0.058,0.75,0.85,0.066,0.075,0.057,0.045,49.4,35.43
"2025-01-16 22:30:00",5438,12.82,701,0,0.071,1.01,0.9,0.09,0.08,0.077,0.049,49.52,36.8
"2025-01-16 23:00:00",5439,12.82,701,0,0.082,1.18,1.03,0.104,0.091,0.091,0.054,49.49,37.58
"2025-01-16 23:30:00",5440,12.83,701,0,0.08,1.19,0.95,0.105,0.084,0.091,0.052,48.29,37.48
"2025-01-17 00:00:00",5441,12.83,701,0,0.071,1.07,0.82,0.095,0.072,0.08,0.044,48.25,38.26
"2025-01-17 00:30:00",5442,12.83,701,0,0.06,0.87,0.76,0.077,0.067,0.065,0.043,48.92,37.43
"2025-01-17 01:00:00",5443,12.83,701,0,0.052,0.76,0.64,0.067,0.056,0.06,0.036,48.56,37.74
"2025-01-17 01:30:00",5444,12.83,701,0,0.045,0.64,0.59,0.056,0.052,0.048,0.037,48.74,37.76
"2025-01-17 02:00:00",5445,12.83,701,0,0.039,0.54,0.51,0.047,0.045,0.04,0.032,48.74,37.5
"2025-01-17 02:30:00",5446,12.82,701,0,0.034,0.45,0.49,0.04,0.043,0.036,0.03,48.98,36.92
"2025-01-17 03:00:00",5447,12.82,701,0,0.032,0.41,0.46,0.036,0.041,0.032,0.032,48.73,37.24
"2025-01-17 03:30:00",5448,12.82,701,0,0.032,0.42,0.46,0.037,0.041,0.032,0.03,48.25,36.77
"2025-01-17 04:00:00",5449,12.82,701,0,0.028,0.34,0.44,0.03,0.039,0.028,0.03,48.23,38.23
"2025-01-17 04:30:00",5450,12.82,701,0,0.024,0.27,0.39,0.024,0.035,0.022,0.027,48.8,37
"2025-01-17 05:00:00",5451,12.81,701,0,0.019,0.19,0.34,0.017,0.03,0.018,0.027,47.73,37.73
"2025-01-17 05:30:00",5452,12.81,701,0,0.016,0.15,0.32,0.013,0.028,0.014,0.023,48.13,37.46
"2025-01-17 06:00:00",5453,12.81,701,0,0.014,0.1,0.32,0.009,0.028,0.008,0.025,48.14,36.9
"2025-01-17 06:30:00",5454,12.81,701,0,0.013,0.1,0.29,0.009,0.026,0.008,0.023,47.86,36.88
"2025-01-17 07:00:00",5455,12.8,701,0,0.012,0.02,0.34,0.002,0.03,0.004,0.023,47.41,37.26
"2025-01-17 07:30:00",5456,12.8,701,0,0.012,0.05,0.32,0.004,0.028,0.002,0.022,47.59,37.74
"2025-01-17 08:00:00",5457,12.8,701,0,0.012,0.02,0.35,0.002,0.031,0.004,0.023,48.65,37
"2025-01-17 08:30:00",5458,12.8,701,0,0.015,0.05,0.4,0.004,0.035,0.006,0.023,48.63,37.56
"2025-01-17 09:00:00",5459,12.8,701,0,0.017,0.1,0.42,0.008,0.037,0.006,0.027,49.1,36.63
"2025-01-17 09:30:00",5460,12.8,701,0,0.024,0.24,0.44,0.021,0.039,0.022,0.032,49.39,37.9
"2025-01-17 10:00:00",5461,12.8,701,0,0.032,0.38,0.51,0.034,0.045,0.032,0.034,47.94,37.53
"2025-01-17 10:30:00",5462,12.8,701,0,0.04,0.53,0.56,0.046,0.049,0.042,0.036,48.89,38.24
"2025-01-17 11:00:00",5463,12.81,701,0,0.045,0.65,0.58,0.057,0.051,0.052,0.039,49.36,37.72
"2025-01-17 11:30:00",5464,12.82,701,0,0.057,0.81,0.72,0.072,0.064,0.065,0.042,49.06,37.01
"2025-01-17 12:00:00",5465,12.82,701,0,0.061,0.9,0.74,0.079,0.066,0.072,0.046,49.66,38.03
"2025-01-17 12:30:00",5466,12.83,701,0,0.075,1.15,0.84,0.102,0.074,0.091,0.053,50.64,38.44
"2025-01-17 13:00:00",5467,12.83,701,0,0.081,1.21,0.97,0.107,0.086,0.095,0.06,50.35,37.9
"2025-01-17 13:30:00",5468,12.84,701,0,0.097,1.47,1.13,0.13,0.1,0.115,0.069,49.3,38.65
"2025-01-17 14:00:00",5469,12.84,701,0,0.097,1.42,1.19,0.126,0.105,0.109,0.072,49.35,38.54
"2025-01-17 14:30:00",5470,12.85,701,0,0.108,1.6,1.31,0.142,0.116,0.121,0.079,49.16,38.5
"2025-01-17 15:00:00",5471,12.85,701,0,0.113,1.65,1.41,0.146,0.124,0.125,0.086,49.78,39.12
"2025-01-17 15:30:00",5472,12.85,701,0,0.11,1.54,1.45,0.136,0.128,0.117,0.089,49.4,38.59
"2025-01-17 16:00:00",5473,12.85,701,0,0.111,1.53,1.49,0.136,0.132,0.113,0.093,49.51,38.03
"2025-01-17 16:30:00",5474,12.85,701,0,0.104,1.38,1.47,0.122,0.13,0.103,0.091,48.33,38.09
"2025-01-17 17:00:00",5475,12.84,701,0,0.095,1.24,1.38,0.11,0.122,0.094,0.086,48.31,37.9
"2025-01-17 17:30:00",5476,12.84,701,0,0.082,1.03,1.24,0.091,0.11,0.076,0.078,49.03,37.8
"2025-01-17 18:00:00",5477,12.84,701,0,0.07,0.88,1.07,0.078,0.095,0.068,0.069,49.04,38.06
"2025-01-17 18:30:00",5478,12.83,701,0,0.06,0.71,0.97,0.063,0.086,0.054,0.062,47.54,37.96
"2025-01-17 19:00:00",5479,12.82,701,0,0.054,0.63,0.88,0.056,0.078,0.048,0.057,48.32,37.09
"2025-01-17 19:30:00",5480,12.82,701,0,0.049,0.54,0.83,0.047,0.074,0.042,0.055,48.08,37.66
"2025-01-17 20:00:00",5481,12.82,701,0,0.046,0.49,0.81,0.043,0.071,0.04,0.052,49.06,37.67
"2025-01-17 20:30:00",5482,12.81,701,0,0.042,0.44,0.76,0.039,0.067,0.034,0.053,48.11,38.11
"2025-01-17 21:00:00",5483,12.81,701,0,0.039,0.39,0.71,0.035,0.063,0.032,0.048,47.31,37.87
"2025-01-17 21:30:00",5484,12.8,701,0,0.037,0.39,0.66,0.035,0.059,0.03,0.045,47.81,37.4
"2025-01-17 22:00:00",5485,12.8,701,0,0.036,0.34,0.69,0.03,0.061,0.028,0.045,49.76,36.72
"2025-01-17 22:30:00",5486,12.8,701,0,0.034,0.32,0.64,0.028,0.056,0.026,0.041,47.56,37.56
"2025-01-17 23:00:00",5487,12.8,701,0,0.033,0.32,0.61,0.028,0.054,0.024,0.043,48.9,38.08
"2025-01-17 23:30:00",5488,12.79,701,0,0.03,0.27,0.61,0.024,0.054,0.022,0.041,48.47,37.65
"2025-01-18 00:00:00",5489,12.79,701,0,0.03,0.27,0.61,0.024,0.054,0.024,0.041,48.24,37.68
"2025-01-18 00:30:00",5490,12.79,701,0,0.028,0.22,0.59,0.019,0.052,0.02,0.041,48.42,37.34
"2025-01-18 01:00:00",5491,12.79,701,0,0.03,0.27,0.59,0.024,0.052,0.02,0.041,48.88,37.49
"2025-01-18 01:30:00",5492,12.79,701,0,0.027,0.2,0.59,0.017,0.052,0.018,0.041,48.21,37.54
"2025-01-18 02:00:00",5493,12.79,701,0,0.026,0.19,0.59,0.017,0.052,0.018,0.041,47.74,37.9
"2025-01-18 02:30:00",5494,12.79,701,0,0.026,0.22,0.54,0.019,0.048,0.018,0.039,48.71,37.74
"2025-01-18 03:00:00",5495,12.79,701,0,0.025,0.2,0.54,0.017,0.048,0.014,0.038,48.33,37.09
"2025-01-18 03:30:00",5496,12.79,701,0,0.024,0.19,0.51,0.017,0.045,0.014,0.038,47.91,37.35
"2025-01-18 04:00:00",5497,12.79,701,0,0.022,0.15,0.51,0.013,0.045,0.014,0.038,49.13,37.9
"2025-01-18 04:30:00",5498,12.79,701,0,0.023,0.17,0.51,0.015,0.045,0.014,0.036,48.42,37.6
"2025-01-18 05:00:00",5499,12.79,701,0,0.022,0.12,0.54,0.011,0.048,0.012,0.038,48.21,37.39
"2025-01-18 05:30:00",5500,12.79,701,0,0.02,0.12,0.49,0.011,0.043,0.012,0.034,48.98,37.75
"2025-01-18 06:00:00",5501,12.79,701,0,0.019,0.1,0.48,0.008,0.043,0.012,0.036,48.43,37.87
"2025-01-18 06:30:00",5502,12.79,701,0,0.019,0.07,0.51,0.006,0.045,0.008,0.036,49.13,37.49
"2025-01-18 07:00:00",5503,12.79,701,0,0.018,0.07,0.48,0.006,0.043,0.01,0.036,49.19,37.96
"2025-01-18 07:30:00",5504,12.8,701,0,0.019,0.1,0.48,0.008,0.043,0.008,0.034,49.43,37.79
"2025-01-18 08:00:00",5505,12.8,701,0,0.017,0.07,0.46,0.006,0.04,0.01,0.034,48.11,37.29
"2025-01-18 08:30:00",5506,12.8,701,0,0.02,0.14,0.45,0.013,0.04,0.012,0.035,48.68,37.44
"2025-01-18 09:00:00",5507,12.81,701,0,0.022,0.14,0.52,0.012,0.046,0.014,0.039,48.9,38.34
"2025-01-18 09:30:00",5508,12.81,701,0,0.022,0.12,0.54,0.01,0.048,0.012,0.04,49.85,38.62
"2025-01-18 10:00:00",5509,12.81,701,0,0.02,0.09,0.52,0.008,0.046,0.01,0.037,49.19,37.56
"2025-01-18 10:30:00",5510,12.82,701,0,0.027,0.19,0.61,0.016,0.054,0.015,0.042,48.48,38.9
"2025-01-18 11:00:00",5511,12.82,701,0,0.029,0.23,0.63,0.021,0.056,0.02,0.043,49.85,38.48
"2025-01-18 11:30:00",5512,12.83,701,0,0.032,0.3,0.63,0.027,0.056,0.027,0.043,50.32,38.28
"2025-01-18 12:00:00",5513,12.83,701,0,0.051,0.59,0.85,0.052,0.076,0.047,0.056,50,38.94
"2025-01-18 12:30:00",5514,12.84,701,0,0.074,0.82,1.25,0.073,0.11,0.065,0.077,50.24,38.05
"2025-01-18 13:00:00",5515,12.84,701,0,0.11,1.41,1.61,0.125,0.143,0.107,0.1,49.63,38.42
"2025-01-18 13:30:00",5516,12.85,701,0,0.13,1.72,1.86,0.152,0.165,0.132,0.118,50.19,39.24
"2025-01-18 14:00:00",5517,12.85,701,0,0.152,2.02,2.16,0.179,0.191,0.153,0.136,48.9,38.51
"2025-01-18 14:30:00",5518,12.85,701,0,0.151,2.02,2.12,0.179,0.187,0.153,0.132,50.21,38.99
"2025-01-18 15:00:00",5519,12.85,701,0,0.131,1.72,1.88,0.152,0.166,0.131,0.116,49.24,39.1
"2025-01-18 15:30:00",5520,12.85,701,0,0.114,1.47,1.67,0.13,0.148,0.111,0.104,49.64,38.99
"2025-01-18 16:00:00",5521,12.85,701,0,0.101,1.28,1.5,0.114,0.133,0.098,0.096,48.93,38.28
"2025-01-18 16:30:00",5522,12.85,701,0,0.089,1.09,1.39,0.097,0.123,0.082,0.087,48.93,38.12
"2025-01-18 17:00:00",5523,12.85,701,0,0.079,0.95,1.24,0.084,0.11,0.072,0.078,49.03,38.07
"2025-01-18 17:30:00",5524,12.85,701,0,0.075,0.92,1.15,0.081,0.102,0.069,0.073,48.58,38.18
"2025-01-18 18:00:00",5525,12.84,701,0,0.064,0.77,1.01,0.068,0.09,0.059,0.065,48.44,37.89
"2025-01-18 18:30:00",5526,12.84,701,0,0.057,0.65,0.94,0.057,0.083,0.051,0.061,48.43,37.21
"2025-01-18 19:00:00",5527,12.83,701,0,0.053,0.59,0.91,0.052,0.081,0.046,0.061,49.17,37.79
"2025-01-18 19:30:00",5528,12.83,701,0,0.051,0.56,0.89,0.05,0.078,0.044,0.058,48.65,37.27
"2025-01-18 20:00:00",5529,12.83,701,0,0.046,0.49,0.81,0.044,0.072,0.039,0.058,48.7,37.88
"2025-01-18 20:30:00",5530,12.82,701,0,0.043,0.44,0.79,0.039,0.07,0.036,0.054,47.97,37.57
"2025-01-18 21:00:00",5531,12.82,701,0,0.037,0.34,0.74,0.03,0.065,0.03,0.05,49.25,37.77
"2025-01-18 21:30:00",5532,12.82,701,0,0.038,0.34,0.76,0.03,0.067,0.026,0.048,49.46,37.41
"2025-01-18 22:00:00",5533,12.82,701,0,0.038,0.36,0.73,0.032,0.065,0.03,0.05,48.1,37.45
"2025-01-18 22:30:00",5534,12.82,701,0,0.036,0.34,0.68,0.03,0.061,0.028,0.048,48.05,38.06
"2025-01-18 23:00:00",5535,12.82,701,0,0.036,0.34,0.69,0.03,0.061,0.026,0.049,48.37,37.71
"2025-01-18 23:30:00",5536,12.82,701,0,0.036,0.34,0.69,0.03,0.061,0.028,0.049,48.72,38.32
"2025-01-19 00:00:00",5537,12.82,701,0,0.036,0.32,0.71,0.028,0.063,0.026,0.047,48.26,37.86
"2025-01-19 00:30:00",5538,12.82,701,0,0.034,0.32,0.66,0.028,0.059,0.028,0.045,49.14,37.51
"2025-01-19 01:00:00",5539,12.82,701,0,0.035,0.32,0.69,0.028,0.061,0.024,0.047,49.03,37.56
"2025-01-19 01:30:00",5540,12.82,701,0,0.034,0.32,0.67,0.028,0.059,0.026,0.045,48.06,37.25
"2025-01-19 02:00:00",5541,12.81,701,0,0.035,0.32,0.69,0.028,0.061,0.026,0.049,47.98,37.43
"2025-01-19 02:30:00",5542,12.81,701,0,0.034,0.3,0.67,0.026,0.059,0.024,0.045,47.45,37.05
"2025-01-19 03:00:00",5543,12.81,701,0,0.033,0.27,0.69,0.024,0.061,0.022,0.047,48.06,37.51
"2025-01-19 03:30:00",5544,12.81,701,0,0.033,0.3,0.65,0.026,0.057,0.024,0.043,48.75,38.09
"2025-01-19 04:00:00",5545,12.81,701,0,0.034,0.3,0.67,0.027,0.06,0.025,0.045,47.99,37.43
"2025-01-19 04:30:00",5546,12.81,701,0,0.033,0.3,0.65,0.026,0.057,0.022,0.045,48.9,37.01
"2025-01-19 05:00:00",5547,12.8,701,0,0.031,0.27,0.62,0.024,0.055,0.023,0.044,47.94,37.69
"2025-01-19 05:30:00",5548,12.8,701,0,0.028,0.22,0.6,0.02,0.053,0.02,0.042,48.55,37.33
"2025-01-19 06:00:00",5549,12.8,701,0,0.027,0.22,0.57,0.02,0.051,0.022,0.042,48.55,37.58
"2025-01-19 06:30:00",5550,12.8,701,0,0.025,0.17,0.57,0.015,0.051,0.016,0.04,48.78,37.8
"2025-01-19 07:00:00",5551,12.79,701,0,0.025,0.17,0.57,0.015,0.051,0.014,0.038,48.76,37.53
"2025-01-19 07:30:00",5552,12.8,701,0,0.024,0.17,0.54,0.015,0.048,0.016,0.04,48.28,37.88
"2025-01-19 08:00:00",5553,12.79,701,0,0.022,0.12,0.54,0.011,0.048,0.012,0.038,47.97,37.72
"2025-01-19 08:30:00",5554,12.79,701,0,0.023,0.15,0.52,0.013,0.046,0.014,0.036,49.24,38.02
"2025-01-19 09:00:00",5555,12.8,701,0,0.025,0.17,0.56,0.015,0.05,0.016,0.041,48.78,37.72
"2025-01-19 09:30:00",5556,12.8,701,0,0.028,0.19,0.63,0.017,0.056,0.018,0.043,49.19,37.41
"2025-01-19 10:00:00",5557,12.8,701,0,0.034,0.31,0.68,0.028,0.06,0.026,0.045,48.62,38.22
"2025-01-19 10:30:00",5558,12.8,701,0,0.039,0.38,0.75,0.034,0.066,0.028,0.052,49.6,38.38
"2025-01-19 11:00:00",5559,12.81,701,0,0.044,0.44,0.8,0.039,0.071,0.036,0.056,49.7,38.22
"2025-01-19 11:30:00",5560,12.81,701,0,0.053,0.57,0.92,0.051,0.081,0.046,0.061,49.79,37.9
"2025-01-19 12:00:00",5561,12.81,701,0,0.064,0.74,1.06,0.065,0.094,0.057,0.069,49.54,38.32
"2025-01-19 12:30:00",5562,12.82,701,0,0.073,0.88,1.14,0.078,0.101,0.068,0.072,48.34,39.03
"2025-01-19 13:00:00",5563,12.81,701,0,0.08,0.98,1.25,0.087,0.11,0.077,0.081,48.81,39.4
"2025-01-19 13:30:00",5564,12.82,701,0,0.084,1,1.34,0.088,0.119,0.076,0.086,49.03,37.81
"2025-01-19 14:00:00",5565,12.82,701,0,0.084,1.05,1.27,0.093,0.112,0.08,0.081,48.58,37.77
"2025-01-19 14:30:00",5566,12.82,701,0,0.078,0.93,1.23,0.083,0.109,0.071,0.079,48.68,38.85
"2025-01-19 15:00:00",5567,12.82,701,0,0.054,0.59,0.93,0.052,0.083,0.048,0.061,48.82,38.02
"2025-01-19 15:30:00",5568,12.82,701,0,0.042,0.44,0.76,0.039,0.067,0.032,0.052,48.29,37.75
"2025-01-19 16:00:00",5569,12.81,701,0,0.038,0.37,0.71,0.033,0.063,0.03,0.049,48.97,37.35
"2025-01-19 16:30:00",5570,12.81,701,0,0.032,0.25,0.67,0.022,0.059,0.022,0.045,48.91,37.28
"2025-01-19 17:00:00",5571,12.81,701,0,0.03,0.24,0.64,0.022,0.057,0.02,0.043,49.04,37.82
"2025-01-19 17:30:00",5572,12.81,701,0,0.026,0.2,0.57,0.017,0.05,0.016,0.04,48.28,38.13
"2025-01-19 18:00:00",5573,12.81,701,0,0.036,0.38,0.65,0.034,0.058,0.031,0.047,47.58,37.74
"2025-01-19 18:30:00",5574,12.81,701,0,0.036,0.33,0.7,0.029,0.062,0.029,0.045,47.36,37.37
"2025-01-19 19:00:00",5575,12.8,701,0,0.035,0.33,0.68,0.029,0.06,0.031,0.053,46.43,37.26
"2025-01-19 19:30:00",5576,12.8,701,0,0.039,0.38,0.73,0.034,0.065,0.029,0.046,49.47,36.44
"2025-01-19 20:00:00",5577,12.79,701,0,0.037,0.35,0.7,0.031,0.062,0.027,0.047,47.58,37.85
"2025-01-19 20:30:00",5578,12.79,701,0,0.037,0.33,0.73,0.029,0.064,0.029,0.051,48.49,36.44
"2025-01-19 21:00:00",5579,12.79,701,0,0.036,0.32,0.73,0.029,0.064,0.025,0.047,48.03,38.04
"2025-01-19 21:30:00",5580,12.79,701,0,0.035,0.3,0.7,0.026,0.062,0.029,0.051,47.26,37.43
"2025-01-19 22:00:00",5581,12.78,701,0,0.034,0.3,0.68,0.026,0.06,0.026,0.047,46.95,37.78
"2025-01-19 22:30:00",5582,12.78,701,0,0.032,0.25,0.68,0.022,0.06,0.018,0.046,48.49,37.83
"2025-01-19 23:00:00",5583,12.78,701,0,0.033,0.27,0.68,0.024,0.06,0.022,0.047,48.57,38.58
"2025-01-19 23:30:00",5584,12.78,701,0,0.036,0.35,0.68,0.031,0.06,0.03,0.048,48.77,36.31
"2025-01-20 00:00:00",5585,12.77,701,0,0.041,0.4,0.78,0.035,0.069,0.035,0.055,46.63,36.9
"2025-01-20 00:30:00",5586,12.77,701,0,0.028,0.2,0.62,0.018,0.055,0.016,0.045,47.21,37.63
"2025-01-20 01:00:00",5587,12.77,701,0,0.002,-0.14,0.25,-0.013,0.022,-0.004,0.029,48.81,35.78
"2025-01-20 01:30:00",5588,12.76,701,0,-0.021,-0.49,-0.04,-0.044,-0.004,-0.031,0.004,48.19,35.16
"2025-01-20 02:00:00",5589,12.76,701,0,-0.017,-0.41,-0.02,-0.037,-0.002,-0.028,0.007,48.18,36.54
"2025-01-20 02:30:00",5590,12.76,701,0,-0.008,-0.29,0.1,-0.026,0.009,-0.025,0.013,47.24,36.67
"2025-01-20 03:00:00",5591,12.76,701,0,-0.01,-0.34,0.1,-0.031,0.009,-0.02,0.015,47.59,37.59
"2025-01-20 03:30:00",5592,12.76,701,0,-0.007,-0.26,0.1,-0.024,0.009,-0.018,0.011,48.82,36.92
"2025-01-20 04:00:00",5593,12.75,701,0,-0.007,-0.29,0.12,-0.027,0.011,-0.023,0.013,47.79,36.97
"2025-01-20 04:30:00",5594,12.75,701,0,-0.002,-0.21,0.2,-0.02,0.018,-0.014,0.018,47.79,37.38
"2025-01-20 05:00:00",5595,12.75,701,0,0.002,-0.14,0.25,-0.013,0.022,-0.008,0.02,47.83,37.58
"2025-01-20 05:30:00",5596,12.75,701,0,0,-0.16,0.2,-0.015,0.018,-0.014,0.016,47.69,37.85
"2025-01-20 06:00:00",5597,12.75,701,0,0,-0.16,0.22,-0.015,0.02,-0.006,0.022,47.26,37.53
"2025-01-20 06:30:00",5598,12.75,701,0,0,-0.19,0.22,-0.018,0.02,-0.014,0.018,48.77,37.13
"2025-01-20 07:00:00",5599,12.75,701,0,-0.001,-0.19,0.2,-0.018,0.018,-0.01,0.02,46.66,36.67
"2025-01-20 07:30:00",5600,12.75,701,0,0,-0.16,0.17,-0.015,0.015,-0.01,0.018,47.32,37.48
"2025-01-20 08:00:00",5601,12.74,701,0,0.001,-0.14,0.22,-0.013,0.02,-0.008,0.02,49.04,37.65
"2025-01-20 08:30:00",5602,12.74,701,0,0.006,-0.06,0.27,-0.007,0.024,-0.004,0.025,48.26,37.28
"2025-01-20 09:00:00",5603,12.74,701,0,0.01,-0.02,0.35,-0.002,0.031,0,0.024,47.52,37.37
"2025-01-20 09:30:00",5604,12.74,701,0,0.006,-0.09,0.3,-0.009,0.026,-0.006,0.024,49.64,37.17
"2025-01-20 10:00:00",5605,12.75,701,0,0.011,0,0.35,0,0.031,0.002,0.027,49.23,37.58
"2025-01-20 10:30:00",5606,12.75,701,0,0.005,-0.11,0.3,-0.011,0.026,-0.008,0.022,48.2,37.8
"2025-01-20 11:00:00",5607,12.75,701,0,0.011,-0.01,0.37,-0.002,0.033,0,0.025,48.91,37.27
"2025-01-20 11:30:00",5608,12.75,701,0,0.024,0.17,0.54,0.015,0.048,0.016,0.034,47.41,38.65
"2025-01-20 12:00:00",5609,12.75,701,0,0.039,0.41,0.71,0.036,0.062,0.034,0.048,48.54,38.55
"2025-01-20 12:30:00",5610,12.75,701,0,0.047,0.51,0.81,0.045,0.071,0.04,0.052,48.74,37.93
"2025-01-20 13:00:00",5611,12.76,701,0,0.058,0.64,0.99,0.057,0.088,0.049,0.064,48.52,38.28
"2025-01-20 13:30:00",5612,12.76,701,0,0.08,0.98,1.24,0.086,0.11,0.074,0.079,48.32,37.36
"2025-01-20 14:00:00",5613,12.76,701,0,0.086,1.05,1.35,0.093,0.12,0.085,0.083,49.34,38.12
"2025-01-20 14:30:00",5614,12.76,701,0,0.095,1.18,1.45,0.105,0.129,0.09,0.091,49.35,38.13
"2025-01-20 15:00:00",5615,12.77,701,0,0.089,1.11,1.35,0.098,0.119,0.087,0.084,48.98,38.17
"2025-01-20 15:30:00",5616,12.77,701,0,0.075,0.93,1.15,0.082,0.102,0.072,0.073,49.34,38.37
"2025-01-20 16:00:00",5617,12.76,701,0,0.069,0.83,1.08,0.074,0.095,0.062,0.066,49.2,37.97
"2025-01-20 16:30:00",5618,12.76,701,0,0.052,0.57,0.91,0.05,0.081,0.045,0.058,48.59,38.35
"2025-01-20 17:00:00",5619,12.76,701,0,0.034,0.32,0.67,0.028,0.059,0.026,0.047,48.64,37.67
"2025-01-20 17:30:00",5620,12.76,701,0,0.011,0,0.35,0,0.031,0,0.027,47.92,37.27
"2025-01-20 18:00:00",5621,12.76,701,0,-0.005,-0.26,0.15,-0.024,0.013,-0.016,0.018,45.72,36.96
"2025-01-20 18:30:00",5622,12.75,701,0,-0.008,-0.29,0.1,-0.026,0.009,-0.02,0.014,47.79,36.56
"2025-01-20 19:00:00",5623,12.75,701,0,-0.01,-0.32,0.07,-0.029,0.007,-0.023,0.009,47.91,36.68
"2025-01-20 19:30:00",5624,12.75,701,0,-0.005,-0.24,0.12,-0.022,0.011,-0.018,0.015,48.32,37.09
"2025-01-20 20:00:00",5625,12.75,701,0,-0.004,-0.21,0.12,-0.02,0.011,-0.014,0.016,48.11,37.55
"2025-01-20 20:30:00",5626,12.74,701,0,0,-0.19,0.22,-0.018,0.02,-0.012,0.02,48.99,36.94
"2025-01-20 21:00:00",5627,12.74,701,0,-0.004,-0.22,0.15,-0.02,0.013,-0.012,0.018,47.74,37.18
"2025-01-20 21:30:00",5628,12.74,701,0,-0.005,-0.24,0.13,-0.022,0.011,-0.017,0.015,46.86,37.28
"2025-01-20 22:00:00",5629,12.74,701,0,-0.009,-0.29,0.08,-0.027,0.007,-0.019,0.013,47.3,37.56
"2025-01-20 22:30:00",5630,12.73,701,0,-0.01,-0.29,0.05,-0.027,0.004,-0.019,0.013,47.9,36.67
"2025-01-20 23:00:00",5631,12.73,701,0,-0.014,-0.37,0,-0.033,0,-0.025,0.009,47.65,36.83
"2025-01-20 23:30:00",5632,12.73,701,0,-0.032,-0.62,-0.22,-0.056,-0.02,-0.043,-0.004,48.01,37.34
"2025-01-21 00:00:00",5633,12.73,701,0,-0.036,-0.67,-0.29,-0.061,-0.027,-0.052,-0.007,46.46,36.62
"2025-01-21 00:30:00",5634,12.72,701,0,-0.046,-0.82,-0.4,-0.073,-0.036,-0.056,-0.015,46.83,37.09
"2025-01-21 01:00:00",5635,12.72,701,0,-0.044,-0.82,-0.34,-0.073,-0.031,-0.062,-0.011,46.84,36.58
"2025-01-21 01:30:00",5636,12.72,701,0,-0.036,-0.71,-0.23,-0.063,-0.021,-0.052,-0.007,48.16,37.91
"2025-01-21 02:00:00",5637,12.71,701,0,-0.028,-0.44,-0.35,-0.04,-0.032,-0.039,-0.015,47.76,36.53
"2025-01-21 02:30:00",5638,12.71,701,0,-0.039,-0.7,-0.35,-0.063,-0.032,-0.049,-0.015,46.11,36.68
"2025-01-21 03:00:00",5639,12.71,701,0,-0.027,-0.39,-0.36,-0.035,-0.033,-0.03,-0.015,46.27,36.12
"2025-01-21 03:30:00",5640,12.71,701,0,-0.029,-0.54,-0.25,-0.049,-0.023,-0.038,-0.011,46.59,35.51
"2025-01-21 04:00:00",5641,12.7,701,0,-0.043,-0.75,-0.39,-0.068,-0.036,-0.049,-0.013,44.63,35.45
"2025-01-21 04:30:00",5642,12.7,701,0,-0.023,-0.23,-0.45,-0.021,-0.041,0,-0.015,42.78,34.99
"2025-01-21 05:00:00",5643,12.7,701,0,-0.002,0.19,-0.36,0.017,-0.032,0.033,-0.016,44.48,34.73
"2025-01-21 05:30:00",5644,12.7,701,0,-0.014,-0.03,-0.45,-0.004,-0.041,0.02,-0.018,43.2,34.02
"2025-01-21 06:00:00",5645,12.7,701,0,-0.007,0.12,-0.4,0.011,-0.037,0.017,-0.022,45.84,33.36
"2025-01-21 06:30:00",5646,12.69,701,0,0.01,0.37,-0.16,0.033,-0.015,0.044,-0.006,47.29,34.13
"2025-01-21 07:00:00",5647,12.69,701,0,0.011,0.33,-0.1,0.029,-0.01,0.038,-0.004,47.54,34.38
"2025-01-21 07:30:00",5648,12.69,701,0,0.006,0.24,-0.14,0.021,-0.013,0.036,-0.006,44.85,33.2
"2025-01-21 08:00:00",5649,12.69,701,0,0.01,0.36,-0.15,0.032,-0.014,0.04,-0.01,45.97,33.65
"2025-01-21 08:30:00",5650,12.69,701,0,-0.024,-0.24,-0.47,-0.022,-0.042,-0.004,-0.032,45.03,32.56
"2025-01-21 09:00:00",5651,12.69,701,0,-0.002,0.04,-0.15,0.004,-0.014,0.014,-0.017,45.85,32.14
"2025-01-21 09:30:00",5652,12.69,701,0,-0.003,0,-0.12,0,-0.011,0.018,-0.011,44.78,32.72
"2025-01-21 10:00:00",5653,12.7,701,0,-0.01,0.08,-0.47,0.007,-0.042,0.021,-0.059,46.02,30.66
"2025-01-21 10:30:00",5654,12.69,701,0,-0.003,0.08,-0.24,0.007,-0.022,0.014,-0.046,44.05,30.91
"2025-01-21 11:00:00",5655,12.7,701,0,0,0.17,-0.27,0.015,-0.025,0.021,-0.046,43.8,30.66
"2025-01-21 11:30:00",5656,12.7,701,0,0.006,0.3,-0.2,0.026,-0.019,0.035,-0.035,42.86,30.81
"2025-01-21 12:00:00",5657,12.7,701,0,0.004,0.13,-0.06,0.011,-0.006,0.021,-0.033,42.9,30.02
"2025-01-21 12:30:00",5658,12.7,701,0,-0.009,0.13,-0.48,0.012,-0.044,0.022,-0.052,41.95,30.16
"2025-01-21 13:00:00",5659,12.71,701,0,-0.023,0,-0.76,0,-0.069,0.018,-0.071,40.89,29.66
"2025-01-21 13:30:00",5660,12.71,701,0,-0.008,0.13,-0.45,0.012,-0.041,0.021,-0.054,41.62,29.97
"2025-01-21 14:00:00",5661,12.71,701,0,-0.004,0.13,-0.32,0.011,-0.029,0.021,-0.055,42.5,29.88
"2025-01-21 14:30:00",5662,12.71,701,0,-0.007,0.13,-0.44,0.011,-0.04,0.021,-0.058,41.78,29.72
"2025-01-21 15:00:00",5663,12.72,701,0,-0.014,0.08,-0.57,0.007,-0.051,0.021,-0.069,41.78,29.98
"2025-01-21 15:30:00",5664,12.71,701,0,0.001,0.17,-0.21,0.015,-0.019,0.024,-0.05,42.51,30.03
"2025-01-21 16:00:00",5665,12.71,701,0,-0.011,-0.07,-0.3,-0.007,-0.027,0.007,-0.06,42.15,29.26
"2025-01-21 16:30:00",5666,12.71,701,0,0,0.12,-0.17,0.011,-0.016,0.023,-0.046,42.03,30.39
"2025-01-21 17:00:00",5667,12.71,701,0,0.009,0.28,-0.1,0.025,-0.01,0.03,-0.039,44.58,30.2
"2025-01-21 17:30:00",5668,12.71,701,0,-0.003,0.16,-0.33,0.015,-0.03,0.024,-0.053,42.05,29.83
"2025-01-21 18:00:00",5669,12.71,701,0,0.001,0.2,-0.22,0.018,-0.02,0.027,-0.047,42.11,30.46
"2025-01-21 18:30:00",5670,12.71,701,0,-0.01,0,-0.34,0,-0.031,0.02,-0.053,41.96,29.74
"2025-01-21 19:00:00",5671,12.7,701,0,0.007,0.24,-0.1,0.021,-0.01,0.033,-0.042,43.28,30.24
"2025-01-21 19:30:00",5672,12.7,701,0,0.008,0.24,-0.07,0.021,-0.007,0.03,-0.026,41.94,29.47
"2025-01-21 20:00:00",5673,12.7,701,0,0.008,0.16,0.04,0.014,0.003,0.029,-0.02,41.63,30.81
"2025-01-21 20:30:00",5674,12.7,701,0,0.014,0.28,0.07,0.025,0.006,0.039,-0.02,41.53,30.14
"2025-01-21 21:00:00",5675,12.7,701,0,0.011,0.2,0.07,0.017,0.006,0.029,-0.015,41.68,30.19
"2025-01-21 21:30:00",5676,12.69,701,0,0,0.16,-0.2,0.014,-0.019,0.036,-0.032,42.71,30.24
"2025-01-21 22:00:00",5677,12.69,701,0,0.021,0.46,0.07,0.041,0.006,0.048,-0.026,44.22,30.51
"2025-01-21 22:30:00",5678,12.69,701,0,0.016,0.27,0.15,0.024,0.013,0.042,-0.017,42.15,29.94
"2025-01-21 23:00:00",5679,12.69,701,0,0.025,0.31,0.39,0.028,0.035,0.045,-0.007,42.66,30.86
"2025-01-21 23:30:00",5680,12.69,701,0,0.022,0.32,0.26,0.028,0.023,0.055,-0.005,41.18,30.35
"2025-01-22 00:00:00",5681,12.69,701,0,0.02,0.36,0.15,0.032,0.013,0.059,-0.007,41.73,29.25
"2025-01-22 00:30:00",5682,12.68,701,0,0.032,0.52,0.32,0.046,0.028,0.065,0,41.99,30.75
"2025-01-22 01:00:00",5683,12.68,701,0,0.033,0.57,0.29,0.051,0.025,0.079,0.005,42.1,30.3
"2025-01-22 01:30:00",5684,12.68,701,0,0.026,0.53,0.11,0.047,0.009,0.072,0.002,40.59,31.01
"2025-01-22 02:00:00",5685,12.68,701,0,0.029,0.62,0.1,0.055,0.009,0.079,-0.002,40.86,30.86
"2025-01-22 02:30:00",5686,12.68,701,0,0.026,0.63,0,0.056,0,0.079,0,41.13,30.72
"2025-01-22 03:00:00",5687,12.68,701,0,0.03,0.67,0.07,0.059,0.006,0.086,0.005,39.9,30.46
"2025-01-22 03:30:00",5688,12.68,701,0,0.028,0.67,0,0.06,0,0.086,0.005,39.99,31.64
"2025-01-22 04:00:00",5689,12.68,701,0,0.028,0.68,0,0.061,0,0.089,0.005,40.19,31.17
"2025-01-22 04:30:00",5690,12.68,701,0,0.031,0.69,0.07,0.061,0.006,0.089,0.009,39.11,31.02
"2025-01-22 05:00:00",5691,12.68,701,0,0.025,0.61,-0.02,0.054,-0.003,0.083,0.005,39.07,31.54
"2025-01-22 05:30:00",5692,12.68,701,0,0.03,0.71,0,0.063,0,0.09,0.007,38.61,31.34
"2025-01-22 06:00:00",5693,12.67,701,0,0.026,0.72,-0.13,0.063,-0.012,0.09,0.002,38.04,31.49
"2025-01-22 06:30:00",5694,12.67,701,0,0.017,0.54,-0.19,0.048,-0.018,0.077,0,37.56,31.43
"2025-01-22 07:00:00",5695,12.67,701,0,0.018,0.49,-0.09,0.044,-0.009,0.079,0.004,37.63,31.75
"2025-01-22 07:30:00",5696,12.67,701,0,0.016,0.45,-0.09,0.04,-0.009,0.073,0.007,37.66,30.96
"2025-01-22 08:00:00",5697,12.67,701,0,0.016,0.49,-0.13,0.044,-0.012,0.076,0.009,37.15,31.43
"2025-01-22 08:30:00",5698,12.67,701,0,0.016,0.53,-0.19,0.047,-0.018,0.076,0.007,38.75,31.63
"2025-01-22 09:00:00",5699,12.67,701,0,0.016,0.53,-0.19,0.047,-0.018,0.076,0.002,36.8,31.49
"2025-01-22 09:30:00",5700,12.67,701,0,0.02,0.63,-0.19,0.056,-0.018,0.084,0.007,37.2,30.91
"2025-01-22 10:00:00",5701,12.67,701,0,0.018,0.56,-0.16,0.049,-0.015,0.081,0.007,36.16,31.37
"2025-01-22 10:30:00",5702,12.67,701,0,0.024,0.67,-0.13,0.059,-0.012,0.087,0.002,37.51,30.81
"2025-01-22 11:00:00",5703,12.68,701,0,0.025,0.66,-0.09,0.058,-0.009,0.095,0.004,38.07,32.04
"2025-01-22 11:30:00",5704,12.68,701,0,0.025,0.66,-0.09,0.059,-0.009,0.1,0.005,36.48,31.02
"2025-01-22 12:00:00",5705,12.68,701,0,0.025,0.64,-0.06,0.057,-0.006,0.089,0.007,38.43,31.48
"2025-01-22 12:30:00",5706,12.68,701,0,0.02,0.49,-0.02,0.043,-0.003,0.08,0,39.62,30.6
"2025-01-22 13:00:00",5707,12.69,701,0,0.02,0.42,0.07,0.037,0.006,0.075,0,41.62,30.54
"2025-01-22 13:30:00",5708,12.69,701,0,0.021,0.47,0.04,0.041,0.003,0.069,-0.01,41.56,29.5
"2025-01-22 14:00:00",5709,12.7,701,0,0.021,0.46,0.07,0.04,0.006,0.064,-0.005,42.7,30.23
"2025-01-22 14:30:00",5710,12.7,701,0,0.016,0.29,0.11,0.025,0.01,0.054,-0.005,43.05,29.19
"2025-01-22 15:00:00",5711,12.7,701,0,0.014,0.29,0.07,0.026,0.006,0.054,-0.005,42.89,29.6
"2025-01-22 15:30:00",5712,12.7,701,0,0.014,0.24,0.11,0.022,0.009,0.057,-0.002,42.21,29.75
"2025-01-22 16:00:00",5713,12.7,701,0,0.013,0.25,0.07,0.022,0.006,0.063,-0.002,41.57,30.18
"2025-01-22 16:30:00",5714,12.7,701,0,0.021,0.47,0.04,0.041,0.003,0.08,0.005,40.01,30.69
"2025-01-22 17:00:00",5715,12.7,701,0,0.028,0.63,0.04,0.055,0.003,0.096,0.007,38.44,30.5
"2025-01-22 17:30:00",5716,12.69,701,0,0.023,0.56,-0.03,0.049,-0.003,0.089,0.011,36.88,30.6
"2025-01-22 18:00:00",5717,12.69,701,0,0.02,0.56,-0.1,0.049,-0.009,0.092,0.009,36.07,31.02
"2025-01-22 18:30:00",5718,12.68,701,0,0.017,0.5,-0.13,0.044,-0.013,0.083,0.011,36.53,30.5
"2025-01-22 19:00:00",5719,12.68,701,0,0.008,0.31,-0.17,0.028,-0.016,0.072,0.007,37.26,30.97
"2025-01-22 19:30:00",5720,12.67,701,0,0.014,0.46,-0.17,0.041,-0.016,0.083,0.011,35.81,31.02
"2025-01-22 20:00:00",5721,12.67,701,0,0.009,0.32,-0.13,0.028,-0.013,0.073,0.013,35.8,30.75
"2025-01-22 20:30:00",5722,12.67,701,0,0.007,0.32,-0.21,0.028,-0.019,0.073,0.011,36.46,30.73
"2025-01-22 21:00:00",5723,12.66,701,0,0.003,0.22,-0.21,0.02,-0.019,0.069,0.011,36.55,30.26
"2025-01-22 21:30:00",5724,12.66,701,0,0.005,0.27,-0.21,0.024,-0.019,0.069,0.013,36.8,30.1
"2025-01-22 22:00:00",5725,12.65,701,0,0.002,0.18,-0.17,0.016,-0.016,0.062,0.013,35.73,30.11
"2025-01-22 22:30:00",5726,12.65,701,0,0.001,0.22,-0.25,0.02,-0.023,0.062,0.009,36.38,30.25
"2025-01-22 23:00:00",5727,12.65,701,0,0.004,0.22,-0.18,0.019,-0.017,0.061,0.013,36.55,29.85
"2025-01-22 23:30:00",5728,12.65,701,0,-0.001,0.09,-0.18,0.008,-0.016,0.051,0.013,36.49,30.35
"2025-01-23 00:00:00",5729,12.65,701,0,-0.001,0.09,-0.18,0.008,-0.017,0.054,0.011,35.78,30.73
"2025-01-23 00:30:00",5730,12.64,701,0,0,0.08,-0.14,0.007,-0.013,0.044,0.015,36.6,30.31
"2025-01-23 01:00:00",5731,12.64,701,0,-0.003,0.04,-0.18,0.004,-0.017,0.044,0.013,37.17,29.79
"2025-01-23 01:30:00",5732,12.64,701,0,-0.005,0,-0.18,0,-0.017,0.041,0.011,36.86,30
"2025-01-23 02:00:00",5733,12.64,701,0,-0.005,-0.03,-0.14,-0.004,-0.013,0.038,0.011,37.1,29.83
"2025-01-23 02:30:00",5734,12.64,701,0,-0.006,0,-0.22,0,-0.02,0.041,0.009,36.95,29.84
"2025-01-23 03:00:00",5735,12.64,701,0,-0.003,0,-0.14,0,-0.013,0.041,0.011,37.48,29.69
"2025-01-23 03:30:00",5736,12.64,701,0,-0.005,-0.03,-0.14,-0.004,-0.013,0.028,0.015,37.98,29.63
"2025-01-23 04:00:00",5737,12.64,701,0,-0.003,0,-0.14,0,-0.013,0.034,0.013,37.88,29.79
"2025-01-23 04:30:00",5738,12.64,701,0,-0.006,-0.03,-0.18,-0.004,-0.017,0.031,0.013,37.38,29.7
"2025-01-23 05:00:00",5739,12.64,701,0,-0.009,-0.07,-0.22,-0.007,-0.02,0.028,0.011,37.12,29.18
"2025-01-23 05:30:00",5740,12.64,701,0,-0.005,0,-0.18,0,-0.017,0.031,0.013,38,29.39
"2025-01-23 06:00:00",5741,12.64,701,0,-0.003,-0.03,-0.1,-0.004,-0.01,0.028,0.013,37.87,29.67
"2025-01-23 06:30:00",5742,12.64,701,0,-0.005,-0.03,-0.14,-0.004,-0.013,0.028,0.013,38.19,29.99
"2025-01-23 07:00:00",5743,12.64,701,0,-0.005,-0.03,-0.14,-0.004,-0.013,0.031,0.011,38.45,29.84
"2025-01-23 07:30:00",5744,12.64,701,0,-0.005,-0.03,-0.14,-0.004,-0.013,0.031,0.011,37.67,29.32
"2025-01-23 08:00:00",5745,12.64,701,0,-0.003,0,-0.14,0,-0.013,0.031,0.011,37.92,29.73
"2025-01-23 08:30:00",5746,12.64,701,0,-0.001,0.09,-0.18,0.008,-0.017,0.046,0.008,36.44,29.48
"2025-01-23 09:00:00",5747,12.65,701,0,0,0.14,-0.22,0.012,-0.02,0.047,0.009,36.69,29.57
"2025-01-23 09:30:00",5748,12.65,701,0,0.005,0.35,-0.3,0.031,-0.028,0.072,0.006,34.82,29.2
"2025-01-23 10:00:00",5749,12.66,701,0,0.008,0.42,-0.31,0.037,-0.028,0.083,0.007,34.88,29.41
"2025-01-23 10:30:00",5750,12.66,701,0,0.011,0.49,-0.31,0.044,-0.028,0.093,0.007,34.2,29.56
"2025-01-23 11:00:00",5751,12.67,701,0,0.008,0.43,-0.31,0.038,-0.028,0.089,0.007,35.27,29.81
"2025-01-23 11:30:00",5752,12.68,701,0,0.006,0.36,-0.3,0.032,-0.027,0.092,0.007,35.74,30.12
"2025-01-23 12:00:00",5753,12.68,701,0,0.003,0.24,-0.21,0.021,-0.02,0.081,0.004,38.36,30.17
"2025-01-23 12:30:00",5754,12.69,701,0,0.007,0.28,-0.14,0.025,-0.013,0.076,0.005,39.96,30.38
"2025-01-23 13:00:00",5755,12.69,701,0,0.01,0.26,-0.03,0.023,-0.003,0.07,0,40.94,30.53
"2025-01-23 13:30:00",5756,12.7,701,0,0.013,0.3,0,0.027,0,0.07,0,41.81,29.91
"2025-01-23 14:00:00",5757,12.7,701,0,0.015,0.3,0.07,0.027,0.006,0.067,-0.005,42.6,29.31
"2025-01-23 14:30:00",5758,12.7,701,0,0.016,0.3,0.11,0.026,0.01,0.06,-0.005,43.56,29.04
"2025-01-23 15:00:00",5759,12.7,701,0,0.019,0.38,0.11,0.034,0.01,0.064,-0.01,45.11,29.76
"2025-01-23 15:30:00",5760,12.7,701,0,0.022,0.44,0.11,0.039,0.01,0.066,-0.013,42.95,28.42
"2025-01-23 16:00:00",5761,12.7,701,0,0.023,0.4,0.19,0.035,0.017,0.071,-0.01,42.6,28.33
"2025-01-23 16:30:00",5762,12.7,701,0,0.021,0.35,0.19,0.031,0.017,0.067,-0.01,44.11,28.33
"2025-01-23 17:00:00",5763,12.7,701,0,0.016,0.3,0.11,0.027,0.01,0.058,-0.01,43.32,28.79
"2025-01-23 17:30:00",5764,12.7,701,0,0.014,0.21,0.15,0.019,0.013,0.056,-0.008,41.94,29.31
"2025-01-23 18:00:00",5765,12.7,701,0,0.014,0.21,0.15,0.018,0.013,0.058,-0.002,42.41,28.96
"2025-01-23 18:30:00",5766,12.7,701,0,0.009,0.17,0.07,0.015,0.006,0.054,-0.005,42.73,29.17
"2025-01-23 19:00:00",5767,12.69,701,0,0.009,0.12,0.14,0.011,0.013,0.06,0.007,41.16,29.92
"2025-01-23 19:30:00",5768,12.69,701,0,0.009,0.17,0.07,0.015,0.006,0.063,0.002,41.23,29.73
"2025-01-23 20:00:00",5769,12.69,701,0,0.008,0.17,0.04,0.015,0.003,0.07,0.009,39.37,30.61
"2025-01-23 20:30:00",5770,12.69,701,0,0.011,0.26,0,0.023,0,0.079,0.011,38.5,30.15
"2025-01-23 21:00:00",5771,12.68,701,0,0.017,0.43,-0.03,0.038,-0.003,0.089,0.011,36.65,29.79
"2025-01-23 21:30:00",5772,12.68,701,0,0.017,0.5,-0.14,0.044,-0.013,0.09,0.009,35.42,30.62
"2025-01-23 22:00:00",5773,12.68,701,0,0.014,0.46,-0.17,0.041,-0.016,0.091,0.009,35.37,29.9
"2025-01-23 22:30:00",5774,12.67,701,0,0.007,0.36,-0.25,0.032,-0.023,0.086,0.007,34.44,30.05
"2025-01-23 23:00:00",5775,12.67,701,0,0.004,0.31,-0.29,0.027,-0.027,0.079,0.007,34.1,29.88
"2025-01-23 23:30:00",5776,12.67,701,0,0.009,0.41,-0.26,0.036,-0.024,0.082,0.007,34.58,29.94
"2025-01-24 00:00:00",5777,12.66,701,0,0,0.25,-0.34,0.022,-0.031,0.07,0.007,34.27,29.62
"2025-01-24 00:30:00",5778,12.66,701,0,-0.004,0.1,-0.3,0.009,-0.027,0.066,0.009,35.05,29.43
"2025-01-24 01:00:00",5779,12.66,701,0,-0.003,0.14,-0.3,0.013,-0.027,0.062,0.006,35.57,29.28
"2025-01-24 01:30:00",5780,12.66,701,0,-0.003,0.1,-0.26,0.008,-0.024,0.058,0.009,35.57,29.95
"2025-01-24 02:00:00",5781,12.66,701,0,-0.003,0.14,-0.3,0.013,-0.027,0.058,0.006,35.31,29.17
"2025-01-24 02:30:00",5782,12.65,701,0,0.001,0.19,-0.22,0.017,-0.021,0.058,0.009,35.26,29.95
"2025-01-24 03:00:00",5783,12.65,701,0,-0.003,0.09,-0.26,0.008,-0.024,0.054,0.009,35.31,29.43
"2025-01-24 03:30:00",5784,12.65,701,0,-0.002,0.09,-0.22,0.008,-0.02,0.057,0.011,35.46,29.17
"2025-01-24 04:00:00",5785,12.65,701,0,-0.004,0.14,-0.34,0.013,-0.031,0.054,0.004,35.5,29.22
"2025-01-24 04:30:00",5786,12.65,701,0,0,0.14,-0.22,0.012,-0.02,0.057,0.008,35.44,29.41
"2025-01-24 05:00:00",5787,12.65,701,0,-0.003,0.14,-0.3,0.012,-0.027,0.061,0.006,34.89,29.27
"2025-01-24 05:30:00",5788,12.65,701,0,-0.005,0.09,-0.3,0.008,-0.027,0.054,0.008,35.93,29.8
"2025-01-24 06:00:00",5789,12.65,701,0,-0.003,0.09,-0.26,0.008,-0.024,0.054,0.008,35.15,29.12
"2025-01-24 06:30:00",5790,12.65,701,0,-0.003,0.09,-0.26,0.008,-0.024,0.054,0.006,34.94,29.89
"2025-01-24 07:00:00",5791,12.65,701,0,-0.005,0.05,-0.26,0.004,-0.024,0.057,0.006,34.96,29.24
"2025-01-24 07:30:00",5792,12.65,701,0,0,0.14,-0.22,0.012,-0.02,0.056,0.008,35.78,29.49
"2025-01-24 08:00:00",5793,12.65,701,0,-0.003,0.05,-0.18,0.004,-0.017,0.05,0.011,35.41,29.68
"2025-01-24 08:30:00",5794,12.65,701,0,0,0.19,-0.3,0.017,-0.027,0.063,0.004,34.9,29.43
"2025-01-24 09:00:00",5795,12.65,701,0,0.007,0.37,-0.26,0.032,-0.024,0.081,0.008,33.75,29.11
"2025-01-24 09:30:00",5796,12.66,701,0,0.002,0.32,-0.35,0.029,-0.031,0.086,0.006,33.71,29.32
"2025-01-24 10:00:00",5797,12.66,701,0,-0.002,0.15,-0.3,0.013,-0.027,0.085,0.004,36.62,29.51
"2025-01-24 10:30:00",5798,12.67,701,0,-0.001,0.09,-0.18,0.008,-0.017,0.07,0.004,38.93,30.43
"2025-01-24 11:00:00",5799,12.68,701,0,0.013,0.3,0,0.027,0,0.076,0,41.61,30.54
"2025-01-24 11:30:00",5800,12.68,701,0,0.023,0.49,0.07,0.044,0.006,0.078,-0.007,42.38,29.66
"2025-01-24 12:00:00",5801,12.69,701,0,0.038,0.88,0.04,0.078,0.003,0.106,-0.023,42.21,27.94
"2025-01-24 12:30:00",5802,12.7,701,0,0.084,2.15,-0.18,0.19,-0.017,0.203,-0.046,32.95,25.02
"2025-01-24 13:00:00",5803,12.7,701,0,0.002,0.54,-0.65,0.047,-0.058,0.116,-0.079,33.49,23.66
"2025-01-24 13:30:00",5804,12.71,701,0,-0.11,-1.77,-1.16,-0.158,-0.104,-0.147,-0.104,33.81,23
"2025-01-24 14:00:00",5805,12.71,701,0,-0.132,-2.19,-1.32,-0.195,-0.118,-0.155,-0.12,33.39,21.76
"2025-01-24 14:30:00",5806,12.71,701,0,-0.127,-1.82,-1.65,-0.162,-0.147,-0.13,-0.136,32.71,21.9
"2025-01-24 15:00:00",5807,12.71,701,0,-0.13,-1.73,-1.85,-0.154,-0.164,-0.128,-0.142,33.53,21.49
"2025-01-24 15:30:00",5808,12.71,701,0,-0.13,-1.76,-1.83,-0.157,-0.163,-0.12,-0.14,33.25,21.2
"2025-01-24 16:00:00",5809,12.71,701,0,-0.138,-1.78,-2.05,-0.158,-0.182,-0.118,-0.148,32.69,21.2
"2025-01-24 16:30:00",5810,12.71,701,0,-0.135,-1.85,-1.87,-0.164,-0.166,-0.125,-0.149,33.46,21.25
"2025-01-24 17:00:00",5811,12.71,701,0,-0.128,-1.89,-1.58,-0.168,-0.14,-0.125,-0.14,33.05,21.41
"2025-01-24 17:30:00",5812,12.71,701,0,-0.128,-1.89,-1.6,-0.168,-0.142,-0.135,-0.144,33.82,21.36
"2025-01-24 18:00:00",5813,12.71,701,0,-0.128,-1.9,-1.58,-0.169,-0.14,-0.138,-0.144,34.5,21.21
"2025-01-24 18:30:00",5814,12.7,701,0,-0.121,-1.74,-1.56,-0.155,-0.139,-0.128,-0.14,34.14,21.11
"2025-01-24 19:00:00",5815,12.7,701,0,-0.1,-1.51,-1.21,-0.135,-0.108,-0.119,-0.13,34.82,21.53
"2025-01-24 19:30:00",5816,12.7,701,0,-0.086,-1.33,-1.01,-0.119,-0.09,-0.108,-0.125,34.86,21.72
"2025-01-24 20:00:00",5817,12.69,701,0,-0.066,-1.19,-0.55,-0.106,-0.05,-0.104,-0.115,36.62,22.5
"2025-01-24 20:30:00",5818,12.69,701,0,-0.063,-1.17,-0.49,-0.104,-0.044,-0.104,-0.104,38.06,22.55
"2025-01-24 21:00:00",5819,12.69,701,0,-0.045,-0.91,-0.25,-0.081,-0.023,-0.086,-0.09,37.79,22.7
"2025-01-24 21:30:00",5820,12.69,701,0,0.014,0.45,-0.15,0.04,-0.014,0.057,-0.077,33.38,22.98
"2025-01-24 22:00:00",5821,12.68,701,0,0.023,0.49,0.07,0.044,0.006,0.07,-0.064,32.13,23.78
"2025-01-24 22:30:00",5822,12.68,701,0,0.028,0.58,0.12,0.051,0.011,0.089,-0.046,33.94,24.92
"2025-01-24 23:00:00",5823,12.68,701,0,0.015,0.32,0.05,0.029,0.005,0.061,-0.038,34.41,25.23
"2025-01-24 23:30:00",5824,12.68,701,0,0.018,0.35,0.1,0.031,0.008,0.055,-0.034,35.61,26.02
"2025-01-25 00:00:00",5825,12.67,701,0,0.024,0.47,0.13,0.042,0.012,0.064,-0.027,37.77,26.95
"2025-01-25 00:30:00",5826,12.67,701,0,0.019,0.36,0.12,0.032,0.011,0.044,-0.015,41.12,27.67
"2025-01-25 01:00:00",5827,12.67,701,0,0.016,0.26,0.16,0.023,0.014,0.049,-0.005,40.95,28.32
"2025-01-25 01:30:00",5828,12.66,701,0,0.016,0.3,0.11,0.026,0.01,0.059,-0.005,42.27,28.97
"2025-01-25 02:00:00",5829,12.66,701,0,0.019,0.39,0.07,0.034,0.007,0.077,0,40.97,29.32
"2025-01-25 02:30:00",5830,12.66,701,0,0.018,0.38,0.07,0.034,0.006,0.076,0.005,41.83,29.77
"2025-01-25 03:00:00",5831,12.66,701,0,0.02,0.43,0.07,0.038,0.006,0.08,0.007,40.55,30.4
"2025-01-25 03:30:00",5832,12.66,701,0,0.022,0.49,0.04,0.043,0.003,0.088,0.009,39.94,30.76
"2025-01-25 04:00:00",5833,12.65,701,0,0.024,0.6,-0.03,0.053,-0.003,0.097,0.007,40,30.41
"2025-01-25 04:30:00",5834,12.65,701,0,0.021,0.57,-0.1,0.051,-0.01,0.095,0.004,38.75,30.4
"2025-01-25 05:00:00",5835,12.65,701,0,0.023,0.59,-0.06,0.052,-0.006,0.1,0.009,38.28,30.5
"2025-01-25 05:30:00",5836,12.65,701,0,0.023,0.65,-0.14,0.057,-0.013,0.1,0.007,37.43,30.46
"2025-01-25 06:00:00",5837,12.65,701,0,0.017,0.6,-0.25,0.054,-0.023,0.096,0.004,37.94,30
"2025-01-25 06:30:00",5838,12.65,701,0,0.019,0.6,-0.21,0.054,-0.02,0.096,0.007,36.54,29.84
"2025-01-25 07:00:00",5839,12.65,701,0,0.016,0.56,-0.25,0.049,-0.023,0.092,0.007,36.9,29.79
"2025-01-25 07:30:00",5840,12.65,701,0,0.012,0.45,-0.22,0.04,-0.02,0.087,0.009,36.6,30.31
"2025-01-25 08:00:00",5841,12.64,701,0,0.014,0.5,-0.22,0.044,-0.02,0.095,0.009,36.96,29.43
"2025-01-25 08:30:00",5842,12.64,701,0,0.014,0.51,-0.25,0.045,-0.023,0.093,0.004,36.89,29.78
"2025-01-25 09:00:00",5843,12.65,701,0,0.014,0.51,-0.22,0.045,-0.02,0.097,0.004,37.75,30.23
"2025-01-25 09:30:00",5844,12.65,701,0,0.009,0.37,-0.21,0.033,-0.019,0.083,0.002,38.79,30.03
"2025-01-25 10:00:00",5845,12.65,701,0,0.014,0.35,-0.03,0.031,-0.003,0.077,0.002,41.62,30.39
"2025-01-25 10:30:00",5846,12.66,701,0,0.019,0.47,-0.03,0.042,-0.003,0.078,0,43.18,29.9
"2025-01-25 11:00:00",5847,12.66,701,0,0.025,0.59,0,0.052,0,0.083,-0.005,42.62,29.08
"2025-01-25 11:30:00",5848,12.67,701,0,0.03,0.74,-0.03,0.065,-0.003,0.094,-0.015,41.85,28.16
"2025-01-25 12:00:00",5849,12.67,701,0,0.042,1.02,-0.03,0.09,-0.004,0.117,-0.026,39.18,27.13
"2025-01-25 12:30:00",5850,12.68,701,0,0.098,2.48,-0.19,0.22,-0.017,0.23,-0.043,35.14,25.31
"2025-01-25 13:00:00",5851,12.68,701,0,0.049,1.47,-0.4,0.13,-0.037,0.222,-0.071,35.52,24.55
"2025-01-25 13:30:00",5852,12.69,701,0,-0.104,-1.72,-1.06,-0.153,-0.095,-0.144,-0.1,33.54,22.73
"2025-01-25 14:00:00",5853,12.69,701,0,-0.126,-1.9,-1.5,-0.169,-0.134,-0.142,-0.123,33.75,22.53
"2025-01-25 14:30:00",5854,12.69,701,0,-0.122,-1.8,-1.53,-0.16,-0.136,-0.124,-0.127,32.98,21.76
"2025-01-25 15:00:00",5855,12.7,701,0,-0.121,-1.73,-1.58,-0.154,-0.141,-0.111,-0.138,33.43,21.55
"2025-01-25 15:30:00",5856,12.7,701,0,-0.124,-1.71,-1.71,-0.153,-0.152,-0.106,-0.139,33.18,21.29
"2025-01-25 16:00:00",5857,12.7,701,0,-0.11,-1.52,-1.5,-0.136,-0.134,-0.096,-0.136,33.34,21.29
"2025-01-25 16:30:00",5858,12.7,701,0,-0.118,-1.48,-1.82,-0.132,-0.162,-0.091,-0.147,33.15,21.67
"2025-01-25 17:00:00",5859,12.69,701,0,-0.11,-1.47,-1.56,-0.131,-0.139,-0.091,-0.136,33.87,21.41
"2025-01-25 17:30:00",5860,12.69,701,0,-0.112,-1.61,-1.44,-0.144,-0.128,-0.104,-0.136,33.65,21.6
"2025-01-25 18:00:00",5861,12.69,701,0,-0.109,-1.67,-1.29,-0.149,-0.115,-0.11,-0.14,34.55,21.52
"2025-01-25 18:30:00",5862,12.68,701,0,-0.093,-1.4,-1.12,-0.125,-0.1,-0.09,-0.132,34.69,21.67
"2025-01-25 19:00:00",5863,12.68,701,0,-0.088,-1.41,-0.95,-0.126,-0.085,-0.1,-0.127,34.29,21.57
"2025-01-25 19:30:00",5864,12.68,701,0,-0.074,-1.2,-0.78,-0.107,-0.07,-0.091,-0.123,34.92,21.63
"2025-01-25 20:00:00",5865,12.68,701,0,-0.066,-1.16,-0.59,-0.104,-0.053,-0.089,-0.117,36.65,22.13
"2025-01-25 20:30:00",5866,12.67,701,0,-0.057,-1.06,-0.43,-0.095,-0.039,-0.088,-0.111,37.18,22.5
"2025-01-25 21:00:00",5867,12.67,701,0,-0.049,-0.98,-0.29,-0.087,-0.027,-0.082,-0.099,36.76,22.39
"2025-01-25 21:30:00",5868,12.67,701,0,-0.05,-0.94,-0.36,-0.084,-0.033,-0.08,-0.104,38.3,22.8
"2025-01-25 22:00:00",5869,12.67,701,0,-0.039,-0.83,-0.16,-0.075,-0.015,-0.083,-0.091,38.66,22.9
"2025-01-25 22:30:00",5870,12.66,701,0,0.05,1.24,-0.07,0.11,-0.007,0.113,-0.079,36.1,23.07
"2025-01-25 23:00:00",5871,12.66,701,0,0.018,0.48,-0.07,0.043,-0.007,0.051,-0.071,33.71,23.31
"2025-01-25 23:30:00",5872,12.66,701,0,0.02,0.48,0,0.042,0,0.06,-0.06,32.63,23.06
"2025-01-26 00:00:00",5873,12.66,701,0,0.031,0.89,-0.2,0.079,-0.019,0.07,-0.07,34.8,23.73
"2025-01-26 00:30:00",5874,12.66,701,0,-0.029,-0.28,-0.57,-0.026,-0.052,-0.02,-0.097,33.71,22.75
"2025-01-26 01:00:00",5875,12.66,701,0,-0.103,-1.75,-0.97,-0.156,-0.087,-0.144,-0.111,35.5,22.63
"2025-01-26 01:30:00",5876,12.67,701,0,-0.097,-1.62,-0.97,-0.144,-0.087,-0.127,-0.117,35.34,21.91
"2025-01-26 02:00:00",5877,12.67,701,0,-0.104,-1.65,-1.14,-0.147,-0.102,-0.127,-0.122,34.11,21.66
"2025-01-26 02:30:00",5878,12.67,701,0,-0.098,-1.55,-1.08,-0.138,-0.096,-0.112,-0.119,35.1,21.97
"2025-01-26 03:00:00",5879,12.67,701,0,-0.098,-1.62,-0.99,-0.144,-0.089,-0.111,-0.124,34.47,22.02
"2025-01-26 03:30:00",5880,12.67,701,0,-0.103,-1.63,-1.15,-0.145,-0.103,-0.107,-0.128,33.77,22.13
"2025-01-26 04:00:00",5881,12.68,701,0,-0.111,-1.69,-1.3,-0.15,-0.116,-0.11,-0.125,33.86,22.23
"2025-01-26 04:30:00",5882,12.67,701,0,-0.109,-1.63,-1.34,-0.145,-0.119,-0.106,-0.129,33.56,21.92
"2025-01-26 05:00:00",5883,12.68,701,0,-0.108,-1.6,-1.35,-0.143,-0.121,-0.101,-0.136,33.44,21.81
"2025-01-26 05:30:00",5884,12.67,701,0,-0.115,-1.64,-1.5,-0.146,-0.134,-0.095,-0.133,33.71,21.51
"2025-01-26 06:00:00",5885,12.67,701,0,-0.109,-1.49,-1.5,-0.133,-0.134,-0.089,-0.14,33.77,21.87
"2025-01-26 06:30:00",5886,12.68,701,0,-0.103,-1.46,-1.37,-0.13,-0.122,-0.084,-0.135,34.23,22.18
"2025-01-26 07:00:00",5887,12.68,701,0,-0.102,-1.44,-1.35,-0.129,-0.121,-0.086,-0.128,33.55,21.66
"2025-01-26 07:30:00",5888,12.68,701,0,-0.103,-1.47,-1.34,-0.131,-0.119,-0.085,-0.135,34.27,21.66
"2025-01-26 08:00:00",5889,12.68,701,0,-0.098,-1.45,-1.21,-0.129,-0.108,-0.081,-0.127,34.29,21.83
"2025-01-26 08:30:00",5890,12.67,701,0,-0.097,-1.45,-1.19,-0.13,-0.107,-0.085,-0.13,33.36,21.87
"2025-01-26 09:00:00",5891,12.68,701,0,-0.093,-1.35,-1.19,-0.121,-0.107,-0.08,-0.126,34.17,22.12
"2025-01-26 09:30:00",5892,12.68,701,0,-0.085,-1.28,-1.04,-0.114,-0.093,-0.07,-0.121,36.37,22.01
"2025-01-26 10:00:00",5893,12.68,701,0,-0.079,-1.07,-1.13,-0.096,-0.101,-0.061,-0.123,36.13,22.43
"2025-01-26 10:30:00",5894,12.68,701,0,-0.068,-1,-0.85,-0.09,-0.076,-0.048,-0.114,37,22.89
"2025-01-26 11:00:00",5895,12.68,701,0,-0.045,-0.75,-0.45,-0.067,-0.041,-0.035,-0.095,38.18,22.84
"2025-01-26 11:30:00",5896,12.69,701,0,-0.029,-0.56,-0.2,-0.05,-0.019,-0.024,-0.075,39.63,23.31
"2025-01-26 12:00:00",5897,12.69,701,0,-0.009,-0.39,0.19,-0.036,0.017,-0.016,-0.053,40.29,23.98
"2025-01-26 12:30:00",5898,12.69,701,0,0.008,-0.31,0.68,-0.028,0.061,-0.013,-0.03,41.99,24.44
"2025-01-26 13:00:00",5899,12.69,701,0,0.024,-0.13,0.95,-0.013,0.084,-0.002,-0.003,42.53,24.99
"2025-01-26 13:30:00",5900,12.7,701,0,0.038,-0.02,1.23,-0.003,0.109,0.004,0.014,42.44,25.61
"2025-01-26 14:00:00",5901,12.7,701,0,0.053,0.08,1.57,0.007,0.139,0.008,0.039,44.82,26.6
"2025-01-26 14:30:00",5902,12.7,701,0,0.059,0.08,1.76,0.007,0.156,0.015,0.053,44.66,26.7
"2025-01-26 15:00:00",5903,12.7,701,0,0.054,0.05,1.66,0.005,0.147,0.01,0.056,44.26,27.68
"2025-01-26 15:30:00",5904,12.71,701,0,0.048,-0.04,1.59,-0.005,0.141,0.004,0.057,45.27,28.45
"2025-01-26 16:00:00",5905,12.71,701,0,0.053,0.1,1.54,0.009,0.137,0.012,0.057,44.83,29.09
"2025-01-26 16:30:00",5906,12.7,701,0,0.05,0.1,1.47,0.009,0.13,0.014,0.06,45.78,30.44
"2025-01-26 17:00:00",5907,12.71,701,0,0.043,0,1.36,0,0.12,0.006,0.055,46.2,30.86
"2025-01-26 17:30:00",5908,12.7,701,0,0.034,-0.09,1.2,-0.009,0.106,0,0.052,45.77,31.09
"2025-01-26 18:00:00",5909,12.7,701,0,0.023,-0.25,1.07,-0.023,0.095,-0.015,0.048,45.36,31.25
"2025-01-26 18:30:00",5910,12.7,701,0,0.021,-0.3,1.07,-0.027,0.095,-0.014,0.046,45.78,31.25
"2025-01-26 19:00:00",5911,12.69,701,0,0.017,-0.38,1.04,-0.034,0.092,-0.021,0.045,46.14,31.05
"2025-01-26 19:30:00",5912,12.69,701,0,0.016,-0.38,1.01,-0.034,0.09,-0.021,0.045,46.09,30.99
"2025-01-26 20:00:00",5913,12.68,701,0,0.019,-0.28,0.99,-0.025,0.088,-0.017,0.041,45.88,30.27
"2025-01-26 20:30:00",5914,12.68,701,0,0.023,-0.22,1.01,-0.021,0.089,-0.01,0.04,46.76,30.59
"2025-01-26 21:00:00",5915,12.67,701,0,0.017,-0.33,0.99,-0.03,0.088,-0.017,0.036,45.26,30.58
"2025-01-26 21:30:00",5916,12.67,701,0,0.019,-0.33,1.03,-0.03,0.092,-0.015,0.038,46.08,30.06
"2025-01-26 22:00:00",5917,12.66,701,0,0.02,-0.33,1.07,-0.03,0.095,-0.015,0.036,45.54,30.34
"2025-01-26 22:30:00",5918,12.66,701,0,0.019,-0.3,0.99,-0.028,0.088,-0.015,0.034,45.89,29.97
"2025-01-26 23:00:00",5919,12.66,701,0,0.02,-0.3,1.03,-0.028,0.091,-0.017,0.036,45.18,30.24
"2025-01-26 23:30:00",5920,12.66,701,0,0.019,-0.25,0.94,-0.023,0.083,-0.015,0.034,46.42,30.24
"2025-01-27 00:00:00",5921,12.65,701,0,0.021,-0.25,1.01,-0.023,0.09,-0.01,0.038,46.15,30.13
"2025-01-27 00:30:00",5922,12.66,701,0,0.023,-0.22,1.01,-0.021,0.089,-0.01,0.038,45.46,30.37
"2025-01-27 01:00:00",5923,12.65,701,0,0.028,-0.15,1.1,-0.014,0.097,-0.004,0.04,45.69,30.9
"2025-01-27 01:30:00",5924,12.65,701,0,0.031,-0.09,1.1,-0.009,0.098,0,0.041,45.21,30.84
"2025-01-27 02:00:00",5925,12.65,701,0,0.031,-0.09,1.11,-0.009,0.098,0,0.038,45.33,30.39
"2025-01-27 02:30:00",5926,12.65,701,0,0.029,-0.12,1.08,-0.012,0.096,-0.002,0.036,45.94,30.43
"2025-01-27 03:00:00",5927,12.65,701,0,0.028,-0.14,1.08,-0.014,0.095,-0.002,0.038,46.4,30.07
"2025-01-27 03:30:00",5928,12.65,701,0,0.033,-0.09,1.18,-0.009,0.104,0,0.042,46.02,31.24
"2025-01-27 04:00:00",5929,12.65,701,0,0.03,-0.07,1.06,-0.007,0.094,0.002,0.041,45.68,31
"2025-01-27 04:30:00",5930,12.66,701,0,0.034,-0.02,1.11,-0.002,0.098,0.002,0.046,46.03,31.35
"2025-01-27 05:00:00",5931,12.66,701,0,0.031,-0.04,1.05,-0.005,0.093,0.002,0.044,46.62,31.44
"2025-01-27 05:30:00",5932,12.66,701,0,0.033,-0.02,1.07,-0.002,0.094,0.002,0.044,46.34,31.25
"2025-01-27 06:00:00",5933,12.66,701,0,0.028,-0.07,0.98,-0.007,0.087,0,0.042,45.63,32.08
"2025-01-27 06:30:00",5934,12.66,701,0,0.028,-0.09,1.01,-0.009,0.089,-0.002,0.044,46.28,31.5
"2025-01-27 07:00:00",5935,12.66,701,0,0.029,-0.09,1.03,-0.009,0.091,0,0.045,45.93,32.23
"2025-01-27 07:30:00",5936,12.66,701,0,0.024,-0.12,0.92,-0.011,0.081,-0.004,0.041,46.91,31.97
"2025-01-27 08:00:00",5937,12.66,701,0,0.024,-0.12,0.94,-0.011,0.083,-0.002,0.043,46.77,31.98
"2025-01-27 08:30:00",5938,12.66,701,0,0.027,-0.04,0.9,-0.004,0.08,0,0.043,46.08,32.38
"2025-01-27 09:00:00",5939,12.66,701,0,0.03,0,0.95,0,0.084,0.006,0.045,46.07,32.78
"2025-01-27 09:30:00",5940,12.66,701,0,0.034,0.07,0.99,0.007,0.088,0.01,0.044,47.15,32.63
"2025-01-27 10:00:00",5941,12.66,701,0,0.047,0.32,1.06,0.028,0.094,0.028,0.046,47.79,33.02
"2025-01-27 10:30:00",5942,12.66,701,0,0.058,0.58,1.06,0.051,0.094,0.047,0.047,47.49,33.96
"2025-01-27 11:00:00",5943,12.67,701,0,0.07,0.83,1.12,0.073,0.099,0.065,0.046,47.39,34.11
"2025-01-27 11:30:00",5944,12.67,701,0,0.081,1.07,1.15,0.095,0.102,0.079,0.05,47.5,35.04
"2025-01-27 12:00:00",5945,12.67,701,0,0.093,1.25,1.28,0.111,0.113,0.097,0.051,48.84,34.32
"2025-01-27 12:30:00",5946,12.68,701,0,0.111,1.65,1.34,0.146,0.118,0.122,0.058,48.67,35.24
"2025-01-27 13:00:00",5947,12.68,701,0,0.105,1.57,1.25,0.139,0.111,0.118,0.057,48.05,35.6
"2025-01-27 13:30:00",5948,12.68,701,0,0.116,1.79,1.31,0.159,0.116,0.132,0.059,48.83,35.81
"2025-01-27 14:00:00",5949,12.68,701,0,0.123,1.94,1.34,0.172,0.119,0.144,0.06,47.93,36.05
"2025-01-27 14:30:00",5950,12.68,701,0,0.114,1.76,1.28,0.155,0.113,0.131,0.06,48.58,36.7
"2025-01-27 15:00:00",5951,12.68,701,0,0.11,1.7,1.24,0.15,0.11,0.126,0.06,48.89,36.19
"2025-01-27 15:30:00",5952,12.68,701,0,0.108,1.65,1.24,0.146,0.109,0.122,0.061,48.3,36.67
"2025-01-27 16:00:00",5953,12.68,701,0,0.104,1.58,1.21,0.14,0.107,0.117,0.061,47.78,36
"2025-01-27 16:30:00",5954,12.68,701,0,0.103,1.57,1.18,0.139,0.104,0.115,0.061,47.89,36.41
"2025-01-27 17:00:00",5955,12.68,701,0,0.098,1.5,1.13,0.133,0.1,0.111,0.06,48.68,36.79
"2025-01-27 17:30:00",5956,12.68,701,0,0.083,1.22,1.03,0.108,0.091,0.089,0.054,47.3,36.49
"2025-01-27 18:00:00",5957,12.68,701,0,0.066,0.92,0.88,0.082,0.078,0.069,0.049,47.99,36.5
"2025-01-27 18:30:00",5958,12.67,701,0,0.054,0.72,0.76,0.064,0.067,0.055,0.042,48.33,36.28
"2025-01-27 19:00:00",5959,12.67,701,0,0.045,0.57,0.68,0.051,0.06,0.041,0.039,47.23,36.41
"2025-01-27 19:30:00",5960,12.66,701,0,0.037,0.44,0.6,0.039,0.054,0.034,0.037,47.72,36.23
"2025-01-27 20:00:00",5961,12.66,701,0,0.032,0.32,0.58,0.028,0.051,0.028,0.034,47.57,36.6
"2025-01-27 20:30:00",5962,12.65,701,0,0.031,0.3,0.58,0.026,0.051,0.024,0.034,47.97,35.93
"2025-01-27 21:00:00",5963,12.65,701,0,0.034,0.35,0.61,0.031,0.054,0.028,0.035,47.52,36.3
"2025-01-27 21:30:00",5964,12.65,701,0,0.03,0.3,0.56,0.026,0.049,0.026,0.034,46.78,35.71
"2025-01-27 22:00:00",5965,12.65,701,0,0.027,0.25,0.53,0.022,0.047,0.022,0.03,46.99,35.77
"2025-01-27 22:30:00",5966,12.65,701,0,0.026,0.22,0.53,0.02,0.047,0.018,0.032,46.7,36.04
"2025-01-27 23:00:00",5967,12.64,701,0,0.025,0.2,0.53,0.017,0.047,0.018,0.035,47.41,36.44
"2025-01-27 23:30:00",5968,12.64,701,0,0.021,0.12,0.52,0.011,0.046,0.014,0.032,48.35,36.3
"2025-01-28 00:00:00",5969,12.64,701,0,0.021,0.12,0.5,0.011,0.044,0.012,0.032,48.22,35.91
"2025-01-28 00:30:00",5970,12.64,701,0,0.017,0.07,0.45,0.006,0.04,0.008,0.03,47.54,35.91
"2025-01-28 01:00:00",5971,12.65,701,0,0.017,0.1,0.4,0.009,0.035,0.008,0.028,48.17,36.54
"2025-01-28 01:30:00",5972,12.65,701,0,0.018,0.15,0.37,0.013,0.033,0.014,0.025,47.81,36.18
"2025-01-28 02:00:00",5973,12.65,701,0,0.019,0.15,0.4,0.013,0.035,0.016,0.026,47.24,36.69
"2025-01-28 02:30:00",5974,12.65,701,0,0.019,0.17,0.37,0.015,0.033,0.016,0.03,48.11,36.63
"2025-01-28 03:00:00",5975,12.65,701,0,0.02,0.2,0.37,0.018,0.033,0.018,0.028,47.25,36.29
"2025-01-28 03:30:00",5976,12.65,701,0,0.022,0.2,0.42,0.018,0.037,0.016,0.028,49.05,36.85
"2025-01-28 04:00:00",5977,12.65,701,0,0.02,0.2,0.37,0.018,0.033,0.018,0.028,47.67,36.6
"2025-01-28 04:30:00",5978,12.65,701,0,0.021,0.2,0.39,0.017,0.035,0.016,0.028,47.58,35.94
"2025-01-28 05:00:00",5979,12.65,701,0,0.02,0.2,0.37,0.018,0.033,0.016,0.028,47.1,36.29
"2025-01-28 05:30:00",5980,12.65,701,0,0.019,0.2,0.34,0.017,0.03,0.018,0.028,46.84,36.29
"2025-01-28 06:00:00",5981,12.65,701,0,0.019,0.17,0.39,0.015,0.035,0.016,0.03,47.19,36.53
"2025-01-28 06:30:00",5982,12.65,701,0,0.021,0.2,0.39,0.017,0.035,0.018,0.03,48.15,36.51
"2025-01-28 07:00:00",5983,12.65,701,0,0.022,0.2,0.42,0.017,0.037,0.016,0.03,47.93,37.27
"2025-01-28 07:30:00",5984,12.65,701,0,0.019,0.17,0.37,0.015,0.032,0.016,0.03,47.76,36.12
"2025-01-28 08:00:00",5985,12.65,701,0,0.021,0.19,0.41,0.017,0.037,0.016,0.031,47.43,36.63
"2025-01-28 08:30:00",5986,12.65,701,0,0.026,0.27,0.48,0.024,0.043,0.022,0.035,46.65,36.67
"2025-01-28 09:00:00",5987,12.65,701,0,0.038,0.46,0.6,0.041,0.053,0.036,0.042,48.56,37.09
"2025-01-28 09:30:00",5988,12.65,701,0,0.054,0.7,0.8,0.062,0.071,0.052,0.051,47.81,36.17
"2025-01-28 10:00:00",5989,12.65,701,0,0.067,0.91,0.91,0.08,0.081,0.065,0.056,49.13,37.35
"2025-01-28 10:30:00",5990,12.65,701,0,0.088,1.24,1.16,0.11,0.102,0.088,0.068,49.28,38.06
"2025-01-28 11:00:00",5991,12.65,701,0,0.105,1.47,1.39,0.13,0.123,0.108,0.078,48.3,37.91
