"TOA5","CR300Series_402","CR300","27021","CR300-RF407.Std.10.03","CPU:CR300_sapflow.CR300","32345","Table1"
"TIMESTAMP","RECORD","BattV_Min","id","SDI0","SapFlwTot0","VhOuter0","VhInner0","AlphaOut0","AlphaIn0","BetaOut0","BetaIn0","tMaxTout0","tMaxTin0"
"TS","RN","Volts","","","literPerHour","heatVelocity","heatVelocity","logTRatio","logTRatio","logTRatio","logTRatio","second","second"
"","","Min","Smp","Smp","Smp","Smp","Smp","Smp","Smp","Smp","Smp","Smp","Smp"
"2025-01-08 14:00:00",11963,13.23,402,0,0.01,0.77,-0.74,0.068,-0.067,0.054,-0.257,49.56,30.16
"2025-01-08 14:30:00",11964,13.14,402,0,0.041,0.98,-0.59,0.086,-0.053,0.073,-0.271,50.13,24.13
"2025-01-08 15:00:00",11965,13.1,402,0,0.099,1.41,-0.33,0.125,-0.03,0.098,-0.267,50.92,24.91
"2025-01-08 15:30:00",11966,13.09,402,0,0.055,1.1,-0.54,0.098,-0.049,0.075,-0.303,50.7,23.73
"2025-01-08 16:00:00",11967,13.07,402,0,-0.014,0.7,-0.99,0.062,-0.089,0.056,-0.323,48.51,24.15
"2025-01-08 16:30:00",11968,13.05,402,0,0.07,1.12,-0.37,0.099,-0.034,0.085,-0.291,48.21,22.87
"2025-01-08 17:00:00",11969,13.05,402,0,0.097,1.1,0,0.098,0,0.091,-0.255,48.68,23.9
"2025-01-08 17:30:00",11970,13.03,402,0,0.099,1,0.13,0.089,0.012,0.084,-0.195,51.17,25.96
"2025-01-08 18:00:00",11971,13.02,402,0,0.131,0.96,0.59,0.085,0.053,0.073,-0.127,54.46,29.26
"2025-01-08 18:30:00",11972,13.02,402,0,0.057,0.45,0.22,0.04,0.02,0.039,-0.096,58.98,37.89
"2025-01-08 19:00:00",11973,13.01,402,0,0.031,0.39,-0.05,0.035,-0.005,0.038,-0.064,60.71,42.76
"2025-01-08 19:30:00",11974,13.01,402,0,0.031,0.35,0,0.031,0,0.034,-0.045,57.84,47.86
"2025-01-08 20:00:00",11975,13,402,0,-0.01,0.04,-0.19,0.004,-0.018,0.008,-0.046,57.6,49.01
"2025-01-08 20:30:00",11976,13,402,0,-0.006,0.04,-0.13,0.004,-0.012,0.015,-0.051,58.34,50.57
"2025-01-08 21:00:00",11977,13,402,0,-0.015,-0.07,-0.12,-0.007,-0.012,-0.004,-0.036,57.77,46.3
"2025-01-08 21:30:00",11978,12.99,402,0,-0.018,-0.07,-0.16,-0.007,-0.015,-0.004,-0.03,55.54,44.07
"2025-01-08 22:00:00",11979,12.98,402,0,-0.014,-0.04,-0.15,-0.004,-0.015,0,-0.026,54.16,45.16
"2025-01-08 22:30:00",11980,12.98,402,0,-0.015,0,-0.2,0,-0.019,-0.004,-0.038,49.4,41.47
"2025-01-08 23:00:00",11981,12.97,402,0,-0.015,0,-0.21,0,-0.02,-0.017,-0.041,48.05,40.38
"2025-01-08 23:30:00",11982,12.97,402,0,-0.025,-0.1,-0.22,-0.009,-0.02,-0.034,-0.044,46.52,36.94
"2025-01-09 00:00:00",11983,12.96,402,0,-0.029,-0.1,-0.27,-0.01,-0.025,-0.038,-0.05,42.9,36.88
"2025-01-09 00:30:00",11984,12.96,402,0,-0.024,-0.04,-0.28,-0.005,-0.025,-0.034,-0.054,46.32,36.49
"2025-01-09 01:00:00",11985,12.95,402,0,-0.03,-0.15,-0.23,-0.014,-0.021,-0.034,-0.057,45.94,35.7
"2025-01-09 01:30:00",11986,12.95,402,0,-0.031,-0.15,-0.24,-0.014,-0.022,-0.034,-0.057,45.56,35.72
"2025-01-09 02:00:00",11987,12.95,402,0,-0.027,-0.1,-0.24,-0.009,-0.022,-0.034,-0.051,44.11,36.18
"2025-01-09 02:30:00",11988,12.95,402,0,-0.006,0.05,-0.14,0.004,-0.013,-0.016,-0.041,49.46,36.18
"2025-01-09 03:00:00",11989,12.94,402,0,-0.006,0.05,-0.14,0.004,-0.013,-0.016,-0.041,48.59,34.9
"2025-01-09 03:30:00",11990,12.94,402,0,-0.006,0.05,-0.14,0.004,-0.013,-0.019,-0.041,49.41,35.15
"2025-01-09 04:00:00",11991,12.93,402,0,0.001,0.05,-0.04,0.004,-0.004,-0.015,-0.034,48.09,36.45
"2025-01-09 04:30:00",11992,12.93,402,0,0.001,0.05,-0.04,0.004,-0.004,-0.011,-0.031,43.65,34.64
"2025-01-09 05:00:00",11993,12.93,402,0,0.008,0.13,-0.04,0.012,-0.004,-0.004,-0.018,47.12,35.07
"2025-01-09 05:30:00",11994,12.93,402,0,0.005,0.09,-0.04,0.008,-0.004,0,-0.024,47.38,34.24
"2025-01-09 06:00:00",11995,12.92,402,0,0.002,0.09,-0.08,0.008,-0.008,-0.007,-0.018,46.09,34.04
"2025-01-09 06:30:00",11996,12.92,402,0,-0.002,0,-0.04,0,-0.004,-0.01,-0.018,47.03,34.15
"2025-01-09 07:00:00",11997,12.92,402,0,-0.002,0,-0.04,0,-0.004,-0.007,-0.02,44.96,33.88
"2025-01-09 07:30:00",11998,12.92,402,0,-0.002,0.04,-0.08,0.004,-0.008,-0.007,-0.018,47.9,34.2
"2025-01-09 08:00:00",11999,12.92,402,0,0,0.04,-0.04,0.004,-0.004,-0.007,-0.02,45.48,36.31
"2025-01-09 08:30:00",12000,12.91,402,0,-0.012,-0.08,-0.08,-0.008,-0.008,-0.018,-0.02,45.68,36.51
"2025-01-09 09:00:00",12001,12.92,402,0,-0.013,-0.04,-0.13,-0.004,-0.012,-0.023,-0.024,44.6,33.52
"2025-01-09 09:30:00",12002,12.91,402,0,-0.042,-0.37,-0.13,-0.033,-0.013,-0.043,-0.024,44.91,35.48
"2025-01-09 10:00:00",12003,12.92,402,0,-0.041,-0.39,-0.09,-0.035,-0.009,-0.059,-0.027,46.18,32.74
"2025-01-09 10:30:00",12004,12.93,402,0,-0.041,-0.35,-0.14,-0.032,-0.013,-0.053,-0.028,44.8,33.41
"2025-01-09 11:00:00",12005,12.93,402,0,-0.054,-0.45,-0.19,-0.041,-0.018,-0.072,-0.032,43.43,34.84
"2025-01-09 11:30:00",12006,12.93,402,0,-0.045,-0.4,-0.14,-0.036,-0.014,-0.08,-0.032,45.12,34.72
"2025-01-09 12:00:00",12007,12.93,402,0,-0.039,-0.33,-0.14,-0.03,-0.013,-0.064,-0.036,44.91,35.9
"2025-01-09 12:30:00",12008,12.93,402,0,-0.055,-0.47,-0.19,-0.042,-0.018,-0.085,-0.036,46.73,36.48
"2025-01-09 13:00:00",12009,12.94,402,0,-0.021,-0.12,-0.14,-0.011,-0.014,-0.051,-0.04,44.17,36.1
"2025-01-09 13:30:00",12010,12.93,402,0,-0.024,-0.16,-0.14,-0.015,-0.013,-0.032,-0.037,50.69,36.76
"2025-01-09 14:00:00",12011,12.94,402,0,-0.002,0.05,-0.09,0.004,-0.009,-0.008,-0.033,49.4,38.6
"2025-01-09 14:30:00",12012,12.94,402,0,0.005,0.09,-0.04,0.008,-0.004,0,-0.03,52.42,38.73
"2025-01-09 15:00:00",12013,12.93,402,0,-0.005,0,-0.08,0,-0.008,-0.008,-0.029,57.73,41.16
"2025-01-09 15:30:00",12014,12.93,402,0,-0.015,-0.08,-0.12,-0.008,-0.012,-0.011,-0.026,54.68,44.44
"2025-01-09 16:00:00",12015,12.93,402,0,-0.002,0.04,-0.08,0.004,-0.008,0.004,-0.023,58.71,43.37
"2025-01-09 16:30:00",12016,12.93,402,0,-0.007,-0.03,-0.07,-0.004,-0.007,-0.007,-0.026,57.06,46.25
"2025-01-09 17:00:00",12017,12.92,402,0,-0.004,-0.03,-0.03,-0.004,-0.004,-0.011,-0.022,54.2,45.3
"2025-01-09 17:30:00",12018,12.92,402,0,-0.017,-0.11,-0.11,-0.011,-0.011,-0.011,-0.028,52.9,43.99
"2025-01-09 18:00:00",12019,12.91,402,0,-0.026,-0.16,-0.16,-0.015,-0.015,-0.018,-0.028,52.58,43.57
"2025-01-09 18:30:00",12020,12.91,402,0,-0.011,-0.03,-0.12,-0.004,-0.011,-0.004,-0.031,53.92,42.71
"2025-01-09 19:00:00",12021,12.9,402,0,0.002,0.13,-0.12,0.012,-0.011,0.007,-0.034,51.11,42.51
"2025-01-09 19:30:00",12022,12.9,402,0,-0.003,0.14,-0.21,0.012,-0.02,0.004,-0.029,51.44,39.54
"2025-01-09 20:00:00",12023,12.89,402,0,0.008,0.24,-0.17,0.022,-0.016,0.008,-0.035,51.83,40.87
"2025-01-09 20:30:00",12024,12.89,402,0,0.012,0.25,-0.13,0.022,-0.012,0.012,-0.035,48.39,39.64
"2025-01-09 21:00:00",12025,12.88,402,0,0.002,0.22,-0.23,0.019,-0.021,0,-0.042,48.65,37.69
"2025-01-09 21:30:00",12026,12.88,402,0,-0.008,0.11,-0.24,0.01,-0.022,-0.009,-0.049,45.96,37.62
"2025-01-09 22:00:00",12027,12.87,402,0,-0.012,0.06,-0.24,0.005,-0.022,-0.014,-0.049,45.35,36.59
"2025-01-09 22:30:00",12028,12.87,402,0,-0.006,0.18,-0.3,0.016,-0.027,-0.014,-0.049,43.77,36.24
"2025-01-09 23:00:00",12029,12.87,402,0,-0.004,0.12,-0.2,0.011,-0.018,-0.028,-0.049,43.29,37.01
"2025-01-09 23:30:00",12030,12.86,402,0,-0.015,0,-0.2,0,-0.019,-0.033,-0.049,42.03,35.19
"2025-01-10 00:00:00",12031,12.86,402,0,-0.015,0,-0.2,0,-0.019,-0.038,-0.052,42.36,34.28
"2025-01-10 00:30:00",12032,12.86,402,0,-0.005,0.06,-0.15,0.006,-0.014,-0.038,-0.046,41.44,34.59
"2025-01-10 01:00:00",12033,12.86,402,0,0,0.18,-0.2,0.016,-0.019,-0.023,-0.049,44.03,34.44
"2025-01-10 01:30:00",12034,12.85,402,0,-0.011,0,-0.15,0,-0.014,-0.032,-0.049,43.1,33.93
"2025-01-10 02:00:00",12035,12.85,402,0,-0.005,0.06,-0.15,0.005,-0.014,-0.032,-0.045,41.38,33.71
"2025-01-10 02:30:00",12036,12.84,402,0,0.008,0.17,-0.09,0.015,-0.009,-0.027,-0.041,43.82,33.42
"2025-01-10 03:00:00",12037,12.84,402,0,-0.001,0.11,-0.15,0.01,-0.014,-0.026,-0.041,44.17,32.94
"2025-01-10 03:30:00",12038,12.84,402,0,-0.002,0.05,-0.09,0.005,-0.009,-0.017,-0.038,45.46,33
"2025-01-10 04:00:00",12039,12.83,402,0,0.001,0.05,-0.04,0.005,-0.004,-0.017,-0.034,44.03,33.62
"2025-01-10 04:30:00",12040,12.83,402,0,0.002,0.1,-0.09,0.009,-0.009,-0.016,-0.034,44.75,32.7
"2025-01-10 05:00:00",12041,12.83,402,0,0.011,0.2,-0.09,0.017,-0.009,-0.008,-0.034,43.15,33.16
"2025-01-10 05:30:00",12042,12.82,402,0,0.005,0.09,-0.04,0.008,-0.004,-0.012,-0.03,43.83,33.42
"2025-01-10 06:00:00",12043,12.82,402,0,0.009,0.14,-0.04,0.012,-0.004,0,-0.027,44.04,33.06
"2025-01-10 06:30:00",12044,12.82,402,0,-0.001,0.09,-0.13,0.008,-0.013,-0.007,-0.026,43.74,33.18
"2025-01-10 07:00:00",12045,12.82,402,0,-0.002,0,-0.04,0,-0.004,-0.014,-0.02,42.01,33.66
"2025-01-10 07:30:00",12046,12.81,402,0,-0.005,0,-0.08,0,-0.008,-0.007,-0.017,44.1,32.61
"2025-01-10 08:00:00",12047,12.81,402,0,-0.008,-0.03,-0.08,-0.004,-0.008,-0.017,-0.02,43.75,33.33
"2025-01-10 08:30:00",12048,12.8,402,0,-0.017,-0.13,-0.08,-0.012,-0.008,-0.022,-0.023,44.57,33.07
"2025-01-10 09:00:00",12049,12.81,402,0,-0.04,-0.3,-0.18,-0.027,-0.017,-0.049,-0.026,42.6,33.43
"2025-01-10 09:30:00",12050,12.81,402,0,-0.036,-0.22,-0.23,-0.02,-0.022,-0.045,-0.033,43.62,32.95
"2025-01-10 10:00:00",12051,12.81,402,0,-0.051,-0.42,-0.19,-0.038,-0.018,-0.058,-0.033,42.59,33.57
"2025-01-10 10:30:00",12052,12.81,402,0,-0.047,-0.38,-0.19,-0.034,-0.018,-0.065,-0.037,41.54,32.63
"2025-01-10 11:00:00",12053,12.81,402,0,-0.049,-0.39,-0.2,-0.036,-0.018,-0.073,-0.044,42.36,32.78
"2025-01-10 11:30:00",12054,12.82,402,0,-0.039,-0.32,-0.15,-0.029,-0.014,-0.071,-0.045,40.69,34.42
"2025-01-10 12:00:00",12055,12.83,402,0,0.008,0.17,-0.09,0.015,-0.009,-0.018,-0.042,44.75,34.1
"2025-01-10 12:30:00",12056,12.83,402,0,0.026,0.33,-0.04,0.029,-0.004,0.008,-0.035,50.06,36.11
"2025-01-10 13:00:00",12057,12.84,402,0,0.004,0.04,0,0.004,0,-0.008,-0.032,53.78,38.71
"2025-01-10 13:30:00",12058,12.84,402,0,-0.012,-0.04,-0.12,-0.004,-0.012,-0.012,-0.036,57.59,40.62
"2025-01-10 14:00:00",12059,12.84,402,0,-0.034,-0.24,-0.17,-0.022,-0.016,-99,-0.041,-99,44.27
"2025-01-10 14:30:00",12060,12.84,402,0,-0.05,-0.34,-0.27,-0.031,-0.025,-99,-0.042,-99,47.21
"2025-01-10 15:00:00",12061,12.83,402,0,-0.046,-0.18,-0.4,-0.017,-0.036,-0.017,-0.059,59.46,48.4
"2025-01-10 15:30:00",12062,12.84,402,0,0.004,0.37,-0.37,0.032,-0.034,0.021,-0.065,54.85,51.45
"2025-01-10 16:00:00",12063,12.84,402,0,0.021,0.55,-0.35,0.048,-0.031,0.047,-0.061,52.06,50.72
"2025-01-10 16:30:00",12064,12.83,402,0,0.018,0.47,-0.3,0.042,-0.028,0.041,-0.074,55.23,49.52
"2025-01-10 17:00:00",12065,12.83,402,0,0.021,0.45,-0.24,0.04,-0.022,0.038,-0.07,52.28,49.7
"2025-01-10 17:30:00",12066,12.83,402,0,0.006,0.32,-0.29,0.028,-0.027,0.023,-0.067,54.31,48.04
"2025-01-10 18:00:00",12067,12.82,402,0,0.009,0.31,-0.23,0.027,-0.021,0.027,-0.07,55.62,47.02
"2025-01-10 18:30:00",12068,12.82,402,0,0.005,0.25,-0.22,0.022,-0.021,0.022,-0.064,52.82,48.44
"2025-01-10 19:00:00",12069,12.82,402,0,0.001,0.2,-0.22,0.018,-0.021,0.022,-0.064,54.45,47.19
"2025-01-10 19:30:00",12070,12.82,402,0,0,0.25,-0.28,0.022,-0.026,0.022,-0.068,54.39,46.05
"2025-01-10 20:00:00",12071,12.82,402,0,0.001,0.2,-0.22,0.018,-0.02,0.017,-0.067,55.05,45.06
"2025-01-10 20:30:00",12072,12.81,402,0,0.001,0.15,-0.16,0.013,-0.015,0.013,-0.067,52.53,47.9
"2025-01-10 21:00:00",12073,12.81,402,0,-0.007,0.1,-0.21,0.009,-0.02,0.008,-0.066,54.18,45.59
"2025-01-10 21:30:00",12074,12.81,402,0,0,0.14,-0.16,0.013,-0.015,0.008,-0.06,54.6,45.44
"2025-01-10 22:00:00",12075,12.8,402,0,0,0.19,-0.21,0.017,-0.019,0.012,-0.06,52.9,46.36
"2025-01-10 22:30:00",12076,12.81,402,0,-0.003,0.14,-0.21,0.013,-0.019,0.012,-0.064,55.46,45.07
"2025-01-10 23:00:00",12077,12.8,402,0,0.005,0.24,-0.21,0.021,-0.019,0.016,-0.06,56.23,44.45
"2025-01-10 23:30:00",12078,12.81,402,0,0.001,0.2,-0.22,0.018,-0.02,0.017,-0.071,52.93,45.42
"2025-01-11 00:00:00",12079,12.8,402,0,0.001,0.2,-0.22,0.018,-0.02,0.009,-0.078,52.89,45.22
"2025-01-11 00:30:00",12080,12.81,402,0,-0.004,0.15,-0.23,0.014,-0.021,0.013,-0.074,53.09,45.74
"2025-01-11 01:00:00",12081,12.8,402,0,0,0.2,-0.23,0.018,-0.021,0.013,-0.074,53.2,42.23
"2025-01-11 01:30:00",12082,12.8,402,0,0.004,0.2,-0.17,0.018,-0.016,0.017,-0.075,54.49,43.83
"2025-01-11 02:00:00",12083,12.8,402,0,0.001,0.21,-0.23,0.018,-0.022,0.018,-0.081,54.65,42.61
"2025-01-11 02:30:00",12084,12.8,402,0,0.01,0.26,-0.17,0.023,-0.016,0.018,-0.077,52.78,42.95
"2025-01-11 03:00:00",12085,12.8,402,0,0.009,0.26,-0.18,0.023,-0.016,0.018,-0.083,53.97,41.93
"2025-01-11 03:30:00",12086,12.8,402,0,0.009,0.26,-0.18,0.023,-0.016,0.018,-0.078,52.95,40.5
"2025-01-11 04:00:00",12087,12.8,402,0,0.005,0.21,-0.18,0.018,-0.016,0.018,-0.077,52.94,41.87
"2025-01-11 04:30:00",12088,12.8,402,0,0.005,0.21,-0.17,0.018,-0.016,0.018,-0.082,52.54,41.32
"2025-01-11 05:00:00",12089,12.8,402,0,0.004,0.26,-0.24,0.023,-0.022,0.018,-0.087,53.47,42.92
"2025-01-11 05:30:00",12090,12.79,402,0,0.009,0.25,-0.17,0.023,-0.016,0.022,-0.076,53.19,41.97
"2025-01-11 06:00:00",12091,12.8,402,0,-0.004,0.2,-0.29,0.018,-0.027,0.022,-0.086,53.79,42
"2025-01-11 06:30:00",12092,12.8,402,0,-0.008,0.1,-0.23,0.009,-0.021,0.009,-0.07,54.31,42.42
"2025-01-11 07:00:00",12093,12.79,402,0,0.009,0.19,-0.1,0.017,-0.01,0.012,-0.061,52.25,41.69
"2025-01-11 07:30:00",12094,12.79,402,0,0.009,0.18,-0.09,0.016,-0.009,0.015,-0.051,54.81,44.67
"2025-01-11 08:00:00",12095,12.79,402,0,-0.002,0.09,-0.14,0.008,-0.013,0.012,-0.051,55.69,45.86
"2025-01-11 08:30:00",12096,12.79,402,0,-0.015,0,-0.2,0,-0.018,-0.004,-0.061,57.33,45.95
"2025-01-11 09:00:00",12097,12.79,402,0,-0.038,-0.2,-0.27,-0.018,-0.025,-0.013,-0.084,53.82,47.54
"2025-01-11 09:30:00",12098,12.79,402,0,-0.003,0.22,-0.3,0.019,-0.027,0.014,-0.092,52.44,39.72
"2025-01-11 10:00:00",12099,12.79,402,0,0.012,0.4,-0.3,0.035,-0.027,0.023,-0.134,52.13,36.64
"2025-01-11 10:30:00",12100,12.8,402,0,0.063,1.05,-0.39,0.093,-0.036,0.074,-0.186,53.77,34.73
"2025-01-11 11:00:00",12101,12.79,402,0,-0.024,0.29,-0.65,0.026,-0.059,0.016,-0.259,51.34,31.48
"2025-01-11 11:30:00",12102,12.8,402,0,0.019,0.79,-0.65,0.07,-0.059,0.047,-0.297,50.53,25.73
"2025-01-11 12:00:00",12103,12.8,402,0,-0.012,0.89,-1.18,0.079,-0.105,0.028,-0.327,49.89,25.51
"2025-01-11 12:30:00",12104,12.8,402,0,0.034,1.29,-1.03,0.115,-0.092,0.083,-0.347,46.71,24.94
"2025-01-11 13:00:00",12105,12.8,402,0,-0.028,0.89,-1.38,0.079,-0.123,0.075,-0.354,46.29,24.11
"2025-01-11 13:30:00",12106,12.8,402,0,0.066,1.53,-0.89,0.136,-0.08,0.12,-0.334,46.79,23.23
"2025-01-11 14:00:00",12107,12.81,402,0,0.056,1.63,-1.13,0.145,-0.101,0.123,-0.347,46.95,22.72
"2025-01-11 14:30:00",12108,12.81,402,0,0.113,1.88,-0.68,0.166,-0.061,0.137,-0.336,49.1,22.66
"2025-01-11 15:00:00",12109,12.81,402,0,0.169,2.1,-0.22,0.186,-0.021,0.165,-0.31,49.42,25.04
"2025-01-11 15:30:00",12110,12.81,402,0,0.185,2.09,0,0.185,0,0.161,-0.277,45.41,24.58
"2025-01-11 16:00:00",12111,12.81,402,0,0.176,1.99,0,0.176,0,0.153,-0.259,47.32,23.34
"2025-01-11 16:30:00",12112,12.8,402,0,0.149,1.68,0,0.149,0,0.136,-0.256,47.38,23.81
"2025-01-11 17:00:00",12113,12.8,402,0,0.099,1.12,0,0.099,0,0.091,-0.25,46.61,26.08
"2025-01-11 17:30:00",12114,12.79,402,0,0.105,0.99,0.22,0.088,0.02,0.072,-0.236,47.4,24.64
"2025-01-11 18:00:00",12115,12.8,402,0,0.09,0.83,0.21,0.073,0.019,0.062,-0.241,48.23,25.06
"2025-01-11 18:30:00",12116,12.79,402,0,0.174,0.99,1.11,0.088,0.098,0.072,-0.184,49.72,26.4
"2025-01-11 19:00:00",12117,12.78,402,0,0.15,0.76,1.06,0.067,0.094,0.055,-0.157,47.96,27.83
"2025-01-11 19:30:00",12118,12.79,402,0,0.15,0.64,1.19,0.057,0.105,0.058,-0.154,48.22,25.88
"2025-01-11 20:00:00",12119,12.79,402,0,0.15,0.54,1.31,0.048,0.116,0.04,-0.14,48.39,27.95
"2025-01-11 20:30:00",12120,12.78,402,0,0.139,0.52,1.19,0.046,0.105,0.042,-0.134,49.21,29.49
"2025-01-11 21:00:00",12121,12.78,402,0,0.132,0.33,1.31,0.029,0.116,0.033,-0.117,48.98,29.94
"2025-01-11 21:30:00",12122,12.78,402,0,0.106,0.25,1.07,0.022,0.094,0.021,-0.1,51.86,28.29
"2025-01-11 22:00:00",12123,12.77,402,0,0.131,0.41,1.21,0.037,0.107,0.023,-0.06,51.71,34.88
"2025-01-11 22:30:00",12124,12.78,402,0,0.078,0.18,0.79,0.016,0.07,0.012,-0.054,49.56,35.45
"2025-01-11 23:00:00",12125,12.77,402,0,0.036,0.19,0.25,0.017,0.022,0.008,-0.096,54.04,33.19
"2025-01-11 23:30:00",12126,12.77,402,0,0.009,0.22,-0.14,0.02,-0.013,0.023,-0.112,54.13,35.09
"2025-01-12 00:00:00",12127,12.77,402,0,0.037,0.53,-0.13,0.047,-0.012,0.05,-0.093,53.76,35.94
"2025-01-12 00:30:00",12128,12.77,402,0,0.001,0.17,-0.18,0.015,-0.017,0.015,-0.088,55.19,40.67
"2025-01-12 01:00:00",12129,12.76,402,0,-0.01,0.13,-0.29,0.011,-0.026,0.004,-0.093,56.8,40.06
"2025-01-12 01:30:00",12130,12.76,402,0,0.006,0.21,-0.16,0.018,-0.015,0.022,-0.079,57.19,44.32
"2025-01-12 02:00:00",12131,12.76,402,0,-0.008,0.08,-0.2,0.007,-0.018,0.007,-0.069,59.45,43.44
"2025-01-12 02:30:00",12132,12.75,402,0,0.003,0.16,-0.14,0.014,-0.013,0.017,-0.061,54.61,43.8
"2025-01-12 03:00:00",12133,12.75,402,0,0.035,0.47,-0.08,0.042,-0.008,0.048,-0.05,55.98,44.33
"2025-01-12 03:30:00",12134,12.75,402,0,0.04,0.52,-0.08,0.046,-0.008,0.048,-0.043,54.08,44.24
"2025-01-12 04:00:00",12135,12.75,402,0,0.034,0.46,-0.08,0.041,-0.008,0.039,-0.033,52.23,42.9
"2025-01-12 04:30:00",12136,12.74,402,0,0.006,0.21,-0.16,0.018,-0.015,0.008,-0.038,46.81,41.2
"2025-01-12 05:00:00",12137,12.74,402,0,-0.012,0,-0.17,0,-0.016,-0.017,-0.038,45.77,40.31
"2025-01-12 05:30:00",12138,12.73,402,0,-0.016,0,-0.22,0,-0.021,-0.026,-0.044,44.58,38.3
"2025-01-12 06:00:00",12139,12.73,402,0,-0.021,-0.04,-0.23,-0.005,-0.021,-0.027,-0.053,46.24,37.9
"2025-01-12 06:30:00",12140,12.73,402,0,-0.03,-0.1,-0.28,-0.01,-0.026,-0.037,-0.064,47.95,36.72
"2025-01-12 07:00:00",12141,12.73,402,0,-0.041,-0.22,-0.29,-0.021,-0.027,-0.043,-0.058,47.79,36.56
"2025-01-12 07:30:00",12142,12.73,402,0,-0.014,0,-0.19,0,-0.018,-0.022,-0.053,49.17,36.29
"2025-01-12 08:00:00",12143,12.72,402,0,-0.014,-0.05,-0.14,-0.005,-0.013,-0.027,-0.04,49.02,35.88
"2025-01-12 08:30:00",12144,12.72,402,0,-0.057,-0.44,-0.25,-0.04,-0.023,-0.064,-0.051,48.91,36.86
"2025-01-12 09:00:00",12145,12.73,402,0,-0.052,-0.42,-0.2,-0.038,-0.019,-0.07,-0.049,48.34,36.71
"2025-01-12 09:30:00",12146,12.73,402,0,-0.028,-0.19,-0.15,-0.018,-0.014,-0.049,-0.052,49.04,37.67
"2025-01-12 10:00:00",12147,12.73,402,0,0.003,0.11,-0.09,0.009,-0.009,-0.014,-0.041,54.21,38.47
"2025-01-12 10:30:00",12148,12.75,402,0,0.001,0.05,-0.04,0.004,-0.004,0,-0.045,56.06,40.99
"2025-01-12 11:00:00",12149,12.76,402,0,-0.049,-0.37,-0.22,-0.033,-0.021,-99,-0.046,-99,42.42
"2025-01-12 11:30:00",12150,12.76,402,0,-0.053,-0.18,-0.49,-0.017,-0.044,-0.016,-0.068,58.6,45.49
"2025-01-12 12:00:00",12151,12.77,402,0,-0.046,-0.07,-0.52,-0.007,-0.047,-0.007,-0.083,52.99,43.58
"2025-01-12 12:30:00",12152,12.78,402,0,0.052,1.1,-0.58,0.098,-0.052,0.083,-0.116,47.55,42.93
"2025-01-12 13:00:00",12153,12.78,402,0,0.028,0.84,-0.59,0.074,-0.053,0.069,-0.172,45.46,36.47
"2025-01-12 13:30:00",12154,12.78,402,0,0.055,1.18,-0.64,0.105,-0.057,0.08,-0.217,47.88,29.13
"2025-01-12 14:00:00",12155,12.79,402,0,0.047,1.1,-0.65,0.098,-0.058,0.088,-0.25,47.68,25.78
"2025-01-12 14:30:00",12156,12.78,402,0,0.064,1.22,-0.56,0.108,-0.05,0.085,-0.261,48.9,25.22
"2025-01-12 15:00:00",12157,12.78,402,0,0.189,1.44,0.79,0.128,0.07,0.106,-0.188,48.97,25.84
"2025-01-12 15:30:00",12158,12.79,402,0,0.217,1.42,1.17,0.126,0.104,0.102,-0.194,49.64,27.34
"2025-01-12 16:00:00",12159,12.79,402,0,0.228,1.38,1.35,0.122,0.12,0.093,-0.18,50.16,27.03
"2025-01-12 16:30:00",12160,12.78,402,0,0.19,1.13,1.15,0.1,0.102,0.073,-0.188,49.01,26.53
"2025-01-12 17:00:00",12161,12.78,402,0,0.181,1.06,1.11,0.094,0.098,0.066,-0.173,48.57,26.9
"2025-01-12 17:30:00",12162,12.77,402,0,0.133,0.72,0.89,0.064,0.079,0.045,-0.14,50.13,29.18
"2025-01-12 18:00:00",12163,12.77,402,0,0.059,0.24,0.48,0.021,0.042,0.008,-0.123,50.69,31.08
"2025-01-12 18:30:00",12164,12.76,402,0,0,0,0,0,0,-0.006,-0.123,51.23,32.18
"2025-01-12 19:00:00",12165,12.75,402,0,-0.002,-0.03,0,-0.003,0,-0.006,-0.112,50.58,34.57
"2025-01-12 19:30:00",12166,12.75,402,0,-0.013,0.05,-0.24,0.004,-0.022,0,-0.122,54.15,32.78
"2025-01-12 20:00:00",12167,12.74,402,0,0.014,0.27,-0.13,0.024,-0.013,0.019,-0.107,56.1,33.76
"2025-01-12 20:30:00",12168,12.74,402,0,0.06,0.56,0.13,0.05,0.012,0.049,-0.074,55.62,36.97
"2025-01-12 21:00:00",12169,12.73,402,0,0.025,0.33,-0.05,0.029,-0.005,0.028,-0.078,57.69,37.8
"2025-01-12 21:30:00",12170,12.73,402,0,0.014,0.2,-0.05,0.018,-0.005,0.021,-0.065,58.24,42.48
"2025-01-12 22:00:00",12171,12.72,402,0,-0.034,-0.18,-0.25,-0.017,-0.023,-0.02,-0.074,57.4,44.53
"2025-01-12 22:30:00",12172,12.72,402,0,0.027,0.46,-0.18,0.041,-0.017,0.047,-0.064,56.86,44.96
"2025-01-12 23:00:00",12173,12.72,402,0,0.046,0.63,-0.13,0.056,-0.012,0.062,-0.052,54.96,43.72
"2025-01-12 23:30:00",12174,12.72,402,0,0.043,0.56,-0.08,0.05,-0.008,0.056,-0.041,55.17,43.93
"2025-01-13 00:00:00",12175,12.71,402,0,0.047,0.6,-0.08,0.053,-0.008,0.051,-0.036,52.58,43.83
"2025-01-13 00:30:00",12176,12.71,402,0,0.026,0.36,-0.08,0.032,-0.008,0.021,-0.034,46.86,41.4
"2025-01-13 01:00:00",12177,12.71,402,0,0.003,0.22,-0.21,0.019,-0.02,0.004,-0.043,44.86,40.79
"2025-01-13 01:30:00",12178,12.71,402,0,-0.007,0.06,-0.17,0.005,-0.016,-0.004,-0.037,44.55,38.52
"2025-01-13 02:00:00",12179,12.71,402,0,-0.008,0.06,-0.18,0.005,-0.017,-0.018,-0.047,46.41,37.39
"2025-01-13 02:30:00",12180,12.7,402,0,-0.016,0.06,-0.28,0.005,-0.025,-0.023,-0.047,45.72,36.81
"2025-01-13 03:00:00",12181,12.7,402,0,-0.021,0,-0.28,0,-0.026,-0.023,-0.053,45.92,36.91
"2025-01-13 03:30:00",12182,12.7,402,0,-0.008,0.11,-0.24,0.01,-0.022,-0.014,-0.051,46.91,35.93
"2025-01-13 04:00:00",12183,12.7,402,0,-0.009,0.06,-0.19,0.005,-0.018,-0.023,-0.048,48.61,36.14
"2025-01-13 04:30:00",12184,12.7,402,0,-0.018,0,-0.24,0,-0.022,-0.018,-0.052,47.11,35.73
"2025-01-13 05:00:00",12185,12.7,402,0,-0.013,0.05,-0.24,0.005,-0.022,-0.018,-0.049,48.52,35.07
"2025-01-13 05:30:00",12186,12.7,402,0,-0.009,0.05,-0.19,0.005,-0.018,-0.013,-0.045,47.31,36.24
"2025-01-13 06:00:00",12187,12.7,402,0,-0.009,0.05,-0.19,0.005,-0.018,-0.017,-0.039,48.1,35.64
"2025-01-13 06:30:00",12188,12.69,402,0,-0.014,0,-0.19,0,-0.018,-0.023,-0.039,48.2,35.32
"2025-01-13 07:00:00",12189,12.7,402,0,-0.02,-0.11,-0.14,-0.011,-0.013,-0.04,-0.039,46.17,35.61
"2025-01-13 07:30:00",12190,12.7,402,0,-0.024,-0.12,-0.19,-0.011,-0.018,-0.041,-0.043,46.89,35.66
"2025-01-13 08:00:00",12191,12.7,402,0,-0.038,-0.26,-0.2,-0.024,-0.018,-0.06,-0.036,45.97,36.23
"2025-01-13 08:30:00",12192,12.7,402,0,-0.052,-0.42,-0.2,-0.038,-0.019,-0.068,-0.037,46.01,36.02
"2025-01-13 09:00:00",12193,12.71,402,0,-0.034,-0.26,-0.15,-0.024,-0.014,-0.06,-0.04,46.03,36.05
"2025-01-13 09:30:00",12194,12.71,402,0,-0.015,0,-0.2,0,-0.018,-0.05,-0.04,45.36,36.2
"2025-01-13 10:00:00",12195,12.71,402,0,0.006,0.24,-0.2,0.021,-0.018,-0.015,-0.047,47.63,36.41
"2025-01-13 10:30:00",12196,12.71,402,0,-0.018,-0.14,-0.09,-0.013,-0.009,-0.021,-0.043,50.96,38.92
"2025-01-13 11:00:00",12197,12.72,402,0,0.052,0.59,0,0.052,0,0.047,-0.037,60.1,40.24
"2025-01-13 11:30:00",12198,12.73,402,0,0.044,0.61,-0.13,0.054,-0.012,-99,-0.042,-99,42.4
"2025-01-13 12:00:00",12199,12.74,402,0,0.031,0.65,-0.34,0.058,-0.031,0.051,-0.06,60.52,43.81
"2025-01-13 12:30:00",12200,12.74,402,0,0.033,0.79,-0.47,0.07,-0.042,0.066,-0.087,52.32,42.6
"2025-01-13 13:00:00",12201,12.74,402,0,-0.016,0.28,-0.53,0.025,-0.048,0.013,-0.12,45.03,42.47
"2025-01-13 13:30:00",12202,12.75,402,0,-0.034,0.14,-0.61,0.012,-0.055,0.004,-0.176,45.26,32.02
"2025-01-13 14:00:00",12203,12.75,402,0,0.003,0.5,-0.53,0.045,-0.048,0.043,-0.21,46.66,28.62
"2025-01-13 14:30:00",12204,12.76,402,0,0.014,0.58,-0.48,0.051,-0.043,0.045,-0.242,47.85,26.36
"2025-01-13 15:00:00",12205,12.76,402,0,-0.035,0.4,-0.91,0.036,-0.081,0.032,-0.265,46.75,24.6
"2025-01-13 15:30:00",12206,12.76,402,0,0.011,0.64,-0.59,0.056,-0.053,0.044,-0.256,46.67,23.79
"2025-01-13 16:00:00",12207,12.76,402,0,0.028,0.67,-0.4,0.059,-0.036,0.046,-0.262,47.39,24.82
"2025-01-13 16:30:00",12208,12.75,402,0,0.021,0.59,-0.4,0.052,-0.036,0.037,-0.26,47.55,25.24
"2025-01-13 17:00:00",12209,12.75,402,0,0.03,0.51,-0.19,0.046,-0.017,0.031,-0.242,47.27,25.19
"2025-01-13 17:30:00",12210,12.74,402,0,0.028,0.45,-0.15,0.04,-0.014,0.024,-0.204,47.95,27
"2025-01-13 18:00:00",12211,12.73,402,0,0.036,0.18,0.26,0.016,0.023,0.003,-0.155,49.65,28.4
"2025-01-13 18:30:00",12212,12.73,402,0,0.043,0.11,0.42,0.009,0.037,-0.006,-0.12,50.23,31.33
"2025-01-13 19:00:00",12213,12.72,402,0,0.011,-0.03,0.17,-0.003,0.015,-0.018,-0.098,51.17,34.18
"2025-01-13 19:30:00",12214,12.72,402,0,0,0,0,0,0,-0.013,-0.11,55.12,33.19
"2025-01-13 20:00:00",12215,12.72,402,0,0.015,0.22,-0.06,0.02,-0.006,0.015,-0.094,55.43,35.55
"2025-01-13 20:30:00",12216,12.71,402,0,0.037,0.42,0,0.037,0,0.04,-0.077,58.38,36.85
"2025-01-13 21:00:00",12217,12.7,402,0,0.061,0.73,-0.05,0.064,-0.005,0.063,-0.072,56.12,37.89
"2025-01-13 21:30:00",12218,12.7,402,0,0.026,0.43,-0.15,0.038,-0.014,0.037,-0.067,59.26,40.61
"2025-01-13 22:00:00",12219,12.7,402,0,0.003,0.24,-0.24,0.021,-0.022,0.017,-0.066,56.39,41.87
"2025-01-13 22:30:00",12220,12.7,402,0,-0.014,-0.06,-0.13,-0.006,-0.012,-0.006,-0.054,59.9,44.81
"2025-01-13 23:00:00",12221,12.69,402,0,0.069,0.81,-0.03,0.072,-0.004,0.073,-0.046,54.89,43.5
"2025-01-13 23:30:00",12222,12.69,402,0,0.038,0.5,-0.08,0.044,-0.008,0.046,-0.04,51.7,42.69
"2025-01-14 00:00:00",12223,12.68,402,0,0.001,0.15,-0.16,0.013,-0.015,0.004,-0.038,48.96,41.44
"2025-01-14 00:30:00",12224,12.68,402,0,-0.008,0.05,-0.17,0.005,-0.016,-0.004,-0.037,46.8,40.26
"2025-01-14 01:00:00",12225,12.68,402,0,-0.016,-0.04,-0.17,-0.005,-0.016,-0.017,-0.043,45.41,38.46
"2025-01-14 01:30:00",12226,12.68,402,0,-0.021,-0.05,-0.22,-0.005,-0.021,-0.018,-0.046,43.66,37.94
"2025-01-14 02:00:00",12227,12.67,402,0,-0.03,-0.1,-0.28,-0.01,-0.025,-0.035,-0.046,47.12,36.71
"2025-01-14 02:30:00",12228,12.67,402,0,-0.017,0,-0.23,0,-0.022,-0.027,-0.053,44.79,35.63
"2025-01-14 03:00:00",12229,12.67,402,0,-0.025,-0.04,-0.29,-0.005,-0.026,-0.027,-0.054,47.19,35.55
"2025-01-14 03:30:00",12230,12.67,402,0,-0.014,0,-0.19,0,-0.018,-0.026,-0.051,48.57,35.12
"2025-01-14 04:00:00",12231,12.66,402,0,-0.032,-0.16,-0.24,-0.015,-0.022,-0.036,-0.052,47.59,35.12
"2025-01-14 04:30:00",12232,12.66,402,0,-0.004,0.11,-0.19,0.01,-0.018,-0.018,-0.049,47.92,35.86
"2025-01-14 05:00:00",12233,12.66,402,0,-0.022,-0.05,-0.24,-0.005,-0.022,-0.027,-0.049,48.57,35.28
"2025-01-14 05:30:00",12234,12.67,402,0,-0.009,0.05,-0.19,0.005,-0.018,-0.018,-0.045,49.61,35.49
"2025-01-14 06:00:00",12235,12.67,402,0,-0.014,0,-0.19,0,-0.018,-0.024,-0.039,46.7,35.47
"2025-01-14 06:30:00",12236,12.67,402,0,-0.006,0.05,-0.14,0.005,-0.013,-0.013,-0.035,47.54,35.49
"2025-01-14 07:00:00",12237,12.66,402,0,-0.024,-0.11,-0.19,-0.01,-0.018,-0.043,-0.039,47.11,35.21
"2025-01-14 07:30:00",12238,12.66,402,0,-0.027,-0.11,-0.24,-0.011,-0.022,-0.039,-0.039,45.5,35.67
"2025-01-14 08:00:00",12239,12.67,402,0,-0.033,-0.22,-0.19,-0.021,-0.018,-0.043,-0.035,48.79,35.51
"2025-01-14 08:30:00",12240,12.67,402,0,-0.051,-0.38,-0.24,-0.034,-0.022,-0.068,-0.036,46.21,34.99
"2025-01-14 09:00:00",12241,12.68,402,0,-0.067,-0.55,-0.25,-0.049,-0.023,-0.077,-0.039,45.02,35.19
"2025-01-14 09:30:00",12242,12.68,402,0,-0.055,-0.41,-0.25,-0.037,-0.023,-0.072,-0.043,45.38,37.04
"2025-01-14 10:00:00",12243,12.68,402,0,-0.065,-0.48,-0.3,-0.044,-0.028,-0.078,-0.053,45.78,34.98
"2025-01-14 10:30:00",12244,12.68,402,0,-0.035,-0.19,-0.25,-0.018,-0.023,-0.053,-0.053,46.29,36.98
"2025-01-14 11:00:00",12245,12.69,402,0,-0.014,0,-0.19,0,-0.018,-0.025,-0.046,47.73,38.58
"2025-01-14 11:30:00",12246,12.69,402,0,0.014,0.32,-0.19,0.028,-0.018,0.009,-0.05,49.2,37.83
"2025-01-14 12:00:00",12247,12.69,402,0,-0.006,0,-0.09,0,-0.009,-0.004,-0.036,54.69,38.94
"2025-01-14 12:30:00",12248,12.69,402,0,0.016,0.14,0.05,0.012,0.004,0,-0.033,58.26,39.9
"2025-01-14 13:00:00",12249,12.69,402,0,-0.009,-0.04,-0.08,-0.004,-0.008,-0.008,-0.037,59.06,41.53
"2025-01-14 13:30:00",12250,12.69,402,0,0.013,0.31,-0.18,0.028,-0.016,0.028,-0.046,58.79,42.91
"2025-01-14 14:00:00",12251,12.7,402,0,0.012,0.38,-0.28,0.033,-0.025,0.033,-0.057,60.26,44.53
"2025-01-14 14:30:00",12252,12.7,402,0,0.027,0.56,-0.29,0.05,-0.027,0.044,-0.061,57.4,41.66
"2025-01-14 15:00:00",12253,12.7,402,0,0.021,0.56,-0.37,0.049,-0.034,0.048,-0.076,55.83,41.89
"2025-01-14 15:30:00",12254,12.7,402,0,0.005,0.42,-0.41,0.037,-0.037,0.029,-0.098,52.39,40.36
"2025-01-14 16:00:00",12255,12.7,402,0,0.031,0.62,-0.31,0.055,-0.029,0.041,-0.104,51.72,39.69
"2025-01-14 16:30:00",12256,12.7,402,0,0.042,0.75,-0.31,0.066,-0.028,0.058,-0.102,52.43,37.92
"2025-01-14 17:00:00",12257,12.69,402,0,0.013,0.34,-0.22,0.03,-0.02,0.037,-0.073,52.04,40.66
"2025-01-14 17:30:00",12258,12.69,402,0,0.031,0.42,-0.08,0.037,-0.008,0.047,-0.041,52.15,44.37
"2025-01-14 18:00:00",12259,12.68,402,0,0.034,0.45,-0.07,0.04,-0.007,0.038,-0.032,54.32,43.66
"2025-01-14 18:30:00",12260,12.67,402,0,0.038,0.46,-0.03,0.041,-0.004,0.027,-0.034,49.64,41.55
"2025-01-14 19:00:00",12261,12.67,402,0,0.005,0.21,-0.17,0.019,-0.016,0,-0.04,44.88,39.43
"2025-01-14 19:30:00",12262,12.66,402,0,-0.017,-0.05,-0.18,-0.005,-0.017,-0.017,-0.047,44.52,37.83
"2025-01-14 20:00:00",12263,12.66,402,0,-0.021,0,-0.28,0,-0.026,-0.026,-0.05,44.52,36.74
"2025-01-14 20:30:00",12264,12.66,402,0,-0.022,0,-0.29,0,-0.026,-0.022,-0.051,43.75,36.39
"2025-01-14 21:00:00",12265,12.65,402,0,-0.018,0,-0.24,0,-0.022,-0.027,-0.051,43.2,35.52
"2025-01-14 21:30:00",12266,12.65,402,0,-0.018,0,-0.24,0,-0.022,-0.023,-0.051,43.72,35.79
"2025-01-14 22:00:00",12267,12.66,402,0,-0.022,0,-0.29,0,-0.027,-0.032,-0.054,42.46,34.95
"2025-01-14 22:30:00",12268,12.65,402,0,-0.014,0,-0.19,0,-0.018,-0.032,-0.051,43.1,35.42
"2025-01-14 23:00:00",12269,12.66,402,0,-0.041,-0.17,-0.35,-0.016,-0.032,-0.033,-0.058,43.64,35.3
"2025-01-14 23:30:00",12270,12.66,402,0,0,0.17,-0.19,0.015,-0.018,-0.004,-0.051,47.35,35.3
"2025-01-15 00:00:00",12271,12.66,402,0,0.011,0.25,-0.14,0.022,-0.013,0.004,-0.044,50.34,37.05
"2025-01-15 00:30:00",12272,12.66,402,0,-0.008,0.1,-0.23,0.009,-0.022,0,-0.047,46.55,36.56
"2025-01-15 01:00:00",12273,12.66,402,0,-0.012,0.06,-0.24,0.005,-0.022,-0.022,-0.051,44.86,36.36
"2025-01-15 01:30:00",12274,12.66,402,0,-0.028,-0.11,-0.25,-0.011,-0.023,-0.023,-0.051,43,36.3
"2025-01-15 02:00:00",12275,12.66,402,0,-0.019,0,-0.25,0,-0.023,-0.027,-0.051,40.78,35.32
"2025-01-15 02:30:00",12276,12.65,402,0,-0.014,0,-0.19,0,-0.018,-0.031,-0.053,42.79,34.86
"2025-01-15 03:00:00",12277,12.66,402,0,-0.022,0,-0.29,0,-0.027,-0.026,-0.056,41.2,34.5
"2025-01-15 03:30:00",12278,12.65,402,0,-0.006,0.05,-0.14,0.005,-0.013,-0.03,-0.05,43.05,33.88
"2025-01-15 04:00:00",12279,12.65,402,0,-0.01,0,-0.14,0,-0.013,-0.029,-0.047,42.44,34.25
"2025-01-15 04:30:00",12280,12.65,402,0,-0.026,-0.09,-0.24,-0.009,-0.022,-0.037,-0.05,42.01,34.49
"2025-01-15 05:00:00",12281,12.64,402,0,-0.013,0.05,-0.24,0.004,-0.022,-0.024,-0.05,47.65,33.53
"2025-01-15 05:30:00",12282,12.64,402,0,-0.017,-0.04,-0.19,-0.004,-0.017,-0.028,-0.043,46.27,34.22
"2025-01-15 06:00:00",12283,12.64,402,0,-0.013,0,-0.18,0,-0.017,-0.019,-0.04,45.48,34.92
"2025-01-15 06:30:00",12284,12.64,402,0,-0.017,-0.04,-0.18,-0.004,-0.017,-0.018,-0.039,45.64,34.97
"2025-01-15 07:00:00",12285,12.63,402,0,0.006,0.18,-0.13,0.016,-0.013,-0.007,-0.033,42.6,34.66
"2025-01-15 07:30:00",12286,12.63,402,0,-0.009,0,-0.13,0,-0.012,-0.014,-0.026,44.24,34.24
"2025-01-15 08:00:00",12287,12.63,402,0,-0.009,0,-0.13,0,-0.012,-0.014,-0.026,43.61,34.44
"2025-01-15 08:30:00",12288,12.63,402,0,-0.012,-0.08,-0.08,-0.008,-0.008,-0.021,-0.026,45.85,33.94
"2025-01-15 09:00:00",12289,12.63,402,0,-0.021,-0.13,-0.13,-0.012,-0.012,-0.033,-0.026,44.53,34.69
"2025-01-15 09:30:00",12290,12.63,402,0,-0.034,-0.24,-0.18,-0.022,-0.016,-0.036,-0.029,44.12,33.87
"2025-01-15 10:00:00",12291,12.63,402,0,-0.051,-0.38,-0.23,-0.035,-0.021,-0.058,-0.033,42.78,34.44
"2025-01-15 10:30:00",12292,12.63,402,0,-0.049,-0.41,-0.18,-0.037,-0.017,-0.071,-0.033,43.25,34.65
"2025-01-15 11:00:00",12293,12.64,402,0,-0.052,-0.43,-0.19,-0.039,-0.018,-0.074,-0.037,43.81,34.49
"2025-01-15 11:30:00",12294,12.64,402,0,-0.085,-0.72,-0.29,-0.065,-0.027,-0.102,-0.044,42.56,35.04
"2025-01-15 12:00:00",12295,12.64,402,0,-0.07,-0.54,-0.3,-0.048,-0.027,-0.078,-0.044,42.61,34.27
"2025-01-15 12:30:00",12296,12.65,402,0,-0.045,-0.26,-0.3,-0.024,-0.027,-0.071,-0.045,40.35,34.48
"2025-01-15 13:00:00",12297,12.65,402,0,-0.015,0,-0.2,0,-0.018,-0.033,-0.045,43,35.75
"2025-01-15 13:30:00",12298,12.65,402,0,0.005,0.22,-0.19,0.019,-0.018,-0.004,-0.038,44.83,36.08
"2025-01-15 14:00:00",12299,12.65,402,0,0.007,0.2,-0.14,0.017,-0.013,0.008,-0.038,47.27,36.47
"2025-01-15 14:30:00",12300,12.65,402,0,0.009,0.23,-0.14,0.02,-0.013,0.011,-0.041,48.67,36.78
"2025-01-15 15:00:00",12301,12.66,402,0,-0.002,0.04,-0.09,0.004,-0.008,-0.007,-0.038,47.15,38.82
"2025-01-15 15:30:00",12302,12.65,402,0,0.012,0.17,-0.04,0.015,-0.004,0,-0.034,51.96,37.7
"2025-01-15 16:00:00",12303,12.66,402,0,0.016,0.25,-0.08,0.022,-0.008,0.01,-0.034,51.67,37.97
"2025-01-15 16:30:00",12304,12.65,402,0,0.001,0.12,-0.12,0.011,-0.012,0.003,-0.033,49.44,39.05
"2025-01-15 17:00:00",12305,12.65,402,0,0.007,0.18,-0.12,0.016,-0.012,0.007,-0.03,48.22,37
"2025-01-15 17:30:00",12306,12.65,402,0,0.013,0.31,-0.18,0.028,-0.017,0.008,-0.039,44.37,37.27
"2025-01-15 18:00:00",12307,12.64,402,0,-0.012,0.06,-0.24,0.005,-0.022,-0.013,-0.043,44.02,34.85
"2025-01-15 18:30:00",12308,12.64,402,0,-0.015,0.12,-0.34,0.011,-0.031,-0.027,-0.049,41.53,35.25
"2025-01-15 19:00:00",12309,12.64,402,0,-0.023,-0.05,-0.25,-0.006,-0.023,-0.042,-0.043,41.33,34.22
"2025-01-15 19:30:00",12310,12.63,402,0,-0.017,0.06,-0.3,0.006,-0.028,-0.037,-0.056,41.6,34.23
"2025-01-15 20:00:00",12311,12.63,402,0,-0.019,0,-0.25,0,-0.023,-0.047,-0.053,41.59,33.5
"2025-01-15 20:30:00",12312,12.62,402,0,-0.018,0.06,-0.31,0.005,-0.028,-0.033,-0.05,41.5,33.56
"2025-01-15 21:00:00",12313,12.63,402,0,-0.018,0.06,-0.31,0.005,-0.028,-0.037,-0.053,41.53,32.93
"2025-01-15 21:30:00",12314,12.62,402,0,0,0.18,-0.2,0.016,-0.019,-0.027,-0.05,40.72,33.05
"2025-01-15 22:00:00",12315,12.62,402,0,-0.009,0.06,-0.2,0.005,-0.018,-0.031,-0.049,41.49,33.56
"2025-01-15 22:30:00",12316,12.62,402,0,-0.014,0,-0.19,0,-0.018,-0.035,-0.049,41.75,32.84
"2025-01-15 23:00:00",12317,12.62,402,0,-0.008,0.11,-0.24,0.01,-0.022,-0.021,-0.049,42.57,32.99
"2025-01-15 23:30:00",12318,12.62,402,0,0,0.11,-0.14,0.009,-0.013,-0.025,-0.042,43.1,33.11
"2025-01-16 00:00:00",12319,12.62,402,0,-0.009,0.1,-0.24,0.009,-0.022,-0.016,-0.042,42.85,33.11
"2025-01-16 00:30:00",12320,12.61,402,0,0.006,0.15,-0.09,0.013,-0.009,-0.008,-0.035,44.09,33.53
"2025-01-16 01:00:00",12321,12.61,402,0,-0.005,0.09,-0.18,0.008,-0.017,-0.011,-0.035,44.85,33.21
"2025-01-16 01:30:00",12322,12.61,402,0,-0.005,0.05,-0.13,0.004,-0.012,-0.014,-0.032,43.21,32.65
"2025-01-16 02:00:00",12323,12.6,402,0,-0.006,0.04,-0.13,0.004,-0.012,-0.01,-0.034,43.87,32.8
"2025-01-16 02:30:00",12324,12.6,402,0,-0.002,0.04,-0.08,0.004,-0.008,-0.007,-0.025,44.29,33.32
"2025-01-16 03:00:00",12325,12.6,402,0,-0.012,-0.03,-0.13,-0.004,-0.012,-0.013,-0.028,42.56,32.97
"2025-01-16 03:30:00",12326,12.6,402,0,-0.004,-0.03,-0.03,-0.004,-0.004,-0.013,-0.022,41.84,33.23
"2025-01-16 04:00:00",12327,12.59,402,0,-0.002,0.04,-0.08,0.003,-0.008,-0.006,-0.022,40.92,32.57
"2025-01-16 04:30:00",12328,12.59,402,0,-0.008,-0.03,-0.08,-0.003,-0.008,-0.006,-0.019,40.5,32.82
"2025-01-16 05:00:00",12329,12.59,402,0,-0.005,0.04,-0.12,0.003,-0.012,-0.003,-0.018,38.97,32.94
"2025-01-16 05:30:00",12330,12.58,402,0,-0.001,0,-0.03,0,-0.004,-0.008,-0.016,38.38,32.51
"2025-01-16 06:00:00",12331,12.57,402,0,-0.011,-0.03,-0.12,-0.003,-0.011,-0.005,-0.018,38.71,32.99
"2025-01-16 06:30:00",12332,12.57,402,0,-0.01,-0.06,-0.07,-0.006,-0.007,-0.008,-0.015,37.87,32.56
"2025-01-16 07:00:00",12333,12.57,402,0,-0.012,-0.09,-0.07,-0.009,-0.007,-0.01,-0.01,37.94,32.06
"2025-01-16 07:30:00",12334,12.56,402,0,0.006,0.07,0,0.006,0,-0.005,-0.01,36.62,31.98
"2025-01-16 08:00:00",12335,12.56,402,0,-0.006,-0.02,-0.07,-0.003,-0.007,-0.007,-0.014,38.54,32.26
"2025-01-16 08:30:00",12336,12.56,402,0,-0.01,-0.06,-0.07,-0.006,-0.007,-0.016,-0.015,39.66,32.55
"2025-01-16 09:00:00",12337,12.56,402,0,-0.017,-0.11,-0.11,-0.01,-0.011,-0.021,-0.018,38.88,32.6
"2025-01-16 09:30:00",12338,12.57,402,0,-0.026,-0.16,-0.16,-0.015,-0.015,-0.033,-0.023,40.63,32.54
"2025-01-16 10:00:00",12339,12.58,402,0,-0.023,-0.17,-0.12,-0.016,-0.012,-0.04,-0.024,41.18,32.01
"2025-01-16 10:30:00",12340,12.59,402,0,-0.029,-0.19,-0.17,-0.018,-0.016,-0.047,-0.027,41.73,32
"2025-01-16 11:00:00",12341,12.59,402,0,-0.041,-0.25,-0.26,-0.023,-0.024,-0.053,-0.033,41.12,32.37
"2025-01-16 11:30:00",12342,12.6,402,0,-0.055,-0.39,-0.27,-0.036,-0.025,-0.064,-0.037,42.29,32.97
"2025-01-16 12:00:00",12343,12.61,402,0,-0.043,-0.29,-0.23,-0.027,-0.021,-0.062,-0.035,42.72,32.9
"2025-01-16 12:30:00",12344,12.61,402,0,-0.041,-0.23,-0.28,-0.021,-0.026,-0.056,-0.036,42.82,34.08
"2025-01-16 13:00:00",12345,12.62,402,0,-0.005,0.1,-0.19,0.009,-0.017,-0.016,-0.043,45.58,34.94
"2025-01-16 13:30:00",12346,12.62,402,0,0.009,0.18,-0.09,0.016,-0.009,0,-0.037,50.56,36.63
"2025-01-16 14:00:00",12347,12.63,402,0,0.024,0.31,-0.04,0.027,-0.004,0.007,-0.037,54.73,37.2
"2025-01-16 14:30:00",12348,12.63,402,0,0.015,0.2,-0.04,0.018,-0.004,0.007,-0.031,56.15,38.5
"2025-01-16 15:00:00",12349,12.63,402,0,-0.002,0.12,-0.17,0.011,-0.016,-0.004,-0.037,57.6,39.39
"2025-01-16 15:30:00",12350,12.62,402,0,-0.022,-0.08,-0.21,-0.008,-0.019,-0.015,-0.038,58.58,40.11
"2025-01-16 16:00:00",12351,12.63,402,0,-0.006,0.19,-0.3,0.017,-0.028,0.008,-0.05,58.93,42.63
"2025-01-16 16:30:00",12352,12.63,402,0,0.006,0.22,-0.17,0.019,-0.016,0.015,-0.04,57.63,43.7
"2025-01-16 17:00:00",12353,12.62,402,0,0.002,0.2,-0.2,0.018,-0.019,0.007,-0.042,55.92,43.31
"2025-01-16 17:30:00",12354,12.62,402,0,-0.002,0.11,-0.16,0.01,-0.015,0,-0.034,54.58,41.46
"2025-01-16 18:00:00",12355,12.62,402,0,-0.007,0.04,-0.15,0.003,-0.015,0,-0.037,52.58,42.18
"2025-01-16 18:30:00",12356,12.61,402,0,-0.004,0.04,-0.11,0.003,-0.011,-0.006,-0.033,53.89,41.86
"2025-01-16 19:00:00",12357,12.61,402,0,-0.001,0.07,-0.11,0.007,-0.011,-0.003,-0.039,55.6,40.94
"2025-01-16 19:30:00",12358,12.61,402,0,-0.007,0.08,-0.19,0.007,-0.018,-0.003,-0.043,53.59,41.14
"2025-01-16 20:00:00",12359,12.61,402,0,-0.001,0.08,-0.11,0.007,-0.011,0,-0.037,55.9,41.55
"2025-01-16 20:30:00",12360,12.61,402,0,0.002,0.12,-0.11,0.01,-0.011,0,-0.038,55.77,42.34
"2025-01-16 21:00:00",12361,12.61,402,0,0.012,0.23,-0.11,0.02,-0.011,0.013,-0.041,56.25,42.4
"2025-01-16 21:30:00",12362,12.61,402,0,0.022,0.35,-0.12,0.031,-0.011,0.02,-0.042,55.96,42.94
"2025-01-16 22:00:00",12363,12.61,402,0,0.016,0.29,-0.12,0.025,-0.011,0.021,-0.043,58.13,43.87
"2025-01-16 22:30:00",12364,12.61,402,0,0.02,0.33,-0.12,0.029,-0.012,0.025,-0.045,57.27,42.34
"2025-01-16 23:00:00",12365,12.6,402,0,0.02,0.33,-0.12,0.029,-0.012,0.025,-0.045,56.35,43.33
"2025-01-16 23:30:00",12366,12.6,402,0,0.022,0.44,-0.22,0.039,-0.02,0.031,-0.054,56.51,42.68
"2025-01-17 00:00:00",12367,12.6,402,0,0.02,0.43,-0.23,0.038,-0.021,0.033,-0.057,54.69,43.07
"2025-01-17 00:30:00",12368,12.6,402,0,0.019,0.42,-0.23,0.037,-0.021,0.028,-0.062,57.6,42.01
"2025-01-17 01:00:00",12369,12.6,402,0,-0.002,0.29,-0.37,0.025,-0.033,0.025,-0.078,55.36,41.68
"2025-01-17 01:30:00",12370,12.6,402,0,0.017,0.61,-0.48,0.054,-0.043,0.035,-0.103,55.4,40.09
"2025-01-17 02:00:00",12371,12.6,402,0,0.024,0.69,-0.48,0.061,-0.043,0.057,-0.12,51.36,34.39
"2025-01-17 02:30:00",12372,12.6,402,0,0.024,0.56,-0.33,0.05,-0.03,0.052,-0.101,51.92,36.99
"2025-01-17 03:00:00",12373,12.6,402,0,0.008,0.28,-0.21,0.024,-0.02,0.035,-0.067,54.14,39.05
"2025-01-17 03:30:00",12374,12.6,402,0,0,0.1,-0.12,0.009,-0.012,0.009,-0.043,59.38,43.89
"2025-01-17 04:00:00",12375,12.59,402,0,-0.019,-0.03,-0.22,-0.004,-0.02,-0.007,-0.056,57.76,43.67
"2025-01-17 04:30:00",12376,12.59,402,0,-0.002,0.12,-0.18,0.011,-0.017,0.007,-0.058,55.76,41.25
"2025-01-17 05:00:00",12377,12.59,402,0,-0.009,0.09,-0.23,0.008,-0.021,0.004,-0.063,57.14,42.79
"2025-01-17 05:30:00",12378,12.59,402,0,-0.002,0.18,-0.24,0.016,-0.022,0.011,-0.064,55.29,41.6
"2025-01-17 06:00:00",12379,12.59,402,0,-0.013,0.04,-0.23,0.004,-0.022,0.007,-0.063,55.8,42.12
"2025-01-17 06:30:00",12380,12.59,402,0,0,0.07,-0.08,0.006,-0.008,0.009,-0.039,54.34,42.3
"2025-01-17 07:00:00",12381,12.59,402,0,0.041,0.53,-0.07,0.047,-0.007,0.044,-0.032,51.41,43.22
"2025-01-17 07:30:00",12382,12.58,402,0,0.03,0.44,-0.11,0.039,-0.011,0.03,-0.033,51.05,41.63
"2025-01-17 08:00:00",12383,12.58,402,0,0.026,0.35,-0.07,0.031,-0.007,0.02,-0.033,52.08,41.27
"2025-01-17 08:30:00",12384,12.57,402,0,0.018,0.27,-0.07,0.024,-0.007,0.016,-0.03,53.2,42.24
"2025-01-17 09:00:00",12385,12.58,402,0,0.002,0.12,-0.11,0.011,-0.011,0.007,-0.044,61.05,41.45
"2025-01-17 09:30:00",12386,12.58,402,0,-0.027,-0.04,-0.31,-0.004,-0.028,-0.012,-0.062,60.69,41.66
"2025-01-17 10:00:00",12387,12.58,402,0,-0.016,0.21,-0.45,0.019,-0.041,0.012,-0.101,53.85,37.54
"2025-01-17 10:30:00",12388,12.58,402,0,-0.028,0.28,-0.69,0.025,-0.062,0.022,-0.156,49.48,34.15
"2025-01-17 11:00:00",12389,12.59,402,0,-0.011,0.51,-0.73,0.045,-0.065,0.055,-0.194,45.18,31.91
"2025-01-17 11:30:00",12390,12.59,402,0,0.044,1.23,-0.83,0.109,-0.074,0.086,-0.223,48.24,27.99
"2025-01-17 12:00:00",12391,12.59,402,0,-0.047,0.53,-1.22,0.047,-0.109,0.032,-0.258,47.58,25.01
"2025-01-17 12:30:00",12392,12.6,402,0,0.125,1.08,0.38,0.096,0.033,0.083,-0.201,48.88,27.8
"2025-01-17 13:00:00",12393,12.6,402,0,0.236,1.76,1.03,0.156,0.091,0.116,-0.162,49.84,26.86
"2025-01-17 13:30:00",12394,12.6,402,0,0.369,2,2.45,0.177,0.217,0.141,-0.053,52.83,29.56
"2025-01-17 14:00:00",12395,12.6,402,0,0.359,1.91,2.43,0.169,0.215,0.133,-0.037,52.45,31.95
"2025-01-17 14:30:00",12396,12.61,402,0,0.306,1.35,2.39,0.119,0.212,0.095,-0.007,50.86,32.67
"2025-01-17 15:00:00",12397,12.61,402,0,0.356,1.36,3.02,0.12,0.267,0.1,0.084,53.77,32.95
"2025-01-17 15:30:00",12398,12.61,402,0,0.346,1.39,2.86,0.123,0.253,0.097,0.064,54.61,34.78
"2025-01-17 16:00:00",12399,12.61,402,0,0.276,1.11,2.27,0.099,0.201,0.07,0,54,35.4
"2025-01-17 16:30:00",12400,12.6,402,0,0.201,0.69,1.79,0.061,0.158,0.039,-0.019,52.89,34.93
"2025-01-17 17:00:00",12401,12.6,402,0,0.178,0.59,1.61,0.052,0.143,0.033,-0.014,53.54,35.58
"2025-01-17 17:30:00",12402,12.6,402,0,0.184,0.48,1.81,0.043,0.16,0.023,0.019,54.34,36.37
"2025-01-17 18:00:00",12403,12.59,402,0,0.119,0.24,1.25,0.021,0.111,0.007,0.018,54.32,37.9
"2025-01-17 18:30:00",12404,12.58,402,0,0.082,0.15,0.88,0.013,0.078,0,0.009,53.11,37.36
"2025-01-17 19:00:00",12405,12.57,402,0,0.049,0.29,0.3,0.026,0.026,0.019,-0.04,51.46,33.91
"2025-01-17 19:30:00",12406,12.57,402,0,0.009,0.1,0,0.009,0,0,-0.061,50.21,31.99
"2025-01-17 20:00:00",12407,12.57,402,0,0.033,0.31,0.07,0.028,0.006,0.014,-0.076,52.3,33.25
"2025-01-17 20:30:00",12408,12.56,402,0,0.025,0.4,-0.13,0.035,-0.013,0.033,-0.08,50.07,32.42
"2025-01-17 21:00:00",12409,12.56,402,0,0.025,0.22,0.07,0.02,0.006,0.028,-0.071,50.4,33.97
"2025-01-17 21:30:00",12410,12.55,402,0,-0.089,-0.21,-0.92,-0.019,-0.083,-0.018,-0.151,50.8,32.42
"2025-01-17 22:00:00",12411,12.55,402,0,-0.045,0.05,-0.64,0.004,-0.058,0,-0.156,56.76,32.62
"2025-01-17 22:30:00",12412,12.54,402,0,-0.017,-0.03,-0.2,-0.004,-0.019,-0.007,-0.124,56,33.25
"2025-01-17 23:00:00",12413,12.54,402,0,-0.011,0.04,-0.2,0.004,-0.019,0.004,-0.131,57.69,33.96
"2025-01-17 23:30:00",12414,12.54,402,0,0.016,0.12,0.07,0.011,0.006,0.014,-0.087,58.26,35.09
"2025-01-18 00:00:00",12415,12.54,402,0,-0.021,0.08,-0.37,0.007,-0.034,0.003,-0.108,59.05,35.05
"2025-01-18 00:30:00",12416,12.53,402,0,-0.053,0.04,-0.74,0.003,-0.066,-0.003,-0.138,58.48,36.55
"2025-01-18 01:00:00",12417,12.53,402,0,0.006,0.11,-0.05,0.01,-0.005,0.01,-0.071,57.51,38.86
"2025-01-18 01:30:00",12418,12.54,402,0,-0.029,0,-0.39,0,-0.035,0,-0.097,59.56,39.01
"2025-01-18 02:00:00",12419,12.53,402,0,-0.041,0,-0.54,0,-0.049,-0.007,-0.108,58.8,41.39
"2025-01-18 02:30:00",12420,12.53,402,0,-0.04,0,-0.52,0,-0.047,0,-0.1,58.43,42.26
"2025-01-18 03:00:00",12421,12.54,402,0,-0.019,-0.1,-0.14,-0.01,-0.013,-0.009,-0.075,60.06,44.47
"2025-01-18 03:30:00",12422,12.53,402,0,-0.013,-0.03,-0.14,-0.003,-0.013,0,-0.058,59.27,46.14
"2025-01-18 04:00:00",12423,12.54,402,0,-0.006,0,-0.09,0,-0.009,0,-0.056,60.96,47.26
"2025-01-18 04:30:00",12424,12.53,402,0,-0.039,-0.17,-0.32,-0.016,-0.029,-0.013,-0.07,59.24,47.19
"2025-01-18 05:00:00",12425,12.53,402,0,-0.024,-0.13,-0.17,-0.012,-0.016,-0.012,-0.053,58.94,45.81
"2025-01-18 05:30:00",12426,12.53,402,0,-0.025,-0.06,-0.26,-0.006,-0.024,-0.006,-0.056,61.51,45.91
"2025-01-18 06:00:00",12427,12.54,402,0,-0.017,-0.1,-0.12,-0.009,-0.012,-0.012,-0.053,61.13,47.29
"2025-01-18 06:30:00",12428,12.53,402,0,-0.02,-0.03,-0.23,-0.004,-0.022,-0.004,-0.069,61.74,46.4
"2025-01-18 07:00:00",12429,12.54,402,0,-0.02,0.05,-0.32,0.004,-0.029,-0.004,-0.087,56.12,42.69
"2025-01-18 07:30:00",12430,12.54,402,0,0.015,0.45,-0.32,0.039,-0.029,0.016,-0.121,52.55,37.05
"2025-01-18 08:00:00",12431,12.54,402,0,-0.008,0.38,-0.54,0.033,-0.049,0,-0.148,51.38,32.09
"2025-01-18 08:30:00",12432,12.54,402,0,-0.056,-0.15,-0.56,-0.014,-0.051,-0.032,-0.175,48.77,28.08
"2025-01-18 09:00:00",12433,12.54,402,0,-0.053,-0.21,-0.45,-0.02,-0.041,-0.026,-0.189,45.92,27.97
"2025-01-18 09:30:00",12434,12.55,402,0,0.071,0.93,-0.14,0.082,-0.013,0.069,-0.209,45.53,25.12
"2025-01-18 10:00:00",12435,12.55,402,0,-0.003,0.41,-0.51,0.037,-0.046,0.02,-0.238,48.01,24.05
"2025-01-18 10:30:00",12436,12.55,402,0,-0.022,0.27,-0.6,0.024,-0.054,0.009,-0.267,47.8,24.66
"2025-01-18 11:00:00",12437,12.55,402,0,0.04,0.45,0,0.039,0,0.025,-0.212,48.6,26.71
"2025-01-18 11:30:00",12438,12.55,402,0,0.11,0.57,0.76,0.051,0.067,0.034,-0.134,50.92,27.13
"2025-01-18 12:00:00",12439,12.56,402,0,0.144,0.66,1.1,0.058,0.097,0.04,-0.065,53.02,30.98
"2025-01-18 12:30:00",12440,12.57,402,0,0.124,0.51,1.01,0.045,0.09,0.034,-0.038,56.51,34.39
"2025-01-18 13:00:00",12441,12.57,402,0,0.13,0.5,1.1,0.045,0.097,0.026,-0.012,52.47,35.68
"2025-01-18 13:30:00",12442,12.57,402,0,0.119,0.53,0.92,0.047,0.081,0.027,-0.027,55.65,37.86
"2025-01-18 14:00:00",12443,12.57,402,0,0.082,0.32,0.69,0.028,0.061,0.017,-0.036,55.44,38.07
"2025-01-18 14:30:00",12444,12.57,402,0,0.066,0.26,0.55,0.023,0.049,0.01,-0.031,55.74,38.63
"2025-01-18 15:00:00",12445,12.57,402,0,0.062,0.23,0.53,0.02,0.047,0.012,-0.024,57.2,40.08
"2025-01-18 15:30:00",12446,12.57,402,0,0.049,0.11,0.5,0.01,0.045,0,-0.023,56.31,40.02
"2025-01-18 16:00:00",12447,12.57,402,0,0.023,-0.05,0.35,-0.005,0.031,-0.01,-0.032,55.05,41.22
"2025-01-18 16:30:00",12448,12.56,402,0,0.008,-0.1,0.21,-0.01,0.019,-0.019,-0.041,55.59,40.68
"2025-01-18 17:00:00",12449,12.56,402,0,0,-0.05,0.04,-0.005,0.004,-0.012,-0.044,54.32,42.29
"2025-01-18 17:30:00",12450,12.56,402,0,0,-0.08,0.09,-0.008,0.008,-0.015,-0.041,53.09,41.47
"2025-01-18 18:00:00",12451,12.55,402,0,0.008,-0.02,0.12,-0.003,0.011,-0.01,-0.037,55.06,41.54
"2025-01-18 18:30:00",12452,12.55,402,0,-0.008,-0.1,0,-0.01,0,-0.017,-0.043,55.37,43.33
"2025-01-18 19:00:00",12453,12.55,402,0,-0.005,-0.1,0.04,-0.01,0.004,-0.014,-0.04,56.81,42.47
"2025-01-18 19:30:00",12454,12.54,402,0,-0.009,-0.11,0,-0.01,0,-0.02,-0.04,55.24,41.97
"2025-01-18 20:00:00",12455,12.54,402,0,-0.016,-0.16,-0.03,-0.015,-0.004,-0.022,-0.04,56.09,42.15
"2025-01-18 20:30:00",12456,12.54,402,0,-0.014,-0.11,-0.07,-0.01,-0.007,-0.015,-0.049,56.01,42.74
"2025-01-18 21:00:00",12457,12.54,402,0,-0.021,-0.22,-0.03,-0.021,-0.004,-0.025,-0.043,55.66,41.97
"2025-01-18 21:30:00",12458,12.53,402,0,-0.028,-0.19,-0.16,-0.018,-0.015,-0.025,-0.05,54.99,42.13
"2025-01-18 22:00:00",12459,12.53,402,0,-0.033,-0.25,-0.15,-0.023,-0.014,-0.029,-0.049,55.5,43.05
"2025-01-18 22:30:00",12460,12.52,402,0,-0.024,-0.22,-0.07,-0.021,-0.007,-0.027,-0.046,55.14,41.87
"2025-01-18 23:00:00",12461,12.52,402,0,-0.032,-0.28,-0.11,-0.026,-0.011,-0.03,-0.049,55.12,43.48
"2025-01-18 23:30:00",12462,12.52,402,0,-0.036,-0.28,-0.15,-0.026,-0.014,-0.032,-0.055,55.45,43.57
"2025-01-19 00:00:00",12463,12.52,402,0,-0.042,-0.28,-0.23,-0.025,-0.021,-0.029,-0.059,56.81,43.53
"2025-01-19 00:30:00",12464,12.52,402,0,-0.027,-0.22,-0.11,-0.021,-0.011,-0.027,-0.046,54.95,44.3
"2025-01-19 01:00:00",12465,12.51,402,0,-0.05,-0.3,-0.31,-0.028,-0.028,-0.027,-0.047,56.29,43.42
"2025-01-19 01:30:00",12466,12.51,402,0,-0.045,-0.28,-0.27,-0.025,-0.025,-0.027,-0.05,55.85,43.8
"2025-01-19 02:00:00",12467,12.51,402,0,-0.055,-0.23,-0.45,-0.021,-0.041,-0.023,-0.08,54.42,40.74
"2025-01-19 02:30:00",12468,12.5,402,0,-0.059,-0.27,-0.46,-0.025,-0.042,-0.029,-0.089,52.78,39.35
"2025-01-19 03:00:00",12469,12.51,402,0,-0.076,-0.22,-0.74,-0.02,-0.067,-0.027,-0.109,51.87,38.44
"2025-01-19 03:30:00",12470,12.51,402,0,-0.068,-0.25,-0.6,-0.023,-0.054,-0.022,-0.113,50.89,38.02
"2025-01-19 04:00:00",12471,12.5,402,0,-0.045,-0.16,-0.41,-0.015,-0.037,-0.028,-0.121,51.13,37.69
"2025-01-19 04:30:00",12472,12.5,402,0,-0.014,-0.09,-0.09,-0.009,-0.009,-0.014,-0.075,52.54,39.26
"2025-01-19 05:00:00",12473,12.5,402,0,-0.039,-0.32,-0.15,-0.029,-0.014,-0.033,-0.089,51.52,38.65
"2025-01-19 05:30:00",12474,12.5,402,0,-0.028,-0.19,-0.15,-0.017,-0.014,-0.025,-0.085,52.29,38.6
"2025-01-19 06:00:00",12475,12.49,402,0,-0.028,-0.06,-0.3,-0.006,-0.027,-0.014,-0.087,53.05,40.03
"2025-01-19 06:30:00",12476,12.49,402,0,-0.051,-0.22,-0.41,-0.02,-0.037,-0.025,-0.092,53.76,37.6
"2025-01-19 07:00:00",12477,12.5,402,0,-0.07,-0.25,-0.63,-0.023,-0.056,-0.028,-0.11,53.05,38.95
"2025-01-19 07:30:00",12478,12.49,402,0,-0.065,-0.27,-0.54,-0.025,-0.049,-0.026,-0.119,49.34,35.65
"2025-01-19 08:00:00",12479,12.5,402,0,-0.087,-0.32,-0.76,-0.029,-0.068,-0.033,-0.142,49.51,33.5
"2025-01-19 08:30:00",12480,12.5,402,0,-0.036,0.22,-0.72,0.02,-0.065,0.006,-0.182,48.61,29.42
"2025-01-19 09:00:00",12481,12.5,402,0,-0.088,-0.1,-1.03,-0.009,-0.092,-0.02,-0.176,50.04,28.69
"2025-01-19 09:30:00",12482,12.5,402,0,-0.055,0.06,-0.79,0.005,-0.07,-0.013,-0.135,52.78,31.96
"2025-01-19 10:00:00",12483,12.5,402,0,-0.054,-0.25,-0.42,-0.023,-0.038,-0.027,-0.084,55.52,38.8
"2025-01-19 10:30:00",12484,12.51,402,0,-0.023,-0.1,-0.19,-0.01,-0.018,-0.016,-0.062,58.91,43.59
"2025-01-19 11:00:00",12485,12.5,402,0,-0.038,-0.24,-0.23,-0.022,-0.021,-0.024,-0.054,57.09,41.93
"2025-01-19 11:30:00",12486,12.51,402,0,-0.029,-0.18,-0.18,-0.017,-0.017,-0.023,-0.056,58.56,43.25
"2025-01-19 12:00:00",12487,12.51,402,0,-0.025,-0.14,-0.18,-0.013,-0.017,-0.02,-0.047,56.15,44.12
"2025-01-19 12:30:00",12488,12.52,402,0,-0.046,-0.31,-0.25,-0.028,-0.023,-0.029,-0.049,54.66,44.69
"2025-01-19 13:00:00",12489,12.51,402,0,-0.033,-0.26,-0.14,-0.024,-0.013,-0.028,-0.044,54.66,45.36
"2025-01-19 13:30:00",12490,12.52,402,0,-0.013,-0.1,-0.06,-0.01,-0.006,-0.015,-0.037,56.06,44.6
"2025-01-19 14:00:00",12491,12.52,402,0,-0.021,-0.19,-0.06,-0.018,-0.006,-0.022,-0.037,55.64,45.52
"2025-01-19 14:30:00",12492,12.52,402,0,-0.013,-0.13,-0.03,-0.013,-0.003,-0.017,-0.037,56.18,46.2
"2025-01-19 15:00:00",12493,12.52,402,0,-0.031,-0.25,-0.13,-0.023,-0.013,-0.024,-0.04,55.86,46.71
"2025-01-19 15:30:00",12494,12.51,402,0,-0.024,-0.19,-0.1,-0.018,-0.009,-0.024,-0.034,55.89,45.92
"2025-01-19 16:00:00",12495,12.51,402,0,-0.026,-0.22,-0.1,-0.02,-0.009,-0.027,-0.037,56.07,46.77
"2025-01-19 16:30:00",12496,12.51,402,0,-0.037,-0.34,-0.1,-0.031,-0.009,-0.032,-0.037,56.17,46.86
"2025-01-19 17:00:00",12497,12.51,402,0,-0.039,-0.34,-0.13,-0.031,-0.013,-0.032,-0.04,56.89,47.48
"2025-01-19 17:30:00",12498,12.5,402,0,-0.042,-0.31,-0.2,-0.028,-0.019,-0.027,-0.037,54.01,45.28
"2025-01-19 18:00:00",12499,12.51,402,0,-0.073,-0.56,-0.31,-0.051,-0.029,-0.048,-0.052,54.22,45.07
"2025-01-19 18:30:00",12500,12.5,402,0,-0.032,-0.28,-0.1,-0.026,-0.01,-0.027,-0.026,56.82,45.04
"2025-01-19 19:00:00",12501,12.5,402,0,-0.028,-0.28,-0.06,-0.026,-0.006,-0.025,-0.029,55.03,46.85
"2025-01-19 19:30:00",12502,12.5,402,0,-0.043,-0.28,-0.24,-0.026,-0.022,-0.028,-0.046,54.57,45.98
"2025-01-19 20:00:00",12503,12.49,402,0,-0.037,-0.28,-0.17,-0.026,-0.016,-0.03,-0.054,57.42,47.44
"2025-01-19 20:30:00",12504,12.49,402,0,-0.056,-0.4,-0.28,-0.036,-0.025,-0.037,-0.052,55.77,47.84
"2025-01-19 21:00:00",12505,12.49,402,0,-0.04,-0.28,-0.21,-0.026,-0.019,-0.027,-0.037,55,46.82
"2025-01-19 21:30:00",12506,12.48,402,0,-0.038,-0.35,-0.1,-0.032,-0.01,-0.03,-0.035,53.56,49.19
"2025-01-19 22:00:00",12507,12.48,402,0,-0.122,-0.68,-0.8,-0.061,-0.071,-0.058,-0.07,55.56,48.05
"2025-01-19 22:30:00",12508,12.47,402,0,-0.146,-0.78,-1,-0.07,-0.09,-0.063,-0.09,54.08,45.49
"2025-01-19 23:00:00",12509,12.47,402,0,-0.1,-0.62,-0.59,-0.056,-0.053,-0.054,-0.059,54.1,45.35
"2025-01-19 23:30:00",12510,12.47,402,0,-0.06,-0.24,-0.51,-0.022,-0.046,-0.028,-0.061,55.58,43.53
"2025-01-20 00:00:00",12511,12.47,402,0,-0.077,-0.43,-0.51,-0.039,-0.046,-0.041,-0.062,55.73,43.02
"2025-01-20 00:30:00",12512,12.46,402,0,-0.047,-0.22,-0.36,-0.02,-0.032,-0.026,-0.054,53.19,38.67
"2025-01-20 01:00:00",12513,12.47,402,0,-0.046,-0.07,-0.52,-0.007,-0.047,-0.01,-0.095,54.61,39.01
"2025-01-20 01:30:00",12514,12.46,402,0,-0.086,-0.32,-0.75,-0.029,-0.067,-0.032,-0.098,51.39,35.47
"2025-01-20 02:00:00",12515,12.46,402,0,-0.07,-0.08,-0.82,-0.008,-0.074,-0.004,-0.108,55.62,36.98
"2025-01-20 02:30:00",12516,12.46,402,0,-0.077,-0.03,-0.97,-0.004,-0.087,-0.007,-0.117,53.86,34.65
"2025-01-20 03:00:00",12517,12.45,402,0,-0.083,-0.37,-0.65,-0.034,-0.058,-0.029,-0.119,56,36.29
"2025-01-20 03:30:00",12518,12.45,402,0,-0.067,-0.08,-0.78,-0.008,-0.07,-0.015,-0.13,55.5,35.21
"2025-01-20 04:00:00",12519,12.45,402,0,-0.001,0.17,-0.22,0.015,-0.021,0.018,-0.096,56.12,35.68
"2025-01-20 04:30:00",12520,12.45,402,0,-0.066,0,-0.86,0,-0.077,-0.004,-0.14,60.46,35.63
"2025-01-20 05:00:00",12521,12.44,402,0,-0.06,-0.12,-0.64,-0.012,-0.058,0.004,-0.105,55.46,35.99
"2025-01-20 05:30:00",12522,12.45,402,0,-0.01,0.13,-0.29,0.012,-0.027,0.019,-0.104,56.56,36.93
"2025-01-20 06:00:00",12523,12.44,402,0,-0.009,0.27,-0.44,0.024,-0.04,0.028,-0.118,56.07,34.8
"2025-01-20 06:30:00",12524,12.44,402,0,0,0.32,-0.38,0.028,-0.034,0.028,-0.101,60.06,35.23
"2025-01-20 07:00:00",12525,12.44,402,0,0.057,0.41,0.26,0.036,0.023,0.039,-0.049,54,36.43
"2025-01-20 07:30:00",12526,12.44,402,0,-0.001,0.18,-0.23,0.016,-0.022,0.024,-0.08,57.48,36.35
"2025-01-20 08:00:00",12527,12.43,402,0,-0.044,0.14,-0.73,0.012,-0.066,0.016,-0.134,55.84,37.6
"2025-01-20 08:30:00",12528,12.44,402,0,-0.02,0.18,-0.47,0.016,-0.042,0.024,-0.117,56.91,38.68
"2025-01-20 09:00:00",12529,12.44,402,0,0.003,0.28,-0.28,0.024,-0.026,0.024,-0.089,56.45,37.38
"2025-01-20 09:30:00",12530,12.44,402,0,-0.01,0.19,-0.35,0.017,-0.032,0.021,-0.095,63.51,38.11
"2025-01-20 10:00:00",12531,12.44,402,0,-0.04,-0.15,-0.36,-0.014,-0.033,-0.019,-0.113,64.31,37.02
"2025-01-20 10:30:00",12532,12.44,402,0,0.026,0.51,-0.24,0.045,-0.022,-99,-0.103,-99,36.09
"2025-01-20 11:00:00",12533,12.44,402,0,-0.042,-0.16,-0.37,-0.015,-0.034,-0.02,-0.121,70.37,35.41
"2025-01-20 11:30:00",12534,12.44,402,0,-0.06,-0.2,-0.56,-0.019,-0.05,-0.042,-0.146,64.53,31.9
"2025-01-20 12:00:00",12535,12.45,402,0,-0.089,-0.35,-0.75,-0.032,-0.067,-0.054,-0.165,53.53,30.78
"2025-01-20 12:30:00",12536,12.44,402,0,-0.058,-0.2,-0.53,-0.019,-0.048,-0.048,-0.154,50.95,31.9
"2025-01-20 13:00:00",12537,12.45,402,0,0.036,0.69,-0.32,0.061,-0.029,0.025,-0.162,52.69,33.08
"2025-01-20 13:30:00",12538,12.45,402,0,0.006,0.61,-0.62,0.054,-0.056,0,-0.175,51.03,29.52
"2025-01-20 14:00:00",12539,12.45,402,0,0,0.55,-0.63,0.049,-0.057,0.019,-0.183,49.29,30.92
"2025-01-20 14:30:00",12540,12.45,402,0,-0.002,0.56,-0.67,0.05,-0.06,0.019,-0.178,48.71,28.57
"2025-01-20 15:00:00",12541,12.45,402,0,-0.044,0,-0.57,0,-0.052,-0.013,-0.191,48.11,29.22
"2025-01-20 15:30:00",12542,12.45,402,0,0.049,0.77,-0.25,0.069,-0.023,0.048,-0.162,49.04,33.04
"2025-01-20 16:00:00",12543,12.45,402,0,0.053,0.72,-0.14,0.064,-0.013,0.056,-0.124,51.57,33.91
"2025-01-20 16:30:00",12544,12.45,402,0,-0.029,0.13,-0.53,0.011,-0.048,0.019,-0.115,54.46,33.92
"2025-01-20 17:00:00",12545,12.44,402,0,0.038,0.22,0.24,0.02,0.022,0.023,-0.058,53.59,37.83
"2025-01-20 17:30:00",12546,12.44,402,0,-0.008,0.14,-0.28,0.012,-0.026,0.016,-0.093,54.94,40.26
"2025-01-20 18:00:00",12547,12.43,402,0,-0.008,0.1,-0.23,0.009,-0.021,0.008,-0.084,53.92,41.86
"2025-01-20 18:30:00",12548,12.43,402,0,0.005,0.15,-0.11,0.013,-0.011,0.013,-0.074,53.43,39.46
"2025-01-20 19:00:00",12549,12.43,402,0,-0.043,-0.09,-0.46,-0.009,-0.041,-0.004,-0.073,50.58,38.52
"2025-01-20 19:30:00",12550,12.42,402,0,0.014,-0.05,0.23,-0.005,0.02,-0.009,-0.044,48.58,38.43
"2025-01-20 20:00:00",12551,12.41,402,0,-0.033,0,-0.44,0,-0.04,-0.018,-0.086,47.99,41.28
"2025-01-20 20:30:00",12552,12.41,402,0,-0.011,-0.05,-0.1,-0.005,-0.01,-0.024,-0.067,47.98,39.63
"2025-01-20 21:00:00",12553,12.41,402,0,-0.025,-0.11,-0.21,-0.011,-0.02,-0.038,-0.054,47.15,39.88
"2025-01-20 21:30:00",12554,12.41,402,0,-0.051,-0.3,-0.32,-0.028,-0.029,-0.059,-0.068,43.95,39.06
"2025-01-20 22:00:00",12555,12.4,402,0,-0.067,-0.44,-0.37,-0.039,-0.033,-0.076,-0.066,47,39.62
"2025-01-20 22:30:00",12556,12.4,402,0,-0.079,-0.44,-0.52,-0.04,-0.047,-0.077,-0.082,45.05,38.34
"2025-01-20 23:00:00",12557,12.39,402,0,-0.079,-0.44,-0.53,-0.039,-0.048,-0.072,-0.087,47.15,37.72
"2025-01-20 23:30:00",12558,12.4,402,0,-0.09,-0.38,-0.73,-0.034,-0.065,-0.073,-0.105,45.29,37.2
"2025-01-21 00:00:00",12559,12.39,402,0,-0.079,-0.18,-0.82,-0.017,-0.073,-0.051,-0.119,46.71,35.72
"2025-01-21 00:30:00",12560,12.39,402,0,-0.076,-0.24,-0.71,-0.022,-0.064,-0.04,-0.088,47.58,34.54
"2025-01-21 01:00:00",12561,12.38,402,0,-0.04,-0.1,-0.41,-0.01,-0.037,-0.023,-0.056,49.11,34.57
"2025-01-21 01:30:00",12562,12.38,402,0,-0.012,0.1,-0.28,0.009,-0.026,-0.009,-0.033,47.31,35.25
"2025-01-21 02:00:00",12563,12.38,402,0,-0.011,0.05,-0.21,0.004,-0.02,-0.008,-0.04,47.06,35.41
"2025-01-21 02:30:00",12564,12.38,402,0,-0.015,0,-0.21,0,-0.019,-0.008,-0.032,45.2,35.76
"2025-01-21 03:00:00",12565,12.38,402,0,-0.006,0.05,-0.15,0.004,-0.014,0,-0.03,43.1,35.15
"2025-01-21 03:30:00",12566,12.37,402,0,-0.014,0.04,-0.24,0.004,-0.022,0,-0.029,41.77,35.47
"2025-01-21 04:00:00",12567,12.37,402,0,-0.006,0,-0.09,0,-0.009,-0.003,-0.025,42.15,34.62
"2025-01-21 04:30:00",12568,12.36,402,0,-0.012,-0.03,-0.13,-0.004,-0.013,-0.006,-0.024,41.8,34.84
"2025-01-21 05:00:00",12569,12.37,402,0,-0.002,0.08,-0.13,0.007,-0.013,0.003,-0.024,39.63,34.17
"2025-01-21 05:30:00",12570,12.36,402,0,-0.006,0.04,-0.13,0.003,-0.012,0,-0.02,38.6,33.96
"2025-01-21 06:00:00",12571,12.36,402,0,-0.012,-0.03,-0.13,-0.003,-0.012,0,-0.02,39.05,34
"2025-01-21 06:30:00",12572,12.35,402,0,-0.005,0.04,-0.12,0.003,-0.012,0.003,-0.022,38.59,33.29
"2025-01-21 07:00:00",12573,12.36,402,0,0,0.07,-0.08,0.006,-0.008,0.005,-0.016,37.77,32.46
"2025-01-21 07:30:00",12574,12.36,402,0,-0.008,-0.03,-0.08,-0.003,-0.008,0.003,-0.016,36.94,32.72
"2025-01-21 08:00:00",12575,12.35,402,0,-0.008,0,-0.12,0,-0.012,0.003,-0.019,37.72,32.67
"2025-01-21 08:30:00",12576,12.36,402,0,-0.011,-0.06,-0.08,-0.006,-0.008,-0.003,-0.016,38.8,32.66
"2025-01-21 09:00:00",12577,12.36,402,0,-0.022,-0.07,-0.21,-0.007,-0.019,-0.006,-0.019,38.42,32.29
"2025-01-21 09:30:00",12578,12.36,402,0,-0.021,-0.11,-0.16,-0.01,-0.015,-0.015,-0.022,38.95,33.07
"2025-01-21 10:00:00",12579,12.37,402,0,-0.009,0.04,-0.17,0.004,-0.016,-0.006,-0.022,39.63,33.34
"2025-01-21 10:30:00",12580,12.36,402,0,-0.005,0.08,-0.17,0.007,-0.016,-0.013,-0.025,41.2,32.44
"2025-01-21 11:00:00",12581,12.37,402,0,-0.041,-0.36,-0.13,-0.033,-0.012,-0.039,-0.023,41.39,33.05
"2025-01-21 11:30:00",12582,12.38,402,0,-0.055,-0.43,-0.23,-0.039,-0.021,-0.042,-0.029,40.61,33.35
"2025-01-21 12:00:00",12583,12.38,402,0,-0.013,0.05,-0.23,0.004,-0.021,-0.015,-0.03,44.27,33.87
"2025-01-21 12:30:00",12584,12.38,402,0,-0.034,-0.19,-0.23,-0.018,-0.022,-0.035,-0.03,42.08,33.73
"2025-01-21 13:00:00",12585,12.38,402,0,-0.017,0,-0.23,0,-0.021,-0.016,-0.033,44.02,33.77
"2025-01-21 13:30:00",12586,12.38,402,0,-0.045,-0.31,-0.24,-0.028,-0.022,-0.038,-0.034,43.77,33.78
"2025-01-21 14:00:00",12587,12.38,402,0,-0.06,-0.43,-0.29,-0.039,-0.026,-0.053,-0.038,42.41,33.09
"2025-01-21 14:30:00",12588,12.38,402,0,-0.032,-0.2,-0.19,-0.019,-0.018,-0.037,-0.031,42.44,34.35
"2025-01-21 15:00:00",12589,12.39,402,0,-0.04,-0.3,-0.19,-0.028,-0.017,-0.037,-0.031,41.62,34.77
"2025-01-21 15:30:00",12590,12.38,402,0,-0.053,-0.4,-0.24,-0.036,-0.022,-0.04,-0.034,42.04,34.36
"2025-01-21 16:00:00",12591,12.38,402,0,-0.031,-0.19,-0.19,-0.017,-0.017,-0.027,-0.027,41,34.3
"2025-01-21 16:30:00",12592,12.38,402,0,-0.013,0,-0.18,0,-0.017,-0.015,-0.027,42.61,34.26
"2025-01-21 17:00:00",12593,12.37,402,0,-0.013,0,-0.18,0,-0.017,-0.014,-0.033,42.29,33.12
"2025-01-21 17:30:00",12594,12.37,402,0,-0.006,0.04,-0.13,0.004,-0.012,-0.003,-0.026,41.27,33.07
"2025-01-21 18:00:00",12595,12.37,402,0,-0.009,0,-0.13,0,-0.012,-0.007,-0.023,41.2,33.12
"2025-01-21 18:30:00",12596,12.37,402,0,-0.015,-0.03,-0.17,-0.004,-0.016,-0.006,-0.026,40.86,33.07
"2025-01-21 19:00:00",12597,12.37,402,0,-0.002,0.08,-0.13,0.007,-0.012,-0.003,-0.023,41.06,32.86
"2025-01-21 19:30:00",12598,12.36,402,0,-0.002,0.08,-0.13,0.007,-0.012,-0.003,-0.02,39.99,32.62
"2025-01-21 20:00:00",12599,12.36,402,0,-0.009,0,-0.13,0,-0.012,-0.006,-0.019,40.09,33.8
"2025-01-21 20:30:00",12600,12.36,402,0,-0.006,0.04,-0.13,0.003,-0.012,0.003,-0.022,39.01,32.72
"2025-01-21 21:00:00",12601,12.36,402,0,-0.011,-0.03,-0.12,-0.003,-0.012,-0.006,-0.019,38.24,32.51
"2025-01-21 21:30:00",12602,12.36,402,0,-0.011,-0.03,-0.12,-0.003,-0.012,0,-0.019,38.75,32.62
"2025-01-21 22:00:00",12603,12.35,402,0,0.007,0.15,-0.08,0.013,-0.008,0.005,-0.016,38.96,32.26
"2025-01-21 22:30:00",12604,12.35,402,0,-0.005,0.04,-0.12,0.003,-0.012,0.003,-0.019,38.03,32.15
"2025-01-21 23:00:00",12605,12.35,402,0,-0.014,-0.03,-0.16,-0.003,-0.015,0,-0.016,37.65,31.78
"2025-01-21 23:30:00",12606,12.34,402,0,-0.017,-0.06,-0.16,-0.006,-0.015,-0.003,-0.018,37.55,32.5
"2025-01-22 00:00:00",12607,12.35,402,0,-0.004,-0.03,-0.03,-0.003,-0.004,-0.003,-0.016,36.42,31.78
"2025-01-22 00:30:00",12608,12.35,402,0,-0.014,-0.06,-0.12,-0.006,-0.011,-0.005,-0.018,37.15,31.84
"2025-01-22 01:00:00",12609,12.35,402,0,-0.002,0.07,-0.12,0.006,-0.011,0.005,-0.016,37.61,31.89
"2025-01-22 01:30:00",12610,12.34,402,0,-0.008,0,-0.12,0,-0.011,0,-0.018,36.58,32.2
"2025-01-22 02:00:00",12611,12.34,402,0,-0.008,-0.03,-0.08,-0.003,-0.008,0.003,-0.018,36.95,31.9
"2025-01-22 02:30:00",12612,12.34,402,0,-0.008,-0.03,-0.08,-0.003,-0.008,-0.003,-0.015,35.92,31.95
"2025-01-22 03:00:00",12613,12.34,402,0,-0.011,-0.03,-0.12,-0.003,-0.011,0.003,-0.018,35.97,31.59
"2025-01-22 03:30:00",12614,12.34,402,0,-0.007,-0.02,-0.08,-0.003,-0.008,0,-0.015,35.61,31.38
"2025-01-22 04:00:00",12615,12.34,402,0,-0.011,-0.06,-0.08,-0.006,-0.008,-0.002,-0.015,34.38,31.39
"2025-01-22 04:30:00",12616,12.34,402,0,-0.011,-0.06,-0.08,-0.006,-0.008,0,-0.013,35.66,31.17
"2025-01-22 05:00:00",12617,12.33,402,0,-0.007,-0.02,-0.08,-0.003,-0.008,0.002,-0.013,34.22,31.07
"2025-01-22 05:30:00",12618,12.33,402,0,-0.014,-0.06,-0.12,-0.006,-0.011,0.002,-0.018,34.36,31.53
"2025-01-22 06:00:00",12619,12.33,402,0,-0.012,-0.09,-0.07,-0.009,-0.008,0,-0.012,35,31.44
"2025-01-22 06:30:00",12620,12.33,402,0,-0.009,-0.09,-0.03,-0.009,-0.004,0,-0.012,34.06,31.07
"2025-01-22 07:00:00",12621,12.33,402,0,-0.014,-0.06,-0.12,-0.006,-0.011,0,-0.015,33.66,30.82
"2025-01-22 07:30:00",12622,12.33,402,0,-0.007,-0.06,-0.03,-0.006,-0.004,0,-0.012,34.22,31.23
"2025-01-22 08:00:00",12623,12.33,402,0,-0.009,-0.02,-0.11,-0.003,-0.011,0.002,-0.017,33.66,31.65
"2025-01-22 08:30:00",12624,12.33,402,0,-0.015,-0.12,-0.07,-0.012,-0.007,0,-0.012,34.57,31.73
"2025-01-22 09:00:00",12625,12.32,402,0,-0.013,-0.06,-0.11,-0.006,-0.011,-0.002,-0.015,34.47,31.32
"2025-01-22 09:30:00",12626,12.32,402,0,-0.019,-0.13,-0.11,-0.012,-0.011,-0.005,-0.017,35.9,31.52
"2025-01-22 10:00:00",12627,12.33,402,0,-0.024,-0.14,-0.16,-0.013,-0.015,-0.008,-0.018,36.15,30.94
"2025-01-22 10:30:00",12628,12.33,402,0,-0.044,-0.33,-0.2,-0.03,-0.019,-0.013,-0.015,34.82,31.27
"2025-01-22 11:00:00",12629,12.33,402,0,-0.008,0,-0.12,0,-0.011,-0.003,-0.018,36.6,31.14
"2025-01-22 11:30:00",12630,12.33,402,0,-0.018,-0.07,-0.16,-0.007,-0.015,-0.006,-0.021,36.76,31.45
"2025-01-22 12:00:00",12631,12.33,402,0,-0.021,-0.11,-0.16,-0.011,-0.015,-0.018,-0.021,35.61,31.38
"2025-01-22 12:30:00",12632,12.33,402,0,-0.028,-0.19,-0.16,-0.018,-0.015,-0.024,-0.021,38,31.71
"2025-01-22 13:00:00",12633,12.34,402,0,-0.012,0,-0.17,0,-0.016,-0.016,-0.024,38.41,31.71
"2025-01-22 13:30:00",12634,12.34,402,0,-0.047,-0.39,-0.17,-0.036,-0.016,-0.03,-0.025,38.61,31.65
"2025-01-22 14:00:00",12635,12.35,402,0,-0.019,-0.08,-0.17,-0.008,-0.016,-0.017,-0.027,40.22,31.46
"2025-01-22 14:30:00",12636,12.34,402,0,-0.013,0.04,-0.22,0.004,-0.02,-0.007,-0.025,39.7,31.77
"2025-01-22 15:00:00",12637,12.34,402,0,-0.012,-0.03,-0.13,-0.004,-0.012,-0.01,-0.025,39.4,31.05
"2025-01-22 15:30:00",12638,12.34,402,0,-0.027,-0.08,-0.27,-0.008,-0.024,-0.013,-0.025,38.79,31.94
"2025-01-22 16:00:00",12639,12.34,402,0,-0.012,0,-0.17,0,-0.016,-0.007,-0.025,39.87,32.35
"2025-01-22 16:30:00",12640,12.34,402,0,-0.015,-0.03,-0.17,-0.004,-0.016,-0.013,-0.022,38.22,32.09
"2025-01-22 17:00:00",12641,12.33,402,0,-0.015,-0.03,-0.17,-0.004,-0.016,-0.009,-0.022,38.88,31.36
"2025-01-22 17:30:00",12642,12.33,402,0,-0.013,0,-0.18,0,-0.017,-0.006,-0.022,37.14,31.94
"2025-01-22 18:00:00",12643,12.32,402,0,-0.012,-0.03,-0.13,-0.004,-0.012,-0.003,-0.016,36.31,31.26
"2025-01-22 18:30:00",12644,12.32,402,0,-0.022,-0.14,-0.13,-0.013,-0.012,-0.003,-0.018,36.44,30.98
"2025-01-22 19:00:00",12645,12.31,402,0,-0.011,-0.06,-0.08,-0.006,-0.008,0,-0.016,35,31.18
"2025-01-22 19:30:00",12646,12.3,402,0,-0.017,-0.13,-0.08,-0.013,-0.008,0,-0.015,34.79,31.8
"2025-01-22 20:00:00",12647,12.3,402,0,-0.02,-0.13,-0.12,-0.013,-0.012,-0.002,-0.013,33.4,31.65
"2025-01-22 20:30:00",12648,12.3,402,0,-0.011,-0.06,-0.08,-0.006,-0.008,0.002,-0.015,33.76,31.02
"2025-01-22 21:00:00",12649,12.29,402,0,-0.013,-0.09,-0.08,-0.009,-0.008,0.002,-0.01,33.56,31.4
"2025-01-22 21:30:00",12650,12.29,402,0,-0.014,-0.06,-0.12,-0.006,-0.012,0.002,-0.012,33.01,31.1
"2025-01-22 22:00:00",12651,12.29,402,0,-0.014,-0.06,-0.12,-0.006,-0.012,0.004,-0.015,33.26,30.94
"2025-01-22 22:30:00",12652,12.28,402,0,-0.007,-0.02,-0.08,-0.003,-0.008,0.002,-0.01,33.21,31.2
"2025-01-22 23:00:00",12653,12.28,402,0,-0.02,-0.13,-0.12,-0.012,-0.012,0,-0.015,32.28,30.94
"2025-01-22 23:30:00",12654,12.28,402,0,-0.013,-0.09,-0.08,-0.009,-0.008,0,-0.015,31.88,30.13
"2025-01-23 00:00:00",12655,12.27,402,0,-0.009,-0.09,-0.03,-0.009,-0.004,0.004,-0.01,31.66,30.73
"2025-01-23 00:30:00",12656,12.27,402,0,-0.023,-0.16,-0.12,-0.015,-0.011,0,-0.01,31.87,30.12
"2025-01-23 01:00:00",12657,12.27,402,0,-0.023,-0.16,-0.12,-0.015,-0.011,0,-0.012,31.89,30.55
"2025-01-23 01:30:00",12658,12.27,402,0,-0.017,-0.13,-0.08,-0.012,-0.008,0,-0.012,31.3,30.38
"2025-01-23 02:00:00",12659,12.26,402,0,-0.013,-0.09,-0.08,-0.009,-0.008,0,-0.01,31.53,30.03
"2025-01-23 02:30:00",12660,12.26,402,0,-0.019,-0.12,-0.12,-0.012,-0.011,-0.002,-0.012,31.77,30.59
"2025-01-23 03:00:00",12661,12.26,402,0,-0.019,-0.12,-0.12,-0.012,-0.011,0,-0.014,31.06,29.97
"2025-01-23 03:30:00",12662,12.26,402,0,-0.019,-0.16,-0.08,-0.015,-0.008,0,-0.012,30.59,29.92
"2025-01-23 04:00:00",12663,12.26,402,0,-0.02,-0.13,-0.12,-0.012,-0.011,0,-0.012,30.22,30.12
"2025-01-23 04:30:00",12664,12.26,402,0,-0.028,-0.26,-0.08,-0.024,-0.008,-0.008,-0.014,30.54,29.46
"2025-01-23 05:00:00",12665,12.25,402,0,-0.019,-0.2,-0.03,-0.018,-0.004,-0.009,-0.01,30.86,30.34
"2025-01-23 05:30:00",12666,12.25,402,0,-0.022,-0.2,-0.07,-0.018,-0.007,-0.006,-0.014,29.88,29.93
"2025-01-23 06:00:00",12667,12.25,402,0,-0.03,-0.09,-0.29,-0.009,-0.027,-0.006,-0.024,30.02,29.51
"2025-01-23 06:30:00",12668,12.25,402,0,-0.014,-0.06,-0.12,-0.006,-0.012,0.004,-0.025,30.7,29.92
"2025-01-23 07:00:00",12669,12.25,402,0,-0.016,-0.16,-0.03,-0.015,-0.004,-0.002,-0.02,30.12,29.76
"2025-01-23 07:30:00",12670,12.25,402,0,-0.007,-0.06,-0.03,-0.006,-0.004,0.004,-0.005,30.57,29.49
"2025-01-23 08:00:00",12671,12.25,402,0,0,0,0,0,0,0,-0.019,31.14,30.63
"2025-01-23 08:30:00",12672,12.25,402,0,-0.02,-0.18,-0.07,-0.016,-0.007,-0.004,-0.012,31.28,30.77
"2025-01-23 09:00:00",12673,12.25,402,0,-0.008,-0.05,-0.06,-0.006,-0.007,-0.002,-0.009,32.21,30.45
"2025-01-23 09:30:00",12674,12.26,402,0,-0.018,-0.15,-0.07,-0.014,-0.007,-0.009,-0.014,32.14,30.96
"2025-01-23 10:00:00",12675,12.27,402,0,-0.03,-0.23,-0.14,-0.021,-0.013,-0.007,-0.014,33.57,30.58
"2025-01-23 10:30:00",12676,12.28,402,0,-0.019,-0.09,-0.15,-0.009,-0.014,-0.01,-0.017,34.74,30.52
"2025-01-23 11:00:00",12677,12.29,402,0,-0.045,-0.39,-0.15,-0.036,-0.014,-0.027,-0.02,35.61,30.98
"2025-01-23 11:30:00",12678,12.29,402,0,-0.03,-0.18,-0.19,-0.017,-0.018,-0.023,-0.023,37.41,30.87
"2025-01-23 12:00:00",12679,12.3,402,0,-0.028,-0.19,-0.16,-0.018,-0.015,-0.028,-0.023,38.13,30.77
"2025-01-23 12:30:00",12680,12.3,402,0,-0.023,-0.16,-0.12,-0.015,-0.012,-0.03,-0.029,39.33,30.99
"2025-01-23 13:00:00",12681,12.31,402,0,-0.027,-0.17,-0.17,-0.016,-0.016,-0.028,-0.03,41.54,31.29
"2025-01-23 13:30:00",12682,12.31,402,0,-0.056,-0.4,-0.27,-0.036,-0.025,-0.043,-0.031,39.17,31.24
"2025-01-23 14:00:00",12683,12.31,402,0,-0.025,-0.14,-0.18,-0.013,-0.017,-0.031,-0.031,40.61,31.86
"2025-01-23 14:30:00",12684,12.32,402,0,-0.04,-0.26,-0.23,-0.024,-0.021,-0.042,-0.035,41.4,31.25
"2025-01-23 15:00:00",12685,12.31,402,0,-0.049,-0.27,-0.34,-0.025,-0.031,-0.048,-0.039,40.87,32.12
"2025-01-23 15:30:00",12686,12.31,402,0,-0.043,-0.28,-0.24,-0.025,-0.022,-0.044,-0.045,41.56,31.83
"2025-01-23 16:00:00",12687,12.31,402,0,-0.037,-0.16,-0.3,-0.015,-0.027,-0.039,-0.039,42.18,32.18
"2025-01-23 16:30:00",12688,12.31,402,0,-0.019,-0.1,-0.14,-0.01,-0.013,-0.039,-0.03,42.33,32.19
"2025-01-23 17:00:00",12689,12.31,402,0,-0.022,-0.05,-0.24,-0.005,-0.022,-0.03,-0.039,41.62,32.45
"2025-01-23 17:30:00",12690,12.31,402,0,-0.031,-0.15,-0.24,-0.014,-0.022,-0.037,-0.033,40.63,31.88
"2025-01-23 18:00:00",12691,12.31,402,0,-0.026,-0.09,-0.24,-0.009,-0.022,-0.027,-0.029,40.49,32.29
"2025-01-23 18:30:00",12692,12.3,402,0,-0.013,-0.04,-0.14,-0.004,-0.013,-0.022,-0.029,39.57,31.79
"2025-01-23 19:00:00",12693,12.3,402,0,-0.017,-0.04,-0.19,-0.004,-0.017,-0.017,-0.028,39.57,31.78
"2025-01-23 19:30:00",12694,12.29,402,0,-0.016,-0.03,-0.18,-0.004,-0.017,-0.016,-0.025,37.75,31.62
"2025-01-23 20:00:00",12695,12.29,402,0,-0.016,-0.03,-0.18,-0.004,-0.017,-0.009,-0.022,38.12,31.01
"2025-01-23 20:30:00",12696,12.28,402,0,-0.008,-0.03,-0.08,-0.004,-0.008,-0.009,-0.019,37.42,31.54
"2025-01-23 21:00:00",12697,12.28,402,0,-0.005,0,-0.08,0,-0.008,-0.006,-0.016,37.32,31.44
"2025-01-23 21:30:00",12698,12.27,402,0,-0.012,-0.03,-0.13,-0.003,-0.012,-0.008,-0.019,36.29,30.82
"2025-01-23 22:00:00",12699,12.27,402,0,-0.008,0,-0.12,0,-0.012,-0.003,-0.016,36.04,31.4
"2025-01-23 22:30:00",12700,12.26,402,0,-0.009,0,-0.13,0,-0.012,0,-0.016,35.77,31.54
"2025-01-23 23:00:00",12701,12.27,402,0,-0.008,-0.03,-0.08,-0.003,-0.008,0,-0.016,35.36,30.98
"2025-01-23 23:30:00",12702,12.26,402,0,-0.011,-0.03,-0.12,-0.003,-0.012,0,-0.018,34.94,31.38
"2025-01-24 00:00:00",12703,12.26,402,0,-0.011,-0.03,-0.12,-0.003,-0.012,0,-0.015,34.79,30.98
"2025-01-24 00:30:00",12704,12.26,402,0,-0.014,-0.03,-0.16,-0.003,-0.015,-0.003,-0.02,35.31,30.67
"2025-01-24 01:00:00",12705,12.25,402,0,-0.014,-0.06,-0.12,-0.006,-0.012,0,-0.013,35.01,31.35
"2025-01-24 01:30:00",12706,12.25,402,0,-0.014,-0.06,-0.12,-0.006,-0.011,0,-0.015,34.75,31.09
"2025-01-24 02:00:00",12707,12.25,402,0,-0.014,-0.06,-0.12,-0.006,-0.012,0.002,-0.018,33.73,31
"2025-01-24 02:30:00",12708,12.25,402,0,-0.021,-0.1,-0.17,-0.009,-0.016,-0.002,-0.015,33.27,30.53
"2025-01-24 03:00:00",12709,12.24,402,0,-0.016,-0.09,-0.12,-0.009,-0.011,0,-0.012,34.8,31.24
"2025-01-24 03:30:00",12710,12.24,402,0,-0.019,-0.12,-0.12,-0.012,-0.011,-0.002,-0.017,33.76,30.77
"2025-01-24 04:00:00",12711,12.25,402,0,-0.02,-0.13,-0.12,-0.013,-0.011,0,-0.015,33.51,30.68
"2025-01-24 04:30:00",12712,12.24,402,0,-0.013,-0.09,-0.08,-0.009,-0.008,0,-0.015,32.95,30.37
"2025-01-24 05:00:00",12713,12.24,402,0,-0.012,-0.12,-0.03,-0.012,-0.004,-0.002,-0.012,33.32,30.74
"2025-01-24 05:30:00",12714,12.24,402,0,-0.012,-0.09,-0.07,-0.009,-0.007,-0.002,-0.01,33.02,30.44
"2025-01-24 06:00:00",12715,12.24,402,0,-0.012,-0.09,-0.07,-0.009,-0.008,0,-0.015,33.05,30.73
"2025-01-24 06:30:00",12716,12.24,402,0,-0.006,-0.02,-0.07,-0.003,-0.007,0,-0.012,33.41,30.83
"2025-01-24 07:00:00",12717,12.24,402,0,-0.016,-0.09,-0.12,-0.009,-0.011,-0.002,-0.02,32.53,30.62
"2025-01-24 07:30:00",12718,12.24,402,0,-0.016,-0.09,-0.12,-0.009,-0.011,0,-0.015,33.37,30.79
"2025-01-24 08:00:00",12719,12.23,402,0,0,0.03,-0.03,0.003,-0.004,0.004,-0.012,33.73,31
"2025-01-24 08:30:00",12720,12.24,402,0,-0.016,-0.09,-0.11,-0.009,-0.011,-0.002,-0.014,32.89,30.31
"2025-01-24 09:00:00",12721,12.24,402,0,-0.012,-0.09,-0.07,-0.009,-0.007,-0.007,-0.012,33.87,31.14
"2025-01-24 09:30:00",12722,12.24,402,0,-0.019,-0.13,-0.11,-0.013,-0.011,-0.013,-0.017,35.34,31.27
"2025-01-24 10:00:00",12723,12.24,402,0,-0.013,-0.13,-0.03,-0.012,-0.003,-0.011,-0.017,37.91,31.21
"2025-01-24 10:30:00",12724,12.25,402,0,-0.036,-0.29,-0.14,-0.027,-0.014,-0.031,-0.025,42.14,31.18
"2025-01-24 11:00:00",12725,12.26,402,0,-0.031,-0.22,-0.16,-0.021,-0.015,-0.043,-0.032,46.52,32.16
"2025-01-24 11:30:00",12726,12.27,402,0,-0.055,-0.4,-0.26,-0.036,-0.024,-0.06,-0.043,42.77,32.13
"2025-01-24 12:00:00",12727,12.27,402,0,-0.047,-0.25,-0.33,-0.023,-0.03,-0.056,-0.048,41.94,31.55
"2025-01-24 12:30:00",12728,12.28,402,0,-0.062,-0.45,-0.3,-0.041,-0.028,-0.064,-0.051,45.7,32.44
"2025-01-24 13:00:00",12729,12.28,402,0,-0.039,-0.12,-0.37,-0.011,-0.033,-0.041,-0.057,45.13,33.77
"2025-01-24 13:30:00",12730,12.29,402,0,-0.044,-0.17,-0.38,-0.016,-0.034,-0.043,-0.056,46.56,35.35
"2025-01-24 14:00:00",12731,12.29,402,0,-0.02,0.11,-0.39,0.01,-0.035,-0.014,-0.054,54.12,36.74
"2025-01-24 14:30:00",12732,12.29,402,0,-0.005,0.22,-0.33,0.02,-0.03,-0.005,-0.055,55.66,38.29
"2025-01-24 15:00:00",12733,12.29,402,0,-0.055,-0.25,-0.43,-0.023,-0.039,-0.039,-0.063,59.04,39.34
"2025-01-24 15:30:00",12734,12.29,402,0,-0.034,-0.12,-0.31,-0.011,-0.029,-0.034,-0.053,60.03,39.91
"2025-01-24 16:00:00",12735,12.29,402,0,-0.057,-0.25,-0.46,-0.023,-0.042,-0.039,-0.061,61.72,40.63
"2025-01-24 16:30:00",12736,12.28,402,0,-0.009,0.25,-0.41,0.022,-0.037,0,-0.054,59.3,41.5
"2025-01-24 17:00:00",12737,12.29,402,0,0.008,0.43,-0.39,0.038,-0.035,0.018,-0.048,57.22,42.7
"2025-01-24 17:30:00",12738,12.28,402,0,-0.02,0.05,-0.32,0.004,-0.03,-0.008,-0.046,55.88,43.01
"2025-01-24 18:00:00",12739,12.28,402,0,-0.031,0,-0.41,0,-0.037,-0.012,-0.045,54.6,41.32
"2025-01-24 18:30:00",12740,12.27,402,0,-0.016,0.09,-0.32,0.008,-0.029,-0.012,-0.044,52.54,41.73
"2025-01-24 19:00:00",12741,12.27,402,0,-0.012,0.14,-0.33,0.013,-0.03,-0.012,-0.047,50.4,39.17
"2025-01-24 19:30:00",12742,12.27,402,0,-0.03,0.16,-0.58,0.014,-0.052,-0.017,-0.062,45.91,37.72
"2025-01-24 20:00:00",12743,12.27,402,0,-0.049,0,-0.64,0,-0.057,-0.038,-0.072,43.2,35.42
"2025-01-24 20:30:00",12744,12.26,402,0,-0.053,-0.13,-0.55,-0.013,-0.05,-0.062,-0.078,40.53,34.66
"2025-01-24 21:00:00",12745,12.25,402,0,-0.057,-0.21,-0.51,-0.019,-0.046,-0.066,-0.072,41.58,33.64
"2025-01-24 21:30:00",12746,12.25,402,0,-0.043,-0.21,-0.32,-0.02,-0.029,-0.063,-0.066,43.09,33.66
"2025-01-24 22:00:00",12747,12.24,402,0,-0.052,-0.21,-0.44,-0.019,-0.04,-0.063,-0.07,44.57,32.1
"2025-01-24 22:30:00",12748,12.24,402,0,-0.035,-0.13,-0.31,-0.012,-0.028,-0.049,-0.065,45.61,32.46
"2025-01-24 23:00:00",12749,12.23,402,0,-0.032,-0.12,-0.29,-0.011,-0.027,-0.051,-0.063,45.61,33.14
"2025-01-24 23:30:00",12750,12.23,402,0,-0.016,0,-0.22,0,-0.021,-0.028,-0.054,46.94,33.23
"2025-01-25 00:00:00",12751,12.23,402,0,-0.016,0,-0.22,0,-0.02,-0.031,-0.049,44.74,32.26
"2025-01-25 00:30:00",12752,12.22,402,0,-0.023,-0.04,-0.26,-0.005,-0.024,-0.03,-0.047,45.36,33.04
"2025-01-25 01:00:00",12753,12.22,402,0,-0.023,-0.04,-0.26,-0.004,-0.024,-0.024,-0.039,45.4,32.77
"2025-01-25 01:30:00",12754,12.21,402,0,-0.011,0,-0.15,0,-0.014,-0.015,-0.035,42.63,33.03
"2025-01-25 02:00:00",12755,12.22,402,0,-0.006,0,-0.09,0,-0.009,-0.014,-0.031,42.43,32.84
"2025-01-25 02:30:00",12756,12.21,402,0,-0.01,0,-0.14,0,-0.013,-0.017,-0.03,41.9,32.31
"2025-01-25 03:00:00",12757,12.2,402,0,0,0.08,-0.09,0.007,-0.009,-0.01,-0.029,41.6,33.5
"2025-01-25 03:30:00",12758,12.2,402,0,-0.006,0.08,-0.18,0.007,-0.017,-0.003,-0.026,41.24,32.32
"2025-01-25 04:00:00",12759,12.21,402,0,-0.012,-0.03,-0.13,-0.004,-0.012,-0.013,-0.026,40.78,33.25
"2025-01-25 04:30:00",12760,12.2,402,0,-0.012,-0.03,-0.13,-0.004,-0.012,-0.012,-0.023,40.61,32.67
"2025-01-25 05:00:00",12761,12.2,402,0,-0.002,0.04,-0.08,0.003,-0.008,-0.006,-0.025,39.64,32.68
"2025-01-25 05:30:00",12762,12.2,402,0,-0.012,-0.03,-0.13,-0.003,-0.012,-0.009,-0.019,39.08,32.22
"2025-01-25 06:00:00",12763,12.2,402,0,-0.002,0.04,-0.08,0.003,-0.008,-0.003,-0.019,38.92,31.81
"2025-01-25 06:30:00",12764,12.2,402,0,-0.008,-0.03,-0.08,-0.003,-0.008,-0.005,-0.022,37.83,32.22
"2025-01-25 07:00:00",12765,12.2,402,0,-0.015,-0.03,-0.17,-0.003,-0.016,-0.008,-0.019,38.18,32.3
"2025-01-25 07:30:00",12766,12.19,402,0,-0.008,0,-0.12,0,-0.012,-0.003,-0.019,38.24,31.95
"2025-01-25 08:00:00",12767,12.2,402,0,-0.005,0,-0.08,0,-0.008,-0.005,-0.019,37.05,32.25
"2025-01-25 08:30:00",12768,12.2,402,0,-0.005,0,-0.08,0,-0.008,-0.003,-0.024,38.44,31.74
"2025-01-25 09:00:00",12769,12.19,402,0,-0.008,-0.03,-0.08,-0.003,-0.008,-0.018,-0.021,40.66,32.05
"2025-01-25 09:30:00",12770,12.19,402,0,-0.033,-0.2,-0.21,-0.019,-0.02,-0.026,-0.03,39.19,31.67
"2025-01-25 10:00:00",12771,12.2,402,0,-0.023,-0.12,-0.17,-0.012,-0.016,-0.028,-0.028,41.24,31.09
"2025-01-25 10:30:00",12772,12.21,402,0,-0.017,-0.09,-0.13,-0.009,-0.012,-0.043,-0.029,43.55,31.65
"2025-01-25 11:00:00",12773,12.21,402,0,-0.063,-0.48,-0.28,-0.044,-0.026,-0.062,-0.045,41.62,31.79
"2025-01-25 11:30:00",12774,12.22,402,0,-0.047,-0.29,-0.29,-0.026,-0.027,-0.058,-0.04,43.8,31.61
"2025-01-25 12:00:00",12775,12.22,402,0,-0.065,-0.52,-0.25,-0.047,-0.023,-0.081,-0.048,45.13,32.28
"2025-01-25 12:30:00",12776,12.23,402,0,-0.071,-0.58,-0.26,-0.052,-0.024,-0.088,-0.047,43.29,32.49
"2025-01-25 13:00:00",12777,12.23,402,0,-0.053,-0.27,-0.38,-0.025,-0.035,-0.072,-0.059,44.61,32.58
"2025-01-25 13:30:00",12778,12.23,402,0,-0.056,-0.3,-0.39,-0.028,-0.036,-0.063,-0.061,44.27,33.74
"2025-01-25 14:00:00",12779,12.24,402,0,-0.025,0.06,-0.4,0.005,-0.036,-0.027,-0.061,46.04,34.42
"2025-01-25 14:30:00",12780,12.24,402,0,-0.012,0.15,-0.34,0.013,-0.031,-0.008,-0.057,48.51,35.66
"2025-01-25 15:00:00",12781,12.24,402,0,0,0.24,-0.27,0.021,-0.025,0.004,-0.053,50.85,36.35
"2025-01-25 15:30:00",12782,12.24,402,0,-0.015,0.05,-0.26,0.004,-0.024,-0.008,-0.052,50.77,36.41
"2025-01-25 16:00:00",12783,12.24,402,0,-0.015,0.14,-0.36,0.013,-0.033,-0.004,-0.055,53.1,38.33
"2025-01-25 16:30:00",12784,12.24,402,0,-0.01,0.18,-0.34,0.016,-0.031,0.004,-0.054,53.09,38.42
"2025-01-25 17:00:00",12785,12.23,402,0,-0.021,0.09,-0.39,0.008,-0.035,-0.015,-0.05,50.63,37.76
"2025-01-25 17:30:00",12786,12.23,402,0,-0.025,0.17,-0.53,0.015,-0.048,-0.013,-0.064,44.67,36.17
"2025-01-25 18:00:00",12787,12.22,402,0,-0.028,0.14,-0.53,0.012,-0.048,-0.035,-0.063,41.03,34.18
"2025-01-25 18:30:00",12788,12.22,402,0,-0.055,-0.14,-0.56,-0.013,-0.05,-0.06,-0.076,40.93,33.41
"2025-01-25 19:00:00",12789,12.21,402,0,-0.06,-0.3,-0.44,-0.028,-0.04,-0.08,-0.074,39.95,32.27
"2025-01-25 19:30:00",12790,12.21,402,0,-0.048,-0.22,-0.38,-0.021,-0.034,-0.076,-0.071,40.01,31.82
"2025-01-25 20:00:00",12791,12.21,402,0,-0.06,-0.3,-0.44,-0.027,-0.04,-0.082,-0.078,41.71,32.38
"2025-01-25 20:30:00",12792,12.2,402,0,-0.059,-0.29,-0.44,-0.027,-0.039,-0.082,-0.074,40.58,31.82
"2025-01-25 21:00:00",12793,12.2,402,0,-0.056,-0.37,-0.31,-0.033,-0.028,-0.087,-0.07,41.81,32.65
"2025-01-25 21:30:00",12794,12.19,402,0,-0.048,-0.29,-0.3,-0.026,-0.028,-0.075,-0.066,42.73,32.07
"2025-01-25 22:00:00",12795,12.19,402,0,-0.047,-0.28,-0.3,-0.025,-0.027,-0.073,-0.062,43.03,31.55
"2025-01-25 22:30:00",12796,12.2,402,0,-0.044,-0.2,-0.35,-0.019,-0.032,-0.072,-0.065,42.41,31.6
"2025-01-25 23:00:00",12797,12.19,402,0,-0.04,-0.21,-0.29,-0.019,-0.027,-0.075,-0.061,43.18,31.96
"2025-01-25 23:30:00",12798,12.19,402,0,-0.041,-0.22,-0.29,-0.02,-0.027,-0.07,-0.061,42.03,31.89
"2025-01-26 00:00:00",12799,12.19,402,0,-0.046,-0.22,-0.35,-0.021,-0.032,-0.078,-0.068,41.83,31.44
"2025-01-26 00:30:00",12800,12.19,402,0,-0.047,-0.29,-0.29,-0.027,-0.027,-0.088,-0.061,40.24,32.05
"2025-01-26 01:00:00",12801,12.2,402,0,-0.043,-0.14,-0.41,-0.013,-0.037,-0.068,-0.064,43.39,32.16
"2025-01-26 01:30:00",12802,12.19,402,0,-0.046,-0.28,-0.28,-0.026,-0.026,-0.079,-0.063,41.42,31.85
"2025-01-26 02:00:00",12803,12.19,402,0,-0.028,-0.13,-0.22,-0.013,-0.021,-0.067,-0.056,42.81,32
"2025-01-26 02:30:00",12804,12.19,402,0,-0.031,-0.06,-0.34,-0.006,-0.031,-0.065,-0.056,42.1,31.7
"2025-01-26 03:00:00",12805,12.19,402,0,-0.042,-0.19,-0.34,-0.018,-0.031,-0.064,-0.055,42.19,32.62
"2025-01-26 03:30:00",12806,12.19,402,0,-0.038,-0.19,-0.28,-0.018,-0.025,-0.068,-0.055,42.52,31.45
"2025-01-26 04:00:00",12807,12.19,402,0,-0.022,-0.12,-0.16,-0.011,-0.015,-0.056,-0.051,42.09,31.7
"2025-01-26 04:30:00",12808,12.18,402,0,-0.02,-0.05,-0.21,-0.006,-0.02,-0.049,-0.05,43.85,31.96
"2025-01-26 05:00:00",12809,12.18,402,0,-0.02,-0.05,-0.21,-0.005,-0.02,-0.043,-0.047,43.54,31.91
"2025-01-26 05:30:00",12810,12.18,402,0,-0.02,-0.05,-0.21,-0.005,-0.019,-0.047,-0.046,42.07,31.68
"2025-01-26 06:00:00",12811,12.18,402,0,-0.015,-0.05,-0.15,-0.005,-0.014,-0.042,-0.039,43.05,31.99
"2025-01-26 06:30:00",12812,12.18,402,0,-0.035,-0.18,-0.26,-0.016,-0.024,-0.065,-0.049,44.6,31.99
"2025-01-26 07:00:00",12813,12.18,402,0,-0.049,-0.33,-0.27,-0.03,-0.025,-0.068,-0.05,41.26,31.95
"2025-01-26 07:30:00",12814,12.17,402,0,-0.035,-0.18,-0.26,-0.017,-0.024,-0.061,-0.053,42.44,31.63
"2025-01-26 08:00:00",12815,12.18,402,0,-0.044,-0.27,-0.27,-0.025,-0.025,-0.083,-0.05,41.66,31.11
"2025-01-26 08:30:00",12816,12.18,402,0,-0.057,-0.36,-0.34,-0.032,-0.031,-0.086,-0.062,40.84,31.84
"2025-01-26 09:00:00",12817,12.18,402,0,-0.063,-0.37,-0.4,-0.033,-0.037,-0.087,-0.063,41.28,31.56
"2025-01-26 09:30:00",12818,12.18,402,0,-0.005,0.19,-0.29,0.017,-0.026,-0.04,-0.06,43.75,32.69
"2025-01-26 10:00:00",12819,12.19,402,0,0.014,0.35,-0.22,0.031,-0.02,0,-0.063,50,33.45
"2025-01-26 10:30:00",12820,12.19,402,0,0.009,0.37,-0.31,0.033,-0.029,-99,-0.063,-99,35.87
"2025-01-26 11:00:00",12821,12.19,402,0,-0.099,-0.5,-0.71,-0.045,-0.064,-0.028,-0.081,52.71,41.66
"2025-01-26 11:30:00",12822,12.2,402,0,0.004,0.7,-0.74,0.062,-0.067,0.048,-0.071,48.74,48.48
"2025-01-26 12:00:00",12823,12.2,402,0,0.067,1.33,-0.65,0.118,-0.058,0.102,-0.091,48.2,52.62
"2025-01-26 12:30:00",12824,12.21,402,0,-0.028,0.37,-0.79,0.033,-0.071,0.029,-0.135,45.49,49.76
"2025-01-26 13:00:00",12825,12.2,402,0,-0.006,0.85,-1.05,0.075,-0.094,0.056,-0.213,49.06,40.32
"2025-01-26 13:30:00",12826,12.21,402,0,0.022,0.56,-0.35,0.05,-0.032,0.042,-0.175,48.37,33.32
"2025-01-26 14:00:00",12827,12.2,402,0,0.045,0.51,0,0.046,0,0.027,-0.151,49.94,31.61
"2025-01-26 14:30:00",12828,12.2,402,0,0.024,0.41,-0.16,0.037,-0.015,0.023,-0.141,50.54,31.27
"2025-01-26 15:00:00",12829,12.2,402,0,0.149,0.55,1.28,0.049,0.113,0.03,-0.009,52.64,31.43
"2025-01-26 15:30:00",12830,12.2,402,0,0.095,0.23,0.95,0.02,0.084,0.003,-0.029,52.63,31.16
"2025-01-26 16:00:00",12831,12.2,402,0,0.138,0.13,1.62,0.012,0.143,0,0.055,51.62,32.2
"2025-01-26 16:30:00",12832,12.2,402,0,0.099,-0.02,1.29,-0.003,0.114,-0.016,-0.016,52.1,34.17
"2025-01-26 17:00:00",12833,12.2,402,0,0.073,0.03,0.9,0.003,0.08,-0.011,-0.045,50.99,35.1
"2025-01-26 17:30:00",12834,12.2,402,0,0.116,0.1,1.37,0.009,0.121,-0.003,0,52.37,35.81
"2025-01-26 18:00:00",12835,12.19,402,0,0.083,0.03,1.03,0.003,0.091,-0.005,-0.01,54.34,36.79
"2025-01-26 18:30:00",12836,12.19,402,0,0.052,-0.09,0.77,-0.008,0.068,-0.019,-0.014,53.26,36.94
"2025-01-26 19:00:00",12837,12.19,402,0,0.057,-0.05,0.79,-0.006,0.07,-0.013,0,53.01,37.67
"2025-01-26 19:30:00",12838,12.18,402,0,0.014,-0.09,0.28,-0.009,0.025,-0.016,-0.033,52.55,35.97
"2025-01-26 20:00:00",12839,12.17,402,0,-0.021,-0.2,-0.06,-0.019,-0.007,-0.023,-0.035,49.71,33.13
"2025-01-26 20:30:00",12840,12.16,402,0,-0.021,-0.06,-0.22,-0.006,-0.02,-0.018,-0.067,51.58,32.53
"2025-01-26 21:00:00",12841,12.16,402,0,0.041,0.33,0.15,0.03,0.013,0.018,-0.057,50.5,33.1
"2025-01-26 21:30:00",12842,12.15,402,0,0.053,0.54,0.07,0.048,0.007,0.048,-0.083,49.77,33.04
"2025-01-26 22:00:00",12843,12.16,402,0,0.038,0.48,-0.06,0.043,-0.006,0.034,-0.097,50.82,33
"2025-01-26 22:30:00",12844,12.15,402,0,0.018,-0.11,0.36,-0.01,0.032,-0.016,-0.088,50.46,35.52
"2025-01-26 23:00:00",12845,12.14,402,0,0.068,0.11,0.74,0.01,0.065,0.003,-0.032,51.45,34.04
"2025-01-26 23:30:00",12846,12.15,402,0,-0.015,-0.18,0,-0.017,0,-0.02,-0.079,56.2,33.83
"2025-01-27 00:00:00",12847,12.14,402,0,-0.027,0.04,-0.4,0.004,-0.036,0,-0.098,57.06,34.14
"2025-01-27 00:30:00",12848,12.14,402,0,0.014,0.04,0.13,0.004,0.012,0.004,-0.071,57.38,36.92
"2025-01-27 01:00:00",12849,12.13,402,0,-0.136,-0.15,-1.59,-0.015,-0.141,-0.014,-0.161,56.32,35.21
"2025-01-27 01:30:00",12850,12.14,402,0,-0.041,-0.11,-0.41,-0.011,-0.037,-0.003,-0.096,58.58,39.53
"2025-01-27 02:00:00",12851,12.13,402,0,-0.019,-0.03,-0.22,-0.003,-0.02,0,-0.078,59.76,40.97
"2025-01-27 02:30:00",12852,12.14,402,0,-0.018,-0.07,-0.16,-0.007,-0.015,-0.007,-0.063,58.51,42.76
"2025-01-27 03:00:00",12853,12.13,402,0,-0.056,-0.19,-0.52,-0.017,-0.047,-0.017,-0.095,56.25,42.3
"2025-01-27 03:30:00",12854,12.13,402,0,-0.02,-0.03,-0.24,-0.003,-0.022,-0.006,-0.062,58.72,45.28
"2025-01-27 04:00:00",12855,12.13,402,0,0.022,0.42,-0.19,0.038,-0.017,0.037,-0.056,58.89,46.02
"2025-01-27 04:30:00",12856,12.13,402,0,0.039,0.47,-0.04,0.042,-0.004,0.048,-0.043,56.77,45.54
"2025-01-27 05:00:00",12857,12.13,402,0,0.037,0.45,-0.04,0.039,-0.004,0.045,-0.046,55.22,44.67
"2025-01-27 05:30:00",12858,12.13,402,0,0.04,0.57,-0.13,0.05,-0.012,0.053,-0.041,56.92,44.87
"2025-01-27 06:00:00",12859,12.13,402,0,0.03,0.45,-0.13,0.04,-0.012,0.043,-0.044,56.38,44.91
"2025-01-27 06:30:00",12860,12.13,402,0,0.026,0.41,-0.13,0.036,-0.012,0.039,-0.04,55.36,44.14
"2025-01-27 07:00:00",12861,12.13,402,0,0.02,0.39,-0.18,0.035,-0.016,0.036,-0.046,51.77,43.43
"2025-01-27 07:30:00",12862,12.13,402,0,0.047,0.68,-0.17,0.06,-0.016,0.056,-0.038,51.82,42.09
"2025-01-27 08:00:00",12863,12.13,402,0,0.043,0.63,-0.17,0.056,-0.016,0.053,-0.041,51.61,41.21
"2025-01-27 08:30:00",12864,12.13,402,0,0.033,0.44,-0.08,0.039,-0.008,0.034,-0.04,53.12,41.08
"2025-01-27 09:00:00",12865,12.12,402,0,-0.004,0.09,-0.17,0.008,-0.016,0.011,-0.044,60.1,42.96
"2025-01-27 09:30:00",12866,12.13,402,0,-0.02,-0.04,-0.22,-0.004,-0.021,-99,-0.053,-99,44.45
"2025-01-27 10:00:00",12867,12.13,402,0,-0.047,-0.06,-0.55,-0.007,-0.05,-0.019,-0.121,53.82,42.61
"2025-01-27 10:30:00",12868,12.13,402,0,-0.103,-0.49,-0.78,-0.044,-0.07,-0.04,-0.175,50.53,36.18
"2025-01-27 11:00:00",12869,12.13,402,0,0.023,0.97,-0.81,0.086,-0.073,0.07,-0.199,48.45,30.52
"2025-01-27 11:30:00",12870,12.14,402,0,0.012,0.74,-0.68,0.065,-0.061,0.053,-0.25,45.06,27.69
"2025-01-27 12:00:00",12871,12.15,402,0,-0.08,-0.03,-1,-0.004,-0.09,-0.007,-0.262,47.29,25.26
"2025-01-27 12:30:00",12872,12.15,402,0,0.036,0.56,-0.17,0.05,-0.016,0.03,-0.197,49.2,25.83
"2025-01-27 13:00:00",12873,12.15,402,0,-0.012,-0.02,-0.15,-0.003,-0.014,-0.011,-0.167,50.31,27.36
"2025-01-27 13:30:00",12874,12.15,402,0,0.042,0.13,0.39,0.011,0.035,-0.003,-0.083,51.81,29.54
"2025-01-27 14:00:00",12875,12.15,402,0,0.035,-0.27,0.76,-0.024,0.067,-0.028,-0.025,50.08,31.35
"2025-01-27 14:30:00",12876,12.16,402,0,0.019,-0.09,0.34,-0.008,0.03,-0.016,-0.062,52.52,33.52
"2025-01-27 15:00:00",12877,12.16,402,0,0.038,0.03,0.45,0.003,0.04,-0.008,-0.057,53.36,33.94
"2025-01-27 15:30:00",12878,12.16,402,0,0.014,-0.15,0.35,-0.014,0.031,-0.016,-0.045,54.08,35.63
"2025-01-27 16:00:00",12879,12.16,402,0,0.022,-0.09,0.39,-0.008,0.035,-0.019,-0.03,52.68,35.72
"2025-01-27 16:30:00",12880,12.15,402,0,0.037,0.03,0.44,0.003,0.039,-0.008,-0.037,53.5,36.12
"2025-01-27 17:00:00",12881,12.15,402,0,0.037,-0.02,0.5,-0.003,0.044,-0.013,-0.041,52.71,36.71
"2025-01-27 17:30:00",12882,12.15,402,0,0.024,0,0.31,0,0.028,-0.011,-0.049,53.54,36.41
"2025-01-27 18:00:00",12883,12.14,402,0,0.043,0,0.55,0,0.049,-0.011,-0.037,53.93,37.22
"2025-01-27 18:30:00",12884,12.14,402,0,0.028,-0.05,0.41,-0.006,0.036,-0.016,-0.044,54.01,38.26
"2025-01-27 19:00:00",12885,12.13,402,0,0.01,-0.08,0.22,-0.008,0.02,-0.016,-0.044,53.68,38.34
"2025-01-27 19:30:00",12886,12.13,402,0,-0.014,-0.17,0,-0.016,0,-0.023,-0.067,53.97,40.13
"2025-01-27 20:00:00",12887,12.12,402,0,0.055,0.28,0.39,0.024,0.034,0.011,-0.064,51.63,34.48
"2025-01-27 20:30:00",12888,12.12,402,0,0.01,0,0.13,0,0.011,-0.006,-0.072,51.6,36.01
"2025-01-27 21:00:00",12889,12.12,402,0,-0.048,-0.23,-0.37,-0.021,-0.033,-0.023,-0.094,51.34,35.59
"2025-01-27 21:30:00",12890,12.11,402,0,-0.026,-0.2,-0.12,-0.018,-0.011,-0.026,-0.076,51.93,34.69
"2025-01-27 22:00:00",12891,12.11,402,0,0,0.03,-0.05,0.003,-0.005,-0.003,-0.074,52.91,36.49
"2025-01-27 22:30:00",12892,12.11,402,0,-0.04,-0.2,-0.3,-0.018,-0.027,-0.02,-0.09,52.8,35.97
"2025-01-27 23:00:00",12893,12.1,402,0,-0.011,-0.13,0,-0.012,0,-0.014,-0.072,53.33,35.92
"2025-01-27 23:30:00",12894,12.1,402,0,-0.045,-0.1,-0.47,-0.009,-0.043,-0.009,-0.089,53.05,34.57
"2025-01-28 00:00:00",12895,12.11,402,0,-0.026,-0.16,-0.17,-0.015,-0.016,-0.02,-0.075,52.28,36.37
"2025-01-28 00:30:00",12896,12.11,402,0,-0.006,-0.13,0.06,-0.012,0.005,-0.012,-0.063,52.36,35.95
"2025-01-28 01:00:00",12897,12.1,402,0,-0.038,-0.13,-0.35,-0.013,-0.032,-0.012,-0.082,52.18,36.43
"2025-01-28 01:30:00",12898,12.1,402,0,-0.033,-0.02,-0.41,-0.003,-0.037,-0.009,-0.091,53.92,36.53
"2025-01-28 02:00:00",12899,12.1,402,0,-0.014,-0.02,-0.17,-0.003,-0.016,-0.006,-0.096,53.25,37.91
"2025-01-28 02:30:00",12900,12.1,402,0,-0.068,-0.2,-0.66,-0.019,-0.059,-0.021,-0.139,52.4,36.9
"2025-01-28 03:00:00",12901,12.1,402,0,-0.053,-0.13,-0.54,-0.013,-0.048,-0.021,-0.124,51.58,36.65
"2025-01-28 03:30:00",12902,12.1,402,0,0.053,0.44,0.18,0.039,0.016,0.04,-0.073,52.31,40.1
"2025-01-28 04:00:00",12903,12.09,402,0,-0.006,0.07,-0.17,0.006,-0.016,0.006,-0.093,51.98,37.31
"2025-01-28 04:30:00",12904,12.09,402,0,-0.024,-0.13,-0.17,-0.012,-0.016,-0.009,-0.097,54.43,38.26
"2025-01-28 05:00:00",12905,12.09,402,0,0.008,0.31,-0.25,0.028,-0.023,0.026,-0.109,51.62,35.71
"2025-01-28 05:30:00",12906,12.1,402,0,0.092,1.2,-0.18,0.106,-0.017,0.087,-0.156,46.66,30.34
"2025-01-28 06:00:00",12907,12.09,402,0,0.037,0.84,-0.48,0.074,-0.043,0.061,-0.204,45.74,27.52
"2025-01-28 06:30:00",12908,12.09,402,0,0.039,0.66,-0.25,0.058,-0.023,0.04,-0.209,46.35,27.57
"2025-01-28 07:00:00",12909,12.09,402,0,0.059,0.67,0,0.06,0,0.039,-0.177,47.68,27.41
"2025-01-28 07:30:00",12910,12.09,402,0,0.083,0.62,0.36,0.055,0.031,0.039,-0.127,50.82,33.02
"2025-01-28 08:00:00",12911,12.09,402,0,-0.013,-0.1,-0.06,-0.01,-0.006,-0.012,-0.103,50.89,35.4
"2025-01-28 08:30:00",12912,12.09,402,0,0.013,0.31,-0.19,0.027,-0.017,0.018,-0.116,53.75,35.38
"2025-01-28 09:00:00",12913,12.09,402,0,-0.092,-0.12,-1.05,-0.011,-0.094,-0.017,-0.262,47.6,25.44
"2025-01-28 09:30:00",12914,12.09,402,0,-0.109,-0.24,-1.14,-0.022,-0.102,-0.023,-0.251,47.19,26.11
"2025-01-28 10:00:00",12915,12.09,402,0,-0.062,-0.1,-0.69,-0.01,-0.062,-0.018,-0.23,47.23,26.72
"2025-01-28 10:30:00",12916,12.09,402,0,-0.051,-0.09,-0.56,-0.009,-0.051,-0.022,-0.197,51.45,27.91
"2025-01-28 11:00:00",12917,12.09,402,0,-0.057,-0.12,-0.61,-0.011,-0.055,-0.024,-0.172,53.96,30.68
"2025-01-28 11:30:00",12918,12.1,402,0,-0.029,-0.16,-0.2,-0.015,-0.018,-0.02,-0.087,55.12,33.8
"2025-01-28 12:00:00",12919,12.09,402,0,0.005,0,0.06,0,0.005,-0.008,-0.067,56.61,37.45
"2025-01-28 12:30:00",12920,12.1,402,0,-0.045,-0.43,-0.1,-0.039,-0.009,-0.042,-0.059,57.03,37.86
"2025-01-28 13:00:00",12921,12.1,402,0,-0.06,-0.49,-0.23,-0.044,-0.021,-0.045,-0.054,54.39,40.06
"2025-01-28 13:30:00",12922,12.11,402,0,-0.076,-0.65,-0.25,-0.058,-0.023,-0.059,-0.058,56.73,41.02
"2025-01-28 14:00:00",12923,12.1,402,0,-0.097,-0.81,-0.33,-0.072,-0.03,-0.066,-0.05,53.91,42.3
"2025-01-28 14:30:00",12924,12.11,402,0,-0.039,-0.32,-0.15,-0.029,-0.014,-0.028,-0.037,55.26,44.21
"2025-01-28 15:00:00",12925,12.11,402,0,-0.078,-0.73,-0.18,-0.066,-0.017,-0.063,-0.042,54.45,43.81
"2025-01-28 15:30:00",12926,12.1,402,0,0.028,0.24,0.08,0.021,0.007,0.01,-0.03,55.77,45.65
"2025-01-28 16:00:00",12927,12.1,402,0,-0.044,-0.45,-0.07,-0.041,-0.007,-0.047,-0.036,54.38,46.63
"2025-01-28 16:30:00",12928,12.1,402,0,-0.051,-0.49,-0.11,-0.044,-0.01,-0.047,-0.037,52.6,44.28
"2025-01-28 17:00:00",12929,12.1,402,0,-0.013,-0.19,0.04,-0.018,0.004,-0.025,-0.034,53.12,44.38
