"TOA5","CR300Series_501","CR300","27030","CR300-RF407.Std.10.03","CPU:CR300_sapflow.CR300","32345","Table2"
"TIMESTAMP","RECORD","BattV_Min","id","SDI1","SapFlwTot1","VhOuter1","VhInner1","AlphaOut1","AlphaIn1","BetaOut1","BetaIn1","tMaxTout1","tMaxTin1"
"TS","RN","Volts","","","literPerHour","heatVelocity","heatVelocity","logTRatio","logTRatio","logTRatio","logTRatio","second","second"
"","","Min","Smp","Smp","Smp","Smp","Smp","Smp","Smp","Smp","Smp","Smp","Smp"
"2024-07-19 16:00:00",3211,12.96,1,1,8.41,11.62,14.82,1.029,1.312,0.847,0.762,46.59,41.35
"2024-07-19 16:30:00",3212,12.94,1,1,8.03,11.18,14.06,0.989,1.245,0.805,0.716,47.99,41.82
"2024-07-19 17:00:00",3213,12.94,1,1,7.624,10.58,13.38,0.936,1.184,0.763,0.68,49.14,42.55
"2024-07-19 17:30:00",3214,12.94,1,1,7.098,9.81,12.5,0.868,1.106,0.712,0.632,49.85,43.1
"2024-07-19 18:00:00",3215,12.94,1,1,6.093,8.47,10.68,0.75,0.945,0.609,0.539,52.03,43.88
"2024-07-19 18:30:00",3216,12.94,1,1,5.399,7.46,9.51,0.66,0.841,0.539,0.473,52.55,44.14
"2024-07-19 19:00:00",3217,12.94,1,1,4.508,6.2,7.97,0.549,0.706,0.445,0.393,52.71,43.31
"2024-07-19 19:30:00",3218,12.93,1,1,3.375,4.58,6.03,0.405,0.534,0.33,0.29,52.77,42.69
"2024-07-19 20:00:00",3219,12.93,1,1,2.174,2.83,4.01,0.251,0.355,0.195,0.183,52.31,40.83
"2024-07-19 20:30:00",3220,12.93,1,1,1.346,1.61,2.63,0.142,0.233,0.111,0.109,51.68,40.36
"2024-07-19 21:00:00",3221,12.93,1,1,0.932,1.01,1.93,0.09,0.171,0.067,0.071,50.81,38.9
"2024-07-19 21:30:00",3222,12.92,1,1,0.735,0.74,1.58,0.066,0.14,0.044,0.048,50.41,39.08
"2024-07-19 22:00:00",3223,12.92,1,1,0.608,0.56,1.36,0.05,0.121,0.034,0.039,49.61,39.12
"2024-07-19 22:30:00",3224,12.92,1,1,0.521,0.38,1.27,0.034,0.112,0.017,0.03,50.19,38.19
"2024-07-19 23:00:00",3225,12.92,1,1,0.468,0.33,1.15,0.029,0.101,0.017,0.028,49.97,38.91
"2024-07-19 23:30:00",3226,12.91,1,1,0.379,0.24,0.96,0.021,0.085,0.007,0.016,49.54,38.37
"2024-07-20 00:00:00",3227,12.91,1,1,0.337,0.15,0.92,0.013,0.082,-0.002,0.014,50.43,38.01
"2024-07-20 00:30:00",3228,12.9,1,1,0.257,0.03,0.79,0.003,0.07,-0.007,0.009,49.35,38.29
"2024-07-20 01:00:00",3229,12.91,1,1,0.248,0.06,0.73,0.005,0.065,-0.007,0.002,49.68,38.92
"2024-07-20 01:30:00",3230,12.9,1,1,0.22,0.03,0.67,0.003,0.059,-0.01,-0.002,49.59,37.84
"2024-07-20 02:00:00",3231,12.9,1,1,0.188,0,0.6,0,0.053,-0.007,-0.002,50.43,38
"2024-07-20 02:30:00",3232,12.9,1,1,0.182,-0.02,0.6,-0.003,0.053,-0.012,0,48.98,38.21
"2024-07-20 03:00:00",3233,12.9,1,1,0.162,-0.08,0.6,-0.008,0.053,-0.015,-0.002,49.58,37.98
"2024-07-20 03:30:00",3234,12.89,1,1,0.175,-0.05,0.61,-0.005,0.054,-0.01,-0.005,49.21,38.04
"2024-07-20 04:00:00",3235,12.89,1,1,0.124,-0.11,0.51,-0.011,0.045,-0.02,-0.007,49.84,37.94
"2024-07-20 04:30:00",3236,12.89,1,1,0.163,-0.02,0.54,-0.003,0.048,-0.015,-0.007,49.63,38.45
"2024-07-20 05:00:00",3237,12.89,1,1,0.134,-0.08,0.51,-0.008,0.045,-0.02,-0.009,50.52,37.53
"2024-07-20 05:30:00",3238,12.89,1,1,0.134,-0.05,0.48,-0.005,0.042,-0.012,-0.009,49.81,37.9
"2024-07-20 06:00:00",3239,12.89,1,1,0.125,-0.08,0.48,-0.008,0.042,-0.015,-0.009,49.57,38.91
"2024-07-20 06:30:00",3240,12.88,1,1,0.179,0,0.57,0,0.051,-0.007,-0.005,50.66,38.65
"2024-07-20 07:00:00",3241,12.88,1,1,0.267,0.09,0.76,0.008,0.067,0,0.005,50.97,39.07
"2024-07-20 07:30:00",3242,12.88,1,1,0.468,0.38,1.1,0.034,0.098,0.017,0.025,51.19,38.61
"2024-07-20 08:00:00",3243,12.88,1,1,0.818,0.88,1.7,0.078,0.15,0.056,0.06,52.16,39.32
"2024-07-20 08:30:00",3244,12.88,1,1,1.907,2.41,3.59,0.213,0.318,0.173,0.157,53.36,41.77
"2024-07-20 09:00:00",3245,12.88,1,1,3.52,4.7,6.37,0.416,0.563,0.343,0.315,54.56,42.82
"2024-07-20 09:30:00",3246,12.88,1,1,4.607,5.78,8.72,0.511,0.772,0.458,0.471,53.76,44.93
"2024-07-20 10:00:00",3247,12.88,1,1,5.981,8.24,10.56,0.73,0.935,0.601,0.538,51.67,44.09
"2024-07-20 10:30:00",3248,12.88,1,1,6.171,8.64,10.75,0.764,0.951,0.624,0.546,51.35,43.77
"2024-07-20 11:00:00",3249,12.88,1,1,6.122,8.47,10.77,0.749,0.953,0.613,0.544,51.5,43.35
"2024-07-20 11:30:00",3250,12.88,1,1,6.555,9.13,11.47,0.808,1.015,0.659,0.584,51.72,43.72
"2024-07-20 12:00:00",3251,12.89,1,1,7.416,10.19,13.12,0.902,1.161,0.741,0.672,49.49,42.73
"2024-07-20 12:30:00",3252,12.88,1,1,8.65,11.92,15.26,1.055,1.35,0.867,0.782,46.34,40.84
"2024-07-20 13:00:00",3253,12.89,1,1,8.42,11.64,14.83,1.03,1.313,0.85,0.759,46.79,41.02
"2024-07-20 13:30:00",3254,12.89,1,1,8.3,11.51,14.58,1.019,1.291,0.828,0.746,47.29,41.37
"2024-07-20 14:00:00",3255,12.88,1,1,7.232,10.04,12.69,0.888,1.123,0.722,0.643,49.64,43.3
"2024-07-20 14:30:00",3256,12.88,1,1,7.032,9.73,12.37,0.861,1.095,0.709,0.624,50.83,43.41
"2024-07-20 15:00:00",3257,12.88,1,1,7.356,10.16,12.96,0.899,1.147,0.738,0.661,48.72,43.07
"2024-07-20 15:30:00",3258,12.88,1,1,6.192,8.58,10.88,0.76,0.963,0.621,0.551,51.72,43.05
"2024-07-20 16:00:00",3259,12.88,1,1,5.253,7.29,9.22,0.645,0.816,0.524,0.46,55.33,44.84
"2024-07-20 16:30:00",3260,12.88,1,1,4.543,6.24,8.04,0.553,0.712,0.45,0.397,51.6,42.93
"2024-07-20 17:00:00",3261,12.88,1,1,4.183,5.69,7.46,0.504,0.66,0.412,0.369,53.21,43.14
"2024-07-20 17:30:00",3262,12.87,1,1,3.432,4.68,6.11,0.414,0.541,0.335,0.299,51.78,42.79
"2024-07-20 18:00:00",3263,12.87,1,1,2.75,3.64,5.01,0.322,0.444,0.263,0.234,52.17,41.94
"2024-07-20 18:30:00",3264,12.87,1,1,2.426,3.19,4.44,0.282,0.393,0.226,0.21,53.16,41.43
"2024-07-20 19:00:00",3265,12.87,1,1,1.608,2,3.06,0.177,0.271,0.141,0.131,51.9,40.31
"2024-07-20 19:30:00",3266,12.86,1,1,1.073,1.22,2.16,0.108,0.191,0.079,0.083,50.12,38.8
"2024-07-20 20:00:00",3267,12.86,1,1,0.783,0.78,1.69,0.069,0.149,0.047,0.053,49.65,39.57
"2024-07-20 20:30:00",3268,12.86,1,1,0.605,0.54,1.37,0.048,0.121,0.03,0.035,50.17,39.26
"2024-07-20 21:00:00",3269,12.86,1,1,0.429,0.27,1.09,0.024,0.096,0.01,0.026,48.71,38.63
"2024-07-20 21:30:00",3270,12.85,1,1,0.312,0.12,0.87,0.011,0.077,0,0.012,49.34,38.44
"2024-07-20 22:00:00",3271,12.85,1,1,0.251,0.03,0.77,0.003,0.068,-0.01,0.005,50.25,38.08
"2024-07-20 22:30:00",3272,12.85,1,1,0.204,-0.02,0.67,-0.003,0.06,-0.013,0,49.42,38.5
"2024-07-20 23:00:00",3273,12.85,1,1,0.184,-0.05,0.64,-0.005,0.057,-0.015,0,50.15,38.13
"2024-07-20 23:30:00",3274,12.84,1,1,0.127,-0.17,0.58,-0.016,0.051,-0.025,-0.002,49.65,38.74
"2024-07-21 00:00:00",3275,12.84,1,1,0.155,-0.14,0.64,-0.013,0.057,-0.018,-0.002,50.44,38.28
"2024-07-21 00:30:00",3276,12.84,1,1,0.124,-0.11,0.51,-0.011,0.045,-0.022,-0.007,49.29,37.14
"2024-07-21 01:00:00",3277,12.84,1,1,0.134,-0.11,0.54,-0.011,0.048,-0.015,-0.005,49.55,38.64
"2024-07-21 01:30:00",3278,12.83,1,1,0.134,-0.11,0.54,-0.011,0.048,-0.018,-0.007,49.25,37.76
"2024-07-21 02:00:00",3279,12.83,1,1,0.166,-0.05,0.58,-0.005,0.051,-0.017,-0.005,50.01,38.53
"2024-07-21 02:30:00",3280,12.84,1,1,0.175,-0.02,0.58,-0.003,0.051,-0.012,-0.005,50.25,38.24
"2024-07-21 03:00:00",3281,12.83,1,1,0.175,-0.05,0.61,-0.005,0.054,-0.012,-0.005,49.52,37.62
"2024-07-21 03:30:00",3282,12.83,1,1,0.166,-0.02,0.55,-0.003,0.048,-0.013,-0.005,50.28,37.97
"2024-07-21 04:00:00",3283,12.83,1,1,0.144,-0.05,0.51,-0.005,0.046,-0.013,-0.005,49.76,38.02
"2024-07-21 04:30:00",3284,12.83,1,1,0.144,-0.05,0.51,-0.005,0.046,-0.015,-0.005,50.29,37.71
"2024-07-21 05:00:00",3285,12.82,1,1,0.137,-0.08,0.52,-0.008,0.046,-0.018,-0.007,49.88,37.72
"2024-07-21 05:30:00",3286,12.82,1,1,0.086,-0.14,0.42,-0.013,0.037,-0.02,-0.014,50.08,38.34
"2024-07-21 06:00:00",3287,12.82,1,1,0.096,-0.11,0.42,-0.011,0.037,-0.018,-0.012,50.23,37.5
"2024-07-21 06:30:00",3288,12.82,1,1,0.144,-0.02,0.48,-0.003,0.043,-0.01,-0.012,49.79,38.46
"2024-07-21 07:00:00",3289,12.82,1,1,0.488,0.45,1.09,0.04,0.097,0.025,0.021,51.41,38.69
"2024-07-21 07:30:00",3290,12.81,1,1,1.509,1.87,2.88,0.166,0.255,0.134,0.12,52.01,40.42
"2024-07-21 08:00:00",3291,12.82,1,1,2.735,3.62,4.98,0.32,0.441,0.26,0.236,52.97,42.48
"2024-07-21 08:30:00",3292,12.81,1,1,3.721,5.02,6.68,0.444,0.591,0.369,0.333,53.09,43.42
"2024-07-21 09:00:00",3293,12.81,1,1,4.732,6.3,8.58,0.557,0.759,0.473,0.439,53.41,44.32
"2024-07-21 09:30:00",3294,12.81,1,1,5.118,6.01,10.11,0.532,0.895,0.525,0.577,53.2,45.2
"2024-07-21 10:00:00",3295,12.81,1,1,7.252,9.83,12.97,0.87,1.148,0.731,0.665,49.24,42.49
"2024-07-21 10:30:00",3296,12.81,1,1,7.718,10.6,13.66,0.938,1.209,0.768,0.688,47.61,42.93
"2024-07-21 11:00:00",3297,12.82,1,1,8.02,11.1,14.1,0.982,1.248,0.806,0.719,48.34,42.01
"2024-07-21 11:30:00",3298,12.81,1,1,8.32,11.39,14.75,1.008,1.305,0.844,0.761,47.24,41.16
"2024-07-21 12:00:00",3299,12.81,1,1,8.87,12.21,15.68,1.081,1.388,0.9,0.804,45.88,40.79
"2024-07-21 12:30:00",3300,12.81,1,1,8.95,12.39,15.75,1.097,1.394,0.904,0.806,45.81,40.56
"2024-07-21 13:00:00",3301,12.81,1,1,9.15,12.62,16.13,1.117,1.428,0.926,0.829,45.52,40.02
"2024-07-21 13:30:00",3302,12.81,1,1,9.2,12.62,16.31,1.117,1.444,0.931,0.837,45.74,39.66
"2024-07-21 14:00:00",3303,12.81,1,1,9.13,12.58,16.13,1.113,1.428,0.924,0.833,45.11,40.18
"2024-07-21 14:30:00",3304,12.81,1,1,9.1,12.54,16.05,1.11,1.42,0.923,0.824,46.25,39.92
"2024-07-21 15:00:00",3305,12.81,1,1,8.74,12.01,15.46,1.063,1.368,0.887,0.793,47.44,40.28
"2024-07-21 15:30:00",3306,12.81,1,1,8.55,11.7,15.18,1.036,1.343,0.861,0.779,46.32,41.23
"2024-07-21 16:00:00",3307,12.81,1,1,8.41,11.62,14.82,1.029,1.312,0.847,0.757,46.99,41.22
"2024-07-21 16:30:00",3308,12.81,1,1,8.04,11.11,14.16,0.983,1.254,0.815,0.719,49.82,41.82
"2024-07-21 17:00:00",3309,12.81,1,1,7.519,10.45,13.18,0.925,1.166,0.749,0.667,49.05,42.72
"2024-07-21 17:30:00",3310,12.8,1,1,7.159,9.87,12.63,0.874,1.117,0.724,0.641,49.3,42.71
"2024-07-21 18:00:00",3311,12.8,1,1,6.529,9.08,11.44,0.803,1.013,0.657,0.579,50.72,43.7
"2024-07-21 18:30:00",3312,12.8,1,1,5.386,7.42,9.51,0.656,0.841,0.537,0.477,53.12,44.13
"2024-07-21 19:00:00",3313,12.8,1,1,4.473,6.13,7.93,0.543,0.702,0.444,0.393,53.39,44.3
"2024-07-21 19:30:00",3314,12.8,1,1,3.273,4.43,5.86,0.392,0.519,0.32,0.28,52.5,42.16
"2024-07-21 20:00:00",3315,12.79,1,1,2.171,2.79,4.04,0.247,0.357,0.195,0.185,52.46,40.72
"2024-07-21 20:30:00",3316,12.79,1,1,1.375,1.66,2.67,0.147,0.237,0.115,0.112,51.94,39.78
"2024-07-21 21:00:00",3317,12.79,1,1,0.971,1.06,2,0.094,0.177,0.068,0.072,50.59,40.09
"2024-07-21 21:30:00",3318,12.79,1,1,0.735,0.73,1.59,0.065,0.14,0.043,0.051,49.81,39.16
"2024-07-21 22:00:00",3319,12.79,1,1,0.566,0.49,1.3,0.043,0.115,0.025,0.038,49.41,38.08
"2024-07-21 22:30:00",3320,12.78,1,1,0.458,0.31,1.14,0.027,0.1,0.015,0.028,50.04,38.7
"2024-07-21 23:00:00",3321,12.78,1,1,0.394,0.21,1.04,0.019,0.092,0.01,0.021,49.39,38.07
"2024-07-21 23:30:00",3322,12.78,1,1,0.343,0.15,0.94,0.013,0.083,0,0.012,49.45,38.54
"2024-07-22 00:00:00",3323,12.78,1,1,0.293,0.09,0.84,0.008,0.075,-0.005,0.012,50.5,38.33
"2024-07-22 00:30:00",3324,12.78,1,1,0.264,0.03,0.81,0.003,0.072,-0.003,0.009,50.03,38.03
"2024-07-22 01:00:00",3325,12.77,1,1,0.223,0,0.71,0,0.063,-0.008,0.002,50.14,38.24
"2024-07-22 01:30:00",3326,12.77,1,1,0.197,-0.02,0.65,-0.003,0.057,-0.008,-0.002,49.71,37.55
"2024-07-22 02:00:00",3327,12.77,1,1,0.156,-0.08,0.58,-0.008,0.052,-0.018,-0.005,50.02,37.71
"2024-07-22 02:30:00",3328,12.77,1,1,0.108,-0.17,0.52,-0.016,0.046,-0.02,-0.007,49.26,38.09
"2024-07-22 03:00:00",3329,12.77,1,1,0.127,-0.11,0.52,-0.011,0.046,-0.018,-0.009,50.12,38.53
"2024-07-22 03:30:00",3330,12.77,1,1,0.137,-0.11,0.55,-0.011,0.049,-0.015,-0.005,50.56,37.98
"2024-07-22 04:00:00",3331,12.76,1,1,0.127,-0.11,0.52,-0.011,0.046,-0.02,-0.007,50.22,37.65
"2024-07-22 04:30:00",3332,12.76,1,1,0.118,-0.14,0.52,-0.014,0.046,-0.023,-0.005,50.48,37.5
"2024-07-22 05:00:00",3333,12.76,1,1,0.099,-0.17,0.49,-0.016,0.043,-0.02,-0.009,49.92,37.61
"2024-07-22 05:30:00",3334,12.76,1,1,0.086,-0.17,0.45,-0.016,0.04,-0.02,-0.007,48.98,38.65
"2024-07-22 06:00:00",3335,12.76,1,1,0.079,-0.2,0.46,-0.019,0.04,-0.025,-0.014,49.5,38.01
"2024-07-22 06:30:00",3336,12.76,1,1,0.147,-0.08,0.55,-0.008,0.049,-0.018,-0.005,50.97,37.98
"2024-07-22 07:00:00",3337,12.75,1,1,0.204,0,0.65,0,0.057,-0.01,-0.002,49.98,38.81
"2024-07-22 07:30:00",3338,12.75,1,1,0.322,0.18,0.84,0.016,0.074,0.007,0.009,50.22,39.15
"2024-07-22 08:00:00",3339,12.75,1,1,0.557,0.51,1.25,0.045,0.111,0.027,0.031,50.44,39.53
"2024-07-22 08:30:00",3340,12.75,1,1,1.614,1.98,3.1,0.175,0.275,0.141,0.135,52.1,40.92
"2024-07-22 09:00:00",3341,12.75,1,1,2.263,2.94,4.18,0.26,0.37,0.214,0.195,52.08,42.01
"2024-07-22 09:30:00",3342,12.75,1,1,2.629,3.45,4.82,0.305,0.427,0.248,0.229,53.44,42.11
"2024-07-22 10:00:00",3343,12.75,1,1,3.263,4.4,5.86,0.389,0.518,0.322,0.285,53.28,42.37
"2024-07-22 10:30:00",3344,12.74,1,1,4.169,5.58,7.53,0.494,0.666,0.412,0.372,53.52,43.86
"2024-07-22 11:00:00",3345,12.75,1,1,4.613,6.31,8.19,0.558,0.725,0.46,0.408,54.02,43.11
"2024-07-22 11:30:00",3346,12.75,1,1,4.034,5.49,7.19,0.486,0.637,0.4,0.358,53.47,43.4
"2024-07-22 12:00:00",3347,12.74,1,1,5.042,6.88,8.97,0.609,0.794,0.509,0.456,53.45,44.78
"2024-07-22 12:30:00",3348,12.75,1,1,5.629,7.81,9.88,0.691,0.874,0.57,0.497,50.61,43.86
"2024-07-22 13:00:00",3349,12.75,1,1,5.167,7.16,9.08,0.634,0.803,0.52,0.455,52.72,43.73
"2024-07-22 13:30:00",3350,12.74,1,1,4.66,6.36,8.29,0.563,0.734,0.459,0.408,52.13,43.71
"2024-07-22 14:00:00",3351,12.74,1,1,4.705,6.45,8.34,0.571,0.738,0.468,0.417,53.16,43.08
"2024-07-22 14:30:00",3352,12.74,1,1,4.384,6.05,7.73,0.535,0.685,0.435,0.378,51.77,43.36
"2024-07-22 15:00:00",3353,12.74,1,1,3.053,4.1,5.5,0.363,0.487,0.293,0.266,51.81,42.16
"2024-07-22 15:30:00",3354,12.74,1,1,1.108,1.31,2.18,0.116,0.193,0.082,0.08,50.22,39.72
"2024-07-22 16:00:00",3355,12.74,1,1,0.473,0.28,1.22,0.025,0.108,0.01,0.029,49.1,38.75
"2024-07-22 16:30:00",3356,12.74,1,1,0.309,0.12,0.86,0.011,0.076,-0.003,0.01,49.56,38.07
"2024-07-22 17:00:00",3357,12.73,1,1,0.13,-0.17,0.59,-0.016,0.052,-0.02,0,49.68,37.93
"2024-07-22 17:30:00",3358,12.73,1,1,0.086,-0.21,0.49,-0.019,0.044,-0.026,-0.01,50.45,37.71
"2024-07-22 18:00:00",3359,12.73,1,1,0.037,-0.33,0.46,-0.03,0.041,-0.033,-0.014,48.68,37.5
"2024-07-22 18:30:00",3360,12.73,1,1,0.118,-0.08,0.46,-0.008,0.041,-0.018,-0.012,50.09,37.93
"2024-07-22 19:00:00",3361,12.72,1,1,0.149,-0.14,0.62,-0.013,0.055,-0.023,-0.005,49.58,38.25
"2024-07-22 19:30:00",3362,12.72,1,1,0.108,-0.14,0.49,-0.014,0.044,-0.023,-0.007,49.19,38.28
"2024-07-22 20:00:00",3363,12.72,1,1,-0.012,-0.36,0.33,-0.033,0.029,-0.036,-0.017,49.83,37.51
"2024-07-22 20:30:00",3364,12.72,1,1,-0.021,-0.32,0.26,-0.03,0.023,-0.038,-0.019,50.52,38.35
"2024-07-22 21:00:00",3365,12.72,1,1,-0.041,-0.38,0.26,-0.035,0.023,-0.038,-0.019,49.42,38.77
"2024-07-22 21:30:00",3366,12.72,1,1,-0.053,-0.39,0.23,-0.035,0.02,-0.038,-0.022,50.09,38.35
"2024-07-22 22:00:00",3367,12.71,1,1,-0.083,-0.51,0.26,-0.046,0.023,-0.046,-0.022,49.56,38.07
"2024-07-22 22:30:00",3368,12.71,1,1,-0.092,-0.48,0.2,-0.043,0.017,-0.046,-0.022,48.79,38.29
"2024-07-22 23:00:00",3369,12.72,1,1,-0.063,-0.42,0.23,-0.038,0.02,-0.038,-0.024,50.64,37.4
"2024-07-22 23:30:00",3370,12.72,1,1,-0.063,-0.42,0.23,-0.038,0.02,-0.038,-0.022,49.11,37.36
"2024-07-23 00:00:00",3371,12.71,1,1,-0.063,-0.39,0.2,-0.035,0.017,-0.038,-0.024,49.17,37.99
"2024-07-23 00:30:00",3372,12.71,1,1,-0.063,-0.39,0.2,-0.035,0.017,-0.038,-0.024,48.86,37.68
"2024-07-23 01:00:00",3373,12.71,1,1,-0.063,-0.39,0.2,-0.035,0.017,-0.038,-0.024,49.23,38.15
"2024-07-23 01:30:00",3374,12.71,1,1,-0.053,-0.39,0.23,-0.035,0.02,-0.038,-0.024,49.31,37.56
"2024-07-23 02:00:00",3375,12.71,1,1,-0.075,-0.36,0.13,-0.033,0.012,-0.038,-0.029,50.24,37.93
"2024-07-23 02:30:00",3376,12.71,1,1,-0.075,-0.36,0.13,-0.033,0.012,-0.036,-0.026,49.42,37.68
"2024-07-23 03:00:00",3377,12.71,1,1,-0.075,-0.36,0.13,-0.032,0.012,-0.033,-0.029,50.3,38.29
"2024-07-23 03:30:00",3378,12.7,1,1,-0.075,-0.36,0.13,-0.032,0.012,-0.038,-0.026,49.7,38.37
"2024-07-23 04:00:00",3379,12.7,1,1,-0.063,-0.42,0.23,-0.038,0.02,-0.041,-0.024,49.24,37.34
"2024-07-23 04:30:00",3380,12.7,1,1,-0.053,-0.36,0.2,-0.033,0.017,-0.038,-0.026,50.23,38.07
"2024-07-23 05:00:00",3381,12.7,1,1,-0.065,-0.36,0.16,-0.033,0.014,-0.038,-0.026,49.4,37.66
"2024-07-23 05:30:00",3382,12.7,1,1,-0.034,-0.33,0.23,-0.03,0.02,-0.038,-0.024,49.05,37.72
"2024-07-23 06:00:00",3383,12.7,1,1,-0.075,-0.39,0.16,-0.035,0.014,-0.036,-0.029,49.71,37.97
"2024-07-23 06:30:00",3384,12.7,1,1,-0.033,-0.3,0.2,-0.027,0.017,-0.031,-0.024,49.52,38.61
"2024-07-23 07:00:00",3385,12.7,1,1,-0.024,-0.27,0.2,-0.024,0.017,-0.031,-0.024,49.5,37.35
"2024-07-23 07:30:00",3386,12.7,1,1,-0.033,-0.26,0.16,-0.024,0.014,-0.035,-0.026,50.68,38.37
"2024-07-23 08:00:00",3387,12.7,1,1,0.146,-0.11,0.58,-0.011,0.052,-0.015,-0.007,50.64,38.22
"2024-07-23 08:30:00",3388,12.69,1,1,0.576,0.52,1.3,0.046,0.115,0.028,0.036,50.96,39.22
"2024-07-23 09:00:00",3389,12.69,1,1,1.642,2.04,3.13,0.181,0.277,0.147,0.137,51.54,40.78
"2024-07-23 09:30:00",3390,12.69,1,1,2.254,2.92,4.17,0.259,0.369,0.211,0.192,54.26,42.26
"2024-07-23 10:00:00",3391,12.69,1,1,4.662,6.22,8.44,0.55,0.747,0.456,0.424,52.23,44.65
"2024-07-23 10:30:00",3392,12.69,1,1,5.552,7.63,9.82,0.675,0.869,0.556,0.496,51.62,44.46
"2024-07-23 11:00:00",3393,12.69,1,1,5.947,8.26,10.43,0.731,0.923,0.598,0.524,52.04,43.78
"2024-07-23 11:30:00",3394,12.69,1,1,6.86,9.47,12.09,0.838,1.07,0.691,0.614,50.26,43.09
"2024-07-23 12:00:00",3395,12.69,1,1,6.767,9.35,11.92,0.828,1.055,0.683,0.606,51.1,43.52
"2024-07-23 12:30:00",3396,12.68,1,1,7.591,10.43,13.43,0.923,1.188,0.759,0.684,48.96,42.88
"2024-07-23 13:00:00",3397,12.69,1,1,8.04,11.01,14.26,0.974,1.262,0.81,0.721,47.98,42.73
"2024-07-23 13:30:00",3398,12.68,1,1,8.68,11.85,15.45,1.048,1.368,0.875,0.788,47.28,41.36
"2024-07-23 14:00:00",3399,12.68,1,1,9.09,12.41,16.15,1.099,1.429,0.921,0.83,45.72,40.37
"2024-07-23 14:30:00",3400,12.69,1,1,9.33,12.73,16.61,1.127,1.47,0.951,0.855,44.22,39.96
"2024-07-23 15:00:00",3401,12.68,1,1,9.12,12.6,16.06,1.115,1.421,0.921,0.82,45.11,39.87
"2024-07-23 15:30:00",3402,12.68,1,1,9.21,12.67,16.28,1.121,1.441,0.928,0.83,44.94,39.85
"2024-07-23 16:00:00",3403,12.68,1,1,8.5,11.78,14.94,1.043,1.322,0.857,0.762,46.57,41.22
"2024-07-23 16:30:00",3404,12.68,1,1,8.19,11.22,14.51,0.993,1.284,0.819,0.734,47.87,42.37
"2024-07-23 17:00:00",3405,12.68,1,1,8.4,11.51,14.88,1.019,1.317,0.851,0.757,47.32,40.98
"2024-07-23 17:30:00",3406,12.68,1,1,8.01,11.07,14.11,0.98,1.249,0.808,0.721,48.34,42.26
"2024-07-23 18:00:00",3407,12.68,1,1,6.224,8.66,10.9,0.766,0.965,0.627,0.55,51.56,43.56
"2024-07-23 18:30:00",3408,12.68,1,1,4.524,6.19,8.03,0.548,0.71,0.444,0.394,52.39,42.73
"2024-07-23 19:00:00",3409,12.68,1,1,3.598,4.91,6.4,0.435,0.566,0.352,0.311,52.32,42.92
"2024-07-23 19:30:00",3410,12.67,1,1,2.744,3.64,4.99,0.323,0.442,0.259,0.237,52.02,42.77
"2024-07-23 20:00:00",3411,12.67,1,1,2.079,2.69,3.85,0.238,0.341,0.191,0.175,52.19,40.04
"2024-07-23 20:30:00",3412,12.67,1,1,1.407,1.67,2.76,0.147,0.244,0.115,0.116,51.86,40.38
"2024-07-23 21:00:00",3413,12.67,1,1,0.98,1.05,2.04,0.093,0.181,0.069,0.076,51.63,39.89
"2024-07-23 21:30:00",3414,12.67,1,1,0.776,0.74,1.71,0.066,0.151,0.049,0.06,51.26,39.52
"2024-07-23 22:00:00",3415,12.66,1,1,0.633,0.52,1.48,0.046,0.131,0.031,0.043,51.06,39.32
"2024-07-23 22:30:00",3416,12.67,1,1,0.579,0.47,1.36,0.041,0.12,0.023,0.041,50.71,38.97
"2024-07-23 23:00:00",3417,12.66,1,1,0.333,0.06,1,0.006,0.088,-0.003,0.017,49.97,38.64
"2024-07-23 23:30:00",3418,12.66,1,1,0.232,-0.02,0.76,-0.003,0.067,-0.01,0.005,49.51,38.34
"2024-07-24 00:00:00",3419,12.66,1,1,0.181,-0.08,0.66,-0.008,0.058,-0.018,0,50.24,37.66
"2024-07-24 00:30:00",3420,12.66,1,1,0.127,-0.15,0.56,-0.014,0.05,-0.018,-0.005,50.63,38.21
"2024-07-24 01:00:00",3421,12.65,1,1,0.117,-0.18,0.56,-0.017,0.05,-0.023,-0.007,49.9,37.99
"2024-07-24 01:30:00",3422,12.65,1,1,0.076,-0.21,0.46,-0.019,0.041,-0.023,-0.01,49.72,37.98
"2024-07-24 02:00:00",3423,12.65,1,1,0.089,-0.14,0.43,-0.014,0.038,-0.023,-0.012,49.63,38.3
"2024-07-24 02:30:00",3424,12.65,1,1,0.067,-0.21,0.43,-0.019,0.038,-0.021,-0.012,49.19,37.85
"2024-07-24 03:00:00",3425,12.65,1,1,0.076,-0.21,0.46,-0.019,0.041,-0.026,-0.01,49.99,37.83
"2024-07-24 03:30:00",3426,12.65,1,1,0.089,-0.17,0.46,-0.016,0.041,-0.021,-0.01,49.77,38.03
"2024-07-24 04:00:00",3427,12.65,1,1,0.095,-0.18,0.49,-0.016,0.044,-0.023,-0.01,50.19,38.03
"2024-07-24 04:30:00",3428,12.64,1,1,0.048,-0.24,0.4,-0.022,0.035,-0.026,-0.015,50.02,37.86
"2024-07-24 05:00:00",3429,12.64,1,1,0.067,-0.18,0.4,-0.016,0.035,-0.018,-0.019,50.37,37.8
"2024-07-24 05:30:00",3430,12.64,1,1,0.047,-0.27,0.43,-0.025,0.038,-0.031,-0.01,50.66,38.08
"2024-07-24 06:00:00",3431,12.64,1,1,0.077,-0.15,0.4,-0.014,0.035,-0.026,-0.014,49.88,37.46
"2024-07-24 06:30:00",3432,12.64,1,1,0.068,-0.14,0.36,-0.014,0.032,-0.021,-0.017,50.5,37.92
"2024-07-24 07:00:00",3433,12.64,1,1,0.077,-0.18,0.43,-0.016,0.038,-0.023,-0.012,50.09,38.09
"2024-07-24 07:30:00",3434,12.64,1,1,0.105,-0.12,0.46,-0.011,0.041,-0.018,-0.01,49.41,37.93
"2024-07-24 08:00:00",3435,12.64,1,1,0.098,-0.18,0.5,-0.017,0.044,-0.023,-0.007,49.68,37.36
"2024-07-24 08:30:00",3436,12.63,1,1,0.006,-0.37,0.4,-0.033,0.035,-0.031,-0.015,48.73,37.82
"2024-07-24 09:00:00",3437,12.63,1,1,0.067,-0.18,0.4,-0.016,0.035,-0.023,-0.015,49.79,37.47
"2024-07-24 09:30:00",3438,12.63,1,1,0.057,-0.21,0.4,-0.019,0.035,-0.026,-0.015,49.4,37.39
"2024-07-24 10:00:00",3439,12.63,1,1,0.058,-0.18,0.37,-0.016,0.032,-0.023,-0.017,49.29,38.38
"2024-07-24 10:30:00",3440,12.63,1,1,-0.005,-0.27,0.26,-0.024,0.023,-0.031,-0.019,50.19,37.77
"2024-07-24 11:00:00",3441,12.62,1,1,-0.053,-0.32,0.16,-0.03,0.014,-0.033,-0.027,50.48,38.17
"2024-07-24 11:30:00",3442,12.63,1,1,-0.015,-0.3,0.26,-0.027,0.023,-0.033,-0.019,49.04,37.97
"2024-07-24 12:00:00",3443,12.63,1,1,-0.034,-0.33,0.23,-0.03,0.02,-0.036,-0.024,50.54,38.54
"2024-07-24 12:30:00",3444,12.62,1,1,0.057,-0.24,0.43,-0.022,0.038,-0.026,-0.015,49.76,37.6
"2024-07-24 13:00:00",3445,12.62,1,1,0.14,-0.14,0.59,-0.014,0.052,-0.018,-0.002,49.31,38.24
"2024-07-24 13:30:00",3446,12.62,1,1,0.62,0.52,1.44,0.046,0.127,0.033,0.043,51.24,39.09
"2024-07-24 14:00:00",3447,12.62,1,1,1.55,1.87,3.01,0.166,0.267,0.133,0.127,51.4,40.65
"2024-07-24 14:30:00",3448,12.62,1,1,4.108,5.45,7.47,0.483,0.661,0.403,0.369,54.37,44.03
"2024-07-24 15:00:00",3449,12.62,1,1,5.344,7.25,9.55,0.641,0.845,0.538,0.482,51.82,45.07
"2024-07-24 15:30:00",3450,12.62,1,1,4.954,6.87,8.7,0.608,0.77,0.491,0.433,51,43.26
"2024-07-24 16:00:00",3451,12.62,1,1,2.347,3.1,4.28,0.275,0.379,0.221,0.196,51.33,41.92
"2024-07-24 16:30:00",3452,12.62,1,1,0.799,0.85,1.67,0.076,0.148,0.05,0.056,50.76,39.17
"2024-07-24 17:00:00",3453,12.62,1,1,0.402,0.34,0.93,0.03,0.082,0.015,0.014,50.27,38.69
"2024-07-24 17:30:00",3454,12.61,1,1,0.191,-0.02,0.63,-0.003,0.055,-0.01,0,50.39,38.49
"2024-07-24 18:00:00",3455,12.62,1,1,0.067,-0.18,0.4,-0.017,0.035,-0.023,-0.012,50.34,38.33
"2024-07-24 18:30:00",3456,12.61,1,1,-0.002,-0.3,0.3,-0.027,0.026,-0.031,-0.019,50.5,37.92
"2024-07-24 19:00:00",3457,12.61,1,1,-0.021,-0.33,0.27,-0.03,0.024,-0.031,-0.019,50.36,37.36
"2024-07-24 19:30:00",3458,12.61,1,1,-0.082,-0.42,0.17,-0.038,0.015,-0.041,-0.024,49.57,38.65
"2024-07-24 20:00:00",3459,12.61,1,1,-0.054,-0.42,0.26,-0.038,0.023,-0.041,-0.024,51.65,37.41
"2024-07-24 20:30:00",3460,12.61,1,1,-0.056,-0.37,0.2,-0.033,0.018,-0.037,-0.024,49.89,37.31
"2024-07-24 21:00:00",3461,12.61,1,1,-0.107,-0.46,0.13,-0.041,0.012,-0.044,-0.024,49.83,37.41
"2024-07-24 21:30:00",3462,12.61,1,1,-0.085,-0.43,0.17,-0.039,0.015,-0.039,-0.024,49.43,37.68
"2024-07-24 22:00:00",3463,12.61,1,1,-0.126,-0.49,0.1,-0.044,0.009,-0.047,-0.029,50.03,37.72
"2024-07-24 22:30:00",3464,12.6,1,1,-0.107,-0.46,0.13,-0.041,0.012,-0.044,-0.029,50.22,38.06
"2024-07-24 23:00:00",3465,12.6,1,1,-0.107,-0.43,0.1,-0.039,0.009,-0.044,-0.032,49.77,37.35
"2024-07-24 23:30:00",3466,12.6,1,1,-0.098,-0.43,0.13,-0.039,0.012,-0.044,-0.029,50.27,37.28
"2024-07-25 00:00:00",3467,12.6,1,1,-0.126,-0.49,0.1,-0.044,0.009,-0.052,-0.032,49.91,37.76
"2024-07-25 00:30:00",3468,12.6,1,1,-0.126,-0.46,0.07,-0.042,0.006,-0.042,-0.032,48.88,38.13
"2024-07-25 01:00:00",3469,12.6,1,1,-0.085,-0.43,0.17,-0.039,0.015,-0.039,-0.029,49.76,37.45
"2024-07-25 01:30:00",3470,12.6,1,1,-0.107,-0.43,0.1,-0.039,0.009,-0.039,-0.032,50.33,37.76
"2024-07-25 02:00:00",3471,12.59,1,1,-0.117,-0.46,0.1,-0.042,0.009,-0.044,-0.032,49.52,38.34
"2024-07-25 02:30:00",3472,12.6,1,1,-0.107,-0.43,0.1,-0.039,0.009,-0.044,-0.032,50.49,37.91
"2024-07-25 03:00:00",3473,12.59,1,1,-0.088,-0.4,0.13,-0.036,0.012,-0.039,-0.024,49.61,38.02
"2024-07-25 03:30:00",3474,12.59,1,1,-0.116,-0.43,0.07,-0.039,0.006,-0.039,-0.029,50.17,37.44
"2024-07-25 04:00:00",3475,12.59,1,1,-0.107,-0.43,0.1,-0.039,0.009,-0.042,-0.032,50.29,38.13
"2024-07-25 04:30:00",3476,12.59,1,1,-0.126,-0.46,0.07,-0.042,0.006,-0.042,-0.029,49.29,37.13
"2024-07-25 05:00:00",3477,12.59,1,1,-0.088,-0.4,0.13,-0.036,0.012,-0.042,-0.029,50.7,38.12
"2024-07-25 05:30:00",3478,12.58,1,1,-0.107,-0.43,0.1,-0.039,0.009,-0.044,-0.029,50.23,37.81
"2024-07-25 06:00:00",3479,12.58,1,1,-0.097,-0.4,0.1,-0.036,0.009,-0.039,-0.029,50.27,38.27
"2024-07-25 06:30:00",3480,12.58,1,1,-0.097,-0.4,0.1,-0.036,0.009,-0.044,-0.029,49.6,37.44
"2024-07-25 07:00:00",3481,12.59,1,1,-0.088,-0.37,0.1,-0.033,0.009,-0.042,-0.032,50.07,38.17
"2024-07-25 07:30:00",3482,12.58,1,1,-0.107,-0.43,0.1,-0.039,0.009,-0.039,-0.032,49.96,37.8
"2024-07-25 08:00:00",3483,12.58,1,1,-0.107,-0.43,0.1,-0.039,0.009,-0.042,-0.027,50.25,37.94
"2024-07-25 08:30:00",3484,12.58,1,1,-0.072,-0.39,0.17,-0.036,0.015,-0.042,-0.027,49.88,37.32
"2024-07-25 09:00:00",3485,12.57,1,1,-0.062,-0.36,0.17,-0.033,0.015,-0.036,-0.027,50.88,38.16
"2024-07-25 09:30:00",3486,12.57,1,1,-0.034,-0.33,0.23,-0.03,0.021,-0.039,-0.022,51.45,38.47
"2024-07-25 10:00:00",3487,12.57,1,1,0.176,0,0.56,0,0.05,-0.008,-0.005,49.57,38.1
"2024-07-25 10:30:00",3488,12.57,1,1,0.391,0.25,0.99,0.022,0.088,0.013,0.019,51.46,38.89
"2024-07-25 11:00:00",3489,12.57,1,1,0.792,0.81,1.69,0.071,0.15,0.054,0.058,50.89,38.74
"2024-07-25 11:30:00",3490,12.58,1,1,1.35,1.65,2.6,0.146,0.23,0.114,0.104,52.16,40.84
"2024-07-25 12:00:00",3491,12.57,1,1,1.627,2.04,3.08,0.181,0.272,0.141,0.131,49.99,41.17
"2024-07-25 12:30:00",3492,12.57,1,1,1.587,2.14,2.85,0.189,0.252,0.137,0.118,50,39.67
"2024-07-25 13:00:00",3493,12.57,1,1,0.662,0.67,1.42,0.059,0.125,0.042,0.039,50.85,39.28
"2024-07-25 13:30:00",3494,12.57,1,1,0.433,0.35,1.02,0.031,0.091,0.016,0.017,50.75,38.61
"2024-07-25 14:00:00",3495,12.57,1,1,0.268,0.15,0.7,0.014,0.062,0,0.002,52.02,38.62
"2024-07-25 14:30:00",3496,12.56,1,1,0.462,0.4,1.06,0.035,0.094,0.018,0.022,52.33,39.09
"2024-07-25 15:00:00",3497,12.56,1,1,1.226,1.45,2.41,0.129,0.213,0.103,0.094,51.76,40.02
"2024-07-25 15:30:00",3498,12.56,1,1,1.785,2.2,3.42,0.195,0.302,0.159,0.15,51.27,41.61
"2024-07-25 16:00:00",3499,12.56,1,1,0.665,0.66,1.44,0.059,0.128,0.042,0.044,50.66,38.92
"2024-07-25 16:30:00",3500,12.56,1,1,0.316,0.22,0.78,0.019,0.069,0.01,0.005,50.14,38.82
"2024-07-25 17:00:00",3501,12.56,1,1,0.108,-0.15,0.5,-0.014,0.044,-0.024,-0.01,49.8,38.32
"2024-07-25 17:30:00",3502,12.56,1,1,0.079,-0.21,0.47,-0.02,0.042,-0.024,-0.01,49.57,37.99
"2024-07-25 18:00:00",3503,12.56,1,1,-0.002,-0.3,0.3,-0.028,0.027,-0.034,-0.022,50.82,38.67
"2024-07-25 18:30:00",3504,12.55,1,1,0.099,-0.12,0.44,-0.011,0.039,-0.021,-0.015,50.37,38.64
"2024-07-25 19:00:00",3505,12.55,1,1,0.007,-0.24,0.27,-0.022,0.024,-0.029,-0.02,50.43,37.44
"2024-07-25 19:30:00",3506,12.55,1,1,-0.005,-0.31,0.3,-0.028,0.027,-0.032,-0.02,49.81,38.22
"2024-07-25 20:00:00",3507,12.55,1,1,-0.005,-0.28,0.27,-0.025,0.024,-0.032,-0.02,49.69,37.54
"2024-07-25 20:30:00",3508,12.55,1,1,-0.005,-0.28,0.27,-0.025,0.024,-0.029,-0.02,50.74,37.91
"2024-07-25 21:00:00",3509,12.55,1,1,-0.025,-0.34,0.27,-0.031,0.024,-0.034,-0.022,49.7,38.38
"2024-07-25 21:30:00",3510,12.55,1,1,-0.014,-0.28,0.24,-0.025,0.021,-0.032,-0.025,50.14,37.41
"2024-07-25 22:00:00",3511,12.54,1,1,-0.005,-0.28,0.27,-0.025,0.024,-0.032,-0.022,49.77,37.87
"2024-07-25 22:30:00",3512,12.54,1,1,0.004,-0.25,0.27,-0.023,0.024,-0.029,-0.025,49.88,38.4
"2024-07-25 23:00:00",3513,12.54,1,1,-0.014,-0.28,0.24,-0.026,0.021,-0.035,-0.025,49.94,38.45
"2024-07-25 23:30:00",3514,12.54,1,1,-0.005,-0.25,0.24,-0.023,0.021,-0.029,-0.022,49.62,38.29
"2024-07-26 00:00:00",3515,12.54,1,1,-0.027,-0.28,0.2,-0.026,0.018,-0.035,-0.027,49.11,37.51
"2024-07-26 00:30:00",3516,12.54,1,1,-0.046,-0.34,0.2,-0.031,0.018,-0.037,-0.025,49.77,37.76
"2024-07-26 01:00:00",3517,12.54,1,1,-0.037,-0.31,0.2,-0.028,0.018,-0.037,-0.022,49.26,38.61
"2024-07-26 01:30:00",3518,12.54,1,1,0.014,-0.15,0.2,-0.014,0.018,-0.027,-0.027,49.48,37.58
"2024-07-26 02:00:00",3519,12.54,1,1,-0.027,-0.28,0.2,-0.025,0.018,-0.029,-0.025,50.37,38.2
"2024-07-26 02:30:00",3520,12.53,1,1,-0.004,-0.22,0.21,-0.02,0.018,-0.032,-0.025,50.17,37.75
"2024-07-26 03:00:00",3521,12.53,1,1,0.036,-0.12,0.24,-0.011,0.021,-0.026,-0.022,49.37,37.88
"2024-07-26 03:30:00",3522,12.53,1,1,-0.027,-0.25,0.17,-0.023,0.015,-0.032,-0.03,49.36,37.88
"2024-07-26 04:00:00",3523,12.53,1,1,0.026,-0.18,0.27,-0.017,0.024,-0.024,-0.025,50.92,37.93
"2024-07-26 04:30:00",3524,12.53,1,1,-0.028,-0.36,0.28,-0.032,0.025,-0.033,-0.022,49.21,37.46
"2024-07-26 05:00:00",3525,12.53,1,1,0.1,-0.06,0.38,-0.006,0.034,-0.016,-0.018,50.46,37.47
"2024-07-26 05:30:00",3526,12.53,1,1,0.092,-0.15,0.45,-0.015,0.04,-0.019,-0.015,49.33,38.25
"2024-07-26 06:00:00",3527,12.52,1,1,0.195,0.1,0.52,0.009,0.046,-0.003,-0.01,49.52,38.19
"2024-07-26 06:30:00",3528,12.52,1,1,0.329,0.25,0.79,0.023,0.07,0.008,0.003,50.67,38.66
"2024-07-26 07:00:00",3529,12.52,1,1,0.709,0.61,1.63,0.054,0.144,0.04,0.054,51.08,39.18
"2024-07-26 07:30:00",3530,12.51,1,1,2.457,3.2,4.53,0.284,0.401,0.23,0.208,53.68,41.52
"2024-07-26 08:00:00",3531,12.52,1,1,3.83,5.2,6.84,0.461,0.606,0.38,0.334,53.21,44.12
"2024-07-26 08:30:00",3532,12.51,1,1,5.121,6.96,9.14,0.616,0.809,0.517,0.462,54.44,44.36
"2024-07-26 09:00:00",3533,12.51,1,1,6.407,8.77,11.37,0.776,1.007,0.64,0.579,52.62,43.94
"2024-07-26 09:30:00",3534,12.51,1,1,7.029,9.51,12.59,0.842,1.114,0.728,0.648,51.48,43.89
"2024-07-26 10:00:00",3535,12.51,1,1,7.186,9.75,12.84,0.863,1.136,0.731,0.659,49.81,43.06
"2024-07-26 10:30:00",3536,12.5,1,1,7.396,10.13,13.12,0.896,1.161,0.742,0.669,49.3,43.38
"2024-07-26 11:00:00",3537,12.51,1,1,7.682,10.41,13.74,0.921,1.216,0.774,0.698,48.33,41.99
"2024-07-26 11:30:00",3538,12.51,1,1,8.16,11.09,14.56,0.981,1.289,0.838,0.764,47.99,41.65
"2024-07-26 12:00:00",3539,12.51,1,1,8.73,12.2,15.23,1.079,1.348,0.869,0.764,46.65,41.3
"2024-07-26 12:30:00",3540,12.5,1,1,8.89,12.24,15.71,1.084,1.39,0.903,0.807,45.94,40.58
"2024-07-26 13:00:00",3541,12.51,1,1,8.9,12.23,15.75,1.083,1.394,0.883,0.8,46.11,40.6
"2024-07-26 13:30:00",3542,12.5,1,1,9.14,12.5,16.23,1.106,1.437,0.921,0.832,45.19,39.95
"2024-07-26 14:00:00",3543,12.5,1,1,8.93,12.08,16,1.069,1.416,0.913,0.828,46.03,40.11
"2024-07-26 14:30:00",3544,12.5,1,1,9.23,12.54,16.49,1.11,1.46,0.951,0.862,44.58,39.74
"2024-07-26 15:00:00",3545,12.5,1,1,9.07,12.39,16.11,1.097,1.426,0.929,0.836,45.48,39.82
"2024-07-26 15:30:00",3546,12.5,1,1,9.27,12.72,16.42,1.126,1.453,0.957,0.853,45.01,39.51
"2024-07-26 16:00:00",3547,12.5,1,1,8.76,12.03,15.49,1.065,1.371,0.884,0.794,46.82,41.32
"2024-07-26 16:30:00",3548,12.5,1,1,8.81,12.07,15.64,1.069,1.384,0.894,0.802,46.05,40.29
"2024-07-26 17:00:00",3549,12.5,1,1,7.521,10.35,13.29,0.916,1.176,0.759,0.672,49.28,42.53
"2024-07-26 17:30:00",3550,12.5,1,1,7.009,9.66,12.37,0.855,1.095,0.704,0.631,50.55,43.38
"2024-07-26 18:00:00",3551,12.5,1,1,5.941,8.28,10.39,0.733,0.919,0.597,0.524,51.01,43.84
"2024-07-26 18:30:00",3552,12.5,1,1,5.128,7.04,9.08,0.623,0.803,0.514,0.454,52.67,44.09
"2024-07-26 19:00:00",3553,12.5,1,1,4.221,5.76,7.51,0.51,0.664,0.42,0.373,53.23,43.15
"2024-07-26 19:30:00",3554,12.5,1,1,3.012,4.02,5.45,0.356,0.482,0.287,0.257,52.09,42.42
"2024-07-26 20:00:00",3555,12.5,1,1,2.228,2.84,4.17,0.252,0.369,0.198,0.186,51.13,41.06
"2024-07-26 20:30:00",3556,12.49,1,1,1.588,1.92,3.08,0.17,0.273,0.132,0.131,52.23,39.51
"2024-07-26 21:00:00",3557,12.49,1,1,1.034,1.13,2.13,0.1,0.188,0.075,0.079,52.17,39.33
"2024-07-26 21:30:00",3558,12.49,1,1,0.817,0.8,1.78,0.071,0.157,0.048,0.062,50.28,39.11
"2024-07-26 22:00:00",3559,12.49,1,1,0.607,0.52,1.4,0.046,0.124,0.032,0.037,50.02,38.85
"2024-07-26 22:30:00",3560,12.49,1,1,0.444,0.22,1.19,0.02,0.106,0.008,0.027,50.04,38.97
"2024-07-26 23:00:00",3561,12.49,1,1,0.461,0.29,1.17,0.026,0.103,0.008,0.025,49.29,38.12
"2024-07-26 23:30:00",3562,12.48,1,1,0.394,0.16,1.09,0.014,0.097,0.005,0.025,49.34,38.17
"2024-07-27 00:00:00",3563,12.48,1,1,0.426,0.29,1.06,0.025,0.094,0.013,0.022,50.11,39.04
"2024-07-27 00:30:00",3564,12.48,1,1,0.331,0.13,0.92,0.011,0.082,0,0.015,49.67,38.91
"2024-07-27 01:00:00",3565,12.48,1,1,0.318,0.16,0.85,0.014,0.076,0.003,0.012,50.24,37.66
"2024-07-27 01:30:00",3566,12.47,1,1,0.29,0.1,0.82,0.008,0.073,0,0.01,50.42,38.66
"2024-07-27 02:00:00",3567,12.48,1,1,0.293,0.13,0.8,0.012,0.07,0,0.005,49.49,38.73
"2024-07-27 02:30:00",3568,12.47,1,1,0.29,0.13,0.79,0.011,0.07,-0.003,0.003,49.76,37.59
"2024-07-27 03:00:00",3569,12.47,1,1,0.21,-0.02,0.69,-0.003,0.061,-0.011,0.003,50,38.67
"2024-07-27 03:30:00",3570,12.47,1,1,0.245,0.06,0.72,0.006,0.064,-0.005,0.003,50.08,38.32
"2024-07-27 04:00:00",3571,12.47,1,1,0.28,0.13,0.76,0.011,0.067,0.003,0.003,49.77,37.86
"2024-07-27 04:30:00",3572,12.47,1,1,0.206,-0.06,0.72,-0.006,0.064,-0.011,0.003,48.97,38.88
"2024-07-27 05:00:00",3573,12.47,1,1,0.278,0.16,0.72,0.014,0.064,0.003,0.003,49.81,38.06
"2024-07-27 05:30:00",3574,12.47,1,1,0.258,0.13,0.69,0.011,0.061,0,0,50.59,38.16
"2024-07-27 06:00:00",3575,12.46,1,1,0.249,0.1,0.69,0.008,0.061,-0.003,0,49.73,38.4
"2024-07-27 06:30:00",3576,12.46,1,1,0.309,0.16,0.82,0.014,0.073,0.003,0.008,50.68,38.77
"2024-07-27 07:00:00",3577,12.46,1,1,0.752,0.8,1.57,0.071,0.139,0.048,0.05,50.24,38.9
"2024-07-27 07:30:00",3578,12.46,1,1,1.77,2.24,3.33,0.198,0.295,0.158,0.143,51.93,40.6
"2024-07-27 08:00:00",3579,12.46,1,1,2.607,3.41,4.79,0.302,0.424,0.25,0.227,53.85,42.93
"2024-07-27 08:30:00",3580,12.45,1,1,3.504,4.61,6.41,0.408,0.567,0.345,0.321,54.83,44.33
"2024-07-27 09:00:00",3581,12.45,1,1,5.172,7.01,9.25,0.62,0.819,0.516,0.473,52.79,43.8
"2024-07-27 09:30:00",3582,12.45,1,1,6.102,8.4,10.78,0.744,0.954,0.646,0.557,55.8,44.21
"2024-07-27 10:00:00",3583,12.45,1,1,6.913,9.43,12.3,0.835,1.089,0.701,0.631,50.23,44.05
"2024-07-27 10:30:00",3584,12.45,1,1,7.62,10.52,13.43,0.931,1.188,0.773,0.696,48.5,43.15
"2024-07-27 11:00:00",3585,12.45,1,1,7.969,10.94,14.11,0.968,1.249,0.81,0.729,48.14,42.21
"2024-07-27 11:30:00",3586,12.46,1,1,8.16,11.38,14.26,1.007,1.262,0.846,0.757,47.06,41.71
"2024-07-27 12:00:00",3587,12.45,1,1,8.6,11.62,15.42,1.028,1.365,0.883,0.8,47.05,40.88
"2024-07-27 12:30:00",3588,12.45,1,1,9.1,12.43,16.19,1.101,1.433,0.926,0.831,45.63,40.12
"2024-07-27 13:00:00",3589,12.46,1,1,9.37,12.75,16.7,1.128,1.478,0.952,0.856,44.7,39.61
"2024-07-27 13:30:00",3590,12.45,1,1,9.53,12.98,16.98,1.148,1.503,0.972,0.873,44.33,39.5
"2024-07-27 14:00:00",3591,12.45,1,1,9.03,12.39,15.98,1.097,1.414,0.919,0.82,44.81,40.4
"2024-07-27 14:30:00",3592,12.45,1,1,9.19,12.61,16.29,1.116,1.441,0.938,0.839,44.96,39.61
"2024-07-27 15:00:00",3593,12.45,1,1,9.14,12.57,16.16,1.112,1.431,0.928,0.827,45.07,40.81
"2024-07-27 15:30:00",3594,12.45,1,1,9.01,12.22,16.09,1.081,1.424,0.914,0.827,46.32,39.72
"2024-07-27 16:00:00",3595,12.45,1,1,8.9,12.15,15.84,1.076,1.402,0.899,0.811,45.15,40.06
"2024-07-27 16:30:00",3596,12.44,1,1,8.7,11.92,15.42,1.055,1.365,0.877,0.787,45.89,41.06
"2024-07-27 17:00:00",3597,12.45,1,1,8.23,11.31,14.56,1.001,1.289,0.832,0.74,46.37,41.85
"2024-07-27 17:30:00",3598,12.45,1,1,7.566,10.43,13.35,0.923,1.181,0.764,0.677,49.21,43.14
"2024-07-27 18:00:00",3599,12.45,1,1,6.754,9.24,11.99,0.817,1.061,0.675,0.603,50.52,43.77
"2024-07-27 18:30:00",3600,12.44,1,1,5.675,7.76,10.08,0.687,0.892,0.567,0.507,52.46,44.2
"2024-07-27 19:00:00",3601,12.44,1,1,4.418,5.98,7.91,0.529,0.7,0.437,0.389,53.28,43.36
"2024-07-27 19:30:00",3602,12.44,1,1,3.288,4.41,5.93,0.39,0.524,0.313,0.284,52.75,42.83
"2024-07-27 20:00:00",3603,12.44,1,1,2.247,2.86,4.21,0.253,0.373,0.206,0.187,53.05,41.3
"2024-07-27 20:30:00",3604,12.44,1,1,1.467,1.76,2.86,0.155,0.253,0.121,0.119,50.76,39.84
"2024-07-27 21:00:00",3605,12.44,1,1,1.008,1.07,2.11,0.095,0.187,0.067,0.077,51.09,39.75
"2024-07-27 21:30:00",3606,12.43,1,1,0.795,0.78,1.73,0.069,0.153,0.046,0.057,50.88,39.13
"2024-07-27 22:00:00",3607,12.43,1,1,0.687,0.62,1.55,0.054,0.138,0.038,0.045,51.24,39.34
"2024-07-27 22:30:00",3608,12.43,1,1,0.511,0.33,1.29,0.029,0.114,0.016,0.033,49.67,39.43
"2024-07-27 23:00:00",3609,12.43,1,1,0.455,0.33,1.11,0.029,0.099,0.014,0.025,50.31,38.56
"2024-07-27 23:30:00",3610,12.42,1,1,0.401,0.26,1.01,0.023,0.089,0.008,0.02,50.77,37.78
"2024-07-28 00:00:00",3611,12.42,1,1,0.337,0.1,0.97,0.009,0.086,-0.003,0.015,50.27,38.1
"2024-07-28 00:30:00",3612,12.42,1,1,0.305,0.1,0.87,0.009,0.077,0,0.013,50.01,38.67
"2024-07-28 01:00:00",3613,12.42,1,1,0.302,0.1,0.86,0.008,0.076,-0.005,0.013,51.29,37.87
"2024-07-28 01:30:00",3614,12.42,1,1,0.271,0.1,0.76,0.008,0.067,-0.003,0.007,50.26,37.68
"2024-07-28 02:00:00",3615,12.42,1,1,0.28,0.13,0.76,0.011,0.067,0,0.008,50.1,38.2
"2024-07-28 02:30:00",3616,12.41,1,1,0.271,0.1,0.76,0.009,0.067,-0.003,0.008,50.26,38.67
"2024-07-28 03:00:00",3617,12.42,1,1,0.261,0.03,0.8,0.003,0.07,-0.005,0.008,50.43,38.42
"2024-07-28 03:30:00",3618,12.41,1,1,0.334,0.19,0.87,0.017,0.077,0.005,0.013,50.62,38.04
"2024-07-28 04:00:00",3619,12.41,1,1,0.312,0.16,0.83,0.014,0.074,0.003,0.013,50,38.67
"2024-07-28 04:30:00",3620,12.41,1,1,0.334,0.16,0.9,0.014,0.08,0,0.013,50.74,38.31
"2024-07-28 05:00:00",3621,12.41,1,1,0.366,0.19,0.97,0.017,0.086,0.008,0.015,50,38.67
"2024-07-28 05:30:00",3622,12.4,1,1,0.366,0.26,0.9,0.023,0.08,0.008,0.013,51.53,38.79
"2024-07-28 06:00:00",3623,12.4,1,1,0.376,0.26,0.93,0.023,0.083,0.005,0.015,50.78,38.46
"2024-07-28 06:30:00",3624,12.4,1,1,0.557,0.48,1.28,0.043,0.113,0.027,0.033,51.57,38.57
"2024-07-28 07:00:00",3625,12.4,1,1,1.13,1.28,2.28,0.114,0.202,0.088,0.085,51.65,39.49
"2024-07-28 07:30:00",3626,12.4,1,1,2.569,3.39,4.69,0.3,0.415,0.247,0.22,53.63,42.71
"2024-07-28 08:00:00",3627,12.4,1,1,3.664,4.91,6.61,0.434,0.585,0.36,0.324,52.96,43.96
"2024-07-28 08:30:00",3628,12.4,1,1,4.62,6.07,8.46,0.537,0.749,0.46,0.429,54.57,44.22
"2024-07-28 09:00:00",3629,12.4,1,1,5.557,7.58,9.89,0.671,0.875,0.56,0.5,52.06,44.21
"2024-07-28 09:30:00",3630,12.4,1,1,6.347,8.72,11.23,0.772,0.994,0.657,0.578,54.09,43.85
"2024-07-28 10:00:00",3631,12.4,1,1,6.909,9.42,12.3,0.834,1.089,0.71,0.64,50.42,44.34
"2024-07-28 10:30:00",3632,12.39,1,1,7.53,10.34,13.33,0.915,1.18,0.771,0.695,49.47,42.88
"2024-07-28 11:00:00",3633,12.4,1,1,7.982,10.91,14.18,0.966,1.255,0.822,0.74,47.95,41.88
"2024-07-28 11:30:00",3634,12.39,1,1,8.37,11.54,14.76,1.021,1.306,0.872,0.791,46.38,40.88
"2024-07-28 12:00:00",3635,12.39,1,1,8.64,11.43,15.73,1.012,1.392,0.892,0.823,46.19,40.12
"2024-07-28 12:30:00",3636,12.4,1,1,9.24,12.77,16.27,1.13,1.44,0.948,0.847,44.72,39.89
"2024-07-28 13:00:00",3637,12.4,1,1,8.86,11.97,15.89,1.059,1.406,0.908,0.823,46.07,40.16
"2024-07-28 13:30:00",3638,12.4,1,1,8.67,11.82,15.42,1.046,1.365,0.885,0.798,46.16,40.82
"2024-07-28 14:00:00",3639,12.4,1,1,9.21,12.46,16.51,1.102,1.461,0.945,0.86,44.36,39.27
"2024-07-28 14:30:00",3640,12.4,1,1,9.23,12.57,16.43,1.112,1.454,0.946,0.855,45.19,39.54
"2024-07-28 15:00:00",3641,12.39,1,1,9.09,12.41,16.17,1.099,1.431,0.932,0.844,45.05,39.8
"2024-07-28 15:30:00",3642,12.4,1,1,9.02,12.24,16.12,1.083,1.427,0.922,0.836,45.09,39.59
"2024-07-28 16:00:00",3643,12.39,1,1,9.02,12.35,16,1.093,1.417,0.922,0.825,45.81,40.98
"2024-07-28 16:30:00",3644,12.39,1,1,8.74,11.96,15.51,1.059,1.373,0.889,0.796,46.91,40.73
"2024-07-28 17:00:00",3645,12.39,1,1,8.28,11.32,14.7,1.002,1.301,0.833,0.751,47.11,42.02
"2024-07-28 17:30:00",3646,12.39,1,1,7.556,10.38,13.37,0.918,1.184,0.759,0.68,49.83,42.4
"2024-07-28 18:00:00",3647,12.39,1,1,6.643,9.12,11.76,0.807,1.041,0.665,0.591,51.17,44.26
"2024-07-28 18:30:00",3648,12.39,1,1,6.13,8.41,10.86,0.744,0.961,0.616,0.548,52.33,43.5
"2024-07-28 19:00:00",3649,12.39,1,1,4.775,6.51,8.5,0.576,0.752,0.48,0.424,52.48,43.91
"2024-07-28 19:30:00",3650,12.39,1,1,3.259,4.34,5.91,0.384,0.523,0.312,0.283,53.53,43.3
"2024-07-28 20:00:00",3651,12.38,1,1,2.084,2.62,3.94,0.232,0.349,0.186,0.172,51.45,41.37
"2024-07-28 20:30:00",3652,12.38,1,1,1.311,1.48,2.65,0.131,0.234,0.103,0.108,51.02,40.1
"2024-07-28 21:00:00",3653,12.38,1,1,0.884,0.88,1.91,0.078,0.169,0.057,0.068,51.78,38.79
"2024-07-28 21:30:00",3654,12.37,1,1,0.639,0.52,1.5,0.046,0.133,0.03,0.045,51.15,39.16
"2024-07-28 22:00:00",3655,12.37,1,1,0.489,0.33,1.22,0.029,0.108,0.014,0.03,49.87,38.29
"2024-07-28 22:30:00",3656,12.37,1,1,0.404,0.23,1.05,0.02,0.093,0.008,0.02,50.82,38.09
"2024-07-28 23:00:00",3657,12.37,1,1,0.317,0.07,0.94,0.006,0.083,-0.005,0.015,50.13,38.12
"2024-07-28 23:30:00",3658,12.37,1,1,0.27,0.03,0.83,0.003,0.074,-0.008,0.01,50.92,38.34
"2024-07-29 00:00:00",3659,12.37,1,1,0.231,-0.06,0.8,-0.006,0.071,-0.011,0.008,49.75,37.86
"2024-07-29 00:30:00",3660,12.37,1,1,0.235,-0.02,0.77,-0.003,0.068,-0.014,0.005,50.21,38.06
"2024-07-29 01:00:00",3661,12.36,1,1,0.2,-0.09,0.73,-0.009,0.064,-0.019,0.003,50.59,37.76
"2024-07-29 01:30:00",3662,12.36,1,1,0.168,-0.09,0.63,-0.009,0.056,-0.022,-0.003,50.01,37.86
"2024-07-29 02:00:00",3663,12.36,1,1,0.159,-0.12,0.63,-0.012,0.056,-0.019,0,50.35,38.34
"2024-07-29 02:30:00",3664,12.36,1,1,0.159,-0.12,0.63,-0.012,0.055,-0.016,-0.005,50.14,38.65
"2024-07-29 03:00:00",3665,12.36,1,1,0.146,-0.12,0.59,-0.012,0.052,-0.019,-0.005,49.99,37.83
"2024-07-29 03:30:00",3666,12.36,1,1,0.136,-0.15,0.59,-0.014,0.053,-0.019,-0.005,49.98,38.81
"2024-07-29 04:00:00",3667,12.35,1,1,0.127,-0.15,0.56,-0.014,0.049,-0.019,-0.003,49.94,37.93
"2024-07-29 04:30:00",3668,12.35,1,1,0.124,-0.12,0.52,-0.012,0.046,-0.019,-0.008,50.59,38.02
"2024-07-29 05:00:00",3669,12.35,1,1,0.124,-0.12,0.52,-0.012,0.046,-0.016,-0.008,50.95,38.12
"2024-07-29 05:30:00",3670,12.35,1,1,0.127,-0.15,0.56,-0.014,0.049,-0.024,-0.003,50.55,37.72
"2024-07-29 06:00:00",3671,12.35,1,1,0.127,-0.15,0.56,-0.014,0.049,-0.025,-0.005,50.34,38.6
"2024-07-29 06:30:00",3672,12.34,1,1,0.146,-0.09,0.56,-0.009,0.049,-0.019,-0.003,49.71,38.38
"2024-07-29 07:00:00",3673,12.34,1,1,0.315,0.13,0.87,0.011,0.077,0.003,0.01,50.18,39.69
"2024-07-29 07:30:00",3674,12.34,1,1,0.811,0.8,1.76,0.071,0.156,0.054,0.061,50.79,39.88
"2024-07-29 08:00:00",3675,12.34,1,1,1.54,1.84,3.01,0.163,0.266,0.135,0.128,52.1,41.19
"2024-07-29 08:30:00",3676,12.34,1,1,2.256,2.87,4.23,0.254,0.374,0.214,0.199,53.58,41.58
"2024-07-29 09:00:00",3677,12.34,1,1,3.966,5.32,7.15,0.471,0.633,0.392,0.355,52.09,44.35
"2024-07-29 09:30:00",3678,12.34,1,1,4.679,6.37,8.34,0.564,0.738,0.464,0.42,53.61,43.95
"2024-07-29 10:00:00",3679,12.34,1,1,4.303,5.77,7.76,0.511,0.686,0.43,0.386,53.46,44.79
"2024-07-29 10:30:00",3680,12.34,1,1,5.72,7.83,10.15,0.693,0.899,0.575,0.516,53.35,43.95
"2024-07-29 11:00:00",3681,12.34,1,1,6.906,9.37,12.34,0.83,1.093,0.699,0.64,50.67,43.24
"2024-07-29 11:30:00",3682,12.33,1,1,7.686,10.5,13.66,0.929,1.209,0.781,0.708,48.72,42.65
"2024-07-29 12:00:00",3683,12.34,1,1,7.934,10.58,14.37,0.937,1.272,0.821,0.759,48.42,41.93
"2024-07-29 12:30:00",3684,12.34,1,1,8.1,11.18,14.27,0.989,1.263,0.822,0.735,47.09,41.84
"2024-07-29 13:00:00",3685,12.34,1,1,7.213,9.93,12.74,0.879,1.127,0.723,0.65,50.6,42.35
"2024-07-29 13:30:00",3686,12.34,1,1,7.088,9.73,12.55,0.862,1.111,0.718,0.643,50.07,42.91
"2024-07-29 14:00:00",3687,12.34,1,1,6.824,9.33,12.12,0.826,1.072,0.689,0.617,51.16,43.58
"2024-07-29 14:30:00",3688,12.34,1,1,7.682,10.45,13.7,0.925,1.213,0.776,0.701,49.15,42.82
"2024-07-29 15:00:00",3689,12.34,1,1,7.998,10.95,14.19,0.969,1.256,0.812,0.726,47.89,42.23
"2024-07-29 15:30:00",3690,12.33,1,1,7.529,10.19,13.48,0.902,1.193,0.764,0.691,49.04,42.86
"2024-07-29 16:00:00",3691,12.33,1,1,7.99,10.8,14.32,0.956,1.268,0.81,0.73,47.93,42.17
"2024-07-29 16:30:00",3692,12.33,1,1,8.13,11.06,14.51,0.979,1.284,0.825,0.743,46.94,41.43
"2024-07-29 17:00:00",3693,12.33,1,1,8.19,11.15,14.61,0.987,1.293,0.829,0.756,47.5,41.58
"2024-07-29 17:30:00",3694,12.33,1,1,7.6,10.41,13.48,0.921,1.193,0.763,0.683,48.32,42.82
"2024-07-29 18:00:00",3695,12.33,1,1,6.894,9.44,12.23,0.835,1.082,0.689,0.618,50.18,43.43
"2024-07-29 18:30:00",3696,12.33,1,1,6.254,8.54,11.12,0.756,0.984,0.625,0.564,51.76,44.18
"2024-07-29 19:00:00",3697,12.33,1,1,5.456,7.45,9.7,0.659,0.859,0.545,0.486,52.59,44.6
"2024-07-29 19:30:00",3698,12.33,1,1,4.177,5.68,7.45,0.502,0.659,0.414,0.369,54.26,43.77
"2024-07-29 20:00:00",3699,12.33,1,1,2.849,3.74,5.22,0.331,0.462,0.269,0.249,52.08,43.41
"2024-07-29 20:30:00",3700,12.33,1,1,1.769,2.16,3.41,0.191,0.302,0.152,0.148,52.11,40.36
"2024-07-29 21:00:00",3701,12.32,1,1,1.158,1.25,2.4,0.11,0.213,0.082,0.096,52.62,40.46
"2024-07-29 21:30:00",3702,12.32,1,1,0.824,0.79,1.81,0.07,0.16,0.052,0.063,50.98,39.66
"2024-07-29 22:00:00",3703,12.32,1,1,0.648,0.52,1.53,0.046,0.136,0.03,0.051,51,38.84
"2024-07-29 22:30:00",3704,12.32,1,1,0.53,0.33,1.35,0.029,0.12,0.022,0.038,52.51,39.11
"2024-07-29 23:00:00",3705,12.32,1,1,0.438,0.2,1.19,0.017,0.105,0.008,0.025,49.5,39.01
"2024-07-29 23:30:00",3706,12.32,1,1,0.371,0.1,1.08,0.009,0.096,-0.003,0.023,51.51,38.68
"2024-07-30 00:00:00",3707,12.31,1,1,0.317,0.07,0.94,0.006,0.083,0,0.018,49.42,39.34
"2024-07-30 00:30:00",3708,12.31,1,1,0.34,0.1,0.98,0.009,0.087,0,0.015,50.91,38.75
"2024-07-30 01:00:00",3709,12.31,1,1,0.352,0.1,1.02,0.009,0.09,-0.006,0.023,51.33,39.17
"2024-07-30 01:30:00",3710,12.31,1,1,0.33,0.1,0.95,0.009,0.084,0,0.015,50.97,37.98
"2024-07-30 02:00:00",3711,12.3,1,1,0.33,0.1,0.95,0.009,0.084,-0.006,0.013,51.74,38.75
"2024-07-30 02:30:00",3712,12.31,1,1,0.264,0.03,0.81,0.003,0.072,-0.006,0.005,50.75,39
"2024-07-30 03:00:00",3713,12.3,1,1,0.248,-0.02,0.81,-0.003,0.072,-0.014,0.008,49.88,38.55
"2024-07-30 03:30:00",3714,12.3,1,1,0.226,-0.02,0.74,-0.003,0.065,-0.011,0.008,50.66,37.92
"2024-07-30 04:00:00",3715,12.3,1,1,0.213,-0.06,0.74,-0.006,0.066,-0.014,0.005,50.92,38.34
"2024-07-30 04:30:00",3716,12.3,1,1,0.178,-0.06,0.63,-0.006,0.056,-0.014,0,50.51,38.08
"2024-07-30 05:00:00",3717,12.3,1,1,0.149,-0.12,0.6,-0.012,0.053,-0.019,-0.003,51.56,38.14
"2024-07-30 05:30:00",3718,12.3,1,1,0.149,-0.12,0.6,-0.012,0.053,-0.019,-0.005,50.44,38.44
"2024-07-30 06:00:00",3719,12.29,1,1,0.149,-0.12,0.6,-0.012,0.053,-0.022,-0.003,49.93,38.6
"2024-07-30 06:30:00",3720,12.29,1,1,0.159,-0.09,0.6,-0.009,0.053,-0.017,0,51.55,38.3
"2024-07-30 07:00:00",3721,12.29,1,1,0.251,0.03,0.77,0.003,0.068,-0.008,0.005,50.15,38.15
"2024-07-30 07:30:00",3722,12.29,1,1,0.426,0.26,1.09,0.023,0.096,0.005,0.023,51.13,39.23
"2024-07-30 08:00:00",3723,12.28,1,1,0.703,0.65,1.57,0.058,0.139,0.041,0.051,52.24,39.66
"2024-07-30 08:30:00",3724,12.29,1,1,1.133,1.27,2.3,0.112,0.204,0.084,0.092,52.62,40.05
"2024-07-30 09:00:00",3725,12.29,1,1,1.601,1.96,3.08,0.173,0.272,0.139,0.132,52.74,40.84
"2024-07-30 09:30:00",3726,12.29,1,1,2.829,3.64,5.26,0.322,0.466,0.266,0.253,53.89,42.42
"2024-07-30 10:00:00",3727,12.28,1,1,5.327,7.1,9.65,0.629,0.855,0.527,0.488,54.15,44.49
"2024-07-30 10:30:00",3728,12.28,1,1,5.22,7.15,9.26,0.633,0.82,0.52,0.465,53.63,43.97
"2024-07-30 11:00:00",3729,12.28,1,1,5.976,8.07,10.72,0.714,0.948,0.597,0.544,51.25,44.34
"2024-07-30 11:30:00",3730,12.28,1,1,6.512,8.92,11.55,0.79,1.022,0.653,0.582,52.64,43.82
"2024-07-30 12:00:00",3731,12.28,1,1,5.981,8.17,10.63,0.723,0.941,0.592,0.538,52.38,43.71
"2024-07-30 12:30:00",3732,12.28,1,1,5.598,7.55,10.05,0.668,0.89,0.561,0.505,52.89,44.48
"2024-07-30 13:00:00",3733,12.28,1,1,7.062,9.65,12.55,0.854,1.111,0.707,0.635,49.11,44.28
"2024-07-30 13:30:00",3734,12.28,1,1,6.865,9.37,12.21,0.829,1.08,0.693,0.622,51.36,43.93
"2024-07-30 14:00:00",3735,12.28,1,1,6.973,9.53,12.39,0.844,1.097,0.695,0.627,52.53,43.45
"2024-07-30 14:30:00",3736,12.27,1,1,7.186,9.8,12.79,0.867,1.132,0.72,0.649,49.81,43.47
"2024-07-30 15:00:00",3737,12.27,1,1,7.654,10.51,13.55,0.931,1.199,0.77,0.692,48.62,42.03
"2024-07-30 15:30:00",3738,12.28,1,1,8.15,10.99,14.62,0.972,1.294,0.822,0.748,47.13,42.3
"2024-07-30 16:00:00",3739,12.27,1,1,7.883,10.75,14.03,0.952,1.242,0.798,0.713,48.2,42.44
"2024-07-30 16:30:00",3740,12.27,1,1,8.09,11.08,14.36,0.981,1.271,0.812,0.732,47.89,42.12
"2024-07-30 17:00:00",3741,12.27,1,1,7.832,10.72,13.9,0.949,1.231,0.783,0.703,48.58,42.5
"2024-07-30 17:30:00",3742,12.27,1,1,6.617,9.05,11.75,0.801,1.04,0.661,0.59,51.21,44.05
"2024-07-30 18:00:00",3743,12.27,1,1,6.11,8.25,10.96,0.73,0.97,0.607,0.549,51.5,43.92
"2024-07-30 18:30:00",3744,12.27,1,1,5.907,8.05,10.52,0.713,0.931,0.588,0.521,51.65,45.05
"2024-07-30 19:00:00",3745,12.26,1,1,4.879,6.61,8.73,0.585,0.772,0.48,0.437,52.8,43.14
"2024-07-30 19:30:00",3746,12.26,1,1,3.346,4.5,6.02,0.398,0.533,0.323,0.291,54.24,43.49
"2024-07-30 20:00:00",3747,12.27,1,1,2.186,2.78,4.1,0.246,0.363,0.2,0.185,53.58,41.43
"2024-07-30 20:30:00",3748,12.26,1,1,1.463,1.69,2.92,0.149,0.259,0.118,0.122,51.47,40.56
"2024-07-30 21:00:00",3749,12.26,1,1,0.992,0.99,2.14,0.088,0.19,0.066,0.079,50.38,40.3
"2024-07-30 21:30:00",3750,12.26,1,1,0.722,0.63,1.65,0.056,0.146,0.039,0.056,51.62,39.62
"2024-07-30 22:00:00",3751,12.26,1,1,0.502,0.33,1.26,0.029,0.112,0.017,0.033,52.01,39.59
"2024-07-30 22:30:00",3752,12.26,1,1,0.374,0.1,1.09,0.009,0.097,-0.003,0.023,49.92,38.44
"2024-07-30 23:00:00",3753,12.25,1,1,0.311,0.07,0.92,0.006,0.081,-0.006,0.01,52.13,38.73
"2024-07-30 23:30:00",3754,12.25,1,1,0.247,-0.09,0.88,-0.009,0.078,-0.014,0.008,50.42,38.43
"2024-07-31 00:00:00",3755,12.25,1,1,0.193,-0.12,0.74,-0.012,0.066,-0.019,0.005,51.78,38.38
"2024-07-31 00:30:00",3756,12.25,1,1,0.171,-0.16,0.71,-0.015,0.063,-0.022,0.003,51.02,38.02
"2024-07-31 01:00:00",3757,12.25,1,1,0.149,-0.19,0.67,-0.018,0.059,-0.028,0,50.27,38.69
"2024-07-31 01:30:00",3758,12.25,1,1,0.193,-0.09,0.71,-0.009,0.063,-0.017,0.005,50.37,38.88
"2024-07-31 02:00:00",3759,12.25,1,1,0.162,-0.12,0.64,-0.012,0.056,-0.019,0,51.92,38.93
"2024-07-31 02:30:00",3760,12.25,1,1,0.105,-0.19,0.53,-0.018,0.047,-0.028,-0.005,50.26,38.51
"2024-07-31 03:00:00",3761,12.24,1,1,0.095,-0.22,0.53,-0.021,0.047,-0.028,-0.005,49.97,38.23
"2024-07-31 03:30:00",3762,12.24,1,1,0.095,-0.19,0.5,-0.018,0.044,-0.025,-0.01,50.6,38.44
"2024-07-31 04:00:00",3763,12.24,1,1,0.051,-0.26,0.43,-0.024,0.038,-0.033,-0.013,50.38,38.07
"2024-07-31 04:30:00",3764,12.24,1,1,0.073,-0.22,0.46,-0.021,0.041,-0.031,-0.01,50.83,38.09
"2024-07-31 05:00:00",3765,12.24,1,1,0.06,-0.26,0.46,-0.024,0.041,-0.031,-0.008,50.82,38.5
"2024-07-31 05:30:00",3766,12.24,1,1,0.086,-0.19,0.47,-0.018,0.041,-0.025,-0.01,50.1,38.2
"2024-07-31 06:00:00",3767,12.23,1,1,0.038,-0.26,0.39,-0.024,0.035,-0.033,-0.013,51.27,37.6
"2024-07-31 06:30:00",3768,12.24,1,1,0.051,-0.26,0.43,-0.024,0.038,-0.031,-0.013,50.65,38.49
"2024-07-31 07:00:00",3769,12.23,1,1,0.019,-0.32,0.39,-0.029,0.035,-0.036,-0.013,49.52,37.77
"2024-07-31 07:30:00",3770,12.23,1,1,0.038,-0.29,0.42,-0.026,0.038,-0.028,-0.016,50.19,37.35
"2024-07-31 08:00:00",3771,12.23,1,1,0.041,-0.25,0.39,-0.023,0.035,-0.028,-0.013,50.34,38.33
"2024-07-31 08:30:00",3772,12.23,1,1,0.181,-0.06,0.64,-0.006,0.056,-0.017,-0.003,51.03,38.19
"2024-07-31 09:00:00",3773,12.22,1,1,0.362,0.16,0.99,0.015,0.087,-0.003,0.015,50.94,38.53
"2024-07-31 09:30:00",3774,12.23,1,1,0.639,0.58,1.44,0.051,0.127,0.035,0.041,52.72,39.31
"2024-07-31 10:00:00",3775,12.22,1,1,2.078,2.59,3.95,0.229,0.349,0.186,0.176,54.04,42.55
"2024-07-31 10:30:00",3776,12.22,1,1,4.001,5.34,7.24,0.472,0.641,0.393,0.354,54.16,44.08
"2024-07-31 11:00:00",3777,12.22,1,1,5.843,7.9,10.47,0.7,0.927,0.592,0.532,52.75,43.77
"2024-07-31 11:30:00",3778,12.22,1,1,6.666,8.96,12,0.793,1.062,0.67,0.609,51.35,43.77
"2024-07-31 12:00:00",3779,12.22,1,1,7.1,9.41,12.92,0.833,1.143,0.737,0.691,49.57,42.82
"2024-07-31 12:30:00",3780,12.22,1,1,8.29,11.28,14.77,0.999,1.308,0.829,0.746,46.83,41.9
"2024-07-31 13:00:00",3781,12.22,1,1,8.46,11.53,15.06,1.02,1.333,0.854,0.776,47.02,41.52
"2024-07-31 13:30:00",3782,12.22,1,1,8.7,11.86,15.48,1.05,1.37,0.879,0.786,47.26,41.18
"2024-07-31 14:00:00",3783,12.22,1,1,9.09,12.25,16.34,1.085,1.446,0.925,0.839,45.81,40.3
"2024-07-31 14:30:00",3784,12.22,1,1,9.06,12.25,16.24,1.085,1.437,0.919,0.837,45.07,39.72
"2024-07-31 15:00:00",3785,12.22,1,1,9.38,12.69,16.81,1.123,1.487,0.958,0.867,44.89,39.13
"2024-07-31 15:30:00",3786,12.21,1,1,9.47,12.81,16.97,1.134,1.502,0.965,0.876,44.44,39.51
"2024-07-31 16:00:00",3787,12.22,1,1,9.35,12.71,16.67,1.125,1.475,0.946,0.852,44.94,39.44
"2024-07-31 16:30:00",3788,12.21,1,1,9.23,12.55,16.47,1.111,1.457,0.933,0.844,44.71,40.03
"2024-07-31 17:00:00",3789,12.21,1,1,8.51,11.58,15.17,1.025,1.342,0.858,0.766,46.33,41.39
"2024-07-31 17:30:00",3790,12.21,1,1,8.11,11.08,14.4,0.981,1.274,0.813,0.73,47.81,41.63
"2024-07-31 18:00:00",3791,12.21,1,1,6.449,8.87,11.4,0.785,1.009,0.64,0.573,50.58,43.82
"2024-07-31 18:30:00",3792,12.21,1,1,4.336,5.9,7.73,0.522,0.684,0.425,0.38,52.8,43.14
"2024-07-31 19:00:00",3793,12.21,1,1,3.803,5.04,6.92,0.446,0.613,0.368,0.335,54.09,42.78
"2024-07-31 19:30:00",3794,12.21,1,1,2.705,3.46,5.05,0.307,0.447,0.252,0.24,53.02,42.27
"2024-07-31 20:00:00",3795,12.21,1,1,1.616,1.88,3.21,0.166,0.284,0.131,0.137,52.03,40.45
"2024-07-31 20:30:00",3796,12.2,1,1,1.1,1.11,2.36,0.098,0.209,0.078,0.093,51.1,39.2
"2024-07-31 21:00:00",3797,12.2,1,1,0.734,0.61,1.71,0.054,0.152,0.036,0.06,51.29,38.57
"2024-07-31 21:30:00",3798,12.2,1,1,0.62,0.47,1.49,0.041,0.132,0.025,0.044,52.12,38.96
"2024-07-31 22:00:00",3799,12.2,1,1,0.476,0.23,1.28,0.021,0.114,0.008,0.034,51.18,38.03
"2024-07-31 22:30:00",3800,12.2,1,1,0.39,0.13,1.11,0.012,0.098,0.003,0.023,50.5,38.34
"2024-07-31 23:00:00",3801,12.2,1,1,0.298,-0.02,0.97,-0.003,0.086,-0.011,0.013,51.02,38.29
"2024-07-31 23:30:00",3802,12.2,1,1,0.292,0,0.93,0,0.082,-0.011,0.013,50.7,38.96
"2024-08-01 00:00:00",3803,12.19,1,1,0.228,-0.09,0.82,-0.009,0.072,-0.014,0.013,50.27,39.2
"2024-08-01 00:30:00",3804,12.19,1,1,0.215,-0.09,0.78,-0.009,0.069,-0.017,0.005,51.14,38.32
"2024-08-01 01:00:00",3805,12.19,1,1,0.161,-0.16,0.68,-0.015,0.06,-0.02,-0.003,50.37,38.22
"2024-08-01 01:30:00",3806,12.19,1,1,0.117,-0.23,0.61,-0.021,0.054,-0.028,-0.003,50.18,38.44
"2024-08-01 02:00:00",3807,12.19,1,1,0.075,-0.29,0.54,-0.027,0.048,-0.034,-0.011,50.48,37.49
"2024-08-01 02:30:00",3808,12.19,1,1,0.085,-0.26,0.54,-0.024,0.048,-0.028,-0.008,49.75,37.59
"2024-08-01 03:00:00",3809,12.18,1,1,0.095,-0.23,0.54,-0.021,0.048,-0.025,-0.005,50.9,38.74
"2024-08-01 03:30:00",3810,12.18,1,1,0.06,-0.3,0.5,-0.027,0.045,-0.031,-0.005,51.22,38.38
"2024-08-01 04:00:00",3811,12.18,1,1,0.04,-0.33,0.47,-0.03,0.042,-0.034,-0.013,49.08,38.33
"2024-08-01 04:30:00",3812,12.18,1,1,0.028,-0.33,0.43,-0.03,0.038,-0.037,-0.013,49.77,38.03
"2024-08-01 05:00:00",3813,12.18,1,1,0.031,-0.36,0.47,-0.033,0.041,-0.037,-0.011,49.49,38.43
"2024-08-01 05:30:00",3814,12.18,1,1,0.063,-0.26,0.47,-0.024,0.042,-0.031,-0.013,50.08,38.18
"2024-08-01 06:00:00",3815,12.17,1,1,0.073,-0.23,0.47,-0.021,0.042,-0.028,-0.011,49.92,37.76
"2024-08-01 06:30:00",3816,12.17,1,1,0.029,-0.26,0.36,-0.024,0.032,-0.034,-0.016,49.41,38.5
"2024-08-01 07:00:00",3817,12.17,1,1,0.117,-0.16,0.54,-0.015,0.048,-0.02,-0.011,51.81,38.4
"2024-08-01 07:30:00",3818,12.17,1,1,0.62,0.53,1.43,0.047,0.127,0.034,0.042,51.53,39.63
"2024-08-01 08:00:00",3819,12.17,1,1,1.731,2.12,3.33,0.188,0.295,0.149,0.145,54.07,41.08
"2024-08-01 08:30:00",3820,12.16,1,1,2.882,3.66,5.41,0.324,0.479,0.273,0.261,53.75,43.68
"2024-08-01 09:00:00",3821,12.16,1,1,4.545,6.11,8.18,0.541,0.724,0.455,0.412,53.85,44.6
"2024-08-01 09:30:00",3822,12.16,1,1,5.941,8.03,10.65,0.711,0.943,0.59,0.537,52.44,44.44
"2024-08-01 10:00:00",3823,12.16,1,1,6.995,9.48,12.51,0.839,1.107,0.71,0.643,50.56,43.39
"2024-08-01 10:30:00",3824,12.16,1,1,7.725,10.39,13.9,0.919,1.23,0.786,0.717,49.62,42.45
"2024-08-01 11:00:00",3825,12.16,1,1,8.27,11.16,14.84,0.988,1.313,0.835,0.76,46.85,41.34
"2024-08-01 11:30:00",3826,12.16,1,1,8.77,11.75,15.83,1.04,1.401,0.9,0.818,46.23,40.47
"2024-08-01 12:00:00",3827,12.16,1,1,8.61,11.37,15.71,1.006,1.39,0.915,0.855,45.4,40.05
"2024-08-01 12:30:00",3828,12.16,1,1,9.5,13.07,16.79,1.156,1.486,0.972,0.866,44.19,39.52
"2024-08-01 13:00:00",3829,12.16,1,1,9.55,13.09,16.93,1.158,1.499,0.976,0.879,43.77,39.52
"2024-08-01 13:30:00",3830,12.16,1,1,9.65,12.99,17.34,1.15,1.535,0.989,0.903,43.48,38.24
"2024-08-01 14:00:00",3831,12.16,1,1,9.72,13.14,17.43,1.163,1.543,0.992,0.899,43.02,38.35
"2024-08-01 14:30:00",3832,12.16,1,1,9.53,12.89,17.07,1.141,1.51,0.972,0.885,43.69,38.86
"2024-08-01 15:00:00",3833,12.16,1,1,9.51,12.79,17.1,1.132,1.514,0.984,0.893,42.82,38.56
"2024-08-01 15:30:00",3834,12.16,1,1,9.3,12.67,16.55,1.121,1.465,0.94,0.853,44.51,40
"2024-08-01 16:00:00",3835,12.16,1,1,9.14,12.32,16.42,1.09,1.453,0.919,0.836,45.2,40.11
"2024-08-01 16:30:00",3836,12.16,1,1,8.65,11.7,15.48,1.035,1.37,0.875,0.795,46.81,40.48
"2024-08-01 17:00:00",3837,12.16,1,1,8.23,11.1,14.79,0.983,1.309,0.824,0.756,47.29,41.63
"2024-08-01 17:30:00",3838,12.15,1,1,7.721,10.56,13.71,0.934,1.213,0.768,0.69,48.26,41.93
"2024-08-01 18:00:00",3839,12.15,1,1,6.992,9.5,12.48,0.841,1.105,0.695,0.627,49.49,43.31
"2024-08-01 18:30:00",3840,12.15,1,1,5.856,7.91,10.5,0.7,0.93,0.579,0.531,52.15,43.59
"2024-08-01 19:00:00",3841,12.15,1,1,4.678,6.26,8.45,0.554,0.748,0.455,0.414,52.58,43.76
"2024-08-01 19:30:00",3842,12.15,1,1,3.309,4.3,6.11,0.381,0.541,0.316,0.297,52.74,42.4
"2024-08-01 20:00:00",3843,12.15,1,1,2.074,2.54,3.99,0.224,0.353,0.177,0.176,53.73,42.41
"2024-08-01 20:30:00",3844,12.14,1,1,1.205,1.29,2.51,0.114,0.222,0.09,0.104,51.36,40.04
"2024-08-01 21:00:00",3845,12.14,1,1,0.851,0.71,1.98,0.063,0.175,0.045,0.073,51.94,39.52
"2024-08-01 21:30:00",3846,12.14,1,1,0.654,0.48,1.59,0.042,0.14,0.028,0.05,51,38.85
"2024-08-01 22:00:00",3847,12.14,1,1,0.485,0.24,1.3,0.021,0.115,0.006,0.031,50.88,39.81
"2024-08-01 22:30:00",3848,12.14,1,1,0.384,0.1,1.12,0.009,0.099,-0.003,0.026,51.1,39.1
"2024-08-01 23:00:00",3849,12.14,1,1,0.307,0,0.98,0,0.086,-0.008,0.016,49.89,38.99
"2024-08-01 23:30:00",3850,12.13,1,1,0.263,-0.06,0.9,-0.006,0.08,-0.017,0.016,50.68,38.37
"2024-08-02 00:00:00",3851,12.13,1,1,0.218,-0.13,0.83,-0.012,0.073,-0.017,0.008,50.58,38.84
"2024-08-02 00:30:00",3852,12.13,1,1,0.177,-0.19,0.76,-0.018,0.067,-0.026,0.005,50.12,38.64
"2024-08-02 01:00:00",3853,12.13,1,1,0.151,-0.23,0.72,-0.021,0.064,-0.026,0,50.81,38.08
"2024-08-02 01:30:00",3854,12.12,1,1,0.117,-0.23,0.61,-0.021,0.054,-0.031,-0.003,51.06,38.74
"2024-08-02 02:00:00",3855,12.12,1,1,0.117,-0.23,0.61,-0.021,0.054,-0.031,0,51.71,38.57
"2024-08-02 02:30:00",3856,12.12,1,1,0.098,-0.26,0.58,-0.024,0.051,-0.028,-0.005,49.91,38.58
"2024-08-02 03:00:00",3857,12.12,1,1,0.098,-0.26,0.58,-0.024,0.051,-0.034,-0.005,50.75,38.75
"2024-08-02 03:30:00",3858,12.12,1,1,0.098,-0.26,0.58,-0.024,0.051,-0.031,-0.005,50.33,38.84
"2024-08-02 04:00:00",3859,12.12,1,1,0.098,-0.26,0.58,-0.024,0.051,-0.031,-0.008,50.43,37.85
"2024-08-02 04:30:00",3860,12.12,1,1,0.098,-0.23,0.55,-0.021,0.048,-0.031,-0.013,50.75,38.43
"2024-08-02 05:00:00",3861,12.11,1,1,0.098,-0.26,0.58,-0.024,0.051,-0.028,-0.008,50.4,38.08
"2024-08-02 05:30:00",3862,12.11,1,1,0.098,-0.23,0.55,-0.021,0.048,-0.026,-0.005,50.29,38.13
"2024-08-02 06:00:00",3863,12.11,1,1,0.111,-0.19,0.55,-0.018,0.048,-0.026,-0.011,50.31,38.16
"2024-08-02 06:30:00",3864,12.11,1,1,0.152,-0.13,0.62,-0.012,0.055,-0.023,-0.008,51.01,38.28
"2024-08-02 07:00:00",3865,12.11,1,1,0.416,0.2,1.12,0.018,0.1,0.006,0.026,51.04,38.89
"2024-08-02 07:30:00",3866,12.1,1,1,1.12,1.21,2.32,0.107,0.205,0.085,0.09,52.83,40.25
"2024-08-02 08:00:00",3867,12.1,1,1,2.704,3.43,5.08,0.303,0.449,0.254,0.237,53.89,42.99
"2024-08-02 08:30:00",3868,12.1,1,1,4.089,5.4,7.46,0.478,0.66,0.399,0.369,54.22,43.32
"2024-08-02 09:00:00",3869,12.1,1,1,5.273,7.07,9.51,0.626,0.841,0.524,0.483,52.89,44.63
"2024-08-02 09:30:00",3870,12.1,1,1,6.641,8.99,11.89,0.796,1.053,0.664,0.605,50.87,44.12
"2024-08-02 10:00:00",3871,12.1,1,1,7.585,10.21,13.64,0.904,1.207,0.765,0.697,49.79,42.62
"2024-08-02 10:30:00",3872,12.1,1,1,7.708,10.27,13.97,0.909,1.236,0.785,0.716,49.83,41.83
"2024-08-02 11:00:00",3873,12.09,1,1,8.34,11.19,15.02,0.99,1.33,0.844,0.776,47.83,41.76
"2024-08-02 11:30:00",3874,12.1,1,1,8.58,11.44,15.55,1.013,1.376,0.879,0.803,46.16,41.33
"2024-08-02 12:00:00",3875,12.1,1,1,8.3,10.77,15.34,0.954,1.358,0.876,0.83,45.63,40.7
"2024-08-02 12:30:00",3876,12.1,1,1,9.44,12.75,16.92,1.128,1.498,0.965,0.881,44.27,39.03
"2024-08-02 13:00:00",3877,12.1,1,1,9.5,12.77,17.1,1.13,1.514,0.98,0.898,42.32,38.48
"2024-08-02 13:30:00",3878,12.1,1,1,9.61,13.07,17.15,1.157,1.518,0.977,0.884,43.81,38.57
"2024-08-02 14:00:00",3879,12.1,1,1,9.62,12.91,17.33,1.143,1.534,0.985,0.899,42.74,38.07
"2024-08-02 14:30:00",3880,12.1,1,1,9.45,12.75,16.95,1.128,1.5,0.965,0.872,44.11,39.59
"2024-08-02 15:00:00",3881,12.1,1,1,9.34,12.68,16.67,1.122,1.476,0.953,0.857,43.95,39.27
"2024-08-02 15:30:00",3882,12.1,1,1,9.36,12.65,16.78,1.12,1.485,0.954,0.867,43.69,39.28
"2024-08-02 16:00:00",3883,12.09,1,1,9.35,12.63,16.75,1.118,1.483,0.95,0.856,44,38.91
"2024-08-02 16:30:00",3884,12.09,1,1,9.11,12.3,16.35,1.088,1.447,0.925,0.839,44.52,40.11
"2024-08-02 17:00:00",3885,12.09,1,1,8.82,11.91,15.83,1.054,1.401,0.895,0.805,45.47,40.95
"2024-08-02 17:30:00",3886,12.09,1,1,8.26,11.14,14.82,0.986,1.312,0.835,0.754,47.38,41.31
"2024-08-02 18:00:00",3887,12.09,1,1,7.647,10.42,13.62,0.923,1.205,0.767,0.686,48.98,42.24
"2024-08-02 18:30:00",3888,12.09,1,1,6.849,9.31,12.22,0.824,1.082,0.687,0.616,50.13,42.81
"2024-08-02 19:00:00",3889,12.09,1,1,5.871,7.93,10.53,0.702,0.932,0.584,0.524,52.8,45.07
"2024-08-02 19:30:00",3890,12.09,1,1,4.688,6.26,8.48,0.554,0.751,0.457,0.419,52.96,44.13
"2024-08-02 20:00:00",3891,12.08,1,1,3.045,3.92,5.66,0.347,0.501,0.285,0.27,54.02,42.96
"2024-08-02 20:30:00",3892,12.08,1,1,2.048,2.44,4.01,0.216,0.355,0.173,0.18,51.07,41.83
"2024-08-02 21:00:00",3893,12.08,1,1,1.354,1.47,2.8,0.13,0.248,0.103,0.116,52.45,41.54
"2024-08-02 21:30:00",3894,12.08,1,1,0.985,0.96,2.15,0.085,0.19,0.06,0.082,51.29,39.56
"2024-08-02 22:00:00",3895,12.07,1,1,0.759,0.58,1.82,0.052,0.161,0.037,0.061,50.45,39.81
"2024-08-02 22:30:00",3896,12.08,1,1,0.635,0.44,1.57,0.039,0.139,0.023,0.05,51.31,39
"2024-08-02 23:00:00",3897,12.07,1,1,0.52,0.24,1.41,0.021,0.125,0.008,0.042,50.12,39.21
"2024-08-02 23:30:00",3898,12.07,1,1,0.444,0.14,1.27,0.012,0.113,0,0.032,51.19,39.04
"2024-08-03 00:00:00",3899,12.07,1,1,0.422,0.17,1.17,0.015,0.104,0.003,0.027,50.63,39.15
"2024-08-03 00:30:00",3900,12.07,1,1,0.412,0.1,1.21,0.009,0.107,-0.003,0.027,50.44,38.71
"2024-08-03 01:00:00",3901,12.07,1,1,0.368,0.07,1.1,0.006,0.098,-0.003,0.027,49.83,38.66
"2024-08-03 01:30:00",3902,12.06,1,1,0.368,0.1,1.07,0.009,0.094,0,0.021,50.19,38.31
"2024-08-03 02:00:00",3903,12.06,1,1,0.355,0.1,1.03,0.009,0.091,-0.003,0.021,51.6,38.62
"2024-08-03 02:30:00",3904,12.06,1,1,0.276,0,0.88,0,0.078,-0.009,0.016,50.36,39.2
"2024-08-03 03:00:00",3905,12.05,1,1,0.288,0,0.92,0,0.081,-0.012,0.011,50.63,39.04
"2024-08-03 03:30:00",3906,12.06,1,1,0.356,0.14,0.99,0.012,0.088,-0.003,0.016,50.53,38.53
"2024-08-03 04:00:00",3907,12.05,1,1,0.391,0.17,1.07,0.015,0.095,0,0.019,50.89,37.91
"2024-08-03 04:30:00",3908,12.05,1,1,0.391,0.21,1.03,0.018,0.091,0.006,0.016,52.09,37.44
"2024-08-03 05:00:00",3909,12.05,1,1,0.4,0.17,1.1,0.015,0.098,0.003,0.021,51.7,38.3
"2024-08-03 05:30:00",3910,12.05,1,1,0.355,0.1,1.03,0.009,0.092,-0.003,0.016,49.57,38.51
"2024-08-03 06:00:00",3911,12.05,1,1,0.356,0.17,0.96,0.015,0.085,0,0.013,51.29,38.88
"2024-08-03 06:30:00",3912,12.04,1,1,0.474,0.35,1.15,0.031,0.102,0.012,0.027,50.67,38.93
"2024-08-03 07:00:00",3913,12.05,1,1,0.801,0.76,1.77,0.067,0.157,0.043,0.056,51.4,38.99
"2024-08-03 07:30:00",3914,12.04,1,1,1.677,2.06,3.22,0.182,0.285,0.146,0.136,52.34,41.02
"2024-08-03 08:00:00",3915,12.04,1,1,2.625,3.37,4.89,0.298,0.432,0.242,0.227,51.76,42.1
"2024-08-03 08:30:00",3916,12.04,1,1,3.312,4.3,6.12,0.38,0.542,0.309,0.291,53.48,43.41
"2024-08-03 09:00:00",3917,12.03,1,1,3.838,5.07,7,0.449,0.62,0.37,0.343,53.96,43.72
"2024-08-03 09:30:00",3918,12.04,1,1,5.587,7.46,10.11,0.66,0.895,0.548,0.505,52.85,43.87
"2024-08-03 10:00:00",3919,12.03,1,1,6.611,9.05,11.73,0.801,1.038,0.682,0.595,53.62,43.96
"2024-08-03 10:30:00",3920,12.04,1,1,7.239,9.73,13.03,0.861,1.153,0.725,0.663,49.26,42.36
"2024-08-03 11:00:00",3921,12.03,1,1,8.03,10.85,14.4,0.96,1.274,0.807,0.73,49.06,41.9
"2024-08-03 11:30:00",3922,12.03,1,1,8.07,10.59,14.8,0.938,1.31,0.819,0.763,47.73,41.24
"2024-08-03 12:00:00",3923,12.03,1,1,7.966,10.33,14.73,0.914,1.303,0.829,0.791,46.9,40.99
"2024-08-03 12:30:00",3924,12.03,1,1,8.8,11.9,15.78,1.054,1.397,0.883,0.801,46.28,40.37
"2024-08-03 13:00:00",3925,12.03,1,1,9.2,12.41,16.52,1.099,1.462,0.933,0.849,45.39,39.48
"2024-08-03 13:30:00",3926,12.03,1,1,9.2,12.37,16.57,1.094,1.467,0.936,0.855,45.15,40.06
"2024-08-03 14:00:00",3927,12.03,1,1,9.09,12.25,16.34,1.084,1.446,0.931,0.846,45.31,40.64
"2024-08-03 14:30:00",3928,12.03,1,1,8.97,12.25,15.93,1.084,1.41,0.911,0.818,45.97,40.63
"2024-08-03 15:00:00",3929,12.03,1,1,8.88,12.04,15.86,1.066,1.404,0.894,0.813,45.46,40.37
"2024-08-03 15:30:00",3930,12.03,1,1,8.98,12.11,16.13,1.072,1.428,0.908,0.824,45.97,39.9
"2024-08-03 16:00:00",3931,12.03,1,1,8.87,11.9,15.98,1.054,1.414,0.897,0.815,46.55,40.47
"2024-08-03 16:30:00",3932,12.03,1,1,8.73,11.83,15.62,1.047,1.382,0.878,0.795,47.22,40.63
"2024-08-03 17:00:00",3933,12.03,1,1,8.31,11.23,14.9,0.994,1.319,0.836,0.756,49.14,40.89
"2024-08-03 17:30:00",3934,12.03,1,1,7.854,10.68,14.01,0.945,1.24,0.788,0.711,48.21,42.29
"2024-08-03 18:00:00",3935,12.03,1,1,6.728,9.17,11.98,0.812,1.06,0.669,0.604,50.09,42.66
"2024-08-03 18:30:00",3936,12.03,1,1,5.311,7.14,9.56,0.632,0.847,0.52,0.481,53.51,44.84
"2024-08-03 19:00:00",3937,12.02,1,1,4.144,5.52,7.51,0.488,0.664,0.403,0.373,52.49,43.5
"2024-08-03 19:30:00",3938,12.02,1,1,3.068,3.98,5.67,0.353,0.501,0.289,0.269,52.64,42.98
"2024-08-03 20:00:00",3939,12.02,1,1,1.942,2.47,3.64,0.218,0.323,0.148,0.149,47.75,38.5
"2024-08-03 20:30:00",3940,12.02,1,1,0.838,0.72,1.93,0.063,0.171,0.041,0.06,50.62,38.87
"2024-08-03 21:00:00",3941,12.01,1,1,0.502,0.31,1.28,0.028,0.113,0.014,0.035,51.87,39.45
"2024-08-03 21:30:00",3942,12,1,1,0.355,0.11,1.02,0.009,0.09,-0.003,0.014,50.62,37.88
"2024-08-03 22:00:00",3943,12,1,1,0.215,-0.13,0.82,-0.012,0.073,-0.02,0.005,51.46,38.21
"2024-08-03 22:30:00",3944,12,1,1,0.126,-0.27,0.68,-0.025,0.06,-0.032,-0.003,50.3,38.56
"2024-08-03 23:00:00",3945,12,1,1,0.123,-0.2,0.6,-0.018,0.053,-0.02,-0.005,51.25,39.24
"2024-08-03 23:30:00",3946,12,1,1,0.076,-0.27,0.52,-0.025,0.046,-0.035,-0.008,50.93,38.09
"2024-08-04 00:00:00",3947,11.99,1,1,0.018,-0.38,0.45,-0.034,0.04,-0.035,-0.014,50.38,38.21
"2024-08-04 00:30:00",3948,11.99,1,1,0.031,-0.34,0.45,-0.031,0.04,-0.035,-0.008,51.29,37.72
"2024-08-04 01:00:00",3949,11.99,1,1,0.053,-0.3,0.48,-0.028,0.043,-0.032,-0.011,51.17,38.59
"2024-08-04 01:30:00",3950,11.99,1,1,0.041,-0.3,0.44,-0.028,0.039,-0.029,-0.014,49.73,38.66
"2024-08-04 02:00:00",3951,11.99,1,1,0.031,-0.3,0.41,-0.028,0.036,-0.035,-0.014,50.29,38.81
"2024-08-04 02:30:00",3952,11.98,1,1,0.019,-0.3,0.37,-0.028,0.033,-0.032,-0.016,49.52,38.34
"2024-08-04 03:00:00",3953,11.98,1,1,0.018,-0.34,0.41,-0.031,0.036,-0.038,-0.016,49.37,37.78
"2024-08-04 03:30:00",3954,11.98,1,1,0.041,-0.27,0.41,-0.025,0.036,-0.032,-0.011,51.59,38.34
"2024-08-04 04:00:00",3955,11.98,1,1,0.041,-0.27,0.41,-0.025,0.036,-0.029,-0.011,51.23,38.91
"2024-08-04 04:30:00",3956,11.98,1,1,0.086,-0.2,0.48,-0.019,0.043,-0.026,-0.014,50.6,38.29
"2024-08-04 05:00:00",3957,11.98,1,1,0.066,-0.27,0.49,-0.025,0.043,-0.029,-0.011,50.02,38.12
"2024-08-04 05:30:00",3958,11.97,1,1,0.067,-0.23,0.45,-0.022,0.04,-0.026,-0.014,49.03,38.12
"2024-08-04 06:00:00",3959,11.97,1,1,0.079,-0.23,0.49,-0.022,0.043,-0.029,-0.008,50.86,38.44
"2024-08-04 06:30:00",3960,11.98,1,1,0.124,-0.16,0.56,-0.015,0.049,-0.026,-0.005,49.87,37.87
"2024-08-04 07:00:00",3961,11.97,1,1,0.324,0.1,0.93,0.009,0.082,0.003,0.014,51.03,39.02
"2024-08-04 07:30:00",3962,11.97,1,1,0.655,0.55,1.52,0.049,0.135,0.032,0.046,50.92,39.74
"2024-08-04 08:00:00",3963,11.97,1,1,1.047,1.14,2.16,0.101,0.191,0.072,0.081,52.96,39.82
"2024-08-04 08:30:00",3964,11.97,1,1,1.279,1.44,2.59,0.127,0.229,0.098,0.105,52.42,40.26
"2024-08-04 09:00:00",3965,11.97,1,1,1.724,2.08,3.35,0.184,0.296,0.144,0.145,52.27,41.35
"2024-08-04 09:30:00",3966,11.97,1,1,1.808,2.24,3.45,0.198,0.306,0.159,0.145,51.95,41.04
"2024-08-04 10:00:00",3967,11.97,1,1,2.377,2.99,4.49,0.265,0.397,0.219,0.209,54.02,42.02
"2024-08-04 10:30:00",3968,11.96,1,1,3.401,4.41,6.29,0.39,0.557,0.322,0.305,53.96,43.05
"2024-08-04 11:00:00",3969,11.96,1,1,2.629,3.38,4.89,0.299,0.433,0.245,0.23,51,42.43
"2024-08-04 11:30:00",3970,11.96,1,1,2.04,2.55,3.87,0.226,0.343,0.186,0.173,51.79,41.29
"2024-08-04 12:00:00",3971,11.96,1,1,2.876,3.68,5.37,0.326,0.475,0.269,0.256,53.41,43.59
"2024-08-04 12:30:00",3972,11.96,1,1,4.038,5.36,7.34,0.474,0.65,0.393,0.36,53.37,43.7
"2024-08-04 13:00:00",3973,11.96,1,1,4.106,5.49,7.42,0.486,0.657,0.397,0.367,52.48,44.32
"2024-08-04 13:30:00",3974,11.96,1,1,3.924,5.22,7.12,0.462,0.63,0.384,0.35,52.57,44.15
"2024-08-04 14:00:00",3975,11.95,1,1,5.222,6.96,9.46,0.616,0.837,0.517,0.478,52.99,44.56
"2024-08-04 14:30:00",3976,11.96,1,1,7.14,9.59,12.86,0.849,1.138,0.713,0.653,50.2,43.19
"2024-08-04 15:00:00",3977,11.95,1,1,7.852,10.52,14.17,0.931,1.254,0.792,0.722,47.87,41.79
"2024-08-04 15:30:00",3978,11.95,1,1,7.593,10.3,13.57,0.912,1.201,0.76,0.684,49.6,42.84
"2024-08-04 16:00:00",3979,11.95,1,1,7.345,9.99,13.1,0.884,1.159,0.734,0.662,50.06,42.32
"2024-08-04 16:30:00",3980,11.95,1,1,6.003,8.17,10.7,0.723,0.947,0.601,0.536,51.73,43.73
"2024-08-04 17:00:00",3981,11.95,1,1,5.111,6.89,9.18,0.61,0.813,0.503,0.457,52.5,43.26
"2024-08-04 17:30:00",3982,11.95,1,1,5.506,7.42,9.89,0.656,0.875,0.542,0.499,51.78,43.78
