"TOA5","CR300Series_310","CR300","5804","CR300.Std.11.00","CPU:CR300_sapflow.CR300","32345","Table1"
"TIMESTAMP","RECORD","BattV_Min","id","SDI0","SapFlwTot0","VhOuter0","VhInner0","AlphaOut0","AlphaIn0","BetaOut0","BetaIn0","tMaxTout0","tMaxTin0"
"TS","RN","Volts","","","literPerHour","heatVelocity","heatVelocity","logTRatio","logTRatio","logTRatio","logTRatio","second","second"
"","","Min","Smp","Smp","Smp","Smp","Smp","Smp","Smp","Smp","Smp","Smp","Smp"
"2024-07-21 12:30:00",1482,12.38,310,0,-0.006,-0.14,-0.14,-0.014,-0.014,-0.022,-0.014,105.7,89.7
"2024-07-21 13:00:00",1483,13.24,310,0,-0.01,-0.3,-0.13,-0.027,-0.012,-0.034,-0.016,88.4,88.7
"2024-07-21 13:30:00",1484,13.22,310,0,0.001,0.06,0,0.004,0,-0.004,-0.004,109,82.2
"2024-07-21 14:00:00",1485,13.21,310,0,-0.012,-0.45,-0.03,-0.04,-0.004,-0.028,-0.004,101.2,83.9
"2024-07-21 14:30:00",1486,13.2,310,0,-0.003,-0.09,-0.03,-0.009,-0.004,-0.017,-0.004,95.8,84.3
"2024-07-21 15:00:00",1487,13.2,310,0,-0.002,-0.07,0,-0.009,0,-0.019,-0.004,97,86.7
"2024-07-21 15:30:00",1488,13.19,310,0,0.002,0.11,-0.03,0.009,-0.004,0.024,-0.004,109.8,85.8
"2024-07-21 16:00:00",1489,13.18,310,0,0.04,1.43,0.25,0.118,0.021,0.181,0.035,109.8,109.9
"2024-07-21 16:30:00",1490,13.17,310,0,0.005,0.27,-0.07,0.021,-0.008,0.018,-0.011,109.6,109
"2024-07-21 17:00:00",1491,13.16,310,0,-0.052,-1.6,-0.65,-0.135,-0.056,-0.14,-0.055,72.39,70.94
"2024-07-21 17:30:00",1492,13.16,310,0,-0.033,-1.04,-0.34,-0.088,-0.031,-0.093,-0.036,74.01,74.33
"2024-07-21 18:00:00",1493,13.15,310,0,-0.076,-2.51,-0.7,-0.209,-0.06,-0.206,-0.065,69.56,71.38
"2024-07-21 18:30:00",1494,13.14,310,0,-0.023,-0.63,-0.4,-0.054,-0.035,-0.065,-0.034,74.48,72.04
"2024-07-21 19:00:00",1495,13.13,310,0,0.007,0.38,-0.1,0.031,-0.01,0.035,-0.01,82.1,74.42
"2024-07-21 19:30:00",1496,13.12,310,0,-0.002,-0.05,-0.05,-0.006,-0.005,-0.011,-0.01,82.2,72.21
"2024-07-21 20:00:00",1497,13.12,310,0,-0.002,-0.05,-0.05,-0.006,-0.005,-0.005,-0.005,83.1,72.15
"2024-07-21 20:30:00",1498,13.11,310,0,0.001,0.07,0,0.005,0,0.005,0,84.4,73.44
"2024-07-21 21:00:00",1499,13.1,310,0,0.003,0.13,0,0.01,0,0.005,0,87.2,76.71
"2024-07-21 21:30:00",1500,13.09,310,0,0,0.06,-0.03,0.005,-0.005,0,-0.005,87.7,75.95
"2024-07-21 22:00:00",1501,13.09,310,0,-0.002,-0.1,0,-0.01,0,-0.009,0,91.1,77.4
"2024-07-21 22:30:00",1502,13.08,310,0,-0.001,-0.03,-0.03,-0.005,-0.005,-0.009,-0.005,90,78.03
"2024-07-21 23:00:00",1503,13.08,310,0,0,0.06,-0.03,0.005,-0.005,0,-0.005,93.1,77.33
"2024-07-21 23:30:00",1504,13.07,310,0,0,0.06,-0.09,0.005,-0.009,0,-0.009,90.4,77.89
"2024-07-22 00:00:00",1505,13.07,310,0,-0.001,0,-0.09,0,-0.009,-0.005,-0.005,91.9,77.21
"2024-07-22 00:30:00",1506,13.06,310,0,0,0,-0.03,0,-0.005,-0.005,-0.005,87.4,78.45
"2024-07-22 01:00:00",1507,13.06,310,0,-0.003,-0.09,-0.03,-0.01,-0.005,-0.009,-0.009,92.6,76.63
"2024-07-22 01:30:00",1508,13.06,310,0,0,0,-0.03,0,-0.005,-0.005,-0.005,91.5,78.76
"2024-07-22 02:00:00",1509,13.05,310,0,-0.001,-0.03,-0.03,-0.005,-0.005,-0.009,-0.005,90.7,80.5
"2024-07-22 02:30:00",1510,13.05,310,0,-0.009,-0.28,-0.09,-0.025,-0.01,-0.033,-0.014,87.5,78.32
"2024-07-22 03:00:00",1511,13.05,310,0,0,0.06,-0.09,0.005,-0.01,0,-0.009,89.7,76.94
"2024-07-22 03:30:00",1512,13.04,310,0,-0.002,-0.03,-0.09,-0.005,-0.009,-0.005,-0.005,91.4,79.38
"2024-07-22 04:00:00",1513,13.04,310,0,-0.007,-0.27,-0.03,-0.025,-0.005,-0.028,0,93.2,79.19
"2024-07-22 04:30:00",1514,13.03,310,0,-0.007,-0.21,-0.09,-0.02,-0.009,-0.023,-0.009,90.5,78.51
"2024-07-22 05:00:00",1515,13.03,310,0,0,0,-0.03,0,-0.005,-0.005,-0.005,94.4,79.13
"2024-07-22 05:30:00",1516,13.03,310,0,-0.001,-0.03,-0.03,-0.005,-0.005,-0.009,-0.009,91.4,81.2
"2024-07-22 06:00:00",1517,13.02,310,0,0,0.06,-0.03,0.005,-0.005,0,-0.009,94.1,81.1
"2024-07-22 06:30:00",1518,13.02,310,0,0,0.06,-0.03,0.005,-0.005,0,-0.009,96.4,82.4
"2024-07-22 07:00:00",1519,13.02,310,0,-0.004,-0.09,-0.09,-0.009,-0.009,-0.017,-0.009,95.8,79.58
"2024-07-22 07:30:00",1520,13.02,310,0,-0.002,-0.03,-0.09,-0.005,-0.009,-0.013,-0.009,96.2,82.2
"2024-07-22 08:00:00",1521,13.02,310,0,-0.002,-0.03,-0.09,-0.005,-0.009,-0.013,-0.009,92.1,81.8
"2024-07-22 08:30:00",1522,13.02,310,0,-0.009,-0.33,-0.03,-0.029,-0.005,-0.031,-0.009,94.4,81.2
"2024-07-22 09:00:00",1523,13.01,310,0,0,0,-0.03,0,-0.004,-0.008,-0.009,100.6,81.3
"2024-07-22 09:30:00",1524,13.01,310,0,-0.001,-0.03,-0.03,-0.005,-0.005,-0.009,-0.009,90.5,82.8
"2024-07-22 10:00:00",1525,13.01,310,0,0.002,0.11,-0.03,0.01,-0.005,0.009,-0.005,91.9,79.38
"2024-07-22 10:30:00",1526,13.01,310,0,-0.009,-0.27,-0.14,-0.024,-0.014,-0.027,-0.014,93,80.6
"2024-07-22 11:00:00",1527,13.01,310,0,0,0.06,-0.09,0.005,-0.009,0.005,-0.009,90.3,81.1
"2024-07-22 11:30:00",1528,13,310,0,-0.005,-0.14,-0.07,-0.013,-0.009,-0.021,-0.008,103.8,88.4
"2024-07-22 12:00:00",1529,13,310,0,-0.001,0,-0.09,0,-0.009,0.004,-0.013,100.8,86.8
"2024-07-22 12:30:00",1530,13.01,310,0,-0.001,0,-0.09,0,-0.009,-0.004,-0.009,95.8,81.1
"2024-07-22 13:00:00",1531,13.01,310,0,0.002,0.17,-0.09,0.014,-0.009,0.013,-0.009,96.3,84.1
"2024-07-22 13:30:00",1532,13.01,310,0,-0.008,-0.21,-0.13,-0.019,-0.013,-0.036,-0.012,100.7,90.2
"2024-07-22 14:00:00",1533,13,310,0,-0.001,0.06,-0.13,0.005,-0.013,0.004,-0.013,104.1,87.6
"2024-07-22 14:30:00",1534,13,310,0,0,0.11,-0.09,0.009,-0.009,0.009,-0.004,95.4,84.6
"2024-07-22 15:00:00",1535,13,310,0,0.005,0.28,-0.07,0.023,-0.009,0.026,-0.008,94.4,90
"2024-07-22 15:30:00",1536,13,310,0,0,0,0,0,0,-0.008,-0.004,94.9,85.1
"2024-07-22 16:00:00",1537,13,310,0,0.066,2.27,0.52,0.188,0.043,0.167,0.063,108.5,109.9
"2024-07-22 16:30:00",1538,13,310,0,0.025,0.92,0.1,0.076,0.008,0.088,0.011,107.2,109.7
"2024-07-22 17:00:00",1539,13,310,0,-0.023,-0.62,-0.38,-0.054,-0.034,-0.066,-0.043,73.88,77.21
"2024-07-22 17:30:00",1540,13,310,0,-0.016,-0.49,-0.21,-0.043,-0.02,-0.048,-0.024,76.2,76.51
"2024-07-22 18:00:00",1541,12.99,310,0,-0.028,-0.98,-0.16,-0.083,-0.015,-0.088,-0.015,75.74,73.55
"2024-07-22 18:30:00",1542,12.99,310,0,0.002,0.13,-0.03,0.011,-0.005,0,-0.005,82.2,72.78
"2024-07-22 19:00:00",1543,12.99,310,0,0.005,0.27,-0.05,0.022,-0.005,0.016,-0.005,79.83,71.87
"2024-07-22 19:30:00",1544,12.98,310,0,0.005,0.18,0.06,0.015,0.005,0.01,0,86.4,75.38
"2024-07-22 20:00:00",1545,12.97,310,0,0.003,0.13,0,0.01,0,0.009,0,90.6,75.07
"2024-07-22 20:30:00",1546,12.97,310,0,-0.004,-0.1,-0.09,-0.01,-0.01,-0.01,-0.01,88.6,78.09
"2024-07-22 21:00:00",1547,12.96,310,0,-0.001,0,-0.09,0,-0.01,-0.005,-0.01,90.8,77.08
"2024-07-22 21:30:00",1548,12.96,310,0,0,0.06,-0.03,0.005,-0.005,-0.005,-0.005,92.3,76.82
"2024-07-22 22:00:00",1549,12.96,310,0,-0.002,-0.09,0,-0.01,0,-0.018,-0.005,90.7,77.76
"2024-07-22 22:30:00",1550,12.96,310,0,-0.006,-0.16,-0.09,-0.015,-0.01,-0.019,-0.009,91.8,78.33
"2024-07-22 23:00:00",1551,12.95,310,0,-0.003,-0.09,-0.03,-0.01,-0.005,-0.018,-0.009,92.1,77.89
"2024-07-22 23:30:00",1552,12.95,310,0,-0.001,-0.03,-0.03,-0.005,-0.005,-0.005,-0.009,94.6,78.39
"2024-07-23 00:00:00",1553,12.95,310,0,0,0,-0.03,0,-0.005,-0.005,-0.009,92.2,79.2
"2024-07-23 00:30:00",1554,12.95,310,0,0,0.06,-0.03,0.005,-0.005,0.005,-0.009,92.9,76.94
"2024-07-23 01:00:00",1555,12.94,310,0,-0.008,-0.27,-0.09,-0.024,-0.009,-0.032,-0.014,95.2,77.96
"2024-07-23 01:30:00",1556,12.95,310,0,-0.001,-0.03,-0.03,-0.005,-0.005,-0.005,-0.009,90.2,78.95
"2024-07-23 02:00:00",1557,12.94,310,0,-0.006,-0.16,-0.09,-0.015,-0.01,-0.023,-0.009,89.7,79.71
"2024-07-23 02:30:00",1558,12.94,310,0,-0.001,-0.03,-0.03,-0.005,-0.005,-0.009,-0.009,93.1,80.9
"2024-07-23 03:00:00",1559,12.94,310,0,-0.004,-0.09,-0.09,-0.01,-0.009,-0.014,-0.014,93.4,77.7
"2024-07-23 03:30:00",1560,12.94,310,0,0,0.06,-0.03,0.005,-0.005,0.005,-0.009,93.6,79.09
"2024-07-23 04:00:00",1561,12.93,310,0,-0.008,-0.27,-0.09,-0.025,-0.009,-0.023,-0.009,91.2,79.96
"2024-07-23 04:30:00",1562,12.93,310,0,-0.007,-0.16,-0.14,-0.015,-0.014,-0.023,-0.014,94.1,80.3
"2024-07-23 05:00:00",1563,12.93,310,0,-0.002,-0.03,-0.09,-0.005,-0.009,-0.009,-0.009,91.1,78.14
"2024-07-23 05:30:00",1564,12.93,310,0,-0.002,-0.03,-0.09,-0.005,-0.009,-0.014,-0.009,92.4,78.95
"2024-07-23 06:00:00",1565,12.93,310,0,-0.006,-0.14,-0.14,-0.014,-0.014,-0.018,-0.014,93.5,80
"2024-07-23 06:30:00",1566,12.93,310,0,-0.005,-0.14,-0.09,-0.014,-0.009,-0.018,-0.014,98.4,80.6
"2024-07-23 07:00:00",1567,12.92,310,0,-0.005,-0.14,-0.09,-0.014,-0.009,-0.022,-0.009,96.7,84.2
"2024-07-23 07:30:00",1568,12.92,310,0,-0.006,-0.14,-0.14,-0.014,-0.014,-0.017,-0.009,99.9,83.7
"2024-07-23 08:00:00",1569,12.92,310,0,-0.008,-0.26,-0.09,-0.023,-0.009,-0.03,-0.013,91.2,81.5
"2024-07-23 08:30:00",1570,12.92,310,0,-0.012,-0.41,-0.09,-0.036,-0.009,-0.043,-0.013,93.5,84.7
"2024-07-23 09:00:00",1571,12.92,310,0,-0.007,-0.2,-0.09,-0.018,-0.009,-0.039,-0.009,93.1,81.9
"2024-07-23 09:30:00",1572,12.93,310,0,-0.006,-0.19,-0.09,-0.018,-0.009,-0.025,-0.009,103.9,86.4
"2024-07-23 10:00:00",1573,12.92,310,0,-0.009,-0.3,-0.09,-0.026,-0.009,-0.02,-0.013,109.6,86.3
"2024-07-23 10:30:00",1574,12.93,310,0,-0.015,-0.45,-0.2,-0.039,-0.018,-0.045,-0.018,100.4,81.7
"2024-07-23 11:00:00",1575,12.93,310,0,-0.012,-0.34,-0.19,-0.031,-0.017,-0.035,-0.016,105.9,90.2
"2024-07-23 11:30:00",1576,12.93,310,0,-0.012,-0.4,-0.09,-0.035,-0.009,-0.033,-0.009,106.4,83.6
"2024-07-23 12:00:00",1577,12.93,310,0,-0.012,-0.38,-0.13,-0.033,-0.013,-0.034,-0.017,102.1,84.6
"2024-07-23 12:30:00",1578,12.93,310,0,0,0.06,-0.09,0.005,-0.009,0,-0.009,87,84.8
"2024-07-23 13:00:00",1579,12.93,310,0,-0.001,0,-0.09,0,-0.009,-0.004,-0.004,103.4,83.4
"2024-07-23 13:30:00",1580,12.93,310,0,-0.006,-0.14,-0.14,-0.014,-0.014,-0.017,-0.013,108.8,82.2
"2024-07-23 14:00:00",1581,12.93,310,0,-0.006,-0.17,-0.07,-0.017,-0.009,-0.015,-0.008,109.4,90.8
"2024-07-23 14:30:00",1582,12.93,310,0,-0.002,-0.03,-0.09,-0.005,-0.009,-0.015,-0.014,86.7,78.27
"2024-07-23 15:00:00",1583,12.93,310,0,0,0.07,-0.03,0.005,-0.005,0.005,-0.005,84.6,76.88
"2024-07-23 15:30:00",1584,12.92,310,0,-0.004,-0.1,-0.09,-0.01,-0.01,-0.014,-0.01,89,79
"2024-07-23 16:00:00",1585,12.92,310,0,0,0.11,-0.14,0.01,-0.014,0.005,-0.009,92.3,77.81
"2024-07-23 16:30:00",1586,12.91,310,0,-0.003,0,-0.16,0,-0.015,0,-0.01,87.7,77.99
"2024-07-23 17:00:00",1587,12.91,310,0,-0.002,0,-0.1,0,-0.011,0.006,-0.011,80.2,72.01
"2024-07-23 17:30:00",1588,12.9,310,0,0.001,0.18,-0.16,0.015,-0.015,0.015,-0.015,89.1,76.9
"2024-07-23 18:00:00",1589,12.9,310,0,-0.007,-0.16,-0.16,-0.015,-0.015,-0.019,-0.014,93.5,78.04
"2024-07-23 18:30:00",1590,12.89,310,0,-0.003,-0.03,-0.14,-0.005,-0.014,-0.005,-0.009,93.4,77.4
"2024-07-23 19:00:00",1591,12.89,310,0,-0.004,-0.03,-0.16,-0.005,-0.015,-0.009,-0.014,91.9,78.97
"2024-07-23 19:30:00",1592,12.89,310,0,-0.009,-0.28,-0.09,-0.025,-0.01,-0.029,-0.01,89.9,79.47
"2024-07-23 20:00:00",1593,12.88,310,0,-0.008,-0.21,-0.14,-0.02,-0.014,-0.019,-0.009,90.5,78.53
"2024-07-23 20:30:00",1594,12.88,310,0,-0.009,-0.23,-0.16,-0.02,-0.014,-0.029,-0.014,91.6,76.33
"2024-07-23 21:00:00",1595,12.87,310,0,-0.004,-0.03,-0.16,-0.005,-0.015,-0.009,-0.014,89.2,78.46
"2024-07-23 21:30:00",1596,12.87,310,0,-0.003,-0.03,-0.14,-0.005,-0.014,-0.009,-0.009,91.1,79.59
"2024-07-23 22:00:00",1597,12.87,310,0,-0.007,-0.16,-0.14,-0.015,-0.014,-0.014,-0.014,92.7,78.96
"2024-07-23 22:30:00",1598,12.87,310,0,-0.004,-0.1,-0.09,-0.01,-0.01,-0.009,-0.009,90.5,79.02
"2024-07-23 23:00:00",1599,12.87,310,0,-0.003,-0.03,-0.14,-0.005,-0.014,-0.009,-0.014,93.3,78.84
"2024-07-23 23:30:00",1600,12.86,310,0,-0.002,-0.03,-0.09,-0.005,-0.009,-0.009,-0.014,93.6,79.08
"2024-07-24 00:00:00",1601,12.86,310,0,-0.007,-0.16,-0.14,-0.015,-0.014,-0.009,-0.014,92.8,79.28
"2024-07-24 00:30:00",1602,12.86,310,0,-0.002,0,-0.14,0,-0.014,0,-0.009,92.4,77.64
"2024-07-24 01:00:00",1603,12.86,310,0,-0.016,-0.48,-0.21,-0.042,-0.019,-0.035,-0.019,90.2,76.7
"2024-07-24 01:30:00",1604,12.86,310,0,-0.033,-1.1,-0.27,-0.093,-0.025,-0.104,-0.029,84,76.75
"2024-07-24 02:00:00",1605,12.86,310,0,-0.026,-0.84,-0.27,-0.072,-0.025,-0.081,-0.024,98,77.76
"2024-07-24 02:30:00",1606,12.85,310,0,-0.027,-0.87,-0.27,-0.074,-0.025,-0.091,-0.025,87,77.51
"2024-07-24 03:00:00",1607,12.85,310,0,-0.016,-0.47,-0.21,-0.041,-0.02,-0.033,-0.015,97.5,79.52
"2024-07-24 03:30:00",1608,12.85,310,0,-0.022,-0.73,-0.21,-0.063,-0.02,-0.079,-0.019,90.8,80.1
"2024-07-24 04:00:00",1609,12.85,310,0,-0.01,-0.28,-0.16,-0.026,-0.015,-0.029,-0.019,92.4,81.4
"2024-07-24 04:30:00",1610,12.85,310,0,-0.021,-0.66,-0.21,-0.056,-0.019,-0.077,-0.019,90.5,79.27
"2024-07-24 05:00:00",1611,12.85,310,0,-0.016,-0.47,-0.21,-0.041,-0.02,-0.048,-0.014,92.1,79.4
"2024-07-24 05:30:00",1612,12.84,310,0,-0.023,-0.75,-0.21,-0.064,-0.02,-0.07,-0.019,91.2,81
"2024-07-24 06:00:00",1613,12.84,310,0,-0.013,-0.34,-0.21,-0.031,-0.02,-0.033,-0.019,94.1,76.88
"2024-07-24 06:30:00",1614,12.84,310,0,-0.019,-0.61,-0.21,-0.052,-0.02,-0.064,-0.019,90.7,78.2
"2024-07-24 07:00:00",1615,12.84,310,0,0,0.06,-0.09,0.005,-0.01,0.004,-0.009,98.3,80.3
"2024-07-24 07:30:00",1616,12.84,310,0,-0.019,-0.66,-0.14,-0.057,-0.014,-0.073,-0.014,89.6,80.8
"2024-07-24 08:00:00",1617,12.84,310,0,-0.011,-0.34,-0.16,-0.03,-0.014,-0.032,-0.014,95,84.5
"2024-07-24 08:30:00",1618,12.84,310,0,-0.001,0,-0.09,0,-0.009,-0.009,-0.014,96.2,85.4
"2024-07-24 09:00:00",1619,12.84,310,0,-0.011,-0.34,-0.14,-0.031,-0.014,-0.048,-0.019,92,82.3
"2024-07-24 09:30:00",1620,12.84,310,0,-0.017,-0.54,-0.2,-0.046,-0.019,-0.043,-0.019,96.6,82.2
"2024-07-24 10:00:00",1621,12.84,310,0,-0.008,-0.2,-0.14,-0.019,-0.014,-0.031,-0.014,103,82.5
"2024-07-24 10:30:00",1622,12.84,310,0,-0.016,-0.54,-0.14,-0.046,-0.014,-0.048,-0.014,93.6,83.2
"2024-07-24 11:00:00",1623,12.84,310,0,-0.011,-0.27,-0.2,-0.024,-0.019,-0.013,-0.014,101.4,83.6
"2024-07-24 11:30:00",1624,12.84,310,0,-0.021,-0.63,-0.26,-0.054,-0.024,-0.068,-0.028,83.5,80.3
"2024-07-24 12:00:00",1625,12.84,310,0,-0.002,0,-0.14,0,-0.014,-0.009,-0.009,97.5,85.5
"2024-07-24 12:30:00",1626,12.84,310,0,0.003,0.21,-0.09,0.017,-0.01,0.023,-0.009,109.5,83.9
"2024-07-24 13:00:00",1627,12.84,310,0,-0.009,-0.24,-0.14,-0.022,-0.013,-0.036,-0.013,109,89.2
"2024-07-24 13:30:00",1628,12.84,310,0,-0.015,-0.44,-0.2,-0.038,-0.018,-0.045,-0.018,94.3,86.3
"2024-07-24 14:00:00",1629,12.84,310,0,-0.016,-0.55,-0.14,-0.048,-0.014,-0.049,-0.013,93.8,85.8
"2024-07-24 14:30:00",1630,12.84,310,0,-0.009,-0.21,-0.2,-0.019,-0.018,-0.027,-0.018,91.7,83.5
"2024-07-24 15:00:00",1631,12.84,310,0,-0.005,-0.07,-0.14,-0.008,-0.013,-0.015,-0.013,109,90.5
"2024-07-24 15:30:00",1632,12.84,310,0,-0.029,-0.98,-0.24,-0.084,-0.022,-0.088,-0.025,82.2,87.5
"2024-07-24 16:00:00",1633,12.84,310,0,-0.042,-1.56,-0.13,-0.131,-0.013,-0.22,-0.017,103.8,92.5
"2024-07-24 16:30:00",1634,12.84,310,0,0.005,0.49,-0.37,0.041,-0.033,0.104,-0.037,109.8,84.3
"2024-07-24 17:00:00",1635,12.84,310,0,-0.002,0.11,-0.27,0.009,-0.024,0.02,-0.023,109.6,85.8
"2024-07-24 17:30:00",1636,12.84,310,0,-0.063,-2.09,-0.55,-0.175,-0.047,-0.172,-0.047,71.57,74.39
"2024-07-24 18:00:00",1637,12.84,310,0,-0.004,-0.05,-0.17,-0.006,-0.016,-0.011,-0.016,83.5,75.05
"2024-07-24 18:30:00",1638,12.83,310,0,-0.459,-17.22,-1.4,-1.424,-0.118,-1.207,-0.109,49.68,64.04
"2024-07-24 19:00:00",1639,12.82,310,0,-0.362,-13.07,-1.76,-1.083,-0.147,-1.083,-0.156,71.37,70.18
"2024-07-24 19:30:00",1640,12.82,310,0,-0.264,-9.6,-1.22,-0.795,-0.103,-0.797,-0.116,75.46,74.26
"2024-07-24 20:00:00",1641,12.81,310,0,-0.139,-5.06,-0.65,-0.42,-0.056,-0.417,-0.06,80.9,74.89
"2024-07-24 20:30:00",1642,12.81,310,0,-0.059,-2.08,-0.35,-0.173,-0.031,-0.19,-0.036,89.5,78.28
"2024-07-24 21:00:00",1643,12.8,310,0,-0.034,-1.25,-0.16,-0.105,-0.016,-0.12,-0.02,90.1,78.84
"2024-07-24 21:30:00",1644,12.8,310,0,-0.025,-0.84,-0.23,-0.072,-0.021,-0.089,-0.015,90.7,76.76
"2024-07-24 22:00:00",1645,12.8,310,0,-0.012,-0.37,-0.16,-0.032,-0.015,-0.045,-0.02,91.8,79.03
"2024-07-24 22:30:00",1646,12.8,310,0,-0.015,-0.49,-0.16,-0.043,-0.015,-0.055,-0.015,91.8,80.3
"2024-07-24 23:00:00",1647,12.8,310,0,-0.019,-0.63,-0.16,-0.054,-0.015,-0.066,-0.015,91.1,80.4
"2024-07-24 23:30:00",1648,12.79,310,0,-0.017,-0.49,-0.23,-0.043,-0.02,-0.051,-0.025,90.1,79.65
"2024-07-25 00:00:00",1649,12.79,310,0,-0.019,-0.63,-0.16,-0.055,-0.015,-0.062,-0.015,90.9,79.9
"2024-07-25 00:30:00",1650,12.79,310,0,-0.015,-0.49,-0.16,-0.043,-0.015,-0.055,-0.02,93.3,79.82
"2024-07-25 01:00:00",1651,12.79,310,0,-0.018,-0.56,-0.23,-0.049,-0.021,-0.067,-0.02,87.2,79.7
"2024-07-25 01:30:00",1652,12.79,310,0,-0.012,-0.37,-0.16,-0.032,-0.015,-0.045,-0.015,92.3,78.57
"2024-07-25 02:00:00",1653,12.78,310,0,-0.009,-0.28,-0.1,-0.026,-0.01,-0.029,-0.01,96.2,79.45
"2024-07-25 02:30:00",1654,12.78,310,0,-0.014,-0.44,-0.16,-0.039,-0.016,-0.037,-0.02,91.1,78.64
"2024-07-25 03:00:00",1655,12.78,310,0,-0.019,-0.63,-0.16,-0.054,-0.016,-0.061,-0.01,90.4,79.89
"2024-07-25 03:30:00",1656,12.78,310,0,-0.019,-0.62,-0.16,-0.053,-0.015,-0.076,-0.02,86,78.32
"2024-07-25 04:00:00",1657,12.78,310,0,-0.027,-0.97,-0.16,-0.083,-0.015,-0.089,-0.015,88,79.07
"2024-07-25 04:30:00",1658,12.78,310,0,-0.015,-0.42,-0.23,-0.037,-0.021,-0.039,-0.02,92.9,79.2
"2024-07-25 05:00:00",1659,12.77,310,0,-0.011,-0.37,-0.1,-0.033,-0.01,-0.042,-0.01,77.94,78.75
"2024-07-25 05:30:00",1660,12.77,310,0,-0.017,-0.62,-0.1,-0.053,-0.01,-0.066,-0.015,86.4,80.9
"2024-07-25 06:00:00",1661,12.77,310,0,-0.017,-0.49,-0.23,-0.043,-0.021,-0.045,-0.025,90.5,78.07
"2024-07-25 06:30:00",1662,12.77,310,0,-0.015,-0.42,-0.23,-0.037,-0.02,-0.05,-0.02,95.8,78.58
"2024-07-25 07:00:00",1663,12.77,310,0,-0.009,-0.23,-0.16,-0.021,-0.015,-0.029,-0.015,98.8,82
"2024-07-25 07:30:00",1664,12.76,310,0,-0.007,-0.16,-0.16,-0.015,-0.015,-0.014,-0.015,102.6,81.3
"2024-07-25 08:00:00",1665,12.76,310,0,-0.016,-0.48,-0.21,-0.041,-0.02,-0.048,-0.019,91.6,82.3
"2024-07-25 08:30:00",1666,12.76,310,0,-0.014,-0.45,-0.16,-0.039,-0.015,-0.041,-0.01,105.1,84.9
"2024-07-25 09:00:00",1667,12.76,310,0,-0.021,-0.62,-0.27,-0.053,-0.025,-0.07,-0.024,90.3,81.5
"2024-07-25 09:30:00",1668,12.76,310,0,-0.022,-0.72,-0.21,-0.061,-0.02,-0.071,-0.019,89.1,82.6
"2024-07-25 10:00:00",1669,12.76,310,0,-0.032,-1.14,-0.16,-0.096,-0.015,-0.102,-0.02,87,81.8
"2024-07-25 10:30:00",1670,12.76,310,0,-0.02,-0.62,-0.21,-0.053,-0.02,-0.055,-0.025,89,82.3
"2024-07-25 11:00:00",1671,12.76,310,0,-0.018,-0.56,-0.21,-0.049,-0.02,-0.055,-0.02,95,81.5
"2024-07-25 11:30:00",1672,12.76,310,0,-0.02,-0.68,-0.16,-0.058,-0.015,-0.055,-0.02,95,79.77
"2024-07-25 12:00:00",1673,12.76,310,0,-0.007,-0.16,-0.16,-0.015,-0.015,-0.014,-0.015,97.3,83
"2024-07-25 12:30:00",1674,12.76,310,0,-0.004,-0.03,-0.16,-0.005,-0.015,0,-0.01,94.8,81.8
"2024-07-25 13:00:00",1675,12.75,310,0,-0.017,-0.58,-0.16,-0.05,-0.015,-0.05,-0.014,100.8,84.6
"2024-07-25 13:30:00",1676,12.75,310,0,-0.001,0,-0.09,0,-0.01,-0.009,-0.014,100.9,85.9
"2024-07-25 14:00:00",1677,12.75,310,0,-0.029,-0.87,-0.4,-0.074,-0.035,-0.075,-0.034,89.7,83.7
"2024-07-25 14:30:00",1678,12.75,310,0,-0.017,-0.48,-0.27,-0.041,-0.025,-0.048,-0.019,97.6,83.4
"2024-07-25 15:00:00",1679,12.75,310,0,0.002,0.24,-0.16,0.02,-0.015,0.028,-0.015,101.2,79.65
"2024-07-25 15:30:00",1680,12.75,310,0,-0.028,-0.94,-0.21,-0.08,-0.02,-0.097,-0.025,88.6,81.3
"2024-07-25 16:00:00",1681,12.75,310,0,-0.009,-0.23,-0.16,-0.021,-0.015,-0.01,-0.015,97.9,83.4
"2024-07-25 16:30:00",1682,12.75,310,0,0.001,0.13,-0.1,0.01,-0.01,-0.019,-0.01,88.9,81
"2024-07-25 17:00:00",1683,12.75,310,0,-0.051,-1.81,-0.27,-0.151,-0.024,-0.171,-0.028,69.95,83.3
"2024-07-25 17:30:00",1684,12.74,310,0,0.003,0.17,-0.03,0.014,-0.005,0.018,-0.005,106.6,84.8
"2024-07-25 18:00:00",1685,12.74,310,0,-0.018,-0.51,-0.27,-0.044,-0.025,-0.06,-0.024,88.4,85.2
"2024-07-25 18:30:00",1686,12.74,310,0,-0.028,-0.91,-0.28,-0.077,-0.026,-0.094,-0.03,85.3,80.4
"2024-07-25 19:00:00",1687,12.74,310,0,-0.026,-0.87,-0.21,-0.074,-0.02,-0.086,-0.015,89.1,82.4
"2024-07-25 19:30:00",1688,12.74,310,0,-0.021,-0.63,-0.28,-0.055,-0.026,-0.058,-0.02,86.8,77.33
"2024-07-25 20:00:00",1689,12.74,310,0,-0.015,-0.44,-0.23,-0.038,-0.021,-0.041,-0.02,91.1,79.33
"2024-07-25 20:30:00",1690,12.73,310,0,-0.01,-0.23,-0.23,-0.021,-0.021,-0.03,-0.015,91.6,80.9
"2024-07-25 21:00:00",1691,12.73,310,0,-0.008,-0.23,-0.1,-0.021,-0.01,-0.025,-0.01,92.9,78.89
"2024-07-25 21:30:00",1692,12.73,310,0,-0.007,-0.1,-0.23,-0.011,-0.021,-0.01,-0.021,90.2,77.75
"2024-07-25 22:00:00",1693,12.73,310,0,-0.007,-0.1,-0.23,-0.011,-0.021,-0.015,-0.015,92.2,80.5
"2024-07-25 22:30:00",1694,12.72,310,0,-0.005,-0.1,-0.16,-0.011,-0.016,-0.015,-0.015,91,79.82
"2024-07-25 23:00:00",1695,12.72,310,0,-0.018,-0.61,-0.16,-0.053,-0.015,-0.069,-0.015,89,79.32
"2024-07-25 23:30:00",1696,12.72,310,0,-0.01,-0.23,-0.23,-0.021,-0.02,-0.029,-0.015,96.1,79.88
"2024-07-26 00:00:00",1697,12.72,310,0,-0.019,-0.63,-0.16,-0.054,-0.015,-0.056,-0.02,90.4,81.9
"2024-07-26 00:30:00",1698,12.71,310,0,-0.009,-0.23,-0.16,-0.021,-0.015,-0.025,-0.015,89.8,79.38
"2024-07-26 01:00:00",1699,12.71,310,0,-0.01,-0.24,-0.23,-0.022,-0.021,-0.026,-0.02,90.8,78.31
"2024-07-26 01:30:00",1700,12.71,310,0,-0.009,-0.23,-0.16,-0.021,-0.015,-0.025,-0.015,92,80.1
"2024-07-26 02:00:00",1701,12.71,310,0,-0.007,-0.17,-0.16,-0.016,-0.015,-0.02,-0.015,93.3,80.6
"2024-07-26 02:30:00",1702,12.7,310,0,-0.007,-0.17,-0.16,-0.016,-0.015,-0.02,-0.02,93,79.24
"2024-07-26 03:00:00",1703,12.7,310,0,-0.015,-0.42,-0.23,-0.037,-0.021,-0.045,-0.02,91.2,78.94
"2024-07-26 03:30:00",1704,12.7,310,0,-0.006,-0.17,-0.1,-0.016,-0.01,-0.015,-0.02,92,79.55
"2024-07-26 04:00:00",1705,12.7,310,0,-0.009,-0.17,-0.23,-0.016,-0.021,-0.015,-0.02,91,82.6
"2024-07-26 04:30:00",1706,12.7,310,0,-0.005,-0.1,-0.16,-0.011,-0.015,-0.015,-0.015,95.8,78.86
"2024-07-26 05:00:00",1707,12.69,310,0,-0.009,-0.23,-0.16,-0.021,-0.015,-0.029,-0.015,95.3,80.1
"2024-07-26 05:30:00",1708,12.69,310,0,-0.007,-0.17,-0.16,-0.016,-0.015,-0.02,-0.015,93.5,81.3
"2024-07-26 06:00:00",1709,12.69,310,0,-0.01,-0.3,-0.16,-0.026,-0.015,-0.035,-0.015,90.5,79.05
"2024-07-26 06:30:00",1710,12.69,310,0,-0.007,-0.16,-0.16,-0.015,-0.015,-0.019,-0.015,95.5,82.3
"2024-07-26 07:00:00",1711,12.69,310,0,-0.01,-0.28,-0.16,-0.025,-0.015,-0.033,-0.015,97.1,81.1
"2024-07-26 07:30:00",1712,12.69,310,0,-0.009,-0.21,-0.21,-0.02,-0.02,-0.027,-0.019,100.9,84.2
"2024-07-26 08:00:00",1713,12.69,310,0,-0.007,-0.16,-0.16,-0.015,-0.015,-0.023,-0.014,98.4,84.5
"2024-07-26 08:30:00",1714,12.69,310,0,-0.005,-0.1,-0.16,-0.01,-0.015,-0.014,-0.014,98.1,85.6
"2024-07-26 09:00:00",1715,12.69,310,0,0,0.06,-0.1,0.005,-0.01,0.005,-0.015,95.4,82.7
"2024-07-26 09:30:00",1716,12.69,310,0,-0.025,-0.83,-0.21,-0.071,-0.02,-0.057,-0.024,103.2,84
"2024-07-26 10:00:00",1717,12.69,310,0,-0.005,-0.03,-0.2,-0.005,-0.019,-0.009,-0.018,87.6,87.9
"2024-07-26 10:30:00",1718,12.69,310,0,-0.015,-0.47,-0.16,-0.041,-0.015,-0.058,-0.014,79.09,85.2
"2024-07-26 11:00:00",1719,12.69,310,0,-0.005,-0.09,-0.16,-0.01,-0.015,-0.013,-0.015,103.6,81.6
"2024-07-26 11:30:00",1720,12.69,310,0,-0.019,-0.61,-0.21,-0.052,-0.019,-0.059,-0.019,83.6,83.7
"2024-07-26 12:00:00",1721,12.69,310,0,-0.005,-0.03,-0.2,-0.005,-0.019,-0.012,-0.018,110,87.7
"2024-07-26 12:30:00",1722,12.69,310,0,-0.002,0.06,-0.2,0.005,-0.019,-0.004,-0.018,99.7,90.2
"2024-07-26 13:00:00",1723,12.69,310,0,-0.008,-0.27,-0.09,-0.025,-0.01,-0.028,-0.009,89.9,91.2
"2024-07-26 13:30:00",1724,12.69,310,0,-0.019,-0.65,-0.14,-0.056,-0.014,-0.042,-0.019,108.3,87.8
"2024-07-26 14:00:00",1725,12.69,310,0,0,0.11,-0.16,0.01,-0.015,0.013,-0.014,97.2,86
"2024-07-26 14:30:00",1726,12.69,310,0,-0.016,-0.51,-0.16,-0.044,-0.014,-0.056,-0.019,85.2,86.8
"2024-07-26 15:00:00",1727,12.69,310,0,-0.015,-0.51,-0.14,-0.044,-0.014,-0.035,-0.018,109.2,87
"2024-07-26 15:30:00",1728,12.69,310,0,-0.026,-1.05,0,-0.089,0,-0.1,0,85.6,97.2
"2024-07-26 16:00:00",1729,12.69,310,0,-0.039,-1.18,-0.48,-0.099,-0.042,-0.1,-0.04,110,88.7
"2024-07-26 16:30:00",1730,12.69,310,0,-0.047,-1.42,-0.59,-0.119,-0.05,-0.117,-0.05,70.6,72.92
"2024-07-26 17:00:00",1731,12.68,310,0,-0.008,-0.06,-0.33,-0.007,-0.029,-0.006,-0.028,76.92,74.22
"2024-07-26 17:30:00",1732,12.68,310,0,-0.022,-0.73,-0.19,-0.062,-0.017,-0.053,-0.017,84.4,74.14
"2024-07-26 18:00:00",1733,12.68,310,0,-0.006,-0.12,-0.19,-0.011,-0.017,-0.011,-0.017,90.1,74.82
"2024-07-26 18:30:00",1734,12.67,310,0,-0.001,0.07,-0.17,0.005,-0.017,0,-0.011,83,78.59
"2024-07-26 19:00:00",1735,12.67,310,0,-0.002,0,-0.12,0,-0.011,0,-0.017,86.2,76.51
"2024-07-26 19:30:00",1736,12.66,310,0,-0.001,0.07,-0.19,0.006,-0.017,0.011,-0.022,90.3,73.8
"2024-07-26 20:00:00",1737,12.66,310,0,0.003,0.2,-0.05,0.016,-0.006,0.016,-0.005,88.6,78.19
"2024-07-26 20:30:00",1738,12.66,310,0,-0.006,-0.17,-0.1,-0.017,-0.011,-0.021,-0.011,86.7,78.69
"2024-07-26 21:00:00",1739,12.65,310,0,-0.006,-0.17,-0.12,-0.017,-0.011,-0.016,-0.016,87.1,78.69
"2024-07-26 21:30:00",1740,12.65,310,0,-0.008,-0.24,-0.1,-0.022,-0.011,-0.02,-0.011,88.8,78.87
"2024-07-26 22:00:00",1741,12.65,310,0,-0.007,-0.1,-0.24,-0.011,-0.022,-0.01,-0.016,88.6,79.68
"2024-07-26 22:30:00",1742,12.64,310,0,-0.012,-0.37,-0.17,-0.032,-0.016,-0.046,-0.016,88.4,78.99
"2024-07-26 23:00:00",1743,12.64,310,0,-0.014,-0.42,-0.17,-0.038,-0.016,-0.056,-0.01,85.8,79.55
"2024-07-26 23:30:00",1744,12.64,310,0,-0.009,-0.3,-0.1,-0.027,-0.011,-0.04,-0.016,88,78.81
"2024-07-27 00:00:00",1745,12.64,310,0,-0.003,0,-0.17,0,-0.016,-0.01,-0.016,95,80.2
"2024-07-27 00:30:00",1746,12.63,310,0,0,0.06,-0.05,0.005,-0.005,0.005,-0.005,94.2,81.2
"2024-07-27 01:00:00",1747,12.63,310,0,-0.006,-0.1,-0.17,-0.011,-0.016,-0.015,-0.016,91.6,78.85
"2024-07-27 01:30:00",1748,12.63,310,0,-0.011,-0.37,-0.1,-0.032,-0.011,-0.04,-0.01,90.7,79.49
"2024-07-27 02:00:00",1749,12.63,310,0,-0.011,-0.3,-0.17,-0.027,-0.016,-0.046,-0.016,85.8,81.3
"2024-07-27 02:30:00",1750,12.63,310,0,-0.009,-0.23,-0.17,-0.021,-0.016,-0.02,-0.016,94.1,80.4
"2024-07-27 03:00:00",1751,12.62,310,0,-0.006,-0.17,-0.1,-0.016,-0.011,-0.02,-0.01,93,80.5
"2024-07-27 03:30:00",1752,12.62,310,0,-0.014,-0.42,-0.17,-0.037,-0.016,-0.05,-0.016,91.2,79.98
"2024-07-27 04:00:00",1753,12.62,310,0,-0.006,-0.1,-0.17,-0.011,-0.016,-0.015,-0.016,92.5,80.3
"2024-07-27 04:30:00",1754,12.62,310,0,-0.008,-0.17,-0.17,-0.016,-0.016,-0.025,-0.016,89.7,79.28
"2024-07-27 05:00:00",1755,12.62,310,0,-0.004,0,-0.23,0,-0.021,-0.005,-0.021,92.7,81.2
"2024-07-27 05:30:00",1756,12.62,310,0,-0.005,-0.05,-0.23,-0.005,-0.021,-0.005,-0.021,94.2,80.7
"2024-07-27 06:00:00",1757,12.62,310,0,-0.021,-0.7,-0.17,-0.06,-0.016,-0.073,-0.021,87.2,79.98
"2024-07-27 06:30:00",1758,12.61,310,0,-0.011,-0.3,-0.17,-0.027,-0.016,-0.035,-0.016,92.3,80.1
"2024-07-27 07:00:00",1759,12.61,310,0,-0.006,-0.1,-0.17,-0.01,-0.016,-0.01,-0.015,94.1,82.3
"2024-07-27 07:30:00",1760,12.61,310,0,-0.005,-0.05,-0.23,-0.005,-0.021,-0.005,-0.015,98.6,81.8
"2024-07-27 08:00:00",1761,12.61,310,0,-0.009,-0.27,-0.1,-0.024,-0.01,-0.031,-0.01,103.3,85.1
"2024-07-27 08:30:00",1762,12.61,310,0,-0.011,-0.31,-0.14,-0.028,-0.014,-0.029,-0.014,109.9,89.2
"2024-07-27 09:00:00",1763,12.61,310,0,-0.013,-0.35,-0.2,-0.032,-0.019,-0.033,-0.018,109.4,93.2
"2024-07-27 09:30:00",1764,12.62,310,0,-0.01,-0.24,-0.2,-0.022,-0.018,-0.035,-0.018,109.7,96.7
"2024-07-27 10:00:00",1765,12.62,310,0,-0.009,-0.2,-0.2,-0.018,-0.018,-0.033,-0.018,100.1,95.3
"2024-07-27 10:30:00",1766,12.62,310,0,-0.005,-0.09,-0.14,-0.009,-0.014,-0.017,-0.014,109.8,94
"2024-07-27 11:00:00",1767,12.63,310,0,-0.003,0.06,-0.26,0.005,-0.024,-0.004,-0.018,101.8,87.8
"2024-07-27 11:30:00",1768,12.63,310,0,-0.007,-0.16,-0.14,-0.014,-0.014,-0.018,-0.018,107,89
"2024-07-27 12:00:00",1769,12.63,310,0,-0.005,-0.03,-0.21,-0.005,-0.019,-0.012,-0.018,109.1,90.9
"2024-07-27 12:30:00",1770,12.63,310,0,-0.007,-0.14,-0.2,-0.014,-0.019,-0.034,-0.022,90.1,95.2
"2024-07-27 13:00:00",1771,12.63,310,0,-0.023,-0.75,-0.21,-0.064,-0.019,-0.05,-0.019,100.4,91.2
"2024-07-27 13:30:00",1772,12.63,310,0,-0.005,-0.1,-0.16,-0.01,-0.015,-0.01,-0.014,103.4,86.4
"2024-07-27 14:00:00",1773,12.63,310,0,0.003,0.24,-0.1,0.02,-0.01,0.009,-0.01,91,89
"2024-07-27 14:30:00",1774,12.64,310,0,-0.011,-0.3,-0.2,-0.027,-0.019,-0.008,-0.023,101.4,92.4
"2024-07-27 15:00:00",1775,12.64,310,0,-0.014,-0.42,-0.16,-0.037,-0.015,-0.062,-0.014,109.7,88.2
"2024-07-27 15:30:00",1776,12.63,310,0,0.016,0.42,0.31,0.035,0.026,0.008,0.036,99.4,109.8
"2024-07-27 16:00:00",1777,12.63,310,0,-0.001,0.17,-0.3,0.014,-0.026,0.006,-0.029,109.2,109.8
"2024-07-27 16:30:00",1778,12.63,310,0,0.016,0.67,0,0.056,0,0.081,0.012,109.9,110
"2024-07-27 17:00:00",1779,12.62,310,0,0.007,0.76,-0.59,0.063,-0.051,0.057,-0.054,75.59,85.7
"2024-07-27 17:30:00",1780,12.62,310,0,-0.047,-1.66,-0.31,-0.139,-0.028,-0.168,-0.033,72.31,75.64
"2024-07-27 18:00:00",1781,12.62,310,0,-0.13,-4.72,-0.59,-0.393,-0.051,-0.471,-0.05,109.8,75.45
"2024-07-27 18:30:00",1782,12.62,310,0,0.001,-0.05,0.14,-0.006,0.012,-0.012,0.017,77.68,76.49
"2024-07-27 19:00:00",1783,12.62,310,0,-0.011,-0.21,-0.28,-0.02,-0.025,-0.02,-0.025,80.2,71.46
"2024-07-27 19:30:00",1784,12.61,310,0,-0.011,-0.3,-0.2,-0.027,-0.019,-0.026,-0.019,77.14,70.69
"2024-07-27 20:00:00",1785,12.6,310,0,-0.001,0,-0.05,0,-0.006,0.006,-0.006,82.1,71.62
"2024-07-27 20:30:00",1786,12.6,310,0,-0.006,-0.13,-0.13,-0.012,-0.012,-0.012,-0.012,82.1,71.86
"2024-07-27 21:00:00",1787,12.59,310,0,-0.002,0,-0.12,0,-0.012,-0.006,-0.006,83.4,75.74
"2024-07-27 21:30:00",1788,12.59,310,0,-0.001,0,-0.05,0,-0.006,0,-0.006,84.4,74.23
"2024-07-27 22:00:00",1789,12.58,310,0,-0.003,-0.05,-0.12,-0.006,-0.012,0,-0.011,86,75.8
"2024-07-27 22:30:00",1790,12.58,310,0,-0.002,0,-0.12,0,-0.012,-0.005,-0.011,86.5,77.05
"2024-07-27 23:00:00",1791,12.57,310,0,-0.005,-0.05,-0.19,-0.006,-0.017,-0.005,-0.017,87.2,76.23
"2024-07-27 23:30:00",1792,12.57,310,0,-0.006,-0.17,-0.12,-0.017,-0.011,-0.026,-0.017,86.6,75.34
"2024-07-28 00:00:00",1793,12.56,310,0,-0.01,-0.31,-0.12,-0.028,-0.011,-0.043,-0.011,86.2,77.03
"2024-07-28 00:30:00",1794,12.56,310,0,-0.007,-0.12,-0.24,-0.011,-0.022,-0.011,-0.022,90.6,77.85
"2024-07-28 01:00:00",1795,12.56,310,0,-0.004,-0.05,-0.17,-0.006,-0.017,-0.005,-0.011,89.4,79.66
"2024-07-28 01:30:00",1796,12.56,310,0,-0.006,-0.17,-0.12,-0.016,-0.011,-0.015,-0.016,90.9,77.72
"2024-07-28 02:00:00",1797,12.55,310,0,-0.007,-0.05,-0.31,-0.006,-0.028,-0.005,-0.022,89.4,78.47
"2024-07-28 02:30:00",1798,12.55,310,0,-0.004,-0.05,-0.17,-0.005,-0.016,-0.01,-0.022,88.9,79.16
"2024-07-28 03:00:00",1799,12.55,310,0,-0.007,-0.12,-0.24,-0.011,-0.022,-0.016,-0.022,89.2,79.77
"2024-07-28 03:30:00",1800,12.55,310,0,-0.003,0,-0.17,0,-0.016,0,-0.016,93.7,79.77
"2024-07-28 04:00:00",1801,12.54,310,0,-0.002,0.07,-0.24,0.005,-0.022,-0.005,-0.016,91.3,79.09
"2024-07-28 04:30:00",1802,12.54,310,0,-0.006,-0.1,-0.17,-0.011,-0.016,-0.01,-0.016,92.6,79.9
"2024-07-28 05:00:00",1803,12.54,310,0,-0.003,-0.05,-0.1,-0.005,-0.011,-0.005,-0.011,91.9,79.71
"2024-07-28 05:30:00",1804,12.54,310,0,-0.009,-0.17,-0.24,-0.016,-0.022,-0.02,-0.021,91.2,83.2
"2024-07-28 06:00:00",1805,12.54,310,0,-0.012,-0.3,-0.24,-0.027,-0.022,-0.025,-0.021,91.9,81.7
"2024-07-28 06:30:00",1806,12.54,310,0,-0.009,-0.17,-0.24,-0.016,-0.022,-0.025,-0.021,88.5,78.57
"2024-07-28 07:00:00",1807,12.53,310,0,-0.008,-0.16,-0.23,-0.015,-0.021,-0.024,-0.02,98.8,82.5
"2024-07-28 07:30:00",1808,12.54,310,0,-0.007,-0.16,-0.16,-0.015,-0.015,-0.018,-0.015,102,86
"2024-07-28 08:00:00",1809,12.54,310,0,-0.009,-0.2,-0.21,-0.019,-0.02,-0.021,-0.019,108.4,92
"2024-07-28 08:30:00",1810,12.54,310,0,-0.007,-0.14,-0.2,-0.013,-0.019,-0.016,-0.018,109.7,94.7
"2024-07-28 09:00:00",1811,12.54,310,0,-0.007,-0.14,-0.2,-0.014,-0.019,-0.021,-0.013,108.9,96.1
"2024-07-28 09:30:00",1812,12.55,310,0,-0.01,-0.24,-0.2,-0.022,-0.019,-0.032,-0.018,109.4,98.2
"2024-07-28 10:00:00",1813,12.55,310,0,-0.006,-0.09,-0.2,-0.009,-0.019,-0.016,-0.013,108.2,97
"2024-07-28 10:30:00",1814,12.56,310,0,-0.01,-0.26,-0.2,-0.023,-0.019,-0.038,-0.018,107.2,96
"2024-07-28 11:00:00",1815,12.56,310,0,-0.006,-0.05,-0.27,-0.005,-0.025,-0.02,-0.024,91.8,86.6
"2024-07-28 11:30:00",1816,12.56,310,0,-0.006,-0.05,-0.27,-0.005,-0.025,-0.015,-0.024,89.7,86.3
"2024-07-28 12:00:00",1817,12.56,310,0,-0.002,-0.03,-0.09,-0.004,-0.01,-0.014,-0.009,109.7,91
"2024-07-28 12:30:00",1818,12.56,310,0,0,0.06,-0.1,0.005,-0.01,0,-0.01,104.8,87.3
"2024-07-28 13:00:00",1819,12.56,310,0,0,0.07,-0.1,0.005,-0.011,0,-0.01,96.4,83.6
"2024-07-28 13:30:00",1820,12.56,310,0,-0.004,0,-0.21,0,-0.02,-0.008,-0.015,105.6,89.1
"2024-07-28 14:00:00",1821,12.56,310,0,0.001,0.2,-0.16,0.016,-0.015,0.01,-0.015,95.6,85.6
"2024-07-28 14:30:00",1822,12.56,310,0,-0.011,-0.35,-0.09,-0.031,-0.009,-0.047,-0.004,105,102.5
"2024-07-28 15:00:00",1823,12.56,310,0,-0.023,-0.73,-0.26,-0.063,-0.023,-0.068,-0.026,92.3,100.7
"2024-07-28 15:30:00",1824,12.56,310,0,0.021,0.94,-0.1,0.078,-0.011,0.069,-0.005,110,88
"2024-07-28 16:00:00",1825,12.56,310,0,0.05,1.92,0.11,0.158,0.009,0.114,0.029,110,109
"2024-07-28 16:30:00",1826,12.56,310,0,-0.03,-0.98,-0.27,-0.084,-0.024,-0.052,-0.028,105.7,87
"2024-07-28 17:00:00",1827,12.56,310,0,0.011,0.74,-0.38,0.061,-0.033,0.035,-0.036,88.3,94.4
"2024-07-28 17:30:00",1828,12.55,310,0,-0.022,-0.54,-0.47,-0.046,-0.04,-0.049,-0.045,86.4,77.94
"2024-07-28 18:00:00",1829,12.55,310,0,-0.051,-1.64,-0.52,-0.138,-0.045,-0.19,-0.044,109.8,78.96
"2024-07-28 18:30:00",1830,12.55,310,0,-0.003,0,-0.2,0,-0.018,-0.007,-0.018,77.75,74.55
"2024-07-28 19:00:00",1831,12.55,310,0,-0.008,-0.05,-0.34,-0.006,-0.03,-0.012,-0.03,79.92,75.22
"2024-07-28 19:30:00",1832,12.54,310,0,-0.009,-0.2,-0.2,-0.019,-0.018,-0.012,-0.012,81.9,75.21
"2024-07-28 20:00:00",1833,12.54,310,0,-0.009,-0.2,-0.2,-0.019,-0.018,-0.03,-0.018,81,72.99
"2024-07-28 20:30:00",1834,12.53,310,0,-0.009,-0.27,-0.12,-0.025,-0.012,-0.018,-0.012,82.8,76.13
"2024-07-28 21:00:00",1835,12.53,310,0,-0.003,0,-0.19,0,-0.018,-0.006,-0.018,84.1,76.68
"2024-07-28 21:30:00",1836,12.52,310,0,-0.003,-0.05,-0.12,-0.006,-0.012,-0.016,-0.017,88,76.24
"2024-07-28 22:00:00",1837,12.51,310,0,0,0.07,-0.05,0.006,-0.006,0.005,-0.011,86.5,77.99
"2024-07-28 22:30:00",1838,12.51,310,0,-0.013,-0.31,-0.26,-0.028,-0.023,-0.038,-0.017,85.1,77.16
"2024-07-28 23:00:00",1839,12.51,310,0,-0.006,-0.12,-0.19,-0.011,-0.017,-0.005,-0.017,89,77.79
"2024-07-28 23:30:00",1840,12.5,310,0,-0.013,-0.31,-0.26,-0.028,-0.023,-0.037,-0.022,88.1,78.68
"2024-07-29 00:00:00",1841,12.5,310,0,-0.003,0,-0.19,0,-0.017,0,-0.017,87.1,78.16
"2024-07-29 00:30:00",1842,12.5,310,0,-0.013,-0.38,-0.17,-0.033,-0.017,-0.031,-0.016,86.3,78.55
"2024-07-29 01:00:00",1843,12.5,310,0,-0.008,-0.17,-0.17,-0.016,-0.017,-0.015,-0.022,91.6,79.42
"2024-07-29 01:30:00",1844,12.49,310,0,-0.004,-0.05,-0.17,-0.005,-0.017,-0.016,-0.011,89.5,79.29
"2024-07-29 02:00:00",1845,12.49,310,0,-0.011,-0.31,-0.17,-0.028,-0.017,-0.021,-0.011,89.8,78.35
"2024-07-29 02:30:00",1846,12.49,310,0,-0.004,-0.05,-0.17,-0.005,-0.017,-0.005,-0.011,91.4,80.9
"2024-07-29 03:00:00",1847,12.49,310,0,-0.014,-0.44,-0.17,-0.038,-0.016,-0.046,-0.016,90.1,79.42
"2024-07-29 03:30:00",1848,12.49,310,0,-0.011,-0.24,-0.24,-0.022,-0.022,-0.02,-0.021,90.5,78.79
"2024-07-29 04:00:00",1849,12.48,310,0,-0.009,-0.17,-0.24,-0.016,-0.022,-0.015,-0.021,90.3,80.8
"2024-07-29 04:30:00",1850,12.48,310,0,-0.008,-0.17,-0.17,-0.016,-0.016,-0.015,-0.016,95,79.55
"2024-07-29 05:00:00",1851,12.48,310,0,-0.009,-0.17,-0.24,-0.016,-0.022,-0.015,-0.021,94.5,81
"2024-07-29 05:30:00",1852,12.48,310,0,-0.014,-0.42,-0.17,-0.038,-0.016,-0.046,-0.016,93.1,80.9
"2024-07-29 06:00:00",1853,12.48,310,0,-0.008,-0.17,-0.17,-0.016,-0.016,-0.025,-0.021,90.4,80.7
"2024-07-29 06:30:00",1854,12.48,310,0,-0.01,-0.28,-0.17,-0.025,-0.016,-0.028,-0.015,98.5,84.7
"2024-07-29 07:00:00",1855,12.48,310,0,-0.007,-0.1,-0.23,-0.01,-0.021,-0.023,-0.02,96.3,85.6
"2024-07-29 07:30:00",1856,12.48,310,0,-0.015,-0.48,-0.16,-0.041,-0.015,-0.053,-0.015,92.6,86.4
"2024-07-29 08:00:00",1857,12.48,310,0,-0.011,-0.28,-0.23,-0.026,-0.021,-0.029,-0.025,94,85.8
"2024-07-29 08:30:00",1858,12.48,310,0,-0.015,-0.42,-0.23,-0.037,-0.021,-0.044,-0.021,87.6,83.7
"2024-07-29 09:00:00",1859,12.48,310,0,-0.015,-0.41,-0.23,-0.036,-0.021,-0.039,-0.02,95.6,86.6
"2024-07-29 09:30:00",1860,12.48,310,0,-0.002,0.06,-0.17,0.005,-0.016,0,-0.01,99.8,85.8
"2024-07-29 10:00:00",1861,12.48,310,0,-0.006,-0.09,-0.21,-0.01,-0.02,-0.022,-0.02,100.4,88.2
"2024-07-29 10:30:00",1862,12.48,310,0,-0.016,-0.44,-0.27,-0.038,-0.024,-0.048,-0.023,97.1,92.4
"2024-07-29 11:00:00",1863,12.48,310,0,-0.014,-0.37,-0.27,-0.032,-0.024,-0.033,-0.018,109.6,94.6
"2024-07-29 11:30:00",1864,12.49,310,0,-0.003,0,-0.2,0,-0.019,-0.008,-0.013,104.4,99.2
"2024-07-29 12:00:00",1865,12.49,310,0,-0.007,-0.14,-0.2,-0.013,-0.019,-0.012,-0.018,109.6,101.8
"2024-07-29 12:30:00",1866,12.49,310,0,-0.004,0.06,-0.31,0.005,-0.028,0.008,-0.022,108.4,101.2
"2024-07-29 13:00:00",1867,12.5,310,0,-0.005,-0.03,-0.2,-0.005,-0.019,-0.005,-0.018,101.2,100
"2024-07-29 13:30:00",1868,12.5,310,0,0.003,0.29,-0.21,0.025,-0.019,0.023,-0.014,99.1,96.7
"2024-07-29 14:00:00",1869,12.5,310,0,-0.004,0,-0.21,0,-0.02,-0.005,-0.014,98.1,91.1
"2024-07-29 14:30:00",1870,12.51,310,0,0.005,0.38,-0.21,0.031,-0.019,0.033,-0.014,108.8,98
"2024-07-29 15:00:00",1871,12.5,310,0,-0.014,-0.41,-0.21,-0.036,-0.02,-0.051,-0.014,88.1,92.7
"2024-07-29 15:30:00",1872,12.5,310,0,-0.001,-0.03,0,-0.005,0,-0.005,0.005,103.1,92.3
"2024-07-29 16:00:00",1873,12.5,310,0,-0.006,-0.09,-0.23,-0.01,-0.021,-0.022,-0.015,105.6,86.1
"2024-07-29 16:30:00",1874,12.5,310,0,-0.011,-0.28,-0.21,-0.025,-0.02,-0.028,-0.019,95,90.5
"2024-07-29 17:00:00",1875,12.49,310,0,-0.021,-0.66,-0.23,-0.057,-0.021,-0.06,-0.02,90.2,83.8
"2024-07-29 17:30:00",1876,12.49,310,0,-0.009,-0.2,-0.23,-0.019,-0.021,-0.026,-0.015,96.1,84.4
"2024-07-29 18:00:00",1877,12.49,310,0,-0.016,-0.37,-0.37,-0.032,-0.033,-0.04,-0.032,104.5,82.5
"2024-07-29 18:30:00",1878,12.49,310,0,-0.009,-0.12,-0.33,-0.012,-0.029,-0.006,-0.028,89.4,77.93
"2024-07-29 19:00:00",1879,12.49,310,0,-0.015,-0.38,-0.27,-0.033,-0.024,-0.038,-0.024,79.74,74.79
"2024-07-29 19:30:00",1880,12.48,310,0,-0.014,-0.34,-0.27,-0.03,-0.024,-0.034,-0.024,80.5,76.03
"2024-07-29 20:00:00",1881,12.48,310,0,-0.005,-0.05,-0.19,-0.006,-0.018,-0.011,-0.023,85.4,76.71
"2024-07-29 20:30:00",1882,12.47,310,0,-0.006,-0.05,-0.26,-0.006,-0.024,-0.006,-0.023,87.9,76.39
"2024-07-29 21:00:00",1883,12.47,310,0,-0.008,-0.12,-0.26,-0.011,-0.023,-0.011,-0.023,87.9,77.2
"2024-07-29 21:30:00",1884,12.46,310,0,-0.013,-0.33,-0.26,-0.028,-0.023,-0.038,-0.022,85.9,77.14
"2024-07-29 22:00:00",1885,12.46,310,0,-0.005,0,-0.26,0,-0.023,0,-0.022,87.7,77.27
"2024-07-29 22:30:00",1886,12.45,310,0,-0.006,-0.1,-0.19,-0.011,-0.017,-0.005,-0.022,91.9,79.65
"2024-07-29 23:00:00",1887,12.45,310,0,-0.015,-0.38,-0.31,-0.033,-0.028,-0.037,-0.027,87.9,80.2
"2024-07-29 23:30:00",1888,12.45,310,0,-0.004,-0.05,-0.17,-0.006,-0.017,-0.011,-0.016,93,79.02
"2024-07-30 00:00:00",1889,12.45,310,0,-0.005,0,-0.26,0,-0.023,0,-0.022,88.8,79.38
"2024-07-30 00:30:00",1890,12.44,310,0,-0.007,-0.12,-0.24,-0.011,-0.022,-0.016,-0.022,86.3,81.6
"2024-07-30 01:00:00",1891,12.44,310,0,-0.008,-0.12,-0.26,-0.011,-0.023,-0.011,-0.017,86.4,77.68
"2024-07-30 01:30:00",1892,12.44,310,0,-0.008,-0.17,-0.17,-0.017,-0.017,-0.031,-0.022,87.6,78.93
"2024-07-30 02:00:00",1893,12.44,310,0,-0.012,-0.31,-0.24,-0.028,-0.022,-0.031,-0.022,87.4,79.68
"2024-07-30 02:30:00",1894,12.43,310,0,-0.006,-0.12,-0.19,-0.011,-0.017,-0.016,-0.022,87.1,80.4
"2024-07-30 03:00:00",1895,12.43,310,0,-0.007,-0.05,-0.31,-0.006,-0.028,-0.005,-0.022,88.8,79.07
"2024-07-30 03:30:00",1896,12.43,310,0,-0.007,-0.05,-0.31,-0.005,-0.028,-0.005,-0.027,90.5,80.3
"2024-07-30 04:00:00",1897,12.43,310,0,-0.01,-0.17,-0.31,-0.016,-0.027,-0.015,-0.027,90.5,80.7
"2024-07-30 04:30:00",1898,12.42,310,0,-0.009,-0.17,-0.24,-0.016,-0.022,-0.02,-0.016,92.8,82.6
"2024-07-30 05:00:00",1899,12.42,310,0,-0.007,-0.1,-0.24,-0.011,-0.022,-0.01,-0.022,93.5,82
"2024-07-30 05:30:00",1900,12.42,310,0,-0.007,-0.1,-0.24,-0.011,-0.022,-0.02,-0.016,93.6,83.4
"2024-07-30 06:00:00",1901,12.42,310,0,-0.009,-0.23,-0.17,-0.021,-0.016,-0.035,-0.021,91.2,80.7
"2024-07-30 06:30:00",1902,12.42,310,0,-0.007,-0.05,-0.3,-0.005,-0.027,-0.01,-0.021,92.5,84
"2024-07-30 07:00:00",1903,12.42,310,0,-0.011,-0.23,-0.3,-0.021,-0.026,-0.033,-0.026,91.4,84.2
"2024-07-30 07:30:00",1904,12.42,310,0,-0.004,0,-0.23,0,-0.021,0,-0.021,96.7,86.3
"2024-07-30 08:00:00",1905,12.42,310,0,-0.005,-0.03,-0.23,-0.005,-0.021,-0.019,-0.026,93.5,85.5
"2024-07-30 08:30:00",1906,12.42,310,0,-0.007,-0.1,-0.23,-0.011,-0.021,-0.02,-0.021,97,82.5
"2024-07-30 09:00:00",1907,12.42,310,0,-0.009,-0.14,-0.28,-0.014,-0.025,-0.022,-0.019,109.1,92.4
"2024-07-30 09:30:00",1908,12.42,310,0,-0.009,-0.17,-0.23,-0.016,-0.02,-0.01,-0.025,99.9,87.7
"2024-07-30 10:00:00",1909,12.42,310,0,-0.008,-0.09,-0.28,-0.009,-0.025,-0.017,-0.024,110,88.4
"2024-07-30 10:30:00",1910,12.42,310,0,-0.005,-0.03,-0.23,-0.005,-0.02,-0.014,-0.02,105,86.8
"2024-07-30 11:00:00",1911,12.42,310,0,0,0.18,-0.28,0.015,-0.025,0.014,-0.019,103.6,90.8
"2024-07-30 11:30:00",1912,12.42,310,0,-0.006,-0.05,-0.28,-0.005,-0.025,-0.005,-0.024,93.1,91.4
"2024-07-30 12:00:00",1913,12.43,310,0,-0.01,-0.12,-0.4,-0.011,-0.034,-0.011,-0.033,94.4,90.4
"2024-07-30 12:30:00",1914,12.43,310,0,0.001,0.17,-0.16,0.014,-0.015,0.009,-0.019,95.5,91.1
"2024-07-30 13:00:00",1915,12.43,310,0,-0.007,-0.09,-0.27,-0.009,-0.024,-0.017,-0.023,97.5,94.3
"2024-07-30 13:30:00",1916,12.43,310,0,-0.002,0.07,-0.23,0.005,-0.021,0.005,-0.015,92.8,86.6
"2024-07-30 14:00:00",1917,12.43,310,0,-0.004,-0.03,-0.16,-0.005,-0.015,-0.008,-0.014,99.2,89.7
"2024-07-30 14:30:00",1918,12.44,310,0,-0.002,0.07,-0.23,0.005,-0.021,0.01,-0.015,91.3,85.1
"2024-07-30 15:00:00",1919,12.43,310,0,-0.032,-1.03,-0.34,-0.086,-0.03,-0.097,-0.029,109.8,93.8
"2024-07-30 15:30:00",1920,12.43,310,0,0.001,0.06,0,0.005,0,-0.004,0.005,96.6,91.4
"2024-07-30 16:00:00",1921,12.43,310,0,-0.048,-1.76,-0.21,-0.147,-0.02,-0.151,-0.024,71.14,88.8
"2024-07-30 16:30:00",1922,12.43,310,0,-0.024,-0.77,-0.27,-0.066,-0.024,-0.068,-0.019,109.9,92.1
"2024-07-30 17:00:00",1923,12.42,310,0,0.003,0.42,-0.34,0.035,-0.031,0.027,-0.025,98.9,89.9
"2024-07-30 17:30:00",1924,12.42,310,0,-0.028,-0.7,-0.55,-0.06,-0.048,-0.065,-0.047,76.14,75.95
"2024-07-30 18:00:00",1925,12.42,310,0,-0.027,-0.69,-0.49,-0.059,-0.043,-0.063,-0.048,79.77,75.31
"2024-07-30 18:30:00",1926,12.42,310,0,-0.011,-0.23,-0.28,-0.021,-0.026,-0.027,-0.025,77.88,74.18
"2024-07-30 19:00:00",1927,12.41,310,0,-0.006,0,-0.34,0,-0.03,0,-0.036,77.11,74.92
"2024-07-30 19:30:00",1928,12.41,310,0,-0.005,-0.05,-0.2,-0.006,-0.019,-0.006,-0.019,85.9,73.22
"2024-07-30 20:00:00",1929,12.4,310,0,-0.008,-0.12,-0.27,-0.012,-0.024,-0.006,-0.024,82.1,76.91
"2024-07-30 20:30:00",1930,12.4,310,0,-0.015,-0.4,-0.26,-0.034,-0.024,-0.033,-0.018,85.8,75.53
"2024-07-30 21:00:00",1931,12.4,310,0,-0.007,-0.05,-0.33,-0.006,-0.029,-0.016,-0.029,87.3,76.03
"2024-07-30 21:30:00",1932,12.39,310,0,-0.014,-0.38,-0.26,-0.034,-0.023,-0.027,-0.028,89.9,77.21
"2024-07-30 22:00:00",1933,12.39,310,0,-0.01,-0.27,-0.19,-0.025,-0.018,-0.024,-0.024,84.4,78.4
"2024-07-30 22:30:00",1934,12.39,310,0,-0.006,-0.05,-0.27,-0.006,-0.024,0.006,-0.024,90.2,77.02
"2024-07-30 23:00:00",1935,12.38,310,0,-0.02,-0.56,-0.33,-0.049,-0.029,-0.035,-0.023,89.2,77.44
"2024-07-30 23:30:00",1936,12.38,310,0,-0.004,0.07,-0.33,0.006,-0.029,0.006,-0.023,84.7,77.75
"2024-07-31 00:00:00",1937,12.38,310,0,-0.01,-0.26,-0.19,-0.023,-0.018,-0.034,-0.017,77.81,77.62
"2024-07-31 00:30:00",1938,12.37,310,0,0.002,0.25,-0.19,0.021,-0.017,0.03,-0.017,97.4,79.63
"2024-07-31 01:00:00",1939,12.37,310,0,-0.005,0,-0.26,0,-0.023,0,-0.022,91.8,79.12
"2024-07-31 01:30:00",1940,12.37,310,0,-0.008,-0.17,-0.19,-0.016,-0.017,-0.021,-0.022,88.2,77.19
"2024-07-31 02:00:00",1941,12.36,310,0,-0.006,0,-0.33,0,-0.028,0,-0.028,91.8,82.1
"2024-07-31 02:30:00",1942,12.36,310,0,-0.007,-0.1,-0.24,-0.011,-0.022,-0.015,-0.022,94.4,82.6
"2024-07-31 03:00:00",1943,12.36,310,0,-0.01,-0.17,-0.31,-0.016,-0.028,-0.015,-0.022,93.2,83.2
"2024-07-31 03:30:00",1944,12.36,310,0,-0.012,-0.24,-0.31,-0.022,-0.028,-0.031,-0.027,90.5,81.6
"2024-07-31 04:00:00",1945,12.36,310,0,-0.009,-0.17,-0.24,-0.016,-0.022,-0.02,-0.027,94.2,81.7
"2024-07-31 04:30:00",1946,12.36,310,0,-0.014,-0.37,-0.24,-0.033,-0.022,-0.041,-0.016,90.8,80.1
"2024-07-31 05:00:00",1947,12.36,310,0,-0.01,-0.17,-0.31,-0.016,-0.028,-0.026,-0.027,89.2,81.2
"2024-07-31 05:30:00",1948,12.36,310,0,-0.007,-0.1,-0.24,-0.011,-0.022,-0.01,-0.022,91.7,80
"2024-07-31 06:00:00",1949,12.36,310,0,-0.014,-0.31,-0.31,-0.028,-0.028,-0.026,-0.022,91.4,81.5
"2024-07-31 06:30:00",1950,12.35,310,0,-0.009,-0.17,-0.24,-0.016,-0.022,-0.021,-0.016,91.6,80.9
"2024-07-31 07:00:00",1951,12.35,310,0,-0.015,-0.37,-0.31,-0.032,-0.027,-0.035,-0.027,95.5,81.3
"2024-07-31 07:30:00",1952,12.35,310,0,-0.009,-0.17,-0.24,-0.016,-0.022,-0.02,-0.021,96.5,84.8
"2024-07-31 08:00:00",1953,12.35,310,0,-0.008,-0.16,-0.23,-0.015,-0.021,-0.018,-0.015,108.6,88.9
"2024-07-31 08:30:00",1954,12.35,310,0,-0.01,-0.21,-0.23,-0.019,-0.021,-0.022,-0.02,106.2,89.5
"2024-07-31 09:00:00",1955,12.35,310,0,-0.008,-0.16,-0.21,-0.015,-0.02,-0.027,-0.015,92.4,91.7
"2024-07-31 09:30:00",1956,12.35,310,0,-0.014,-0.35,-0.27,-0.031,-0.025,-0.041,-0.019,101.9,94.2
"2024-07-31 10:00:00",1957,12.36,310,0,-0.01,-0.23,-0.23,-0.021,-0.02,-0.019,-0.02,109.1,87.1
"2024-07-31 10:30:00",1958,12.36,310,0,-0.01,-0.21,-0.23,-0.02,-0.02,-0.023,-0.015,104.5,91.8
"2024-07-31 11:00:00",1959,12.36,310,0,-0.014,-0.42,-0.16,-0.037,-0.014,-0.037,-0.009,109.9,99.9
"2024-07-31 11:30:00",1960,12.36,310,0,-0.009,-0.14,-0.28,-0.014,-0.025,-0.03,-0.019,107.4,91.1
"2024-07-31 12:00:00",1961,12.36,310,0,-0.011,-0.21,-0.33,-0.019,-0.029,-0.031,-0.023,98.3,99.6
"2024-07-31 12:30:00",1962,12.36,310,0,-0.006,0,-0.33,0,-0.029,-0.004,-0.023,105.8,98.3
"2024-07-31 13:00:00",1963,12.37,310,0,-0.002,0.06,-0.21,0.005,-0.02,-0.004,-0.014,102.8,95
"2024-07-31 13:30:00",1964,12.37,310,0,-0.005,-0.05,-0.23,-0.006,-0.02,-0.016,-0.02,81.4,90
"2024-07-31 14:00:00",1965,12.37,310,0,0.001,0.2,-0.16,0.016,-0.015,0.015,-0.015,86.5,89.3
"2024-07-31 14:30:00",1966,12.37,310,0,0.002,0.21,-0.16,0.017,-0.015,0.027,-0.009,109.3,97.8
"2024-07-31 15:00:00",1967,12.37,310,0,-0.016,-0.4,-0.34,-0.035,-0.03,-0.028,-0.023,110,98.5
"2024-07-31 15:30:00",1968,12.37,310,0,-0.023,-0.69,-0.28,-0.059,-0.026,-0.069,-0.025,109.8,87.5
"2024-07-31 16:00:00",1969,12.37,310,0,-0.051,-1.81,-0.27,-0.151,-0.025,-0.181,-0.024,80,89.1
"2024-07-31 16:30:00",1970,12.36,310,0,0.019,0.95,-0.24,0.079,-0.022,0.086,-0.016,109.9,87.4
"2024-07-31 17:00:00",1971,12.36,310,0,0.002,0.32,-0.27,0.027,-0.024,0.064,-0.018,109.9,101.7
"2024-07-31 17:30:00",1972,12.36,310,0,-0.02,-0.33,-0.63,-0.029,-0.055,-0.028,-0.054,74.53,74.59
"2024-07-31 18:00:00",1973,12.36,310,0,-0.036,-1.08,-0.47,-0.091,-0.041,-0.108,-0.04,87.8,76.34
"2024-07-31 18:30:00",1974,12.36,310,0,-0.007,0,-0.37,0,-0.032,0,-0.032,74.45,71.5
"2024-07-31 19:00:00",1975,12.35,310,0,-0.008,-0.05,-0.35,-0.006,-0.031,-0.012,-0.031,81.7,74.7
"2024-07-31 19:30:00",1976,12.35,310,0,-0.012,-0.27,-0.27,-0.024,-0.025,-0.023,-0.024,84.2,71.99
"2024-07-31 20:00:00",1977,12.34,310,0,-0.016,-0.42,-0.27,-0.037,-0.025,-0.035,-0.024,81,76.31
"2024-07-31 20:30:00",1978,12.34,310,0,-0.007,-0.13,-0.2,-0.012,-0.019,-0.018,-0.018,80.6,75.67
"2024-07-31 21:00:00",1979,12.34,310,0,-0.003,0,-0.2,0,-0.018,0,-0.018,86.8,79.3
"2024-07-31 21:30:00",1980,12.33,310,0,-0.005,0,-0.27,0,-0.024,0,-0.018,87.4,75.46
"2024-07-31 22:00:00",1981,12.33,310,0,-0.01,-0.19,-0.27,-0.018,-0.024,-0.017,-0.018,85.7,78.53
"2024-07-31 22:30:00",1982,12.32,310,0,-0.009,-0.19,-0.26,-0.017,-0.024,-0.016,-0.023,87.4,77.97
"2024-07-31 23:00:00",1983,12.32,310,0,-0.013,-0.33,-0.26,-0.029,-0.024,-0.028,-0.023,88.5,77.78
"2024-07-31 23:30:00",1984,12.32,310,0,-0.008,-0.12,-0.26,-0.011,-0.023,-0.016,-0.023,89.4,79.91
"2024-08-01 00:00:00",1985,12.31,310,0,-0.006,-0.05,-0.26,-0.006,-0.023,-0.005,-0.017,88.6,77.85
"2024-08-01 00:30:00",1986,12.31,310,0,-0.006,-0.12,-0.19,-0.011,-0.017,-0.011,-0.017,88.9,79.16
"2024-08-01 01:00:00",1987,12.31,310,0,-0.009,-0.19,-0.26,-0.017,-0.023,-0.016,-0.023,88.3,79.29
"2024-08-01 01:30:00",1988,12.31,310,0,-0.012,-0.24,-0.33,-0.022,-0.029,-0.016,-0.028,88.8,77.85
"2024-08-01 02:00:00",1989,12.3,310,0,-0.011,-0.24,-0.26,-0.022,-0.023,-0.027,-0.028,88.2,80.8
"2024-08-01 02:30:00",1990,12.3,310,0,-0.009,-0.19,-0.26,-0.017,-0.023,-0.027,-0.022,88.2,80.5
"2024-08-01 03:00:00",1991,12.3,310,0,-0.021,-0.61,-0.33,-0.052,-0.029,-0.049,-0.028,89.2,80.5
"2024-08-01 03:30:00",1992,12.3,310,0,-0.011,-0.24,-0.26,-0.022,-0.023,-0.021,-0.028,88.7,80.3
"2024-08-01 04:00:00",1993,12.3,310,0,-0.011,-0.19,-0.33,-0.017,-0.028,-0.016,-0.028,88.8,78.84
"2024-08-01 04:30:00",1994,12.29,310,0,-0.012,-0.24,-0.33,-0.022,-0.029,-0.021,-0.022,90.9,81.9
"2024-08-01 05:00:00",1995,12.29,310,0,-0.009,-0.12,-0.33,-0.011,-0.028,-0.011,-0.028,90.6,82.6
"2024-08-01 05:30:00",1996,12.29,310,0,-0.012,-0.24,-0.31,-0.022,-0.028,-0.026,-0.022,91.1,82.1
"2024-08-01 06:00:00",1997,12.29,310,0,-0.006,-0.12,-0.19,-0.011,-0.017,-0.016,-0.017,90.7,82.2
"2024-08-01 06:30:00",1998,12.29,310,0,-0.008,-0.12,-0.26,-0.011,-0.023,-0.016,-0.028,90.9,81.7
"2024-08-01 07:00:00",1999,12.28,310,0,-0.007,-0.1,-0.24,-0.011,-0.022,-0.01,-0.022,93,85
"2024-08-01 07:30:00",2000,12.28,310,0,-0.011,-0.23,-0.3,-0.02,-0.027,-0.023,-0.021,102.9,84.4
"2024-08-01 08:00:00",2001,12.28,310,0,-0.014,-0.34,-0.28,-0.03,-0.026,-0.032,-0.02,101.9,86.4
"2024-08-01 08:30:00",2002,12.28,310,0,-0.009,-0.16,-0.28,-0.015,-0.026,-0.023,-0.025,103.4,88.9
"2024-08-01 09:00:00",2003,12.29,310,0,-0.009,-0.2,-0.23,-0.019,-0.02,-0.026,-0.02,107.2,93.7
"2024-08-01 09:30:00",2004,12.29,310,0,-0.011,-0.21,-0.28,-0.02,-0.025,-0.027,-0.024,107.6,91.1
"2024-08-01 10:00:00",2005,12.29,310,0,-0.014,-0.38,-0.21,-0.034,-0.02,-0.031,-0.024,104.3,92.8
"2024-08-01 10:30:00",2006,12.29,310,0,-0.011,-0.23,-0.28,-0.021,-0.026,-0.028,-0.025,105.5,91.3
"2024-08-01 11:00:00",2007,12.3,310,0,-0.01,-0.16,-0.34,-0.014,-0.03,-0.018,-0.024,108.4,95.2
"2024-08-01 11:30:00",2008,12.3,310,0,-0.011,-0.21,-0.28,-0.02,-0.026,-0.033,-0.025,96.9,89
"2024-08-01 12:00:00",2009,12.3,310,0,-0.005,-0.03,-0.21,-0.005,-0.02,-0.009,-0.019,109.6,96.1
"2024-08-01 12:30:00",2010,12.3,310,0,-0.01,-0.2,-0.28,-0.019,-0.025,-0.03,-0.024,105.3,94.6
"2024-08-01 13:00:00",2011,12.31,310,0,-0.005,-0.03,-0.23,-0.005,-0.02,-0.01,-0.02,92.5,91.3
"2024-08-01 13:30:00",2012,12.31,310,0,-0.006,-0.16,-0.1,-0.015,-0.01,-0.018,-0.01,100.3,88.5
"2024-08-01 14:00:00",2013,12.31,310,0,-0.007,-0.1,-0.23,-0.01,-0.021,-0.02,-0.015,101.7,88.5
"2024-08-01 14:30:00",2014,12.31,310,0,-0.003,0,-0.16,0,-0.015,0,-0.015,95.6,87.6
"2024-08-01 15:00:00",2015,12.31,310,0,0.003,0.25,-0.16,0.021,-0.015,0.034,-0.015,109.9,96.7
"2024-08-01 15:30:00",2016,12.31,310,0,-0.027,-0.76,-0.41,-0.065,-0.036,-0.092,-0.04,110,90.4
"2024-08-01 16:00:00",2017,12.31,310,0,-0.056,-2.08,-0.23,-0.173,-0.02,-0.257,-0.024,109.8,92.3
"2024-08-01 16:30:00",2018,12.3,310,0,0.02,0.76,0.06,0.062,0.005,0.09,0.019,109.8,103.6
"2024-08-01 17:00:00",2019,12.3,310,0,0.009,0.49,-0.16,0.041,-0.015,0.107,-0.01,109.9,88.9
"2024-08-01 17:30:00",2020,12.3,310,0,-0.026,-0.61,-0.56,-0.053,-0.048,-0.064,-0.053,74.67,74.23
"2024-08-01 18:00:00",2021,12.29,310,0,-0.026,-0.75,-0.41,-0.064,-0.036,-0.061,-0.035,86,77.49
"2024-08-01 18:30:00",2022,12.29,310,0,-0.015,-0.33,-0.38,-0.029,-0.033,-0.029,-0.039,75.78,72.83
"2024-08-01 19:00:00",2023,12.28,310,0,-0.001,0.14,-0.27,0.011,-0.024,0.017,-0.024,84.6,76.6
"2024-08-01 19:30:00",2024,12.28,310,0,-0.007,-0.06,-0.3,-0.007,-0.026,-0.006,-0.026,80.2,71
"2024-08-01 20:00:00",2025,12.28,310,0,-0.005,-0.05,-0.21,-0.006,-0.019,-0.006,-0.019,79.26,72.3
"2024-08-01 20:30:00",2026,12.27,310,0,-0.008,-0.12,-0.28,-0.012,-0.025,-0.017,-0.018,84.5,74.05
"2024-08-01 21:00:00",2027,12.27,310,0,-0.005,0,-0.27,0,-0.025,0,-0.018,83.9,74.67
"2024-08-01 21:30:00",2028,12.27,310,0,-0.003,0,-0.2,0,-0.018,0,-0.018,86.9,75.42
"2024-08-01 22:00:00",2029,12.26,310,0,-0.003,0,-0.2,0,-0.018,-0.006,-0.018,84.2,78.49
"2024-08-01 22:30:00",2030,12.26,310,0,-0.006,-0.12,-0.19,-0.012,-0.018,-0.011,-0.018,87.9,79.42
"2024-08-01 23:00:00",2031,12.25,310,0,-0.003,0,-0.19,0,-0.018,-0.006,-0.018,87.2,78.49
"2024-08-01 23:30:00",2032,12.25,310,0,-0.008,-0.19,-0.19,-0.017,-0.018,-0.017,-0.018,85.5,79.55
"2024-08-02 00:00:00",2033,12.25,310,0,-0.009,-0.19,-0.26,-0.017,-0.024,-0.016,-0.023,90.2,80.5
"2024-08-02 00:30:00",2034,12.24,310,0,-0.008,-0.12,-0.26,-0.011,-0.024,-0.005,-0.023,87.9,78.17
"2024-08-02 01:00:00",2035,12.24,310,0,-0.013,-0.33,-0.26,-0.029,-0.024,-0.039,-0.023,89.2,77.97
"2024-08-02 01:30:00",2036,12.24,310,0,-0.011,-0.26,-0.26,-0.023,-0.023,-0.027,-0.023,88,80.7
"2024-08-02 02:00:00",2037,12.24,310,0,-0.003,0,-0.19,0,-0.018,-0.005,-0.023,88.8,77.85
"2024-08-02 02:30:00",2038,12.23,310,0,-0.005,0,-0.26,0,-0.023,-0.011,-0.017,91.1,79.36
"2024-08-02 03:00:00",2039,12.23,310,0,-0.013,-0.33,-0.26,-0.028,-0.023,-0.032,-0.023,87.6,78.35
"2024-08-02 03:30:00",2040,12.23,310,0,-0.008,-0.12,-0.26,-0.011,-0.023,-0.005,-0.023,88.8,78.04
"2024-08-02 04:00:00",2041,12.23,310,0,-0.009,-0.19,-0.26,-0.017,-0.023,-0.016,-0.023,90.2,80.5
"2024-08-02 04:30:00",2042,12.23,310,0,-0.006,-0.05,-0.26,-0.006,-0.023,-0.005,-0.023,91.2,79.48
"2024-08-02 05:00:00",2043,12.22,310,0,-0.006,-0.05,-0.26,-0.006,-0.023,-0.005,-0.023,91,79.29
"2024-08-02 05:30:00",2044,12.22,310,0,-0.009,-0.12,-0.33,-0.011,-0.029,-0.016,-0.023,92.1,80.4
"2024-08-02 06:00:00",2045,12.22,310,0,-0.006,-0.17,-0.12,-0.016,-0.011,-0.015,-0.011,94.1,81.2
"2024-08-02 06:30:00",2046,12.22,310,0,-0.01,-0.17,-0.31,-0.016,-0.028,-0.015,-0.022,95.6,82.4
"2024-08-02 07:00:00",2047,12.22,310,0,-0.006,-0.1,-0.17,-0.011,-0.017,-0.01,-0.016,93,85
"2024-08-02 07:30:00",2048,12.22,310,0,-0.012,-0.3,-0.24,-0.026,-0.022,-0.024,-0.021,102.3,84.8
"2024-08-02 08:00:00",2049,12.22,310,0,-0.007,-0.1,-0.24,-0.011,-0.022,-0.01,-0.026,98.6,83.8
"2024-08-02 08:30:00",2050,12.22,310,0,-0.006,-0.09,-0.23,-0.01,-0.021,-0.027,-0.015,97.5,89.3
"2024-08-02 09:00:00",2051,12.22,310,0,-0.011,-0.28,-0.23,-0.026,-0.021,-0.028,-0.021,103.5,86
"2024-08-02 09:30:00",2052,12.22,310,0,-0.013,-0.34,-0.23,-0.031,-0.021,-0.028,-0.02,101.7,91
"2024-08-02 10:00:00",2053,12.23,310,0,-0.013,-0.34,-0.23,-0.031,-0.02,-0.047,-0.02,99.3,89.6
"2024-08-02 10:30:00",2054,12.23,310,0,-0.005,-0.09,-0.16,-0.01,-0.015,-0.018,-0.015,107.7,94.5
"2024-08-02 11:00:00",2055,12.23,310,0,-0.012,-0.33,-0.21,-0.029,-0.02,-0.031,-0.014,109.1,95.1
"2024-08-02 11:30:00",2056,12.23,310,0,-0.011,-0.23,-0.28,-0.021,-0.026,-0.019,-0.025,99.3,89
"2024-08-02 12:00:00",2057,12.24,310,0,-0.021,-0.66,-0.23,-0.057,-0.02,-0.053,-0.025,93.4,90.5
"2024-08-02 12:30:00",2058,12.24,310,0,-0.015,-0.44,-0.21,-0.039,-0.02,-0.044,-0.019,109.6,96.1
"2024-08-02 13:00:00",2059,12.24,310,0,-0.005,-0.09,-0.16,-0.009,-0.016,-0.013,-0.01,96.1,88.2
"2024-08-02 13:30:00",2060,12.24,310,0,-0.012,-0.3,-0.23,-0.026,-0.021,-0.02,-0.021,100.2,87.5
"2024-08-02 14:00:00",2061,12.24,310,0,-0.014,-0.42,-0.17,-0.037,-0.016,-0.035,-0.015,94.3,89.6
"2024-08-02 14:30:00",2062,12.24,310,0,-0.009,-0.24,-0.17,-0.022,-0.016,-0.026,-0.02,102.4,91.2
"2024-08-02 15:00:00",2063,12.24,310,0,-0.025,-0.77,-0.28,-0.066,-0.026,-0.067,-0.025,109.5,94.5
"2024-08-02 15:30:00",2064,12.24,310,0,-0.003,0,-0.19,0,-0.017,-0.006,-0.017,82.6,79.63
"2024-08-02 16:00:00",2065,12.24,310,0,-0.041,-1.45,-0.27,-0.122,-0.025,-0.132,-0.032,109.8,106.9
"2024-08-02 16:30:00",2066,12.24,310,0,-0.021,-0.66,-0.23,-0.057,-0.021,-0.08,-0.021,86.1,82.9
"2024-08-02 17:00:00",2067,12.23,310,0,-0.056,-1.98,-0.33,-0.166,-0.029,-0.136,-0.028,62.14,75.51
"2024-08-02 17:30:00",2068,12.23,310,0,-0.012,-0.23,-0.34,-0.021,-0.03,-0.034,-0.03,77.2,76.76
"2024-08-02 18:00:00",2069,12.23,310,0,-0.005,0,-0.26,0,-0.024,0.006,-0.023,89.4,78.19
"2024-08-02 18:30:00",2070,12.22,310,0,-0.011,-0.14,-0.37,-0.014,-0.033,-0.021,-0.039,76.04,70.58
"2024-08-02 19:00:00",2071,12.22,310,0,-0.022,-0.63,-0.33,-0.054,-0.029,-0.053,-0.029,78.67,76.98
"2024-08-02 19:30:00",2072,12.21,310,0,-0.017,-0.47,-0.3,-0.04,-0.027,-0.046,-0.02,73.2,73.27
"2024-08-02 20:00:00",2073,12.21,310,0,-0.015,-0.44,-0.21,-0.039,-0.019,-0.044,-0.019,76.83,72.62
"2024-08-02 20:30:00",2074,12.2,310,0,-0.006,-0.05,-0.28,-0.006,-0.026,-0.017,-0.025,83.4,76.39
"2024-08-02 21:00:00",2075,12.2,310,0,-0.03,-0.93,-0.35,-0.079,-0.031,-0.07,-0.024,90.4,77.14
"2024-08-02 21:30:00",2076,12.2,310,0,-0.011,-0.21,-0.3,-0.02,-0.026,0,-0.019,86.4,73.67
"2024-08-02 22:00:00",2077,12.19,310,0,0.007,0.42,-0.13,0.034,-0.013,0.044,-0.012,90.4,76.42
"2024-08-02 22:30:00",2078,12.19,310,0,-0.003,0,-0.2,0,-0.019,-0.006,-0.019,82.3,75.79
"2024-08-02 23:00:00",2079,12.18,310,0,0.004,0.35,-0.2,0.029,-0.019,0.043,-0.019,91.6,75.65
"2024-08-02 23:30:00",2080,12.18,310,0,-0.008,-0.12,-0.27,-0.012,-0.025,-0.017,-0.024,85.4,75.4
"2024-08-03 00:00:00",2081,12.17,310,0,-0.007,-0.12,-0.2,-0.012,-0.018,-0.034,-0.018,87.1,76.59
"2024-08-03 00:30:00",2082,12.17,310,0,-0.01,-0.26,-0.19,-0.023,-0.018,-0.027,-0.018,86.8,77.86
"2024-08-03 01:00:00",2083,12.17,310,0,-0.008,-0.12,-0.27,-0.012,-0.024,-0.017,-0.029,81.7,76.48
"2024-08-03 01:30:00",2084,12.17,310,0,-0.003,0,-0.19,0,-0.018,0,-0.018,89.5,78.23
"2024-08-03 02:00:00",2085,12.16,310,0,-0.001,0.07,-0.19,0.006,-0.018,0.005,-0.018,88.9,79.41
"2024-08-03 02:30:00",2086,12.16,310,0,-0.003,0,-0.19,0,-0.018,-0.005,-0.017,88.6,78.91
"2024-08-03 03:00:00",2087,12.16,310,0,0.001,0.2,-0.19,0.017,-0.018,0.021,-0.012,89.8,79.35
"2024-08-03 03:30:00",2088,12.16,310,0,-0.006,-0.05,-0.26,-0.006,-0.023,-0.011,-0.017,89.3,78.79
"2024-08-03 04:00:00",2089,12.15,310,0,-0.016,-0.38,-0.33,-0.034,-0.029,-0.032,-0.023,94.3,79.36
"2024-08-03 04:30:00",2090,12.16,310,0,-0.009,-0.17,-0.26,-0.016,-0.023,-0.026,-0.022,89.5,83.1
"2024-08-03 05:00:00",2091,12.15,310,0,-0.013,-0.33,-0.26,-0.028,-0.023,-0.027,-0.023,92,82
"2024-08-03 05:30:00",2092,12.15,310,0,-0.013,-0.4,-0.19,-0.034,-0.017,-0.038,-0.023,86.4,78.91
"2024-08-03 06:00:00",2093,12.15,310,0,-0.006,-0.05,-0.26,-0.005,-0.023,-0.005,-0.022,93.7,81.2
"2024-08-03 06:30:00",2094,12.15,310,0,-0.009,-0.19,-0.26,-0.017,-0.023,-0.016,-0.022,92.6,81.2
"2024-08-03 07:00:00",2095,12.15,310,0,-0.016,-0.44,-0.26,-0.039,-0.023,-0.042,-0.022,88.6,83.7
"2024-08-03 07:30:00",2096,12.15,310,0,-0.006,-0.05,-0.24,-0.005,-0.022,-0.01,-0.022,99.6,81.1
"2024-08-03 08:00:00",2097,12.15,310,0,-0.013,-0.34,-0.24,-0.031,-0.022,-0.033,-0.021,106.6,87.3
"2024-08-03 08:30:00",2098,12.15,310,0,-0.013,-0.28,-0.3,-0.026,-0.027,-0.034,-0.026,89.3,87.6
"2024-08-03 09:00:00",2099,12.15,310,0,-0.03,-0.9,-0.37,-0.076,-0.032,-0.077,-0.026,105.8,83.8
"2024-08-03 09:30:00",2100,12.15,310,0,-0.021,-0.62,-0.3,-0.053,-0.027,-0.055,-0.026,91.4,88.5
"2024-08-03 10:00:00",2101,12.15,310,0,-0.011,-0.28,-0.23,-0.026,-0.021,-0.033,-0.015,96.6,87.4
"2024-08-03 10:30:00",2102,12.15,310,0,-0.006,-0.03,-0.28,-0.005,-0.026,-0.018,-0.025,108.1,95.7
"2024-08-03 11:00:00",2103,12.15,310,0,-0.005,-0.09,-0.17,-0.009,-0.016,-0.021,-0.015,108.5,93.3
"2024-08-03 11:30:00",2104,12.16,310,0,-0.002,0,-0.1,0,-0.011,0,-0.01,109.3,87.8
"2024-08-03 12:00:00",2105,12.16,310,0,-0.014,-0.4,-0.23,-0.035,-0.021,-0.046,-0.02,101.2,90.5
