"TOA5","CR300Series_402","CR300","27021","CR300-RF407.Std.10.03","CPU:CR300_sapflow.CR300","32345","Table1"
"TIMESTAMP","RECORD","BattV_Min","id","SDI0","SapFlwTot0","VhOuter0","VhInner0","AlphaOut0","AlphaIn0","BetaOut0","BetaIn0","tMaxTout0","tMaxTin0"
"TS","RN","Volts","","","literPerHour","heatVelocity","heatVelocity","logTRatio","logTRatio","logTRatio","logTRatio","second","second"
"","","Min","Smp","Smp","Smp","Smp","Smp","Smp","Smp","Smp","Smp","Smp","Smp"
"2025-01-28 17:30:00",12930,13.14,402,0,-0.007,-0.15,0.07,-0.014,0.006,-0.023,-0.031,53.56,44.58
"2025-01-28 18:00:00",12931,13.1,402,0,-0.005,-0.12,0.06,-0.012,0.006,-0.018,-0.026,55.1,46.62
"2025-01-28 18:30:00",12932,13.09,402,0,-0.005,-0.12,0.06,-0.011,0.006,-0.02,-0.028,55.36,47.19
"2025-01-28 19:00:00",12933,13.07,402,0,-0.014,-0.17,0,-0.016,0,-0.024,-0.028,54.87,46.7
"2025-01-28 19:30:00",12934,13.05,402,0,-0.021,-0.2,-0.05,-0.018,-0.006,-0.022,-0.031,54.77,45.78
"2025-01-28 20:00:00",12935,13.04,402,0,-0.021,-0.2,-0.05,-0.018,-0.006,-0.024,-0.033,55.95,46.13
"2025-01-28 20:30:00",12936,13.04,402,0,-0.023,-0.19,-0.09,-0.018,-0.008,-0.024,-0.039,56.27,46.45
"2025-01-28 21:00:00",12937,13.02,402,0,-0.023,-0.19,-0.09,-0.018,-0.008,-0.024,-0.033,57.54,46.74
"2025-01-28 21:30:00",12938,13.02,402,0,-0.03,-0.22,-0.15,-0.02,-0.014,-0.024,-0.041,56.5,46.37
"2025-01-28 22:00:00",12939,13.02,402,0,-0.035,-0.25,-0.18,-0.023,-0.017,-0.029,-0.038,55.55,46.25
"2025-01-28 22:30:00",12940,13.02,402,0,-0.037,-0.24,-0.21,-0.022,-0.02,-0.028,-0.041,57.09,46.71
"2025-01-28 23:00:00",12941,13.01,402,0,-0.03,-0.19,-0.18,-0.018,-0.017,-0.026,-0.041,55.78,47.3
"2025-01-28 23:30:00",12942,13.02,402,0,-0.04,-0.3,-0.18,-0.027,-0.017,-0.033,-0.041,57.98,45.55
"2025-01-29 00:00:00",12943,13.01,402,0,-0.039,-0.28,-0.19,-0.026,-0.017,-0.032,-0.044,55.63,45.09
"2025-01-29 00:30:00",12944,13.02,402,0,-0.032,-0.2,-0.19,-0.019,-0.017,-0.025,-0.041,54.89,45.48
"2025-01-29 01:00:00",12945,13.02,402,0,-0.04,-0.27,-0.22,-0.025,-0.02,-0.029,-0.044,56.37,45.99
"2025-01-29 01:30:00",12946,13.02,402,0,-0.042,-0.35,-0.15,-0.032,-0.014,-0.033,-0.036,55.04,46.88
"2025-01-29 02:00:00",12947,13.01,402,0,-0.04,-0.3,-0.18,-0.027,-0.017,-0.031,-0.043,56.71,45.51
"2025-01-29 02:30:00",12948,13.01,402,0,-0.039,-0.28,-0.19,-0.026,-0.017,-0.034,-0.041,54.89,46.82
"2025-01-29 03:00:00",12949,13.01,402,0,-0.043,-0.3,-0.22,-0.028,-0.02,-0.033,-0.041,55.57,46.58
"2025-01-29 03:30:00",12950,13.01,402,0,-0.043,-0.28,-0.25,-0.025,-0.023,-0.029,-0.047,55.02,45.46
"2025-01-29 04:00:00",12951,13.01,402,0,-0.043,-0.28,-0.25,-0.025,-0.023,-0.031,-0.044,55.43,46.7
"2025-01-29 04:30:00",12952,13.01,402,0,-0.035,-0.25,-0.18,-0.023,-0.017,-0.026,-0.039,57.14,46.61
"2025-01-29 05:00:00",12953,13.01,402,0,-0.043,-0.3,-0.22,-0.028,-0.02,-0.031,-0.044,56.37,46.65
"2025-01-29 05:30:00",12954,13.01,402,0,-0.035,-0.25,-0.18,-0.023,-0.017,-0.027,-0.041,56.84,46.46
"2025-01-29 06:00:00",12955,13,402,0,-0.043,-0.3,-0.22,-0.028,-0.02,-0.034,-0.044,55.94,47.05
"2025-01-29 06:30:00",12956,13,402,0,-0.036,-0.25,-0.19,-0.023,-0.017,-0.027,-0.044,56.48,45.43
"2025-01-29 07:00:00",12957,13,402,0,-0.04,-0.3,-0.18,-0.028,-0.017,-0.027,-0.044,55.06,46.32
"2025-01-29 07:30:00",12958,13,402,0,-0.038,-0.25,-0.22,-0.023,-0.02,-0.027,-0.041,55.85,45.88
"2025-01-29 08:00:00",12959,13,402,0,-0.039,-0.24,-0.24,-0.022,-0.022,-0.028,-0.043,58.18,46.56
"2025-01-29 08:30:00",12960,12.99,402,0,-0.037,-0.24,-0.21,-0.022,-0.019,-0.023,-0.043,58.04,46.43
"2025-01-29 09:00:00",12961,12.99,402,0,-0.034,-0.21,-0.21,-0.02,-0.019,-0.023,-0.043,57.2,46.83
"2025-01-29 09:30:00",12962,12.99,402,0,-0.05,-0.39,-0.21,-0.036,-0.019,-0.034,-0.043,57.66,47.7
"2025-01-29 10:00:00",12963,13,402,0,-0.032,-0.16,-0.24,-0.015,-0.022,-0.021,-0.04,59.55,47.95
"2025-01-29 10:30:00",12964,13,402,0,0.004,0.09,-0.05,0.008,-0.005,-0.002,-0.035,60.35,47.26
"2025-01-29 11:00:00",12965,13.01,402,0,-0.052,-0.39,-0.23,-0.035,-0.022,-0.041,-0.047,57.94,47.16
"2025-01-29 11:30:00",12966,13.02,402,0,0.02,0.12,0.12,0.011,0.01,0.002,-0.01,60.52,48.67
"2025-01-29 12:00:00",12967,13.02,402,0,0.007,0,0.09,0,0.008,-0.006,-0.017,59.35,48.74
"2025-01-29 12:30:00",12968,13.03,402,0,-0.009,-0.14,0.03,-0.013,0.003,-0.017,-0.022,58.01,48.72
"2025-01-29 13:00:00",12969,13.04,402,0,0.008,-0.09,0.21,-0.009,0.019,-0.013,-0.005,57.34,48.21
"2025-01-29 13:30:00",12970,13.05,402,0,0.041,0.07,0.45,0.006,0.039,0.002,0.01,56.88,47.35
"2025-01-29 14:00:00",12971,13.05,402,0,0.033,0.05,0.37,0.004,0.033,-0.004,0.003,56.74,47.87
"2025-01-29 14:30:00",12972,13.05,402,0,0.045,0.05,0.52,0.005,0.046,-0.002,0.005,54.9,49.06
"2025-01-29 15:00:00",12973,13.05,402,0,0.046,0.16,0.41,0.014,0.037,0.004,0,53.9,46.82
"2025-01-29 15:30:00",12974,13.05,402,0,0.005,-0.22,0.31,-0.021,0.028,-0.027,-0.01,56.93,48.21
"2025-01-29 16:00:00",12975,13.04,402,0,0.037,0.2,0.25,0.017,0.022,0.011,-0.008,57.42,48.69
"2025-01-29 16:30:00",12976,13.04,402,0,0.004,-0.17,0.25,-0.016,0.022,-0.022,-0.012,55.92,48.02
"2025-01-29 17:00:00",12977,13.03,402,0,-0.007,-0.23,0.16,-0.021,0.014,-0.027,-0.026,56.14,47.15
"2025-01-29 17:30:00",12978,13.04,402,0,-0.013,-0.18,0.03,-0.017,0.003,-0.025,-0.028,57.03,47.07
"2025-01-29 18:00:00",12979,13.03,402,0,-0.021,-0.25,0,-0.023,0,-0.032,-0.034,54.42,45.12
"2025-01-29 18:30:00",12980,13.02,402,0,-0.021,-0.25,0,-0.023,0,-0.025,-0.026,55.74,47.27
"2025-01-29 19:00:00",12981,13.01,402,0,-0.014,-0.2,0.03,-0.019,0.003,-0.025,-0.023,54.79,45.39
"2025-01-29 19:30:00",12982,13.01,402,0,0.017,0.16,0.03,0.014,0.003,0.004,-0.029,56.39,47.25
"2025-01-29 20:00:00",12983,13,402,0,-0.011,-0.12,-0.02,-0.011,-0.003,-0.013,-0.028,59.22,47.61
"2025-01-29 20:30:00",12984,13,402,0,-0.033,-0.34,-0.05,-0.031,-0.006,-0.041,-0.046,57.62,46.42
"2025-01-29 21:00:00",12985,12.99,402,0,-0.034,-0.29,-0.12,-0.027,-0.012,-0.033,-0.037,54.18,45.19
"2025-01-29 21:30:00",12986,12.99,402,0,-0.017,-0.1,-0.12,-0.009,-0.012,-0.018,-0.037,56.56,45.77
"2025-01-29 22:00:00",12987,12.99,402,0,-0.004,-0.04,-0.02,-0.004,-0.003,-0.013,-0.039,60.94,45.23
"2025-01-29 22:30:00",12988,12.99,402,0,-0.02,-0.18,-0.06,-0.017,-0.006,-0.018,-0.032,54.85,45.96
"2025-01-29 23:00:00",12989,12.98,402,0,-0.042,-0.34,-0.16,-0.031,-0.015,-0.034,-0.039,54.54,45.81
"2025-01-29 23:30:00",12990,12.98,402,0,-0.035,-0.27,-0.16,-0.025,-0.015,-0.031,-0.043,53.7,44.71
"2025-01-30 00:00:00",12991,12.98,402,0,-0.035,-0.27,-0.16,-0.024,-0.015,-0.026,-0.04,55.22,44.83
"2025-01-30 00:30:00",12992,12.97,402,0,-0.028,-0.28,-0.06,-0.026,-0.006,-0.029,-0.035,54.37,45.48
"2025-01-30 01:00:00",12993,12.96,402,0,-0.034,-0.23,-0.19,-0.022,-0.018,-0.03,-0.048,54.4,44.84
"2025-01-30 01:30:00",12994,12.95,402,0,-0.042,-0.32,-0.19,-0.029,-0.018,-0.033,-0.045,53.76,45.42
"2025-01-30 02:00:00",12995,12.95,402,0,-0.037,-0.26,-0.19,-0.024,-0.018,-0.028,-0.043,54.31,45.16
"2025-01-30 02:30:00",12996,12.94,402,0,-0.037,-0.29,-0.16,-0.026,-0.015,-0.03,-0.043,55.17,45.2
"2025-01-30 03:00:00",12997,12.94,402,0,-0.044,-0.3,-0.23,-0.027,-0.022,-0.033,-0.049,54.18,45.84
"2025-01-30 03:30:00",12998,12.93,402,0,-0.044,-0.31,-0.23,-0.028,-0.021,-0.037,-0.045,55.35,45.11
"2025-01-30 04:00:00",12999,12.92,402,0,-0.036,-0.21,-0.23,-0.02,-0.021,-0.028,-0.046,53.41,45.48
"2025-01-30 04:30:00",13000,12.92,402,0,-0.044,-0.31,-0.23,-0.028,-0.021,-0.032,-0.048,55.01,46.26
"2025-01-30 05:00:00",13001,12.91,402,0,-0.032,-0.2,-0.19,-0.019,-0.018,-0.027,-0.043,56.32,46.33
"2025-01-30 05:30:00",13002,12.91,402,0,-0.008,-0.16,0.07,-0.015,0.006,-0.024,-0.025,54.59,44.04
"2025-01-30 06:00:00",13003,12.91,402,0,0.009,0,0.12,0,0.01,-0.007,-0.027,52.35,41.54
"2025-01-30 06:30:00",13004,12.9,402,0,0.039,0.24,0.23,0.022,0.021,0.013,-0.027,52.35,41.95
"2025-01-30 07:00:00",13005,12.9,402,0,-0.027,-0.11,-0.24,-0.011,-0.022,-0.013,-0.05,52.14,40.66
"2025-01-30 07:30:00",13006,12.9,402,0,-0.012,-0.05,-0.11,-0.005,-0.011,-0.015,-0.057,53.57,41.52
"2025-01-30 08:00:00",13007,12.89,402,0,-0.011,-0.11,-0.03,-0.011,-0.004,-0.015,-0.036,54.5,41.22
"2025-01-30 08:30:00",13008,12.9,402,0,-0.044,-0.23,-0.31,-0.021,-0.028,-0.023,-0.066,53.46,40.34
"2025-01-30 09:00:00",13009,12.9,402,0,0.002,0.24,-0.25,0.022,-0.023,0.009,-0.089,49.15,34.24
"2025-01-30 09:30:00",13010,12.9,402,0,0.003,0.03,0,0.003,0,-0.011,-0.079,48.9,34.55
"2025-01-30 10:00:00",13011,12.91,402,0,0.012,0.08,0.06,0.007,0.005,-0.005,-0.057,52.74,36.03
"2025-01-30 10:30:00",13012,12.92,402,0,-0.032,-0.27,-0.12,-0.025,-0.012,-0.031,-0.039,57.93,45.9
"2025-01-30 11:00:00",13013,12.92,402,0,-0.033,-0.22,-0.19,-0.021,-0.018,-0.025,-0.039,60.35,49.56
"2025-01-30 11:30:00",13014,12.93,402,0,-0.019,-0.13,-0.11,-0.013,-0.01,-0.016,-0.029,59.85,49.48
"2025-01-30 12:00:00",13015,12.94,402,0,-0.017,-0.18,-0.02,-0.017,-0.003,-0.019,-0.024,61.94,48.68
"2025-01-30 12:30:00",13016,12.95,402,0,0.002,-0.06,0.09,-0.006,0.008,-0.012,-0.019,62.02,50
"2025-01-30 13:00:00",13017,12.95,402,0,0,-0.13,0.15,-0.013,0.013,-0.019,-0.015,58.97,50.4
"2025-01-30 13:30:00",13018,12.95,402,0,0.017,-0.02,0.24,-0.002,0.021,-0.011,-0.01,57.48,48.6
"2025-01-30 14:00:00",13019,12.96,402,0,0.022,-0.02,0.31,-0.002,0.027,-0.013,-0.013,56.75,49
"2025-01-30 14:30:00",13020,12.96,402,0,0.014,-0.17,0.37,-0.016,0.033,-0.02,-0.005,56.09,47.52
"2025-01-30 15:00:00",13021,12.96,402,0,0.024,-0.04,0.35,-0.005,0.031,-0.009,-0.005,55.64,47.33
"2025-01-30 15:30:00",13022,12.96,402,0,0.019,-0.09,0.35,-0.009,0.031,-0.016,-0.005,55.49,46.91
"2025-01-30 16:00:00",13023,12.96,402,0,0.019,-0.04,0.29,-0.005,0.026,-0.011,-0.01,56.16,46.85
"2025-01-30 16:30:00",13024,12.96,402,0,0.009,-0.1,0.23,-0.01,0.02,-0.016,-0.016,54.87,47.21
"2025-01-30 17:00:00",13025,12.95,402,0,0.004,-0.07,0.13,-0.007,0.012,-0.016,-0.021,53.9,45.16
"2025-01-30 17:30:00",13026,12.95,402,0,-0.008,-0.19,0.1,-0.017,0.009,-0.023,-0.024,54.12,44.41
"2025-01-30 18:00:00",13027,12.95,402,0,-0.017,-0.18,-0.02,-0.017,-0.003,-0.023,-0.032,55.73,46.58
"2025-01-30 18:30:00",13028,12.93,402,0,-0.022,-0.21,-0.06,-0.019,-0.006,-0.025,-0.035,54.81,45.5
"2025-01-30 19:00:00",13029,12.93,402,0,-0.027,-0.24,-0.09,-0.022,-0.009,-0.028,-0.038,53.85,44.85
"2025-01-30 19:30:00",13030,12.93,402,0,-0.022,-0.18,-0.09,-0.017,-0.009,-0.025,-0.04,54.69,46.2
"2025-01-30 20:00:00",13031,12.92,402,0,-0.033,-0.25,-0.15,-0.023,-0.015,-0.027,-0.04,56.36,46.38
"2025-01-30 20:30:00",13032,12.92,402,0,-0.036,-0.25,-0.19,-0.023,-0.017,-0.029,-0.042,56.72,47.31
"2025-01-30 21:00:00",13033,12.92,402,0,-0.039,-0.28,-0.19,-0.026,-0.018,-0.03,-0.04,56.65,46.42
"2025-01-30 21:30:00",13034,12.91,402,0,-0.041,-0.31,-0.19,-0.028,-0.017,-0.032,-0.042,56.43,46.87
"2025-01-30 22:00:00",13035,12.91,402,0,-0.039,-0.26,-0.22,-0.024,-0.02,-0.03,-0.048,56.49,47.19
"2025-01-30 22:30:00",13036,12.91,402,0,-0.041,-0.28,-0.22,-0.026,-0.02,-0.029,-0.045,56.34,46.11
"2025-01-30 23:00:00",13037,12.91,402,0,-0.038,-0.25,-0.22,-0.023,-0.02,-0.029,-0.042,57.7,46.5
"2025-01-30 23:30:00",13038,12.92,402,0,-0.038,-0.28,-0.18,-0.026,-0.017,-0.029,-0.039,56.59,46.05
"2025-01-31 00:00:00",13039,12.91,402,0,-0.038,-0.25,-0.22,-0.023,-0.02,-0.027,-0.042,56.63,46.4
"2025-01-31 00:30:00",13040,12.91,402,0,-0.038,-0.28,-0.18,-0.026,-0.017,-0.032,-0.042,56.5,47.2
"2025-01-31 01:00:00",13041,12.91,402,0,-0.043,-0.28,-0.25,-0.026,-0.023,-0.032,-0.042,57.03,46.91
"2025-01-31 01:30:00",13042,12.91,402,0,-0.044,-0.31,-0.22,-0.028,-0.02,-0.03,-0.042,55.56,45.99
"2025-01-31 02:00:00",13043,12.91,402,0,-0.041,-0.28,-0.22,-0.026,-0.02,-0.027,-0.045,56.33,46.92
"2025-01-31 02:30:00",13044,12.91,402,0,-0.049,-0.34,-0.25,-0.031,-0.023,-0.032,-0.045,55.61,47.13
"2025-01-31 03:00:00",13045,12.91,402,0,-0.041,-0.28,-0.22,-0.026,-0.02,-0.029,-0.045,55.98,46.01
"2025-01-31 03:30:00",13046,12.91,402,0,-0.041,-0.25,-0.25,-0.023,-0.023,-0.029,-0.042,57.21,46.41
"2025-01-31 04:00:00",13047,12.91,402,0,-0.043,-0.28,-0.25,-0.026,-0.023,-0.032,-0.044,56.15,46.73
"2025-01-31 04:30:00",13048,12.91,402,0,-0.041,-0.28,-0.22,-0.026,-0.02,-0.031,-0.044,57.18,47.06
"2025-01-31 05:00:00",13049,12.91,402,0,-0.045,-0.3,-0.25,-0.028,-0.023,-0.034,-0.044,56.83,47.12
"2025-01-31 05:30:00",13050,12.91,402,0,-0.041,-0.28,-0.22,-0.026,-0.02,-0.032,-0.044,56.94,46.97
"2025-01-31 06:00:00",13051,12.91,402,0,-0.046,-0.31,-0.25,-0.028,-0.023,-0.032,-0.044,55.43,46.13
"2025-01-31 06:30:00",13052,12.91,402,0,-0.037,-0.27,-0.18,-0.025,-0.017,-0.029,-0.044,58.84,46.82
"2025-01-31 07:00:00",13053,12.91,402,0,-0.037,-0.24,-0.22,-0.022,-0.02,-0.03,-0.045,54.97,45.98
"2025-01-31 07:30:00",13054,12.91,402,0,-0.049,-0.37,-0.22,-0.033,-0.02,-0.037,-0.048,55.2,45.64
"2025-01-31 08:00:00",13055,12.91,402,0,-0.049,-0.31,-0.29,-0.028,-0.026,-0.034,-0.047,56.79,45.84
"2025-01-31 08:30:00",13056,12.9,402,0,-0.048,-0.33,-0.25,-0.03,-0.023,-0.034,-0.044,55.76,46.86
"2025-01-31 09:00:00",13057,12.9,402,0,-0.05,-0.33,-0.28,-0.03,-0.026,-0.033,-0.044,57,46.62
"2025-01-31 09:30:00",13058,12.9,402,0,-0.047,-0.3,-0.28,-0.028,-0.026,-0.033,-0.047,57.39,46.34
"2025-01-31 10:00:00",13059,12.9,402,0,-0.05,-0.3,-0.31,-0.027,-0.028,-0.031,-0.049,57.79,47.41
"2025-01-31 10:30:00",13060,12.9,402,0,-0.047,-0.33,-0.24,-0.03,-0.022,-0.033,-0.044,55.9,47.16
"2025-01-31 11:00:00",13061,12.91,402,0,-0.046,-0.32,-0.24,-0.029,-0.022,-0.031,-0.043,57.47,46.69
"2025-01-31 11:30:00",13062,12.9,402,0,-0.044,-0.3,-0.24,-0.027,-0.022,-0.033,-0.043,57.13,47.57
"2025-01-31 12:00:00",13063,12.91,402,0,-0.047,-0.3,-0.27,-0.028,-0.025,-0.034,-0.046,57.42,46.79
"2025-01-31 12:30:00",13064,12.9,402,0,-0.051,-0.35,-0.27,-0.032,-0.025,-0.033,-0.048,56.29,47.56
"2025-01-31 13:00:00",13065,12.91,402,0,-0.056,-0.43,-0.24,-0.039,-0.022,-0.04,-0.041,54.68,47.75
"2025-01-31 13:30:00",13066,12.9,402,0,-0.056,-0.42,-0.25,-0.038,-0.023,-0.041,-0.047,53.71,46.21
"2025-01-31 14:00:00",13067,12.91,402,0,-0.058,-0.42,-0.28,-0.038,-0.026,-0.039,-0.047,54.53,46.21
"2025-01-31 14:30:00",13068,12.91,402,0,-0.058,-0.43,-0.27,-0.039,-0.025,-0.04,-0.046,56.59,47.7
"2025-01-31 15:00:00",13069,12.91,402,0,-0.053,-0.34,-0.3,-0.031,-0.028,-0.035,-0.043,57.16,47.2
"2025-01-31 15:30:00",13070,12.91,402,0,-0.04,-0.25,-0.24,-0.023,-0.022,-0.029,-0.043,58.01,46.82
"2025-01-31 16:00:00",13071,12.9,402,0,-0.049,-0.38,-0.21,-0.035,-0.019,-0.041,-0.041,56.32,46.77
"2025-01-31 16:30:00",13072,12.91,402,0,-0.031,-0.2,-0.18,-0.019,-0.017,-0.025,-0.039,56.72,46.35
"2025-01-31 17:00:00",13073,12.91,402,0,-0.039,-0.32,-0.15,-0.029,-0.015,-0.035,-0.04,55.51,46.37
"2025-01-31 17:30:00",13074,12.91,402,0,-0.042,-0.32,-0.19,-0.029,-0.018,-0.035,-0.045,54.04,45.3
"2025-01-31 18:00:00",13075,12.91,402,0,-0.05,-0.35,-0.26,-0.031,-0.024,-0.037,-0.045,55.3,46.16
"2025-01-31 18:30:00",13076,12.9,402,0,-0.05,-0.36,-0.25,-0.033,-0.023,-0.036,-0.042,55.39,45.43
"2025-01-31 19:00:00",13077,12.9,402,0,-0.054,-0.37,-0.29,-0.034,-0.026,-0.037,-0.047,55.71,46.31
"2025-01-31 19:30:00",13078,12.9,402,0,-0.046,-0.34,-0.22,-0.031,-0.02,-0.039,-0.042,55.86,46.72
"2025-01-31 20:00:00",13079,12.9,402,0,-0.051,-0.37,-0.25,-0.033,-0.023,-0.037,-0.045,55.71,45.34
"2025-01-31 20:30:00",13080,12.9,402,0,-0.049,-0.34,-0.25,-0.031,-0.023,-0.036,-0.047,55.7,45.48
"2025-01-31 21:00:00",13081,12.9,402,0,-0.054,-0.37,-0.28,-0.033,-0.026,-0.039,-0.047,56.02,46.31
"2025-01-31 21:30:00",13082,12.89,402,0,-0.058,-0.42,-0.28,-0.038,-0.026,-0.044,-0.044,55.44,46.55
"2025-01-31 22:00:00",13083,12.89,402,0,-0.057,-0.37,-0.32,-0.033,-0.029,-0.034,-0.05,55.49,46.76
"2025-01-31 22:30:00",13084,12.89,402,0,-0.051,-0.37,-0.25,-0.033,-0.023,-0.034,-0.047,56.26,46.45
"2025-01-31 23:00:00",13085,12.89,402,0,-0.051,-0.37,-0.25,-0.033,-0.023,-0.037,-0.047,55.63,45.93
"2025-01-31 23:30:00",13086,12.89,402,0,-0.056,-0.39,-0.29,-0.036,-0.026,-0.039,-0.047,55.98,46.28
"2025-02-01 00:00:00",13087,12.88,402,0,-0.054,-0.34,-0.32,-0.031,-0.029,-0.037,-0.047,56.74,45.8
"2025-02-01 00:30:00",13088,12.89,402,0,-0.053,-0.36,-0.28,-0.033,-0.026,-0.039,-0.047,56.12,48.06
"2025-02-01 01:00:00",13089,12.89,402,0,-0.051,-0.34,-0.28,-0.031,-0.026,-0.037,-0.047,55.74,46.34
"2025-02-01 01:30:00",13090,12.88,402,0,-0.049,-0.34,-0.25,-0.031,-0.023,-0.035,-0.042,55.65,46.1
"2025-02-01 02:00:00",13091,12.88,402,0,-0.052,-0.34,-0.29,-0.031,-0.026,-0.032,-0.045,55.34,46.36
"2025-02-01 02:30:00",13092,12.89,402,0,-0.054,-0.37,-0.29,-0.034,-0.026,-0.039,-0.048,54.84,46.53
"2025-02-01 03:00:00",13093,12.88,402,0,-0.051,-0.37,-0.25,-0.034,-0.023,-0.039,-0.045,55.35,45.38
"2025-02-01 03:30:00",13094,12.88,402,0,-0.045,-0.32,-0.23,-0.03,-0.021,-0.035,-0.043,55.64,45.27
"2025-02-01 04:00:00",13095,12.88,402,0,-0.089,-0.81,-0.23,-0.072,-0.021,-0.066,-0.037,53.02,44.86
"2025-02-01 04:30:00",13096,12.87,402,0,-0.07,-0.56,-0.27,-0.05,-0.024,-0.05,-0.046,53.46,44.98
"2025-02-01 05:00:00",13097,12.87,402,0,-0.06,-0.45,-0.27,-0.041,-0.025,-0.044,-0.052,53.61,44.88
"2025-02-01 05:30:00",13098,12.86,402,0,-0.066,-0.52,-0.27,-0.047,-0.024,-0.047,-0.049,53.71,46.06
"2025-02-01 06:00:00",13099,12.86,402,0,-0.048,-0.32,-0.27,-0.029,-0.024,-0.033,-0.046,55.41,44.88
"2025-02-01 06:30:00",13100,12.86,402,0,-0.057,-0.43,-0.26,-0.039,-0.024,-0.042,-0.048,55.94,46.23
"2025-02-01 07:00:00",13101,12.86,402,0,-0.048,-0.35,-0.23,-0.032,-0.021,-0.035,-0.043,55.95,45.42
"2025-02-01 07:30:00",13102,12.85,402,0,-0.055,-0.44,-0.22,-0.04,-0.02,-0.038,-0.042,58.9,47.29
"2025-02-01 08:00:00",13103,12.86,402,0,-0.069,-0.5,-0.33,-0.045,-0.03,-0.043,-0.048,55.45,44.51
"2025-02-01 08:30:00",13104,12.85,402,0,-0.063,-0.52,-0.23,-0.047,-0.022,-0.051,-0.06,54.42,45.28
"2025-02-01 09:00:00",13105,12.85,402,0,-0.045,-0.38,-0.16,-0.034,-0.015,-0.038,-0.063,54.02,45.7
"2025-02-01 09:30:00",13106,12.85,402,0,-0.023,-0.39,0.14,-0.035,0.012,-0.033,-0.022,55.51,46.11
"2025-02-01 10:00:00",13107,12.85,402,0,-0.017,-0.18,-0.02,-0.017,-0.003,-0.023,-0.024,57.83,45.24
"2025-02-01 10:30:00",13108,12.85,402,0,-0.011,-0.13,0,-0.012,0,-0.021,-0.038,56.12,45.9
"2025-02-01 11:00:00",13109,12.85,402,0,-0.01,-0.21,0.1,-0.019,0.009,-0.03,-0.013,55.07,46.9
"2025-02-01 11:30:00",13110,12.85,402,0,0.023,-0.02,0.32,-0.002,0.029,-0.011,-0.005,55.83,47.35
"2025-02-01 12:00:00",13111,12.85,402,0,0.019,-0.02,0.26,-0.002,0.023,-0.007,-0.008,55.35,48.26
"2025-02-01 12:30:00",13112,12.85,402,0,0.049,0.21,0.39,0.019,0.035,0.009,0,56.88,47.18
"2025-02-01 13:00:00",13113,12.85,402,0,0.025,-0.15,0.49,-0.014,0.043,-0.023,0.01,54.2,47.12
"2025-02-01 13:30:00",13114,12.85,402,0,0.058,0.11,0.62,0.009,0.055,-0.002,0.003,57.42,48.85
"2025-02-01 14:00:00",13115,12.85,402,0,0.047,-0.05,0.66,-0.005,0.058,-0.014,0.016,55.1,47.44
"2025-02-01 14:30:00",13116,12.85,402,0,0.053,0.13,0.53,0.012,0.047,0.005,0.013,54.44,47.92
"2025-02-01 15:00:00",13117,12.85,402,0,0.061,0.13,0.63,0.012,0.055,0.002,0.005,56.79,46.83
"2025-02-01 15:30:00",13118,12.84,402,0,0.051,0.08,0.56,0.007,0.05,-0.005,0,55.94,47.36
"2025-02-01 16:00:00",13119,12.85,402,0,0.041,0,0.53,0,0.047,-0.007,0,54.87,48.6
"2025-02-01 16:30:00",13120,12.84,402,0,0.039,0.08,0.41,0.008,0.037,-0.005,-0.008,56.26,47.11
"2025-02-01 17:00:00",13121,12.84,402,0,0.02,-0.05,0.31,-0.005,0.028,-0.014,-0.016,54.83,45.84
"2025-02-01 17:30:00",13122,12.84,402,0,0.005,-0.1,0.18,-0.01,0.016,-0.017,-0.019,54.24,45.09
"2025-02-01 18:00:00",13123,12.83,402,0,-0.003,-0.08,0.04,-0.008,0.003,-0.017,-0.028,54.54,45.39
"2025-02-01 18:30:00",13124,12.82,402,0,-0.013,-0.13,-0.03,-0.013,-0.003,-0.022,-0.036,54.96,44.58
"2025-02-01 19:00:00",13125,12.82,402,0,-0.03,-0.24,-0.13,-0.022,-0.012,-0.026,-0.039,54.92,44.94
"2025-02-01 19:30:00",13126,12.81,402,0,-0.031,-0.21,-0.17,-0.02,-0.016,-0.026,-0.042,54.87,45.15
"2025-02-01 20:00:00",13127,12.81,402,0,-0.046,-0.35,-0.2,-0.032,-0.019,-0.035,-0.044,53.93,45.45
"2025-02-01 20:30:00",13128,12.81,402,0,-0.036,-0.24,-0.2,-0.022,-0.018,-0.028,-0.041,55.06,45.49
"2025-02-01 21:00:00",13129,12.8,402,0,-0.044,-0.3,-0.23,-0.028,-0.022,-0.029,-0.047,53.7,44.95
"2025-02-01 21:30:00",13130,12.79,402,0,-0.045,-0.32,-0.23,-0.03,-0.022,-0.033,-0.046,54.27,45.52
"2025-02-01 22:00:00",13131,12.79,402,0,-0.047,-0.3,-0.27,-0.027,-0.025,-0.031,-0.047,54.69,45.12
"2025-02-01 22:30:00",13132,12.79,402,0,-0.047,-0.33,-0.24,-0.03,-0.022,-0.031,-0.044,54.95,45.53
"2025-02-01 23:00:00",13133,12.78,402,0,-0.051,-0.32,-0.3,-0.029,-0.028,-0.035,-0.049,54.67,44.94
"2025-02-01 23:30:00",13134,12.78,402,0,-0.052,-0.33,-0.3,-0.03,-0.027,-0.033,-0.047,55.28,45.71
"2025-02-02 00:00:00",13135,12.77,402,0,-0.047,-0.3,-0.27,-0.027,-0.025,-0.031,-0.047,54.89,45.73
"2025-02-02 00:30:00",13136,12.78,402,0,-0.06,-0.33,-0.41,-0.03,-0.037,-0.036,-0.058,53.73,45.24
"2025-02-02 01:00:00",13137,12.77,402,0,-0.076,-0.41,-0.52,-0.037,-0.047,-0.04,-0.064,54.3,45.29
"2025-02-02 01:30:00",13138,12.77,402,0,-0.086,-0.5,-0.55,-0.045,-0.05,-0.046,-0.064,54.19,45.03
"2025-02-02 02:00:00",13139,12.76,402,0,-0.074,-0.42,-0.48,-0.038,-0.044,-0.041,-0.064,53.95,44.52
"2025-02-02 02:30:00",13140,12.77,402,0,-0.017,0.23,-0.49,0.021,-0.044,0.007,-0.064,55.83,43.77
"2025-02-02 03:00:00",13141,12.76,402,0,0.043,0.79,-0.35,0.07,-0.032,0.064,-0.056,56.07,44.84
"2025-02-02 03:30:00",13142,12.76,402,0,0.012,0.73,-0.67,0.064,-0.06,0.063,-0.091,55.98,39.13
"2025-02-02 04:00:00",13143,12.75,402,0,0.007,0.45,-0.42,0.04,-0.038,0.035,-0.079,57.87,40.88
"2025-02-02 04:30:00",13144,12.75,402,0,0.007,0.5,-0.48,0.044,-0.044,0.044,-0.071,58.34,40.93
"2025-02-02 05:00:00",13145,12.75,402,0,-0.008,0.31,-0.47,0.027,-0.043,0.027,-0.07,57.79,40.79
"2025-02-02 05:30:00",13146,12.74,402,0,0.023,0.41,-0.17,0.036,-0.016,0.031,-0.066,58.24,40.58
"2025-02-02 06:00:00",13147,12.74,402,0,-0.022,0.31,-0.65,0.028,-0.058,0.027,-0.087,57.58,39.08
"2025-02-02 06:30:00",13148,12.75,402,0,-0.013,0.27,-0.49,0.024,-0.044,0.023,-0.079,56.58,40.26
"2025-02-02 07:00:00",13149,12.75,402,0,0.109,0.4,0.94,0.036,0.083,0.031,0.007,54.88,39.69
"2025-02-02 07:30:00",13150,12.74,402,0,0.074,0.36,0.54,0.032,0.047,0.032,-0.032,57.62,37.74
"2025-02-02 08:00:00",13151,12.74,402,0,-0.02,0.23,-0.53,0.02,-0.048,0.024,-0.099,59.31,37.37
"2025-02-02 08:30:00",13152,12.74,402,0,-0.008,0.24,-0.39,0.021,-0.036,0.021,-0.122,64.31,39.08
"2025-02-02 09:00:00",13153,12.75,402,0,0.026,0.38,-0.1,0.033,-0.01,-99,-0.082,-99,38.86
"2025-02-02 09:30:00",13154,12.75,402,0,0.012,0.54,-0.46,0.048,-0.041,-99,-0.112,-99,37.52
"2025-02-02 10:00:00",13155,12.75,402,0,-0.001,0.09,-0.13,0.008,-0.012,-99,-0.12,-99,34.76
"2025-02-02 10:30:00",13156,12.76,402,0,0.031,0.69,-0.39,0.061,-0.035,0.045,-0.145,51.95,31.83
"2025-02-02 11:00:00",13157,12.77,402,0,-0.061,-0.25,-0.51,-0.023,-0.046,-0.027,-0.162,47.03,31.45
"2025-02-02 11:30:00",13158,12.77,402,0,-0.036,0,-0.48,0,-0.043,-0.009,-0.168,48.73,31.37
"2025-02-02 12:00:00",13159,12.78,402,0,-0.06,-0.05,-0.72,-0.006,-0.065,-0.015,-0.164,50.84,30.45
"2025-02-02 12:30:00",13160,12.79,402,0,-0.036,-0.1,-0.36,-0.01,-0.033,-0.017,-0.121,52.58,30.96
"2025-02-02 13:00:00",13161,12.79,402,0,0.025,0.03,0.28,0.002,0.025,-0.007,-0.04,55.79,35.13
"2025-02-02 13:30:00",13162,12.8,402,0,0.023,-0.07,0.37,-0.007,0.033,-0.013,-0.022,56.8,43.14
"2025-02-02 14:00:00",13163,12.8,402,0,-0.008,-0.15,0.06,-0.014,0.006,-0.018,-0.023,57.56,48.01
"2025-02-02 14:30:00",13164,12.81,402,0,0.01,0.03,0.09,0.002,0.008,-0.007,-0.026,57.93,48.38
"2025-02-02 15:00:00",13165,12.8,402,0,-0.009,-0.14,0.03,-0.014,0.003,-0.018,-0.026,56.92,48.18
"2025-02-02 15:30:00",13166,12.8,402,0,-0.036,-0.32,-0.11,-0.029,-0.011,-0.031,-0.033,57.56,48.82
"2025-02-02 16:00:00",13167,12.8,402,0,-0.028,-0.2,-0.15,-0.019,-0.014,-0.025,-0.039,55.13,46.24
"2025-02-02 16:30:00",13168,12.8,402,0,-0.036,-0.28,-0.15,-0.026,-0.014,-0.031,-0.039,56.06,47.73
"2025-02-02 17:00:00",13169,12.8,402,0,-0.038,-0.28,-0.18,-0.026,-0.017,-0.029,-0.039,55.75,47.01
"2025-02-02 17:30:00",13170,12.8,402,0,-0.037,-0.23,-0.22,-0.021,-0.02,-0.027,-0.042,56.12,45.73
"2025-02-02 18:00:00",13171,12.8,402,0,-0.039,-0.28,-0.19,-0.026,-0.017,-0.032,-0.042,55.51,46.51
"2025-02-02 18:30:00",13172,12.79,402,0,-0.041,-0.28,-0.22,-0.026,-0.02,-0.027,-0.042,56.44,46.06
"2025-02-02 19:00:00",13173,12.79,402,0,-0.042,-0.29,-0.22,-0.026,-0.02,-0.032,-0.045,55.36,47.44
"2025-02-02 19:30:00",13174,12.79,402,0,-0.046,-0.31,-0.25,-0.028,-0.023,-0.032,-0.048,55.64,46.9
"2025-02-02 20:00:00",13175,12.78,402,0,-0.037,-0.23,-0.22,-0.021,-0.02,-0.025,-0.045,56.46,46.64
"2025-02-02 20:30:00",13176,12.78,402,0,-0.044,-0.31,-0.22,-0.028,-0.02,-0.03,-0.047,55.58,46.69
"2025-02-02 21:00:00",13177,12.78,402,0,-0.037,-0.24,-0.22,-0.022,-0.021,-0.03,-0.045,54.95,46.05
"2025-02-02 21:30:00",13178,12.77,402,0,-0.043,-0.28,-0.25,-0.026,-0.023,-0.032,-0.047,56.2,46.79
"2025-02-02 22:00:00",13179,12.78,402,0,-0.041,-0.28,-0.22,-0.026,-0.02,-0.029,-0.04,55.47,46.31
"2025-02-02 22:30:00",13180,12.78,402,0,-0.046,-0.31,-0.25,-0.028,-0.023,-0.027,-0.045,55.29,47.38
"2025-02-02 23:00:00",13181,12.77,402,0,-0.039,-0.26,-0.22,-0.023,-0.02,-0.027,-0.042,55.53,46.37
"2025-02-02 23:30:00",13182,12.77,402,0,-0.048,-0.31,-0.28,-0.028,-0.026,-0.029,-0.047,56.53,46.71
"2025-02-03 00:00:00",13183,12.77,402,0,-0.048,-0.31,-0.28,-0.028,-0.026,-0.029,-0.05,55.76,46.35
"2025-02-03 00:30:00",13184,12.77,402,0,-0.041,-0.28,-0.22,-0.026,-0.02,-0.03,-0.039,56.22,46.66
"2025-02-03 01:00:00",13185,12.77,402,0,-0.031,-0.26,-0.12,-0.024,-0.012,-0.03,-0.034,55.98,46.84
"2025-02-03 01:30:00",13186,12.77,402,0,-0.036,-0.28,-0.15,-0.026,-0.015,-0.03,-0.037,56.3,46.74
"2025-02-03 02:00:00",13187,12.77,402,0,-0.035,-0.26,-0.16,-0.024,-0.015,-0.03,-0.037,56.83,46.6
"2025-02-03 02:30:00",13188,12.77,402,0,-0.037,-0.29,-0.16,-0.026,-0.015,-0.03,-0.035,55.43,46.54
"2025-02-03 03:00:00",13189,12.77,402,0,-0.039,-0.26,-0.22,-0.024,-0.021,-0.028,-0.043,56.33,46.21
"2025-02-03 03:30:00",13190,12.77,402,0,-0.037,-0.23,-0.22,-0.022,-0.021,-0.026,-0.046,56.72,46.5
"2025-02-03 04:00:00",13191,12.76,402,0,-0.049,-0.37,-0.22,-0.034,-0.021,-0.035,-0.043,55.17,47.26
"2025-02-03 04:30:00",13192,12.77,402,0,-0.056,-0.34,-0.34,-0.031,-0.031,-0.037,-0.05,53.39,46.55
"2025-02-03 05:00:00",13193,12.77,402,0,-0.038,-0.33,-0.13,-0.03,-0.012,-0.031,-0.039,54.59,45.85
"2025-02-03 05:30:00",13194,12.76,402,0,-0.047,-0.3,-0.27,-0.027,-0.024,-0.033,-0.049,54.66,45.66
"2025-02-03 06:00:00",13195,12.76,402,0,-0.045,-0.29,-0.26,-0.027,-0.024,-0.031,-0.049,55.84,45.29
"2025-02-03 06:30:00",13196,12.76,402,0,-0.045,-0.29,-0.26,-0.027,-0.024,-0.033,-0.046,54.76,46.02
"2025-02-03 07:00:00",13197,12.75,402,0,-0.048,-0.29,-0.3,-0.027,-0.027,-0.028,-0.052,55.12,46.53
"2025-02-03 07:30:00",13198,12.75,402,0,-0.043,-0.29,-0.23,-0.027,-0.021,-0.03,-0.043,55.84,45.86
"2025-02-03 08:00:00",13199,12.74,402,0,-0.044,-0.28,-0.26,-0.026,-0.024,-0.03,-0.046,56.85,46.47
"2025-02-03 08:30:00",13200,12.74,402,0,-0.038,-0.22,-0.25,-0.021,-0.023,-0.027,-0.042,56.96,46.73
"2025-02-03 09:00:00",13201,12.75,402,0,-0.034,-0.26,-0.15,-0.024,-0.014,-0.026,-0.036,60.18,49.38
"2025-02-03 09:30:00",13202,12.74,402,0,-0.009,-0.09,-0.02,-0.009,-0.003,-0.013,-0.022,61.02,49.25
"2025-02-03 10:00:00",13203,12.75,402,0,-0.01,-0.11,-0.02,-0.011,-0.003,-0.013,-0.026,60.09,49.97
"2025-02-03 10:30:00",13204,12.75,402,0,-0.014,-0.27,0.12,-0.024,0.011,-0.024,-0.013,59.12,50.54
"2025-02-03 11:00:00",13205,12.76,402,0,0.011,-0.04,0.19,-0.005,0.017,-0.011,-0.013,58.12,48.01
"2025-02-03 11:30:00",13206,12.76,402,0,0.034,0.08,0.34,0.007,0.03,-0.002,-0.003,59.43,49.22
"2025-02-03 12:00:00",13207,12.76,402,0,0.068,0.2,0.64,0.018,0.057,0.013,0.02,59.64,49.53
"2025-02-03 12:30:00",13208,12.77,402,0,0.082,0.21,0.81,0.018,0.071,0.007,0.026,57.78,49.46
"2025-02-03 13:00:00",13209,12.77,402,0,0.102,0.29,0.98,0.026,0.087,0.016,0.039,57.92,49.46
"2025-02-03 13:30:00",13210,12.77,402,0,0.113,0.39,1,0.034,0.089,0.025,0.036,58.68,49.8
"2025-02-03 14:00:00",13211,12.77,402,0,0.132,0.46,1.17,0.04,0.104,0.025,0.049,56.57,48.26
"2025-02-03 14:30:00",13212,12.77,402,0,0.11,0.37,0.99,0.033,0.088,0.023,0.039,57.6,48.21
"2025-02-03 15:00:00",13213,12.78,402,0,0.103,0.32,0.96,0.028,0.085,0.016,0.034,57.67,48.54
"2025-02-03 15:30:00",13214,12.78,402,0,0.097,0.34,0.86,0.03,0.076,0.02,0.031,57.94,47.98
"2025-02-03 16:00:00",13215,12.77,402,0,0.068,0.14,0.71,0.012,0.063,0.002,0.021,56.29,48.24
"2025-02-03 16:30:00",13216,12.77,402,0,0.052,0.08,0.57,0.007,0.05,-0.002,0.005,55.33,46.45
"2025-02-03 17:00:00",13217,12.77,402,0,0.022,-0.02,0.3,-0.002,0.027,-0.007,-0.005,55.8,46.51
"2025-02-03 17:30:00",13218,12.77,402,0,0,-0.14,0.14,-0.013,0.012,-0.02,-0.019,53.4,45.9
"2025-02-03 18:00:00",13219,12.76,402,0,-0.015,-0.16,-0.02,-0.015,-0.003,-0.022,-0.036,54.94,45.63
"2025-02-03 18:30:00",13220,12.76,402,0,-0.03,-0.27,-0.09,-0.025,-0.009,-0.026,-0.036,55.83,45.45
"2025-02-03 19:00:00",13221,12.76,402,0,-0.031,-0.22,-0.16,-0.02,-0.015,-0.029,-0.041,54.57,46.5
"2025-02-03 19:30:00",13222,12.76,402,0,-0.033,-0.27,-0.13,-0.025,-0.012,-0.028,-0.038,55.32,45.19
"2025-02-03 20:00:00",13223,12.75,402,0,-0.035,-0.27,-0.16,-0.025,-0.015,-0.031,-0.038,55.09,45.13
"2025-02-03 20:30:00",13224,12.75,402,0,-0.036,-0.21,-0.23,-0.019,-0.021,-0.026,-0.041,57.11,45.5
"2025-02-03 21:00:00",13225,12.74,402,0,-0.041,-0.28,-0.22,-0.026,-0.02,-0.03,-0.043,56.18,47.29
"2025-02-03 21:30:00",13226,12.74,402,0,-0.038,-0.27,-0.19,-0.025,-0.018,-0.031,-0.038,55.29,45.48
"2025-02-03 22:00:00",13227,12.74,402,0,-0.038,-0.27,-0.19,-0.025,-0.018,-0.028,-0.041,54.94,45.95
"2025-02-03 22:30:00",13228,12.74,402,0,-0.041,-0.3,-0.2,-0.027,-0.018,-0.033,-0.044,55.05,45.65
"2025-02-03 23:00:00",13229,12.74,402,0,-0.039,-0.27,-0.2,-0.025,-0.018,-0.031,-0.038,55.52,45.4
"2025-02-03 23:30:00",13230,12.74,402,0,-0.039,-0.27,-0.2,-0.025,-0.018,-0.026,-0.041,54.06,45.06
"2025-02-04 00:00:00",13231,12.74,402,0,-0.044,-0.3,-0.23,-0.027,-0.021,-0.031,-0.044,55.75,45.62
"2025-02-04 00:30:00",13232,12.74,402,0,-0.035,-0.27,-0.16,-0.025,-0.015,-0.026,-0.038,54.45,45.72
"2025-02-04 01:00:00",13233,12.73,402,0,-0.044,-0.27,-0.27,-0.025,-0.024,-0.028,-0.044,55.57,46.02
"2025-02-04 01:30:00",13234,12.73,402,0,-0.04,-0.3,-0.19,-0.027,-0.018,-0.028,-0.041,54.6,45.3
"2025-02-04 02:00:00",13235,12.73,402,0,-0.039,-0.27,-0.2,-0.025,-0.018,-0.029,-0.038,55.18,46.03
"2025-02-04 02:30:00",13236,12.73,402,0,-0.044,-0.3,-0.23,-0.027,-0.021,-0.031,-0.044,54.36,45.47
"2025-02-04 03:00:00",13237,12.72,402,0,-0.044,-0.3,-0.23,-0.027,-0.021,-0.031,-0.041,55.1,46.36
"2025-02-04 03:30:00",13238,12.73,402,0,-0.041,-0.27,-0.23,-0.025,-0.021,-0.026,-0.044,55.75,45.78
"2025-02-04 04:00:00",13239,12.73,402,0,-0.041,-0.27,-0.23,-0.025,-0.021,-0.026,-0.044,54.72,46.39
"2025-02-04 04:30:00",13240,12.72,402,0,-0.041,-0.27,-0.23,-0.025,-0.021,-0.031,-0.044,55.22,44.43
"2025-02-04 05:00:00",13241,12.72,402,0,-0.044,-0.3,-0.23,-0.027,-0.021,-0.031,-0.044,55.58,46.69
"2025-02-04 05:30:00",13242,12.72,402,0,-0.047,-0.3,-0.27,-0.027,-0.024,-0.029,-0.044,54.6,47.1
"2025-02-04 06:00:00",13243,12.71,402,0,-0.043,-0.29,-0.23,-0.027,-0.021,-0.031,-0.044,55.59,46.19
"2025-02-04 06:30:00",13244,12.72,402,0,-0.041,-0.27,-0.23,-0.025,-0.021,-0.029,-0.044,55.17,45.87
"2025-02-04 07:00:00",13245,12.71,402,0,-0.044,-0.3,-0.23,-0.027,-0.021,-0.031,-0.044,55.23,45.82
"2025-02-04 07:30:00",13246,12.72,402,0,-0.053,-0.36,-0.28,-0.033,-0.026,-0.032,-0.042,56.73,47.17
"2025-02-04 08:00:00",13247,12.71,402,0,-0.028,-0.17,-0.18,-0.016,-0.017,-0.023,-0.04,57.35,46.41
"2025-02-04 08:30:00",13248,12.71,402,0,-0.022,-0.15,-0.12,-0.014,-0.012,-0.018,-0.035,57.42,47.04
"2025-02-04 09:00:00",13249,12.71,402,0,-0.033,-0.31,-0.09,-0.028,-0.009,-0.03,-0.034,56.9,47.91
"2025-02-04 09:30:00",13250,12.71,402,0,-0.002,-0.17,0.15,-0.016,0.014,-0.02,-0.013,58.93,49.23
"2025-02-04 10:00:00",13251,12.71,402,0,0.039,-0.04,0.54,-0.004,0.048,-0.009,0.015,63.63,51.62
"2025-02-04 10:30:00",13252,12.72,402,0,0.087,0.22,0.87,0.02,0.077,0.015,0.038,60,49.08
"2025-02-04 11:00:00",13253,12.72,402,0,0.152,0.53,1.35,0.047,0.119,0.037,0.068,59.68,50.96
"2025-02-04 11:30:00",13254,12.72,402,0,0.223,0.82,1.93,0.073,0.171,0.063,0.107,61.22,51.69
"2025-02-04 12:00:00",13255,12.73,402,0,0.277,1.06,2.35,0.094,0.208,0.081,0.133,59.72,51.82
"2025-02-04 12:30:00",13256,12.73,402,0,0.231,0.83,2.02,0.073,0.179,0.055,0.107,59,50.28
"2025-02-04 13:00:00",13257,12.74,402,0,0.255,1.01,2.12,0.089,0.188,0.068,0.11,62.55,47.85
"2025-02-04 13:30:00",13258,12.74,402,0,0.242,0.93,2.04,0.083,0.181,0.059,0.107,56.63,49.97
"2025-02-04 14:00:00",13259,12.74,402,0,0.197,0.75,1.67,0.066,0.148,0.044,0.083,54.44,48.44
"2025-02-04 14:30:00",13260,12.74,402,0,0.19,0.61,1.74,0.054,0.154,0.038,0.069,55.62,49.93
"2025-02-04 15:00:00",13261,12.74,402,0,0.156,0.53,1.39,0.047,0.123,0.033,0.057,58.33,47.71
"2025-02-04 15:30:00",13262,12.73,402,0,0.158,0.64,1.3,0.057,0.115,0.04,0.062,56.37,45.75
"2025-02-04 16:00:00",13263,12.73,402,0,0.115,0.34,1.09,0.03,0.096,0.017,0.035,56.1,44.92
"2025-02-04 16:30:00",13264,12.73,402,0,0.084,0.23,0.81,0.02,0.071,0.01,0.025,54.48,46.01
"2025-02-04 17:00:00",13265,12.73,402,0,0.058,0.15,0.57,0.013,0.051,-0.003,0.003,52.21,45.94
"2025-02-04 17:30:00",13266,12.72,402,0,0.021,-0.02,0.29,-0.003,0.026,-0.015,-0.014,53.13,45.38
"2025-02-04 18:00:00",13267,12.72,402,0,-0.008,-0.23,0.15,-0.021,0.013,-0.025,-0.026,51.96,44.88
"2025-02-04 18:30:00",13268,12.71,402,0,-0.014,-0.2,0.04,-0.018,0.003,-0.025,-0.028,53.46,44.06
"2025-02-04 19:00:00",13269,12.71,402,0,-0.006,-0.08,0,-0.008,0,-0.014,-0.028,55.01,44.63
"2025-02-04 19:30:00",13270,12.7,402,0,-0.03,-0.26,-0.1,-0.023,-0.01,-0.025,-0.037,54.55,44.73
"2025-02-04 20:00:00",13271,12.7,402,0,-0.037,-0.31,-0.14,-0.029,-0.013,-0.032,-0.042,54.25,44.85
"2025-02-04 20:30:00",13272,12.69,402,0,-0.017,-0.08,-0.14,-0.008,-0.013,-0.015,-0.04,54.67,44.85
"2025-02-04 21:00:00",13273,12.69,402,0,-0.029,-0.22,-0.13,-0.02,-0.013,-0.024,-0.042,54.23,44.83
"2025-02-04 21:30:00",13274,12.69,402,0,-0.034,-0.28,-0.13,-0.026,-0.013,-0.029,-0.042,53.78,44.79
"2025-02-04 22:00:00",13275,12.69,402,0,-0.031,-0.25,-0.13,-0.023,-0.013,-0.027,-0.042,53.59,45.68
"2025-02-04 22:30:00",13276,12.68,402,0,-0.04,-0.31,-0.17,-0.028,-0.016,-0.029,-0.04,53.83,45.09
"2025-02-04 23:00:00",13277,12.68,402,0,-0.029,-0.19,-0.17,-0.018,-0.016,-0.025,-0.04,53.47,44.31
"2025-02-04 23:30:00",13278,12.67,402,0,-0.032,-0.22,-0.17,-0.021,-0.016,-0.025,-0.04,55.97,44.92
"2025-02-05 00:00:00",13279,12.67,402,0,-0.028,-0.18,-0.17,-0.017,-0.016,-0.021,-0.042,56.36,45.15
"2025-02-05 00:30:00",13280,12.66,402,0,-0.036,-0.24,-0.2,-0.022,-0.019,-0.024,-0.042,56.14,46.73
"2025-02-05 01:00:00",13281,12.66,402,0,-0.033,-0.21,-0.2,-0.02,-0.019,-0.024,-0.044,55.16,46.82
"2025-02-05 01:30:00",13282,12.66,402,0,-0.045,-0.34,-0.2,-0.031,-0.019,-0.034,-0.045,54.05,46.38
"2025-02-05 02:00:00",13283,12.66,402,0,-0.029,-0.19,-0.17,-0.018,-0.016,-0.027,-0.04,53.27,44.78
"2025-02-05 02:30:00",13284,12.66,402,0,-0.04,-0.28,-0.21,-0.025,-0.019,-0.029,-0.046,54.47,45.31
"2025-02-05 03:00:00",13285,12.65,402,0,-0.028,-0.28,-0.06,-0.025,-0.006,-0.031,-0.034,53.45,44.86
"2025-02-05 03:30:00",13286,12.65,402,0,-0.04,-0.25,-0.24,-0.023,-0.022,-0.027,-0.045,54.06,44.9
"2025-02-05 04:00:00",13287,12.65,402,0,-0.047,-0.3,-0.27,-0.027,-0.025,-0.034,-0.047,54.06,44.91
"2025-02-05 04:30:00",13288,12.65,402,0,-0.055,-0.39,-0.27,-0.035,-0.025,-0.036,-0.047,54.06,45.73
"2025-02-05 05:00:00",13289,12.64,402,0,-0.039,-0.28,-0.2,-0.025,-0.019,-0.031,-0.045,53.95,44.79
"2025-02-05 05:30:00",13290,12.64,402,0,-0.046,-0.28,-0.28,-0.026,-0.025,-0.029,-0.048,54.68,45.36
"2025-02-05 06:00:00",13291,12.64,402,0,-0.014,-0.02,-0.17,-0.002,-0.016,-0.012,-0.042,57.31,45.52
"2025-02-05 06:30:00",13292,12.64,402,0,-0.037,-0.23,-0.23,-0.021,-0.021,-0.025,-0.043,57.32,48.16
"2025-02-05 07:00:00",13293,12.64,402,0,-0.041,-0.24,-0.26,-0.022,-0.024,-0.026,-0.046,56.51,46.12
"2025-02-05 07:30:00",13294,12.63,402,0,-0.037,-0.23,-0.23,-0.022,-0.021,-0.026,-0.044,56.62,46.64
"2025-02-05 08:00:00",13295,12.63,402,0,-0.037,-0.29,-0.16,-0.026,-0.015,-0.026,-0.038,55.2,47.27
"2025-02-05 08:30:00",13296,12.64,402,0,-0.032,-0.23,-0.16,-0.022,-0.015,-0.025,-0.038,57.35,45.98
"2025-02-05 09:00:00",13297,12.64,402,0,-0.027,-0.18,-0.16,-0.017,-0.015,-0.021,-0.038,56.19,46.63
"2025-02-05 09:30:00",13298,12.64,402,0,-0.021,-0.2,-0.06,-0.019,-0.006,-0.023,-0.035,55.95,47.05
"2025-02-05 10:00:00",13299,12.64,402,0,-0.007,-0.09,0,-0.009,0,-0.016,-0.024,58.46,48.22
"2025-02-05 10:30:00",13300,12.65,402,0,0,-0.04,0.03,-0.005,0.003,-0.014,-0.027,58,47.61
"2025-02-05 11:00:00",13301,12.64,402,0,-0.002,-0.1,0.07,-0.009,0.006,-0.014,-0.024,56.07,47.74
"2025-02-05 11:30:00",13302,12.65,402,0,0,-0.04,0.03,-0.005,0.003,-0.009,-0.027,57.2,47.8
"2025-02-05 12:00:00",13303,12.65,402,0,-0.013,-0.16,0,-0.015,0,-0.019,-0.03,56.29,45.75
"2025-02-05 12:30:00",13304,12.65,402,0,-0.011,-0.13,0,-0.012,0,-0.021,-0.03,56.32,47.17
"2025-02-05 13:00:00",13305,12.65,402,0,-0.017,-0.18,-0.02,-0.017,-0.003,-0.021,-0.027,56.8,46
"2025-02-05 13:30:00",13306,12.65,402,0,-0.022,-0.18,-0.09,-0.017,-0.009,-0.023,-0.035,55.67,45.28
"2025-02-05 14:00:00",13307,12.65,402,0,-0.015,-0.1,-0.09,-0.01,-0.009,-0.016,-0.035,55.73,46.98
"2025-02-05 14:30:00",13308,12.65,402,0,-0.036,-0.31,-0.12,-0.028,-0.012,-0.032,-0.032,56.33,46.92
"2025-02-05 15:00:00",13309,12.65,402,0,-0.032,-0.29,-0.09,-0.027,-0.009,-0.028,-0.032,56.38,46.41
"2025-02-05 15:30:00",13310,12.65,402,0,-0.017,-0.15,-0.06,-0.014,-0.006,-0.023,-0.032,56.35,46.95
"2025-02-05 16:00:00",13311,12.65,402,0,-0.025,-0.24,-0.06,-0.022,-0.006,-0.031,-0.03,55.96,46.56
"2025-02-05 16:30:00",13312,12.64,402,0,-0.022,-0.21,-0.06,-0.02,-0.006,-0.021,-0.033,55.14,45.74
"2025-02-05 17:00:00",13313,12.65,402,0,-0.03,-0.21,-0.16,-0.019,-0.015,-0.028,-0.038,55.66,45.69
"2025-02-05 17:30:00",13314,12.65,402,0,-0.035,-0.24,-0.19,-0.022,-0.018,-0.028,-0.046,54.56,45.83
"2025-02-05 18:00:00",13315,12.64,402,0,-0.041,-0.27,-0.23,-0.024,-0.021,-0.031,-0.046,55.71,45.74
"2025-02-05 18:30:00",13316,12.64,402,0,-0.043,-0.29,-0.23,-0.027,-0.021,-0.028,-0.043,54.74,46.41
"2025-02-05 19:00:00",13317,12.64,402,0,-0.043,-0.29,-0.23,-0.027,-0.021,-0.031,-0.046,55.26,46.52
"2025-02-05 19:30:00",13318,12.63,402,0,-0.046,-0.3,-0.26,-0.027,-0.024,-0.028,-0.044,55.4,46
"2025-02-05 20:00:00",13319,12.64,402,0,-0.041,-0.24,-0.27,-0.022,-0.024,-0.028,-0.049,55.45,46.46
"2025-02-05 20:30:00",13320,12.63,402,0,-0.046,-0.3,-0.26,-0.027,-0.024,-0.028,-0.047,54.73,46.82
"2025-02-05 21:00:00",13321,12.63,402,0,-0.041,-0.27,-0.23,-0.025,-0.021,-0.026,-0.047,55.95,47.22
"2025-02-05 21:30:00",13322,12.63,402,0,-0.051,-0.32,-0.3,-0.029,-0.027,-0.031,-0.047,55.5,45.69
"2025-02-05 22:00:00",13323,12.62,402,0,-0.051,-0.32,-0.3,-0.03,-0.027,-0.031,-0.049,55.66,45.84
"2025-02-05 22:30:00",13324,12.63,402,0,-0.044,-0.27,-0.27,-0.025,-0.024,-0.026,-0.049,55.98,46.83
"2025-02-05 23:00:00",13325,12.63,402,0,-0.048,-0.32,-0.27,-0.029,-0.024,-0.033,-0.05,56.08,45.28
"2025-02-05 23:30:00",13326,12.63,402,0,-0.046,-0.29,-0.27,-0.027,-0.024,-0.028,-0.047,55.82,46.52
"2025-02-06 00:00:00",13327,12.62,402,0,-0.046,-0.27,-0.3,-0.025,-0.027,-0.028,-0.05,55.57,45.44
"2025-02-06 00:30:00",13328,12.62,402,0,-0.044,-0.27,-0.27,-0.025,-0.024,-0.026,-0.044,56,46.02
"2025-02-06 01:00:00",13329,12.62,402,0,-0.044,-0.27,-0.27,-0.025,-0.024,-0.026,-0.047,55.13,45.97
"2025-02-06 01:30:00",13330,12.62,402,0,-0.046,-0.27,-0.3,-0.025,-0.027,-0.031,-0.047,55.3,46.14
"2025-02-06 02:00:00",13331,12.62,402,0,-0.048,-0.29,-0.3,-0.027,-0.027,-0.033,-0.05,55.28,46.79
"2025-02-06 02:30:00",13332,12.62,402,0,-0.045,-0.29,-0.26,-0.027,-0.024,-0.028,-0.044,55.63,46.07
"2025-02-06 03:00:00",13333,12.61,402,0,-0.041,-0.27,-0.23,-0.025,-0.021,-0.026,-0.041,56.6,46.63
"2025-02-06 03:30:00",13334,12.61,402,0,-0.041,-0.27,-0.23,-0.024,-0.021,-0.028,-0.047,55.63,46.48
"2025-02-06 04:00:00",13335,12.61,402,0,-0.041,-0.24,-0.26,-0.022,-0.024,-0.026,-0.049,56.05,46.9
"2025-02-06 04:30:00",13336,12.61,402,0,-0.043,-0.29,-0.23,-0.027,-0.021,-0.031,-0.044,56.71,46.32
"2025-02-06 05:00:00",13337,12.61,402,0,-0.041,-0.24,-0.26,-0.022,-0.024,-0.026,-0.047,55.68,46.12
"2025-02-06 05:30:00",13338,12.61,402,0,-0.053,-0.32,-0.33,-0.029,-0.03,-0.031,-0.052,56.15,47.41
"2025-02-06 06:00:00",13339,12.61,402,0,-0.045,-0.29,-0.26,-0.027,-0.024,-0.028,-0.047,56.64,46.1
"2025-02-06 06:30:00",13340,12.61,402,0,-0.048,-0.32,-0.26,-0.029,-0.024,-0.028,-0.046,55.06,47.15
"2025-02-06 07:00:00",13341,12.61,402,0,-0.056,-0.35,-0.33,-0.032,-0.03,-0.035,-0.049,56.6,46.78
"2025-02-06 07:30:00",13342,12.61,402,0,-0.054,-0.37,-0.29,-0.034,-0.027,-0.037,-0.049,56.25,46.68
"2025-02-06 08:00:00",13343,12.61,402,0,-0.05,-0.32,-0.29,-0.029,-0.027,-0.03,-0.049,56.14,45.6
"2025-02-06 08:30:00",13344,12.61,402,0,-0.05,-0.35,-0.26,-0.032,-0.024,-0.033,-0.046,56.94,46.15
"2025-02-06 09:00:00",13345,12.61,402,0,-0.034,-0.2,-0.22,-0.019,-0.021,-0.025,-0.046,57.71,47.32
"2025-02-06 09:30:00",13346,12.61,402,0,-0.047,-0.29,-0.29,-0.027,-0.027,-0.03,-0.049,56.41,45.87
"2025-02-06 10:00:00",13347,12.61,402,0,-0.039,-0.23,-0.25,-0.021,-0.023,-0.025,-0.045,57.72,46.77
"2025-02-06 10:30:00",13348,12.61,402,0,-0.072,-0.58,-0.28,-0.052,-0.026,-0.052,-0.048,55.66,47.9
"2025-02-06 11:00:00",13349,12.61,402,0,-0.046,-0.28,-0.28,-0.026,-0.026,-0.027,-0.042,57.27,46.88
"2025-02-06 11:30:00",13350,12.61,402,0,-0.054,-0.39,-0.26,-0.035,-0.024,-0.039,-0.041,56.18,46.77
"2025-02-06 12:00:00",13351,12.61,402,0,-0.027,-0.18,-0.15,-0.017,-0.015,-0.021,-0.035,58.04,46.83
"2025-02-06 12:30:00",13352,12.61,402,0,-0.078,-0.58,-0.35,-0.052,-0.032,-0.05,-0.049,56.48,47.59
"2025-02-06 13:00:00",13353,12.61,402,0,-0.037,-0.19,-0.27,-0.017,-0.024,-0.024,-0.047,55.93,46.93
"2025-02-06 13:30:00",13354,12.61,402,0,-0.027,-0.16,-0.18,-0.015,-0.017,-0.017,-0.039,61.86,48.86
"2025-02-06 14:00:00",13355,12.61,402,0,-0.057,-0.47,-0.21,-0.043,-0.02,-0.046,-0.042,56.19,48.84
"2025-02-06 14:30:00",13356,12.62,402,0,-0.043,-0.27,-0.26,-0.025,-0.024,-0.028,-0.046,56.1,47.36
"2025-02-06 15:00:00",13357,12.61,402,0,-0.052,-0.41,-0.22,-0.037,-0.021,-0.038,-0.041,56.32,46.51
"2025-02-06 15:30:00",13358,12.61,402,0,-0.04,-0.32,-0.16,-0.029,-0.015,-0.033,-0.038,57.81,46.47
"2025-02-06 16:00:00",13359,12.61,402,0,-0.043,-0.29,-0.23,-0.027,-0.021,-0.031,-0.044,57.09,46.57
"2025-02-06 16:30:00",13360,12.61,402,0,-0.052,-0.43,-0.19,-0.039,-0.018,-0.043,-0.041,54.97,45.98
"2025-02-06 17:00:00",13361,12.61,402,0,-0.039,-0.31,-0.16,-0.028,-0.015,-0.034,-0.042,54.7,45.56
"2025-02-06 17:30:00",13362,12.61,402,0,-0.047,-0.29,-0.28,-0.027,-0.026,-0.033,-0.051,54.36,45.21
"2025-02-06 18:00:00",13363,12.61,402,0,-0.048,-0.34,-0.24,-0.031,-0.022,-0.035,-0.048,53.71,45.64
"2025-02-06 18:30:00",13364,12.61,402,0,-0.054,-0.34,-0.32,-0.031,-0.029,-0.037,-0.051,53.93,45.03
"2025-02-06 19:00:00",13365,12.61,402,0,-0.054,-0.37,-0.28,-0.033,-0.025,-0.037,-0.051,54.44,45.13
"2025-02-06 19:30:00",13366,12.6,402,0,-0.052,-0.33,-0.31,-0.03,-0.028,-0.032,-0.051,54.88,45.47
"2025-02-06 20:00:00",13367,12.6,402,0,-0.051,-0.34,-0.28,-0.031,-0.025,-0.034,-0.048,54.88,46.39
"2025-02-06 20:30:00",13368,12.6,402,0,-0.054,-0.37,-0.28,-0.033,-0.025,-0.037,-0.048,54.82,46.23
"2025-02-06 21:00:00",13369,12.59,402,0,-0.052,-0.36,-0.27,-0.033,-0.025,-0.037,-0.045,55.72,45.74
"2025-02-06 21:30:00",13370,12.59,402,0,-0.049,-0.33,-0.27,-0.03,-0.025,-0.034,-0.048,55.01,46.68
"2025-02-06 22:00:00",13371,12.59,402,0,-0.041,-0.24,-0.27,-0.022,-0.025,-0.026,-0.045,55.56,45.74
"2025-02-06 22:30:00",13372,12.59,402,0,-0.042,-0.35,-0.16,-0.032,-0.015,-0.033,-0.036,55.57,46.83
"2025-02-06 23:00:00",13373,12.58,402,0,-0.046,-0.35,-0.2,-0.031,-0.018,-0.035,-0.039,56.19,46.47
"2025-02-06 23:30:00",13374,12.59,402,0,-0.045,-0.35,-0.19,-0.032,-0.018,-0.033,-0.038,56.62,46.08
"2025-02-07 00:00:00",13375,12.59,402,0,-0.051,-0.32,-0.3,-0.029,-0.027,-0.031,-0.047,56.85,45.9
"2025-02-07 00:30:00",13376,12.59,402,0,-0.054,-0.33,-0.33,-0.03,-0.03,-0.036,-0.05,55.87,47.13
"2025-02-07 01:00:00",13377,12.59,402,0,-0.053,-0.35,-0.3,-0.032,-0.027,-0.036,-0.047,56.16,46.19
"2025-02-07 01:30:00",13378,12.59,402,0,-0.047,-0.29,-0.29,-0.027,-0.027,-0.028,-0.047,58.72,46.85
"2025-02-07 02:00:00",13379,12.59,402,0,-0.042,-0.26,-0.26,-0.024,-0.024,-0.03,-0.043,57.14,47.58
"2025-02-07 02:30:00",13380,12.58,402,0,-0.047,-0.31,-0.26,-0.029,-0.024,-0.033,-0.046,56.64,47.24
"2025-02-07 03:00:00",13381,12.58,402,0,-0.05,-0.32,-0.29,-0.03,-0.027,-0.036,-0.046,56.23,46.52
"2025-02-07 03:30:00",13382,12.59,402,0,-0.03,-0.12,-0.26,-0.012,-0.024,-0.019,-0.046,58.33,47.53
"2025-02-07 04:00:00",13383,12.59,402,0,-0.057,-0.39,-0.3,-0.035,-0.027,-0.036,-0.047,55.04,46.14
"2025-02-07 04:30:00",13384,12.59,402,0,-0.054,-0.42,-0.23,-0.038,-0.022,-0.041,-0.045,55.61,46.86
"2025-02-07 05:00:00",13385,12.59,402,0,-0.043,-0.29,-0.23,-0.027,-0.021,-0.031,-0.041,57.68,45.91
"2025-02-07 05:30:00",13386,12.59,402,0,-0.058,-0.43,-0.27,-0.039,-0.025,-0.043,-0.048,54.43,46.35
"2025-02-07 06:00:00",13387,12.58,402,0,-0.054,-0.35,-0.31,-0.032,-0.029,-0.035,-0.051,53.93,45.34
"2025-02-07 06:30:00",13388,12.58,402,0,-0.047,-0.28,-0.3,-0.026,-0.027,-0.028,-0.047,58.27,46.24
"2025-02-07 07:00:00",13389,12.58,402,0,-0.051,-0.31,-0.31,-0.028,-0.028,-0.032,-0.048,54.62,45.06
"2025-02-07 07:30:00",13390,12.58,402,0,-0.029,-0.16,-0.2,-0.015,-0.019,-0.024,-0.045,56.91,45.55
"2025-02-07 08:00:00",13391,12.58,402,0,-0.046,-0.3,-0.26,-0.027,-0.024,-0.034,-0.044,57.47,45.85
"2025-02-07 08:30:00",13392,12.58,402,0,-0.011,-0.13,0,-0.012,0,-0.019,-0.031,57.9,46.69
"2025-02-07 09:00:00",13393,12.57,402,0,-0.013,-0.16,0,-0.015,0,-0.024,-0.039,55.89,46.32
"2025-02-07 09:30:00",13394,12.57,402,0,0.008,-0.1,0.21,-0.01,0.018,-0.012,-0.014,56.52,46.96
"2025-02-07 10:00:00",13395,12.58,402,0,0.041,0.05,0.47,0.005,0.041,-0.002,0.003,58.45,46.99
"2025-02-07 10:30:00",13396,12.58,402,0,0.076,0.11,0.85,0.01,0.075,-0.002,0.024,61.31,48.88
"2025-02-07 11:00:00",13397,12.58,402,0,0.116,0.38,1.05,0.033,0.093,0.019,0.043,58.28,52.02
"2025-02-07 11:30:00",13398,12.58,402,0,0.152,0.4,1.49,0.036,0.132,0.028,0.077,58.77,51.02
"2025-02-07 12:00:00",13399,12.58,402,0,0.159,0.47,1.5,0.041,0.133,0.034,0.065,57.46,51.2
"2025-02-07 12:30:00",13400,12.58,402,0,0.177,0.46,1.75,0.041,0.155,0.029,0.08,57.53,51.27
"2025-02-07 13:00:00",13401,12.58,402,0,0.162,0.5,1.51,0.044,0.134,0.028,0.061,57.39,48.25
"2025-02-07 13:30:00",13402,12.58,402,0,0.195,0.75,1.65,0.067,0.146,0.051,0.072,58.32,50.41
"2025-02-07 14:00:00",13403,12.59,402,0,0.141,0.28,1.49,0.025,0.132,0.014,0.067,53.32,49.52
"2025-02-07 14:30:00",13404,12.58,402,0,0.167,0.57,1.49,0.05,0.132,0.036,0.073,55.93,48.69
"2025-02-07 15:00:00",13405,12.58,402,0,0.16,0.51,1.47,0.045,0.13,0.029,0.066,53.82,48.23
"2025-02-07 15:30:00",13406,12.58,402,0,0.148,0.5,1.33,0.044,0.118,0.026,0.046,54.88,47.23
"2025-02-07 16:00:00",13407,12.58,402,0,0.12,0.31,1.18,0.027,0.105,0.017,0.046,56.16,48.25
"2025-02-07 16:30:00",13408,12.58,402,0,0.108,0.35,0.98,0.031,0.087,0.015,0.033,55.11,47.77
"2025-02-07 17:00:00",13409,12.58,402,0,0.066,0.09,0.74,0.008,0.066,-0.002,0.014,54.43,45.7
"2025-02-07 17:30:00",13410,12.58,402,0,0.034,0,0.44,0,0.039,-0.01,-0.003,53.3,45.54
"2025-02-07 18:00:00",13411,12.57,402,0,0.012,-0.08,0.25,-0.008,0.023,-0.015,-0.014,55.08,45.37
"2025-02-07 18:30:00",13412,12.57,402,0,-0.003,-0.11,0.07,-0.011,0.006,-0.018,-0.029,54.59,45.03
"2025-02-07 19:00:00",13413,12.56,402,0,-0.016,-0.17,-0.03,-0.016,-0.003,-0.02,-0.035,53.02,44.85
"2025-02-07 19:30:00",13414,12.56,402,0,-0.016,-0.17,-0.03,-0.016,-0.003,-0.022,-0.032,53.4,44.66
"2025-02-07 20:00:00",13415,12.55,402,0,-0.032,-0.29,-0.1,-0.026,-0.01,-0.03,-0.037,54.55,45.14
"2025-02-07 20:30:00",13416,12.55,402,0,-0.037,-0.27,-0.18,-0.025,-0.017,-0.031,-0.041,53.85,44.95
"2025-02-07 21:00:00",13417,12.55,402,0,-0.033,-0.26,-0.14,-0.024,-0.013,-0.03,-0.038,53.71,44.81
"2025-02-07 21:30:00",13418,12.54,402,0,-0.031,-0.2,-0.18,-0.018,-0.016,-0.022,-0.041,55.53,45.13
"2025-02-07 22:00:00",13419,12.54,402,0,-0.034,-0.25,-0.17,-0.023,-0.016,-0.027,-0.041,54.27,45.52
"2025-02-07 22:30:00",13420,12.54,402,0,-0.032,-0.25,-0.14,-0.023,-0.013,-0.027,-0.041,55.26,45.12
"2025-02-07 23:00:00",13421,12.53,402,0,-0.034,-0.31,-0.1,-0.028,-0.01,-0.03,-0.031,54.21,46.28
"2025-02-07 23:30:00",13422,12.53,402,0,-0.04,-0.28,-0.21,-0.026,-0.019,-0.029,-0.045,54.14,45.39
"2025-02-08 00:00:00",13423,12.52,402,0,-0.043,-0.28,-0.24,-0.026,-0.022,-0.03,-0.043,54.5,44.77
"2025-02-08 00:30:00",13424,12.52,402,0,-0.044,-0.3,-0.24,-0.028,-0.022,-0.031,-0.042,55.59,45.76
"2025-02-08 01:00:00",13425,12.52,402,0,-0.034,-0.25,-0.17,-0.023,-0.016,-0.029,-0.04,55.8,45.4
"2025-02-08 01:30:00",13426,12.52,402,0,-0.04,-0.28,-0.21,-0.026,-0.019,-0.03,-0.046,54.62,46.12
"2025-02-08 02:00:00",13427,12.51,402,0,-0.043,-0.28,-0.24,-0.026,-0.022,-0.03,-0.049,54.5,45.49
"2025-02-08 02:30:00",13428,12.51,402,0,-0.044,-0.32,-0.21,-0.029,-0.019,-0.033,-0.043,54.2,44.47
"2025-02-08 03:00:00",13429,12.51,402,0,-0.034,-0.25,-0.17,-0.023,-0.016,-0.027,-0.04,55.29,44.89
"2025-02-08 03:30:00",13430,12.51,402,0,-0.036,-0.24,-0.2,-0.022,-0.019,-0.027,-0.045,56.36,46.79
"2025-02-08 04:00:00",13431,12.51,402,0,-0.04,-0.26,-0.23,-0.024,-0.021,-0.026,-0.042,57.75,47.35
"2025-02-08 04:30:00",13432,12.51,402,0,-0.044,-0.27,-0.27,-0.025,-0.025,-0.029,-0.048,56.02,46.59
"2025-02-08 05:00:00",13433,12.51,402,0,-0.039,-0.27,-0.2,-0.025,-0.018,-0.031,-0.042,56.94,46.12
"2025-02-08 05:30:00",13434,12.51,402,0,-0.044,-0.27,-0.27,-0.025,-0.025,-0.029,-0.045,55.93,45.95
"2025-02-08 06:00:00",13435,12.51,402,0,-0.05,-0.34,-0.27,-0.031,-0.025,-0.035,-0.048,54.28,45.79
"2025-02-08 06:30:00",13436,12.5,402,0,-0.045,-0.32,-0.23,-0.03,-0.022,-0.031,-0.045,56.6,46.62
"2025-02-08 07:00:00",13437,12.51,402,0,-0.047,-0.3,-0.27,-0.027,-0.025,-0.031,-0.045,55.82,46.66
"2025-02-08 07:30:00",13438,12.51,402,0,-0.041,-0.27,-0.23,-0.025,-0.022,-0.029,-0.042,55.56,47.79
"2025-02-08 08:00:00",13439,12.51,402,0,-0.036,-0.24,-0.2,-0.022,-0.018,-0.024,-0.045,57.31,46.92
"2025-02-08 08:30:00",13440,12.51,402,0,-0.027,-0.18,-0.16,-0.017,-0.015,-0.023,-0.039,57.39,46.33
"2025-02-08 09:00:00",13441,12.51,402,0,-0.025,-0.15,-0.16,-0.015,-0.015,-0.019,-0.033,57.49,46.94
"2025-02-08 09:30:00",13442,12.51,402,0,-0.028,-0.21,-0.13,-0.019,-0.012,-0.026,-0.036,57.08,46.95
"2025-02-08 10:00:00",13443,12.51,402,0,-0.028,-0.19,-0.16,-0.018,-0.015,-0.024,-0.036,55.34,47.42
"2025-02-08 10:30:00",13444,12.51,402,0,-0.039,-0.4,-0.06,-0.036,-0.006,-0.042,-0.033,54.58,46.51
"2025-02-08 11:00:00",13445,12.51,402,0,-0.01,-0.05,-0.09,-0.005,-0.009,-0.012,-0.036,55.41,46.11
"2025-02-08 11:30:00",13446,12.51,402,0,-0.04,-0.32,-0.16,-0.029,-0.015,-0.031,-0.039,55.08,47.16
"2025-02-08 12:00:00",13447,12.52,402,0,-0.026,-0.19,-0.13,-0.018,-0.012,-0.024,-0.039,56.42,46.7
"2025-02-08 12:30:00",13448,12.51,402,0,-0.041,-0.27,-0.23,-0.025,-0.022,-0.029,-0.045,55.31,47.39
"2025-02-08 13:00:00",13449,12.51,402,0,-0.03,-0.15,-0.23,-0.015,-0.021,-0.019,-0.041,56.94,47.38
"2025-02-08 13:30:00",13450,12.51,402,0,-0.029,-0.1,-0.27,-0.01,-0.025,-0.017,-0.048,55.54,46.54
"2025-02-08 14:00:00",13451,12.51,402,0,-0.07,-0.57,-0.26,-0.051,-0.024,-0.052,-0.047,54.7,47.6
"2025-02-08 14:30:00",13452,12.51,402,0,-0.044,-0.27,-0.27,-0.025,-0.025,-0.029,-0.042,56.37,47.37
"2025-02-08 15:00:00",13453,12.5,402,0,-0.062,-0.47,-0.27,-0.042,-0.024,-0.041,-0.042,54.92,45.76
"2025-02-08 15:30:00",13454,12.51,402,0,-0.049,-0.36,-0.23,-0.032,-0.022,-0.036,-0.042,55.34,46.59
"2025-02-08 16:00:00",13455,12.5,402,0,-0.044,-0.27,-0.27,-0.025,-0.025,-0.029,-0.045,54.77,46.03
"2025-02-08 16:30:00",13456,12.5,402,0,-0.047,-0.3,-0.27,-0.028,-0.025,-0.031,-0.042,55.08,46.75
"2025-02-08 17:00:00",13457,12.5,402,0,-0.052,-0.33,-0.3,-0.03,-0.028,-0.032,-0.048,55.28,46.7
"2025-02-08 17:30:00",13458,12.5,402,0,-0.044,-0.3,-0.23,-0.027,-0.022,-0.031,-0.042,55.33,46.02
"2025-02-08 18:00:00",13459,12.5,402,0,-0.049,-0.3,-0.3,-0.028,-0.028,-0.031,-0.048,55.53,46.94
"2025-02-08 18:30:00",13460,12.5,402,0,-0.047,-0.3,-0.27,-0.028,-0.025,-0.029,-0.045,55.99,46.69
"2025-02-08 19:00:00",13461,12.49,402,0,-0.049,-0.3,-0.3,-0.027,-0.028,-0.031,-0.045,55.53,45.4
"2025-02-08 19:30:00",13462,12.5,402,0,-0.046,-0.33,-0.23,-0.03,-0.022,-0.031,-0.045,56.01,45.61
"2025-02-08 20:00:00",13463,12.5,402,0,-0.049,-0.33,-0.27,-0.03,-0.025,-0.034,-0.045,56.07,45.69
"2025-02-08 20:30:00",13464,12.49,402,0,-0.049,-0.3,-0.3,-0.027,-0.028,-0.031,-0.05,56.29,45.65
"2025-02-08 21:00:00",13465,12.5,402,0,-0.049,-0.33,-0.27,-0.03,-0.025,-0.031,-0.045,55.87,45.33
"2025-02-08 21:30:00",13466,12.49,402,0,-0.047,-0.3,-0.27,-0.027,-0.025,-0.031,-0.045,56.46,45.66
"2025-02-08 22:00:00",13467,12.49,402,0,-0.048,-0.32,-0.27,-0.03,-0.025,-0.034,-0.047,55.51,46.52
"2025-02-08 22:30:00",13468,12.49,402,0,-0.051,-0.32,-0.3,-0.03,-0.027,-0.034,-0.05,55.89,47.3
"2025-02-08 23:00:00",13469,12.49,402,0,-0.053,-0.35,-0.3,-0.032,-0.027,-0.036,-0.05,56.81,47.24
"2025-02-08 23:30:00",13470,12.49,402,0,-0.051,-0.32,-0.3,-0.03,-0.027,-0.031,-0.05,56.08,46.26
"2025-02-09 00:00:00",13471,12.49,402,0,-0.051,-0.32,-0.3,-0.03,-0.027,-0.031,-0.047,56.58,47.17
"2025-02-09 00:30:00",13472,12.49,402,0,-0.051,-0.35,-0.27,-0.032,-0.024,-0.034,-0.044,56.38,46
"2025-02-09 01:00:00",13473,12.49,402,0,-0.052,-0.33,-0.3,-0.03,-0.027,-0.031,-0.047,56.34,46.78
"2025-02-09 01:30:00",13474,12.49,402,0,-0.049,-0.3,-0.3,-0.027,-0.027,-0.031,-0.044,56.29,46.88
"2025-02-09 02:00:00",13475,12.49,402,0,-0.043,-0.27,-0.26,-0.025,-0.024,-0.028,-0.05,55.67,46.52
"2025-02-09 02:30:00",13476,12.49,402,0,-0.056,-0.38,-0.3,-0.035,-0.027,-0.038,-0.047,55.9,46.74
"2025-02-09 03:00:00",13477,12.49,402,0,-0.052,-0.33,-0.3,-0.03,-0.027,-0.031,-0.047,55.28,46.28
"2025-02-09 03:30:00",13478,12.49,402,0,-0.049,-0.36,-0.23,-0.032,-0.021,-0.034,-0.044,55.6,46.86
"2025-02-09 04:00:00",13479,12.49,402,0,-0.047,-0.3,-0.27,-0.027,-0.024,-0.031,-0.047,55.26,45.7
"2025-02-09 04:30:00",13480,12.48,402,0,-0.048,-0.32,-0.27,-0.03,-0.024,-0.031,-0.047,56.05,45.66
"2025-02-09 05:00:00",13481,12.49,402,0,-0.048,-0.32,-0.26,-0.029,-0.024,-0.031,-0.044,55.96,46.24
"2025-02-09 05:30:00",13482,12.49,402,0,-0.058,-0.38,-0.33,-0.034,-0.03,-0.036,-0.052,56.98,46.85
"2025-02-09 06:00:00",13483,12.48,402,0,-0.048,-0.32,-0.26,-0.03,-0.024,-0.033,-0.047,56.22,46.65
"2025-02-09 06:30:00",13484,12.49,402,0,-0.051,-0.32,-0.3,-0.029,-0.027,-0.033,-0.044,55.19,46.03
"2025-02-09 07:00:00",13485,12.48,402,0,-0.05,-0.41,-0.19,-0.037,-0.018,-0.041,-0.042,56.68,46.29
"2025-02-09 07:30:00",13486,12.48,402,0,-0.046,-0.39,-0.16,-0.035,-0.015,-0.034,-0.036,55.71,46.55
"2025-02-09 08:00:00",13487,12.48,402,0,-0.054,-0.42,-0.23,-0.038,-0.022,-0.039,-0.039,54.14,46.78
"2025-02-09 08:30:00",13488,12.48,402,0,-0.049,-0.36,-0.23,-0.033,-0.022,-0.034,-0.039,55.34,46.85
"2025-02-09 09:00:00",13489,12.48,402,0,-0.033,-0.27,-0.13,-0.025,-0.012,-0.029,-0.036,57.03,46.8
"2025-02-09 09:30:00",13490,12.48,402,0,-0.02,-0.24,0,-0.022,0,-0.026,-0.03,58.38,47.59
"2025-02-09 10:00:00",13491,12.48,402,0,0,-0.15,0.17,-0.014,0.015,-0.021,-0.027,60.59,49.13
"2025-02-09 10:30:00",13492,12.48,402,0,0.015,-0.07,0.27,-0.007,0.024,-0.012,-0.005,56.9,50.64
"2025-02-09 11:00:00",13493,12.48,402,0,0.038,0.08,0.4,0.007,0.035,-0.005,-0.016,58.35,49.61
"2025-02-09 11:30:00",13494,12.48,402,0,0.046,-0.11,0.71,-0.01,0.063,-0.015,0.011,54.23,48.36
"2025-02-09 12:00:00",13495,12.48,402,0,0.061,0.14,0.62,0.013,0.055,0,0.014,55.94,48.18
"2025-02-09 12:30:00",13496,12.48,402,0,0.105,0.36,0.93,0.032,0.082,0.019,0.022,59.44,47.57
"2025-02-09 13:00:00",13497,12.49,402,0,0.096,0.26,0.93,0.023,0.083,0.02,0.044,57.58,48.02
"2025-02-09 13:30:00",13498,12.48,402,0,0.091,0.25,0.88,0.022,0.078,0.014,0.03,58.84,50.11
"2025-02-09 14:00:00",13499,12.48,402,0,0.097,0.33,0.87,0.029,0.077,0.019,0.027,57.41,49.91
"2025-02-09 14:30:00",13500,12.49,402,0,0.091,0.25,0.88,0.022,0.078,0.016,0.03,55.26,49
"2025-02-09 15:00:00",13501,12.48,402,0,0.082,0.2,0.82,0.018,0.073,0.01,0.028,56.73,46.92
"2025-02-09 15:30:00",13502,12.48,402,0,0.084,0.25,0.79,0.023,0.07,0.017,0.028,56.51,47.21
"2025-02-09 16:00:00",13503,12.48,402,0,0.091,0.31,0.81,0.027,0.072,0.019,0.022,55.41,47.35
"2025-02-09 16:30:00",13504,12.48,402,0,0.027,-0.11,0.47,-0.011,0.042,-0.021,0.006,53.07,44.75
"2025-02-09 17:00:00",13505,12.48,402,0,0.035,-0.02,0.47,-0.003,0.042,-0.007,-0.003,54.59,45.85
"2025-02-09 17:30:00",13506,12.48,402,0,0.011,-0.11,0.26,-0.011,0.023,-0.013,-0.015,54.68,45.94
"2025-02-09 18:00:00",13507,12.47,402,0,-0.003,-0.11,0.07,-0.01,0.006,-0.015,-0.023,55.45,45.89
"2025-02-09 18:30:00",13508,12.47,402,0,-0.011,-0.14,0,-0.013,0,-0.021,-0.032,54.54,45.23
"2025-02-09 19:00:00",13509,12.47,402,0,-0.016,-0.17,-0.03,-0.016,-0.003,-0.023,-0.035,54.35,45.86
"2025-02-09 19:30:00",13510,12.46,402,0,-0.028,-0.2,-0.14,-0.018,-0.013,-0.023,-0.041,54.49,45.18
"2025-02-09 20:00:00",13511,12.46,402,0,-0.038,-0.29,-0.17,-0.026,-0.016,-0.028,-0.041,54.72,46.23
"2025-02-09 20:30:00",13512,12.46,402,0,-0.032,-0.22,-0.17,-0.021,-0.016,-0.025,-0.041,55.18,46.03
"2025-02-09 21:00:00",13513,12.45,402,0,-0.04,-0.28,-0.21,-0.026,-0.019,-0.03,-0.038,54.66,45.76
"2025-02-09 21:30:00",13514,12.45,402,0,-0.033,-0.23,-0.17,-0.021,-0.016,-0.025,-0.041,55.32,45.76
"2025-02-09 22:00:00",13515,12.45,402,0,-0.035,-0.26,-0.17,-0.024,-0.016,-0.028,-0.041,55.57,45.18
"2025-02-09 22:30:00",13516,12.44,402,0,-0.036,-0.23,-0.21,-0.021,-0.019,-0.025,-0.041,55.57,45.75
"2025-02-09 23:00:00",13517,12.45,402,0,-0.037,-0.28,-0.17,-0.026,-0.016,-0.027,-0.041,55.8,45.82
"2025-02-09 23:30:00",13518,12.44,402,0,-0.043,-0.28,-0.24,-0.026,-0.022,-0.027,-0.046,55.39,45.82
"2025-02-10 00:00:00",13519,12.44,402,0,-0.035,-0.19,-0.24,-0.018,-0.022,-0.022,-0.043,55.65,45.68
"2025-02-10 00:30:00",13520,12.44,402,0,-0.039,-0.3,-0.17,-0.028,-0.016,-0.029,-0.038,55.29,46.29
"2025-02-10 01:00:00",13521,12.44,402,0,-0.034,-0.28,-0.13,-0.025,-0.013,-0.032,-0.034,56.12,45.98
"2025-02-10 01:30:00",13522,12.44,402,0,-0.029,-0.25,-0.1,-0.023,-0.009,-0.029,-0.031,56.32,47.16
"2025-02-10 02:00:00",13523,12.44,402,0,-0.034,-0.28,-0.13,-0.025,-0.013,-0.027,-0.034,55.13,45.72
"2025-02-10 02:30:00",13524,12.44,402,0,-0.039,-0.28,-0.2,-0.025,-0.019,-0.029,-0.04,54.73,45.98
"2025-02-10 03:00:00",13525,12.43,402,0,-0.034,-0.22,-0.2,-0.02,-0.019,-0.027,-0.042,54.76,46.02
"2025-02-10 03:30:00",13526,12.43,402,0,-0.039,-0.28,-0.2,-0.025,-0.019,-0.029,-0.04,55.48,45.92
"2025-02-10 04:00:00",13527,12.43,402,0,-0.037,-0.25,-0.2,-0.023,-0.019,-0.029,-0.04,55.6,47.1
"2025-02-10 04:30:00",13528,12.43,402,0,-0.039,-0.28,-0.2,-0.025,-0.019,-0.029,-0.042,55.48,46.48
"2025-02-10 05:00:00",13529,12.43,402,0,-0.037,-0.22,-0.24,-0.02,-0.022,-0.025,-0.043,55.72,46.15
"2025-02-10 05:30:00",13530,12.43,402,0,-0.037,-0.28,-0.17,-0.026,-0.016,-0.029,-0.04,55.63,45.81
"2025-02-10 06:00:00",13531,12.43,402,0,-0.045,-0.31,-0.24,-0.028,-0.022,-0.029,-0.045,56.26,45.87
"2025-02-10 06:30:00",13532,12.43,402,0,-0.039,-0.28,-0.2,-0.025,-0.019,-0.032,-0.042,56.3,45.91
"2025-02-10 07:00:00",13533,12.43,402,0,-0.04,-0.25,-0.24,-0.023,-0.022,-0.027,-0.043,55.12,45.4
"2025-02-10 07:30:00",13534,12.42,402,0,-0.039,-0.3,-0.17,-0.028,-0.016,-0.029,-0.04,55.16,46.27
"2025-02-10 08:00:00",13535,12.43,402,0,-0.037,-0.22,-0.24,-0.02,-0.022,-0.025,-0.045,55.11,46.11
"2025-02-10 08:30:00",13536,12.43,402,0,-0.036,-0.24,-0.2,-0.022,-0.019,-0.027,-0.043,55.9,46.74
"2025-02-10 09:00:00",13537,12.42,402,0,-0.023,-0.16,-0.13,-0.015,-0.012,-0.019,-0.034,56.8,47.39
"2025-02-10 09:30:00",13538,12.42,402,0,0,-0.04,0.03,-0.005,0.003,-0.012,-0.025,59.3,48.35
"2025-02-10 10:00:00",13539,12.42,402,0,-0.003,-0.07,0.03,-0.007,0.003,-0.011,-0.024,61.52,49.49
"2025-02-10 10:30:00",13540,12.42,402,0,0.001,-0.1,0.13,-0.01,0.012,-0.014,-0.019,58.82,46.39
"2025-02-10 11:00:00",13541,12.42,402,0,0.007,-0.13,0.24,-0.012,0.021,-0.019,-0.011,56.35,47.88
"2025-02-10 11:30:00",13542,12.42,402,0,0.022,0.06,0.21,0.005,0.018,-0.005,-0.011,55.69,47.78
"2025-02-10 12:00:00",13543,12.43,402,0,0.009,-0.05,0.17,-0.005,0.015,-0.012,-0.017,54.31,47.88
"2025-02-10 12:30:00",13544,12.42,402,0,-0.002,-0.24,0.24,-0.022,0.021,-0.029,-0.014,54.21,48.76
"2025-02-10 13:00:00",13545,12.43,402,0,0.02,-0.07,0.34,-0.008,0.03,-0.012,-0.008,57.45,47.89
"2025-02-10 13:30:00",13546,12.43,402,0,0.004,-0.25,0.34,-0.023,0.03,-0.022,-0.008,55.19,48.93
"2025-02-10 14:00:00",13547,12.43,402,0,0.02,-0.14,0.41,-0.013,0.037,-0.015,-0.003,54.63,46.88
"2025-02-10 14:30:00",13548,12.43,402,0,0.034,0.14,0.28,0.013,0.025,0.002,-0.023,56.83,45.47
"2025-02-10 15:00:00",13549,12.43,402,0,0.012,-0.17,0.35,-0.016,0.031,-0.015,0,55.04,48.1
"2025-02-10 15:30:00",13550,12.43,402,0,0.002,-0.13,0.17,-0.012,0.015,-0.017,-0.017,57.34,47.36
"2025-02-10 16:00:00",13551,12.43,402,0,0.007,-0.12,0.22,-0.011,0.019,-0.021,-0.014,53.22,46.54
"2025-02-10 16:30:00",13552,12.42,402,0,0.022,0.03,0.25,0.003,0.023,-0.008,-0.014,55.93,45.81
"2025-02-10 17:00:00",13553,12.42,402,0,-0.003,-0.14,0.11,-0.013,0.01,-0.02,-0.023,54.3,45.98
"2025-02-10 17:30:00",13554,12.42,402,0,-0.015,-0.18,0,-0.016,0,-0.021,-0.03,53.36,45.03
"2025-02-10 18:00:00",13555,12.42,402,0,-0.018,-0.15,-0.07,-0.014,-0.007,-0.021,-0.036,53.08,45
"2025-02-10 18:30:00",13556,12.41,402,0,-0.023,-0.17,-0.11,-0.016,-0.01,-0.023,-0.039,53.69,44.69
"2025-02-10 19:00:00",13557,12.41,402,0,-0.027,-0.23,-0.1,-0.021,-0.01,-0.023,-0.038,53.34,44.44
"2025-02-10 19:30:00",13558,12.41,402,0,-0.033,-0.23,-0.18,-0.022,-0.017,-0.028,-0.047,54.04,44.72
"2025-02-10 20:00:00",13559,12.4,402,0,-0.042,-0.29,-0.22,-0.027,-0.02,-0.031,-0.047,54.52,44.54
"2025-02-10 20:30:00",13560,12.4,402,0,-0.042,-0.26,-0.25,-0.024,-0.023,-0.03,-0.047,54.33,45.99
"2025-02-10 21:00:00",13561,12.39,402,0,-0.042,-0.23,-0.29,-0.022,-0.027,-0.026,-0.048,54.18,45.02
"2025-02-10 21:30:00",13562,12.39,402,0,-0.05,-0.29,-0.33,-0.027,-0.03,-0.033,-0.053,54.96,45.54
"2025-02-10 22:00:00",13563,12.39,402,0,-0.066,-0.44,-0.36,-0.04,-0.033,-0.043,-0.056,54.62,45.19
"2025-02-10 22:30:00",13564,12.38,402,0,-0.058,-0.28,-0.44,-0.026,-0.04,-0.027,-0.059,55.16,45.18
"2025-02-10 23:00:00",13565,12.38,402,0,-0.064,-0.35,-0.44,-0.032,-0.04,-0.038,-0.06,53.94,44.78
"2025-02-10 23:30:00",13566,12.38,402,0,-0.047,-0.29,-0.29,-0.026,-0.027,-0.031,-0.051,53.94,44.77
"2025-02-11 00:00:00",13567,12.38,402,0,-0.048,-0.31,-0.28,-0.028,-0.026,-0.032,-0.047,55.89,46.17
"2025-02-11 00:30:00",13568,12.37,402,0,-0.035,-0.22,-0.21,-0.021,-0.02,-0.025,-0.047,56.21,46.07
"2025-02-11 01:00:00",13569,12.37,402,0,-0.047,-0.3,-0.27,-0.027,-0.025,-0.029,-0.046,57.13,47.71
"2025-02-11 01:30:00",13570,12.37,402,0,-0.052,-0.36,-0.27,-0.033,-0.025,-0.032,-0.049,56.91,47.59
"2025-02-11 02:00:00",13571,12.37,402,0,-0.071,-0.5,-0.35,-0.045,-0.032,-0.041,-0.052,55.79,46.21
"2025-02-11 02:30:00",13572,12.37,402,0,-0.042,-0.23,-0.29,-0.021,-0.026,-0.028,-0.047,54.6,45.44
"2025-02-11 03:00:00",13573,12.37,402,0,-0.052,-0.35,-0.28,-0.032,-0.026,-0.033,-0.05,54.02,46.09
"2025-02-11 03:30:00",13574,12.37,402,0,-0.05,-0.35,-0.25,-0.032,-0.023,-0.033,-0.047,55.24,45.4
"2025-02-11 04:00:00",13575,12.37,402,0,-0.046,-0.28,-0.28,-0.025,-0.026,-0.029,-0.046,56.26,47.25
"2025-02-11 04:30:00",13576,12.37,402,0,-0.163,-1.38,-0.54,-0.123,-0.049,-0.114,-0.057,57.68,47.85
"2025-02-11 05:00:00",13577,12.36,402,0,-0.042,-0.16,-0.37,-0.015,-0.033,-0.018,-0.056,55.38,44.31
"2025-02-11 05:30:00",13578,12.37,402,0,-0.034,-0.03,-0.41,-0.004,-0.037,-0.014,-0.063,57.58,43.48
"2025-02-11 06:00:00",13579,12.37,402,0,0.006,0.33,-0.3,0.029,-0.027,0.018,-0.054,54.44,43.63
"2025-02-11 06:30:00",13580,12.37,402,0,-0.022,0.08,-0.38,0.007,-0.034,0,-0.061,56.41,42.56
"2025-02-11 07:00:00",13581,12.37,402,0,-0.005,0.2,-0.3,0.018,-0.027,0.014,-0.058,57.68,43.58
"2025-02-11 07:30:00",13582,12.37,402,0,-0.005,0.2,-0.3,0.017,-0.027,0.017,-0.054,58.1,44.4
"2025-02-11 08:00:00",13583,12.36,402,0,-0.031,-0.03,-0.38,-0.004,-0.034,-0.011,-0.057,56.6,43.48
"2025-02-11 08:30:00",13584,12.37,402,0,-0.084,-0.36,-0.68,-0.033,-0.061,-0.044,-0.077,53.73,41.94
"2025-02-11 09:00:00",13585,12.36,402,0,-0.106,-0.55,-0.74,-0.05,-0.066,-0.073,-0.08,48.25,39.92
"2025-02-11 09:30:00",13586,12.37,402,0,0.033,0.63,-0.29,0.055,-0.026,0.041,-0.05,46.13,41.09
"2025-02-11 10:00:00",13587,12.36,402,0,0.066,0.68,0.08,0.06,0.007,0.047,-0.027,51.22,43.71
"2025-02-11 10:30:00",13588,12.37,402,0,-0.003,0.08,-0.14,0.007,-0.013,-0.005,-0.038,57.82,45.38
"2025-02-11 11:00:00",13589,12.37,402,0,-0.003,-0.13,0.1,-0.012,0.009,-0.019,-0.023,57.94,47.71
"2025-02-11 11:30:00",13590,12.37,402,0,0,-0.04,0.03,-0.005,0.003,-0.012,-0.025,57.17,48.69
"2025-02-11 12:00:00",13591,12.37,402,0,-0.005,-0.13,0.07,-0.012,0.006,-0.017,-0.022,58.86,49.29
"2025-02-11 12:30:00",13592,12.37,402,0,-0.008,-0.16,0.07,-0.015,0.006,-0.024,-0.022,55.63,46.89
"2025-02-11 13:00:00",13593,12.38,402,0,0.001,-0.05,0.07,-0.005,0.006,-0.012,-0.022,58.85,47.9
"2025-02-11 13:30:00",13594,12.38,402,0,-0.015,-0.16,-0.02,-0.015,-0.003,-0.02,-0.028,56.31,47.56
"2025-02-11 14:00:00",13595,12.38,402,0,-0.027,-0.26,-0.06,-0.024,-0.006,-0.025,-0.034,55.22,47.31
"2025-02-11 14:30:00",13596,12.38,402,0,-0.035,-0.26,-0.17,-0.024,-0.016,-0.028,-0.044,54.25,44.94
"2025-02-11 15:00:00",13597,12.37,402,0,-0.038,-0.25,-0.21,-0.023,-0.019,-0.03,-0.046,54.99,46.08
"2025-02-11 15:30:00",13598,12.37,402,0,-0.045,-0.31,-0.24,-0.028,-0.022,-0.032,-0.043,54.49,46.41
"2025-02-11 16:00:00",13599,12.37,402,0,-0.045,-0.31,-0.24,-0.028,-0.022,-0.032,-0.043,55.29,46.54
"2025-02-11 16:30:00",13600,12.36,402,0,-0.049,-0.35,-0.24,-0.032,-0.022,-0.035,-0.046,55.91,45.67
"2025-02-11 17:00:00",13601,12.37,402,0,-0.043,-0.25,-0.28,-0.023,-0.026,-0.03,-0.046,55.23,46.33
"2025-02-11 17:30:00",13602,12.36,402,0,-0.046,-0.28,-0.28,-0.026,-0.026,-0.03,-0.05,55.91,46.08
"2025-02-11 18:00:00",13603,12.36,402,0,-0.048,-0.31,-0.28,-0.028,-0.026,-0.032,-0.049,55.2,46.04
"2025-02-11 18:30:00",13604,12.36,402,0,-0.046,-0.28,-0.28,-0.026,-0.026,-0.03,-0.049,54.8,46.2
"2025-02-11 19:00:00",13605,12.36,402,0,-0.051,-0.31,-0.32,-0.028,-0.029,-0.03,-0.047,55.8,46.37
"2025-02-11 19:30:00",13606,12.35,402,0,-0.048,-0.34,-0.24,-0.031,-0.022,-0.035,-0.046,56.23,45.27
"2025-02-11 20:00:00",13607,12.35,402,0,-0.051,-0.31,-0.32,-0.028,-0.029,-0.032,-0.049,55.95,46.39
"2025-02-11 20:30:00",13608,12.35,402,0,-0.048,-0.31,-0.28,-0.028,-0.026,-0.03,-0.049,54.63,46.29
"2025-02-11 21:00:00",13609,12.35,402,0,-0.049,-0.28,-0.32,-0.026,-0.029,-0.03,-0.049,56.15,44.92
"2025-02-11 21:30:00",13610,12.35,402,0,-0.048,-0.31,-0.28,-0.028,-0.026,-0.032,-0.049,55.58,46
"2025-02-11 22:00:00",13611,12.35,402,0,-0.051,-0.34,-0.28,-0.031,-0.026,-0.032,-0.049,56.69,46.04
"2025-02-11 22:30:00",13612,12.35,402,0,-0.051,-0.34,-0.28,-0.031,-0.026,-0.035,-0.049,55.5,46.34
"2025-02-11 23:00:00",13613,12.35,402,0,-0.051,-0.34,-0.28,-0.031,-0.026,-0.032,-0.046,56.05,46.07
"2025-02-11 23:30:00",13614,12.34,402,0,-0.053,-0.34,-0.31,-0.031,-0.029,-0.032,-0.049,55.2,45.63
"2025-02-12 00:00:00",13615,12.35,402,0,-0.054,-0.31,-0.35,-0.028,-0.032,-0.03,-0.049,55.41,46.67
"2025-02-12 00:30:00",13616,12.34,402,0,-0.051,-0.34,-0.28,-0.031,-0.026,-0.032,-0.049,58.6,45.48
"2025-02-12 01:00:00",13617,12.34,402,0,-0.053,-0.34,-0.31,-0.031,-0.029,-0.035,-0.046,54.87,45.71
"2025-02-12 01:30:00",13618,12.34,402,0,-0.053,-0.34,-0.31,-0.031,-0.029,-0.035,-0.052,55.17,45.85
"2025-02-12 02:00:00",13619,12.34,402,0,-0.051,-0.34,-0.28,-0.031,-0.026,-0.035,-0.049,56.07,46.34
"2025-02-12 02:30:00",13620,12.34,402,0,-0.059,-0.37,-0.35,-0.034,-0.032,-0.035,-0.055,55.72,46.3
"2025-02-12 03:00:00",13621,12.34,402,0,-0.051,-0.31,-0.32,-0.029,-0.029,-0.033,-0.052,55.9,46.75
"2025-02-12 03:30:00",13622,12.34,402,0,-0.051,-0.31,-0.31,-0.028,-0.029,-0.035,-0.055,56.21,46.23
"2025-02-12 04:00:00",13623,12.33,402,0,-0.053,-0.34,-0.31,-0.031,-0.029,-0.035,-0.052,55.31,46.97
"2025-02-12 04:30:00",13624,12.34,402,0,-0.059,-0.4,-0.31,-0.036,-0.029,-0.037,-0.049,57.21,46.82
"2025-02-12 05:00:00",13625,12.34,402,0,-0.054,-0.37,-0.28,-0.034,-0.026,-0.035,-0.049,55.66,46.51
"2025-02-12 05:30:00",13626,12.34,402,0,-0.048,-0.31,-0.28,-0.029,-0.026,-0.035,-0.049,55.26,45.13
"2025-02-12 06:00:00",13627,12.33,402,0,-0.051,-0.34,-0.28,-0.031,-0.026,-0.035,-0.046,56.08,46.51
"2025-02-12 06:30:00",13628,12.33,402,0,-0.054,-0.37,-0.28,-0.034,-0.026,-0.035,-0.049,55.26,45.95
"2025-02-12 07:00:00",13629,12.33,402,0,-0.053,-0.34,-0.31,-0.031,-0.029,-0.032,-0.052,55.66,46.5
"2025-02-12 07:30:00",13630,12.33,402,0,-0.066,-0.41,-0.39,-0.037,-0.035,-0.038,-0.052,57.2,46.24
"2025-02-12 08:00:00",13631,12.33,402,0,-0.051,-0.31,-0.31,-0.028,-0.028,-0.03,-0.052,57.07,46.67
"2025-02-12 08:30:00",13632,12.33,402,0,-0.059,-0.37,-0.35,-0.033,-0.031,-0.037,-0.055,55.46,45.89
"2025-02-12 09:00:00",13633,12.33,402,0,-0.048,-0.31,-0.27,-0.028,-0.025,-0.032,-0.046,56.19,47.69
"2025-02-12 09:30:00",13634,12.33,402,0,-0.052,-0.3,-0.34,-0.028,-0.031,-0.032,-0.049,57.46,47.22
"2025-02-12 10:00:00",13635,12.33,402,0,-0.051,-0.31,-0.31,-0.028,-0.028,-0.032,-0.051,56.74,47.01
"2025-02-12 10:30:00",13636,12.33,402,0,-0.056,-0.37,-0.31,-0.033,-0.028,-0.037,-0.049,55.77,47.28
"2025-02-12 11:00:00",13637,12.33,402,0,-0.06,-0.42,-0.3,-0.038,-0.028,-0.037,-0.048,55.92,47.02
"2025-02-12 11:30:00",13638,12.32,402,0,-0.055,-0.37,-0.3,-0.033,-0.028,-0.037,-0.048,56.16,47.41
"2025-02-12 12:00:00",13639,12.33,402,0,-0.061,-0.44,-0.3,-0.04,-0.027,-0.039,-0.048,57.28,46.74
"2025-02-12 12:30:00",13640,12.33,402,0,-0.042,-0.26,-0.26,-0.024,-0.024,-0.028,-0.045,58.25,48.43
"2025-02-12 13:00:00",13641,12.32,402,0,-0.059,-0.32,-0.41,-0.029,-0.037,-0.033,-0.054,55.66,46.92
"2025-02-12 13:30:00",13642,12.33,402,0,-0.041,-0.24,-0.26,-0.022,-0.024,-0.028,-0.047,58.54,46.92
"2025-02-12 14:00:00",13643,12.33,402,0,-0.055,-0.39,-0.27,-0.035,-0.024,-0.042,-0.045,55.91,48.15
"2025-02-12 14:30:00",13644,12.33,402,0,-0.065,-0.44,-0.35,-0.04,-0.032,-0.043,-0.055,55.28,45.56
"2025-02-12 15:00:00",13645,12.33,402,0,-0.048,-0.28,-0.31,-0.026,-0.028,-0.032,-0.049,55.95,46.13
"2025-02-12 15:30:00",13646,12.33,402,0,-0.05,-0.3,-0.31,-0.028,-0.028,-0.029,-0.051,56,46.28
"2025-02-12 16:00:00",13647,12.33,402,0,-0.058,-0.39,-0.31,-0.036,-0.028,-0.04,-0.051,56.19,46.37
"2025-02-12 16:30:00",13648,12.33,402,0,-0.054,-0.37,-0.28,-0.034,-0.025,-0.038,-0.046,54.5,46.17
"2025-02-12 17:00:00",13649,12.33,402,0,-0.056,-0.37,-0.31,-0.034,-0.029,-0.037,-0.049,54.91,45.75
"2025-02-12 17:30:00",13650,12.32,402,0,-0.056,-0.4,-0.28,-0.037,-0.026,-0.038,-0.046,55.34,46.59
"2025-02-12 18:00:00",13651,12.32,402,0,-0.056,-0.37,-0.31,-0.034,-0.029,-0.038,-0.052,55.92,45.52
"2025-02-12 18:30:00",13652,12.32,402,0,-0.051,-0.34,-0.28,-0.031,-0.025,-0.037,-0.052,55.4,45.68
"2025-02-12 19:00:00",13653,12.32,402,0,-0.059,-0.37,-0.35,-0.034,-0.032,-0.037,-0.052,55.33,45.76
"2025-02-12 19:30:00",13654,12.32,402,0,-0.062,-0.4,-0.35,-0.037,-0.032,-0.038,-0.055,55.12,46.79
"2025-02-12 20:00:00",13655,12.31,402,0,-0.064,-0.43,-0.35,-0.039,-0.032,-0.045,-0.055,55.7,45.72
"2025-02-12 20:30:00",13656,12.31,402,0,-0.06,-0.42,-0.31,-0.038,-0.028,-0.04,-0.049,57.08,46.69
"2025-02-12 21:00:00",13657,12.32,402,0,-0.062,-0.4,-0.35,-0.036,-0.032,-0.04,-0.052,55.12,46.38
"2025-02-12 21:30:00",13658,12.32,402,0,-0.059,-0.4,-0.31,-0.036,-0.028,-0.04,-0.052,55.51,46.62
"2025-02-12 22:00:00",13659,12.31,402,0,-0.059,-0.4,-0.31,-0.036,-0.028,-0.04,-0.052,55.39,46.49
"2025-02-12 22:30:00",13660,12.31,402,0,-0.055,-0.39,-0.27,-0.036,-0.025,-0.039,-0.046,56.98,46.59
"2025-02-12 23:00:00",13661,12.31,402,0,-0.061,-0.43,-0.31,-0.039,-0.028,-0.042,-0.051,56.09,47.35
"2025-02-12 23:30:00",13662,12.31,402,0,-0.056,-0.37,-0.31,-0.034,-0.028,-0.037,-0.051,55.11,46.78
"2025-02-13 00:00:00",13663,12.31,402,0,-0.059,-0.34,-0.38,-0.031,-0.035,-0.035,-0.054,56,47.26
"2025-02-13 00:30:00",13664,12.31,402,0,-0.062,-0.46,-0.28,-0.041,-0.025,-0.042,-0.046,55.79,47.2
"2025-02-13 01:00:00",13665,12.31,402,0,-0.056,-0.37,-0.31,-0.034,-0.028,-0.037,-0.052,55.48,46.58
"2025-02-13 01:30:00",13666,12.31,402,0,-0.064,-0.43,-0.35,-0.039,-0.032,-0.043,-0.049,54.88,46.55
"2025-02-13 02:00:00",13667,12.31,402,0,-0.056,-0.37,-0.31,-0.034,-0.029,-0.035,-0.049,56.01,47.26
"2025-02-13 02:30:00",13668,12.3,402,0,-0.059,-0.37,-0.35,-0.034,-0.032,-0.038,-0.052,56,47
"2025-02-13 03:00:00",13669,12.31,402,0,-0.059,-0.4,-0.31,-0.036,-0.028,-0.04,-0.049,55.98,46.67
"2025-02-13 03:30:00",13670,12.3,402,0,-0.053,-0.34,-0.31,-0.031,-0.029,-0.035,-0.052,55.73,46.01
"2025-02-13 04:00:00",13671,12.3,402,0,-0.053,-0.34,-0.31,-0.031,-0.028,-0.035,-0.049,56,45.86
"2025-02-13 04:30:00",13672,12.3,402,0,-0.059,-0.4,-0.31,-0.036,-0.028,-0.042,-0.049,55.47,47.29
"2025-02-13 05:00:00",13673,12.3,402,0,-0.056,-0.37,-0.31,-0.033,-0.028,-0.037,-0.049,55.94,46.53
"2025-02-13 05:30:00",13674,12.3,402,0,-0.069,-0.46,-0.38,-0.042,-0.035,-0.045,-0.052,54.91,46.16
"2025-02-13 06:00:00",13675,12.3,402,0,-0.06,-0.42,-0.31,-0.038,-0.028,-0.037,-0.054,56.29,47.14
"2025-02-13 06:30:00",13676,12.3,402,0,-0.063,-0.42,-0.34,-0.038,-0.031,-0.039,-0.045,56.14,45.75
"2025-02-13 07:00:00",13677,12.3,402,0,-0.057,-0.44,-0.24,-0.04,-0.022,-0.041,-0.043,55.72,45.75
"2025-02-13 07:30:00",13678,12.29,402,0,-0.056,-0.4,-0.28,-0.037,-0.025,-0.04,-0.043,56.97,47.25
"2025-02-13 08:00:00",13679,12.3,402,0,-0.056,-0.37,-0.31,-0.034,-0.029,-0.038,-0.049,56.2,46.22
"2025-02-13 08:30:00",13680,12.3,402,0,-0.054,-0.37,-0.28,-0.034,-0.025,-0.038,-0.05,56.69,47.54
"2025-02-13 09:00:00",13681,12.29,402,0,-0.056,-0.4,-0.27,-0.036,-0.025,-0.038,-0.049,57.26,46.46
"2025-02-13 09:30:00",13682,12.3,402,0,-0.054,-0.35,-0.31,-0.031,-0.029,-0.036,-0.046,55.99,47.09
"2025-02-13 10:00:00",13683,12.3,402,0,-0.06,-0.44,-0.28,-0.039,-0.026,-0.043,-0.047,56.19,46.21
"2025-02-13 10:30:00",13684,12.29,402,0,-0.058,-0.38,-0.32,-0.035,-0.029,-0.039,-0.053,55.61,46.05
"2025-02-13 11:00:00",13685,12.29,402,0,-0.054,-0.37,-0.28,-0.033,-0.025,-0.037,-0.047,56.72,47.31
"2025-02-13 11:30:00",13686,12.29,402,0,-0.062,-0.46,-0.28,-0.042,-0.026,-0.043,-0.05,56.62,46.24
"2025-02-13 12:00:00",13687,12.29,402,0,-0.044,-0.27,-0.27,-0.025,-0.025,-0.027,-0.049,59.13,46.69
"2025-02-13 12:30:00",13688,12.29,402,0,-0.061,-0.43,-0.31,-0.039,-0.028,-0.043,-0.046,57.8,47.01
"2025-02-13 13:00:00",13689,12.29,402,0,-0.067,-0.49,-0.31,-0.044,-0.028,-0.043,-0.049,56.24,46.94
"2025-02-13 13:30:00",13690,12.29,402,0,-0.075,-0.59,-0.31,-0.053,-0.028,-0.054,-0.049,54.97,47.32
"2025-02-13 14:00:00",13691,12.29,402,0,-0.066,-0.52,-0.27,-0.047,-0.025,-0.045,-0.046,56.89,46.66
"2025-02-13 14:30:00",13692,12.29,402,0,-0.039,-0.34,-0.13,-0.031,-0.013,-0.037,-0.043,57.04,47.89
"2025-02-13 15:00:00",13693,12.29,402,0,-0.026,-0.22,-0.1,-0.021,-0.009,-0.027,-0.037,55.93,47.61
"2025-02-13 15:30:00",13694,12.29,402,0,-0.034,-0.25,-0.17,-0.023,-0.016,-0.03,-0.04,56.59,48.27
"2025-02-13 16:00:00",13695,12.29,402,0,-0.041,-0.39,-0.1,-0.035,-0.01,-0.039,-0.032,54.34,46.69
"2025-02-13 16:30:00",13696,12.29,402,0,-0.044,-0.39,-0.14,-0.035,-0.013,-0.039,-0.041,54.87,46.39
"2025-02-13 17:00:00",13697,12.28,402,0,-0.042,-0.33,-0.18,-0.03,-0.017,-0.039,-0.042,54.31,45.31
"2025-02-13 17:30:00",13698,12.29,402,0,-0.039,-0.33,-0.14,-0.03,-0.013,-0.034,-0.039,54.79,44.81
"2025-02-13 18:00:00",13699,12.29,402,0,-0.042,-0.33,-0.18,-0.03,-0.017,-0.037,-0.042,54.58,44.87
"2025-02-13 18:30:00",13700,12.29,402,0,-0.055,-0.4,-0.26,-0.036,-0.024,-0.037,-0.049,54.47,45.32
"2025-02-13 19:00:00",13701,12.28,402,0,-0.076,-0.66,-0.24,-0.059,-0.022,-0.06,-0.049,57.04,46.4
"2025-02-13 19:30:00",13702,12.28,402,0,-0.065,-0.48,-0.3,-0.043,-0.027,-0.046,-0.052,49.68,44.23
"2025-02-13 20:00:00",13703,12.28,402,0,-0.052,-0.37,-0.26,-0.033,-0.024,-0.042,-0.043,52.51,45.83
"2025-02-13 20:30:00",13704,12.27,402,0,-0.07,-0.57,-0.26,-0.052,-0.024,-0.047,-0.051,51.08,49.33
"2025-02-13 21:00:00",13705,12.28,402,0,-0.065,-0.45,-0.33,-0.041,-0.03,-0.045,-0.051,56.9,47.34
"2025-02-13 21:30:00",13706,12.28,402,0,-0.039,-0.33,-0.14,-0.03,-0.013,-0.034,-0.042,57.02,46.22
"2025-02-13 22:00:00",13707,12.27,402,0,-0.031,-0.3,-0.07,-0.027,-0.007,-0.023,-0.036,57.31,46.1
"2025-02-13 22:30:00",13708,12.27,402,0,-0.053,-0.42,-0.22,-0.038,-0.02,-0.041,-0.045,55.97,46
"2025-02-13 23:00:00",13709,12.26,402,0,-0.061,-0.58,-0.14,-0.052,-0.013,-0.055,-0.044,53.63,43.4
"2025-02-13 23:30:00",13710,12.27,402,0,-0.041,-0.32,-0.18,-0.029,-0.017,-0.036,-0.039,57.34,45.15
"2025-02-14 00:00:00",13711,12.26,402,0,-0.064,-0.48,-0.29,-0.044,-0.027,-0.047,-0.051,52.93,45.68
"2025-02-14 00:30:00",13712,12.26,402,0,-0.048,-0.39,-0.18,-0.035,-0.017,-0.039,-0.045,55.83,45.03
"2025-02-14 01:00:00",13713,12.25,402,0,-0.047,-0.35,-0.22,-0.032,-0.02,-0.033,-0.048,54.44,45.85
"2025-02-14 01:30:00",13714,12.26,402,0,-0.053,-0.39,-0.25,-0.035,-0.023,-0.036,-0.045,55.83,46.11
"2025-02-14 02:00:00",13715,12.26,402,0,-0.044,-0.29,-0.25,-0.027,-0.023,-0.031,-0.051,55.81,44.86
"2025-02-14 02:30:00",13716,12.25,402,0,-0.043,-0.35,-0.17,-0.032,-0.016,-0.033,-0.036,57.02,45.41
"2025-02-14 03:00:00",13717,12.25,402,0,-0.058,-0.45,-0.25,-0.041,-0.023,-0.049,-0.051,54.07,45.74
"2025-02-14 03:30:00",13718,12.25,402,0,-0.064,-0.44,-0.33,-0.04,-0.03,-0.036,-0.051,55.3,45.74
"2025-02-14 04:00:00",13719,12.24,402,0,-0.055,-0.41,-0.25,-0.037,-0.023,-0.043,-0.05,55.76,45.94
"2025-02-14 04:30:00",13720,12.25,402,0,-0.048,-0.33,-0.25,-0.03,-0.023,-0.031,-0.051,54.25,45.25
"2025-02-14 05:00:00",13721,12.24,402,0,-0.059,-0.42,-0.29,-0.038,-0.027,-0.042,-0.051,55.26,45.13
"2025-02-14 05:30:00",13722,12.24,402,0,-0.034,-0.24,-0.18,-0.022,-0.017,-0.029,-0.042,55.89,44.83
"2025-02-14 06:00:00",13723,12.24,402,0,-0.036,-0.2,-0.25,-0.018,-0.023,-0.023,-0.048,56.5,46.27
"2025-02-14 06:30:00",13724,12.24,402,0,-0.062,-0.45,-0.29,-0.041,-0.027,-0.042,-0.051,54.43,46.36
"2025-02-14 07:00:00",13725,12.24,402,0,-0.059,-0.45,-0.26,-0.041,-0.024,-0.047,-0.051,53.37,45.6
"2025-02-14 07:30:00",13726,12.23,402,0,-0.053,-0.35,-0.29,-0.032,-0.026,-0.036,-0.048,56.31,47.15
"2025-02-14 08:00:00",13727,12.23,402,0,-0.042,-0.34,-0.17,-0.031,-0.016,-0.033,-0.044,55.24,46.5
"2025-02-14 08:30:00",13728,12.23,402,0,-0.034,-0.28,-0.13,-0.026,-0.013,-0.03,-0.044,56.05,47.46
"2025-02-14 09:00:00",13729,12.23,402,0,-0.031,-0.25,-0.13,-0.023,-0.013,-0.025,-0.032,58.09,46.62
"2025-02-14 09:30:00",13730,12.23,402,0,-0.022,-0.23,-0.03,-0.021,-0.003,-0.025,-0.029,55.35,47.03
"2025-02-14 10:00:00",13731,12.24,402,0,-0.018,-0.25,0.04,-0.023,0.003,-0.025,-0.014,55.97,48.72
"2025-02-14 10:30:00",13732,12.24,402,0,0.014,0,0.18,0,0.016,-0.002,-0.011,58.01,49.27
"2025-02-14 11:00:00",13733,12.23,402,0,-0.02,-0.24,0,-0.022,0,-0.024,-0.031,56.62,47.88
"2025-02-14 11:30:00",13734,12.24,402,0,-0.023,-0.27,0,-0.025,0,-0.031,-0.034,58.46,47.67
"2025-02-14 12:00:00",13735,12.24,402,0,-0.034,-0.43,0.04,-0.039,0.003,-0.035,-0.02,56.79,47.08
"2025-02-14 12:30:00",13736,12.23,402,0,-0.006,-0.1,0.03,-0.01,0.003,-0.012,-0.023,58.21,46.86
"2025-02-14 13:00:00",13737,12.24,402,0,-0.007,-0.21,0.14,-0.02,0.012,-0.022,-0.003,56.79,46.42
"2025-02-14 13:30:00",13738,12.24,402,0,-0.039,-0.51,0.07,-0.046,0.006,-0.05,-0.02,56.28,46.98
"2025-02-14 14:00:00",13739,12.24,402,0,-0.016,-0.23,0.04,-0.021,0.003,-0.02,-0.011,56.42,45.64
"2025-02-14 14:30:00",13740,12.24,402,0,0,-0.17,0.18,-0.016,0.016,-0.023,-0.023,54.38,48.68
"2025-02-14 15:00:00",13741,12.24,402,0,-0.006,-0.11,0.04,-0.01,0.003,-0.02,-0.023,55.82,45.85
"2025-02-14 15:30:00",13742,12.24,402,0,0.007,-0.08,0.18,-0.008,0.016,-0.013,-0.02,57.08,48.6
"2025-02-14 16:00:00",13743,12.24,402,0,-0.019,-0.29,0.07,-0.026,0.006,-0.028,-0.023,55.31,46.17
"2025-02-14 16:30:00",13744,12.24,402,0,-0.009,-0.11,0,-0.011,0,-0.013,-0.03,55.12,45.97
"2025-02-14 17:00:00",13745,12.24,402,0,-0.018,-0.21,0,-0.019,0,-0.026,-0.03,56.01,47.42
"2025-02-14 17:30:00",13746,12.24,402,0,-0.018,-0.25,0.04,-0.023,0.003,-0.027,-0.027,52.94,46.1
"2025-02-14 18:00:00",13747,12.23,402,0,-0.035,-0.31,-0.11,-0.029,-0.01,-0.03,-0.043,53.22,44.89
"2025-02-14 18:30:00",13748,12.23,402,0,-0.027,-0.18,-0.15,-0.017,-0.014,-0.021,-0.046,53.76,44.86
"2025-02-14 19:00:00",13749,12.22,402,0,-0.044,-0.3,-0.23,-0.028,-0.021,-0.032,-0.046,55.26,45.02
"2025-02-14 19:30:00",13750,12.22,402,0,-0.037,-0.27,-0.18,-0.025,-0.017,-0.029,-0.046,54.81,46.47
"2025-02-14 20:00:00",13751,12.22,402,0,-0.066,-0.34,-0.47,-0.031,-0.042,-0.038,-0.059,54.04,44.47
"2025-02-14 20:30:00",13752,12.2,402,0,-0.059,-0.35,-0.37,-0.032,-0.034,-0.033,-0.055,55.96,45.14
"2025-02-14 21:00:00",13753,12.21,402,0,-0.053,-0.32,-0.33,-0.029,-0.03,-0.034,-0.048,55.89,46.99
"2025-02-14 21:30:00",13754,12.2,402,0,-0.053,-0.32,-0.33,-0.029,-0.03,-0.031,-0.051,55.69,45.86
"2025-02-14 22:00:00",13755,12.2,402,0,-0.06,-0.36,-0.37,-0.033,-0.033,-0.037,-0.054,54.7,46.21
"2025-02-14 22:30:00",13756,12.2,402,0,-0.049,-0.3,-0.3,-0.028,-0.027,-0.035,-0.052,54.65,44.92
"2025-02-14 23:00:00",13757,12.2,402,0,-0.053,-0.35,-0.29,-0.032,-0.027,-0.033,-0.048,56.93,45.86
"2025-02-14 23:30:00",13758,12.2,402,0,-0.052,-0.38,-0.25,-0.035,-0.023,-0.036,-0.048,56.5,47.34
"2025-02-15 00:00:00",13759,12.19,402,0,-0.055,-0.33,-0.34,-0.03,-0.031,-0.034,-0.052,55.11,46.21
"2025-02-15 00:30:00",13760,12.19,402,0,-0.046,-0.31,-0.25,-0.029,-0.023,-0.033,-0.048,56.44,47.7
"2025-02-15 01:00:00",13761,12.2,402,0,-0.066,-0.4,-0.41,-0.036,-0.037,-0.037,-0.055,54.74,45.33
"2025-02-15 01:30:00",13762,12.19,402,0,-0.045,-0.26,-0.29,-0.024,-0.027,-0.026,-0.048,56.13,46.15
"2025-02-15 02:00:00",13763,12.19,402,0,-0.048,-0.31,-0.28,-0.029,-0.026,-0.033,-0.048,56.09,47.34
"2025-02-15 02:30:00",13764,12.18,402,0,-0.056,-0.34,-0.35,-0.031,-0.032,-0.033,-0.047,57.06,47.07
"2025-02-15 03:00:00",13765,12.19,402,0,-0.043,-0.28,-0.25,-0.026,-0.023,-0.031,-0.044,56.2,47.46
"2025-02-15 03:30:00",13766,12.19,402,0,-0.023,-0.15,-0.14,-0.014,-0.014,-0.024,-0.04,55.15,44.6
"2025-02-15 04:00:00",13767,12.19,402,0,-0.069,-0.38,-0.47,-0.034,-0.043,-0.036,-0.066,54.18,44.04
"2025-02-15 04:30:00",13768,12.19,402,0,-0.037,-0.19,-0.27,-0.017,-0.025,-0.022,-0.05,53.69,43.7
"2025-02-15 05:00:00",13769,12.19,402,0,-0.061,-0.32,-0.43,-0.029,-0.039,-0.028,-0.063,53.97,43.83
"2025-02-15 05:30:00",13770,12.19,402,0,-0.048,-0.25,-0.35,-0.023,-0.032,-0.025,-0.056,52.94,43.78
"2025-02-15 06:00:00",13771,12.19,402,0,-0.047,-0.3,-0.28,-0.027,-0.025,-0.042,-0.047,53.27,43.44
"2025-02-15 06:30:00",13772,12.18,402,0,-0.031,-0.03,-0.37,-0.004,-0.033,-0.014,-0.058,57.59,43.48
"2025-02-15 07:00:00",13773,12.19,402,0,-0.027,-0.03,-0.33,-0.004,-0.03,-0.003,-0.055,58.2,41.63
"2025-02-15 07:30:00",13774,12.18,402,0,-0.066,-0.31,-0.5,-0.028,-0.045,-0.031,-0.072,60.05,42.81
"2025-02-15 08:00:00",13775,12.18,402,0,-0.118,-0.78,-0.64,-0.07,-0.058,-0.112,-0.091,51.24,40.69
"2025-02-15 08:30:00",13776,12.19,402,0,0.003,0.03,0,0.003,0,-0.006,-0.042,50.65,40.67
"2025-02-15 09:00:00",13777,12.18,402,0,0.024,0.11,0.18,0.01,0.016,0.002,-0.014,59.6,49.21
"2025-02-15 09:30:00",13778,12.19,402,0,-0.008,-0.1,0,-0.009,0,-0.012,-0.019,62.42,49.98
"2025-02-15 10:00:00",13779,12.19,402,0,-0.03,-0.24,-0.12,-0.022,-0.012,-0.026,-0.03,58.87,49.72
"2025-02-15 10:30:00",13780,12.19,402,0,-0.024,-0.27,-0.02,-0.025,-0.003,-0.027,-0.028,57.11,48.52
"2025-02-15 11:00:00",13781,12.2,402,0,-0.006,-0.1,0.03,-0.01,0.003,-0.014,-0.022,60.01,49.22
"2025-02-15 11:30:00",13782,12.2,402,0,-0.017,-0.19,-0.02,-0.018,-0.003,-0.02,-0.028,56.83,48.76
"2025-02-15 12:00:00",13783,12.2,402,0,-0.028,-0.27,-0.06,-0.024,-0.006,-0.029,-0.032,56.1,46.8
"2025-02-15 12:30:00",13784,12.2,402,0,-0.027,-0.23,-0.1,-0.021,-0.01,-0.023,-0.033,56.08,46.93
"2025-02-15 13:00:00",13785,12.2,402,0,-0.027,-0.23,-0.1,-0.021,-0.01,-0.023,-0.035,55.86,46.86
"2025-02-15 13:30:00",13786,12.21,402,0,-0.038,-0.32,-0.14,-0.029,-0.013,-0.033,-0.032,55.65,47.32
"2025-02-15 14:00:00",13787,12.2,402,0,-0.036,-0.23,-0.21,-0.022,-0.02,-0.021,-0.039,55.02,47.26
"2025-02-15 14:30:00",13788,12.2,402,0,-0.042,-0.3,-0.21,-0.027,-0.02,-0.031,-0.042,55.57,46.17
"2025-02-15 15:00:00",13789,12.2,402,0,-0.044,-0.29,-0.25,-0.027,-0.023,-0.031,-0.045,54.86,45.71
"2025-02-15 15:30:00",13790,12.19,402,0,-0.044,-0.29,-0.25,-0.027,-0.023,-0.029,-0.042,54.53,46.77
"2025-02-15 16:00:00",13791,12.2,402,0,-0.044,-0.29,-0.25,-0.027,-0.023,-0.031,-0.045,55.6,46.45
"2025-02-15 16:30:00",13792,12.19,402,0,-0.047,-0.32,-0.25,-0.03,-0.023,-0.034,-0.045,54.61,46.43
"2025-02-15 17:00:00",13793,12.19,402,0,-0.05,-0.35,-0.25,-0.032,-0.023,-0.036,-0.045,56.34,46.78
"2025-02-15 17:30:00",13794,12.19,402,0,-0.041,-0.29,-0.21,-0.027,-0.02,-0.031,-0.039,55.47,46.99
"2025-02-15 18:00:00",13795,12.19,402,0,-0.051,-0.31,-0.32,-0.028,-0.029,-0.03,-0.05,57.58,46.63
"2025-02-15 18:30:00",13796,12.19,402,0,-0.049,-0.34,-0.25,-0.031,-0.023,-0.033,-0.044,57.14,45.93
"2025-02-15 19:00:00",13797,12.19,402,0,-0.048,-0.31,-0.28,-0.028,-0.026,-0.03,-0.044,56.04,46.9
"2025-02-15 19:30:00",13798,12.19,402,0,-0.05,-0.34,-0.27,-0.031,-0.025,-0.032,-0.044,57.55,47.02
"2025-02-15 20:00:00",13799,12.19,402,0,-0.058,-0.37,-0.34,-0.033,-0.031,-0.038,-0.049,56.45,47.31
"2025-02-15 20:30:00",13800,12.19,402,0,-0.05,-0.28,-0.34,-0.025,-0.031,-0.03,-0.052,56.81,47.26
"2025-02-15 21:00:00",13801,12.19,402,0,-0.055,-0.36,-0.31,-0.033,-0.028,-0.04,-0.046,57.45,46.26
"2025-02-15 21:30:00",13802,12.19,402,0,-0.053,-0.37,-0.27,-0.034,-0.025,-0.036,-0.046,58.01,47.64
"2025-02-15 22:00:00",13803,12.19,402,0,-0.043,-0.28,-0.24,-0.026,-0.022,-0.028,-0.041,54.6,47.1
"2025-02-15 22:30:00",13804,12.19,402,0,-0.046,-0.32,-0.24,-0.029,-0.022,-0.033,-0.044,55.76,46.87
"2025-02-15 23:00:00",13805,12.19,402,0,-0.043,-0.29,-0.24,-0.026,-0.022,-0.031,-0.041,55.64,46.5
"2025-02-15 23:30:00",13806,12.19,402,0,-0.051,-0.38,-0.24,-0.034,-0.022,-0.038,-0.044,56.24,44.79
"2025-02-16 00:00:00",13807,12.19,402,0,-0.049,-0.32,-0.28,-0.029,-0.026,-0.031,-0.044,56.14,45.21
"2025-02-16 00:30:00",13808,12.19,402,0,-0.058,-0.38,-0.32,-0.035,-0.029,-0.039,-0.05,56.92,46.96
"2025-02-16 01:00:00",13809,12.19,402,0,-0.046,-0.35,-0.21,-0.032,-0.019,-0.033,-0.044,56.62,45.99
"2025-02-16 01:30:00",13810,12.19,402,0,-0.05,-0.35,-0.25,-0.032,-0.023,-0.033,-0.044,55.26,47.35
"2025-02-16 02:00:00",13811,12.19,402,0,-0.05,-0.35,-0.25,-0.032,-0.023,-0.036,-0.044,55.06,46.89
"2025-02-16 02:30:00",13812,12.19,402,0,-0.044,-0.29,-0.25,-0.027,-0.023,-0.031,-0.047,55.99,46.19
"2025-02-16 03:00:00",13813,12.19,402,0,-0.052,-0.35,-0.28,-0.032,-0.026,-0.034,-0.05,55.75,46.35
"2025-02-16 03:30:00",13814,12.18,402,0,-0.041,-0.29,-0.21,-0.027,-0.02,-0.031,-0.042,55.93,46.37
"2025-02-16 04:00:00",13815,12.18,402,0,-0.047,-0.32,-0.25,-0.03,-0.023,-0.034,-0.048,56.18,45.8
"2025-02-16 04:30:00",13816,12.18,402,0,-0.055,-0.38,-0.29,-0.035,-0.026,-0.039,-0.048,55.76,46.21
"2025-02-16 05:00:00",13817,12.18,402,0,-0.05,-0.35,-0.25,-0.032,-0.023,-0.036,-0.045,55.72,46.83
"2025-02-16 05:30:00",13818,12.18,402,0,-0.053,-0.35,-0.29,-0.032,-0.026,-0.036,-0.045,55.11,45.81
"2025-02-16 06:00:00",13819,12.18,402,0,-0.049,-0.32,-0.28,-0.029,-0.026,-0.031,-0.044,56.89,47.34
"2025-02-16 06:30:00",13820,12.18,402,0,-0.055,-0.35,-0.32,-0.032,-0.029,-0.036,-0.047,57.41,46.64
"2025-02-16 07:00:00",13821,12.18,402,0,-0.054,-0.32,-0.34,-0.03,-0.031,-0.036,-0.052,60.66,47.68
"2025-02-16 07:30:00",13822,12.17,402,0,-0.054,-0.33,-0.33,-0.03,-0.03,-0.032,-0.042,61.03,48.36
"2025-02-16 08:00:00",13823,12.17,402,0,-0.048,-0.29,-0.3,-0.027,-0.027,-0.031,-0.045,59.71,47.86
"2025-02-16 08:30:00",13824,12.18,402,0,-0.062,-0.48,-0.26,-0.044,-0.024,-0.045,-0.045,57.55,48.57
"2025-02-16 09:00:00",13825,12.18,402,0,-0.062,-0.48,-0.26,-0.043,-0.024,-0.047,-0.045,57.35,48.88
"2025-02-16 09:30:00",13826,12.18,402,0,-0.015,-0.1,-0.09,-0.01,-0.009,-0.017,-0.031,60.04,48.45
"2025-02-16 10:00:00",13827,12.18,402,0,-0.04,-0.32,-0.16,-0.029,-0.015,-0.033,-0.034,56.52,48.62
"2025-02-16 10:30:00",13828,12.18,402,0,-0.039,-0.36,-0.1,-0.032,-0.009,-0.039,-0.032,55.77,48.13
"2025-02-16 11:00:00",13829,12.18,402,0,-0.036,-0.27,-0.17,-0.025,-0.016,-0.027,-0.04,58.75,47.98
"2025-02-16 11:30:00",13830,12.18,402,0,-0.014,-0.08,-0.1,-0.008,-0.009,-0.015,-0.032,59.83,46.6
"2025-02-16 12:00:00",13831,12.18,402,0,-0.038,-0.29,-0.17,-0.027,-0.016,-0.029,-0.041,55.11,47.06
"2025-02-16 12:30:00",13832,12.18,402,0,-0.022,-0.14,-0.14,-0.013,-0.013,-0.018,-0.036,56.84,46.21
"2025-02-16 13:00:00",13833,12.18,402,0,-0.041,-0.32,-0.17,-0.029,-0.016,-0.033,-0.041,57.52,46.76
"2025-02-16 13:30:00",13834,12.17,402,0,-0.026,-0.22,-0.1,-0.021,-0.01,-0.028,-0.032,57.68,45.94
"2025-02-16 14:00:00",13835,12.17,402,0,-0.034,-0.39,0,-0.035,0,-0.039,-0.027,53.94,45.89
"2025-02-16 14:30:00",13836,12.18,402,0,-0.022,-0.33,0.08,-0.03,0.007,-0.032,-0.024,55.24,45.7
"2025-02-16 15:00:00",13837,12.17,402,0,0.031,0.12,0.26,0.011,0.023,-0.003,-0.012,56.36,45.18
"2025-02-16 15:30:00",13838,12.17,402,0,0.037,0.09,0.37,0.008,0.033,-0.003,-0.006,58.12,47.5
"2025-02-16 16:00:00",13839,12.17,402,0,0.03,-0.16,0.56,-0.015,0.049,-0.02,0.012,53.9,48.06
"2025-02-16 16:30:00",13840,12.17,402,0,0.044,0,0.56,0,0.05,-0.011,0.006,53.97,45.91
"2025-02-16 17:00:00",13841,12.17,402,0,0.067,0.13,0.71,0.011,0.063,0,0.027,55.03,46.05
"2025-02-16 17:30:00",13842,12.17,402,0,0.122,0.21,1.32,0.019,0.117,0.003,0.047,49.56,45.6
"2025-02-16 18:00:00",13843,12.17,402,0,0.066,0.23,0.59,0.021,0.052,0.003,-0.01,53.23,44.5
"2025-02-16 18:30:00",13844,12.17,402,0,-0.022,-0.51,0.29,-0.046,0.026,-0.046,-0.016,50.86,43.62
"2025-02-16 19:00:00",13845,12.17,402,0,-0.006,-0.15,0.08,-0.014,0.007,-0.022,-0.022,55.08,43.74
"2025-02-16 19:30:00",13846,12.16,402,0,-0.026,-0.38,0.08,-0.035,0.007,-0.033,-0.025,52.01,44.1
"2025-02-16 20:00:00",13847,12.16,402,0,-0.035,-0.31,-0.11,-0.029,-0.011,-0.035,-0.031,51.92,44.16
"2025-02-16 20:30:00",13848,12.15,402,0,-0.05,-0.41,-0.19,-0.037,-0.018,-0.041,-0.059,55.12,46.8
"2025-02-16 21:00:00",13849,12.15,402,0,-0.041,-0.31,-0.19,-0.028,-0.018,-0.032,-0.043,53.96,44.81
"2025-02-16 21:30:00",13850,12.15,402,0,-0.039,-0.28,-0.19,-0.025,-0.018,-0.03,-0.037,55.86,45.32
"2025-02-16 22:00:00",13851,12.14,402,0,-0.074,-0.47,-0.43,-0.042,-0.039,-0.054,-0.087,58.34,45.07
"2025-02-16 22:30:00",13852,12.14,402,0,-0.06,-0.41,-0.31,-0.037,-0.028,-0.048,-0.075,55.19,44.96
"2025-02-16 23:00:00",13853,12.14,402,0,-0.038,-0.38,-0.07,-0.034,-0.007,-0.041,-0.044,56.51,43.4
"2025-02-16 23:30:00",13854,12.14,402,0,-0.009,-0.18,0.08,-0.017,0.007,-0.022,-0.016,54.35,44.63
"2025-02-17 00:00:00",13855,12.13,402,0,-0.084,-0.51,-0.51,-0.046,-0.046,-0.046,-0.056,54.32,43.78
"2025-02-17 00:30:00",13856,12.13,402,0,-0.053,-0.44,-0.19,-0.04,-0.018,-0.046,-0.059,55.42,47.34
"2025-02-17 01:00:00",13857,12.13,402,0,-0.068,-0.4,-0.43,-0.036,-0.039,-0.045,-0.063,55.28,43.65
"2025-02-17 01:30:00",13858,12.12,402,0,-0.07,-0.4,-0.46,-0.036,-0.042,-0.037,-0.037,55.52,44.46
"2025-02-17 02:00:00",13859,12.13,402,0,-0.048,-0.28,-0.31,-0.026,-0.028,-0.033,-0.044,52.91,44.32
"2025-02-17 02:30:00",13860,12.12,402,0,-0.058,-0.43,-0.27,-0.039,-0.025,-0.04,-0.047,55.26,45.54
"2025-02-17 03:00:00",13861,12.12,402,0,-0.05,-0.37,-0.23,-0.034,-0.021,-0.037,-0.04,52.58,44.26
"2025-02-17 03:30:00",13862,12.12,402,0,-0.023,-0.21,-0.07,-0.02,-0.007,-0.024,-0.028,54.9,45.34
"2025-02-17 04:00:00",13863,12.11,402,0,-0.032,-0.31,-0.07,-0.028,-0.007,-0.03,-0.028,55.36,46.62
"2025-02-17 04:30:00",13864,12.11,402,0,-0.052,-0.33,-0.31,-0.03,-0.028,-0.029,-0.031,52.26,45.72
"2025-02-17 05:00:00",13865,12.11,402,0,-0.046,-0.4,-0.15,-0.036,-0.014,-0.034,-0.034,54.8,45.8
"2025-02-17 05:30:00",13866,12.11,402,0,-0.065,-0.45,-0.34,-0.041,-0.031,-0.042,-0.04,53.33,46.79
"2025-02-17 06:00:00",13867,12.11,402,0,-0.064,-0.43,-0.34,-0.039,-0.031,-0.037,-0.046,54.02,44.71
"2025-02-17 06:30:00",13868,12.1,402,0,-0.046,-0.34,-0.22,-0.031,-0.021,-0.043,-0.055,54.47,47.37
"2025-02-17 07:00:00",13869,12.11,402,0,-0.067,-0.43,-0.38,-0.039,-0.034,-0.043,-0.055,54.74,45.17
"2025-02-17 07:30:00",13870,12.1,402,0,-0.037,-0.27,-0.18,-0.025,-0.017,-0.026,-0.031,55.29,45.98
"2025-02-17 08:00:00",13871,12.1,402,0,-0.069,-0.39,-0.45,-0.035,-0.04,-0.036,-0.049,55.34,44.13
"2025-02-17 08:30:00",13872,12.09,402,0,0.002,-0.14,0.19,-0.014,0.017,-0.013,0,55.87,46.3
"2025-02-17 09:00:00",13873,12.1,402,0,0.002,-0.17,0.22,-0.016,0.02,-0.018,-0.012,57.75,49.83
"2025-02-17 09:30:00",13874,12.1,402,0,-0.022,-0.17,-0.1,-0.016,-0.01,-0.023,-0.045,56.83,49.32
"2025-02-17 10:00:00",13875,12.09,402,0,0.027,-0.11,0.47,-0.01,0.042,-0.02,-0.012,56.9,45.28
"2025-02-17 10:30:00",13876,12.09,402,0,0.016,-0.08,0.29,-0.008,0.026,-0.012,0,58.44,48.62
"2025-02-17 11:00:00",13877,12.1,402,0,0.004,-0.08,0.14,-0.008,0.013,-0.012,-0.023,59.74,47.71
"2025-02-17 11:30:00",13878,12.09,402,0,0.021,0.14,0.11,0.013,0.01,0.005,-0.018,59,48.21
"2025-02-17 12:00:00",13879,12.09,402,0,0.016,-0.17,0.4,-0.016,0.035,-0.018,-0.009,56.22,48.72
"2025-02-17 12:30:00",13880,12.1,402,0,0.021,-0.08,0.36,-0.008,0.032,-0.013,-0.015,58.12,49.53
"2025-02-17 13:00:00",13881,12.1,402,0,0.002,-0.23,0.29,-0.021,0.026,-0.026,0,56.74,48.01
"2025-02-17 13:30:00",13882,12.1,402,0,0.004,-0.17,0.25,-0.016,0.023,-0.021,-0.021,56.88,48.14
"2025-02-17 14:00:00",13883,12.1,402,0,0.045,0.24,0.3,0.021,0.026,0.013,-0.006,55.07,49.63
"2025-02-17 14:30:00",13884,12.1,402,0,-0.003,-0.24,0.22,-0.022,0.019,-0.029,-0.018,58.36,47.16
"2025-02-17 15:00:00",13885,12.1,402,0,0.033,-0.02,0.44,-0.003,0.039,-0.008,-0.006,58.63,49.32
"2025-02-17 15:30:00",13886,12.1,402,0,0.036,-0.02,0.48,-0.003,0.042,-0.003,0.015,56.81,47.5
"2025-02-17 16:00:00",13887,12.1,402,0,0.01,-0.08,0.22,-0.008,0.02,-0.018,-0.03,56.13,46.98
"2025-02-17 16:30:00",13888,12.1,402,0,0.027,0,0.34,0,0.03,-0.008,-0.018,55.26,47.75
"2025-02-17 17:00:00",13889,12.1,402,0,0.005,-0.15,0.23,-0.014,0.02,-0.016,-0.018,53.97,47.28
"2025-02-17 17:30:00",13890,12.09,402,0,0.017,-0.02,0.24,-0.003,0.021,-0.011,-0.012,54.04,44.89
"2025-02-17 18:00:00",13891,12.1,402,0,0.009,-0.08,0.2,-0.008,0.017,-0.016,-0.016,55.89,45.76
"2025-02-17 18:30:00",13892,12.1,402,0,-0.015,-0.25,0.08,-0.023,0.007,-0.025,-0.025,53.71,46.88
"2025-02-17 19:00:00",13893,12.09,402,0,-0.018,-0.15,-0.07,-0.014,-0.007,-0.019,-0.032,54.49,44.93
"2025-02-17 19:30:00",13894,12.09,402,0,-0.018,-0.15,-0.07,-0.014,-0.007,-0.019,-0.038,53.82,45.9
"2025-02-17 20:00:00",13895,12.08,402,0,-0.018,-0.22,0,-0.021,0,-0.031,-0.029,53.42,45.5
"2025-02-17 20:30:00",13896,12.08,402,0,-0.041,-0.31,-0.19,-0.028,-0.018,-0.032,-0.04,54.01,45.11
"2025-02-17 21:00:00",13897,12.07,402,0,-0.032,-0.24,-0.15,-0.022,-0.014,-0.024,-0.044,54.54,45.79
"2025-02-17 21:30:00",13898,12.07,402,0,-0.044,-0.34,-0.19,-0.031,-0.017,-0.033,-0.043,54.07,46.71
"2025-02-17 22:00:00",13899,12.07,402,0,-0.042,-0.32,-0.19,-0.029,-0.018,-0.033,-0.044,54.5,44.93
"2025-02-17 22:30:00",13900,12.07,402,0,-0.039,-0.26,-0.22,-0.024,-0.02,-0.026,-0.04,56.63,46.65
"2025-02-17 23:00:00",13901,12.06,402,0,-0.043,-0.3,-0.22,-0.027,-0.02,-0.026,-0.043,54.53,47.17
"2025-02-17 23:30:00",13902,12.06,402,0,-0.034,-0.2,-0.22,-0.019,-0.021,-0.021,-0.046,55.81,45.57
"2025-02-18 00:00:00",13903,12.06,402,0,-0.048,-0.36,-0.22,-0.033,-0.02,-0.034,-0.046,54.48,46.71
"2025-02-18 00:30:00",13904,12.05,402,0,-0.042,-0.33,-0.18,-0.03,-0.017,-0.032,-0.04,57.96,45.93
"2025-02-18 01:00:00",13905,12.06,402,0,-0.034,-0.24,-0.18,-0.022,-0.017,-0.026,-0.034,56.73,46.75
"2025-02-18 01:30:00",13906,12.05,402,0,-0.038,-0.27,-0.19,-0.025,-0.017,-0.029,-0.04,58.37,45.51
"2025-02-18 02:00:00",13907,12.06,402,0,-0.043,-0.3,-0.22,-0.027,-0.021,-0.032,-0.04,56.59,45.22
"2025-02-18 02:30:00",13908,12.05,402,0,-0.055,-0.4,-0.26,-0.036,-0.024,-0.04,-0.047,55.34,46.18
"2025-02-18 03:00:00",13909,12.06,402,0,-0.041,-0.27,-0.23,-0.025,-0.021,-0.03,-0.044,53.61,45.12
"2025-02-18 03:30:00",13910,12.05,402,0,-0.045,-0.28,-0.27,-0.026,-0.025,-0.027,-0.05,54.08,46.57
"2025-02-18 04:00:00",13911,12.04,402,0,-0.044,-0.34,-0.19,-0.031,-0.018,-0.032,-0.044,53.97,45.37
"2025-02-18 04:30:00",13912,12.05,402,0,-0.051,-0.36,-0.26,-0.033,-0.024,-0.037,-0.05,55.56,47.22
"2025-02-18 05:00:00",13913,12.04,402,0,-0.057,-0.42,-0.26,-0.038,-0.024,-0.04,-0.041,56.39,45.99
"2025-02-18 05:30:00",13914,12.04,402,0,-0.052,-0.37,-0.26,-0.033,-0.024,-0.032,-0.047,54.85,45.13
"2025-02-18 06:00:00",13915,12.04,402,0,-0.047,-0.34,-0.23,-0.031,-0.021,-0.032,-0.047,54.69,46.92
"2025-02-18 06:30:00",13916,12.04,402,0,-0.049,-0.3,-0.3,-0.027,-0.027,-0.032,-0.05,53.88,46.78
"2025-02-18 07:00:00",13917,12.04,402,0,-0.031,-0.23,-0.15,-0.022,-0.014,-0.026,-0.041,57.4,44.12
"2025-02-18 07:30:00",13918,12.04,402,0,-0.036,-0.26,-0.18,-0.024,-0.017,-0.031,-0.04,57.33,48.32
"2025-02-18 08:00:00",13919,12.04,402,0,-0.039,-0.29,-0.18,-0.027,-0.017,-0.031,-0.037,58.34,46.04
"2025-02-18 08:30:00",13920,12.03,402,0,-0.045,-0.32,-0.22,-0.03,-0.02,-0.031,-0.034,57.86,48.28
"2025-02-18 09:00:00",13921,12.04,402,0,-0.032,-0.28,-0.1,-0.026,-0.01,-0.028,-0.036,59.57,47.12
"2025-02-18 09:30:00",13922,12.04,402,0,-0.068,-0.52,-0.29,-0.047,-0.027,-0.042,-0.052,57,47.02
"2025-02-18 10:00:00",13923,12.04,402,0,-0.027,-0.23,-0.1,-0.021,-0.01,-0.021,-0.021,56.37,47.22
"2025-02-18 10:30:00",13924,12.04,402,0,-0.042,-0.37,-0.13,-0.033,-0.013,-0.037,-0.039,57.77,48.61
"2025-02-18 11:00:00",13925,12.04,402,0,-0.019,-0.32,0.11,-0.029,0.01,-0.028,-0.036,56.17,49.07
"2025-02-18 11:30:00",13926,12.04,402,0,-0.031,-0.2,-0.18,-0.019,-0.017,-0.023,-0.037,56.79,49.02
"2025-02-18 12:00:00",13927,12.04,402,0,-0.024,-0.23,-0.06,-0.021,-0.007,-0.023,-0.042,56.92,49
"2025-02-18 12:30:00",13928,12.04,402,0,0.003,0,0.04,0,0.003,-0.008,-0.03,58.39,47.34
"2025-02-18 13:00:00",13929,12.04,402,0,0.014,0,0.18,0,0.016,-0.005,-0.015,58.26,48.44
"2025-02-18 13:30:00",13930,12.05,402,0,-0.046,-0.57,0.04,-0.051,0.003,-0.052,-0.021,54.12,46.61
"2025-02-18 14:00:00",13931,12.05,402,0,-0.014,-0.2,0.04,-0.019,0.003,-0.021,-0.021,53.98,48.28
"2025-02-18 14:30:00",13932,12.05,402,0,-0.013,-0.16,0,-0.015,0,-0.018,-0.018,58.66,48.27
