"TOA5","CR300Series_405","CR300","27023","CR300-RF407.Std.10.03","CPU:CR300_sapflow.CR300","32345","Table1"
"TIMESTAMP","RECORD","BattV_Min","id","SDI0","SapFlwTot0","VhOuter0","VhInner0","AlphaOut0","AlphaIn0","BetaOut0","BetaIn0","tMaxTout0","tMaxTin0"
"TS","RN","Volts","","","literPerHour","heatVelocity","heatVelocity","logTRatio","logTRatio","logTRatio","logTRatio","second","second"
"","","Min","Smp","Smp","Smp","Smp","Smp","Smp","Smp","Smp","Smp","Smp","Smp"
"2025-01-28 17:30:00",9151,13.15,405,0,-0.07,-1.17,-2.18,-0.098,-0.182,-0.088,-0.187,80.2,71.8
"2025-01-28 18:00:00",9152,13.1,405,0,-0.068,-1.12,-2.11,-0.095,-0.176,-0.077,-0.178,81.5,72.85
"2025-01-28 18:30:00",9153,13.08,405,0,-0.065,-1,-2.11,-0.085,-0.176,-0.068,-0.175,88,75.14
"2025-01-28 19:00:00",9154,13.07,405,0,-0.071,-1.24,-2.13,-0.104,-0.178,-0.086,-0.18,85.4,75.02
"2025-01-28 19:30:00",9155,13.05,405,0,-0.073,-1.26,-2.2,-0.107,-0.184,-0.089,-0.18,84.7,74.33
"2025-01-28 20:00:00",9156,13.03,405,0,-0.057,-0.91,-1.78,-0.078,-0.149,-0.053,-0.148,89.1,74.76
"2025-01-28 20:30:00",9157,13.03,405,0,-0.083,-1.46,-2.47,-0.123,-0.206,-0.108,-0.208,89,72.47
"2025-01-28 21:00:00",9158,13.02,405,0,-0.076,-1.32,-2.29,-0.111,-0.191,-0.089,-0.19,96.9,72.91
"2025-01-28 21:30:00",9159,13.02,405,0,-0.089,-1.62,-2.57,-0.136,-0.214,-0.131,-0.22,88.7,70.7
"2025-01-28 22:00:00",9160,13.02,405,0,-0.075,-1.26,-2.32,-0.107,-0.194,-0.081,-0.192,96.5,76.49
"2025-01-28 22:30:00",9161,13.02,405,0,-0.065,-0.98,-2.15,-0.083,-0.179,-0.058,-0.17,92.9,77.86
"2025-01-28 23:00:00",9162,13.02,405,0,-0.068,-1.07,-2.19,-0.091,-0.182,-0.079,-0.177,89.5,76.37
"2025-01-28 23:30:00",9163,13.03,405,0,-0.067,-1.04,-2.16,-0.088,-0.18,-0.07,-0.178,87.5,74.95
"2025-01-29 00:00:00",9164,13.03,405,0,-0.069,-1.11,-2.19,-0.094,-0.183,-0.076,-0.178,83,74.88
"2025-01-29 00:30:00",9165,13.03,405,0,-0.071,-1.21,-2.16,-0.102,-0.18,-0.083,-0.182,84.9,75.05
"2025-01-29 01:00:00",9166,13.03,405,0,-0.074,-1.28,-2.22,-0.108,-0.185,-0.086,-0.18,87.9,75.8
"2025-01-29 01:30:00",9167,13.03,405,0,-0.07,-1.21,-2.12,-0.102,-0.177,-0.08,-0.175,92.6,74.81
"2025-01-29 02:00:00",9168,13.02,405,0,-0.071,-1.19,-2.19,-0.101,-0.183,-0.082,-0.178,85.4,75.06
"2025-01-29 02:30:00",9169,13.02,405,0,-0.072,-1.26,-2.15,-0.107,-0.179,-0.085,-0.177,87,73.94
"2025-01-29 03:00:00",9170,13.02,405,0,-0.072,-1.24,-2.16,-0.105,-0.18,-0.09,-0.175,87.5,76.66
"2025-01-29 03:30:00",9171,13.02,405,0,-0.071,-1.17,-2.2,-0.098,-0.184,-0.084,-0.179,84.3,77.41
"2025-01-29 04:00:00",9172,13.02,405,0,-0.07,-1.22,-2.08,-0.102,-0.174,-0.076,-0.172,85.9,75.79
"2025-01-29 04:30:00",9173,13.01,405,0,-0.07,-1.19,-2.13,-0.1,-0.178,-0.078,-0.173,87.8,74.92
"2025-01-29 05:00:00",9174,13.02,405,0,-0.071,-1.22,-2.12,-0.102,-0.177,-0.08,-0.175,88.9,76.29
"2025-01-29 05:30:00",9175,13.01,405,0,-0.071,-1.22,-2.12,-0.102,-0.177,-0.08,-0.171,86.9,77.53
"2025-01-29 06:00:00",9176,13.01,405,0,-0.071,-1.21,-2.13,-0.102,-0.178,-0.08,-0.176,85.6,76.02
"2025-01-29 06:30:00",9177,13.01,405,0,-0.071,-1.25,-2.12,-0.106,-0.177,-0.084,-0.172,87.6,75.47
"2025-01-29 07:00:00",9178,13.01,405,0,-0.071,-1.25,-2.12,-0.105,-0.177,-0.083,-0.171,90.9,76.09
"2025-01-29 07:30:00",9179,13.01,405,0,-0.07,-1.24,-2.09,-0.105,-0.175,-0.079,-0.17,88.1,76.95
"2025-01-29 08:00:00",9180,13,405,0,-0.069,-1.15,-2.11,-0.097,-0.176,-0.058,-0.167,100,77.96
"2025-01-29 08:30:00",9181,13,405,0,-0.064,-1,-2.05,-0.084,-0.172,-0.05,-0.163,102.1,80.6
"2025-01-29 09:00:00",9182,13,405,0,-0.065,-1.03,-2.08,-0.087,-0.174,-0.061,-0.166,91.3,78.5
"2025-01-29 09:30:00",9183,13.01,405,0,-0.066,-1.08,-2.04,-0.092,-0.17,-0.077,-0.162,92.7,79.32
"2025-01-29 10:00:00",9184,13.02,405,0,-0.066,-1.07,-2.11,-0.091,-0.175,-0.076,-0.167,94.4,79.33
"2025-01-29 10:30:00",9185,13.02,405,0,-0.035,0.04,-1.91,0.003,-0.16,0,-0.145,108.1,82.8
"2025-01-29 11:00:00",9186,13.03,405,0,-0.085,-1.8,-2.11,-0.15,-0.176,-0.104,-0.168,93.7,78.61
"2025-01-29 11:30:00",9187,13.03,405,0,-0.036,0,-1.91,0,-0.159,-0.011,-0.148,98.6,80.8
"2025-01-29 12:00:00",9188,13.04,405,0,-0.078,-1.7,-1.9,-0.142,-0.158,-0.096,-0.147,104.4,81.3
"2025-01-29 12:30:00",9189,13.05,405,0,-0.078,-1.69,-1.88,-0.141,-0.157,-0.12,-0.142,108.6,84.7
"2025-01-29 13:00:00",9190,13.05,405,0,-0.019,0.63,-1.88,0.053,-0.158,0.067,-0.146,84.4,78.29
"2025-01-29 13:30:00",9191,13.05,405,0,-0.044,-0.42,-1.76,-0.037,-0.147,-0.041,-0.135,98,83.9
"2025-01-29 14:00:00",9192,13.06,405,0,-0.077,-1.73,-1.8,-0.145,-0.15,-0.111,-0.142,89.5,79.33
"2025-01-29 14:30:00",9193,13.06,405,0,-0.05,-0.62,-1.83,-0.053,-0.153,-0.048,-0.148,83.9,75.29
"2025-01-29 15:00:00",9194,13.06,405,0,-0.049,-0.61,-1.77,-0.052,-0.148,-0.034,-0.146,84.5,75.58
"2025-01-29 15:30:00",9195,13.05,405,0,-0.053,-0.84,-1.71,-0.072,-0.144,-0.105,-0.139,99.9,76.65
"2025-01-29 16:00:00",9196,13.05,405,0,-0.045,-0.59,-1.59,-0.051,-0.133,-0.003,-0.121,110,78.2
"2025-01-29 16:30:00",9197,13.05,405,0,-0.052,-0.84,-1.66,-0.072,-0.139,-0.059,-0.131,78.83,75.66
"2025-01-29 17:00:00",9198,13.04,405,0,-0.063,-1.12,-1.87,-0.095,-0.156,-0.084,-0.162,79.61,70.48
"2025-01-29 17:30:00",9199,13.04,405,0,-0.066,-1.22,-1.9,-0.103,-0.158,-0.088,-0.16,81.1,71.95
"2025-01-29 18:00:00",9200,13.03,405,0,-0.055,-0.83,-1.84,-0.071,-0.154,-0.05,-0.152,85.2,73.62
"2025-01-29 18:30:00",9201,13.02,405,0,-0.071,-1.39,-1.9,-0.116,-0.158,-0.098,-0.156,83.2,73.55
"2025-01-29 19:00:00",9202,13.02,405,0,-0.065,-1.15,-1.92,-0.097,-0.16,-0.082,-0.163,80.2,75.28
"2025-01-29 19:30:00",9203,13.01,405,0,-0.061,-1,-1.91,-0.085,-0.159,-0.059,-0.161,83.6,74.71
"2025-01-29 20:00:00",9204,13,405,0,-0.063,-1.15,-1.83,-0.097,-0.153,-0.066,-0.148,104.3,79.06
"2025-01-29 20:30:00",9205,13,405,0,-0.055,-0.83,-1.83,-0.071,-0.153,-0.036,-0.144,86.8,80.4
"2025-01-29 21:00:00",9206,13,405,0,-0.069,-1.25,-2.01,-0.105,-0.167,-0.095,-0.17,79.74,73.84
"2025-01-29 21:30:00",9207,12.99,405,0,-0.062,-1.03,-1.91,-0.086,-0.16,-0.072,-0.162,87.6,73.22
"2025-01-29 22:00:00",9208,12.99,405,0,-0.051,-0.65,-1.87,-0.055,-0.156,-0.042,-0.15,85.1,76.96
"2025-01-29 22:30:00",9209,12.98,405,0,-0.086,-1.87,-2.08,-0.156,-0.174,-0.134,-0.172,86.4,74.28
"2025-01-29 23:00:00",9210,12.98,405,0,-0.069,-1.29,-1.92,-0.108,-0.161,-0.094,-0.166,81.7,74.08
"2025-01-29 23:30:00",9211,12.98,405,0,-0.074,-1.4,-2.08,-0.118,-0.173,-0.107,-0.179,78.9,72.01
"2025-01-30 00:00:00",9212,12.97,405,0,-0.069,-1.19,-2.06,-0.101,-0.173,-0.082,-0.175,82.1,73.99
"2025-01-30 00:30:00",9213,12.97,405,0,-0.074,-1.33,-2.16,-0.112,-0.18,-0.097,-0.182,81.4,73.25
"2025-01-30 01:00:00",9214,12.96,405,0,-0.075,-1.36,-2.15,-0.115,-0.179,-0.104,-0.181,80.2,72.37
"2025-01-30 01:30:00",9215,12.95,405,0,-0.076,-1.36,-2.23,-0.115,-0.186,-0.103,-0.191,78.55,70.67
"2025-01-30 02:00:00",9216,12.94,405,0,-0.076,-1.32,-2.29,-0.111,-0.191,-0.096,-0.193,81.7,72.33
"2025-01-30 02:30:00",9217,12.94,405,0,-0.076,-1.33,-2.26,-0.113,-0.189,-0.098,-0.191,83.2,72.39
"2025-01-30 03:00:00",9218,12.93,405,0,-0.075,-1.29,-2.26,-0.109,-0.189,-0.094,-0.195,81.8,71.95
"2025-01-30 03:30:00",9219,12.92,405,0,-0.059,-1.05,-1.71,-0.089,-0.143,-0.071,-0.15,86.1,70.84
"2025-01-30 04:00:00",9220,12.91,405,0,-0.066,-1.04,-2.12,-0.088,-0.177,-0.083,-0.188,77.71,68.35
"2025-01-30 04:30:00",9221,12.91,405,0,-0.071,-1.25,-2.11,-0.105,-0.176,-0.091,-0.187,81.5,70.4
"2025-01-30 05:00:00",9222,12.9,405,0,-0.062,-1,-1.95,-0.085,-0.163,-0.084,-0.182,76.59,67.48
"2025-01-30 05:30:00",9223,12.89,405,0,-0.064,-1.17,-1.85,-0.099,-0.155,-0.098,-0.175,74.55,67.17
"2025-01-30 06:00:00",9224,12.89,405,0,-0.058,-0.96,-1.83,-0.081,-0.153,-0.075,-0.172,75.92,66.8
"2025-01-30 06:30:00",9225,12.89,405,0,-0.06,-1.01,-1.81,-0.086,-0.151,-0.085,-0.175,78.69,64.87
"2025-01-30 07:00:00",9226,12.89,405,0,-0.072,-1.31,-2.08,-0.11,-0.173,-0.103,-0.197,81.1,67.05
"2025-01-30 07:30:00",9227,12.89,405,0,-0.062,-0.9,-2.08,-0.077,-0.174,-0.061,-0.193,85.2,67.61
"2025-01-30 08:00:00",9228,12.89,405,0,-0.044,-0.59,-1.54,-0.051,-0.13,-0.04,-0.149,82.6,65.81
"2025-01-30 08:30:00",9229,12.89,405,0,-0.068,-1.28,-1.9,-0.108,-0.159,-0.107,-0.197,71.62,61.26
"2025-01-30 09:00:00",9230,12.89,405,0,-0.081,-1.63,-2.15,-0.136,-0.179,-0.142,-0.233,70.7,57.86
"2025-01-30 09:30:00",9231,12.9,405,0,-0.065,-1.26,-1.76,-0.106,-0.147,-0.111,-0.209,68.72,57.12
"2025-01-30 10:00:00",9232,12.91,405,0,-0.066,-1.04,-2.13,-0.088,-0.178,-0.079,-0.218,81.6,59.86
"2025-01-30 10:30:00",9233,12.92,405,0,-0.083,-1.54,-2.33,-0.13,-0.195,-0.116,-0.203,84.1,68.06
"2025-01-30 11:00:00",9234,12.93,405,0,-0.081,-1.63,-2.13,-0.137,-0.178,-0.111,-0.173,95,76.14
"2025-01-30 11:30:00",9235,12.94,405,0,-0.055,-0.73,-1.97,-0.062,-0.164,-0.099,-0.152,102.2,81.4
"2025-01-30 12:00:00",9236,12.94,405,0,-0.065,-1.21,-1.84,-0.102,-0.154,-0.07,-0.133,96.2,87.3
"2025-01-30 12:30:00",9237,12.95,405,0,-0.064,-1.11,-1.9,-0.094,-0.158,-0.076,-0.14,98,86.2
"2025-01-30 13:00:00",9238,12.96,405,0,-0.057,-0.89,-1.87,-0.076,-0.157,-0.062,-0.138,94.2,84.1
"2025-01-30 13:30:00",9239,12.96,405,0,-0.068,-1.21,-1.99,-0.102,-0.167,-0.073,-0.155,89.8,79.95
"2025-01-30 14:00:00",9240,12.96,405,0,-0.059,-0.98,-1.83,-0.084,-0.153,-0.066,-0.141,97.9,79.1
"2025-01-30 14:30:00",9241,12.96,405,0,-0.051,-0.68,-1.8,-0.058,-0.15,-0.032,-0.139,85.4,81.2
"2025-01-30 15:00:00",9242,12.96,405,0,-0.053,-0.72,-1.87,-0.061,-0.156,-0.036,-0.147,84.3,77.41
"2025-01-30 15:30:00",9243,12.96,405,0,-0.061,-1.03,-1.85,-0.086,-0.155,-0.064,-0.154,85.4,76.48
"2025-01-30 16:00:00",9244,12.96,405,0,-0.057,-0.87,-1.85,-0.074,-0.155,-0.048,-0.15,85.4,75.3
"2025-01-30 16:30:00",9245,12.96,405,0,-0.065,-1.11,-1.95,-0.094,-0.163,-0.074,-0.161,80.6,74.17
"2025-01-30 17:00:00",9246,12.95,405,0,-0.065,-1.12,-1.94,-0.095,-0.162,-0.075,-0.168,81.5,73.08
"2025-01-30 17:30:00",9247,12.95,405,0,-0.066,-1.11,-2.04,-0.093,-0.17,-0.079,-0.176,80.6,73.19
"2025-01-30 18:00:00",9248,12.93,405,0,-0.065,-1.05,-2.06,-0.09,-0.173,-0.071,-0.175,83.5,72.44
"2025-01-30 18:30:00",9249,12.93,405,0,-0.069,-1.21,-2.08,-0.102,-0.173,-0.087,-0.171,82,74.12
"2025-01-30 19:00:00",9250,12.92,405,0,-0.073,-1.28,-2.15,-0.108,-0.179,-0.088,-0.181,82.8,73.92
"2025-01-30 19:30:00",9251,12.92,405,0,-0.071,-1.21,-2.15,-0.101,-0.179,-0.083,-0.177,87.5,72.93
"2025-01-30 20:00:00",9252,12.91,405,0,-0.071,-1.26,-2.08,-0.107,-0.174,-0.08,-0.169,88.8,75.73
"2025-01-30 20:30:00",9253,12.91,405,0,-0.07,-1.24,-2.08,-0.104,-0.173,-0.081,-0.171,88.3,77.23
"2025-01-30 21:00:00",9254,12.91,405,0,-0.069,-1.18,-2.08,-0.1,-0.174,-0.081,-0.169,86.5,76.12
"2025-01-30 21:30:00",9255,12.9,405,0,-0.071,-1.28,-2.06,-0.108,-0.172,-0.081,-0.167,88.2,78.54
"2025-01-30 22:00:00",9256,12.91,405,0,-0.069,-1.18,-2.06,-0.1,-0.172,-0.081,-0.167,87.4,76.3
"2025-01-30 22:30:00",9257,12.91,405,0,-0.068,-1.19,-2.01,-0.101,-0.168,-0.079,-0.163,90.6,77.05
"2025-01-30 23:00:00",9258,12.9,405,0,-0.067,-1.15,-2.01,-0.098,-0.167,-0.079,-0.162,90.1,78.73
"2025-01-30 23:30:00",9259,12.9,405,0,-0.068,-1.19,-2.02,-0.101,-0.169,-0.079,-0.16,88.9,78.31
"2025-01-31 00:00:00",9260,12.91,405,0,-0.063,-1.03,-1.97,-0.087,-0.165,-0.065,-0.153,93.9,77.33
"2025-01-31 00:30:00",9261,12.91,405,0,-0.07,-1.29,-1.98,-0.108,-0.165,-0.086,-0.153,88.8,76.95
"2025-01-31 01:00:00",9262,12.91,405,0,-0.067,-1.18,-1.99,-0.099,-0.167,-0.081,-0.162,88.2,76.89
"2025-01-31 01:30:00",9263,12.91,405,0,-0.067,-1.19,-1.98,-0.101,-0.165,-0.078,-0.163,87.4,75.27
"2025-01-31 02:00:00",9264,12.91,405,0,-0.067,-1.18,-1.98,-0.1,-0.165,-0.082,-0.16,87.9,75.57
"2025-01-31 02:30:00",9265,12.91,405,0,-0.068,-1.24,-1.94,-0.104,-0.163,-0.081,-0.161,88.5,76.13
"2025-01-31 03:00:00",9266,12.91,405,0,-0.067,-1.14,-2.02,-0.096,-0.169,-0.073,-0.16,89.5,76.88
"2025-01-31 03:30:00",9267,12.9,405,0,-0.063,-1.04,-1.98,-0.088,-0.166,-0.066,-0.161,92,78.19
"2025-01-31 04:00:00",9268,12.9,405,0,-0.064,-1.05,-2.01,-0.089,-0.168,-0.063,-0.159,93.7,77.32
"2025-01-31 04:30:00",9269,12.9,405,0,-0.063,-1.08,-1.92,-0.091,-0.161,-0.069,-0.156,91.4,78.07
"2025-01-31 05:00:00",9270,12.9,405,0,-0.064,-1.07,-1.95,-0.09,-0.163,-0.064,-0.155,90.9,77.75
"2025-01-31 05:30:00",9271,12.9,405,0,-0.067,-1.18,-1.97,-0.1,-0.165,-0.081,-0.156,90.6,78.51
"2025-01-31 06:00:00",9272,12.9,405,0,-0.071,-1.39,-1.94,-0.116,-0.162,-0.098,-0.153,86.3,78.94
"2025-01-31 06:30:00",9273,12.9,405,0,-0.052,-0.65,-1.88,-0.055,-0.158,-0.021,-0.149,92,78.38
"2025-01-31 07:00:00",9274,12.9,405,0,-0.07,-1.31,-1.98,-0.11,-0.166,-0.091,-0.16,84.6,75.76
"2025-01-31 07:30:00",9275,12.9,405,0,-0.069,-1.29,-1.97,-0.108,-0.164,-0.09,-0.159,83.4,76.26
"2025-01-31 08:00:00",9276,12.89,405,0,-0.068,-1.19,-1.99,-0.101,-0.167,-0.078,-0.158,88.2,75.64
"2025-01-31 08:30:00",9277,12.89,405,0,-0.068,-1.25,-1.97,-0.105,-0.165,-0.082,-0.156,87.5,76.64
"2025-01-31 09:00:00",9278,12.89,405,0,-0.064,-1.14,-1.9,-0.096,-0.159,-0.07,-0.15,91.4,79.81
"2025-01-31 09:30:00",9279,12.89,405,0,-0.064,-1.1,-1.94,-0.092,-0.162,-0.063,-0.154,95,77.64
"2025-01-31 10:00:00",9280,12.89,405,0,-0.063,-1.07,-1.9,-0.09,-0.158,-0.065,-0.143,94.5,79.89
"2025-01-31 10:30:00",9281,12.89,405,0,-0.061,-1.04,-1.85,-0.088,-0.155,-0.065,-0.143,99.2,81.9
"2025-01-31 11:00:00",9282,12.89,405,0,-0.064,-1.14,-1.87,-0.096,-0.157,-0.073,-0.141,93.6,80.7
"2025-01-31 11:30:00",9283,12.9,405,0,-0.062,-1.1,-1.83,-0.093,-0.153,-0.075,-0.141,95.5,80.9
"2025-01-31 12:00:00",9284,12.89,405,0,-0.066,-1.29,-1.8,-0.108,-0.151,-0.089,-0.139,90.8,78.48
"2025-01-31 12:30:00",9285,12.9,405,0,-0.063,-1.17,-1.77,-0.099,-0.148,-0.07,-0.136,91.8,80.2
"2025-01-31 13:00:00",9286,12.89,405,0,-0.064,-1.22,-1.76,-0.103,-0.147,-0.077,-0.131,91,79.68
"2025-01-31 13:30:00",9287,12.9,405,0,-0.065,-1.22,-1.8,-0.103,-0.15,-0.08,-0.138,88.2,78.12
"2025-01-31 14:00:00",9288,12.9,405,0,-0.064,-1.22,-1.78,-0.103,-0.15,-0.083,-0.148,81.3,77.12
"2025-01-31 14:30:00",9289,12.9,405,0,-0.063,-1.17,-1.77,-0.098,-0.148,-0.072,-0.139,94.3,80.7
"2025-01-31 15:00:00",9290,12.89,405,0,-0.058,-1.03,-1.69,-0.087,-0.141,-0.058,-0.129,97.9,81.8
"2025-01-31 15:30:00",9291,12.9,405,0,-0.064,-1.21,-1.8,-0.102,-0.15,-0.069,-0.135,103.4,80.1
"2025-01-31 16:00:00",9292,12.9,405,0,-0.06,-1.15,-1.67,-0.097,-0.141,-0.07,-0.128,91.4,81.5
"2025-01-31 16:30:00",9293,12.9,405,0,-0.051,-0.82,-1.64,-0.069,-0.137,-0.035,-0.128,89.4,78.51
"2025-01-31 17:00:00",9294,12.9,405,0,-0.053,-0.84,-1.67,-0.072,-0.14,-0.045,-0.131,86.3,75.95
"2025-01-31 17:30:00",9295,12.89,405,0,-0.058,-0.98,-1.74,-0.083,-0.145,-0.064,-0.147,82.1,74.5
"2025-01-31 18:00:00",9296,12.89,405,0,-0.062,-1.11,-1.8,-0.094,-0.151,-0.075,-0.145,86,75.13
"2025-01-31 18:30:00",9297,12.89,405,0,-0.064,-1.19,-1.83,-0.101,-0.152,-0.071,-0.144,91.8,78.24
"2025-01-31 19:00:00",9298,12.88,405,0,-0.063,-1.15,-1.81,-0.097,-0.151,-0.078,-0.146,87.9,76.81
"2025-01-31 19:30:00",9299,12.88,405,0,-0.065,-1.24,-1.8,-0.104,-0.15,-0.085,-0.149,88.4,77.06
"2025-01-31 20:00:00",9300,12.88,405,0,-0.067,-1.33,-1.8,-0.113,-0.15,-0.093,-0.141,86.2,77.55
"2025-01-31 20:30:00",9301,12.88,405,0,-0.064,-1.18,-1.83,-0.1,-0.153,-0.07,-0.144,91.3,78.43
"2025-01-31 21:00:00",9302,12.88,405,0,-0.069,-1.33,-1.9,-0.113,-0.158,-0.089,-0.149,88.1,76.5
"2025-01-31 21:30:00",9303,12.88,405,0,-0.069,-1.35,-1.87,-0.114,-0.156,-0.094,-0.147,83.8,79.42
"2025-01-31 22:00:00",9304,12.87,405,0,-0.081,-1.78,-1.94,-0.15,-0.162,-0.13,-0.157,85.3,77.62
"2025-01-31 22:30:00",9305,12.88,405,0,-0.084,-1.88,-1.94,-0.157,-0.162,-0.136,-0.152,87.9,78.24
"2025-01-31 23:00:00",9306,12.87,405,0,-0.079,-1.74,-1.85,-0.146,-0.155,-0.125,-0.153,87.5,77.87
"2025-01-31 23:30:00",9307,12.87,405,0,-0.077,-1.63,-1.9,-0.136,-0.158,-0.116,-0.149,88.2,77.32
"2025-02-01 00:00:00",9308,12.87,405,0,-0.075,-1.62,-1.85,-0.135,-0.155,-0.111,-0.146,93.9,77.82
"2025-02-01 00:30:00",9309,12.87,405,0,-0.073,-1.49,-1.9,-0.125,-0.159,-0.097,-0.146,93.6,79
"2025-02-01 01:00:00",9310,12.87,405,0,-0.074,-1.56,-1.87,-0.131,-0.156,-0.107,-0.147,87.9,79.74
"2025-02-01 01:30:00",9311,12.87,405,0,-0.071,-1.45,-1.85,-0.122,-0.155,-0.098,-0.149,86.6,78.93
"2025-02-01 02:00:00",9312,12.86,405,0,-0.07,-1.4,-1.87,-0.118,-0.156,-0.098,-0.147,89.4,75.76
"2025-02-01 02:30:00",9313,12.86,405,0,-0.072,-1.46,-1.87,-0.123,-0.156,-0.103,-0.151,88.4,77.32
"2025-02-01 03:00:00",9314,12.86,405,0,-0.069,-1.33,-1.87,-0.113,-0.156,-0.089,-0.147,89.7,78.55
"2025-02-01 03:30:00",9315,12.86,405,0,-0.069,-1.35,-1.88,-0.114,-0.157,-0.094,-0.155,86.1,74.75
"2025-02-01 04:00:00",9316,12.86,405,0,-0.055,-0.83,-1.84,-0.071,-0.154,-0.055,-0.156,75.56,74.87
"2025-02-01 04:30:00",9317,12.86,405,0,-0.06,-0.94,-1.91,-0.08,-0.16,-0.069,-0.158,78.96,74.56
"2025-02-01 05:00:00",9318,12.85,405,0,-0.058,-0.84,-1.94,-0.072,-0.162,-0.061,-0.164,80.5,72.87
"2025-02-01 05:30:00",9319,12.84,405,0,-0.064,-1.07,-1.98,-0.09,-0.165,-0.075,-0.164,81.2,73.05
"2025-02-01 06:00:00",9320,12.84,405,0,-0.056,-0.8,-1.9,-0.069,-0.158,-0.046,-0.161,88.7,76.34
"2025-02-01 06:30:00",9321,12.84,405,0,-0.065,-1.11,-1.95,-0.094,-0.163,-0.075,-0.161,84.2,78.02
"2025-02-01 07:00:00",9322,12.84,405,0,-0.061,-0.98,-1.95,-0.083,-0.163,-0.063,-0.165,88.8,73.67
"2025-02-01 07:30:00",9323,12.83,405,0,-0.062,-1.1,-1.85,-0.092,-0.155,-0.066,-0.15,89.2,78.59
"2025-02-01 08:00:00",9324,12.83,405,0,-0.066,-1.14,-1.97,-0.096,-0.164,-0.08,-0.162,81.6,77.46
"2025-02-01 08:30:00",9325,12.83,405,0,-0.056,-0.84,-1.85,-0.072,-0.155,-0.06,-0.157,78.57,74.17
"2025-02-01 09:00:00",9326,12.82,405,0,-0.05,-0.58,-1.9,-0.049,-0.158,-0.026,-0.156,81.4,77.01
"2025-02-01 09:30:00",9327,12.82,405,0,-0.054,-0.7,-1.91,-0.06,-0.16,-0.039,-0.161,79.32,76.65
"2025-02-01 10:00:00",9328,12.82,405,0,-0.031,-0.07,-1.57,-0.009,-0.132,0.012,-0.13,85.5,81.6
"2025-02-01 10:30:00",9329,12.82,405,0,-0.041,-0.37,-1.7,-0.033,-0.143,-0.012,-0.137,84.8,75.65
"2025-02-01 11:00:00",9330,12.82,405,0,-0.015,0.39,-1.32,0.033,-0.111,0.06,-0.11,89.1,79.44
"2025-02-01 11:30:00",9331,12.82,405,0,0,0.88,-1.17,0.073,-0.098,0.114,-0.086,87.5,83.8
"2025-02-01 12:00:00",9332,12.82,405,0,-0.001,0.87,-1.22,0.071,-0.103,0.104,-0.094,90.9,82
"2025-02-01 12:30:00",9333,12.82,405,0,0.028,1.72,-0.77,0.142,-0.065,0.202,-0.05,100.7,83.1
"2025-02-01 13:00:00",9334,12.82,405,0,0.048,2.37,-0.55,0.196,-0.048,0.236,-0.043,87.5,83.6
"2025-02-01 13:30:00",9335,12.82,405,0,0.084,3.45,-0.12,0.285,-0.011,0.333,-0.007,90,82.1
"2025-02-01 14:00:00",9336,12.82,405,0,0.109,4.2,0.18,0.347,0.015,0.394,0.022,90.8,84.7
"2025-02-01 14:30:00",9337,12.82,405,0,0.106,4.17,0.08,0.345,0.007,0.381,0.014,87.4,81.5
"2025-02-01 15:00:00",9338,12.81,405,0,0.107,4.23,0.08,0.35,0.007,0.386,0.018,89.3,82.9
"2025-02-01 15:30:00",9339,12.81,405,0,0.099,3.88,0.13,0.321,0.011,0.377,0.021,95,82.2
"2025-02-01 16:00:00",9340,12.81,405,0,0.124,4.71,0.35,0.389,0.029,0.423,0.035,87.7,84.1
"2025-02-01 16:30:00",9341,12.81,405,0,0.133,5.07,0.32,0.419,0.026,0.442,0.029,83.8,82.1
"2025-02-01 17:00:00",9342,12.81,405,0,0.121,4.61,0.32,0.381,0.027,0.412,0.023,84.6,78.49
"2025-02-01 17:30:00",9343,12.8,405,0,0.111,4.34,0.14,0.359,0.012,0.39,0.008,84.7,79.53
"2025-02-01 18:00:00",9344,12.8,405,0,0.085,3.56,-0.21,0.294,-0.02,0.334,-0.023,88.3,78.14
"2025-02-01 18:30:00",9345,12.79,405,0,0.071,3.21,-0.45,0.265,-0.039,0.3,-0.043,90.1,77.52
"2025-02-01 19:00:00",9346,12.79,405,0,0.044,2.3,-0.68,0.19,-0.058,0.226,-0.057,86.8,79.94
"2025-02-01 19:30:00",9347,12.78,405,0,0.029,1.86,-0.91,0.153,-0.078,0.191,-0.076,86.5,76.15
"2025-02-01 20:00:00",9348,12.77,405,0,0.01,1.25,-1.1,0.104,-0.093,0.139,-0.095,85.8,76.64
"2025-02-01 20:30:00",9349,12.77,405,0,-0.001,0.88,-1.24,0.073,-0.105,0.108,-0.107,89.1,76.75
"2025-02-01 21:00:00",9350,12.76,405,0,-0.004,0.87,-1.36,0.072,-0.114,0.105,-0.116,85.6,75.69
"2025-02-01 21:30:00",9351,12.76,405,0,-0.012,0.63,-1.49,0.052,-0.125,0.085,-0.123,86,76.13
"2025-02-01 22:00:00",9352,12.76,405,0,-0.016,0.48,-1.49,0.04,-0.125,0.073,-0.127,86.1,75.75
"2025-02-01 22:30:00",9353,12.75,405,0,-0.025,0.21,-1.6,0.018,-0.134,0.047,-0.136,86,75.62
"2025-02-01 23:00:00",9354,12.75,405,0,-0.025,0.2,-1.59,0.017,-0.133,0.049,-0.135,88.8,75.51
"2025-02-01 23:30:00",9355,12.74,405,0,-0.033,-0.07,-1.64,-0.008,-0.138,0.024,-0.132,87.5,77.66
"2025-02-02 00:00:00",9356,12.74,405,0,-0.035,-0.09,-1.73,-0.009,-0.145,0.021,-0.143,86.5,74.12
"2025-02-02 00:30:00",9357,12.74,405,0,-0.042,-0.34,-1.76,-0.031,-0.146,-0.004,-0.145,85.4,74.81
"2025-02-02 01:00:00",9358,12.73,405,0,-0.05,-0.52,-1.94,-0.045,-0.162,-0.028,-0.157,84.2,75.11
"2025-02-02 01:30:00",9359,12.73,405,0,-0.102,-2.09,-2.61,-0.175,-0.217,-0.174,-0.219,76.47,71.08
"2025-02-02 02:00:00",9360,12.72,405,0,-0.081,-1.25,-2.64,-0.105,-0.22,-0.1,-0.221,76.96,71.81
"2025-02-02 02:30:00",9361,12.72,405,0,-0.087,-1.63,-2.46,-0.137,-0.205,-0.136,-0.211,75.16,72.49
"2025-02-02 03:00:00",9362,12.72,405,0,-0.116,-2.53,-2.79,-0.211,-0.233,-0.209,-0.239,72.56,69.15
"2025-02-02 03:30:00",9363,12.72,405,0,-0.11,-2.32,-2.74,-0.193,-0.227,-0.168,-0.233,85.8,71.75
"2025-02-02 04:00:00",9364,12.71,405,0,-0.109,-2.33,-2.67,-0.194,-0.222,-0.187,-0.225,79.25,72.37
"2025-02-02 04:30:00",9365,12.71,405,0,-0.098,-1.91,-2.67,-0.16,-0.222,-0.148,-0.225,78.63,70.76
"2025-02-02 05:00:00",9366,12.71,405,0,-0.083,-1.49,-2.43,-0.125,-0.203,-0.108,-0.205,85.3,71.74
"2025-02-02 05:30:00",9367,12.71,405,0,-0.106,-2.34,-2.53,-0.196,-0.211,-0.195,-0.214,77.25,68.64
"2025-02-02 06:00:00",9368,12.7,405,0,-0.009,1.11,-1.97,0.091,-0.164,0.113,-0.163,109.9,73.97
"2025-02-02 06:30:00",9369,12.7,405,0,-0.076,-1.05,-2.65,-0.089,-0.221,-0.089,-0.235,71.86,66.47
"2025-02-02 07:00:00",9370,12.7,405,0,-0.084,-1.4,-2.58,-0.118,-0.215,-0.106,-0.226,81.7,71.37
"2025-02-02 07:30:00",9371,12.7,405,0,-0.117,-2.61,-2.74,-0.217,-0.228,-0.216,-0.238,76.7,66.84
"2025-02-02 08:00:00",9372,12.7,405,0,-0.057,-0.73,-2.06,-0.063,-0.173,-0.05,-0.193,88.4,68.15
"2025-02-02 08:30:00",9373,12.7,405,0,-0.053,-0.72,-1.85,-0.062,-0.155,-0.068,-0.175,71.94,67.78
"2025-02-02 09:00:00",9374,12.71,405,0,-0.068,-1.22,-1.99,-0.103,-0.167,-0.088,-0.182,95.5,68.73
"2025-02-02 09:30:00",9375,12.71,405,0,-0.07,-1.24,-2.06,-0.104,-0.173,-0.076,-0.192,105.2,66.58
"2025-02-02 10:00:00",9376,12.72,405,0,-0.077,-1.62,-1.94,-0.135,-0.162,-0.147,-0.191,69.07,63.68
"2025-02-02 10:30:00",9377,12.72,405,0,-0.089,-2.23,-1.73,-0.187,-0.145,-0.202,-0.188,58.66,60.71
"2025-02-02 11:00:00",9378,12.73,405,0,-0.065,-1.7,-1.21,-0.142,-0.102,-0.164,-0.148,58.12,62.65
"2025-02-02 11:30:00",9379,12.74,405,0,-0.038,-0.72,-1.04,-0.061,-0.087,-0.077,-0.127,64.33,65.39
"2025-02-02 12:00:00",9380,12.74,405,0,-0.035,-0.62,-1.01,-0.054,-0.086,-0.053,-0.104,72.11,70.44
"2025-02-02 12:30:00",9381,12.75,405,0,-0.035,-0.77,-0.8,-0.066,-0.068,-0.049,-0.06,92.4,78.07
"2025-02-02 13:00:00",9382,12.75,405,0,0.019,0.94,-0.19,0.078,-0.018,0.141,0.003,109.6,85.3
"2025-02-02 13:30:00",9383,12.76,405,0,0.055,1.95,0.32,0.161,0.027,0.228,0.06,102.2,90.6
"2025-02-02 14:00:00",9384,12.76,405,0,0.059,2.09,0.36,0.173,0.03,0.236,0.062,98.3,92.2
"2025-02-02 14:30:00",9385,12.76,405,0,0.045,1.88,-0.06,0.155,-0.007,0.218,0.029,97,91.9
"2025-02-02 15:00:00",9386,12.76,405,0,0.035,1.65,-0.31,0.136,-0.028,0.194,-0.003,100,85.7
"2025-02-02 15:30:00",9387,12.76,405,0,0.009,0.92,-0.73,0.076,-0.063,0.121,-0.038,95.5,83.9
"2025-02-02 16:00:00",9388,12.76,405,0,0.001,0.8,-0.98,0.066,-0.083,0.111,-0.068,90.3,83.2
"2025-02-02 16:30:00",9389,12.76,405,0,-0.012,0.39,-1.17,0.032,-0.098,0.078,-0.086,93.6,78.98
"2025-02-02 17:00:00",9390,12.75,405,0,-0.02,0.2,-1.32,0.017,-0.111,0.048,-0.106,89,78.11
"2025-02-02 17:30:00",9391,12.75,405,0,-0.026,0,-1.42,0,-0.119,0.032,-0.114,91,78.42
"2025-02-02 18:00:00",9392,12.75,405,0,-0.034,-0.17,-1.56,-0.017,-0.131,0.016,-0.122,91,77.92
"2025-02-02 18:30:00",9393,12.74,405,0,-0.037,-0.28,-1.6,-0.025,-0.134,0.004,-0.125,87.5,77.93
"2025-02-02 19:00:00",9394,12.74,405,0,-0.041,-0.4,-1.67,-0.034,-0.14,-0.008,-0.135,88.2,77.79
"2025-02-02 19:30:00",9395,12.73,405,0,-0.043,-0.42,-1.74,-0.037,-0.146,-0.012,-0.14,90.3,76.92
"2025-02-02 20:00:00",9396,12.74,405,0,-0.046,-0.52,-1.74,-0.046,-0.146,-0.016,-0.14,88.6,77.49
"2025-02-02 20:30:00",9397,12.73,405,0,-0.051,-0.68,-1.78,-0.058,-0.149,-0.032,-0.14,89.8,77.49
"2025-02-02 21:00:00",9398,12.73,405,0,-0.049,-0.59,-1.81,-0.051,-0.152,-0.025,-0.15,89.5,76.36
"2025-02-02 21:30:00",9399,12.72,405,0,-0.052,-0.72,-1.83,-0.062,-0.152,-0.036,-0.147,90.3,77.24
"2025-02-02 22:00:00",9400,12.73,405,0,-0.054,-0.72,-1.91,-0.062,-0.16,-0.036,-0.151,91.2,77.36
"2025-02-02 22:30:00",9401,12.72,405,0,-0.055,-0.77,-1.91,-0.066,-0.16,-0.036,-0.151,90.6,76.75
"2025-02-02 23:00:00",9402,12.72,405,0,-0.055,-0.77,-1.87,-0.066,-0.156,-0.04,-0.151,88.3,77.18
"2025-02-02 23:30:00",9403,12.72,405,0,-0.056,-0.82,-1.9,-0.069,-0.158,-0.039,-0.149,88.7,77.05
"2025-02-03 00:00:00",9404,12.72,405,0,-0.056,-0.76,-1.95,-0.065,-0.163,-0.039,-0.154,90.3,78.48
"2025-02-03 00:30:00",9405,12.72,405,0,-0.059,-0.93,-1.91,-0.078,-0.16,-0.048,-0.151,91.4,77.8
"2025-02-03 01:00:00",9406,12.72,405,0,-0.058,-0.87,-1.91,-0.074,-0.16,-0.052,-0.151,88.7,77.62
"2025-02-03 01:30:00",9407,12.72,405,0,-0.059,-0.91,-1.91,-0.078,-0.159,-0.052,-0.154,89.4,77.06
"2025-02-03 02:00:00",9408,12.72,405,0,-0.06,-0.91,-1.99,-0.078,-0.166,-0.051,-0.157,90.6,77.99
"2025-02-03 02:30:00",9409,12.71,405,0,-0.058,-0.87,-1.9,-0.074,-0.159,-0.047,-0.15,89.1,77
"2025-02-03 03:00:00",9410,12.72,405,0,-0.059,-0.87,-1.95,-0.074,-0.163,-0.048,-0.154,89.1,77.25
"2025-02-03 03:30:00",9411,12.71,405,0,-0.056,-0.82,-1.91,-0.069,-0.159,-0.043,-0.15,91,78.62
"2025-02-03 04:00:00",9412,12.71,405,0,-0.059,-0.94,-1.9,-0.08,-0.159,-0.057,-0.15,86.9,76.32
"2025-02-03 04:30:00",9413,12.71,405,0,-0.061,-0.94,-1.99,-0.079,-0.167,-0.069,-0.165,80.8,73.89
"2025-02-03 05:00:00",9414,12.71,405,0,-0.059,-0.87,-1.97,-0.074,-0.164,-0.055,-0.166,81.4,73.56
"2025-02-03 05:30:00",9415,12.71,405,0,-0.057,-0.79,-1.99,-0.067,-0.167,-0.048,-0.169,82.1,74.23
"2025-02-03 06:00:00",9416,12.7,405,0,-0.058,-0.82,-2.01,-0.069,-0.168,-0.046,-0.166,86.1,75.96
"2025-02-03 06:30:00",9417,12.7,405,0,-0.058,-0.82,-1.99,-0.069,-0.166,-0.051,-0.164,85.2,73.86
"2025-02-03 07:00:00",9418,12.7,405,0,-0.06,-0.91,-1.99,-0.077,-0.166,-0.054,-0.164,85,75.59
"2025-02-03 07:30:00",9419,12.69,405,0,-0.057,-0.8,-1.97,-0.068,-0.165,-0.041,-0.159,87.6,74.54
"2025-02-03 08:00:00",9420,12.69,405,0,-0.058,-0.86,-1.92,-0.073,-0.16,-0.043,-0.159,91.6,77.52
"2025-02-03 08:30:00",9421,12.69,405,0,-0.052,-0.7,-1.81,-0.06,-0.152,-0.021,-0.143,102.3,80.8
"2025-02-03 09:00:00",9422,12.68,405,0,-0.044,-0.54,-1.64,-0.047,-0.137,0.003,-0.118,107.7,84.1
"2025-02-03 09:30:00",9423,12.69,405,0,-0.034,-0.28,-1.45,-0.026,-0.122,0.021,-0.1,107.1,86.3
"2025-02-03 10:00:00",9424,12.69,405,0,-0.026,-0.02,-1.36,-0.004,-0.115,0.05,-0.086,109.3,88
"2025-02-03 10:30:00",9425,12.7,405,0,-0.008,0.56,-1.17,0.046,-0.098,0.096,-0.069,99.2,91.1
"2025-02-03 11:00:00",9426,12.7,405,0,0,0.8,-1.01,0.066,-0.085,0.115,-0.066,97.7,85
"2025-02-03 11:30:00",9427,12.71,405,0,0.036,1.82,-0.48,0.15,-0.042,0.218,-0.017,107.8,90.5
"2025-02-03 12:00:00",9428,12.71,405,0,0.078,3.08,0.04,0.254,0.004,0.32,0.034,100.5,88.4
"2025-02-03 12:30:00",9429,12.72,405,0,0.115,4.12,0.66,0.34,0.055,0.407,0.087,98.3,91.9
"2025-02-03 13:00:00",9430,12.72,405,0,0.172,5.97,1.2,0.493,0.099,0.538,0.124,88.6,88.9
"2025-02-03 13:30:00",9431,12.72,405,0,0.192,6.5,1.54,0.537,0.128,0.584,0.148,89.7,88.8
"2025-02-03 14:00:00",9432,12.72,405,0,0.208,6.82,1.99,0.564,0.164,0.614,0.186,88.3,89.1
"2025-02-03 14:30:00",9433,12.72,405,0,0.222,7.31,2.07,0.604,0.171,0.653,0.199,89.1,88.1
"2025-02-03 15:00:00",9434,12.72,405,0,0.221,7.19,2.17,0.594,0.179,0.64,0.204,87.9,86.5
"2025-02-03 15:30:00",9435,12.72,405,0,0.242,7.83,2.41,0.647,0.199,0.683,0.216,86.5,85.8
"2025-02-03 16:00:00",9436,12.72,405,0,0.242,7.86,2.38,0.649,0.197,0.686,0.223,87.4,89
"2025-02-03 16:30:00",9437,12.71,405,0,0.253,8.46,2.16,0.699,0.178,0.702,0.191,82.3,83.6
"2025-02-03 17:00:00",9438,12.72,405,0,0.232,7.79,1.93,0.644,0.159,0.657,0.162,82.8,83.8
"2025-02-03 17:30:00",9439,12.71,405,0,0.193,6.61,1.43,0.547,0.118,0.577,0.118,85.4,83
"2025-02-03 18:00:00",9440,12.71,405,0,0.145,5.23,0.74,0.431,0.061,0.471,0.064,87.9,81.3
"2025-02-03 18:30:00",9441,12.7,405,0,0.096,3.82,0.04,0.316,0.004,0.362,0.011,89.9,79.77
"2025-02-03 19:00:00",9442,12.7,405,0,0.064,2.82,-0.3,0.232,-0.027,0.273,-0.022,92.4,81.3
"2025-02-03 19:30:00",9443,12.7,405,0,0.041,2.12,-0.63,0.175,-0.054,0.214,-0.049,89.8,79.15
"2025-02-03 20:00:00",9444,12.69,405,0,0.018,1.41,-0.91,0.117,-0.077,0.16,-0.076,88.3,78.21
"2025-02-03 20:30:00",9445,12.69,405,0,0,0.84,-1.08,0.069,-0.091,0.118,-0.079,97.4,83
"2025-02-03 21:00:00",9446,12.68,405,0,-0.011,0.48,-1.24,0.04,-0.105,0.086,-0.092,96.2,80.4
"2025-02-03 21:30:00",9447,12.68,405,0,-0.011,0.52,-1.29,0.043,-0.109,0.075,-0.107,88.9,78.98
"2025-02-03 22:00:00",9448,12.69,405,0,-0.024,0.15,-1.49,0.013,-0.124,0.053,-0.116,90.2,80.1
"2025-02-03 22:30:00",9449,12.68,405,0,-0.023,0.15,-1.45,0.013,-0.122,0.046,-0.113,87.6,79.47
"2025-02-03 23:00:00",9450,12.69,405,0,-0.027,0.06,-1.5,0.004,-0.126,0.034,-0.121,89.3,76.92
"2025-02-03 23:30:00",9451,12.68,405,0,-0.03,-0.03,-1.54,-0.004,-0.13,0.029,-0.124,86.9,78.78
"2025-02-04 00:00:00",9452,12.68,405,0,-0.03,-0.03,-1.54,-0.004,-0.129,0.032,-0.128,89.9,76.79
"2025-02-04 00:30:00",9453,12.68,405,0,-0.032,-0.07,-1.59,-0.009,-0.133,0.025,-0.127,86.9,76.54
"2025-02-04 01:00:00",9454,12.68,405,0,-0.036,-0.17,-1.67,-0.017,-0.14,0.012,-0.131,89.1,77.78
"2025-02-04 01:30:00",9455,12.67,405,0,-0.035,-0.19,-1.63,-0.017,-0.136,0.012,-0.131,89.4,77.78
"2025-02-04 02:00:00",9456,12.67,405,0,-0.034,-0.13,-1.66,-0.013,-0.139,0.013,-0.134,87.3,76.47
"2025-02-04 02:30:00",9457,12.67,405,0,-0.038,-0.24,-1.67,-0.022,-0.14,0.004,-0.139,87.4,78.25
"2025-02-04 03:00:00",9458,12.67,405,0,-0.041,-0.34,-1.71,-0.03,-0.143,0.004,-0.138,87.7,75.08
"2025-02-04 03:30:00",9459,12.67,405,0,-0.038,-0.24,-1.7,-0.022,-0.143,0.004,-0.134,88.1,75.51
"2025-02-04 04:00:00",9460,12.66,405,0,-0.041,-0.34,-1.71,-0.031,-0.143,0,-0.142,88.6,76.01
"2025-02-04 04:30:00",9461,12.66,405,0,-0.039,-0.28,-1.71,-0.026,-0.143,0.004,-0.134,88.4,75.57
"2025-02-04 05:00:00",9462,12.66,405,0,-0.039,-0.24,-1.73,-0.022,-0.144,0.008,-0.139,88.7,75.32
"2025-02-04 05:30:00",9463,12.65,405,0,-0.038,-0.24,-1.69,-0.022,-0.141,0.009,-0.14,86,74.63
"2025-02-04 06:00:00",9464,12.65,405,0,-0.039,-0.28,-1.7,-0.026,-0.143,0.004,-0.141,88.3,75.25
"2025-02-04 06:30:00",9465,12.65,405,0,-0.04,-0.3,-1.71,-0.027,-0.144,0.004,-0.142,84.6,75.75
"2025-02-04 07:00:00",9466,12.64,405,0,-0.041,-0.34,-1.71,-0.03,-0.143,0,-0.142,90.3,78.23
"2025-02-04 07:30:00",9467,12.65,405,0,-0.033,-0.12,-1.6,-0.011,-0.135,0.035,-0.115,109.8,83
"2025-02-04 08:00:00",9468,12.64,405,0,-0.035,-0.17,-1.62,-0.016,-0.135,0.023,-0.123,95.3,81.4
"2025-02-04 08:30:00",9469,12.65,405,0,-0.024,0.1,-1.43,0.008,-0.121,0.052,-0.108,101.2,79.94
"2025-02-04 09:00:00",9470,12.64,405,0,-0.025,0.04,-1.42,0.004,-0.119,0.049,-0.104,96.8,82.7
"2025-02-04 09:30:00",9471,12.65,405,0,-0.018,0.04,-1.03,0.004,-0.086,0.03,-0.058,109.4,89.9
"2025-02-04 10:00:00",9472,12.65,405,0,0.017,1.15,-0.58,0.094,-0.05,0.191,-0.01,109.9,98.3
"2025-02-04 10:30:00",9473,12.65,405,0,0.06,2.44,-0.02,0.202,-0.003,0.284,0.039,108.7,91.6
"2025-02-04 11:00:00",9474,12.66,405,0,0.165,5.59,1.32,0.462,0.109,0.517,0.136,94.9,87.5
"2025-02-04 11:30:00",9475,12.66,405,0,0.239,7.51,2.68,0.621,0.222,0.646,0.25,85.4,88.7
"2025-02-04 12:00:00",9476,12.67,405,0,0.316,9.86,3.66,0.815,0.302,0.826,0.311,77.68,83.7
"2025-02-04 12:30:00",9477,12.66,405,0,0.35,10.79,4.23,0.892,0.35,0.872,0.352,72.27,82.8
"2025-02-04 13:00:00",9478,12.67,405,0,0.344,10.49,4.3,0.867,0.356,0.872,0.355,76.38,84.1
"2025-02-04 13:30:00",9479,12.66,405,0,0.375,11.4,4.69,0.942,0.388,0.927,0.371,73.44,78.48
"2025-02-04 14:00:00",9480,12.67,405,0,0.379,11.66,4.58,0.963,0.379,0.928,0.359,70.77,80.5
"2025-02-04 14:30:00",9481,12.67,405,0,0.387,12.09,4.44,0.999,0.367,0.963,0.343,71.38,81.4
"2025-02-04 15:00:00",9482,12.66,405,0,0.371,11.66,4.15,0.963,0.343,0.935,0.323,73.37,80.4
"2025-02-04 15:30:00",9483,12.66,405,0,0.34,10.7,3.81,0.884,0.315,0.868,0.297,75.16,80.9
"2025-02-04 16:00:00",9484,12.66,405,0,0.326,10.42,3.42,0.862,0.282,0.833,0.276,77.21,84.2
"2025-02-04 16:30:00",9485,12.65,405,0,0.295,9.57,2.94,0.791,0.243,0.782,0.231,79.3,83.1
"2025-02-04 17:00:00",9486,12.65,405,0,0.275,9.04,2.55,0.746,0.211,0.742,0.196,78.35,80.6
"2025-02-04 17:30:00",9487,12.64,405,0,0.241,8.2,1.89,0.677,0.157,0.671,0.14,80.9,81.2
"2025-02-04 18:00:00",9488,12.64,405,0,0.181,6.35,1.16,0.525,0.096,0.548,0.086,84.3,80.1
"2025-02-04 18:30:00",9489,12.63,405,0,0.137,5.04,0.59,0.417,0.048,0.443,0.039,84.1,80.5
"2025-02-04 19:00:00",9490,12.63,405,0,0.096,3.73,0.14,0.308,0.012,0.351,0.004,88.4,81
"2025-02-04 19:30:00",9491,12.63,405,0,0.069,2.96,-0.27,0.244,-0.024,0.27,-0.028,82,79.1
"2025-02-04 20:00:00",9492,12.62,405,0,0.058,2.75,-0.56,0.226,-0.049,0.253,-0.056,85.3,75.93
"2025-02-04 20:30:00",9493,12.61,405,0,0.037,2.02,-0.68,0.166,-0.057,0.199,-0.065,86.9,76.54
"2025-02-04 21:00:00",9494,12.61,405,0,0.021,1.54,-0.93,0.128,-0.079,0.166,-0.078,88.2,76.85
"2025-02-04 21:30:00",9495,12.6,405,0,0.018,1.44,-0.94,0.119,-0.08,0.15,-0.083,85.8,77.17
"2025-02-04 22:00:00",9496,12.6,405,0,0.009,1.22,-1.1,0.101,-0.092,0.136,-0.087,86.8,75.42
"2025-02-04 22:30:00",9497,12.6,405,0,0.002,0.98,-1.14,0.081,-0.096,0.125,-0.095,90.6,76.72
"2025-02-04 23:00:00",9498,12.59,405,0,-0.001,0.88,-1.24,0.073,-0.105,0.108,-0.107,90.6,74.53
"2025-02-04 23:30:00",9499,12.59,405,0,-0.002,0.87,-1.26,0.072,-0.106,0.105,-0.113,86.3,75.21
"2025-02-05 00:00:00",9500,12.58,405,0,-0.009,0.6,-1.31,0.049,-0.11,0.091,-0.109,94.4,77.87
"2025-02-05 00:30:00",9501,12.58,405,0,-0.017,0.36,-1.39,0.03,-0.116,0.066,-0.115,90.1,77.26
"2025-02-05 01:00:00",9502,12.58,405,0,-0.011,0.53,-1.32,0.044,-0.111,0.087,-0.106,95.1,77.84
"2025-02-05 01:30:00",9503,12.58,405,0,-0.015,0.43,-1.39,0.036,-0.116,0.066,-0.115,85.4,76.28
"2025-02-05 02:00:00",9504,12.58,405,0,-0.015,0.49,-1.49,0.041,-0.125,0.071,-0.124,85.9,73.78
"2025-02-05 02:30:00",9505,12.57,405,0,-0.017,0.39,-1.45,0.032,-0.122,0.062,-0.12,85.1,73.28
"2025-02-05 03:00:00",9506,12.57,405,0,-0.025,0.15,-1.54,0.013,-0.129,0.046,-0.128,89.7,74.89
"2025-02-05 03:30:00",9507,12.56,405,0,-0.02,0.38,-1.6,0.031,-0.135,0.061,-0.137,88.3,75.25
"2025-02-05 04:00:00",9508,12.56,405,0,-0.023,0.21,-1.5,0.017,-0.127,0.051,-0.125,86.4,75.75
"2025-02-05 04:30:00",9509,12.56,405,0,-0.027,0.11,-1.6,0.009,-0.135,0.039,-0.133,88.1,75.51
"2025-02-05 05:00:00",9510,12.56,405,0,-0.023,0.21,-1.53,0.018,-0.128,0.048,-0.127,85.1,74.26
"2025-02-05 05:30:00",9511,12.55,405,0,-0.036,-0.14,-1.7,-0.014,-0.142,0.005,-0.141,78.47,73.32
"2025-02-05 06:00:00",9512,12.55,405,0,-0.018,0.43,-1.54,0.036,-0.129,0.079,-0.128,101.2,76.42
"2025-02-05 06:30:00",9513,12.55,405,0,-0.026,0.1,-1.53,0.008,-0.129,0.047,-0.12,93.4,77.81
"2025-02-05 07:00:00",9514,12.55,405,0,-0.026,0.1,-1.53,0.008,-0.129,0.044,-0.12,91.3,78.43
"2025-02-05 07:30:00",9515,12.55,405,0,-0.031,-0.03,-1.59,-0.004,-0.133,0.036,-0.12,89.5,80.1
"2025-02-05 08:00:00",9516,12.55,405,0,-0.032,-0.07,-1.62,-0.008,-0.136,0.031,-0.127,92.8,78.25
"2025-02-05 08:30:00",9517,12.55,405,0,-0.029,0.06,-1.62,0.004,-0.135,0.044,-0.122,90.8,78.69
"2025-02-05 09:00:00",9518,12.56,405,0,-0.029,0,-1.56,0,-0.131,0.036,-0.118,88.7,81.3
"2025-02-05 09:30:00",9519,12.55,405,0,-0.03,-0.03,-1.56,-0.004,-0.131,0.031,-0.118,92,79.19
"2025-02-05 10:00:00",9520,12.56,405,0,-0.023,0.1,-1.39,0.008,-0.117,0.052,-0.105,99.1,81.6
"2025-02-05 10:30:00",9521,12.56,405,0,-0.023,0.14,-1.4,0.012,-0.118,0.053,-0.106,92.5,81.1
"2025-02-05 11:00:00",9522,12.56,405,0,-0.022,0.2,-1.42,0.016,-0.119,0.068,-0.106,100,79.95
"2025-02-05 11:30:00",9523,12.56,405,0,-0.016,0.35,-1.35,0.028,-0.113,0.067,-0.108,93.4,80.3
"2025-02-05 12:00:00",9524,12.56,405,0,-0.018,0.36,-1.46,0.03,-0.122,0.063,-0.117,88.5,79.39
"2025-02-05 12:30:00",9525,12.56,405,0,-0.017,0.34,-1.35,0.028,-0.113,0.072,-0.105,96.7,80.1
"2025-02-05 13:00:00",9526,12.56,405,0,-0.019,0.29,-1.39,0.025,-0.117,0.071,-0.105,95.8,79.21
"2025-02-05 13:30:00",9527,12.55,405,0,-0.018,0.31,-1.4,0.026,-0.118,0.054,-0.112,86,79.59
"2025-02-05 14:00:00",9528,12.56,405,0,-0.023,0.2,-1.5,0.016,-0.126,0.052,-0.113,90.8,77.96
"2025-02-05 14:30:00",9529,12.56,405,0,-0.023,0.15,-1.43,0.013,-0.12,0.039,-0.111,84,77.36
"2025-02-05 15:00:00",9530,12.55,405,0,-0.02,0.28,-1.45,0.023,-0.122,0.045,-0.12,84.2,78.78
"2025-02-05 15:30:00",9531,12.55,405,0,-0.03,0,-1.59,0,-0.133,0.035,-0.124,94,78.9
"2025-02-05 16:00:00",9532,12.56,405,0,-0.03,0,-1.6,0,-0.135,0.03,-0.129,88.8,76.92
"2025-02-05 16:30:00",9533,12.55,405,0,-0.032,-0.07,-1.62,-0.009,-0.135,0.021,-0.134,88.5,76.11
"2025-02-05 17:00:00",9534,12.55,405,0,-0.036,-0.19,-1.67,-0.017,-0.14,0.012,-0.13,88.9,76.04
"2025-02-05 17:30:00",9535,12.55,405,0,-0.037,-0.19,-1.71,-0.017,-0.143,0.008,-0.134,88.9,76.1
"2025-02-05 18:00:00",9536,12.55,405,0,-0.04,-0.28,-1.73,-0.026,-0.144,0,-0.143,88.2,75.85
"2025-02-05 18:30:00",9537,12.55,405,0,-0.038,-0.19,-1.77,-0.018,-0.148,0.009,-0.139,87,76.6
"2025-02-05 19:00:00",9538,12.54,405,0,-0.043,-0.34,-1.81,-0.03,-0.151,-0.008,-0.142,91,75.66
"2025-02-05 19:30:00",9539,12.54,405,0,-0.041,-0.3,-1.77,-0.026,-0.148,0,-0.143,89.3,76.21
"2025-02-05 20:00:00",9540,12.54,405,0,-0.043,-0.34,-1.83,-0.031,-0.153,0,-0.151,88.4,76.83
"2025-02-05 20:30:00",9541,12.54,405,0,-0.044,-0.4,-1.78,-0.035,-0.149,0,-0.148,87.3,74.47
"2025-02-05 21:00:00",9542,12.53,405,0,-0.047,-0.44,-1.9,-0.038,-0.158,-0.012,-0.153,91.3,75.21
"2025-02-05 21:30:00",9543,12.53,405,0,-0.053,-0.7,-1.88,-0.06,-0.158,-0.041,-0.152,82.3,74.47
"2025-02-05 22:00:00",9544,12.53,405,0,-0.048,-0.49,-1.87,-0.043,-0.157,-0.021,-0.155,83.7,74.83
"2025-02-05 22:30:00",9545,12.52,405,0,-0.048,-0.54,-1.81,-0.047,-0.152,-0.016,-0.15,88.3,77.19
"2025-02-05 23:00:00",9546,12.53,405,0,-0.051,-0.61,-1.92,-0.052,-0.161,-0.025,-0.155,89.4,75.27
"2025-02-05 23:30:00",9547,12.52,405,0,-0.051,-0.59,-1.92,-0.051,-0.161,-0.021,-0.159,90.3,76.51
"2025-02-06 00:00:00",9548,12.52,405,0,-0.055,-0.79,-1.9,-0.067,-0.158,-0.041,-0.157,89.8,75.77
"2025-02-06 00:30:00",9549,12.52,405,0,-0.056,-0.79,-1.91,-0.068,-0.16,-0.041,-0.154,87.1,75.7
"2025-02-06 01:00:00",9550,12.52,405,0,-0.053,-0.7,-1.88,-0.06,-0.157,-0.033,-0.155,89.7,75.89
"2025-02-06 01:30:00",9551,12.52,405,0,-0.054,-0.69,-1.97,-0.06,-0.164,-0.033,-0.159,88.9,76.32
"2025-02-06 02:00:00",9552,12.52,405,0,-0.055,-0.72,-1.95,-0.061,-0.164,-0.034,-0.158,86.1,74.78
"2025-02-06 02:30:00",9553,12.51,405,0,-0.054,-0.75,-1.88,-0.063,-0.158,-0.037,-0.152,89.6,75.96
"2025-02-06 03:00:00",9554,12.51,405,0,-0.058,-0.8,-2.01,-0.068,-0.167,-0.045,-0.161,88.4,76.51
"2025-02-06 03:30:00",9555,12.51,405,0,-0.057,-0.8,-1.94,-0.068,-0.163,-0.041,-0.157,90.2,76.32
"2025-02-06 04:00:00",9556,12.51,405,0,-0.058,-0.86,-1.94,-0.073,-0.162,-0.046,-0.157,90.4,78.25
"2025-02-06 04:30:00",9557,12.51,405,0,-0.057,-0.8,-1.94,-0.068,-0.163,-0.046,-0.157,85.9,77.51
"2025-02-06 05:00:00",9558,12.51,405,0,-0.059,-0.9,-1.95,-0.076,-0.163,-0.045,-0.161,88.1,75.77
"2025-02-06 05:30:00",9559,12.5,405,0,-0.057,-0.8,-1.94,-0.068,-0.162,-0.046,-0.157,88.6,76.26
"2025-02-06 06:00:00",9560,12.51,405,0,-0.06,-0.91,-1.99,-0.077,-0.166,-0.054,-0.161,85.2,76.33
"2025-02-06 06:30:00",9561,12.51,405,0,-0.065,-1.15,-1.92,-0.098,-0.161,-0.074,-0.159,88.1,79.19
"2025-02-06 07:00:00",9562,12.5,405,0,-0.065,-1.05,-2.02,-0.089,-0.169,-0.07,-0.164,88.4,75.84
"2025-02-06 07:30:00",9563,12.51,405,0,-0.061,-0.94,-1.97,-0.08,-0.165,-0.053,-0.159,88.4,78.33
"2025-02-06 08:00:00",9564,12.51,405,0,-0.062,-0.97,-2.02,-0.082,-0.169,-0.063,-0.167,88.5,76.65
"2025-02-06 08:30:00",9565,12.5,405,0,-0.065,-1.05,-2.04,-0.089,-0.17,-0.07,-0.164,86.5,77.64
"2025-02-06 09:00:00",9566,12.5,405,0,-0.064,-1.07,-1.98,-0.09,-0.166,-0.067,-0.156,91.6,77.22
"2025-02-06 09:30:00",9567,12.51,405,0,-0.065,-1.1,-2.01,-0.092,-0.168,-0.069,-0.158,90.5,75.72
"2025-02-06 10:00:00",9568,12.5,405,0,-0.063,-1.04,-1.97,-0.087,-0.164,-0.061,-0.155,95.5,80.2
"2025-02-06 10:30:00",9569,12.5,405,0,-0.062,-0.93,-2.04,-0.078,-0.171,-0.059,-0.161,79.83,78.9
"2025-02-06 11:00:00",9570,12.5,405,0,-0.062,-1.01,-1.92,-0.086,-0.161,-0.059,-0.152,94,79.65
"2025-02-06 11:30:00",9571,12.5,405,0,-0.06,-0.86,-2.05,-0.072,-0.171,-0.049,-0.161,82.4,75.55
"2025-02-06 12:00:00",9572,12.5,405,0,-0.057,-0.84,-1.92,-0.071,-0.16,-0.045,-0.147,98.2,79.65
"2025-02-06 12:30:00",9573,12.5,405,0,-0.067,-1.15,-2.04,-0.097,-0.17,-0.085,-0.16,82.5,77.11
"2025-02-06 13:00:00",9574,12.5,405,0,-0.063,-1.03,-1.99,-0.087,-0.166,-0.051,-0.157,101.7,76.43
"2025-02-06 13:30:00",9575,12.5,405,0,-0.064,-1.14,-1.9,-0.096,-0.159,-0.051,-0.139,109.5,83.5
"2025-02-06 14:00:00",9576,12.5,405,0,-0.063,-1.04,-1.94,-0.089,-0.162,-0.065,-0.149,88,83.6
"2025-02-06 14:30:00",9577,12.5,405,0,-0.054,-0.75,-1.87,-0.064,-0.156,-0.033,-0.147,88.1,81
"2025-02-06 15:00:00",9578,12.5,405,0,-0.056,-0.84,-1.84,-0.072,-0.154,-0.053,-0.145,85.8,78.13
"2025-02-06 15:30:00",9579,12.5,405,0,-0.056,-0.82,-1.87,-0.069,-0.156,-0.037,-0.147,89.6,79
"2025-02-06 16:00:00",9580,12.5,405,0,-0.056,-0.84,-1.83,-0.072,-0.153,-0.041,-0.144,93.8,76.7
"2025-02-06 16:30:00",9581,12.5,405,0,-0.054,-0.8,-1.81,-0.068,-0.152,-0.041,-0.142,88.9,79.51
"2025-02-06 17:00:00",9582,12.5,405,0,-0.046,-0.48,-1.81,-0.042,-0.151,-0.023,-0.141,82.2,74.54
"2025-02-06 17:30:00",9583,12.5,405,0,-0.048,-0.54,-1.85,-0.046,-0.155,-0.023,-0.153,84.8,74.21
"2025-02-06 18:00:00",9584,12.5,405,0,-0.047,-0.54,-1.78,-0.046,-0.15,-0.022,-0.148,85.1,75.69
"2025-02-06 18:30:00",9585,12.49,405,0,-0.051,-0.63,-1.88,-0.055,-0.157,-0.031,-0.155,85.1,75.75
"2025-02-06 19:00:00",9586,12.49,405,0,-0.052,-0.69,-1.85,-0.059,-0.155,-0.035,-0.15,86.6,75.5
"2025-02-06 19:30:00",9587,12.49,405,0,-0.049,-0.56,-1.85,-0.049,-0.155,-0.022,-0.145,89.5,74.63
"2025-02-06 20:00:00",9588,12.49,405,0,-0.052,-0.65,-1.92,-0.055,-0.161,-0.027,-0.155,85.7,75.37
"2025-02-06 20:30:00",9589,12.48,405,0,-0.057,-0.79,-1.95,-0.067,-0.163,-0.043,-0.158,86.8,75.74
"2025-02-06 21:00:00",9590,12.48,405,0,-0.058,-0.82,-1.98,-0.069,-0.166,-0.042,-0.156,90.6,76.99
"2025-02-06 21:30:00",9591,12.48,405,0,-0.061,-0.94,-1.98,-0.079,-0.166,-0.055,-0.164,84.2,74.3
"2025-02-06 22:00:00",9592,12.48,405,0,-0.061,-0.94,-1.99,-0.08,-0.167,-0.052,-0.166,88.1,75.23
"2025-02-06 22:30:00",9593,12.48,405,0,-0.063,-1.05,-1.92,-0.089,-0.161,-0.061,-0.156,88.6,77.22
"2025-02-06 23:00:00",9594,12.48,405,0,-0.062,-1.04,-1.92,-0.088,-0.161,-0.06,-0.155,90.6,80
"2025-02-06 23:30:00",9595,12.47,405,0,-0.062,-1.01,-1.97,-0.085,-0.165,-0.053,-0.155,92.9,78.55
"2025-02-07 00:00:00",9596,12.47,405,0,-0.061,-0.97,-1.92,-0.082,-0.161,-0.058,-0.151,89.2,77.55
"2025-02-07 00:30:00",9597,12.47,405,0,-0.063,-1.07,-1.94,-0.09,-0.162,-0.062,-0.157,93.4,76.86
"2025-02-07 01:00:00",9598,12.48,405,0,-0.061,-1.01,-1.9,-0.086,-0.158,-0.059,-0.149,92,80.3
"2025-02-07 01:30:00",9599,12.47,405,0,-0.063,-1.04,-1.95,-0.087,-0.164,-0.056,-0.154,92.3,77.75
"2025-02-07 02:00:00",9600,12.47,405,0,-0.06,-0.97,-1.91,-0.082,-0.16,-0.051,-0.147,94,79.43
"2025-02-07 02:30:00",9601,12.47,405,0,-0.06,-0.93,-1.92,-0.079,-0.16,-0.048,-0.148,93.9,77.78
"2025-02-07 03:00:00",9602,12.48,405,0,-0.065,-1.1,-1.97,-0.093,-0.165,-0.064,-0.155,90.8,78.95
"2025-02-07 03:30:00",9603,12.47,405,0,-0.059,-0.89,-1.95,-0.075,-0.164,-0.044,-0.15,89.3,79.38
"2025-02-07 04:00:00",9604,12.47,405,0,-0.066,-1.11,-2.02,-0.093,-0.169,-0.074,-0.16,85.5,77.14
"2025-02-07 04:30:00",9605,12.47,405,0,-0.062,-0.97,-2.02,-0.083,-0.169,-0.059,-0.164,87.6,75.28
"2025-02-07 05:00:00",9606,12.47,405,0,-0.06,-1,-1.87,-0.084,-0.156,-0.06,-0.151,88.9,76.51
"2025-02-07 05:30:00",9607,12.47,405,0,-0.065,-1.11,-1.99,-0.093,-0.167,-0.072,-0.165,82,75.83
"2025-02-07 06:00:00",9608,12.47,405,0,-0.064,-1.03,-2.04,-0.087,-0.17,-0.066,-0.173,83,73.39
"2025-02-07 06:30:00",9609,12.46,405,0,-0.059,-0.9,-1.94,-0.077,-0.162,-0.045,-0.152,90.4,79.79
"2025-02-07 07:00:00",9610,12.46,405,0,-0.06,-0.93,-1.97,-0.079,-0.164,-0.059,-0.162,85.7,75.82
"2025-02-07 07:30:00",9611,12.46,405,0,-0.052,-0.63,-1.92,-0.054,-0.16,-0.02,-0.158,97.7,76.61
"2025-02-07 08:00:00",9612,12.46,405,0,-0.039,-0.34,-1.63,-0.031,-0.136,0.004,-0.127,88.5,79.66
"2025-02-07 08:30:00",9613,12.45,405,0,-0.021,0.1,-1.28,0.009,-0.108,0.042,-0.103,92.3,79.48
"2025-02-07 09:00:00",9614,12.45,405,0,0.009,1.08,-0.93,0.09,-0.079,0.131,-0.078,91.5,79.92
"2025-02-07 09:30:00",9615,12.45,405,0,0.045,2.14,-0.45,0.177,-0.039,0.236,-0.031,94,80.4
"2025-02-07 10:00:00",9616,12.45,405,0,0.099,3.61,0.45,0.299,0.037,0.376,0.062,96.3,88.1
"2025-02-07 10:30:00",9617,12.46,405,0,0.184,6.08,1.67,0.502,0.137,0.548,0.161,90.1,89.9
"2025-02-07 11:00:00",9618,12.45,405,0,0.24,7.72,2.48,0.638,0.205,0.661,0.223,83.8,89.1
"2025-02-07 11:30:00",9619,12.46,405,0,0.274,8.73,2.93,0.721,0.241,0.731,0.249,81.6,88.9
"2025-02-07 12:00:00",9620,12.46,405,0,0.261,8.27,2.83,0.683,0.234,0.691,0.253,82.9,89.9
"2025-02-07 12:30:00",9621,12.46,405,0,0.299,9.53,3.21,0.787,0.265,0.773,0.269,79.53,83.6
"2025-02-07 13:00:00",9622,12.46,405,0,0.287,9.05,3.21,0.747,0.265,0.751,0.277,80.5,85
"2025-02-07 13:30:00",9623,12.46,405,0,0.297,9.22,3.52,0.762,0.291,0.776,0.299,79.84,84.9
"2025-02-07 14:00:00",9624,12.46,405,0,0.32,10.1,3.54,0.835,0.293,0.831,0.293,77.73,84.8
"2025-02-07 14:30:00",9625,12.46,405,0,0.325,10.32,3.49,0.853,0.289,0.828,0.282,75.24,86
"2025-02-07 15:00:00",9626,12.46,405,0,0.332,10.46,3.68,0.865,0.305,0.849,0.298,76.97,80
"2025-02-07 15:30:00",9627,12.45,405,0,0.313,9.74,3.66,0.804,0.302,0.81,0.295,82,81.6
"2025-02-07 16:00:00",9628,12.45,405,0,0.298,9.25,3.5,0.764,0.29,0.773,0.287,81.1,82.4
"2025-02-07 16:30:00",9629,12.45,405,0,0.306,9.72,3.28,0.803,0.271,0.806,0.266,80.6,85.9
"2025-02-07 17:00:00",9630,12.45,405,0,0.302,9.76,3.05,0.806,0.252,0.794,0.239,78.95,81.3
"2025-02-07 17:30:00",9631,12.45,405,0,0.272,8.97,2.51,0.741,0.207,0.737,0.196,80.3,80.4
"2025-02-07 18:00:00",9632,12.44,405,0,0.215,7.19,1.84,0.594,0.151,0.618,0.143,84.1,82.7
"2025-02-07 18:30:00",9633,12.44,405,0,0.168,5.94,1.02,0.491,0.085,0.525,0.079,86.6,81.7
"2025-02-07 19:00:00",9634,12.43,405,0,0.112,4.24,0.29,0.351,0.025,0.393,0.02,88.3,77.97
"2025-02-07 19:30:00",9635,12.43,405,0,0.073,3.07,-0.17,0.254,-0.016,0.303,-0.02,90.9,79.83
"2025-02-07 20:00:00",9636,12.43,405,0,0.052,2.48,-0.52,0.205,-0.045,0.242,-0.044,86.7,78.83
"2025-02-07 20:30:00",9637,12.42,405,0,0.031,1.86,-0.8,0.153,-0.068,0.179,-0.075,84.2,74.34
"2025-02-07 21:00:00",9638,12.41,405,0,0.029,1.84,-0.87,0.152,-0.074,0.181,-0.077,85,75.89
"2025-02-07 21:30:00",9639,12.41,405,0,0.014,1.36,-1.04,0.112,-0.087,0.146,-0.09,85.4,74.83
"2025-02-07 22:00:00",9640,12.4,405,0,0.007,1.15,-1.12,0.095,-0.095,0.128,-0.098,87.5,75.69
"2025-02-07 22:30:00",9641,12.4,405,0,-0.002,0.83,-1.24,0.068,-0.104,0.102,-0.106,86.2,74.63
"2025-02-07 23:00:00",9642,12.4,405,0,-0.006,0.77,-1.38,0.064,-0.115,0.098,-0.118,87,73.89
"2025-02-07 23:30:00",9643,12.39,405,0,-0.009,0.66,-1.38,0.055,-0.116,0.084,-0.118,88.1,76.23
"2025-02-08 00:00:00",9644,12.39,405,0,-0.013,0.55,-1.42,0.045,-0.12,0.075,-0.118,87,76.66
"2025-02-08 00:30:00",9645,12.38,405,0,-0.018,0.36,-1.45,0.03,-0.121,0.067,-0.115,90.9,77.79
"2025-02-08 01:00:00",9646,12.38,405,0,-0.02,0.32,-1.49,0.027,-0.125,0.06,-0.123,88.4,75.61
"2025-02-08 01:30:00",9647,12.38,405,0,-0.02,0.34,-1.52,0.028,-0.127,0.054,-0.125,86.8,75.66
"2025-02-08 02:00:00",9648,12.38,405,0,-0.021,0.28,-1.5,0.023,-0.126,0.053,-0.125,87.8,76.91
"2025-02-08 02:30:00",9649,12.38,405,0,-0.028,0.11,-1.63,0.009,-0.136,0.036,-0.138,83.6,75.47
"2025-02-08 03:00:00",9650,12.37,405,0,-0.024,0.21,-1.56,0.018,-0.131,0.052,-0.129,88.5,75.9
"2025-02-08 03:30:00",9651,12.37,405,0,-0.03,0,-1.62,0,-0.136,0.034,-0.13,90,75.91
"2025-02-08 04:00:00",9652,12.37,405,0,-0.028,0,-1.52,0,-0.127,0.039,-0.121,96.8,80.5
"2025-02-08 04:30:00",9653,12.37,405,0,-0.031,-0.07,-1.57,-0.009,-0.131,0.028,-0.126,92.2,79.91
"2025-02-08 05:00:00",9654,12.37,405,0,-0.031,-0.07,-1.57,-0.009,-0.132,0.025,-0.126,91,80.4
"2025-02-08 05:30:00",9655,12.37,405,0,-0.031,-0.03,-1.62,-0.004,-0.135,0.033,-0.126,91.3,77.25
"2025-02-08 06:00:00",9656,12.37,405,0,-0.039,-0.26,-1.71,-0.023,-0.144,0.004,-0.138,85.7,76.55
"2025-02-08 06:30:00",9657,12.37,405,0,-0.035,-0.13,-1.67,-0.013,-0.14,0.016,-0.13,92.4,79.05
"2025-02-08 07:00:00",9658,12.37,405,0,-0.039,-0.3,-1.69,-0.027,-0.141,0,-0.136,86.6,77.24
"2025-02-08 07:30:00",9659,12.37,405,0,-0.037,-0.23,-1.67,-0.021,-0.14,0.012,-0.13,91.4,78.61
"2025-02-08 08:00:00",9660,12.37,405,0,-0.037,-0.23,-1.67,-0.021,-0.14,0.008,-0.134,93.2,79.36
"2025-02-08 08:30:00",9661,12.37,405,0,-0.036,-0.23,-1.59,-0.021,-0.134,0.02,-0.124,95.8,80.5
"2025-02-08 09:00:00",9662,12.37,405,0,-0.034,-0.17,-1.59,-0.016,-0.134,0.027,-0.124,98.2,79.86
"2025-02-08 09:30:00",9663,12.37,405,0,-0.032,-0.13,-1.53,-0.013,-0.129,0.024,-0.12,96.8,81
"2025-02-08 10:00:00",9664,12.37,405,0,-0.032,-0.09,-1.59,-0.009,-0.133,0.022,-0.127,90.3,78.94
"2025-02-08 10:30:00",9665,12.37,405,0,-0.039,-0.41,-1.54,-0.036,-0.13,-0.015,-0.128,83.8,74.89
"2025-02-08 11:00:00",9666,12.37,405,0,-0.029,0,-1.56,0,-0.13,0.036,-0.121,95,77.18
"2025-02-08 11:30:00",9667,12.37,405,0,-0.027,0.06,-1.5,0.004,-0.126,0.042,-0.116,91,77.93
"2025-02-08 12:00:00",9668,12.37,405,0,-0.025,0.17,-1.54,0.013,-0.129,0.056,-0.123,92.6,76.8
"2025-02-08 12:30:00",9669,12.37,405,0,-0.029,0,-1.57,0,-0.132,0.032,-0.127,87.2,77.87
"2025-02-08 13:00:00",9670,12.37,405,0,-0.027,0.06,-1.52,0.004,-0.128,0.043,-0.119,100.3,78.49
"2025-02-08 13:30:00",9671,12.36,405,0,-0.034,-0.13,-1.62,-0.013,-0.136,0.025,-0.13,92.5,77.19
"2025-02-08 14:00:00",9672,12.36,405,0,-0.041,-0.4,-1.66,-0.035,-0.139,-0.009,-0.125,89.2,77.87
"2025-02-08 14:30:00",9673,12.36,405,0,-0.038,-0.24,-1.71,-0.022,-0.143,0.004,-0.137,87.8,76.2
"2025-02-08 15:00:00",9674,12.36,405,0,-0.047,-0.52,-1.78,-0.046,-0.149,-0.027,-0.144,85.3,78.37
"2025-02-08 15:30:00",9675,12.36,405,0,-0.049,-0.56,-1.85,-0.049,-0.155,-0.026,-0.154,89.8,76.51
"2025-02-08 16:00:00",9676,12.36,405,0,-0.05,-0.61,-1.83,-0.052,-0.153,-0.021,-0.151,90.8,76.26
"2025-02-08 16:30:00",9677,12.36,405,0,-0.051,-0.61,-1.92,-0.053,-0.16,-0.03,-0.155,89,76.13
"2025-02-08 17:00:00",9678,12.36,405,0,-0.055,-0.77,-1.9,-0.066,-0.158,-0.034,-0.149,87.7,77.62
"2025-02-08 17:30:00",9679,12.35,405,0,-0.054,-0.72,-1.9,-0.062,-0.159,-0.038,-0.154,88,76.14
"2025-02-08 18:00:00",9680,12.35,405,0,-0.057,-0.84,-1.91,-0.072,-0.16,-0.048,-0.154,88,77.13
"2025-02-08 18:30:00",9681,12.35,405,0,-0.059,-0.89,-1.94,-0.075,-0.162,-0.047,-0.157,87.5,75.95
"2025-02-08 19:00:00",9682,12.35,405,0,-0.054,-0.73,-1.9,-0.062,-0.159,-0.034,-0.154,89.6,77.5
"2025-02-08 19:30:00",9683,12.35,405,0,-0.054,-0.77,-1.85,-0.066,-0.155,-0.034,-0.15,90.3,77.5
"2025-02-08 20:00:00",9684,12.35,405,0,-0.055,-0.77,-1.9,-0.066,-0.159,-0.034,-0.149,88.2,76.88
"2025-02-08 20:30:00",9685,12.35,405,0,-0.057,-0.83,-1.9,-0.071,-0.158,-0.043,-0.153,90.5,76.95
"2025-02-08 21:00:00",9686,12.35,405,0,-0.056,-0.86,-1.85,-0.072,-0.155,-0.053,-0.15,86.4,75.33
"2025-02-08 21:30:00",9687,12.34,405,0,-0.057,-0.83,-1.94,-0.071,-0.162,-0.043,-0.157,89.1,77.45
"2025-02-08 22:00:00",9688,12.34,405,0,-0.061,-0.94,-1.99,-0.08,-0.167,-0.047,-0.157,87.8,76.45
"2025-02-08 22:30:00",9689,12.34,405,0,-0.063,-0.98,-2.02,-0.083,-0.169,-0.055,-0.164,90.5,76.96
"2025-02-08 23:00:00",9690,12.34,405,0,-0.062,-1.01,-1.95,-0.086,-0.164,-0.058,-0.158,92.7,78.57
"2025-02-08 23:30:00",9691,12.34,405,0,-0.061,-0.93,-2.01,-0.079,-0.168,-0.055,-0.163,89.9,79.08
"2025-02-09 00:00:00",9692,12.34,405,0,-0.058,-0.83,-1.98,-0.071,-0.165,-0.043,-0.16,88.4,78.57
"2025-02-09 00:30:00",9693,12.34,405,0,-0.061,-0.94,-1.98,-0.079,-0.166,-0.056,-0.16,90.9,78.08
"2025-02-09 01:00:00",9694,12.34,405,0,-0.065,-1.1,-1.98,-0.092,-0.166,-0.068,-0.16,88.4,77.27
"2025-02-09 01:30:00",9695,12.34,405,0,-0.062,-0.94,-2.02,-0.079,-0.169,-0.056,-0.164,88.4,78.32
"2025-02-09 02:00:00",9696,12.34,405,0,-0.058,-0.83,-1.98,-0.07,-0.166,-0.047,-0.164,88.2,77.09
"2025-02-09 02:30:00",9697,12.34,405,0,-0.061,-0.96,-1.98,-0.08,-0.166,-0.056,-0.16,86.6,75.72
"2025-02-09 03:00:00",9698,12.34,405,0,-0.06,-0.9,-1.99,-0.076,-0.167,-0.052,-0.161,87.9,76.53
"2025-02-09 03:30:00",9699,12.34,405,0,-0.065,-1.05,-2.05,-0.089,-0.171,-0.065,-0.166,88.4,77.34
"2025-02-09 04:00:00",9700,12.34,405,0,-0.062,-0.96,-1.99,-0.081,-0.167,-0.052,-0.161,86.1,75.97
"2025-02-09 04:30:00",9701,12.33,405,0,-0.063,-1,-2.04,-0.084,-0.171,-0.06,-0.169,90.6,77.28
"2025-02-09 05:00:00",9702,12.34,405,0,-0.061,-0.89,-2.04,-0.075,-0.171,-0.051,-0.161,88.8,76.91
"2025-02-09 05:30:00",9703,12.33,405,0,-0.063,-1,-2.04,-0.084,-0.17,-0.056,-0.164,88.2,76.85
"2025-02-09 06:00:00",9704,12.33,405,0,-0.066,-1.04,-2.12,-0.088,-0.177,-0.059,-0.167,91.1,77.77
"2025-02-09 06:30:00",9705,12.33,405,0,-0.062,-0.97,-2.02,-0.082,-0.169,-0.05,-0.163,91.8,77.72
"2025-02-09 07:00:00",9706,12.33,405,0,-0.065,-1.11,-1.98,-0.093,-0.166,-0.073,-0.164,88.5,76.41
"2025-02-09 07:30:00",9707,12.33,405,0,-0.066,-1.15,-1.98,-0.097,-0.166,-0.068,-0.164,86.3,77.17
"2025-02-09 08:00:00",9708,12.33,405,0,-0.069,-1.21,-2.08,-0.102,-0.174,-0.082,-0.168,89.6,77.53
"2025-02-09 08:30:00",9709,12.33,405,0,-0.061,-0.97,-1.97,-0.083,-0.164,-0.059,-0.155,91.9,78.59
"2025-02-09 09:00:00",9710,12.33,405,0,-0.053,-0.77,-1.78,-0.066,-0.149,-0.028,-0.14,97.4,80.1
"2025-02-09 09:30:00",9711,12.33,405,0,-0.045,-0.55,-1.67,-0.048,-0.14,0.004,-0.123,99,83.7
"2025-02-09 10:00:00",9712,12.33,405,0,-0.02,0.21,-1.33,0.018,-0.112,0.051,-0.099,92.8,78.68
"2025-02-09 10:30:00",9713,12.33,405,0,0.028,1.61,-0.62,0.133,-0.053,0.173,-0.041,91.7,81.8
"2025-02-09 11:00:00",9714,12.33,405,0,0.052,2.34,-0.3,0.193,-0.027,0.248,-0.004,90.3,85.6
"2025-02-09 11:30:00",9715,12.33,405,0,0.139,5,0.74,0.413,0.062,0.447,0.075,89.7,88
"2025-02-09 12:00:00",9716,12.33,405,0,0.203,6.86,1.64,0.567,0.135,0.583,0.142,83,88.6
"2025-02-09 12:30:00",9717,12.33,405,0,0.216,6.98,2.16,0.576,0.178,0.623,0.19,90.5,85.6
"2025-02-09 13:00:00",9718,12.33,405,0,0.225,7.35,2.17,0.607,0.18,0.654,0.192,88.6,84.4
"2025-02-09 13:30:00",9719,12.33,405,0,0.221,7.21,2.12,0.596,0.175,0.63,0.184,84.9,87.7
"2025-02-09 14:00:00",9720,12.33,405,0,0.209,6.82,2.02,0.563,0.166,0.598,0.193,85.5,85.3
"2025-02-09 14:30:00",9721,12.33,405,0,0.214,6.92,2.17,0.572,0.18,0.628,0.196,95.2,87.5
"2025-02-09 15:00:00",9722,12.33,405,0,0.231,7.56,2.21,0.625,0.182,0.655,0.192,84.9,85.5
"2025-02-09 15:30:00",9723,12.33,405,0,0.236,7.73,2.26,0.639,0.186,0.661,0.198,83.8,85.1
"2025-02-09 16:00:00",9724,12.33,405,0,0.208,6.71,2.1,0.555,0.174,0.603,0.187,87.9,86.2
"2025-02-09 16:30:00",9725,12.32,405,0,0.253,8.43,2.21,0.697,0.183,0.693,0.177,79.79,83.3
"2025-02-09 17:00:00",9726,12.32,405,0,0.227,7.52,2.03,0.621,0.168,0.642,0.163,82.9,82.8
"2025-02-09 17:30:00",9727,12.32,405,0,0.202,6.91,1.53,0.57,0.126,0.596,0.123,85,81.1
"2025-02-09 18:00:00",9728,12.31,405,0,0.149,5.25,0.92,0.434,0.077,0.472,0.079,88.7,82.1
"2025-02-09 18:30:00",9729,12.31,405,0,0.112,4.27,0.25,0.353,0.021,0.396,0.02,86.9,80.3
"2025-02-09 19:00:00",9730,12.31,405,0,0.069,2.96,-0.27,0.244,-0.025,0.29,-0.028,88.5,78.64
"2025-02-09 19:30:00",9731,12.3,405,0,0.036,2,-0.72,0.165,-0.061,0.208,-0.056,91.3,77.7
"2025-02-09 20:00:00",9732,12.3,405,0,0.014,1.3,-0.97,0.108,-0.082,0.149,-0.08,89.6,77.77
"2025-02-09 20:30:00",9733,12.3,405,0,0,0.85,-1.11,0.07,-0.093,0.114,-0.092,91.4,77.33
"2025-02-09 21:00:00",9734,12.3,405,0,-0.006,0.64,-1.19,0.053,-0.101,0.094,-0.1,90.5,77.7
"2025-02-09 21:30:00",9735,12.29,405,0,-0.011,0.55,-1.35,0.046,-0.114,0.08,-0.113,88.1,77.2
"2025-02-09 22:00:00",9736,12.29,405,0,-0.017,0.39,-1.45,0.032,-0.122,0.058,-0.121,85.9,76.07
"2025-02-09 22:30:00",9737,12.29,405,0,-0.018,0.39,-1.47,0.032,-0.124,0.063,-0.122,90.2,77.87
"2025-02-09 23:00:00",9738,12.29,405,0,-0.027,0.06,-1.5,0.004,-0.126,0.043,-0.124,89.5,77.38
"2025-02-09 23:30:00",9739,12.29,405,0,-0.03,0,-1.6,0,-0.135,0.031,-0.129,87.8,75.96
"2025-02-10 00:00:00",9740,12.28,405,0,-0.031,-0.03,-1.59,-0.004,-0.134,0.026,-0.128,89.8,78.74
"2025-02-10 00:30:00",9741,12.28,405,0,-0.032,-0.09,-1.6,-0.009,-0.134,0.026,-0.132,87.9,77.82
"2025-02-10 01:00:00",9742,12.28,405,0,-0.033,-0.09,-1.64,-0.009,-0.137,0.022,-0.132,88.1,75.96
"2025-02-10 01:30:00",9743,12.28,405,0,-0.035,-0.19,-1.63,-0.018,-0.137,0.013,-0.131,90.2,77.32
"2025-02-10 02:00:00",9744,12.28,405,0,-0.036,-0.19,-1.69,-0.018,-0.141,0.009,-0.136,90,75.95
"2025-02-10 02:30:00",9745,12.28,405,0,-0.035,-0.19,-1.62,-0.018,-0.136,0.013,-0.13,88.7,77.83
"2025-02-10 03:00:00",9746,12.28,405,0,-0.034,-0.14,-1.6,-0.013,-0.134,0.013,-0.132,90,77.64
"2025-02-10 03:30:00",9747,12.27,405,0,-0.033,-0.09,-1.64,-0.009,-0.137,0.022,-0.132,91.5,77.38
"2025-02-10 04:00:00",9748,12.27,405,0,-0.033,-0.09,-1.64,-0.009,-0.137,0.026,-0.128,91.1,75.76
"2025-02-10 04:30:00",9749,12.27,405,0,-0.037,-0.2,-1.69,-0.018,-0.141,0.013,-0.131,89,77.12
"2025-02-10 05:00:00",9750,12.27,405,0,-0.033,-0.13,-1.57,-0.013,-0.132,0.021,-0.131,89.5,77.62
"2025-02-10 05:30:00",9751,12.27,405,0,-0.035,-0.14,-1.66,-0.014,-0.138,0.022,-0.133,89.1,76.76
"2025-02-10 06:00:00",9752,12.27,405,0,-0.033,-0.09,-1.66,-0.009,-0.138,0.022,-0.129,88.6,78.98
"2025-02-10 06:30:00",9753,12.26,405,0,-0.035,-0.14,-1.64,-0.013,-0.138,0.013,-0.132,87.4,78.31
"2025-02-10 07:00:00",9754,12.26,405,0,-0.035,-0.14,-1.64,-0.013,-0.137,0.017,-0.128,88.5,78.44
"2025-02-10 07:30:00",9755,12.26,405,0,-0.032,-0.09,-1.59,-0.009,-0.134,0.026,-0.128,89.2,77.31
"2025-02-10 08:00:00",9756,12.26,405,0,-0.032,-0.03,-1.64,-0.005,-0.138,0.031,-0.128,88.5,78.18
"2025-02-10 08:30:00",9757,12.26,405,0,-0.028,0,-1.49,0,-0.125,0.038,-0.123,90.8,78.49
"2025-02-10 09:00:00",9758,12.26,405,0,-0.025,0.1,-1.46,0.008,-0.122,0.045,-0.117,93.2,80.9
"2025-02-10 09:30:00",9759,12.26,405,0,-0.017,0.29,-1.32,0.025,-0.111,0.067,-0.094,94.1,81
"2025-02-10 10:00:00",9760,12.26,405,0,-0.003,0.74,-1.15,0.062,-0.097,0.107,-0.074,95.8,82.7
"2025-02-10 10:30:00",9761,12.26,405,0,0.026,1.58,-0.69,0.13,-0.059,0.166,-0.05,90.3,80.7
"2025-02-10 11:00:00",9762,12.26,405,0,0.036,1.92,-0.59,0.158,-0.05,0.206,-0.034,96.2,83.1
"2025-02-10 11:30:00",9763,12.26,405,0,0.062,2.66,-0.21,0.219,-0.019,0.282,-0.004,100.4,82.6
"2025-02-10 12:00:00",9764,12.26,405,0,0.076,3.05,-0.02,0.252,-0.004,0.318,0.022,105.8,88.2
"2025-02-10 12:30:00",9765,12.26,405,0,0.086,3.36,0.08,0.277,0.008,0.344,0.033,101.6,88.3
"2025-02-10 13:00:00",9766,12.26,405,0,0.082,3.22,0.1,0.266,0.008,0.318,0.03,88.7,87.8
"2025-02-10 13:30:00",9767,12.26,405,0,0.088,3.46,0.1,0.286,0.008,0.332,0.026,88,86.5
"2025-02-10 14:00:00",9768,12.26,405,0,0.088,3.53,0,0.292,0,0.341,0.023,92.4,85.3
"2025-02-10 14:30:00",9769,12.26,405,0,0.086,3.45,0,0.285,0,0.33,0.012,90.1,82.5
"2025-02-10 15:00:00",9770,12.26,405,0,0.088,3.5,0.04,0.289,0.004,0.331,0.015,87.2,83.6
"2025-02-10 15:30:00",9771,12.26,405,0,0.08,3.05,0.18,0.252,0.015,0.316,0.034,99.4,86.8
"2025-02-10 16:00:00",9772,12.26,405,0,0.127,4.9,0.25,0.405,0.02,0.424,0.024,83.7,81.1
"2025-02-10 16:30:00",9773,12.26,405,0,0.105,3.96,0.29,0.327,0.024,0.372,0.028,89,82.6
"2025-02-10 17:00:00",9774,12.26,405,0,0.097,3.77,0.15,0.312,0.012,0.351,0.016,87.6,79.26
"2025-02-10 17:30:00",9775,12.25,405,0,0.09,3.61,-0.03,0.299,-0.004,0.335,-0.008,86.4,79.06
"2025-02-10 18:00:00",9776,12.25,405,0,0.075,3.26,-0.34,0.27,-0.03,0.298,-0.043,82,77.31
"2025-02-10 18:30:00",9777,12.24,405,0,0.041,2.24,-0.77,0.185,-0.066,0.22,-0.074,86.1,73.51
"2025-02-10 19:00:00",9778,12.24,405,0,0.019,1.53,-0.98,0.126,-0.083,0.156,-0.094,86.3,74.49
"2025-02-10 19:30:00",9779,12.23,405,0,0.002,1.05,-1.24,0.087,-0.104,0.118,-0.107,84.9,74.3
"2025-02-10 20:00:00",9780,12.23,405,0,-0.008,0.7,-1.38,0.057,-0.116,0.089,-0.118,84.6,73.8
"2025-02-10 20:30:00",9781,12.22,405,0,-0.012,0.56,-1.4,0.046,-0.118,0.076,-0.121,88,74.67
"2025-02-10 21:00:00",9782,12.22,405,0,-0.016,0.46,-1.47,0.038,-0.124,0.069,-0.127,86.5,75.4
"2025-02-10 21:30:00",9783,12.22,405,0,-0.018,0.46,-1.59,0.038,-0.133,0.055,-0.135,84.6,74.29
"2025-02-10 22:00:00",9784,12.21,405,0,-0.028,0.06,-1.6,0.005,-0.135,0.037,-0.133,87.1,76.52
"2025-02-10 22:30:00",9785,12.21,405,0,-0.026,0.17,-1.6,0.013,-0.135,0.043,-0.133,88.8,76.26
"2025-02-10 23:00:00",9786,12.21,405,0,-0.031,0,-1.66,0,-0.139,0.028,-0.143,86.1,75.27
"2025-02-10 23:30:00",9787,12.2,405,0,-0.032,0,-1.71,0,-0.143,0.027,-0.142,86.9,75.02
"2025-02-11 00:00:00",9788,12.2,405,0,-0.04,-0.34,-1.66,-0.03,-0.139,0.004,-0.135,93.1,77.26
"2025-02-11 00:30:00",9789,12.19,405,0,-0.037,-0.19,-1.74,-0.018,-0.145,0.013,-0.141,91.9,77.08
"2025-02-11 01:00:00",9790,12.2,405,0,-0.044,-0.45,-1.76,-0.039,-0.147,-0.004,-0.138,90.9,78.02
"2025-02-11 01:30:00",9791,12.2,405,0,-0.043,-0.4,-1.76,-0.035,-0.147,-0.008,-0.138,91.7,77.9
"2025-02-11 02:00:00",9792,12.19,405,0,-0.047,-0.48,-1.84,-0.041,-0.154,-0.018,-0.145,85.5,75.85
"2025-02-11 02:30:00",9793,12.2,405,0,-0.044,-0.38,-1.85,-0.033,-0.155,-0.009,-0.159,85.5,74.85
"2025-02-11 03:00:00",9794,12.2,405,0,-0.049,-0.54,-1.9,-0.047,-0.158,-0.023,-0.157,86.9,74.61
"2025-02-11 03:30:00",9795,12.2,405,0,-0.048,-0.54,-1.85,-0.047,-0.155,-0.023,-0.158,86.1,75.29
"2025-02-11 04:00:00",9796,12.2,405,0,-0.05,-0.61,-1.87,-0.052,-0.157,-0.017,-0.147,92.8,77.27
"2025-02-11 04:30:00",9797,12.19,405,0,-0.048,-0.55,-1.81,-0.048,-0.152,-0.017,-0.147,92.6,78.27
"2025-02-11 05:00:00",9798,12.19,405,0,-0.051,-0.68,-1.83,-0.058,-0.152,-0.026,-0.147,90.5,77.71
"2025-02-11 05:30:00",9799,12.19,405,0,-0.049,-0.59,-1.84,-0.051,-0.154,-0.027,-0.152,86,76.35
"2025-02-11 06:00:00",9800,12.19,405,0,-0.053,-0.69,-1.9,-0.058,-0.159,-0.031,-0.149,90.4,77.03
"2025-02-11 06:30:00",9801,12.19,405,0,-0.052,-0.65,-1.88,-0.055,-0.158,-0.031,-0.153,86.1,76.23
"2025-02-11 07:00:00",9802,12.19,405,0,-0.056,-0.77,-1.92,-0.066,-0.161,-0.038,-0.156,89.4,77.34
"2025-02-11 07:30:00",9803,12.19,405,0,-0.054,-0.76,-1.85,-0.065,-0.155,-0.038,-0.15,91.9,76.11
"2025-02-11 08:00:00",9804,12.19,405,0,-0.055,-0.82,-1.85,-0.069,-0.155,-0.038,-0.146,90.7,78.66
"2025-02-11 08:30:00",9805,12.19,405,0,-0.054,-0.77,-1.85,-0.066,-0.155,-0.032,-0.146,97.3,78.29
"2025-02-11 09:00:00",9806,12.19,405,0,-0.056,-0.79,-1.92,-0.068,-0.161,-0.036,-0.148,93.6,79.3
"2025-02-11 09:30:00",9807,12.19,405,0,-0.055,-0.73,-1.94,-0.062,-0.163,-0.034,-0.153,91.9,80.5
"2025-02-11 10:00:00",9808,12.19,405,0,-0.051,-0.69,-1.78,-0.059,-0.149,-0.024,-0.136,98.8,81
"2025-02-11 10:30:00",9809,12.19,405,0,-0.047,-0.55,-1.77,-0.048,-0.148,-0.011,-0.135,97.6,81.8
"2025-02-11 11:00:00",9810,12.19,405,0,-0.046,-0.56,-1.69,-0.049,-0.141,-0.012,-0.121,104.8,85.3
"2025-02-11 11:30:00",9811,12.19,405,0,-0.048,-0.58,-1.77,-0.05,-0.148,-0.022,-0.13,92,80.9
"2025-02-11 12:00:00",9812,12.2,405,0,-0.042,-0.44,-1.63,-0.038,-0.137,-0.004,-0.12,89.6,81.7
"2025-02-11 12:30:00",9813,12.2,405,0,-0.039,-0.3,-1.7,-0.027,-0.143,0.004,-0.129,90.1,79.77
"2025-02-11 13:00:00",9814,12.2,405,0,-0.033,-0.13,-1.59,-0.013,-0.134,0.025,-0.116,94.4,79.03
"2025-02-11 13:30:00",9815,12.2,405,0,-0.031,-0.03,-1.59,-0.005,-0.133,0.031,-0.123,89,79.33
"2025-02-11 14:00:00",9816,12.2,405,0,-0.025,0.17,-1.59,0.014,-0.133,0.038,-0.131,81.8,75.41
"2025-02-11 14:30:00",9817,12.2,405,0,-0.034,-0.09,-1.67,-0.01,-0.14,0.014,-0.138,86.4,76.01
"2025-02-11 15:00:00",9818,12.19,405,0,-0.033,-0.03,-1.7,-0.005,-0.142,0.022,-0.136,89.2,76.32
"2025-02-11 15:30:00",9819,12.19,405,0,-0.033,-0.09,-1.63,-0.009,-0.137,0.022,-0.135,89.3,76.75
"2025-02-11 16:00:00",9820,12.19,405,0,-0.04,-0.26,-1.77,-0.024,-0.148,-0.005,-0.146,84.5,73.4
"2025-02-11 16:30:00",9821,12.18,405,0,-0.044,-0.38,-1.85,-0.034,-0.155,-0.005,-0.153,85.1,74.45
"2025-02-11 17:00:00",9822,12.18,405,0,-0.049,-0.59,-1.8,-0.051,-0.151,-0.022,-0.149,87,75.87
"2025-02-11 17:30:00",9823,12.18,405,0,-0.05,-0.61,-1.87,-0.052,-0.156,-0.028,-0.159,83.9,74.57
"2025-02-11 18:00:00",9824,12.18,405,0,-0.055,-0.8,-1.87,-0.068,-0.157,-0.04,-0.155,87.3,76.68
"2025-02-11 18:30:00",9825,12.18,405,0,-0.055,-0.76,-1.92,-0.065,-0.161,-0.045,-0.159,83.6,75
"2025-02-11 19:00:00",9826,12.17,405,0,-0.06,-0.91,-1.97,-0.078,-0.164,-0.049,-0.163,87.7,75.13
"2025-02-11 19:30:00",9827,12.17,405,0,-0.062,-0.98,-1.98,-0.083,-0.165,-0.063,-0.159,84.4,76.25
"2025-02-11 20:00:00",9828,12.17,405,0,-0.062,-0.96,-2.01,-0.081,-0.168,-0.057,-0.162,85.5,76.12
"2025-02-11 20:30:00",9829,12.17,405,0,-0.06,-0.91,-1.95,-0.077,-0.164,-0.057,-0.158,88.2,75.82
"2025-02-11 21:00:00",9830,12.17,405,0,-0.062,-0.96,-2.01,-0.081,-0.168,-0.061,-0.158,88.6,75.81
"2025-02-11 21:30:00",9831,12.17,405,0,-0.063,-1.01,-2.02,-0.086,-0.169,-0.057,-0.167,88.6,76.55
"2025-02-11 22:00:00",9832,12.17,405,0,-0.064,-1.03,-2.02,-0.087,-0.169,-0.062,-0.163,86.9,75.81
"2025-02-11 22:30:00",9833,12.16,405,0,-0.068,-1.18,-2.05,-0.099,-0.172,-0.074,-0.166,88.6,75.25
"2025-02-11 23:00:00",9834,12.16,405,0,-0.063,-0.96,-2.05,-0.081,-0.171,-0.061,-0.165,88.1,75.01
"2025-02-11 23:30:00",9835,12.16,405,0,-0.069,-1.19,-2.06,-0.101,-0.173,-0.075,-0.17,90.6,78.04
"2025-02-12 00:00:00",9836,12.16,405,0,-0.063,-1.01,-2.01,-0.085,-0.168,-0.065,-0.162,87.2,75.31
"2025-02-12 00:30:00",9837,12.16,405,0,-0.061,-0.93,-2.01,-0.078,-0.168,-0.054,-0.166,86.7,78.35
"2025-02-12 01:00:00",9838,12.16,405,0,-0.06,-0.93,-1.97,-0.079,-0.164,-0.054,-0.162,83.7,76.12
"2025-02-12 01:30:00",9839,12.16,405,0,-0.06,-0.93,-1.97,-0.078,-0.164,-0.049,-0.159,86,77.12
"2025-02-12 02:00:00",9840,12.16,405,0,-0.061,-0.93,-2.01,-0.079,-0.168,-0.058,-0.162,86,74.38
"2025-02-12 02:30:00",9841,12.16,405,0,-0.066,-1.17,-1.97,-0.099,-0.164,-0.074,-0.159,88.1,74.81
"2025-02-12 03:00:00",9842,12.16,405,0,-0.065,-1.04,-2.06,-0.087,-0.173,-0.067,-0.167,88.3,77.74
"2025-02-12 03:30:00",9843,12.15,405,0,-0.064,-1.01,-2.06,-0.086,-0.173,-0.062,-0.162,90.6,76.25
"2025-02-12 04:00:00",9844,12.15,405,0,-0.068,-1.18,-2.05,-0.1,-0.172,-0.08,-0.166,84.7,74.33
"2025-02-12 04:30:00",9845,12.15,405,0,-0.069,-1.14,-2.12,-0.096,-0.177,-0.075,-0.171,91.2,76.62
"2025-02-12 05:00:00",9846,12.14,405,0,-0.069,-1.21,-2.06,-0.101,-0.173,-0.072,-0.167,89.1,75.5
"2025-02-12 05:30:00",9847,12.15,405,0,-0.07,-1.25,-2.06,-0.105,-0.173,-0.08,-0.167,87.2,75.64
"2025-02-12 06:00:00",9848,12.15,405,0,-0.066,-1.08,-2.06,-0.092,-0.173,-0.067,-0.167,90.3,75.44
"2025-02-12 06:30:00",9849,12.15,405,0,-0.067,-1.14,-2.06,-0.096,-0.173,-0.08,-0.167,87.5,76.67
"2025-02-12 07:00:00",9850,12.14,405,0,-0.071,-1.25,-2.11,-0.105,-0.176,-0.079,-0.17,88.3,75.93
"2025-02-12 07:30:00",9851,12.14,405,0,-0.07,-1.24,-2.05,-0.104,-0.171,-0.083,-0.165,87.5,76.43
"2025-02-12 08:00:00",9852,12.14,405,0,-0.072,-1.32,-2.08,-0.111,-0.174,-0.086,-0.168,88.8,76.44
"2025-02-12 08:30:00",9853,12.14,405,0,-0.074,-1.38,-2.08,-0.116,-0.173,-0.09,-0.168,89.5,77.37
"2025-02-12 09:00:00",9854,12.14,405,0,-0.075,-1.38,-2.13,-0.116,-0.178,-0.095,-0.172,90.9,76.56
"2025-02-12 09:30:00",9855,12.14,405,0,-0.071,-1.29,-2.06,-0.109,-0.172,-0.08,-0.166,93.4,77.56
"2025-02-12 10:00:00",9856,12.14,405,0,-0.071,-1.26,-2.11,-0.106,-0.176,-0.086,-0.17,88.5,78.67
"2025-02-12 10:30:00",9857,12.14,405,0,-0.071,-1.26,-2.08,-0.107,-0.174,-0.086,-0.168,91.6,75.81
"2025-02-12 11:00:00",9858,12.14,405,0,-0.07,-1.24,-2.09,-0.104,-0.174,-0.074,-0.161,95.1,78.25
"2025-02-12 11:30:00",9859,12.14,405,0,-0.076,-1.45,-2.11,-0.122,-0.176,-0.096,-0.166,92.8,77.25
"2025-02-12 12:00:00",9860,12.14,405,0,-0.072,-1.33,-2.04,-0.112,-0.17,-0.083,-0.157,91.9,77.81
"2025-02-12 12:30:00",9861,12.14,405,0,-0.069,-1.22,-2.05,-0.103,-0.171,-0.07,-0.158,101.8,82.3
"2025-02-12 13:00:00",9862,12.14,405,0,-0.079,-1.53,-2.13,-0.128,-0.179,-0.111,-0.168,87.5,77.89
"2025-02-12 13:30:00",9863,12.14,405,0,-0.07,-1.21,-2.09,-0.102,-0.174,-0.072,-0.164,93.2,77.65
"2025-02-12 14:00:00",9864,12.14,405,0,-0.068,-1.21,-2.02,-0.102,-0.169,-0.077,-0.159,94.2,80.1
"2025-02-12 14:30:00",9865,12.14,405,0,-0.076,-1.43,-2.12,-0.12,-0.177,-0.103,-0.175,85.9,76.28
"2025-02-12 15:00:00",9866,12.13,405,0,-0.072,-1.29,-2.08,-0.109,-0.173,-0.079,-0.171,86.3,76.71
"2025-02-12 15:30:00",9867,12.14,405,0,-0.076,-1.42,-2.15,-0.119,-0.179,-0.093,-0.173,89.4,76.53
"2025-02-12 16:00:00",9868,12.13,405,0,-0.079,-1.53,-2.16,-0.129,-0.18,-0.107,-0.174,86.9,75.29
"2025-02-12 16:30:00",9869,12.14,405,0,-0.075,-1.33,-2.19,-0.113,-0.182,-0.087,-0.176,87.1,76.97
"2025-02-12 17:00:00",9870,12.13,405,0,-0.077,-1.4,-2.19,-0.118,-0.183,-0.082,-0.177,87.9,76.03
"2025-02-12 17:30:00",9871,12.13,405,0,-0.075,-1.35,-2.16,-0.114,-0.18,-0.092,-0.178,87,76.4
"2025-02-12 18:00:00",9872,12.13,405,0,-0.073,-1.29,-2.16,-0.108,-0.18,-0.087,-0.174,87.2,75.09
"2025-02-12 18:30:00",9873,12.13,405,0,-0.073,-1.32,-2.09,-0.111,-0.175,-0.081,-0.169,87,75.41
"2025-02-12 19:00:00",9874,12.13,405,0,-0.076,-1.39,-2.19,-0.117,-0.182,-0.1,-0.176,87.5,76.4
"2025-02-12 19:30:00",9875,12.13,405,0,-0.077,-1.4,-2.19,-0.118,-0.183,-0.097,-0.181,86.5,75.16
"2025-02-12 20:00:00",9876,12.13,405,0,-0.071,-1.28,-2.08,-0.107,-0.174,-0.086,-0.168,86.9,75.59
"2025-02-12 20:30:00",9877,12.12,405,0,-0.074,-1.35,-2.13,-0.114,-0.178,-0.087,-0.172,89.1,77.21
"2025-02-12 21:00:00",9878,12.12,405,0,-0.077,-1.45,-2.18,-0.121,-0.182,-0.095,-0.176,87.6,76.22
"2025-02-12 21:30:00",9879,12.12,405,0,-0.075,-1.39,-2.13,-0.117,-0.178,-0.091,-0.172,89.3,76.21
"2025-02-12 22:00:00",9880,12.12,405,0,-0.074,-1.33,-2.15,-0.113,-0.179,-0.091,-0.173,87.6,76.53
"2025-02-12 22:30:00",9881,12.12,405,0,-0.073,-1.29,-2.18,-0.109,-0.182,-0.088,-0.176,91.2,77.34
"2025-02-12 23:00:00",9882,12.12,405,0,-0.075,-1.38,-2.16,-0.116,-0.181,-0.095,-0.175,89.4,77.83
"2025-02-12 23:30:00",9883,12.12,405,0,-0.075,-1.39,-2.13,-0.117,-0.179,-0.096,-0.173,86.3,76.47
"2025-02-13 00:00:00",9884,12.12,405,0,-0.077,-1.45,-2.13,-0.122,-0.178,-0.1,-0.172,89.2,76.35
"2025-02-13 00:30:00",9885,12.12,405,0,-0.078,-1.52,-2.13,-0.127,-0.179,-0.105,-0.173,86.6,75.79
"2025-02-13 01:00:00",9886,12.12,405,0,-0.08,-1.56,-2.18,-0.131,-0.182,-0.114,-0.176,86.1,75.73
"2025-02-13 01:30:00",9887,12.11,405,0,-0.075,-1.39,-2.13,-0.117,-0.179,-0.1,-0.173,87.7,74.86
"2025-02-13 02:00:00",9888,12.11,405,0,-0.077,-1.4,-2.19,-0.118,-0.183,-0.096,-0.177,87.1,74.73
"2025-02-13 02:30:00",9889,12.11,405,0,-0.074,-1.33,-2.15,-0.112,-0.179,-0.086,-0.173,90.9,75.35
"2025-02-13 03:00:00",9890,12.11,405,0,-0.078,-1.46,-2.19,-0.122,-0.183,-0.096,-0.177,89.5,74.91
"2025-02-13 03:30:00",9891,12.11,405,0,-0.078,-1.46,-2.19,-0.123,-0.183,-0.096,-0.177,87.8,77.15
"2025-02-13 04:00:00",9892,12.11,405,0,-0.077,-1.43,-2.19,-0.121,-0.182,-0.094,-0.176,90.1,76.22
"2025-02-13 04:30:00",9893,12.1,405,0,-0.079,-1.52,-2.19,-0.127,-0.183,-0.105,-0.177,88.5,75.11
"2025-02-13 05:00:00",9894,12.1,405,0,-0.076,-1.39,-2.2,-0.117,-0.184,-0.1,-0.178,87.1,76.22
"2025-02-13 05:30:00",9895,12.1,405,0,-0.079,-1.49,-2.22,-0.125,-0.185,-0.107,-0.179,89.4,75.35
"2025-02-13 06:00:00",9896,12.1,405,0,-0.08,-1.53,-2.19,-0.128,-0.183,-0.106,-0.177,89.5,78.89
"2025-02-13 06:30:00",9897,12.1,405,0,-0.08,-1.53,-2.19,-0.129,-0.182,-0.098,-0.172,96.4,79.58
"2025-02-13 07:00:00",9898,12.1,405,0,-0.08,-1.53,-2.19,-0.129,-0.183,-0.102,-0.173,89.3,78.91
"2025-02-13 07:30:00",9899,12.1,405,0,-0.075,-1.38,-2.13,-0.116,-0.178,-0.089,-0.168,90.8,77.98
"2025-02-13 08:00:00",9900,12.1,405,0,-0.073,-1.33,-2.11,-0.112,-0.176,-0.087,-0.166,92.7,80.6
"2025-02-13 08:30:00",9901,12.1,405,0,-0.073,-1.28,-2.16,-0.108,-0.18,-0.082,-0.17,98.7,78.86
"2025-02-13 09:00:00",9902,12.1,405,0,-0.071,-1.29,-2.04,-0.109,-0.171,-0.083,-0.161,88.7,75.57
"2025-02-13 09:30:00",9903,12.1,405,0,-0.069,-1.19,-2.08,-0.101,-0.173,-0.071,-0.163,92.3,78.74
"2025-02-13 10:00:00",9904,12.1,405,0,-0.073,-1.31,-2.12,-0.11,-0.177,-0.088,-0.167,90,78.11
"2025-02-13 10:30:00",9905,12.1,405,0,-0.074,-1.33,-2.16,-0.113,-0.18,-0.086,-0.174,90.3,76.92
"2025-02-13 11:00:00",9906,12.1,405,0,-0.073,-1.36,-2.05,-0.115,-0.172,-0.084,-0.166,91.2,77.86
"2025-02-13 11:30:00",9907,12.1,405,0,-0.074,-1.36,-2.09,-0.114,-0.175,-0.088,-0.169,90,77.11
"2025-02-13 12:00:00",9908,12.1,405,0,-0.067,-1.14,-2.06,-0.096,-0.172,-0.062,-0.162,98.8,78.74
"2025-02-13 12:30:00",9909,12.1,405,0,-0.076,-1.39,-2.19,-0.117,-0.182,-0.086,-0.172,89.9,78.05
"2025-02-13 13:00:00",9910,12.1,405,0,-0.077,-1.46,-2.12,-0.123,-0.177,-0.092,-0.167,93.3,78.93
"2025-02-13 13:30:00",9911,12.09,405,0,-0.07,-1.24,-2.08,-0.104,-0.173,-0.083,-0.167,87.6,77.44
"2025-02-13 14:00:00",9912,12.1,405,0,-0.069,-1.21,-2.04,-0.101,-0.17,-0.075,-0.161,91.5,76.88
"2025-02-13 14:30:00",9913,12.09,405,0,-0.056,-0.8,-1.9,-0.069,-0.159,-0.04,-0.149,90,78.68
"2025-02-13 15:00:00",9914,12.09,405,0,-0.053,-0.73,-1.84,-0.062,-0.154,-0.03,-0.136,95.1,81.3
"2025-02-13 15:30:00",9915,12.09,405,0,-0.054,-0.76,-1.84,-0.065,-0.154,-0.031,-0.141,93.4,77.32
"2025-02-13 16:00:00",9916,12.09,405,0,-0.053,-0.75,-1.83,-0.064,-0.153,-0.038,-0.151,87.1,75.02
"2025-02-13 16:30:00",9917,12.09,405,0,-0.054,-0.76,-1.84,-0.065,-0.153,-0.039,-0.148,86.4,78
"2025-02-13 17:00:00",9918,12.09,405,0,-0.052,-0.7,-1.8,-0.06,-0.151,-0.034,-0.15,85.5,75.38
"2025-02-13 17:30:00",9919,12.09,405,0,-0.047,-0.52,-1.83,-0.046,-0.153,-0.015,-0.155,84.3,75.19
"2025-02-13 18:00:00",9920,12.08,405,0,-0.052,-0.7,-1.84,-0.06,-0.153,-0.039,-0.156,85,74.13
"2025-02-13 18:30:00",9921,12.08,405,0,-0.059,-0.86,-1.98,-0.073,-0.166,-0.056,-0.168,83.1,71.95
"2025-02-13 19:00:00",9922,12.08,405,0,-0.048,-0.55,-1.81,-0.047,-0.152,-0.014,-0.145,90.8,80.9
"2025-02-13 19:30:00",9923,12.08,405,0,-0.041,-0.33,-1.77,-0.029,-0.149,-0.023,-0.146,74.44,73.76
"2025-02-13 20:00:00",9924,12.07,405,0,-0.045,-0.47,-1.78,-0.04,-0.149,-0.01,-0.156,85.6,73.5
"2025-02-13 20:30:00",9925,12.08,405,0,-0.039,-0.27,-1.7,-0.025,-0.143,0.009,-0.141,87.5,75.86
"2025-02-13 21:00:00",9926,12.07,405,0,-0.045,-0.45,-1.8,-0.039,-0.151,-0.005,-0.149,86.2,79.32
"2025-02-13 21:30:00",9927,12.07,405,0,-0.041,-0.4,-1.66,-0.035,-0.139,-0.01,-0.146,85.8,77.21
"2025-02-13 22:00:00",9928,12.07,405,0,-0.044,-0.4,-1.81,-0.034,-0.151,0,-0.153,89.5,75.46
"2025-02-13 22:30:00",9929,12.07,405,0,-0.041,-0.34,-1.71,-0.03,-0.143,-0.005,-0.142,81.9,75.53
"2025-02-13 23:00:00",9930,12.06,405,0,-0.048,-0.58,-1.78,-0.05,-0.149,-0.025,-0.151,82.7,75.77
"2025-02-13 23:30:00",9931,12.06,405,0,-0.04,-0.28,-1.73,-0.025,-0.145,0,-0.143,85.4,74.78
"2025-02-14 00:00:00",9932,12.06,405,0,-0.04,-0.33,-1.67,-0.029,-0.14,-0.005,-0.142,83.6,74.96
"2025-02-14 00:30:00",9933,12.05,405,0,-0.043,-0.34,-1.84,-0.03,-0.153,-0.005,-0.156,81.9,75.02
"2025-02-14 01:00:00",9934,12.05,405,0,-0.051,-0.68,-1.8,-0.058,-0.15,-0.033,-0.148,85.6,75.76
"2025-02-14 01:30:00",9935,12.05,405,0,-0.05,-0.62,-1.81,-0.053,-0.151,-0.024,-0.15,89.8,74.95
"2025-02-14 02:00:00",9936,12.04,405,0,-0.048,-0.48,-1.9,-0.042,-0.158,-0.005,-0.152,90,77.37
"2025-02-14 02:30:00",9937,12.04,405,0,-0.047,-0.51,-1.84,-0.044,-0.154,-0.024,-0.152,87,77.87
"2025-02-14 03:00:00",9938,12.04,405,0,-0.045,-0.45,-1.8,-0.039,-0.151,-0.014,-0.153,85.2,73.83
"2025-02-14 03:30:00",9939,12.04,405,0,-0.048,-0.55,-1.84,-0.048,-0.154,-0.014,-0.152,87.3,76.69
"2025-02-14 04:00:00",9940,12.04,405,0,-0.048,-0.51,-1.87,-0.044,-0.157,-0.019,-0.151,85.4,73.84
"2025-02-14 04:30:00",9941,12.04,405,0,-0.051,-0.69,-1.8,-0.059,-0.15,-0.024,-0.153,86.4,75.51
"2025-02-14 05:00:00",9942,12.03,405,0,-0.055,-0.8,-1.87,-0.069,-0.156,-0.043,-0.154,85.3,73.7
"2025-02-14 05:30:00",9943,12.03,405,0,-0.049,-0.55,-1.87,-0.048,-0.156,-0.019,-0.154,85.7,73.57
"2025-02-14 06:00:00",9944,12.03,405,0,-0.052,-0.65,-1.88,-0.055,-0.157,-0.022,-0.155,89.8,76.98
"2025-02-14 06:30:00",9945,12.03,405,0,-0.05,-0.61,-1.87,-0.052,-0.157,-0.023,-0.151,86.5,75.62
"2025-02-14 07:00:00",9946,12.02,405,0,-0.05,-0.56,-1.91,-0.049,-0.16,-0.033,-0.163,84.2,75.12
"2025-02-14 07:30:00",9947,12.02,405,0,-0.052,-0.63,-1.91,-0.055,-0.16,-0.022,-0.15,89.8,75.99
"2025-02-14 08:00:00",9948,12.02,405,0,-0.048,-0.55,-1.8,-0.048,-0.15,-0.017,-0.141,91.4,75.63
"2025-02-14 08:30:00",9949,12.02,405,0,-0.04,-0.35,-1.64,-0.031,-0.137,0.017,-0.123,102.4,79.36
"2025-02-14 09:00:00",9950,12.02,405,0,-0.04,-0.35,-1.63,-0.031,-0.137,0.008,-0.127,97.6,81.3
"2025-02-14 09:30:00",9951,12.02,405,0,-0.02,0.21,-1.35,0.017,-0.114,0.046,-0.1,92.8,78.19
"2025-02-14 10:00:00",9952,12.03,405,0,-0.018,0.22,-1.29,0.019,-0.109,0.046,-0.1,86.5,78.38
"2025-02-14 10:30:00",9953,12.03,405,0,-0.016,0.34,-1.29,0.028,-0.108,0.058,-0.099,86.5,80.1
"2025-02-14 11:00:00",9954,12.03,405,0,-0.01,0.49,-1.21,0.041,-0.101,0.084,-0.088,90.9,82.7
"2025-02-14 11:30:00",9955,12.03,405,0,0,0.88,-1.19,0.073,-0.101,0.131,-0.083,98.3,83.2
"2025-02-14 12:00:00",9956,12.02,405,0,0.01,1.09,-0.89,0.09,-0.075,0.129,-0.054,92.7,85.1
"2025-02-14 12:30:00",9957,12.03,405,0,0.017,1.39,-0.93,0.114,-0.079,0.167,-0.058,95.9,83
"2025-02-14 13:00:00",9958,12.03,405,0,0.015,1.32,-0.9,0.109,-0.076,0.141,-0.059,87.2,84.1
"2025-02-14 13:30:00",9959,12.03,405,0,-0.003,0.73,-1.17,0.06,-0.098,0.115,-0.088,97.6,80.5
"2025-02-14 14:00:00",9960,12.03,405,0,0.001,0.92,-1.15,0.076,-0.098,0.125,-0.084,96.7,81.1
"2025-02-14 14:30:00",9961,12.03,405,0,0,0.84,-1.12,0.069,-0.095,0.119,-0.086,95.7,83.1
"2025-02-14 15:00:00",9962,12.02,405,0,0.002,0.91,-1.08,0.075,-0.091,0.109,-0.086,89.8,78.47
"2025-02-14 15:30:00",9963,12.03,405,0,0.006,1.09,-1.12,0.091,-0.095,0.129,-0.085,89,80.3
"2025-02-14 16:00:00",9964,12.03,405,0,0.019,1.51,-1,0.125,-0.084,0.147,-0.075,80.6,80.7
"2025-02-14 16:30:00",9965,12.02,405,0,0.017,1.36,-0.87,0.113,-0.074,0.139,-0.069,84.5,82.1
"2025-02-14 17:00:00",9966,12.02,405,0,0.01,1.2,-1.03,0.099,-0.087,0.13,-0.09,86.2,75.6
"2025-02-14 17:30:00",9967,12.02,405,0,0.012,1.29,-1.07,0.106,-0.09,0.136,-0.093,83.6,75.77
"2025-02-14 18:00:00",9968,12.02,405,0,0.011,1.3,-1.14,0.108,-0.096,0.126,-0.103,78.91,75.01
"2025-02-14 18:30:00",9969,12.01,405,0,0,0.98,-1.31,0.081,-0.11,0.109,-0.117,83.2,74.3
"2025-02-14 19:00:00",9970,12,405,0,-0.007,0.73,-1.33,0.06,-0.112,0.092,-0.12,85,74.42
"2025-02-14 19:30:00",9971,12,405,0,-0.01,0.66,-1.43,0.055,-0.12,0.087,-0.123,84.2,75.36
"2025-02-14 20:00:00",9972,11.99,405,0,-0.016,0.42,-1.45,0.035,-0.122,0.069,-0.129,85.1,75.53
"2025-02-14 20:30:00",9973,11.99,405,0,-0.026,0.11,-1.54,0.009,-0.13,0.048,-0.124,92.3,76.46
"2025-02-14 21:00:00",9974,11.98,405,0,-0.033,-0.09,-1.62,-0.009,-0.136,0.022,-0.135,88.3,76.91
"2025-02-14 21:30:00",9975,11.98,405,0,-0.035,-0.14,-1.66,-0.014,-0.139,0.022,-0.138,89.6,78.27
"2025-02-14 22:00:00",9976,11.98,405,0,-0.039,-0.27,-1.71,-0.024,-0.144,0.005,-0.143,88.8,75.73
"2025-02-14 22:30:00",9977,11.98,405,0,-0.045,-0.4,-1.84,-0.034,-0.153,-0.01,-0.157,86.3,75.96
"2025-02-14 23:00:00",9978,11.98,405,0,-0.044,-0.42,-1.77,-0.037,-0.148,-0.004,-0.143,90.9,78.33
"2025-02-14 23:30:00",9979,11.98,405,0,-0.048,-0.54,-1.84,-0.046,-0.154,-0.018,-0.149,88.9,75.3
"2025-02-15 00:00:00",9980,11.98,405,0,-0.052,-0.63,-1.92,-0.055,-0.161,-0.029,-0.159,87.1,74.24
"2025-02-15 00:30:00",9981,11.97,405,0,-0.052,-0.63,-1.9,-0.054,-0.159,-0.026,-0.154,92.5,79.14
"2025-02-15 01:00:00",9982,11.97,405,0,-0.06,-0.84,-2.04,-0.072,-0.17,-0.055,-0.173,81.9,75.73
"2025-02-15 01:30:00",9983,11.97,405,0,-0.056,-0.76,-1.97,-0.065,-0.164,-0.029,-0.159,96.1,77.78
"2025-02-15 02:00:00",9984,11.97,405,0,-0.077,-1.63,-1.91,-0.137,-0.16,-0.13,-0.15,81.1,77.91
"2025-02-15 02:30:00",9985,11.97,405,0,-0.063,-1.04,-1.95,-0.088,-0.163,-0.072,-0.163,85.9,75.74
"2025-02-15 03:00:00",9986,11.97,405,0,-0.057,-0.79,-1.95,-0.067,-0.163,-0.051,-0.163,86.2,74.57
"2025-02-15 03:30:00",9987,11.97,405,0,-0.054,-0.69,-1.92,-0.059,-0.161,-0.043,-0.16,85,73.88
"2025-02-15 04:00:00",9988,11.96,405,0,-0.058,-0.83,-1.98,-0.071,-0.166,-0.054,-0.165,82.5,75.12
"2025-02-15 04:30:00",9989,11.97,405,0,-0.056,-0.73,-1.98,-0.062,-0.166,-0.045,-0.169,79.59,75.19
"2025-02-15 05:00:00",9990,11.97,405,0,-0.055,-0.69,-2.01,-0.059,-0.167,-0.053,-0.166,79.15,73.02
"2025-02-15 05:30:00",9991,11.97,405,0,-0.055,-0.72,-1.95,-0.061,-0.163,-0.061,-0.171,73.89,74.44
"2025-02-15 06:00:00",9992,11.96,405,0,-0.053,-0.66,-1.94,-0.056,-0.162,-0.05,-0.166,77.59,72.94
"2025-02-15 06:30:00",9993,11.97,405,0,-0.063,-1.01,-1.99,-0.086,-0.167,-0.069,-0.17,83.2,74.81
"2025-02-15 07:00:00",9994,11.96,405,0,-0.059,-0.9,-1.95,-0.077,-0.163,-0.065,-0.167,83.7,75.36
"2025-02-15 07:30:00",9995,11.96,405,0,-0.059,-0.9,-1.92,-0.077,-0.161,-0.054,-0.164,86.2,73.33
"2025-02-15 08:00:00",9996,11.96,405,0,-0.086,-1.94,-2.01,-0.163,-0.168,-0.16,-0.175,69.63,71.18
"2025-02-15 08:30:00",9997,11.96,405,0,-0.06,-0.91,-1.99,-0.078,-0.166,-0.042,-0.152,107.7,79.94
"2025-02-15 09:00:00",9998,11.97,405,0,-0.046,-0.55,-1.69,-0.048,-0.141,-0.004,-0.12,109.3,88
"2025-02-15 09:30:00",9999,11.97,405,0,-0.041,-0.49,-1.54,-0.043,-0.13,0.007,-0.102,109.7,92.2
"2025-02-15 10:00:00",10000,11.97,405,0,-0.028,-0.07,-1.4,-0.009,-0.118,0.033,-0.094,97,86.6
"2025-02-15 10:30:00",10001,11.97,405,0,-0.022,0.11,-1.33,0.009,-0.113,0.05,-0.092,96.1,85.5
"2025-02-15 11:00:00",10002,11.98,405,0,-0.01,0.45,-1.12,0.037,-0.095,0.086,-0.071,104.1,89.1
"2025-02-15 11:30:00",10003,11.98,405,0,0.004,0.91,-0.97,0.076,-0.082,0.128,-0.057,97.6,84.8
"2025-02-15 12:00:00",10004,11.98,405,0,0.038,2,-0.62,0.165,-0.053,0.21,-0.036,90.6,84.7
"2025-02-15 12:30:00",10005,11.98,405,0,0.071,2.94,-0.13,0.243,-0.012,0.295,-0.004,93.5,84.6
"2025-02-15 13:00:00",10006,11.98,405,0,0.082,3.29,0,0.272,0,0.327,0.016,92.4,85.8
"2025-02-15 13:30:00",10007,11.98,405,0,0.07,2.94,-0.17,0.243,-0.016,0.3,0,90.5,85.1
"2025-02-15 14:00:00",10008,11.98,405,0,0.048,2.31,-0.48,0.191,-0.042,0.238,-0.037,90.5,80.7
"2025-02-15 14:30:00",10009,11.98,405,0,0.022,1.54,-0.84,0.127,-0.072,0.169,-0.066,90.1,78.99
"2025-02-15 15:00:00",10010,11.97,405,0,0.001,0.97,-1.21,0.08,-0.101,0.114,-0.087,89.3,78.18
"2025-02-15 15:30:00",10011,11.97,405,0,-0.016,0.41,-1.42,0.033,-0.119,0.07,-0.118,88.8,78.73
"2025-02-15 16:00:00",10012,11.97,405,0,-0.027,0.06,-1.52,0.005,-0.128,0.042,-0.122,88.7,77.36
"2025-02-15 16:30:00",10013,11.97,405,0,-0.032,-0.09,-1.57,-0.01,-0.132,0.023,-0.131,87.2,76.87
"2025-02-15 17:00:00",10014,11.97,405,0,-0.038,-0.2,-1.73,-0.019,-0.145,0.009,-0.143,88.7,79.04
"2025-02-15 17:30:00",10015,11.96,405,0,-0.042,-0.31,-1.83,-0.028,-0.152,0.004,-0.142,88.7,76.06
"2025-02-15 18:00:00",10016,11.96,405,0,-0.053,-0.69,-1.88,-0.059,-0.157,-0.026,-0.152,93.8,78.93
"2025-02-15 18:30:00",10017,11.96,405,0,-0.056,-0.82,-1.88,-0.069,-0.157,-0.04,-0.152,93.8,76.76
"2025-02-15 19:00:00",10018,11.96,405,0,-0.061,-0.98,-1.95,-0.084,-0.164,-0.05,-0.154,99.8,79.25
"2025-02-15 19:30:00",10019,11.96,405,0,-0.06,-0.96,-1.92,-0.081,-0.161,-0.048,-0.147,102.2,82.7
"2025-02-15 20:00:00",10020,11.96,405,0,-0.064,-1.04,-2.04,-0.088,-0.17,-0.056,-0.152,104.3,84
"2025-02-15 20:30:00",10021,11.96,405,0,-0.068,-1.22,-1.98,-0.103,-0.166,-0.072,-0.152,96.7,82.3
"2025-02-15 21:00:00",10022,11.97,405,0,-0.059,-0.87,-1.95,-0.074,-0.163,-0.042,-0.149,96.4,79.34
"2025-02-15 21:30:00",10023,11.96,405,0,-0.063,-1.03,-1.97,-0.087,-0.165,-0.061,-0.15,92.2,80.6
"2025-02-15 22:00:00",10024,11.96,405,0,-0.064,-1.04,-2.02,-0.087,-0.169,-0.062,-0.159,92.6,78.24
"2025-02-15 22:30:00",10025,11.96,405,0,-0.062,-1.01,-1.94,-0.085,-0.163,-0.06,-0.152,90.8,76.98
"2025-02-15 23:00:00",10026,11.96,405,0,-0.066,-1.1,-2.05,-0.092,-0.172,-0.058,-0.161,90.8,79.16
"2025-02-15 23:30:00",10027,11.96,405,0,-0.066,-1.12,-1.99,-0.094,-0.167,-0.068,-0.157,92.3,78.97
"2025-02-16 00:00:00",10028,11.96,405,0,-0.064,-1.08,-1.97,-0.091,-0.165,-0.06,-0.155,90.4,77.04
"2025-02-16 00:30:00",10029,11.96,405,0,-0.063,-1.08,-1.92,-0.092,-0.161,-0.061,-0.155,87.7,77.04
"2025-02-16 01:00:00",10030,11.96,405,0,-0.066,-1.12,-1.99,-0.095,-0.167,-0.069,-0.157,90.1,78.97
"2025-02-16 01:30:00",10031,11.96,405,0,-0.066,-1.15,-1.95,-0.097,-0.163,-0.071,-0.153,89.5,77.92
"2025-02-16 02:00:00",10032,11.96,405,0,-0.071,-1.35,-1.97,-0.114,-0.164,-0.087,-0.158,87.9,78.98
"2025-02-16 02:30:00",10033,11.96,405,0,-0.074,-1.47,-1.98,-0.124,-0.166,-0.097,-0.16,85.9,78.3
"2025-02-16 03:00:00",10034,11.95,405,0,-0.076,-1.5,-2.01,-0.126,-0.167,-0.099,-0.161,84.8,74.88
"2025-02-16 03:30:00",10035,11.96,405,0,-0.071,-1.38,-1.95,-0.115,-0.163,-0.089,-0.161,86.4,76.54
"2025-02-16 04:00:00",10036,11.96,405,0,-0.074,-1.43,-2.01,-0.121,-0.167,-0.089,-0.161,86,76.17
"2025-02-16 04:30:00",10037,11.95,405,0,-0.077,-1.5,-2.08,-0.126,-0.174,-0.099,-0.168,90.2,75.56
"2025-02-16 05:00:00",10038,11.95,405,0,-0.076,-1.52,-2.04,-0.127,-0.17,-0.105,-0.159,89.3,76.93
"2025-02-16 05:30:00",10039,11.95,405,0,-0.074,-1.46,-1.98,-0.122,-0.166,-0.1,-0.16,87.7,79.1
"2025-02-16 06:00:00",10040,11.95,405,0,-0.078,-1.49,-2.13,-0.126,-0.178,-0.103,-0.167,89.3,78.9
"2025-02-16 06:30:00",10041,11.95,405,0,-0.074,-1.45,-2.02,-0.121,-0.169,-0.094,-0.159,96.3,77.98
"2025-02-16 07:00:00",10042,11.95,405,0,-0.073,-1.33,-2.12,-0.112,-0.177,-0.062,-0.155,110,88.9
"2025-02-16 07:30:00",10043,11.95,405,0,-0.078,-1.63,-1.95,-0.137,-0.164,-0.118,-0.15,109.5,83.7
"2025-02-16 08:00:00",10044,11.95,405,0,-0.073,-1.5,-1.88,-0.127,-0.158,-0.105,-0.14,108.9,86.3
"2025-02-16 08:30:00",10045,11.95,405,0,-0.068,-1.29,-1.87,-0.108,-0.156,-0.086,-0.138,96.5,84.9
"2025-02-16 09:00:00",10046,11.95,405,0,-0.061,-1.04,-1.85,-0.088,-0.155,-0.053,-0.133,94,80.4
"2025-02-16 09:30:00",10047,11.95,405,0,-0.046,-0.62,-1.6,-0.053,-0.134,0.008,-0.116,109.3,87.2
"2025-02-16 10:00:00",10048,11.95,405,0,-0.036,-0.33,-1.46,-0.029,-0.123,0.009,-0.109,92.2,82.5
"2025-02-16 10:30:00",10049,11.95,405,0,-0.028,-0.03,-1.43,-0.005,-0.121,0.033,-0.111,89.4,82.2
"2025-02-16 11:00:00",10050,11.95,405,0,-0.041,-0.44,-1.59,-0.039,-0.134,0.02,-0.115,108.6,83
"2025-02-16 11:30:00",10051,11.95,405,0,-0.015,0.32,-1.26,0.027,-0.107,0.084,-0.085,103.2,84.1
"2025-02-16 12:00:00",10052,11.95,405,0,-0.017,0.38,-1.4,0.031,-0.118,0.05,-0.108,85.3,75.12
"2025-02-16 12:30:00",10053,11.95,405,0,-0.009,0.77,-1.5,0.064,-0.126,0.113,-0.111,89.2,80.5
"2025-02-16 13:00:00",10054,11.95,405,0,-0.029,-0.09,-1.42,-0.01,-0.119,0.028,-0.109,88.9,77.98
"2025-02-16 13:30:00",10055,11.94,405,0,-0.017,0.21,-1.18,0.018,-0.1,0.06,-0.086,100.7,80.1
"2025-02-16 14:00:00",10056,11.95,405,0,0.01,1.25,-1.08,0.103,-0.092,0.113,-0.095,81.6,76.24
"2025-02-16 14:30:00",10057,11.94,405,0,0.004,0.9,-0.94,0.074,-0.08,0.118,-0.074,90.1,80.5
"2025-02-16 15:00:00",10058,11.94,405,0,0.028,1.61,-0.62,0.133,-0.053,0.191,-0.052,99.5,79.71
"2025-02-16 15:30:00",10059,11.93,405,0,0.056,2.45,-0.24,0.203,-0.021,0.269,-0.017,98.7,84.1
"2025-02-16 16:00:00",10060,11.94,405,0,0.089,3.46,0.15,0.286,0.013,0.332,0.021,88.7,85.2
"2025-02-16 16:30:00",10061,11.93,405,0,0.12,4.36,0.57,0.36,0.047,0.414,0.054,93,82.8
"2025-02-16 17:00:00",10062,11.93,405,0,0.159,5.39,1.25,0.446,0.103,0.492,0.108,88.3,81.4
"2025-02-16 17:30:00",10063,11.93,405,0,0.253,8.63,1.92,0.713,0.158,0.689,0.144,78.63,78.94
"2025-02-16 18:00:00",10064,11.93,405,0,0.191,6.47,1.51,0.535,0.125,0.558,0.103,84.9,78.74
"2025-02-16 18:30:00",10065,11.92,405,0,0.205,7.47,0.97,0.617,0.08,0.591,0.059,78.22,78.28
"2025-02-16 19:00:00",10066,11.92,405,0,0.106,4.23,0,0.349,0,0.374,-0.018,82.6,75.48
"2025-02-16 19:30:00",10067,11.92,405,0,0.077,3.36,-0.37,0.278,-0.033,0.301,-0.046,83.6,76.21
"2025-02-16 20:00:00",10068,11.91,405,0,0.041,2.26,-0.77,0.186,-0.065,0.213,-0.069,83.8,76.71
"2025-02-16 20:30:00",10069,11.91,405,0,0.026,1.79,-0.98,0.148,-0.083,0.18,-0.087,82.5,75.83
"2025-02-16 21:00:00",10070,11.91,405,0,0.013,1.44,-1.19,0.12,-0.101,0.151,-0.099,84.8,76.14
"2025-02-16 21:30:00",10071,11.9,405,0,0.002,1.01,-1.19,0.083,-0.101,0.117,-0.108,86.5,76.89
"2025-02-16 22:00:00",10072,11.9,405,0,0.009,1.27,-1.19,0.106,-0.101,0.124,-0.108,83,75.33
"2025-02-16 22:30:00",10073,11.9,405,0,0.004,1.18,-1.32,0.097,-0.111,0.117,-0.118,81.6,74.26
"2025-02-16 23:00:00",10074,11.89,405,0,0,0.98,-1.32,0.081,-0.111,0.105,-0.123,83.1,72.27
"2025-02-16 23:30:00",10075,11.89,405,0,-0.02,0.38,-1.59,0.031,-0.133,0.06,-0.135,82,75.56
"2025-02-17 00:00:00",10076,11.89,405,0,-0.013,0.57,-1.47,0.047,-0.124,0.067,-0.127,85.4,73.26
"2025-02-17 00:30:00",10077,11.89,405,0,-0.005,0.83,-1.36,0.068,-0.115,0.082,-0.117,83.7,72.63
"2025-02-17 01:00:00",10078,11.88,405,0,-0.008,0.69,-1.36,0.056,-0.114,0.08,-0.121,85.7,75.61
"2025-02-17 01:30:00",10079,11.88,405,0,-0.016,0.42,-1.45,0.035,-0.122,0.073,-0.124,82.9,79.21
"2025-02-17 02:00:00",10080,11.87,405,0,-0.02,0.25,-1.43,0.021,-0.12,0.056,-0.127,82.6,75.22
"2025-02-17 02:30:00",10081,11.87,405,0,-0.02,0.29,-1.45,0.025,-0.122,0.058,-0.12,85.9,74.54
"2025-02-17 03:00:00",10082,11.87,405,0,-0.01,0.73,-1.5,0.06,-0.126,0.092,-0.128,88.2,78.32
"2025-02-17 03:30:00",10083,11.87,405,0,-0.026,0.25,-1.71,0.021,-0.143,0.051,-0.145,83.1,75.47
"2025-02-17 04:00:00",10084,11.87,405,0,-0.001,0.99,-1.38,0.083,-0.116,0.111,-0.114,83.2,75.36
"2025-02-17 04:30:00",10085,11.86,405,0,-0.013,0.62,-1.5,0.051,-0.126,0.074,-0.124,87.3,73.24
"2025-02-17 05:00:00",10086,11.86,405,0,-0.018,0.36,-1.45,0.03,-0.122,0.063,-0.125,84.2,75.1
"2025-02-17 05:30:00",10087,11.86,405,0,-0.011,0.62,-1.45,0.051,-0.121,0.074,-0.119,85.6,78.69
"2025-02-17 06:00:00",10088,11.86,405,0,-0.016,0.43,-1.42,0.036,-0.119,0.06,-0.121,81,71.17
"2025-02-17 06:30:00",10089,11.85,405,0,-0.015,0.43,-1.4,0.036,-0.118,0.055,-0.126,85.5,71.43
"2025-02-17 07:00:00",10090,11.85,405,0,-0.01,0.67,-1.46,0.056,-0.123,0.079,-0.121,89.3,75.76
"2025-02-17 07:30:00",10091,11.85,405,0,-0.025,0.18,-1.59,0.015,-0.133,0.048,-0.131,89.2,75.64
"2025-02-17 08:00:00",10092,11.85,405,0,-0.021,0.24,-1.46,0.019,-0.123,0.042,-0.117,90.7,77.32
"2025-02-17 08:30:00",10093,11.85,405,0,-0.011,0.45,-1.18,0.037,-0.1,0.079,-0.094,99.3,77.07
"2025-02-17 09:00:00",10094,11.84,405,0,0.013,1.34,-1.07,0.111,-0.09,0.135,-0.08,94.9,73.16
"2025-02-17 09:30:00",10095,11.84,405,0,0.022,1.68,-1.05,0.139,-0.089,0.18,-0.079,87.1,80.2
"2025-02-17 10:00:00",10096,11.85,405,0,0.012,1.26,-1,0.104,-0.085,0.146,-0.075,97.6,84.3
"2025-02-17 10:30:00",10097,11.84,405,0,0.023,1.61,-0.9,0.134,-0.076,0.19,-0.062,98.6,83
"2025-02-17 11:00:00",10098,11.84,405,0,0.024,1.48,-0.68,0.123,-0.058,0.178,-0.041,108.8,78.33
"2025-02-17 11:30:00",10099,11.84,405,0,0.037,1.96,-0.63,0.162,-0.054,0.222,-0.041,99.9,85.5
"2025-02-17 12:00:00",10100,11.84,405,0,0.026,1.58,-0.68,0.131,-0.058,0.194,-0.041,108.5,84.7
"2025-02-17 12:30:00",10101,11.85,405,0,0.035,1.88,-0.62,0.156,-0.053,0.215,-0.032,106,87.2
"2025-02-17 13:00:00",10102,11.84,405,0,0.042,2.13,-0.59,0.176,-0.05,0.245,-0.033,98.7,85.6
"2025-02-17 13:30:00",10103,11.85,405,0,0.042,2.09,-0.54,0.172,-0.046,0.235,-0.033,90.4,87.2
"2025-02-17 14:00:00",10104,11.85,405,0,0.042,2.07,-0.48,0.172,-0.042,0.228,-0.025,100.3,84.3
"2025-02-17 14:30:00",10105,11.84,405,0,0.058,2.58,-0.34,0.213,-0.03,0.268,-0.017,91.7,84.6
"2025-02-17 15:00:00",10106,11.85,405,0,0.081,3.39,-0.19,0.281,-0.017,0.336,-0.004,90.8,83.9
"2025-02-17 15:30:00",10107,11.84,405,0,0.103,4.06,0.1,0.336,0.008,0.384,0.021,90.5,82.9
"2025-02-17 16:00:00",10108,11.84,405,0,0.113,4.12,0.5,0.341,0.041,0.402,0.061,95.6,86.4
"2025-02-17 16:30:00",10109,11.84,405,0,0.125,4.43,0.74,0.366,0.061,0.435,0.087,101.2,86.9
"2025-02-17 17:00:00",10110,11.84,405,0,0.163,5.79,0.95,0.478,0.078,0.521,0.085,90.2,80.8
"2025-02-17 17:30:00",10111,11.84,405,0,0.169,6,1.02,0.495,0.084,0.522,0.086,86.8,82.4
"2025-02-17 18:00:00",10112,11.84,405,0,0.153,5.46,0.84,0.452,0.07,0.492,0.068,90.6,82.3
"2025-02-17 18:30:00",10113,11.83,405,0,0.134,4.99,0.49,0.412,0.04,0.427,0.035,83.4,79.71
"2025-02-17 19:00:00",10114,11.83,405,0,0.098,3.87,0.06,0.319,0.005,0.357,0,88.2,78.88
"2025-02-17 19:30:00",10115,11.83,405,0,0.065,2.9,-0.37,0.239,-0.032,0.282,-0.031,87.4,77.76
"2025-02-17 20:00:00",10116,11.82,405,0,0.039,2.12,-0.72,0.175,-0.061,0.206,-0.069,83.3,75.39
"2025-02-17 20:30:00",10117,11.82,405,0,0.014,1.34,-1.03,0.111,-0.087,0.147,-0.09,88,77.38
"2025-02-17 21:00:00",10118,11.81,405,0,0.003,1.02,-1.15,0.085,-0.097,0.117,-0.1,87.9,77.56
"2025-02-17 21:30:00",10119,11.81,405,0,-0.004,0.8,-1.29,0.066,-0.109,0.099,-0.107,88.4,75.51
"2025-02-17 22:00:00",10120,11.81,405,0,-0.008,0.71,-1.39,0.059,-0.117,0.083,-0.124,84.9,75.31
"2025-02-17 22:30:00",10121,11.8,405,0,-0.014,0.52,-1.43,0.043,-0.12,0.087,-0.114,91.6,76.75
"2025-02-17 23:00:00",10122,11.8,405,0,-0.024,0.18,-1.52,0.014,-0.128,0.056,-0.126,88.1,76
"2025-02-17 23:30:00",10123,11.8,405,0,-0.02,0.29,-1.46,0.024,-0.123,0.055,-0.117,88.9,77.06
"2025-02-18 00:00:00",10124,11.79,405,0,-0.03,0,-1.62,0,-0.136,0.033,-0.13,88.8,77
"2025-02-18 00:30:00",10125,11.8,405,0,-0.027,0.11,-1.57,0.01,-0.132,0.047,-0.13,90.5,76.94
"2025-02-18 01:00:00",10126,11.8,405,0,-0.029,0.06,-1.63,0.005,-0.137,0.034,-0.131,85.9,75.82
"2025-02-18 01:30:00",10127,11.8,405,0,-0.032,-0.03,-1.64,-0.005,-0.138,0.015,-0.136,84.7,75.63
"2025-02-18 02:00:00",10128,11.79,405,0,-0.027,0.11,-1.57,0.01,-0.132,0.042,-0.13,90.4,76.06
"2025-02-18 02:30:00",10129,11.79,405,0,-0.04,-0.28,-1.76,-0.025,-0.147,0.005,-0.141,87.4,75.07
"2025-02-18 03:00:00",10130,11.79,405,0,-0.036,-0.16,-1.73,-0.015,-0.145,0.005,-0.148,86,74.62
"2025-02-18 03:30:00",10131,11.79,405,0,-0.037,-0.23,-1.69,-0.021,-0.141,0.01,-0.144,84.6,74.49
"2025-02-18 04:00:00",10132,11.79,405,0,-0.04,-0.28,-1.74,-0.025,-0.146,0,-0.144,84.8,74.91
"2025-02-18 04:30:00",10133,11.78,405,0,-0.041,-0.27,-1.83,-0.025,-0.153,0.005,-0.151,88.1,75.3
"2025-02-18 05:00:00",10134,11.78,405,0,-0.046,-0.51,-1.76,-0.044,-0.147,-0.014,-0.146,86.6,76.73
"2025-02-18 05:30:00",10135,11.78,405,0,-0.041,-0.4,-1.66,-0.035,-0.139,-0.01,-0.142,85,75.68
"2025-02-18 06:00:00",10136,11.78,405,0,-0.049,-0.63,-1.76,-0.054,-0.147,-0.029,-0.142,87.5,74.93
"2025-02-18 06:30:00",10137,11.77,405,0,-0.046,-0.47,-1.81,-0.04,-0.152,-0.02,-0.151,87.4,74.61
"2025-02-18 07:00:00",10138,11.77,405,0,-0.043,-0.42,-1.74,-0.038,-0.145,-0.009,-0.14,90.9,78.02
"2025-02-18 07:30:00",10139,11.77,405,0,-0.048,-0.54,-1.84,-0.046,-0.154,-0.018,-0.144,92.7,79.59
"2025-02-18 08:00:00",10140,11.77,405,0,-0.052,-0.65,-1.9,-0.055,-0.158,-0.027,-0.148,94,79.41
"2025-02-18 08:30:00",10141,11.77,405,0,-0.041,-0.38,-1.67,-0.033,-0.14,-0.009,-0.139,90.9,74.33
"2025-02-18 09:00:00",10142,11.77,405,0,-0.049,-0.65,-1.74,-0.056,-0.146,-0.018,-0.132,92.8,80.9
"2025-02-18 09:30:00",10143,11.77,405,0,-0.046,-0.4,-1.9,-0.035,-0.158,-0.019,-0.152,82.7,79.29
"2025-02-18 10:00:00",10144,11.77,405,0,-0.049,-0.56,-1.85,-0.048,-0.155,-0.005,-0.152,89.5,79.42
"2025-02-18 10:30:00",10145,11.77,405,0,-0.039,-0.28,-1.69,-0.026,-0.141,0.016,-0.127,97.5,83.9
"2025-02-18 11:00:00",10146,11.77,405,0,-0.043,-0.33,-1.87,-0.029,-0.157,-0.019,-0.146,81.5,81.5
"2025-02-18 11:30:00",10147,11.77,405,0,-0.038,-0.16,-1.8,-0.015,-0.15,0.009,-0.139,89.7,75.39
"2025-02-18 12:00:00",10148,11.77,405,0,-0.036,-0.16,-1.73,-0.015,-0.144,0.014,-0.134,94.6,79.24
"2025-02-18 12:30:00",10149,11.77,405,0,-0.056,-0.84,-1.83,-0.072,-0.153,-0.032,-0.143,95.4,80.3
"2025-02-18 13:00:00",10150,11.77,405,0,-0.043,-0.33,-1.83,-0.029,-0.153,0,-0.143,90.8,79.99
"2025-02-18 13:30:00",10151,11.77,405,0,-0.04,-0.27,-1.74,-0.025,-0.146,-0.01,-0.139,85.7,76.57
"2025-02-18 14:00:00",10152,11.77,405,0,-0.037,-0.16,-1.74,-0.014,-0.146,0.019,-0.136,89.8,78.2
"2025-02-18 14:30:00",10153,11.77,405,0,-0.051,-0.63,-1.87,-0.054,-0.156,-0.024,-0.15,95.9,78.07
"2025-02-18 15:00:00",10154,11.77,405,0,-0.05,-0.58,-1.9,-0.049,-0.158,-0.026,-0.148,91.7,79.57
"2025-02-18 15:30:00",10155,11.77,405,0,-0.042,-0.44,-1.67,-0.038,-0.14,-0.005,-0.13,93.2,77.58
