"TOA5","CR300Series_411","CR300","4370","CR300-RF407.Std.11.00","CPU:CR300_sapflow.CR300","32345","Table2"
"TIMESTAMP","RECORD","BattV_Min","id","SDI1","SapFlwTot1","VhOuter1","VhInner1","AlphaOut1","AlphaIn1","BetaOut1","BetaIn1","tMaxTout1","tMaxTin1"
"TS","RN","Volts","","","literPerHour","heatVelocity","heatVelocity","logTRatio","logTRatio","logTRatio","logTRatio","second","second"
"","","Min","Smp","Smp","Smp","Smp","Smp","Smp","Smp","Smp","Smp","Smp","Smp"
"2024-08-03 15:30:00",620,11.81,411,1,0.243,5.17,6.04,0.427,0.499,0.487,0.464,102.4,72.41
"2024-08-03 16:00:00",621,13.05,411,1,0.24,4.99,6.14,0.412,0.508,0.438,0.47,103.7,73.43
"2024-08-03 16:30:00",622,13.06,411,1,0.239,5.27,5.7,0.435,0.471,0.486,0.434,95.2,72.8
"2024-08-03 17:00:00",623,13.07,411,1,0.133,1.65,4.86,0.136,0.402,0.135,0.387,109.9,75.85
"2024-08-03 17:30:00",624,13.07,411,1,0.199,4.44,4.66,0.367,0.385,0.409,0.359,89.5,71.37
"2024-08-03 18:00:00",625,13.06,411,1,0.134,2.63,3.64,0.217,0.301,0.268,0.276,96.2,69.51
"2024-08-03 18:30:00",626,13.06,411,1,0.089,1.57,2.65,0.13,0.219,0.182,0.203,101.4,70.38
"2024-08-03 19:00:00",627,13.05,411,1,0.059,0.84,2.05,0.069,0.169,0.115,0.157,99.9,70.45
"2024-08-03 19:30:00",628,13.05,411,1,0.05,0.6,1.86,0.05,0.154,0.099,0.142,102.7,70.94
"2024-08-03 20:00:00",629,13.04,411,1,0.029,0.1,1.43,0.009,0.119,0.047,0.107,97.5,66.46
"2024-08-03 20:30:00",630,13.04,411,1,0.015,-0.2,1.12,-0.018,0.092,0.029,0.081,99,66.96
"2024-08-03 21:00:00",631,13.03,411,1,0.007,-0.34,0.85,-0.03,0.071,0.012,0.063,104.6,65.75
"2024-08-03 21:30:00",632,13.02,411,1,-0.002,-0.59,0.66,-0.051,0.054,-0.012,0.05,105.5,68.46
"2024-08-03 22:00:00",633,13.01,411,1,-0.011,-0.8,0.49,-0.068,0.04,-0.027,0.033,102.9,66.88
"2024-08-03 22:30:00",634,13.01,411,1,-0.011,-0.73,0.41,-0.063,0.033,-0.019,0.03,107.8,67.97
"2024-08-03 23:00:00",635,13,411,1,-0.018,-0.96,0.32,-0.081,0.027,-0.042,0.023,105.5,67.45
"2024-08-03 23:30:00",636,13,411,1,-0.018,-0.9,0.24,-0.076,0.02,-0.037,0.02,103.2,66.44
"2024-08-04 00:00:00",637,13,411,1,-0.016,-0.84,0.24,-0.072,0.02,-0.037,0.017,101,66.45
"2024-08-04 00:30:00",638,12.99,411,1,-0.022,-1.08,0.28,-0.092,0.023,-0.053,0.02,107.9,66.82
"2024-08-04 01:00:00",639,12.99,411,1,-0.018,-0.86,0.2,-0.073,0.017,-0.023,0.017,105.6,68.28
"2024-08-04 01:30:00",640,12.99,411,1,-0.02,-0.94,0.2,-0.08,0.017,-0.036,0.013,104.5,67.96
"2024-08-04 02:00:00",641,12.99,411,1,-0.023,-1.15,0.31,-0.097,0.026,-0.101,0.015,70.46,63.2
"2024-08-04 02:30:00",642,12.98,411,1,-0.017,-0.87,0.25,-0.074,0.02,-0.027,0.017,106.7,66.67
"2024-08-04 03:00:00",643,12.98,411,1,-0.021,-0.96,0.17,-0.081,0.014,-0.047,0.01,101.1,66.36
"2024-08-04 03:30:00",644,12.98,411,1,-0.019,-0.9,0.17,-0.076,0.013,-0.038,0.01,105.7,68.13
"2024-08-04 04:00:00",645,12.97,411,1,-0.021,-1,0.21,-0.084,0.017,-0.044,0.014,103.3,66.74
"2024-08-04 04:30:00",646,12.97,411,1,-0.021,-0.94,0.13,-0.08,0.01,-0.04,0.01,103.5,66.49
"2024-08-04 05:00:00",647,12.97,411,1,-0.021,-0.94,0.13,-0.079,0.01,-0.038,0.007,104.7,67.44
"2024-08-04 05:30:00",648,12.96,411,1,-0.022,-0.98,0.13,-0.083,0.01,-0.043,0.01,108.8,66.24
"2024-08-04 06:00:00",649,12.96,411,1,-0.02,-0.91,0.13,-0.077,0.01,-0.043,0.01,106.1,67.5
"2024-08-04 06:30:00",650,12.96,411,1,-0.023,-1.05,0.17,-0.09,0.013,-0.046,0.01,99.9,66.94
"2024-08-04 07:00:00",651,12.96,411,1,-0.014,-0.82,0.32,-0.069,0.027,-0.023,0.023,110,67.11
"2024-08-04 07:30:00",652,12.96,411,1,-0.006,-0.68,0.57,-0.057,0.047,-0.012,0.043,108.8,68.44
"2024-08-04 08:00:00",653,12.96,411,1,0.014,-0.09,0.88,-0.009,0.073,0.031,0.069,104,70.03
"2024-08-04 08:30:00",654,12.96,411,1,0.028,0.2,1.27,0.016,0.106,0.057,0.102,104.6,70.54
"2024-08-04 09:00:00",655,12.96,411,1,0.041,0.35,1.71,0.029,0.141,0.079,0.134,109.4,72.62
"2024-08-04 09:30:00",656,12.96,411,1,0.044,0.46,1.74,0.038,0.144,0.104,0.139,105.8,70.03
"2024-08-04 10:00:00",657,12.96,411,1,0.038,0.34,1.6,0.028,0.132,0.09,0.124,110,71.17
"2024-08-04 10:30:00",658,12.96,411,1,0.055,0.78,1.91,0.065,0.157,0.121,0.145,106.6,69.85
"2024-08-04 11:00:00",659,12.96,411,1,0.059,0.83,2.05,0.068,0.169,0.115,0.164,109.4,71.11
"2024-08-04 11:30:00",660,12.96,411,1,0.107,1.91,3.15,0.157,0.261,0.213,0.255,109.7,74.14
"2024-08-04 12:00:00",661,12.96,411,1,0.157,3.22,4.05,0.266,0.335,0.325,0.314,108.9,72.57
"2024-08-04 12:30:00",662,12.96,411,1,0.182,3.68,4.79,0.304,0.396,0.362,0.373,106.5,72.71
"2024-08-04 13:00:00",663,12.96,411,1,0.16,3.15,4.29,0.261,0.355,0.319,0.336,104.3,72.25
"2024-08-04 13:30:00",664,12.96,411,1,0.152,2.93,4.17,0.242,0.345,0.299,0.33,107.9,76.61
"2024-08-04 14:00:00",665,12.96,411,1,0.166,3.35,4.36,0.277,0.36,0.324,0.338,100.2,72
"2024-08-04 14:30:00",666,12.96,411,1,0.137,2.65,3.77,0.218,0.311,0.274,0.294,101.3,73.83
"2024-08-04 15:00:00",667,12.95,411,1,0.14,2.73,3.82,0.225,0.316,0.275,0.293,96.9,73.2
"2024-08-04 15:30:00",668,12.95,411,1,0.116,2.13,3.32,0.176,0.274,0.236,0.261,108.3,73.01
"2024-08-04 16:00:00",669,12.95,411,1,0.105,1.93,3.03,0.16,0.25,0.216,0.233,100.7,71.69
"2024-08-04 16:30:00",670,12.95,411,1,0.044,0.52,1.7,0.043,0.14,0.09,0.132,102.9,69.42
"2024-08-04 17:00:00",671,12.94,411,1,0.074,1.13,2.45,0.093,0.202,0.132,0.194,92.7,72.27
"2024-08-04 17:30:00",672,12.94,411,1,0.078,1.29,2.47,0.106,0.203,0.154,0.187,100.1,69.66
"2024-08-04 18:00:00",673,12.94,411,1,0.025,0.11,1.22,0.009,0.101,0.047,0.093,103.6,67.06
"2024-08-04 18:30:00",674,12.94,411,1,0.006,-0.33,0.8,-0.029,0.065,0.013,0.054,99.2,63.39
"2024-08-04 19:00:00",675,12.93,411,1,-0.013,-0.84,0.41,-0.071,0.034,-0.031,0.03,96.7,68.26
"2024-08-04 19:30:00",676,12.93,411,1,-0.009,-0.62,0.32,-0.054,0.027,-0.011,0.023,106.6,69.52
"2024-08-04 20:00:00",677,12.92,411,1,-0.015,-0.76,0.21,-0.065,0.017,-0.036,0.017,90.2,67.56
"2024-08-04 20:30:00",678,12.92,411,1,-0.025,-1.14,0.17,-0.096,0.014,-0.06,0.01,100.7,65.73
"2024-08-04 21:00:00",679,12.92,411,1,-0.022,-1.01,0.17,-0.086,0.014,-0.051,0.01,109.8,67.18
"2024-08-04 21:30:00",680,12.91,411,1,-0.02,-0.89,0.13,-0.076,0.01,-0.026,0.01,105.3,67.24
"2024-08-04 22:00:00",681,12.91,411,1,-0.028,-1.11,0,-0.094,0,-0.049,-0.003,103.1,66.29
"2024-08-04 22:30:00",682,12.91,411,1,-0.051,-2.02,0,-0.169,0,-0.144,-0.003,90.6,66.67
"2024-08-04 23:00:00",683,12.9,411,1,-0.029,-1.18,0,-0.1,0,-0.066,0,101.4,66.42
"2024-08-04 23:30:00",684,12.9,411,1,-0.03,-1.22,0,-0.103,0,-0.061,-0.003,104.5,67.5
"2024-08-05 00:00:00",685,12.9,411,1,-0.034,-1.33,-0.02,-0.112,-0.003,-0.086,0,104.6,66.54
"2024-08-05 00:30:00",686,12.9,411,1,-0.026,-1.03,0,-0.086,0,-0.055,0,107.3,66.23
"2024-08-05 01:00:00",687,12.9,411,1,-0.029,-1.15,-0.02,-0.097,-0.003,-0.065,-0.007,98.4,65.91
"2024-08-05 01:30:00",688,12.9,411,1,-0.03,-1.19,0,-0.101,0,-0.068,-0.003,104.8,66.73
"2024-08-05 02:00:00",689,12.89,411,1,-0.029,-1.12,-0.06,-0.095,-0.007,-0.055,-0.007,100.2,68.25
"2024-08-05 02:30:00",690,12.89,411,1,-0.03,-1.14,-0.06,-0.096,-0.007,-0.064,-0.007,105.4,67.87
"2024-08-05 03:00:00",691,12.89,411,1,-0.03,-1.18,-0.02,-0.099,-0.003,-0.063,-0.007,104.2,65.67
"2024-08-05 03:30:00",692,12.89,411,1,-0.03,-1.14,-0.06,-0.096,-0.007,-0.059,-0.007,103.5,66.67
"2024-08-05 04:00:00",693,12.89,411,1,-0.03,-1.17,-0.06,-0.099,-0.007,-0.062,-0.007,103.1,68.32
"2024-08-05 04:30:00",694,12.89,411,1,-0.033,-1.28,-0.06,-0.108,-0.007,-0.071,-0.007,107.2,68.65
"2024-08-05 05:00:00",695,12.89,411,1,-0.028,-1.05,-0.1,-0.089,-0.01,-0.057,-0.01,103.3,68.82
"2024-08-05 05:30:00",696,12.89,411,1,-0.026,-1.05,0,-0.09,0,-0.054,-0.007,105.7,69.4
"2024-08-05 06:00:00",697,12.88,411,1,-0.031,-1.18,-0.06,-0.1,-0.007,-0.059,-0.007,103,69.2
"2024-08-05 06:30:00",698,12.89,411,1,-0.028,-1.08,-0.06,-0.091,-0.007,-0.055,-0.007,106.2,66.68
"2024-08-05 07:00:00",699,12.88,411,1,-0.028,-1.12,0,-0.095,0,-0.059,0,104.9,66.87
"2024-08-05 07:30:00",700,12.88,411,1,-0.019,-0.89,0.17,-0.076,0.013,-0.041,0.01,107.2,69.4
"2024-08-05 08:00:00",701,12.88,411,1,-0.002,-0.52,0.56,-0.045,0.047,0,0.043,108.6,69.03
"2024-08-05 08:30:00",702,12.88,411,1,0.033,0.25,1.46,0.021,0.12,0.07,0.116,109.6,72.31
"2024-08-05 09:00:00",703,12.88,411,1,0.067,1.02,2.23,0.085,0.184,0.13,0.179,107.6,73.33
"2024-08-05 09:30:00",704,12.88,411,1,0.111,2.07,3.15,0.171,0.26,0.211,0.254,98.3,73.64
"2024-08-05 10:00:00",705,12.88,411,1,0.152,3.01,4.05,0.249,0.335,0.306,0.324,107.9,73.84
"2024-08-05 10:30:00",706,12.88,411,1,0.188,3.81,4.9,0.315,0.405,0.36,0.389,109.8,74.99
"2024-08-05 11:00:00",707,12.89,411,1,0.179,3.42,4.97,0.282,0.411,0.327,0.391,105.7,74.22
"2024-08-05 11:30:00",708,12.89,411,1,0.211,4.3,5.48,0.355,0.453,0.405,0.429,106.6,74.04
"2024-08-05 12:00:00",709,12.89,411,1,0.245,5.27,5.98,0.435,0.494,0.483,0.46,99.6,73.16
"2024-08-05 12:30:00",710,12.89,411,1,0.245,5.21,6.09,0.43,0.503,0.482,0.474,97.9,74.49
"2024-08-05 13:00:00",711,12.89,411,1,0.235,4.85,6.05,0.401,0.5,0.449,0.466,101.5,72.72
"2024-08-05 13:30:00",712,12.89,411,1,0.255,5.46,6.26,0.452,0.518,0.504,0.48,97.5,72.53
"2024-08-05 14:00:00",713,12.88,411,1,0.257,5.55,6.29,0.458,0.519,0.507,0.486,99.1,74.87
"2024-08-05 14:30:00",714,12.88,411,1,0.265,5.63,6.57,0.465,0.543,0.51,0.505,94.8,72.61
"2024-08-05 15:00:00",715,12.88,411,1,0.283,6.18,6.81,0.511,0.562,0.543,0.517,93.4,73.49
"2024-08-05 15:30:00",716,12.88,411,1,0.26,5.55,6.44,0.458,0.533,0.495,0.492,97.8,73.11
"2024-08-05 16:00:00",717,12.88,411,1,0.253,5.39,6.23,0.446,0.515,0.487,0.47,95.1,71.9
"2024-08-05 16:30:00",718,12.87,411,1,0.227,4.75,5.76,0.392,0.476,0.436,0.438,95.8,71.09
"2024-08-05 17:00:00",719,12.87,411,1,0.144,2.13,4.82,0.176,0.398,0.188,0.393,108.7,76.92
"2024-08-05 17:30:00",720,12.87,411,1,0.235,5.51,5.13,0.455,0.423,0.512,0.41,100.6,76.61
"2024-08-05 18:00:00",721,12.87,411,1,0.196,4.43,4.5,0.366,0.372,0.424,0.341,92.6,72.22
"2024-08-05 18:30:00",722,12.87,411,1,0.143,2.83,3.85,0.234,0.319,0.291,0.293,97.3,69.62
"2024-08-05 19:00:00",723,12.86,411,1,0.1,1.77,2.98,0.146,0.247,0.199,0.23,100,71
"2024-08-05 19:30:00",724,12.86,411,1,0.062,0.92,2.07,0.076,0.172,0.115,0.163,101.6,70.05
"2024-08-05 20:00:00",725,12.85,411,1,0.033,0.22,1.46,0.018,0.121,0.062,0.113,100,68.27
"2024-08-05 20:30:00",726,12.85,411,1,0.011,-0.26,0.97,-0.023,0.079,0.017,0.075,101.4,69.91
"2024-08-05 21:00:00",727,12.84,411,1,-0.001,-0.52,0.63,-0.045,0.052,-0.004,0.048,101.8,65.8
"2024-08-05 21:30:00",728,12.84,411,1,-0.009,-0.73,0.5,-0.062,0.041,-0.024,0.038,100.1,67.89
"2024-08-05 22:00:00",729,12.84,411,1,-0.017,-0.9,0.29,-0.076,0.024,-0.037,0.024,100.7,67.89
"2024-08-05 22:30:00",730,12.83,411,1,-0.019,-0.94,0.25,-0.08,0.021,-0.04,0.021,102.6,67.57
"2024-08-05 23:00:00",731,12.83,411,1,-0.023,-1.04,0.17,-0.087,0.014,-0.051,0.01,103,68.26
"2024-08-05 23:30:00",732,12.82,411,1,-0.024,-1.07,0.13,-0.09,0.01,-0.05,0.01,106.6,68.33
"2024-08-06 00:00:00",733,12.82,411,1,-0.026,-1.14,0.13,-0.096,0.01,-0.063,0.01,104.9,68.33
"2024-08-06 00:30:00",734,12.82,411,1,-0.027,-1.17,0.08,-0.099,0.007,-0.058,0.003,109.9,68.59
"2024-08-06 01:00:00",735,12.82,411,1,-0.024,-1.04,0.08,-0.088,0.007,-0.052,0.007,105.9,66.83
"2024-08-06 01:30:00",736,12.82,411,1,-0.026,-1.11,0.08,-0.094,0.007,-0.048,0.007,104.7,67.7
"2024-08-06 02:00:00",737,12.81,411,1,-0.024,-1.04,0.13,-0.089,0.01,-0.048,0.01,99,68.52
"2024-08-06 02:30:00",738,12.81,411,1,-0.027,-1.15,0.08,-0.097,0.007,-0.06,0.007,103.1,67.83
"2024-08-06 03:00:00",739,12.81,411,1,-0.024,-1.07,0.13,-0.09,0.01,-0.053,0.007,99.6,66.81
"2024-08-06 03:30:00",740,12.81,411,1,-0.023,-1.07,0.17,-0.09,0.014,-0.053,0.01,103.2,67.69
"2024-08-06 04:00:00",741,12.8,411,1,-0.024,-1.07,0.13,-0.091,0.01,-0.066,0.01,101.3,68.07
"2024-08-06 04:30:00",742,12.8,411,1,-0.024,-1.04,0.08,-0.088,0.007,-0.048,0.01,103.8,68.51
"2024-08-06 05:00:00",743,12.8,411,1,-0.026,-1.11,0.08,-0.094,0.007,-0.053,0.007,102,67
"2024-08-06 05:30:00",744,12.8,411,1,-0.027,-1.12,0.04,-0.095,0.003,-0.058,0.004,104.3,66.24
"2024-08-06 06:00:00",745,12.79,411,1,-0.024,-1.04,0.13,-0.088,0.01,-0.052,0.007,105.9,67.88
"2024-08-06 06:30:00",746,12.79,411,1,-0.021,-0.98,0.17,-0.083,0.014,-0.047,0.014,109.4,68.01
"2024-08-06 07:00:00",747,12.79,411,1,-0.006,-0.61,0.49,-0.052,0.041,-0.012,0.041,109.1,68.01
"2024-08-06 07:30:00",748,12.79,411,1,0.005,-0.4,0.83,-0.035,0.069,0.012,0.068,106.9,69.6
"2024-08-06 08:00:00",749,12.79,411,1,0.024,0.06,1.2,0.004,0.099,0.051,0.099,103.7,72
"2024-08-06 08:30:00",750,12.79,411,1,0.057,0.81,1.98,0.067,0.163,0.116,0.158,104.4,71.43
"2024-08-06 09:00:00",751,12.79,411,1,0.111,2.06,3.18,0.17,0.262,0.227,0.253,109.9,73.08
"2024-08-06 09:30:00",752,12.79,411,1,0.146,2.83,4.01,0.234,0.331,0.28,0.314,103.3,73.84
"2024-08-06 10:00:00",753,12.79,411,1,0.186,3.74,4.89,0.309,0.404,0.361,0.384,105.4,75.67
"2024-08-06 10:30:00",754,12.79,411,1,0.224,4.62,5.77,0.381,0.477,0.43,0.448,104.6,74.11
"2024-08-06 11:00:00",755,12.79,411,1,0.247,5.18,6.23,0.429,0.515,0.479,0.481,101.8,73.29
"2024-08-06 11:30:00",756,12.8,411,1,0.254,5.37,6.33,0.443,0.524,0.481,0.493,97.3,73.61
"2024-08-06 12:00:00",757,12.8,411,1,0.251,5.28,6.29,0.436,0.52,0.478,0.486,96.9,72.22
"2024-08-06 12:30:00",758,12.8,411,1,0.256,5.45,6.32,0.451,0.522,0.487,0.485,95.5,71.59
"2024-08-06 13:00:00",759,12.79,411,1,0.26,5.59,6.37,0.462,0.527,0.507,0.486,97.9,72.21
"2024-08-06 13:30:00",760,12.79,411,1,0.249,5.32,6.14,0.439,0.507,0.485,0.473,97.2,73.98
"2024-08-06 14:00:00",761,12.79,411,1,0.253,5.45,6.16,0.451,0.509,0.484,0.475,92.9,73.55
"2024-08-06 14:30:00",762,12.79,411,1,0.261,5.66,6.35,0.467,0.524,0.498,0.489,93.1,72.48
"2024-08-06 15:00:00",763,12.78,411,1,0.244,4.99,6.32,0.412,0.522,0.469,0.487,104.6,73.8
"2024-08-06 15:30:00",764,12.78,411,1,0.23,4.81,5.8,0.397,0.48,0.458,0.443,97.6,73.42
"2024-08-06 16:00:00",765,12.78,411,1,0.225,4.82,5.52,0.398,0.455,0.454,0.422,100.8,73.35
"2024-08-06 16:30:00",766,12.78,411,1,0.201,4.15,5.18,0.343,0.429,0.393,0.401,99.1,73.6
"2024-08-06 17:00:00",767,12.77,411,1,0.213,4.72,5.02,0.39,0.414,0.475,0.405,103.9,79.43
"2024-08-06 17:30:00",768,12.77,411,1,0.343,10.07,4.81,0.832,0.397,0.778,0.366,76.91,70.66
"2024-08-06 18:00:00",769,12.77,411,1,0.168,3.57,4.19,0.295,0.346,0.342,0.314,87.9,70.32
"2024-08-06 18:30:00",770,12.77,411,1,0.128,2.47,3.53,0.204,0.292,0.25,0.266,101.9,70.69
"2024-08-06 19:00:00",771,12.76,411,1,0.081,1.34,2.51,0.111,0.207,0.157,0.19,97.2,69.22
"2024-08-06 19:30:00",772,12.76,411,1,0.039,0.32,1.65,0.027,0.137,0.075,0.128,102.9,68.33
"2024-08-06 20:00:00",773,12.75,411,1,0.016,-0.14,1.11,-0.014,0.091,0.029,0.087,100.6,68.64
"2024-08-06 20:30:00",774,12.75,411,1,0,-0.58,0.76,-0.05,0.063,-0.008,0.059,100.3,67.82
"2024-08-06 21:00:00",775,12.74,411,1,-0.006,-0.62,0.5,-0.053,0.042,-0.016,0.038,103.9,67.32
"2024-08-06 21:30:00",776,12.74,411,1,-0.013,-0.83,0.38,-0.071,0.031,-0.032,0.031,103.2,68.89
"2024-08-06 22:00:00",777,12.74,411,1,-0.019,-1.01,0.34,-0.085,0.028,-0.049,0.024,101.1,67.07
"2024-08-06 22:30:00",778,12.73,411,1,-0.017,-0.89,0.25,-0.075,0.021,-0.04,0.017,104.5,69.21
"2024-08-06 23:00:00",779,12.73,411,1,-0.023,-1.05,0.17,-0.089,0.014,-0.048,0.014,104.1,67.06
"2024-08-06 23:30:00",780,12.73,411,1,-0.022,-1,0.17,-0.084,0.014,-0.048,0.014,104.9,67.13
"2024-08-07 00:00:00",781,12.73,411,1,-0.023,-1.07,0.17,-0.09,0.014,-0.049,0.01,103.9,69.34
"2024-08-07 00:30:00",782,12.73,411,1,-0.026,-1.11,0.08,-0.093,0.007,-0.06,0.007,105.2,68.64
"2024-08-07 01:00:00",783,12.72,411,1,-0.029,-1.22,0.08,-0.103,0.007,-0.065,0.007,105.3,68.26
"2024-08-07 01:30:00",784,12.72,411,1,-0.025,-1.11,0.13,-0.093,0.011,-0.056,0.01,104.3,67.77
"2024-08-07 02:00:00",785,12.72,411,1,-0.025,-1.07,0.08,-0.09,0.007,-0.057,0.007,103.2,67.88
"2024-08-07 02:30:00",786,12.72,411,1,-0.027,-1.17,0.08,-0.098,0.007,-0.057,0.003,106.4,66.81
"2024-08-07 03:00:00",787,12.71,411,1,-0.028,-1.17,0.04,-0.098,0.003,-0.06,0.004,106.4,67.13
"2024-08-07 03:30:00",788,12.71,411,1,-0.027,-1.12,0.04,-0.095,0.003,-0.058,0.004,101.5,66.93
"2024-08-07 04:00:00",789,12.71,411,1,-0.027,-1.12,0.04,-0.095,0.003,-0.057,0.004,102.3,68.26
"2024-08-07 04:30:00",790,12.71,411,1,-0.029,-1.18,0.04,-0.099,0.003,-0.061,0,105,66.93
"2024-08-07 05:00:00",791,12.7,411,1,-0.029,-1.18,0,-0.099,0,-0.061,-0.004,105.6,68
"2024-08-07 05:30:00",792,12.7,411,1,-0.03,-1.17,-0.02,-0.099,-0.004,-0.061,-0.004,102.4,67.62
"2024-08-07 06:00:00",793,12.7,411,1,-0.029,-1.18,0,-0.099,0,-0.065,0,104.7,67.93
"2024-08-07 06:30:00",794,12.7,411,1,-0.031,-1.22,-0.02,-0.103,-0.004,-0.065,-0.007,103.7,67.94
"2024-08-07 07:00:00",795,12.7,411,1,-0.029,-1.21,0.04,-0.102,0.003,-0.06,0.004,107,68.94
"2024-08-07 07:30:00",796,12.69,411,1,-0.028,-1.14,0,-0.096,0,-0.059,-0.003,109.8,68.25
"2024-08-07 08:00:00",797,12.69,411,1,-0.017,-0.86,0.25,-0.073,0.021,-0.031,0.017,110,70.4
"2024-08-07 08:30:00",798,12.69,411,1,0.007,-0.34,0.88,-0.031,0.073,0.02,0.073,108.8,69.46
"2024-08-07 09:00:00",799,12.69,411,1,0.06,0.87,2.05,0.072,0.168,0.117,0.164,109.4,74.38
"2024-08-07 09:30:00",800,12.69,411,1,0.092,1.58,2.82,0.131,0.233,0.185,0.224,108.7,72.43
"2024-08-07 10:00:00",801,12.69,411,1,0.132,2.44,3.8,0.201,0.313,0.259,0.295,109.8,75.01
"2024-08-07 10:30:00",802,12.69,411,1,0.186,3.82,4.79,0.316,0.396,0.373,0.371,100.8,72.63
"2024-08-07 11:00:00",803,12.69,411,1,0.19,3.84,5,0.317,0.414,0.368,0.393,106.7,73.14
"2024-08-07 11:30:00",804,12.69,411,1,0.198,4.09,5.09,0.338,0.421,0.393,0.396,103.1,73.83
"2024-08-07 12:00:00",805,12.69,411,1,0.211,4.44,5.3,0.367,0.438,0.422,0.405,97.2,71.74
"2024-08-07 12:30:00",806,12.69,411,1,0.218,4.37,5.74,0.361,0.475,0.415,0.449,109.3,74.72
"2024-08-07 13:00:00",807,12.69,411,1,0.26,5.55,6.44,0.458,0.533,0.506,0.49,99.2,72.72
"2024-08-07 13:30:00",808,12.69,411,1,0.263,5.73,6.32,0.473,0.522,0.519,0.483,96.5,71.01
"2024-08-07 14:00:00",809,12.69,411,1,0.247,5.24,6.14,0.433,0.507,0.49,0.477,101.8,71.78
"2024-08-07 14:30:00",810,12.69,411,1,0.245,5.13,6.18,0.424,0.51,0.471,0.48,101.7,73.47
"2024-08-07 15:00:00",811,12.69,411,1,0.251,5.28,6.29,0.436,0.52,0.485,0.484,98.2,71.25
"2024-08-07 15:30:00",812,12.69,411,1,0.259,5.63,6.23,0.466,0.515,0.519,0.473,92.7,73.03
"2024-08-07 16:00:00",813,12.69,411,1,0.202,4.09,5.31,0.338,0.439,0.39,0.414,102.6,72.39
"2024-08-07 16:30:00",814,12.68,411,1,0.174,3.53,4.55,0.291,0.376,0.349,0.351,99.2,72.75
"2024-08-07 17:00:00",815,12.68,411,1,0.148,2.84,4.08,0.235,0.336,0.29,0.318,103.3,72.82
"2024-08-07 17:30:00",816,12.68,411,1,0.123,2.27,3.52,0.187,0.291,0.24,0.273,102.4,71.62
"2024-08-07 18:00:00",817,12.67,411,1,0.086,1.46,2.63,0.12,0.218,0.174,0.204,101.3,70.79
"2024-08-07 18:30:00",818,12.67,411,1,0.049,0.55,1.92,0.045,0.159,0.096,0.15,100,69.78
"2024-08-07 19:00:00",819,12.67,411,1,0.027,0.13,1.3,0.01,0.108,0.052,0.099,97.2,69.52
"2024-08-07 19:30:00",820,12.66,411,1,-0.002,-0.61,0.7,-0.052,0.058,-0.009,0.053,100.2,67.74
"2024-08-07 20:00:00",821,12.66,411,1,-0.011,-0.77,0.43,-0.066,0.036,-0.03,0.036,100,66.29
"2024-08-07 20:30:00",822,12.65,411,1,-0.017,-0.93,0.31,-0.079,0.025,-0.042,0.025,104.1,67.54
"2024-08-07 21:00:00",823,12.65,411,1,-0.024,-1.14,0.21,-0.096,0.018,-0.058,0.014,104.9,67.11
"2024-08-07 21:30:00",824,12.64,411,1,-0.024,-1.07,0.13,-0.091,0.011,-0.057,0.011,102.4,66.66
"2024-08-07 22:00:00",825,12.64,411,1,-0.028,-1.18,0.08,-0.099,0.007,-0.057,0.007,103.3,67.3
"2024-08-07 22:30:00",826,12.63,411,1,-0.029,-1.18,0.04,-0.1,0.004,-0.066,0.004,103.4,65.84
"2024-08-07 23:00:00",827,12.63,411,1,-0.032,-1.28,0,-0.108,0,-0.069,0,103.5,68.49
"2024-08-07 23:30:00",828,12.63,411,1,-0.03,-1.22,0,-0.103,0,-0.065,0,107.4,65.59
"2024-08-08 00:00:00",829,12.63,411,1,-0.03,-1.19,0,-0.101,0,-0.062,0,100.3,67.8
"2024-08-08 00:30:00",830,12.63,411,1,-0.034,-1.35,0,-0.113,0,-0.077,-0.004,105.4,67.66
"2024-08-08 01:00:00",831,12.62,411,1,-0.026,-1.04,0,-0.087,0,-0.054,0,103.7,66.15
"2024-08-08 01:30:00",832,12.62,411,1,-0.032,-1.28,0,-0.108,0,-0.069,0,102.6,68.81
"2024-08-08 02:00:00",833,12.62,411,1,-0.032,-1.28,-0.02,-0.108,-0.004,-0.066,-0.007,104.8,67.79
"2024-08-08 02:30:00",834,12.62,411,1,-0.029,-1.14,-0.02,-0.096,-0.004,-0.058,-0.004,100.4,68.17
"2024-08-08 03:00:00",835,12.61,411,1,-0.034,-1.35,-0.02,-0.113,-0.004,-0.074,-0.004,105.3,68.23
"2024-08-08 03:30:00",836,12.61,411,1,-0.032,-1.28,-0.02,-0.108,-0.004,-0.069,-0.004,106.3,67.72
"2024-08-08 04:00:00",837,12.61,411,1,-0.034,-1.33,-0.02,-0.112,-0.004,-0.073,-0.004,104.2,69.44
"2024-08-08 04:30:00",838,12.61,411,1,-0.031,-1.22,-0.02,-0.103,-0.004,-0.07,-0.007,99,67.79
"2024-08-08 05:00:00",839,12.61,411,1,-0.03,-1.14,-0.06,-0.096,-0.007,-0.061,-0.007,104.7,67.41
"2024-08-08 05:30:00",840,12.61,411,1,-0.032,-1.29,0,-0.109,0,-0.074,0,105.4,67.6
"2024-08-08 06:00:00",841,12.61,411,1,-0.029,-1.18,0,-0.099,0,-0.061,0,104.2,67.41
"2024-08-08 06:30:00",842,12.6,411,1,-0.032,-1.26,-0.02,-0.106,-0.004,-0.075,-0.004,102.5,66.71
"2024-08-08 07:00:00",843,12.6,411,1,-0.031,-1.21,-0.02,-0.102,-0.004,-0.051,-0.004,102.4,69.18
"2024-08-08 07:30:00",844,12.6,411,1,-0.033,-1.28,-0.06,-0.108,-0.007,-0.073,-0.007,104.1,67.03
"2024-08-08 08:00:00",845,12.6,411,1,-0.034,-1.33,-0.02,-0.112,-0.004,-0.073,-0.004,107,66.97
"2024-08-08 08:30:00",846,12.59,411,1,-0.035,-1.33,-0.06,-0.112,-0.007,-0.072,-0.011,106,66.15
"2024-08-08 09:00:00",847,12.59,411,1,-0.035,-1.33,-0.06,-0.112,-0.007,-0.072,-0.007,104.3,68.04
"2024-08-08 09:30:00",848,12.59,411,1,-0.038,-1.45,-0.1,-0.121,-0.011,-0.084,-0.011,109.5,68.43
"2024-08-08 10:00:00",849,12.59,411,1,-0.031,-1.21,-0.06,-0.102,-0.007,-0.071,-0.007,108.5,66.72
"2024-08-08 10:30:00",850,12.59,411,1,-0.034,-1.31,-0.06,-0.11,-0.007,-0.067,-0.007,105.8,69.82
"2024-08-08 11:00:00",851,12.59,411,1,-0.026,-1.12,0.08,-0.095,0.007,-0.053,0.007,106.5,69.43
"2024-08-08 11:30:00",852,12.59,411,1,-0.013,-0.73,0.29,-0.063,0.025,-0.024,0.025,106.5,68.69
"2024-08-08 12:00:00",853,12.59,411,1,0,-0.51,0.73,-0.044,0.06,0.004,0.06,107.1,69.51
"2024-08-08 12:30:00",854,12.59,411,1,0.021,-0.03,1.22,-0.004,0.101,0.046,0.1,109.5,71.47
"2024-08-08 13:00:00",855,12.59,411,1,0.053,0.67,1.95,0.056,0.161,0.12,0.156,109.9,74.57
"2024-08-08 13:30:00",856,12.59,411,1,0.082,1.34,2.56,0.111,0.212,0.165,0.203,102.8,74.32
"2024-08-08 14:00:00",857,12.59,411,1,0.09,1.55,2.7,0.128,0.223,0.178,0.214,106,73.51
"2024-08-08 14:30:00",858,12.58,411,1,0.093,1.65,2.73,0.137,0.226,0.198,0.224,109.7,73.13
"2024-08-08 15:00:00",859,12.59,411,1,0.099,1.79,2.9,0.148,0.24,0.199,0.23,101.8,73.06
"2024-08-08 15:30:00",860,12.59,411,1,0.096,1.72,2.8,0.143,0.231,0.198,0.221,102.4,72.44
"2024-08-08 16:00:00",861,12.58,411,1,0.076,1.2,2.44,0.099,0.202,0.147,0.193,103.2,71.92
"2024-08-08 16:30:00",862,12.58,411,1,0.067,1.02,2.23,0.084,0.184,0.136,0.182,105.9,72.18
"2024-08-08 17:00:00",863,12.58,411,1,0.066,1.01,2.16,0.083,0.178,0.13,0.169,105.6,71.1
"2024-08-08 17:30:00",864,12.58,411,1,0.057,0.76,2.02,0.063,0.167,0.124,0.158,103,71.05
"2024-08-08 18:00:00",865,12.57,411,1,0.043,0.45,1.72,0.037,0.143,0.087,0.138,105.3,69.78
"2024-08-08 18:30:00",866,12.57,411,1,0.035,0.28,1.51,0.023,0.125,0.074,0.12,104.3,70.03
"2024-08-08 19:00:00",867,12.57,411,1,0.029,0.17,1.34,0.014,0.111,0.058,0.106,99.7,71.23
"2024-08-08 19:30:00",868,12.57,411,1,0.018,-0.09,1.13,-0.009,0.093,0.034,0.085,101.7,69.96
"2024-08-08 20:00:00",869,12.56,411,1,0.008,-0.31,0.87,-0.028,0.072,0.013,0.068,104.1,70.09
"2024-08-08 20:30:00",870,12.56,411,1,-0.001,-0.54,0.66,-0.046,0.054,0,0.05,103.7,69.39
"2024-08-08 21:00:00",871,12.56,411,1,-0.007,-0.65,0.48,-0.056,0.04,-0.008,0.036,105.5,69.46
"2024-08-08 21:30:00",872,12.56,411,1,-0.013,-0.86,0.43,-0.073,0.036,-0.029,0.029,106.7,70.16
"2024-08-08 22:00:00",873,12.55,411,1,-0.016,-0.87,0.31,-0.074,0.025,-0.033,0.021,107,69.46
"2024-08-08 22:30:00",874,12.55,411,1,-0.018,-0.91,0.27,-0.078,0.021,-0.041,0.021,106.7,69.4
"2024-08-08 23:00:00",875,12.55,411,1,-0.018,-0.89,0.22,-0.076,0.018,-0.03,0.018,104.6,68.26
"2024-08-08 23:30:00",876,12.55,411,1,-0.019,-0.93,0.21,-0.079,0.018,-0.038,0.018,103.2,68.2
"2024-08-09 00:00:00",877,12.55,411,1,-0.019,-0.94,0.21,-0.08,0.018,-0.043,0.014,101.2,68.9
"2024-08-09 00:30:00",878,12.55,411,1,-0.02,-0.98,0.22,-0.083,0.018,-0.046,0.018,103.4,69.15
"2024-08-09 01:00:00",879,12.54,411,1,-0.018,-0.89,0.22,-0.075,0.018,-0.038,0.018,102.9,67.38
"2024-08-09 01:30:00",880,12.54,411,1,-0.017,-0.83,0.17,-0.071,0.014,-0.03,0.014,103,67.94
"2024-08-09 02:00:00",881,12.54,411,1,-0.023,-1.04,0.17,-0.088,0.014,-0.046,0.014,104.3,67.5
"2024-08-09 02:30:00",882,12.54,411,1,-0.017,-0.82,0.17,-0.07,0.014,-0.034,0.011,105.3,67
"2024-08-09 03:00:00",883,12.54,411,1,-0.019,-0.87,0.17,-0.074,0.014,-0.033,0.014,104.4,68.89
"2024-08-09 03:30:00",884,12.53,411,1,-0.019,-0.9,0.17,-0.076,0.014,-0.039,0.011,101.4,69.15
"2024-08-09 04:00:00",885,12.53,411,1,-0.022,-1,0.13,-0.085,0.011,-0.043,0.011,102.5,69.02
"2024-08-09 04:30:00",886,12.53,411,1,-0.021,-0.98,0.17,-0.083,0.014,-0.046,0.014,106.5,69.21
"2024-08-09 05:00:00",887,12.53,411,1,-0.024,-1.07,0.13,-0.09,0.011,-0.052,0.011,100.3,69.27
"2024-08-09 05:30:00",888,12.53,411,1,-0.034,-1.45,0.13,-0.122,0.011,-0.089,0.011,102.1,68.63
"2024-08-09 06:00:00",889,12.53,411,1,-0.022,-0.96,0.08,-0.081,0.007,-0.048,0.007,101.4,67.87
"2024-08-09 06:30:00",890,12.52,411,1,-0.025,-1.04,0.04,-0.087,0.004,-0.053,0.004,104,65.73
"2024-08-09 07:00:00",891,12.52,411,1,-0.024,-1.01,0.08,-0.085,0.007,-0.052,0.004,94.4,68.19
"2024-08-09 07:30:00",892,12.52,411,1,-0.017,-0.84,0.22,-0.071,0.018,-0.034,0.015,102.3,69.52
"2024-08-09 08:00:00",893,12.52,411,1,0.006,-0.31,0.78,-0.028,0.064,0.013,0.064,102.3,71.35
"2024-08-09 08:30:00",894,12.52,411,1,0.036,0.28,1.57,0.023,0.129,0.078,0.124,109.9,72.55
"2024-08-09 09:00:00",895,12.51,411,1,0.061,0.91,2.05,0.075,0.169,0.131,0.164,109.5,71.98
"2024-08-09 09:30:00",896,12.51,411,1,0.092,1.65,2.7,0.137,0.224,0.191,0.215,99.3,71.6
"2024-08-09 10:00:00",897,12.51,411,1,0.102,1.89,2.93,0.156,0.241,0.218,0.235,106.5,74
"2024-08-09 10:30:00",898,12.51,411,1,0.123,2.37,3.4,0.195,0.281,0.259,0.267,103,73.25
"2024-08-09 11:00:00",899,12.51,411,1,0.142,2.68,3.98,0.221,0.329,0.287,0.317,108.6,76.86
"2024-08-09 11:30:00",900,12.51,411,1,0.148,2.89,4.05,0.239,0.335,0.296,0.323,104.3,75.28
"2024-08-09 12:00:00",901,12.51,411,1,0.151,2.87,4.2,0.238,0.348,0.296,0.336,109.9,74.9
"2024-08-09 12:30:00",902,12.51,411,1,0.156,3.01,4.29,0.249,0.354,0.315,0.338,109.3,73.77
"2024-08-09 13:00:00",903,12.51,411,1,0.177,3.31,5.03,0.274,0.415,0.332,0.401,109.3,76.24
"2024-08-09 13:30:00",904,12.51,411,1,0.204,4.19,5.28,0.346,0.436,0.402,0.41,97.3,74.41
"2024-08-09 14:00:00",905,12.51,411,1,0.216,4.54,5.42,0.375,0.448,0.434,0.414,96.2,72.82
"2024-08-09 14:30:00",906,12.51,411,1,0.186,3.78,4.85,0.313,0.401,0.369,0.368,95.6,74.4
"2024-08-09 15:00:00",907,12.5,411,1,0.075,1.2,2.38,0.099,0.197,0.129,0.183,93.1,68.64
"2024-08-09 15:30:00",908,12.5,411,1,0.028,0.18,1.25,0.015,0.103,0.056,0.098,88.1,68.96
"2024-08-09 16:00:00",909,12.49,411,1,0.057,0.78,2,0.064,0.165,0.119,0.156,103.7,71.23
"2024-08-09 16:30:00",910,12.49,411,1,0.112,1.96,3.36,0.162,0.277,0.226,0.263,101,74
"2024-08-09 17:00:00",911,12.49,411,1,0.139,2.56,3.98,0.212,0.328,0.283,0.31,107.5,74.71
"2024-08-09 17:30:00",912,12.49,411,1,0.14,2.77,3.77,0.229,0.311,0.303,0.304,104.3,76.11
"2024-08-09 18:00:00",913,12.49,411,1,0.129,2.45,3.6,0.202,0.297,0.26,0.278,101.6,73.13
"2024-08-09 18:30:00",914,12.49,411,1,0.083,1.36,2.63,0.112,0.217,0.171,0.207,102.1,72.62
"2024-08-09 19:00:00",915,12.48,411,1,0.05,0.57,1.93,0.047,0.16,0.103,0.151,104.4,71.86
"2024-08-09 19:30:00",916,12.48,411,1,0.023,0,1.23,0,0.102,0.042,0.097,105.4,70.35
"2024-08-09 20:00:00",917,12.48,411,1,0.001,-0.49,0.76,-0.043,0.062,0,0.058,105.6,69.09
"2024-08-09 20:30:00",918,12.47,411,1,-0.015,-0.96,0.45,-0.08,0.037,-0.043,0.036,96.3,67.38
"2024-08-09 21:00:00",919,12.47,411,1,-0.009,-0.61,0.32,-0.053,0.026,-0.028,0.022,89.4,65.48
"2024-08-09 21:30:00",920,12.34,411,1,-0.019,-0.98,0.28,-0.083,0.023,-0.045,0.019,100.3,68.31
"2024-08-09 22:00:00",921,12.46,411,1,-0.028,-1.28,0.18,-0.107,0.015,-0.066,0.007,107.1,65.53
"2024-08-09 22:30:00",922,12.45,411,1,-0.024,-1.07,0.14,-0.091,0.011,-0.052,0.011,102.8,66.73
"2024-08-09 23:00:00",923,12.43,411,1,-0.021,-0.96,0.14,-0.081,0.011,-0.045,0.011,106.9,70.39
"2024-08-09 23:30:00",924,12.44,411,1,-0.019,-0.91,0.18,-0.077,0.015,-0.03,0.015,107.5,67.92
"2024-08-10 00:00:00",925,12.44,411,1,-0.028,-1.24,0.14,-0.104,0.011,-0.069,0.011,100.9,68.12
"2024-08-10 00:30:00",926,12.44,411,1,-0.019,-0.91,0.18,-0.077,0.015,-0.041,0.011,107.8,70.27
"2024-08-10 01:00:00",927,12.43,411,1,-0.024,-1.01,0.08,-0.086,0.007,-0.048,0.007,99.2,69.26
"2024-08-10 01:30:00",928,12.43,411,1,-0.023,-0.98,0.08,-0.083,0.007,-0.037,0.007,106.1,70.02
"2024-08-10 02:00:00",929,12.43,411,1,-0.024,-0.98,0.04,-0.083,0.004,-0.046,0.004,107.4,67.05
"2024-08-10 02:30:00",930,12.43,411,1,-0.025,-1.04,0.04,-0.088,0.004,-0.068,0.004,101.2,68.94
"2024-08-10 03:00:00",931,12.43,411,1,-0.026,-1.08,0.04,-0.091,0.004,-0.049,0.004,104.8,68.25
"2024-08-10 03:30:00",932,12.42,411,1,-0.02,-0.82,0,-0.069,0,-0.025,0,105.2,69.38
"2024-08-10 04:00:00",933,12.42,411,1,-0.022,-0.93,0.04,-0.079,0.004,-0.038,0,103.5,69.19
"2024-08-10 04:30:00",934,12.42,411,1,-0.018,-0.77,0.08,-0.065,0.007,-0.03,0.007,102.4,68.13
"2024-08-10 05:00:00",935,12.41,411,1,-0.02,-0.84,0.04,-0.072,0.004,-0.035,0,98,68.56
"2024-08-10 05:30:00",936,12.41,411,1,-0.027,-1.08,0,-0.091,0,-0.066,-0.004,95.4,67.68
"2024-08-10 06:00:00",937,12.41,411,1,-0.021,-0.84,0,-0.072,0,-0.03,-0.004,101.6,68.88
"2024-08-10 06:30:00",938,12.41,411,1,-0.026,-1.05,0,-0.089,0,-0.042,0,108.1,69.06
"2024-08-10 07:00:00",939,12.41,411,1,-0.024,-0.93,-0.02,-0.079,-0.004,-0.042,-0.004,106.6,70.34
"2024-08-10 07:30:00",940,12.4,411,1,-0.025,-0.96,-0.06,-0.081,-0.007,-0.044,-0.011,106.4,70.84
"2024-08-10 08:00:00",941,12.4,411,1,-0.023,-0.91,0,-0.078,0,-0.041,-0.004,110,69.13
"2024-08-10 08:30:00",942,12.4,411,1,-0.014,-0.69,0.18,-0.059,0.015,-0.021,0.015,103.9,70.66
"2024-08-10 09:00:00",943,12.4,411,1,0.029,0.22,1.29,0.018,0.106,0.062,0.105,102.3,72.55
"2024-08-10 09:30:00",944,12.4,411,1,0.107,1.89,3.18,0.156,0.262,0.215,0.248,105,75.52
"2024-08-10 10:00:00",945,12.4,411,1,0.171,3.33,4.64,0.276,0.384,0.32,0.367,109.8,73.51
"2024-08-10 10:30:00",946,12.4,411,1,0.227,4.66,5.87,0.386,0.484,0.447,0.457,103.4,74.96
"2024-08-10 11:00:00",947,12.41,411,1,0.259,5.63,6.25,0.465,0.516,0.516,0.489,104.8,73.58
"2024-08-10 11:30:00",948,12.41,411,1,0.274,5.91,6.65,0.489,0.55,0.508,0.517,82.5,71.18
"2024-08-10 12:00:00",949,12.41,411,1,0.255,5.2,6.63,0.43,0.547,0.473,0.514,100.2,72.75
"2024-08-10 12:30:00",950,12.41,411,1,0.255,5.21,6.61,0.431,0.546,0.479,0.501,95.8,71.37
"2024-08-10 13:00:00",951,12.41,411,1,0.221,4.1,6.26,0.339,0.517,0.375,0.485,107.2,74.15
"2024-08-10 13:30:00",952,12.41,411,1,0.23,4.57,6.14,0.377,0.507,0.446,0.475,101.7,73.97
"2024-08-10 14:00:00",953,12.4,411,1,0.221,4.34,5.98,0.359,0.494,0.399,0.467,106.1,73.85
"2024-08-10 14:30:00",954,12.4,411,1,0.231,4.9,5.76,0.405,0.476,0.458,0.449,96.1,74.67
"2024-08-10 15:00:00",955,12.4,411,1,0.209,4.29,5.38,0.354,0.445,0.412,0.423,100.5,75.1
"2024-08-10 15:30:00",956,12.4,411,1,0.196,3.88,5.25,0.321,0.434,0.367,0.413,109.7,75.87
"2024-08-10 16:00:00",957,12.4,411,1,0.206,4.17,5.37,0.345,0.443,0.397,0.418,101,74.29
"2024-08-10 16:30:00",958,12.39,411,1,0.184,3.6,4.97,0.297,0.411,0.358,0.382,101.9,73.65
"2024-08-10 17:00:00",959,12.39,411,1,0.17,3.45,4.43,0.285,0.366,0.35,0.35,102.6,76.12
"2024-08-10 17:30:00",960,12.39,411,1,0.131,2.21,4.05,0.182,0.335,0.232,0.337,109.4,78.68
"2024-08-10 18:00:00",961,12.39,411,1,0.145,2.91,3.84,0.241,0.317,0.3,0.305,98.8,72.09
"2024-08-10 18:30:00",962,12.39,411,1,0.097,1.65,2.98,0.137,0.247,0.193,0.24,103.9,72.39
"2024-08-10 19:00:00",963,12.39,411,1,0.069,0.97,2.4,0.08,0.198,0.129,0.188,97.6,70.37
"2024-08-10 19:30:00",964,12.38,411,1,0.039,0.29,1.71,0.024,0.141,0.076,0.136,101.7,69.16
"2024-08-10 20:00:00",965,12.38,411,1,0.019,-0.16,1.27,-0.015,0.105,0.027,0.101,101,69.22
"2024-08-10 20:30:00",966,12.37,411,1,0.003,-0.51,0.87,-0.044,0.072,0,0.071,101.3,69.84
"2024-08-10 21:00:00",967,12.37,411,1,-0.005,-0.69,0.64,-0.059,0.053,-0.018,0.052,100.7,67.69
"2024-08-10 21:30:00",968,12.36,411,1,-0.012,-0.86,0.5,-0.073,0.042,-0.031,0.038,102.7,69.14
"2024-08-10 22:00:00",969,12.36,411,1,-0.018,-0.98,0.36,-0.083,0.03,-0.04,0.026,101.8,68.32
"2024-08-10 22:30:00",970,12.36,411,1,-0.019,-0.98,0.28,-0.083,0.023,-0.044,0.019,101.4,66.86
"2024-08-10 23:00:00",971,12.35,411,1,-0.023,-1.08,0.22,-0.092,0.019,-0.052,0.019,101.6,66.04
"2024-08-10 23:30:00",972,12.35,411,1,-0.022,-1.04,0.22,-0.087,0.019,-0.049,0.015,102.4,67.11
"2024-08-11 00:00:00",973,12.34,411,1,-0.025,-1.1,0.1,-0.093,0.008,-0.053,0.008,102.6,67.36
"2024-08-11 00:30:00",974,12.34,411,1,-0.027,-1.14,0.1,-0.096,0.008,-0.052,0.007,102.4,68.69
"2024-08-11 01:00:00",975,12.34,411,1,-0.027,-1.19,0.14,-0.101,0.011,-0.061,0.011,104,67.17
"2024-08-11 01:30:00",976,12.33,411,1,-0.028,-1.14,0.04,-0.096,0.004,-0.057,0.004,102.7,68.18
"2024-08-11 02:00:00",977,12.33,411,1,-0.03,-1.25,0.04,-0.105,0.004,-0.06,0.004,104,67.23
"2024-08-11 02:30:00",978,12.33,411,1,-0.03,-1.21,0,-0.101,0,-0.062,0,105.4,69.37
"2024-08-11 03:00:00",979,12.32,411,1,-0.022,-0.94,0.08,-0.08,0.008,-0.042,0.004,107.2,69.44
"2024-08-11 03:30:00",980,12.32,411,1,-0.032,-1.31,0.04,-0.11,0.004,-0.068,0,102.7,67.17
"2024-08-11 04:00:00",981,12.32,411,1,-0.023,-1.01,0.14,-0.086,0.012,-0.051,0.008,97.6,69.43
"2024-08-11 04:30:00",982,12.32,411,1,-0.03,-1.25,0.04,-0.105,0.004,-0.061,0.004,102.7,67.73
"2024-08-11 05:00:00",983,12.31,411,1,-0.024,-1.08,0.14,-0.091,0.012,-0.046,0.008,103.6,67.54
"2024-08-11 05:30:00",984,12.31,411,1,-0.025,-1.1,0.14,-0.093,0.011,-0.049,0.008,102.1,68.86
"2024-08-11 06:00:00",985,12.31,411,1,-0.022,-0.98,0.14,-0.084,0.011,-0.045,0.008,99.2,66.96
"2024-08-11 06:30:00",986,12.31,411,1,-0.025,-1.1,0.14,-0.092,0.011,-0.053,0.011,102.2,68.41
"2024-08-11 07:00:00",987,12.3,411,1,-0.019,-0.91,0.22,-0.078,0.019,-0.035,0.019,104.1,68.35
"2024-08-11 07:30:00",988,12.3,411,1,0.003,-0.48,0.83,-0.041,0.068,0.008,0.064,108.9,70.56
"2024-08-11 08:00:00",989,12.3,411,1,0.035,0.22,1.58,0.018,0.131,0.078,0.126,109.1,72.33
"2024-08-11 08:30:00",990,12.3,411,1,0.071,1.04,2.42,0.086,0.2,0.149,0.198,109.6,74.1
"2024-08-11 09:00:00",991,12.3,411,1,0.12,2.09,3.6,0.172,0.297,0.23,0.293,105.3,76.57
"2024-08-11 09:30:00",992,12.3,411,1,0.166,3.11,4.69,0.257,0.388,0.321,0.375,109,76.51
"2024-08-11 10:00:00",993,12.3,411,1,0.2,3.92,5.41,0.324,0.447,0.382,0.43,107.8,76.59
"2024-08-11 10:30:00",994,12.3,411,1,0.207,4.06,5.59,0.336,0.462,0.4,0.451,109.6,76.03
"2024-08-11 11:00:00",995,12.31,411,1,0.217,4.4,5.69,0.363,0.47,0.421,0.45,109.4,75.67
"2024-08-11 11:30:00",996,12.31,411,1,0.218,4.44,5.67,0.367,0.469,0.422,0.446,102.8,75.35
"2024-08-11 12:00:00",997,12.31,411,1,0.222,4.45,5.88,0.368,0.486,0.418,0.463,98.7,75.49
"2024-08-11 12:30:00",998,12.31,411,1,0.239,4.97,6.07,0.411,0.502,0.467,0.469,100,73.77
"2024-08-11 13:00:00",999,12.31,411,1,0.233,4.75,6.04,0.393,0.499,0.445,0.471,103.2,74.46
"2024-08-11 13:30:00",1000,12.31,411,1,0.232,4.81,5.95,0.396,0.491,0.449,0.464,105.2,75.47
"2024-08-11 14:00:00",1001,12.31,411,1,0.218,4.36,5.77,0.36,0.477,0.433,0.454,106.2,75.98
"2024-08-11 14:30:00",1002,12.31,411,1,0.218,4.4,5.7,0.363,0.471,0.417,0.448,101.7,75.72
"2024-08-11 15:00:00",1003,12.31,411,1,0.208,4.17,5.51,0.344,0.455,0.397,0.433,105.1,75.4
"2024-08-11 15:30:00",1004,12.3,411,1,0.223,4.69,5.58,0.388,0.46,0.462,0.438,100,75.85
"2024-08-11 16:00:00",1005,12.3,411,1,0.193,3.84,5.14,0.317,0.425,0.377,0.407,101.7,75.22
"2024-08-11 16:30:00",1006,12.3,411,1,0.149,2.44,4.66,0.201,0.386,0.204,0.364,91.1,73.01
"2024-08-11 17:00:00",1007,12.3,411,1,0.162,3.08,4.5,0.255,0.371,0.227,0.366,109.4,76.68
"2024-08-11 17:30:00",1008,12.29,411,1,0.177,3.88,4.22,0.32,0.349,0.379,0.336,92.7,73.78
"2024-08-11 18:00:00",1009,12.29,411,1,0.128,2.35,3.7,0.194,0.305,0.249,0.286,100.5,72.31
"2024-08-11 18:30:00",1010,12.29,411,1,0.083,1.26,2.76,0.104,0.228,0.163,0.214,101.9,69.64
"2024-08-11 19:00:00",1011,12.28,411,1,0.047,0.42,1.93,0.034,0.159,0.094,0.154,100.3,71.34
"2024-08-11 19:30:00",1012,12.28,411,1,0.025,-0.03,1.39,-0.005,0.114,0.04,0.105,101.4,71.66
"2024-08-11 20:00:00",1013,12.28,411,1,0.009,-0.4,1.06,-0.035,0.088,0.013,0.079,103.2,69.7
"2024-08-11 20:30:00",1014,12.27,411,1,0,-0.58,0.8,-0.05,0.066,-0.009,0.061,98.9,69.45
"2024-08-11 21:00:00",1015,12.27,411,1,-0.006,-0.75,0.66,-0.064,0.054,-0.018,0.053,100.8,70.07
"2024-08-11 21:30:00",1016,12.26,411,1,-0.012,-0.87,0.5,-0.074,0.042,-0.032,0.042,100.3,68.3
"2024-08-11 22:00:00",1017,12.26,411,1,-0.015,-0.94,0.46,-0.08,0.039,-0.046,0.035,99.3,68.86
"2024-08-11 22:30:00",1018,12.26,411,1,-0.018,-1,0.38,-0.084,0.031,-0.045,0.031,100.5,67.04
"2024-08-11 23:00:00",1019,12.25,411,1,-0.019,-1.05,0.38,-0.089,0.031,-0.054,0.027,102.5,68.29
"2024-08-11 23:30:00",1020,12.25,411,1,-0.02,-1.04,0.32,-0.087,0.027,-0.04,0.027,102.4,68.92
"2024-08-12 00:00:00",1021,12.24,411,1,-0.022,-1.11,0.28,-0.094,0.023,-0.05,0.023,102.9,68.6
"2024-08-12 00:30:00",1022,12.24,411,1,-0.022,-1.1,0.28,-0.092,0.023,-0.044,0.023,103.2,68.41
"2024-08-12 01:00:00",1023,12.24,411,1,-0.021,-1.04,0.24,-0.087,0.019,-0.044,0.019,100.8,67.27
"2024-08-12 01:30:00",1024,12.24,411,1,-0.022,-1.1,0.28,-0.092,0.023,-0.048,0.019,102.3,68.29
"2024-08-12 02:00:00",1025,12.23,411,1,-0.023,-1.15,0.28,-0.098,0.023,-0.057,0.023,105.4,68.91
"2024-08-12 02:30:00",1026,12.23,411,1,-0.027,-1.21,0.18,-0.102,0.015,-0.057,0.015,103.7,68.41
"2024-08-12 03:00:00",1027,12.23,411,1,-0.024,-1.1,0.18,-0.092,0.015,-0.044,0.015,104.2,67.91
"2024-08-12 03:30:00",1028,12.22,411,1,-0.026,-1.18,0.18,-0.099,0.015,-0.054,0.015,101.4,67.91
"2024-08-12 04:00:00",1029,12.22,411,1,-0.024,-1.08,0.14,-0.092,0.012,-0.043,0.011,103.5,67.78
"2024-08-12 04:30:00",1030,12.22,411,1,-0.025,-1.15,0.18,-0.098,0.015,-0.057,0.015,102.6,68.85
"2024-08-12 05:00:00",1031,12.21,411,1,-0.025,-1.12,0.18,-0.095,0.016,-0.05,0.012,100.6,68.59
"2024-08-12 05:30:00",1032,12.21,411,1,-0.028,-1.24,0.14,-0.104,0.012,-0.062,0.012,101,68.78
"2024-08-12 06:00:00",1033,12.21,411,1,-0.022,-1.04,0.18,-0.088,0.016,-0.04,0.015,105.7,67.46
"2024-08-12 06:30:00",1034,12.21,411,1,-0.027,-1.22,0.18,-0.103,0.016,-0.058,0.015,101,67.21
"2024-08-12 07:00:00",1035,12.2,411,1,-0.011,-0.79,0.46,-0.067,0.038,-0.022,0.031,106.8,69.8
"2024-08-12 07:30:00",1036,12.2,411,1,0.005,-0.42,0.87,-0.037,0.072,0.012,0.072,109.8,72
"2024-08-12 08:00:00",1037,12.2,411,1,0.028,0.06,1.44,0.004,0.119,0.063,0.118,109,72.26
"2024-08-12 08:30:00",1038,12.2,411,1,0.044,0.43,1.78,0.036,0.147,0.09,0.149,109.4,75.62
"2024-08-12 09:00:00",1039,12.2,411,1,0.127,2.27,3.75,0.188,0.31,0.254,0.302,108.1,76.39
"2024-08-12 09:30:00",1040,12.2,411,1,0.16,2.96,4.55,0.244,0.376,0.31,0.366,109.5,76.77
"2024-08-12 10:00:00",1041,12.21,411,1,0.164,3.15,4.52,0.261,0.374,0.329,0.362,106.9,75.89
"2024-08-12 10:30:00",1042,12.21,411,1,0.163,2.9,4.79,0.24,0.395,0.31,0.39,109.5,78.05
"2024-08-12 11:00:00",1043,12.21,411,1,0.194,3.87,5.17,0.319,0.428,0.394,0.41,108.9,74.9
"2024-08-12 11:30:00",1044,12.21,411,1,0.221,4.62,5.56,0.382,0.459,0.458,0.441,103.5,75.78
"2024-08-12 12:00:00",1045,12.22,411,1,0.24,5.18,5.84,0.429,0.482,0.483,0.454,92.3,72.19
"2024-08-12 12:30:00",1046,12.21,411,1,0.197,4.01,5.16,0.331,0.426,0.397,0.408,104.7,74.45
"2024-08-12 13:00:00",1047,12.21,411,1,0.204,4.02,5.51,0.332,0.455,0.395,0.437,104.2,76.23
"2024-08-12 13:30:00",1048,12.21,411,1,0.235,4.9,5.94,0.405,0.491,0.463,0.468,100.6,74.14
"2024-08-12 14:00:00",1049,12.21,411,1,0.227,4.61,5.91,0.38,0.489,0.447,0.466,104.1,75.41
"2024-08-12 14:30:00",1050,12.21,411,1,0.233,4.89,5.87,0.403,0.484,0.465,0.459,98.1,74.46
"2024-08-12 15:00:00",1051,12.21,411,1,0.216,4.43,5.59,0.366,0.462,0.425,0.439,99.3,75.15
"2024-08-12 15:30:00",1052,12.21,411,1,0.227,4.76,5.72,0.394,0.472,0.448,0.449,98.1,73.89
"2024-08-12 16:00:00",1053,12.21,411,1,0.205,4.1,5.45,0.339,0.45,0.404,0.432,109.4,75.41
"2024-08-12 16:30:00",1054,12.2,411,1,0.154,2.38,5,0.197,0.413,0.25,0.391,97.9,72.95
"2024-08-12 17:00:00",1055,12.2,411,1,0.173,3.39,4.69,0.281,0.388,0.294,0.378,110,75.46
"2024-08-12 17:30:00",1056,12.2,411,1,0.19,4.23,4.44,0.349,0.367,0.405,0.347,87.4,72.33
"2024-08-12 18:00:00",1057,12.2,411,1,0.121,2.09,3.67,0.173,0.303,0.239,0.288,104.4,73.39
"2024-08-12 18:30:00",1058,12.19,411,1,0.1,1.67,3.1,0.138,0.256,0.195,0.244,101.9,72.44
"2024-08-12 19:00:00",1059,12.19,411,1,0.058,0.7,2.17,0.058,0.18,0.114,0.174,105,73.5
"2024-08-12 19:30:00",1060,12.19,411,1,0.032,0.06,1.64,0.005,0.135,0.057,0.13,102.8,70.53
"2024-08-12 20:00:00",1061,12.18,411,1,0.015,-0.23,1.13,-0.021,0.094,0.028,0.089,100.1,66.86
"2024-08-12 20:30:00",1062,12.18,411,1,-0.003,-0.8,0.91,-0.068,0.075,-0.019,0.071,101.7,67.74
"2024-08-12 21:00:00",1063,12.17,411,1,-0.008,-0.84,0.67,-0.072,0.055,-0.028,0.051,94.4,70.2
"2024-08-12 21:30:00",1064,12.17,411,1,-0.009,-0.79,0.56,-0.067,0.047,-0.022,0.043,107.5,69.43
"2024-08-12 22:00:00",1065,12.16,411,1,-0.012,-0.83,0.48,-0.071,0.039,-0.033,0.035,99.8,68.11
"2024-08-12 22:30:00",1066,12.16,411,1,-0.018,-1,0.38,-0.085,0.032,-0.059,0.027,96.2,68.04
"2024-08-12 23:00:00",1067,12.15,411,1,-0.019,-1.01,0.34,-0.085,0.028,-0.041,0.02,102.2,68.22
"2024-08-12 23:30:00",1068,12.15,411,1,-0.022,-1.1,0.28,-0.092,0.024,-0.048,0.02,104.8,68.79
"2024-08-13 00:00:00",1069,12.15,411,1,-0.025,-1.18,0.24,-0.1,0.02,-0.054,0.02,104.7,68.97
"2024-08-13 00:30:00",1070,12.14,411,1,-0.026,-1.18,0.2,-0.099,0.016,-0.049,0.012,106.7,69.15
"2024-08-13 01:00:00",1071,12.14,411,1,-0.026,-1.21,0.2,-0.102,0.016,-0.056,0.012,99.5,69.28
"2024-08-13 01:30:00",1072,12.14,411,1,-0.027,-1.18,0.14,-0.099,0.012,-0.059,0.012,103.8,68.84
"2024-08-13 02:00:00",1073,12.13,411,1,-0.024,-1.08,0.14,-0.091,0.012,-0.037,0.012,102.3,69.09
"2024-08-13 02:30:00",1074,12.13,411,1,-0.02,-0.91,0.14,-0.078,0.012,-0.035,0.012,104.1,68.59
"2024-08-13 03:00:00",1075,12.13,411,1,-0.035,-1.47,0.1,-0.124,0.008,-0.08,0.004,94.9,68.01
"2024-08-13 03:30:00",1076,12.12,411,1,-0.032,-1.39,0.14,-0.117,0.012,-0.082,0.012,102.4,69.66
"2024-08-13 04:00:00",1077,12.12,411,1,-0.035,-1.49,0.14,-0.125,0.012,-0.076,0.008,104.3,68.08
"2024-08-13 04:30:00",1078,12.12,411,1,-0.027,-1.18,0.14,-0.1,0.012,-0.058,0.012,98.9,67.45
"2024-08-13 05:00:00",1079,12.12,411,1,-0.029,-1.25,0.1,-0.105,0.008,-0.056,0.008,107.1,71.11
"2024-08-13 05:30:00",1080,12.12,411,1,-0.026,-1.17,0.14,-0.098,0.012,-0.058,0.008,99.7,70.02
"2024-08-13 06:00:00",1081,12.11,411,1,-0.029,-1.22,0.1,-0.103,0.008,-0.057,0.008,106.4,67.32
"2024-08-13 06:30:00",1082,12.11,411,1,-0.027,-1.15,0.1,-0.098,0.008,-0.057,0.008,104.5,68.52
"2024-08-13 07:00:00",1083,12.11,411,1,-0.027,-1.14,0.1,-0.096,0.008,-0.051,0.008,109,69.72
"2024-08-13 07:30:00",1084,12.11,411,1,-0.007,-0.69,0.55,-0.059,0.045,-0.012,0.045,109.8,73.07
"2024-08-13 08:00:00",1085,12.11,411,1,-0.005,-0.72,0.69,-0.061,0.057,-0.004,0.061,109,70.49
"2024-08-13 08:30:00",1086,12.1,411,1,0.025,0,1.37,0,0.114,0.053,0.113,109.5,74.28
"2024-08-13 09:00:00",1087,12.11,411,1,0.055,0.67,2.05,0.055,0.169,0.119,0.168,109.7,73.97
"2024-08-13 09:30:00",1088,12.11,411,1,0.099,1.57,3.19,0.129,0.264,0.195,0.257,110,74.73
"2024-08-13 10:00:00",1089,12.11,411,1,0.12,2.09,3.59,0.172,0.296,0.241,0.292,109.7,78.01
"2024-08-13 10:30:00",1090,12.11,411,1,0.141,2.52,4.16,0.208,0.344,0.263,0.344,107.3,78.59
"2024-08-13 11:00:00",1091,12.11,411,1,0.168,3.24,4.65,0.268,0.384,0.33,0.378,110,77.47
"2024-08-13 11:30:00",1092,12.12,411,1,0.179,3.42,4.95,0.283,0.408,0.349,0.403,109.8,79.31
"2024-08-13 12:00:00",1093,12.13,411,1,0.204,4.22,5.21,0.349,0.431,0.414,0.416,103,75.83
"2024-08-13 12:30:00",1094,12.12,411,1,0.19,3.74,5.14,0.309,0.425,0.366,0.41,104.8,76.07
"2024-08-13 13:00:00",1095,12.13,411,1,0.192,3.88,5.02,0.32,0.415,0.376,0.392,96.9,74.01
"2024-08-13 13:30:00",1096,12.12,411,1,0.194,3.82,5.23,0.316,0.432,0.374,0.421,107.4,76.61
"2024-08-13 14:00:00",1097,12.12,411,1,0.22,4.61,5.53,0.381,0.457,0.452,0.442,106.6,76.61
"2024-08-13 14:30:00",1098,12.12,411,1,0.227,4.71,5.81,0.388,0.48,0.448,0.456,99.5,74.28
"2024-08-13 15:00:00",1099,12.12,411,1,0.199,4.02,5.23,0.332,0.432,0.397,0.414,101.4,76.75
"2024-08-13 15:30:00",1100,12.12,411,1,0.193,3.73,5.31,0.308,0.439,0.374,0.427,109.5,78.2
"2024-08-13 16:00:00",1101,12.11,411,1,0.196,4.03,5.04,0.333,0.416,0.386,0.393,94.5,75.6
"2024-08-13 16:30:00",1102,12.11,411,1,0.163,3.14,4.5,0.26,0.371,0.335,0.366,109.9,76.42
"2024-08-13 17:00:00",1103,12.11,411,1,0.121,1.77,4.12,0.145,0.341,0.107,0.343,109.8,78.32
"2024-08-13 17:30:00",1104,12.11,411,1,0.179,4.3,3.77,0.355,0.312,0.432,0.312,105.5,77.31
"2024-08-13 18:00:00",1105,12.1,411,1,0.122,2.21,3.56,0.182,0.294,0.228,0.279,92,71.85
"2024-08-13 18:30:00",1106,12.1,411,1,0.088,1.34,2.91,0.111,0.241,0.166,0.233,101.4,72.48
"2024-08-13 19:00:00",1107,12.1,411,1,0.065,0.87,2.31,0.072,0.191,0.119,0.181,98.3,74.12
"2024-08-13 19:30:00",1108,12.09,411,1,0.036,0.2,1.67,0.016,0.138,0.067,0.133,100.1,70.64
"2024-08-13 20:00:00",1109,12.09,411,1,0.014,-0.35,1.26,-0.031,0.104,0.01,0.099,101.1,71.14
"2024-08-13 20:30:00",1110,12.08,411,1,-0.001,-0.68,0.83,-0.058,0.068,-0.014,0.068,99.7,69.44
"2024-08-13 21:00:00",1111,12.08,411,1,-0.005,-0.7,0.69,-0.06,0.056,-0.02,0.052,100.1,66.59
"2024-08-13 21:30:00",1112,12.07,411,1,-0.015,-1,0.53,-0.084,0.044,-0.043,0.04,99.3,68.6
"2024-08-13 22:00:00",1113,12.07,411,1,-0.019,-0.97,0.29,-0.083,0.024,-0.047,0.024,99.9,69.42
"2024-08-13 22:30:00",1114,12.06,411,1,-0.024,-1.15,0.24,-0.097,0.02,-0.056,0.016,102.3,67.53
"2024-08-13 23:00:00",1115,12.06,411,1,-0.025,-1.17,0.2,-0.099,0.016,-0.062,0.016,100.8,68.1
"2024-08-13 23:30:00",1116,12.05,411,1,-0.025,-1.11,0.14,-0.093,0.012,-0.053,0.012,104.8,68.79
"2024-08-14 00:00:00",1117,12.05,411,1,-0.026,-1.12,0.1,-0.094,0.008,-0.064,0.012,94.7,70.31
"2024-08-14 00:30:00",1118,12.05,411,1,-0.027,-1.21,0.14,-0.102,0.012,-0.056,0.008,99.4,68.98
"2024-08-14 01:00:00",1119,12.05,411,1,-0.031,-1.36,0.14,-0.114,0.012,-0.071,0.012,102.3,67.27
"2024-08-14 01:30:00",1120,12.04,411,1,-0.02,-0.97,0.2,-0.083,0.016,-0.038,0.016,101.4,68.91
"2024-08-14 02:00:00",1121,12.04,411,1,-0.031,-1.36,0.14,-0.114,0.012,-0.076,0.008,103.3,68.34
"2024-08-14 02:30:00",1122,12.03,411,1,-0.029,-1.22,0.1,-0.103,0.008,-0.066,0.008,104.1,67.58
"2024-08-14 03:00:00",1123,12.04,411,1,-0.03,-1.32,0.14,-0.111,0.012,-0.073,0.008,98.8,69.61
"2024-08-14 03:30:00",1124,12.03,411,1,-0.026,-1.14,0.14,-0.096,0.012,-0.055,0.008,100.3,68.28
"2024-08-14 04:00:00",1125,12.03,411,1,-0.028,-1.24,0.14,-0.104,0.012,-0.057,0.004,99.1,68.15
"2024-08-14 04:30:00",1126,12.02,411,1,-0.031,-1.33,0.14,-0.112,0.012,-0.069,0.012,103.8,68.84
"2024-08-14 05:00:00",1127,12.02,411,1,-0.028,-1.21,0.1,-0.102,0.008,-0.06,0.008,103.6,69.34
"2024-08-14 05:30:00",1128,12.02,411,1,-0.027,-1.12,0.04,-0.095,0.004,-0.055,0.004,103.6,69.85
"2024-08-14 06:00:00",1129,12.01,411,1,-0.028,-1.15,0.04,-0.097,0.004,-0.056,0.004,100.9,69.66
"2024-08-14 06:30:00",1130,12.01,411,1,-0.027,-1.14,0.1,-0.096,0.008,-0.055,0.004,104.5,69.02
"2024-08-14 07:00:00",1131,12.01,411,1,-0.026,-1.17,0.18,-0.098,0.015,-0.05,0.012,109.5,71.5
"2024-08-14 07:30:00",1132,12.01,411,1,-0.008,-0.79,0.62,-0.068,0.051,-0.017,0.051,107.8,71.06
"2024-08-14 08:00:00",1133,12.01,411,1,0.017,-0.2,1.22,-0.019,0.101,0.034,0.1,109.5,73.02
"2024-08-14 08:30:00",1134,12.01,411,1,0.053,0.62,2.03,0.051,0.168,0.113,0.163,110,73.47
"2024-08-14 09:00:00",1135,12.01,411,1,0.09,1.46,2.84,0.121,0.235,0.19,0.236,109.6,76.38
"2024-08-14 09:30:00",1136,12.01,411,1,0.117,2.05,3.49,0.169,0.288,0.231,0.288,109.8,77.02
"2024-08-14 10:00:00",1137,12.01,411,1,0.142,2.61,4.09,0.216,0.338,0.273,0.34,110,78.23
"2024-08-14 10:30:00",1138,12.02,411,1,0.166,3.14,4.66,0.259,0.385,0.314,0.384,109.6,79.63
"2024-08-14 11:00:00",1139,12.02,411,1,0.191,3.94,4.93,0.325,0.407,0.394,0.401,108.2,76.24
"2024-08-14 11:30:00",1140,12.03,411,1,0.194,3.89,5.13,0.322,0.423,0.387,0.413,107,78.07
"2024-08-14 12:00:00",1141,12.03,411,1,0.2,4.1,5.14,0.339,0.425,0.407,0.414,106.9,75.41
"2024-08-14 12:30:00",1142,12.03,411,1,0.202,4.13,5.23,0.341,0.432,0.396,0.416,99.9,74.72
"2024-08-14 13:00:00",1143,12.03,411,1,0.199,3.99,5.25,0.329,0.434,0.4,0.419,109.8,75.03
"2024-08-14 13:30:00",1144,12.02,411,1,0.204,4.06,5.41,0.336,0.447,0.401,0.432,106,77.26
"2024-08-14 14:00:00",1145,12.02,411,1,0.221,4.59,5.63,0.38,0.465,0.447,0.446,99.7,76.05
"2024-08-14 14:30:00",1146,12.02,411,1,0.207,4.15,5.49,0.342,0.453,0.399,0.442,106.9,75.17
"2024-08-14 15:00:00",1147,12.02,411,1,0.206,4.23,5.32,0.35,0.44,0.41,0.429,109.6,77.87
"2024-08-14 15:30:00",1148,12.02,411,1,0.206,4.27,5.27,0.353,0.436,0.418,0.422,102.2,76.3
"2024-08-14 16:00:00",1149,12.02,411,1,0.195,3.88,5.2,0.321,0.43,0.382,0.419,108.9,76.87
"2024-08-14 16:30:00",1150,12.02,411,1,0.179,3.6,4.73,0.298,0.391,0.345,0.372,89.6,72.5
"2024-08-14 17:00:00",1151,12.01,411,1,0.162,3.29,4.23,0.272,0.349,0.325,0.331,89.7,73.07
"2024-08-14 17:30:00",1152,12.01,411,1,0.139,2.66,3.84,0.22,0.317,0.259,0.291,87.6,72.25
"2024-08-14 18:00:00",1153,12.01,411,1,0.094,1.44,3.1,0.119,0.256,0.167,0.245,100,71.8
"2024-08-14 18:30:00",1154,12,411,1,0.076,1.16,2.52,0.096,0.209,0.143,0.198,98.6,70.91
"2024-08-14 19:00:00",1155,12,411,1,0.043,0.38,1.79,0.031,0.148,0.081,0.143,100.7,70.71
"2024-08-14 19:30:00",1156,12,411,1,0.015,-0.3,1.22,-0.026,0.101,0.019,0.096,99.7,71.02
"2024-08-14 20:00:00",1157,11.99,411,1,0.003,-0.56,0.94,-0.049,0.078,-0.015,0.069,98.6,68.36
"2024-08-14 20:30:00",1158,11.98,411,1,-0.014,-1.01,0.59,-0.086,0.049,-0.044,0.045,96.8,67.85
"2024-08-14 21:00:00",1159,11.98,411,1,-0.015,-0.93,0.45,-0.078,0.037,-0.033,0.036,98.9,67.72
"2024-08-14 21:30:00",1160,11.97,411,1,-0.018,-0.97,0.35,-0.082,0.029,-0.05,0.028,96.2,66.52
"2024-08-14 22:00:00",1161,11.97,411,1,-0.02,-1.04,0.29,-0.087,0.024,-0.047,0.024,101.9,69.42
"2024-08-14 22:30:00",1162,11.96,411,1,-0.024,-1.11,0.2,-0.093,0.016,-0.057,0.016,101.8,69.04
"2024-08-14 23:00:00",1163,11.96,411,1,-0.028,-1.22,0.15,-0.103,0.012,-0.065,0.012,102.4,67.85
"2024-08-14 23:30:00",1164,11.96,411,1,-0.031,-1.38,0.15,-0.115,0.012,-0.077,0.008,99.1,68.09
"2024-08-15 00:00:00",1165,11.95,411,1,-0.03,-1.26,0.1,-0.106,0.008,-0.073,0.008,103.1,69.6
"2024-08-15 00:30:00",1166,11.95,411,1,-0.029,-1.29,0.15,-0.109,0.012,-0.066,0.012,101.6,68.91
"2024-08-15 01:00:00",1167,11.95,411,1,-0.032,-1.32,0.06,-0.112,0.004,-0.077,0.004,102.5,69.03
"2024-08-15 01:30:00",1168,11.94,411,1,-0.029,-1.25,0.1,-0.105,0.008,-0.073,0.008,96.5,68.84
"2024-08-15 02:00:00",1169,11.94,411,1,-0.03,-1.22,0.04,-0.103,0.004,-0.065,0,101.6,66.62
"2024-08-15 02:30:00",1170,11.94,411,1,-0.03,-1.28,0.1,-0.108,0.008,-0.07,0.004,100.6,67.64
"2024-08-15 03:00:00",1171,11.93,411,1,-0.028,-1.18,0.1,-0.1,0.008,-0.058,0.008,104.8,68.02
"2024-08-15 03:30:00",1172,11.93,411,1,-0.034,-1.49,0.15,-0.125,0.012,-0.083,0.008,99.6,67.38
"2024-08-15 04:00:00",1173,11.93,411,1,-0.028,-1.21,0.1,-0.102,0.008,-0.06,0.004,101.6,68.14
"2024-08-15 04:30:00",1174,11.93,411,1,-0.036,-1.47,0.06,-0.123,0.004,-0.082,0.004,103.6,67.63
"2024-08-15 05:00:00",1175,11.92,411,1,-0.027,-1.11,0.04,-0.094,0.004,-0.058,0.004,104.5,69.72
"2024-08-15 05:30:00",1176,11.92,411,1,-0.03,-1.25,0.04,-0.105,0.004,-0.066,0.004,106.6,69.08
"2024-08-15 06:00:00",1177,11.92,411,1,-0.032,-1.26,0,-0.107,0,-0.065,0,108.6,70.85
"2024-08-15 06:30:00",1178,11.92,411,1,-0.029,-1.25,0.1,-0.105,0.008,-0.067,0.004,106.6,71.61
"2024-08-15 07:00:00",1179,11.92,411,1,-0.027,-1.18,0.14,-0.099,0.012,-0.062,0.012,107.9,70.35
"2024-08-15 07:30:00",1180,11.92,411,1,-0.008,-0.75,0.57,-0.064,0.047,-0.022,0.043,109.3,71.56
"2024-08-15 08:00:00",1181,11.92,411,1,0.027,0,1.44,0,0.12,0.049,0.119,109.5,72.69
"2024-08-15 08:30:00",1182,11.92,411,1,0.063,0.81,2.27,0.067,0.188,0.123,0.19,109.5,74.28
"2024-08-15 09:00:00",1183,11.92,411,1,0.1,1.67,3.12,0.137,0.259,0.198,0.256,109.7,76.5
"2024-08-15 09:30:00",1184,11.92,411,1,0.139,2.58,3.96,0.213,0.327,0.273,0.324,109.4,77.13
"2024-08-15 10:00:00",1185,11.92,411,1,0.154,2.8,4.45,0.232,0.368,0.29,0.37,109.9,78.15
"2024-08-15 10:30:00",1186,11.92,411,1,0.177,3.46,4.78,0.286,0.395,0.357,0.392,109.5,78.56
"2024-08-15 11:00:00",1187,11.92,411,1,0.188,3.73,5.02,0.308,0.415,0.365,0.408,109.4,79.38
"2024-08-15 11:30:00",1188,11.93,411,1,0.197,4.06,5.06,0.336,0.418,0.407,0.414,100.9,78.24
"2024-08-15 12:00:00",1189,11.93,411,1,0.191,3.74,5.16,0.309,0.426,0.383,0.412,106.5,74.78
"2024-08-15 12:30:00",1190,11.93,411,1,0.194,3.89,5.11,0.322,0.423,0.367,0.412,106.7,77.23
"2024-08-15 13:00:00",1191,11.93,411,1,0.195,3.91,5.16,0.322,0.425,0.379,0.415,109.9,77.43
"2024-08-15 13:30:00",1192,11.93,411,1,0.211,4.48,5.27,0.371,0.435,0.428,0.416,97.3,75.85
"2024-08-15 14:00:00",1193,11.92,411,1,0.202,4.08,5.28,0.337,0.436,0.359,0.425,107.7,78.25
"2024-08-15 14:30:00",1194,11.92,411,1,0.196,4.01,5.07,0.331,0.419,0.402,0.405,109.6,77.11
"2024-08-15 15:00:00",1195,11.92,411,1,0.195,4.06,4.96,0.336,0.41,0.389,0.388,96,74.39
"2024-08-15 15:30:00",1196,11.92,411,1,0.165,3.1,4.66,0.256,0.386,0.316,0.38,109.1,77.63
"2024-08-15 16:00:00",1197,11.92,411,1,0.179,3.61,4.72,0.299,0.39,0.365,0.381,109.8,78.32
"2024-08-15 16:30:00",1198,11.91,411,1,0.132,2.03,4.34,0.168,0.359,0.175,0.351,109.9,79.15
"2024-08-15 17:00:00",1199,11.91,411,1,0.146,2.75,4.12,0.227,0.34,0.271,0.328,98,74.86
