"TOA5","CR300Series_411","CR300","4370","CR300-RF407.Std.11.00","CPU:CR300_sapflow.CR300","32345","Table2"
"TIMESTAMP","RECORD","BattV_Min","id","SDI1","SapFlwTot1","VhOuter1","VhInner1","AlphaOut1","AlphaIn1","BetaOut1","BetaIn1","tMaxTout1","tMaxTin1"
"TS","RN","Volts","","","literPerHour","heatVelocity","heatVelocity","logTRatio","logTRatio","logTRatio","logTRatio","second","second"
"","","Min","Smp","Smp","Smp","Smp","Smp","Smp","Smp","Smp","Smp","Smp","Smp"
"2024-09-12 19:00:00",2547,13.07,411,1,0.015,-0.16,1.04,-0.015,0.085,0.036,0.085,103.4,73.72
"2024-09-12 19:30:00",2548,13.05,411,1,0,-0.56,0.74,-0.049,0.061,0,0.064,101.7,72
"2024-09-12 20:00:00",2549,13.04,411,1,-0.015,-0.96,0.48,-0.081,0.04,-0.038,0.039,103.9,72.45
"2024-09-12 20:30:00",2550,13.03,411,1,-0.019,-1.01,0.31,-0.085,0.025,-0.042,0.025,102.8,71.05
"2024-09-12 21:00:00",2551,13.01,411,1,-0.025,-1.14,0.17,-0.096,0.014,-0.059,0.014,105.8,71.8
"2024-09-12 21:30:00",2552,13.01,411,1,-0.028,-1.18,0.08,-0.1,0.007,-0.063,0.011,108.9,73.63
"2024-09-12 22:00:00",2553,13,411,1,-0.028,-1.18,0.08,-0.1,0.007,-0.06,0.007,107.8,73
"2024-09-12 22:30:00",2554,12.99,411,1,-0.027,-1.11,0.04,-0.094,0.004,-0.059,0.003,109.3,71.55
"2024-09-12 23:00:00",2555,12.99,411,1,-0.031,-1.24,-0.02,-0.104,-0.004,-0.06,0,105.7,72.94
"2024-09-12 23:30:00",2556,12.99,411,1,-0.032,-1.24,-0.06,-0.104,-0.007,-0.064,-0.007,110,72.68
"2024-09-13 00:00:00",2557,12.98,411,1,-0.033,-1.26,-0.06,-0.106,-0.007,-0.065,-0.007,106.5,72.31
"2024-09-13 00:30:00",2558,12.98,411,1,-0.033,-1.22,-0.1,-0.103,-0.011,-0.062,-0.01,109.8,73.06
"2024-09-13 01:00:00",2559,12.98,411,1,-0.035,-1.33,-0.06,-0.112,-0.007,-0.062,-0.007,103.2,73.25
"2024-09-13 01:30:00",2560,12.98,411,1,-0.033,-1.25,-0.1,-0.106,-0.011,-0.073,-0.011,109.5,72.74
"2024-09-13 02:00:00",2561,12.97,411,1,-0.035,-1.33,-0.1,-0.112,-0.011,-0.072,-0.011,107.7,74.25
"2024-09-13 02:30:00",2562,12.97,411,1,-0.035,-1.29,-0.14,-0.109,-0.014,-0.072,-0.014,109.8,73
"2024-09-13 03:00:00",2563,12.97,411,1,-0.036,-1.31,-0.14,-0.11,-0.014,-0.073,-0.014,107.4,72.62
"2024-09-13 03:30:00",2564,12.97,411,1,-0.037,-1.36,-0.14,-0.115,-0.014,-0.077,-0.014,106.7,73.75
"2024-09-13 04:00:00",2565,12.97,411,1,-0.036,-1.29,-0.19,-0.109,-0.018,-0.072,-0.018,109.1,74.07
"2024-09-13 04:30:00",2566,12.97,411,1,-0.036,-1.32,-0.14,-0.111,-0.014,-0.07,-0.014,106.2,72.25
"2024-09-13 05:00:00",2567,12.97,411,1,-0.035,-1.29,-0.14,-0.109,-0.014,-0.067,-0.014,109.8,73.31
"2024-09-13 05:30:00",2568,12.96,411,1,-0.036,-1.31,-0.19,-0.11,-0.018,-0.077,-0.018,103.8,72.11
"2024-09-13 06:00:00",2569,12.96,411,1,-0.037,-1.32,-0.19,-0.111,-0.018,-0.074,-0.018,109.8,74.77
"2024-09-13 06:30:00",2570,12.96,411,1,-0.033,-1.19,-0.19,-0.101,-0.018,-0.058,-0.017,108.5,74.75
"2024-09-13 07:00:00",2571,12.96,411,1,-0.038,-1.39,-0.19,-0.117,-0.018,-0.079,-0.017,109.8,74.26
"2024-09-13 07:30:00",2572,12.96,411,1,-0.037,-1.31,-0.23,-0.11,-0.021,-0.073,-0.021,108.8,73.05
"2024-09-13 08:00:00",2573,12.96,411,1,-0.036,-1.31,-0.14,-0.11,-0.014,-0.065,-0.01,109.3,74.26
"2024-09-13 08:30:00",2574,12.95,411,1,-0.031,-1.18,-0.06,-0.1,-0.007,-0.053,-0.007,108.9,73.89
"2024-09-13 09:00:00",2575,12.96,411,1,-0.024,-1.01,0.04,-0.086,0.003,-0.044,0.003,109.3,77.54
"2024-09-13 09:30:00",2576,12.96,411,1,-0.001,-0.49,0.57,-0.043,0.048,0.004,0.051,109.7,77.93
"2024-09-13 10:00:00",2577,12.96,411,1,0.023,-0.02,1.29,-0.004,0.106,0.044,0.115,109.8,80.1
"2024-09-13 10:30:00",2578,12.97,411,1,0.058,0.84,1.99,0.07,0.164,0.132,0.172,109.9,80.7
"2024-09-13 11:00:00",2579,12.97,411,1,0.089,1.5,2.75,0.124,0.227,0.191,0.237,109.9,81.2
"2024-09-13 11:30:00",2580,12.98,411,1,0.1,1.78,2.94,0.147,0.243,0.215,0.253,108.8,81.1
"2024-09-13 12:00:00",2581,12.98,411,1,0.142,2.86,3.74,0.236,0.31,0.303,0.315,104.7,78.74
"2024-09-13 12:30:00",2582,12.99,411,1,0.154,3.17,3.98,0.262,0.329,0.328,0.337,102.3,82.2
"2024-09-13 13:00:00",2583,12.99,411,1,0.143,2.83,3.84,0.234,0.317,0.31,0.322,109.7,80
"2024-09-13 13:30:00",2584,12.99,411,1,0.138,2.68,3.78,0.221,0.313,0.292,0.318,108.4,79.69
"2024-09-13 14:00:00",2585,12.99,411,1,0.126,2.27,3.67,0.188,0.303,0.255,0.311,109.4,82.4
"2024-09-13 14:30:00",2586,12.99,411,1,0.122,2.16,3.63,0.179,0.3,0.236,0.314,109.8,82.5
"2024-09-13 15:00:00",2587,12.98,411,1,0.141,2.82,3.73,0.233,0.308,0.291,0.319,99.9,83.8
"2024-09-13 15:30:00",2588,12.98,411,1,0.126,2.47,3.45,0.204,0.285,0.266,0.288,100.6,77.68
"2024-09-13 16:00:00",2589,12.98,411,1,0.112,2.13,3.12,0.176,0.258,0.244,0.262,106.9,76.41
"2024-09-13 16:30:00",2590,12.98,411,1,0.096,1.7,2.84,0.14,0.235,0.208,0.239,108.3,80.8
"2024-09-13 17:00:00",2591,12.98,411,1,0.084,1.41,2.59,0.117,0.215,0.185,0.216,106.8,76.1
"2024-09-13 17:30:00",2592,12.97,411,1,0.07,1.08,2.3,0.089,0.189,0.156,0.187,105.9,75.2
"2024-09-13 18:00:00",2593,12.97,411,1,0.049,0.56,1.86,0.046,0.154,0.106,0.156,108.3,75.58
"2024-09-13 18:30:00",2594,12.97,411,1,0.032,0.17,1.5,0.014,0.124,0.063,0.126,107.2,74.19
"2024-09-13 19:00:00",2595,12.96,411,1,0.01,-0.27,0.95,-0.024,0.079,0.026,0.078,102.3,72.29
"2024-09-13 19:30:00",2596,12.95,411,1,-0.004,-0.62,0.62,-0.054,0.051,-0.009,0.054,101.2,73.72
"2024-09-13 20:00:00",2597,12.95,411,1,-0.014,-0.9,0.45,-0.077,0.037,-0.034,0.036,106.6,73.39
"2024-09-13 20:30:00",2598,12.94,411,1,-0.021,-1.04,0.27,-0.088,0.022,-0.045,0.022,107.2,72.96
"2024-09-13 21:00:00",2599,12.93,411,1,-0.022,-1,0.13,-0.085,0.011,-0.05,0.014,107.3,74.59
"2024-09-13 21:30:00",2600,12.93,411,1,-0.03,-1.25,0.08,-0.105,0.007,-0.064,0.007,108,72.26
"2024-09-13 22:00:00",2601,12.92,411,1,-0.025,-1.05,0.04,-0.089,0.004,-0.048,0.007,102.9,73.46
"2024-09-13 22:30:00",2602,12.92,411,1,-0.033,-1.31,0,-0.11,0,-0.072,0,108.1,74.33
"2024-09-13 23:00:00",2603,12.92,411,1,-0.033,-1.28,-0.06,-0.107,-0.007,-0.066,-0.004,108.2,70.92
"2024-09-13 23:30:00",2604,12.91,411,1,-0.029,-1.15,-0.02,-0.098,-0.004,-0.062,-0.004,107.3,72.32
"2024-09-14 00:00:00",2605,12.91,411,1,-0.035,-1.33,-0.06,-0.112,-0.007,-0.062,-0.007,107.9,71.68
"2024-09-14 00:30:00",2606,12.91,411,1,-0.034,-1.29,-0.1,-0.109,-0.011,-0.068,-0.007,108.5,73.25
"2024-09-14 01:00:00",2607,12.9,411,1,-0.032,-1.21,-0.1,-0.102,-0.011,-0.069,-0.011,109.1,72.38
"2024-09-14 01:30:00",2608,12.9,411,1,-0.032,-1.18,-0.14,-0.1,-0.014,-0.056,-0.011,109.4,72.38
"2024-09-14 02:00:00",2609,12.9,411,1,-0.035,-1.29,-0.14,-0.109,-0.014,-0.072,-0.014,108.1,72.13
"2024-09-14 02:30:00",2610,12.9,411,1,-0.039,-1.45,-0.14,-0.121,-0.014,-0.082,-0.014,107.6,71.56
"2024-09-14 03:00:00",2611,12.9,411,1,-0.038,-1.4,-0.14,-0.118,-0.014,-0.072,-0.014,107.7,72.69
"2024-09-14 03:30:00",2612,12.9,411,1,-0.038,-1.42,-0.14,-0.119,-0.014,-0.08,-0.014,108.5,72.26
"2024-09-14 04:00:00",2613,12.9,411,1,-0.037,-1.36,-0.16,-0.115,-0.014,-0.077,-0.014,105.2,70.49
"2024-09-14 04:30:00",2614,12.89,411,1,-0.033,-1.19,-0.19,-0.101,-0.018,-0.06,-0.018,107.6,73.39
"2024-09-14 05:00:00",2615,12.89,411,1,-0.041,-1.47,-0.19,-0.124,-0.018,-0.088,-0.018,109,70.68
"2024-09-14 05:30:00",2616,12.89,411,1,-0.037,-1.36,-0.14,-0.115,-0.014,-0.077,-0.014,109.5,71.5
"2024-09-14 06:00:00",2617,12.89,411,1,-0.036,-1.32,-0.14,-0.111,-0.014,-0.073,-0.014,109.2,74.72
"2024-09-14 06:30:00",2618,12.88,411,1,-0.037,-1.36,-0.14,-0.115,-0.014,-0.076,-0.014,109.3,73.27
"2024-09-14 07:00:00",2619,12.88,411,1,-0.038,-1.36,-0.19,-0.115,-0.018,-0.077,-0.018,109.2,72.19
"2024-09-14 07:30:00",2620,12.88,411,1,-0.033,-1.28,-0.06,-0.108,-0.007,-0.07,-0.007,104.9,72.38
"2024-09-14 08:00:00",2621,12.88,411,1,-0.03,-1.21,0,-0.102,0,-0.05,-0.004,108.7,74.65
"2024-09-14 08:30:00",2622,12.88,411,1,-0.014,-0.79,0.29,-0.067,0.025,-0.024,0.021,107.8,75.35
"2024-09-14 09:00:00",2623,12.88,411,1,0.005,-0.35,0.8,-0.031,0.067,0.016,0.069,109.8,77.51
"2024-09-14 09:30:00",2624,12.88,411,1,0.033,0.21,1.47,0.017,0.121,0.075,0.123,109.6,77.89
"2024-09-14 10:00:00",2625,12.88,411,1,0.061,0.92,2.05,0.077,0.169,0.14,0.177,109.8,79.03
"2024-09-14 10:30:00",2626,12.88,411,1,0.081,1.32,2.55,0.108,0.21,0.167,0.221,109.8,79.54
"2024-09-14 11:00:00",2627,12.89,411,1,0.111,2.13,3.07,0.176,0.253,0.253,0.261,107.6,80.9
"2024-09-14 11:30:00",2628,12.89,411,1,0.12,2.27,3.36,0.187,0.278,0.257,0.288,109.8,79.37
"2024-09-14 12:00:00",2629,12.89,411,1,0.126,2.4,3.5,0.197,0.29,0.265,0.295,109.8,80.3
"2024-09-14 12:30:00",2630,12.89,411,1,0.134,2.63,3.63,0.217,0.299,0.289,0.305,109.8,80.8
"2024-09-14 13:00:00",2631,12.89,411,1,0.124,2.35,3.49,0.194,0.289,0.269,0.297,109.8,80.3
"2024-09-14 13:30:00",2632,12.89,411,1,0.135,2.62,3.68,0.216,0.305,0.284,0.314,109.7,81.7
"2024-09-14 14:00:00",2633,12.89,411,1,0.133,2.54,3.7,0.21,0.306,0.281,0.318,109.8,82.6
"2024-09-14 14:30:00",2634,12.89,411,1,0.115,1.96,3.52,0.163,0.291,0.217,0.303,109.5,82.3
"2024-09-14 15:00:00",2635,12.89,411,1,0.13,2.52,3.54,0.208,0.293,0.267,0.298,101.1,81
"2024-09-14 15:30:00",2636,12.89,411,1,0.116,2.05,3.47,0.169,0.287,0.238,0.29,108.5,79.27
"2024-09-14 16:00:00",2637,12.88,411,1,0.125,2.54,3.26,0.21,0.27,0.321,0.293,109.8,88.4
"2024-09-14 16:30:00",2638,12.88,411,1,0.117,2.51,2.91,0.208,0.241,0.23,0.248,75.01,80.9
"2024-09-14 17:00:00",2639,12.88,411,1,0.095,1.77,2.72,0.146,0.224,0.204,0.214,95.3,72.12
"2024-09-14 17:30:00",2640,12.88,411,1,0.07,1.04,2.37,0.086,0.195,0.146,0.193,102.5,75.78
"2024-09-14 18:00:00",2641,12.88,411,1,0.049,0.6,1.84,0.05,0.151,0.107,0.15,102.1,74.63
"2024-09-14 18:30:00",2642,12.87,411,1,0.024,0.06,1.25,0.005,0.103,0.049,0.102,103.5,72.28
"2024-09-14 19:00:00",2643,12.86,411,1,0,-0.56,0.76,-0.049,0.063,0,0.062,102.3,72.09
"2024-09-14 19:30:00",2644,12.86,411,1,-0.008,-0.69,0.49,-0.059,0.04,-0.009,0.044,104.4,72.95
"2024-09-14 20:00:00",2645,12.85,411,1,-0.005,-0.52,0.41,-0.045,0.033,0,0.033,103.5,72.57
"2024-09-14 20:30:00",2646,12.85,411,1,-0.021,-0.97,0.18,-0.082,0.015,-0.043,0.015,105.6,70.55
"2024-09-14 21:00:00",2647,12.84,411,1,-0.025,-1.08,0.13,-0.092,0.011,-0.047,0.011,105.7,73.71
"2024-09-14 21:30:00",2648,12.84,411,1,-0.028,-1.15,0.04,-0.097,0.004,-0.06,0.004,105.3,70.8
"2024-09-14 22:00:00",2649,12.83,411,1,-0.029,-1.18,0.04,-0.099,0.004,-0.058,0.004,108.1,72.06
"2024-09-14 22:30:00",2650,12.83,411,1,-0.034,-1.35,-0.02,-0.113,-0.004,-0.075,-0.004,102.7,72.19
"2024-09-14 23:00:00",2651,12.83,411,1,-0.032,-1.25,-0.02,-0.105,-0.004,-0.071,-0.004,106.9,72.13
"2024-09-14 23:30:00",2652,12.82,411,1,-0.033,-1.26,-0.06,-0.107,-0.007,-0.069,-0.004,106.8,72.31
"2024-09-15 00:00:00",2653,12.82,411,1,-0.034,-1.35,-0.02,-0.114,-0.004,-0.071,-0.004,107.7,72.69
"2024-09-15 00:30:00",2654,12.82,411,1,-0.033,-1.25,-0.06,-0.106,-0.007,-0.069,-0.007,104,72
"2024-09-15 01:00:00",2655,12.81,411,1,-0.033,-1.22,-0.1,-0.103,-0.011,-0.058,-0.011,106.9,71.69
"2024-09-15 01:30:00",2656,12.81,411,1,-0.035,-1.32,-0.1,-0.111,-0.011,-0.073,-0.011,109.3,73.83
"2024-09-15 02:00:00",2657,12.81,411,1,-0.035,-1.33,-0.1,-0.112,-0.011,-0.069,-0.014,107.7,72.7
"2024-09-15 02:30:00",2658,12.81,411,1,-0.037,-1.36,-0.16,-0.115,-0.015,-0.08,-0.015,107.3,72.5
"2024-09-15 03:00:00",2659,12.81,411,1,-0.038,-1.4,-0.16,-0.118,-0.015,-0.074,-0.014,107.9,70.93
"2024-09-15 03:30:00",2660,12.81,411,1,-0.038,-1.39,-0.16,-0.117,-0.015,-0.078,-0.014,109,72.25
"2024-09-15 04:00:00",2661,12.81,411,1,-0.034,-1.29,-0.1,-0.108,-0.011,-0.07,-0.011,106.4,71.43
"2024-09-15 04:30:00",2662,12.8,411,1,-0.035,-1.28,-0.16,-0.108,-0.015,-0.074,-0.015,107.8,72.06
"2024-09-15 05:00:00",2663,12.8,411,1,-0.036,-1.35,-0.1,-0.113,-0.011,-0.071,-0.015,105.3,71.8
"2024-09-15 05:30:00",2664,12.8,411,1,-0.038,-1.4,-0.16,-0.118,-0.015,-0.074,-0.015,108.5,73.5
"2024-09-15 06:00:00",2665,12.8,411,1,-0.035,-1.33,-0.1,-0.112,-0.011,-0.074,-0.011,108.4,73.95
"2024-09-15 06:30:00",2666,12.79,411,1,-0.036,-1.33,-0.16,-0.113,-0.015,-0.07,-0.011,108.5,70.48
"2024-09-15 07:00:00",2667,12.79,411,1,-0.036,-1.28,-0.2,-0.108,-0.018,-0.07,-0.018,107.1,73.38
"2024-09-15 07:30:00",2668,12.79,411,1,-0.037,-1.33,-0.2,-0.112,-0.018,-0.077,-0.014,108.6,71.62
"2024-09-15 08:00:00",2669,12.79,411,1,-0.04,-1.45,-0.2,-0.121,-0.018,-0.082,-0.018,108.4,72.63
"2024-09-15 08:30:00",2670,12.79,411,1,-0.027,-1.07,0,-0.09,0,-0.051,-0.004,109.7,75.98
"2024-09-15 09:00:00",2671,12.79,411,1,-0.017,-0.94,0.34,-0.08,0.028,-0.034,0.031,109.4,73.91
"2024-09-15 09:30:00",2672,12.79,411,1,0.001,-0.45,0.71,-0.039,0.059,0.004,0.062,109.9,75.62
"2024-09-15 10:00:00",2673,12.79,411,1,0.037,0.36,1.5,0.03,0.124,0.089,0.133,109.8,79.6
"2024-09-15 10:30:00",2674,12.79,411,1,0.061,0.85,2.14,0.07,0.177,0.124,0.192,109.5,82.3
"2024-09-15 11:00:00",2675,12.8,411,1,0.096,1.68,2.89,0.139,0.238,0.201,0.246,109.9,80.2
"2024-09-15 11:30:00",2676,12.8,411,1,0.119,2.31,3.24,0.19,0.268,0.258,0.275,107.1,81.2
"2024-09-15 12:00:00",2677,12.8,411,1,0.118,2.12,3.49,0.175,0.288,0.239,0.296,109.8,80.8
"2024-09-15 12:30:00",2678,12.8,411,1,0.124,2.38,3.45,0.196,0.285,0.273,0.294,109.5,81.5
"2024-09-15 13:00:00",2679,12.8,411,1,0.123,2.41,3.32,0.199,0.274,0.278,0.284,108.5,80.3
"2024-09-15 13:30:00",2680,12.8,411,1,0.106,1.84,3.22,0.152,0.266,0.222,0.283,108.8,82.3
"2024-09-15 14:00:00",2681,12.8,411,1,0.122,2.33,3.4,0.192,0.282,0.257,0.288,109.4,80.2
"2024-09-15 14:30:00",2682,12.8,411,1,0.131,2.62,3.47,0.216,0.287,0.288,0.299,109.8,83.1
"2024-09-15 15:00:00",2683,12.8,411,1,0.1,1.57,3.22,0.129,0.266,0.177,0.276,95.1,79.47
"2024-09-15 15:30:00",2684,12.8,411,1,0.112,2.09,3.18,0.173,0.262,0.243,0.26,104.4,76.41
"2024-09-15 16:00:00",2685,12.8,411,1,0.092,1.32,3.14,0.109,0.259,0.179,0.269,109.4,81.7
"2024-09-15 16:30:00",2686,12.8,411,1,0.157,4.05,2.98,0.334,0.247,0.349,0.276,78.87,89.8
"2024-09-15 17:00:00",2687,12.79,411,1,0.085,1.4,2.68,0.116,0.22,0.162,0.21,81.8,71.99
"2024-09-15 17:30:00",2688,12.79,411,1,0.076,1.26,2.35,0.105,0.195,0.161,0.193,96,73.88
"2024-09-15 18:00:00",2689,12.79,411,1,0.04,0.29,1.75,0.025,0.145,0.1,0.147,103.3,71.35
"2024-09-15 18:30:00",2690,12.78,411,1,0.033,0.25,1.46,0.021,0.12,0.08,0.119,101.9,71.21
"2024-09-15 19:00:00",2691,12.78,411,1,0.019,0,1.05,0,0.086,0.043,0.086,100.3,72.39
"2024-09-15 19:30:00",2692,12.77,411,1,-0.003,-0.61,0.64,-0.052,0.053,-0.009,0.053,100.8,71.12
"2024-09-15 20:00:00",2693,12.77,411,1,-0.008,-0.68,0.45,-0.058,0.037,-0.017,0.037,106.8,73.33
"2024-09-15 20:30:00",2694,12.76,411,1,-0.024,-1.19,0.28,-0.101,0.023,-0.063,0.023,102,69.79
"2024-09-15 21:00:00",2695,12.75,411,1,-0.021,-1,0.22,-0.085,0.019,-0.04,0.019,103,72
"2024-09-15 21:30:00",2696,12.75,411,1,-0.023,-1.07,0.18,-0.091,0.015,-0.04,0.015,105.2,71.23
"2024-09-15 22:00:00",2697,12.74,411,1,-0.022,-1,0.14,-0.084,0.011,-0.052,0.011,106.8,70.29
"2024-09-15 22:30:00",2698,12.74,411,1,-0.025,-1.04,0.04,-0.087,0.004,-0.043,0.007,107.2,72.75
"2024-09-15 23:00:00",2699,12.74,411,1,-0.029,-1.21,0.04,-0.101,0.004,-0.056,0.007,103.6,72.17
"2024-09-15 23:30:00",2700,12.73,411,1,-0.029,-1.15,0,-0.098,0,-0.052,0,106.4,71.92
"2024-09-16 00:00:00",2701,12.73,411,1,-0.029,-1.15,-0.02,-0.097,-0.004,-0.056,-0.004,105.5,71.98
"2024-09-16 00:30:00",2702,12.73,411,1,-0.03,-1.19,-0.02,-0.101,-0.004,-0.063,0,106.5,71.79
"2024-09-16 01:00:00",2703,12.72,411,1,-0.031,-1.19,-0.06,-0.1,-0.007,-0.055,-0.007,109.7,70.72
"2024-09-16 01:30:00",2704,12.72,411,1,-0.031,-1.19,-0.06,-0.1,-0.007,-0.063,-0.007,109.5,72.24
"2024-09-16 02:00:00",2705,12.72,411,1,-0.035,-1.31,-0.12,-0.11,-0.011,-0.067,-0.011,106.8,71.54
"2024-09-16 02:30:00",2706,12.71,411,1,-0.032,-1.22,-0.06,-0.103,-0.007,-0.062,-0.007,108.5,72.99
"2024-09-16 03:00:00",2707,12.71,411,1,-0.034,-1.31,-0.06,-0.11,-0.007,-0.068,-0.007,108,72.05
"2024-09-16 03:30:00",2708,12.71,411,1,-0.034,-1.28,-0.12,-0.107,-0.011,-0.069,-0.007,108.6,72.61
"2024-09-16 04:00:00",2709,12.71,411,1,-0.034,-1.25,-0.12,-0.105,-0.011,-0.063,-0.011,107.8,72.54
"2024-09-16 04:30:00",2710,12.71,411,1,-0.035,-1.29,-0.12,-0.109,-0.011,-0.071,-0.011,107.1,72.66
"2024-09-16 05:00:00",2711,12.7,411,1,-0.034,-1.25,-0.16,-0.105,-0.015,-0.067,-0.015,106.8,72.61
"2024-09-16 05:30:00",2712,12.7,411,1,-0.038,-1.36,-0.2,-0.114,-0.019,-0.071,-0.018,109.1,72.3
"2024-09-16 06:00:00",2713,12.7,411,1,-0.038,-1.35,-0.2,-0.113,-0.019,-0.07,-0.018,106.7,71.47
"2024-09-16 06:30:00",2714,12.7,411,1,-0.035,-1.24,-0.2,-0.104,-0.018,-0.066,-0.018,106.7,71.92
"2024-09-16 07:00:00",2715,12.7,411,1,-0.037,-1.35,-0.16,-0.113,-0.015,-0.078,-0.015,109.9,73.94
"2024-09-16 07:30:00",2716,12.69,411,1,-0.038,-1.38,-0.16,-0.116,-0.015,-0.073,-0.011,109.7,72.68
"2024-09-16 08:00:00",2717,12.7,411,1,-0.026,-1.12,0.08,-0.095,0.007,-0.047,0.004,109.8,74.01
"2024-09-16 08:30:00",2718,12.7,411,1,-0.017,-0.89,0.27,-0.076,0.022,-0.031,0.025,109.8,74.33
"2024-09-16 09:00:00",2719,12.7,411,1,-0.001,-0.55,0.69,-0.048,0.057,0,0.063,110,77.24
"2024-09-16 09:30:00",2720,12.7,411,1,0.029,0.21,1.26,0.018,0.105,0.068,0.11,109.6,78.89
"2024-09-16 10:00:00",2721,12.7,411,1,0.039,0.36,1.6,0.03,0.132,0.085,0.144,109.8,78.83
"2024-09-16 10:30:00",2722,12.7,411,1,0.054,0.7,1.96,0.058,0.162,0.121,0.174,109.8,81.3
"2024-09-16 11:00:00",2723,12.71,411,1,0.097,1.71,2.91,0.141,0.24,0.209,0.253,109.8,83.6
"2024-09-16 11:30:00",2724,12.71,411,1,0.109,2.13,2.97,0.176,0.246,0.242,0.256,109.8,81.1
"2024-09-16 12:00:00",2725,12.71,411,1,0.089,1.51,2.73,0.125,0.226,0.19,0.237,109.8,83.8
"2024-09-16 12:30:00",2726,12.72,411,1,0.076,1.29,2.34,0.107,0.193,0.164,0.198,106.5,77.78
"2024-09-16 13:00:00",2727,12.71,411,1,0.059,0.88,1.99,0.073,0.164,0.136,0.176,109.8,80.6
"2024-09-16 13:30:00",2728,12.71,411,1,0.075,1.23,2.35,0.102,0.194,0.169,0.199,105,78.54
"2024-09-16 14:00:00",2729,12.71,411,1,0.047,0.56,1.78,0.046,0.147,0.106,0.157,108.3,76.07
"2024-09-16 14:30:00",2730,12.71,411,1,0.057,0.78,2,0.065,0.165,0.124,0.177,109.8,78.3
"2024-09-16 15:00:00",2731,12.71,411,1,0.057,0.71,2.09,0.059,0.173,0.112,0.178,109.8,79.82
"2024-09-16 15:30:00",2732,12.71,411,1,0.062,0.87,2.14,0.072,0.178,0.138,0.183,107.4,77.91
"2024-09-16 16:00:00",2733,12.7,411,1,0.055,0.78,1.91,0.065,0.157,0.124,0.163,107.8,77.79
"2024-09-16 16:30:00",2734,12.7,411,1,0.049,0.6,1.85,0.049,0.152,0.101,0.155,104,76.07
"2024-09-16 17:00:00",2735,12.7,411,1,0.03,0.17,1.41,0.014,0.116,0.067,0.119,108.8,76.33
"2024-09-16 17:30:00",2736,12.7,411,1,0.021,-0.03,1.19,-0.005,0.098,0.045,0.101,106.7,74.69
"2024-09-16 18:00:00",2737,12.69,411,1,0.005,-0.38,0.84,-0.034,0.07,0.017,0.077,109.8,75.49
"2024-09-16 18:30:00",2738,12.69,411,1,-0.006,-0.68,0.57,-0.058,0.048,-0.004,0.048,108.3,72.79
"2024-09-16 19:00:00",2739,12.69,411,1,-0.016,-0.91,0.35,-0.077,0.029,-0.034,0.029,107.9,72.15
"2024-09-16 19:30:00",2740,12.68,411,1,-0.016,-0.8,0.18,-0.069,0.015,-0.03,0.015,108.4,72.09
"2024-09-16 20:00:00",2741,12.68,411,1,-0.025,-1.07,0.08,-0.091,0.007,-0.046,0.007,108,74.04
"2024-09-16 20:30:00",2742,12.67,411,1,-0.028,-1.14,0.04,-0.096,0.004,-0.043,0.004,106.2,72.72
"2024-09-16 21:00:00",2743,12.67,411,1,-0.031,-1.18,-0.06,-0.1,-0.007,-0.059,-0.007,104.7,71.75
"2024-09-16 21:30:00",2744,12.67,411,1,-0.033,-1.21,-0.12,-0.102,-0.011,-0.061,-0.011,101.9,71.69
"2024-09-16 22:00:00",2745,12.67,411,1,-0.035,-1.31,-0.12,-0.11,-0.011,-0.075,-0.011,109.7,72.88
"2024-09-16 22:30:00",2746,12.66,411,1,-0.035,-1.31,-0.12,-0.11,-0.011,-0.075,-0.011,108.4,73.9
"2024-09-16 23:00:00",2747,12.66,411,1,-0.036,-1.31,-0.16,-0.11,-0.015,-0.075,-0.015,107.8,71.31
"2024-09-16 23:30:00",2748,12.66,411,1,-0.038,-1.35,-0.2,-0.114,-0.019,-0.079,-0.015,108.6,73.13
"2024-09-17 00:00:00",2749,12.66,411,1,-0.037,-1.35,-0.16,-0.113,-0.015,-0.074,-0.015,108.3,72.07
"2024-09-17 00:30:00",2750,12.65,411,1,-0.035,-1.25,-0.2,-0.105,-0.018,-0.068,-0.015,107.3,71.57
"2024-09-17 01:00:00",2751,12.65,411,1,-0.037,-1.35,-0.16,-0.114,-0.015,-0.075,-0.015,109.5,74.78
"2024-09-17 01:30:00",2752,12.65,411,1,-0.041,-1.47,-0.2,-0.123,-0.019,-0.083,-0.018,109,72.75
"2024-09-17 02:00:00",2753,12.65,411,1,-0.041,-1.47,-0.2,-0.123,-0.018,-0.087,-0.018,108.4,73.18
"2024-09-17 02:30:00",2754,12.65,411,1,-0.038,-1.36,-0.2,-0.114,-0.018,-0.079,-0.018,106.9,74.14
"2024-09-17 03:00:00",2755,12.65,411,1,-0.039,-1.42,-0.2,-0.119,-0.019,-0.079,-0.018,106.4,72.18
"2024-09-17 03:30:00",2756,12.64,411,1,-0.04,-1.42,-0.24,-0.119,-0.022,-0.075,-0.022,108.2,75.71
"2024-09-17 04:00:00",2757,12.64,411,1,-0.038,-1.35,-0.24,-0.113,-0.022,-0.074,-0.022,108.4,72.94
"2024-09-17 04:30:00",2758,12.64,411,1,-0.038,-1.38,-0.2,-0.115,-0.019,-0.072,-0.018,109.3,72.5
"2024-09-17 05:00:00",2759,12.64,411,1,-0.038,-1.36,-0.2,-0.114,-0.019,-0.079,-0.018,109.7,74.4
"2024-09-17 05:30:00",2760,12.64,411,1,-0.038,-1.38,-0.2,-0.115,-0.019,-0.084,-0.018,109.9,73.59
"2024-09-17 06:00:00",2761,12.63,411,1,-0.037,-1.32,-0.2,-0.111,-0.019,-0.072,-0.015,109.7,72.7
"2024-09-17 06:30:00",2762,12.63,411,1,-0.035,-1.28,-0.16,-0.108,-0.015,-0.069,-0.015,105.5,73.77
"2024-09-17 07:00:00",2763,12.63,411,1,-0.037,-1.32,-0.2,-0.111,-0.019,-0.08,-0.018,109.4,74.16
"2024-09-17 07:30:00",2764,12.63,411,1,-0.036,-1.29,-0.2,-0.109,-0.019,-0.071,-0.011,109.6,75.34
"2024-09-17 08:00:00",2765,12.63,411,1,-0.032,-1.22,-0.06,-0.103,-0.007,-0.057,-0.007,109,75.04
"2024-09-17 08:30:00",2766,12.63,411,1,-0.025,-1.05,0.04,-0.089,0.004,-0.049,0.004,109.2,75.68
"2024-09-17 09:00:00",2767,12.62,411,1,-0.012,-0.73,0.35,-0.062,0.029,-0.015,0.032,109.8,74.99
"2024-09-17 09:30:00",2768,12.63,411,1,0.008,-0.33,0.91,-0.029,0.076,0.021,0.079,109.6,77.39
"2024-09-17 10:00:00",2769,12.62,411,1,0.025,0,1.34,0,0.111,0.059,0.113,109.3,78.28
"2024-09-17 10:30:00",2770,12.63,411,1,0.037,0.34,1.53,0.028,0.126,0.09,0.133,109.7,78.92
"2024-09-17 11:00:00",2771,12.62,411,1,0.033,0.28,1.41,0.024,0.116,0.083,0.119,108.8,76.08
"2024-09-17 11:30:00",2772,12.62,411,1,0.041,0.43,1.61,0.036,0.133,0.095,0.135,109,79.3
"2024-09-17 12:00:00",2773,12.62,411,1,0.04,0.46,1.54,0.038,0.127,0.092,0.13,108.7,79.49
"2024-09-17 12:30:00",2774,12.62,411,1,0.043,0.5,1.65,0.041,0.137,0.096,0.143,108.9,78.68
"2024-09-17 13:00:00",2775,12.62,411,1,0.048,0.59,1.77,0.049,0.146,0.115,0.148,108.8,77.28
"2024-09-17 13:30:00",2776,12.62,411,1,0.035,0.29,1.47,0.024,0.121,0.08,0.124,109.3,77.09
"2024-09-17 14:00:00",2777,12.62,411,1,0.027,0.11,1.33,0.009,0.11,0.062,0.12,108.8,78.35
"2024-09-17 14:30:00",2778,12.61,411,1,0.022,0,1.19,0,0.099,0.055,0.102,106,77.78
"2024-09-17 15:00:00",2779,12.61,411,1,-0.007,-0.7,0.55,-0.06,0.045,-0.018,0.045,108,72.98
"2024-09-17 15:30:00",2780,12.61,411,1,-0.009,-0.72,0.49,-0.061,0.041,-0.008,0.04,108.3,74.56
"2024-09-17 16:00:00",2781,12.61,411,1,-0.01,-0.62,0.27,-0.053,0.022,-0.017,0.029,107.2,74.43
"2024-09-17 16:30:00",2782,12.6,411,1,-0.008,-0.7,0.5,-0.06,0.041,-0.013,0.045,109.7,75.69
"2024-09-17 17:00:00",2783,12.6,411,1,-0.008,-0.63,0.41,-0.054,0.034,-0.013,0.041,108.7,74.42
"2024-09-17 17:30:00",2784,12.6,411,1,-0.023,-1.04,0.14,-0.088,0.011,-0.056,0.011,104.6,74.11
"2024-09-17 18:00:00",2785,12.59,411,1,-0.027,-1.11,0.04,-0.093,0.004,-0.052,0.004,110,72.21
"2024-09-17 18:30:00",2786,12.59,411,1,-0.028,-1.11,-0.02,-0.093,-0.004,-0.056,-0.004,109.6,73.53
"2024-09-17 19:00:00",2787,12.59,411,1,-0.03,-1.17,-0.02,-0.099,-0.004,-0.057,-0.004,107.4,72.9
"2024-09-17 19:30:00",2788,12.59,411,1,-0.032,-1.28,-0.02,-0.107,-0.004,-0.065,-0.008,107,71.25
"2024-09-17 20:00:00",2789,12.58,411,1,-0.032,-1.22,-0.07,-0.103,-0.008,-0.056,-0.007,107.5,72.26
"2024-09-17 20:30:00",2790,12.58,411,1,-0.035,-1.32,-0.12,-0.111,-0.011,-0.072,-0.011,108.5,72.96
"2024-09-17 21:00:00",2791,12.58,411,1,-0.035,-1.26,-0.16,-0.107,-0.015,-0.073,-0.015,101.2,71.94
"2024-09-17 21:30:00",2792,12.57,411,1,-0.036,-1.33,-0.16,-0.112,-0.015,-0.077,-0.015,108.2,72.64
"2024-09-17 22:00:00",2793,12.57,411,1,-0.036,-1.32,-0.16,-0.112,-0.015,-0.072,-0.015,109,74.03
"2024-09-17 22:30:00",2794,12.57,411,1,-0.037,-1.33,-0.2,-0.113,-0.019,-0.069,-0.019,107,73.46
"2024-09-17 23:00:00",2795,12.57,411,1,-0.033,-1.18,-0.16,-0.099,-0.015,-0.061,-0.015,109,74.22
"2024-09-17 23:30:00",2796,12.57,411,1,-0.037,-1.32,-0.2,-0.112,-0.019,-0.077,-0.019,107.6,72.33
"2024-09-18 00:00:00",2797,12.57,411,1,-0.037,-1.33,-0.2,-0.112,-0.019,-0.073,-0.019,108.4,72.64
"2024-09-18 00:30:00",2798,12.56,411,1,-0.036,-1.28,-0.2,-0.108,-0.019,-0.073,-0.019,108.4,73.14
"2024-09-18 01:00:00",2799,12.56,411,1,-0.039,-1.39,-0.2,-0.117,-0.019,-0.086,-0.019,109.6,74.6
"2024-09-18 01:30:00",2800,12.56,411,1,-0.038,-1.38,-0.2,-0.116,-0.019,-0.072,-0.015,107.4,70.88
"2024-09-18 02:00:00",2801,12.56,411,1,-0.031,-1.1,-0.2,-0.093,-0.019,-0.056,-0.015,107.8,75.05
"2024-09-18 02:30:00",2802,12.56,411,1,-0.035,-1.24,-0.2,-0.104,-0.019,-0.069,-0.019,107.9,71.33
"2024-09-18 03:00:00",2803,12.55,411,1,-0.035,-1.26,-0.16,-0.106,-0.015,-0.075,-0.015,103.9,70.95
"2024-09-18 03:30:00",2804,12.55,411,1,-0.036,-1.32,-0.16,-0.111,-0.015,-0.077,-0.015,109.5,73.22
"2024-09-18 04:00:00",2805,12.55,411,1,-0.033,-1.17,-0.2,-0.099,-0.019,-0.065,-0.019,107.5,73.03
"2024-09-18 04:30:00",2806,12.55,411,1,-0.036,-1.28,-0.2,-0.107,-0.019,-0.073,-0.019,109.9,73.16
"2024-09-18 05:00:00",2807,12.55,411,1,-0.036,-1.33,-0.16,-0.112,-0.015,-0.073,-0.015,109.3,73.79
"2024-09-18 05:30:00",2808,12.54,411,1,-0.038,-1.32,-0.26,-0.112,-0.023,-0.073,-0.022,107.4,74.11
"2024-09-18 06:00:00",2809,12.54,411,1,-0.037,-1.32,-0.2,-0.111,-0.019,-0.064,-0.019,108.4,72.9
"2024-09-18 06:30:00",2810,12.54,411,1,-0.039,-1.4,-0.2,-0.118,-0.019,-0.082,-0.019,107.5,71.45
"2024-09-18 07:00:00",2811,12.54,411,1,-0.036,-1.26,-0.2,-0.107,-0.019,-0.073,-0.019,106.1,71.83
"2024-09-18 07:30:00",2812,12.54,411,1,-0.037,-1.31,-0.2,-0.11,-0.019,-0.071,-0.019,108.9,73.91
"2024-09-18 08:00:00",2813,12.53,411,1,-0.038,-1.35,-0.2,-0.114,-0.019,-0.074,-0.019,109.9,74.16
"2024-09-18 08:30:00",2814,12.53,411,1,-0.032,-1.15,-0.16,-0.097,-0.015,-0.056,-0.011,109.6,73.85
"2024-09-18 09:00:00",2815,12.53,411,1,-0.026,-1.04,-0.02,-0.088,-0.004,-0.052,-0.004,109.4,75.93
"2024-09-18 09:30:00",2816,12.53,411,1,-0.015,-0.76,0.18,-0.065,0.015,-0.024,0.015,109.4,74.17
"2024-09-18 10:00:00",2817,12.53,411,1,0,-0.52,0.69,-0.045,0.056,0.009,0.052,109.7,72.4
"2024-09-18 10:30:00",2818,12.53,411,1,0.033,0.29,1.39,0.024,0.115,0.077,0.117,109.7,76.45
"2024-09-18 11:00:00",2819,12.53,411,1,0.02,0,1.11,0,0.092,0.046,0.095,109.2,76.75
"2024-09-18 11:30:00",2820,12.53,411,1,-0.014,-0.84,0.36,-0.072,0.03,-0.03,0.033,109.5,74.73
"2024-09-18 12:00:00",2821,12.53,411,1,-0.017,-0.83,0.18,-0.07,0.015,-0.027,0.019,106.7,74.48
"2024-09-18 12:30:00",2822,12.53,411,1,-0.028,-1.1,-0.02,-0.093,-0.004,-0.056,0,107.1,74.35
"2024-09-18 13:00:00",2823,12.52,411,1,-0.031,-1.19,-0.07,-0.1,-0.008,-0.058,-0.007,109.4,73.6
"2024-09-18 13:30:00",2824,12.52,411,1,-0.026,-1.03,-0.02,-0.087,-0.004,-0.051,0,110,75.19
"2024-09-18 14:00:00",2825,12.52,411,1,-0.021,-0.98,0.18,-0.083,0.015,-0.039,0.018,106.3,74.55
"2024-09-18 14:30:00",2826,12.52,411,1,-0.024,-1,0.04,-0.085,0.004,-0.033,0.007,108.6,74.05
"2024-09-18 15:00:00",2827,12.52,411,1,-0.005,-0.8,0.8,-0.068,0.065,-0.031,0.069,101.8,74.81
"2024-09-18 15:30:00",2828,12.52,411,1,0.035,0.32,1.46,0.027,0.12,0.079,0.126,109.7,76.46
"2024-09-18 16:00:00",2829,12.52,411,1,0.041,0,2.23,0,0.184,0.014,0.202,110,85.3
"2024-09-18 16:30:00",2830,12.52,411,1,0.089,1.46,2.8,0.12,0.232,0.185,0.251,109.8,89.1
"2024-09-18 17:00:00",2831,12.52,411,1,0.089,1.26,3.08,0.104,0.255,0.16,0.252,94.1,76.21
"2024-09-18 17:30:00",2832,12.51,411,1,0.096,1.79,2.72,0.148,0.225,0.204,0.222,97.3,76.7
"2024-09-18 18:00:00",2833,12.51,411,1,0.055,0.73,1.95,0.061,0.161,0.121,0.16,108,77.76
"2024-09-18 18:30:00",2834,12.51,411,1,0.017,-0.1,1.08,-0.01,0.089,0.041,0.092,103.3,74.35
"2024-09-18 19:00:00",2835,12.5,411,1,-0.004,-0.58,0.56,-0.05,0.046,-0.009,0.046,108.5,73.21
"2024-09-18 19:30:00",2836,12.5,411,1,-0.016,-0.9,0.32,-0.076,0.027,-0.031,0.027,105.9,71.44
"2024-09-18 20:00:00",2837,12.5,411,1,-0.027,-1.14,0.1,-0.096,0.008,-0.05,0.012,102.2,71.94
"2024-09-18 20:30:00",2838,12.49,411,1,-0.023,-1,0.1,-0.084,0.008,-0.043,0.008,109.1,74.08
"2024-09-18 21:00:00",2839,12.49,411,1,-0.028,-1.11,0,-0.093,0,-0.048,0,109.3,74.09
"2024-09-18 21:30:00",2840,12.48,411,1,-0.032,-1.24,-0.07,-0.104,-0.008,-0.069,-0.008,108,71.51
"2024-09-18 22:00:00",2841,12.48,411,1,-0.034,-1.29,-0.07,-0.109,-0.008,-0.069,-0.008,108.8,72.51
"2024-09-18 22:30:00",2842,12.48,411,1,-0.033,-1.21,-0.12,-0.102,-0.012,-0.063,-0.012,108,71.7
"2024-09-18 23:00:00",2843,12.48,411,1,-0.032,-1.18,-0.12,-0.099,-0.012,-0.065,-0.011,109.4,72.64
"2024-09-18 23:30:00",2844,12.47,411,1,-0.034,-1.28,-0.12,-0.107,-0.012,-0.065,-0.012,108,72.44
"2024-09-19 00:00:00",2845,12.47,411,1,-0.034,-1.25,-0.16,-0.105,-0.015,-0.071,-0.011,108,72.45
"2024-09-19 00:30:00",2846,12.47,411,1,-0.035,-1.29,-0.16,-0.108,-0.015,-0.069,-0.015,106.7,73.21
"2024-09-19 01:00:00",2847,12.47,411,1,-0.036,-1.29,-0.21,-0.108,-0.019,-0.073,-0.019,109.1,72.32
"2024-09-19 01:30:00",2848,12.47,411,1,-0.036,-1.31,-0.16,-0.11,-0.015,-0.074,-0.011,107.5,73.96
"2024-09-19 02:00:00",2849,12.47,411,1,-0.036,-1.29,-0.21,-0.108,-0.019,-0.069,-0.019,108,73.51
"2024-09-19 02:30:00",2850,12.46,411,1,-0.035,-1.29,-0.16,-0.109,-0.015,-0.065,-0.015,108.6,72.32
"2024-09-19 03:00:00",2851,12.46,411,1,-0.032,-1.17,-0.16,-0.099,-0.015,-0.069,-0.015,109.6,72.07
"2024-09-19 03:30:00",2852,12.46,411,1,-0.038,-1.4,-0.16,-0.118,-0.015,-0.077,-0.015,110,73.21
"2024-09-19 04:00:00",2853,12.46,411,1,-0.034,-1.25,-0.16,-0.105,-0.015,-0.07,-0.015,107.5,71.45
"2024-09-19 04:30:00",2854,12.46,411,1,-0.034,-1.25,-0.16,-0.105,-0.015,-0.066,-0.015,108.7,74.71
"2024-09-19 05:00:00",2855,12.45,411,1,-0.036,-1.31,-0.16,-0.11,-0.015,-0.07,-0.015,108.3,70.8
"2024-09-19 05:30:00",2856,12.45,411,1,-0.035,-1.25,-0.21,-0.105,-0.019,-0.066,-0.015,107.3,73.01
"2024-09-19 06:00:00",2857,12.45,411,1,-0.035,-1.26,-0.16,-0.106,-0.016,-0.071,-0.015,105.9,73.13
"2024-09-19 06:30:00",2858,12.45,411,1,-0.033,-1.19,-0.16,-0.101,-0.016,-0.058,-0.015,109.2,71.17
"2024-09-19 07:00:00",2859,12.44,411,1,-0.036,-1.31,-0.16,-0.11,-0.016,-0.066,-0.015,109.7,71.18
"2024-09-19 07:30:00",2860,12.44,411,1,-0.031,-1.17,-0.12,-0.099,-0.012,-0.061,-0.012,109.6,72.63
"2024-09-19 08:00:00",2861,12.44,411,1,-0.019,-0.87,0.14,-0.074,0.011,-0.034,0.015,109.1,73.64
"2024-09-19 08:30:00",2862,12.44,411,1,-0.003,-0.51,0.5,-0.043,0.042,0.004,0.045,109.2,76.74
"2024-09-19 09:00:00",2863,12.44,411,1,0.026,0.17,1.19,0.014,0.098,0.063,0.104,109.2,77.17
"2024-09-19 09:30:00",2864,12.44,411,1,0.029,0.17,1.32,0.014,0.109,0.078,0.115,109.5,76.99
"2024-09-19 10:00:00",2865,12.43,411,1,0.058,0.81,2.05,0.067,0.169,0.13,0.174,109.5,77.56
"2024-09-19 10:30:00",2866,12.43,411,1,0.094,1.63,2.87,0.134,0.238,0.206,0.249,109.6,81.4
"2024-09-19 11:00:00",2867,12.44,411,1,0.133,2.75,3.42,0.226,0.282,0.304,0.293,106.9,79.23
"2024-09-19 11:30:00",2868,12.44,411,1,0.138,2.68,3.78,0.221,0.312,0.291,0.318,109.2,80.5
"2024-09-19 12:00:00",2869,12.44,411,1,0.145,2.83,3.92,0.234,0.324,0.3,0.33,109.7,82.2
"2024-09-19 12:30:00",2870,12.44,411,1,0.14,2.68,3.91,0.221,0.323,0.293,0.329,108.4,80.2
"2024-09-19 13:00:00",2871,12.44,411,1,0.147,3,3.85,0.248,0.319,0.322,0.329,105.1,81.9
"2024-09-19 13:30:00",2872,12.44,411,1,0.158,3.36,3.92,0.277,0.324,0.342,0.334,110,81
"2024-09-19 14:00:00",2873,12.44,411,1,0.139,2.82,3.66,0.232,0.302,0.304,0.317,109.9,84.2
"2024-09-19 14:30:00",2874,12.44,411,1,0.129,2.44,3.63,0.201,0.3,0.251,0.319,109.9,85.5
"2024-09-19 15:00:00",2875,12.44,411,1,0.187,4.72,3.67,0.39,0.303,0.473,0.326,109.8,88.9
"2024-09-19 15:30:00",2876,12.44,411,1,0.129,2.48,3.57,0.205,0.295,0.274,0.295,99.7,76.55
"2024-09-19 16:00:00",2877,12.44,411,1,0.091,1.34,3.08,0.111,0.255,0.159,0.281,109.8,86.2
"2024-09-19 16:30:00",2878,12.43,411,1,0.205,5.58,3.47,0.461,0.287,0.509,0.319,85.3,92.6
"2024-09-19 17:00:00",2879,12.43,411,1,0.048,0.08,2.48,0.007,0.205,0.049,0.194,85.3,72.71
"2024-09-19 17:30:00",2880,12.43,411,1,0.069,1.02,2.33,0.085,0.193,0.143,0.187,99.4,72.94
"2024-09-19 18:00:00",2881,12.43,411,1,0.035,0.25,1.57,0.021,0.13,0.069,0.129,103.9,74.46
"2024-09-19 18:30:00",2882,12.43,411,1,0.018,-0.1,1.12,-0.01,0.093,0.041,0.096,107.9,73.38
"2024-09-19 19:00:00",2883,12.43,411,1,0,-0.56,0.76,-0.048,0.063,0,0.067,102.3,72.11
"2024-09-19 19:30:00",2884,12.42,411,1,-0.006,-0.68,0.57,-0.058,0.047,-0.014,0.047,102,71.79
"2024-09-19 20:00:00",2885,12.41,411,1,-0.011,-0.75,0.39,-0.064,0.032,-0.024,0.032,102.3,71.77
"2024-09-19 20:30:00",2886,12.41,411,1,-0.014,-0.82,0.34,-0.069,0.028,-0.033,0.028,103.6,70.63
"2024-09-19 21:00:00",2887,12.41,411,1,-0.02,-0.97,0.24,-0.082,0.02,-0.036,0.02,107.4,72.15
"2024-09-19 21:30:00",2888,12.4,411,1,-0.021,-0.98,0.2,-0.083,0.016,-0.037,0.02,107.2,72.15
"2024-09-19 22:00:00",2889,12.4,411,1,-0.023,-1.01,0.1,-0.086,0.008,-0.044,0.008,109.9,71.33
"2024-09-19 22:30:00",2890,12.39,411,1,-0.027,-1.14,0.1,-0.096,0.008,-0.062,0.008,107.2,72.96
"2024-09-19 23:00:00",2891,12.39,411,1,-0.026,-1.08,0.04,-0.091,0.004,-0.054,0.004,108.8,73.54
"2024-09-19 23:30:00",2892,12.39,411,1,-0.031,-1.22,-0.02,-0.103,-0.004,-0.068,0,105.3,72.08
"2024-09-20 00:00:00",2893,12.38,411,1,-0.026,-1.03,-0.02,-0.087,-0.004,-0.049,-0.004,106.6,72.64
"2024-09-20 00:30:00",2894,12.38,411,1,-0.03,-1.18,-0.02,-0.099,-0.004,-0.06,0,103.8,71.82
"2024-09-20 01:00:00",2895,12.38,411,1,-0.029,-1.12,-0.02,-0.095,-0.004,-0.057,-0.004,107.8,72.06
"2024-09-20 01:30:00",2896,12.37,411,1,-0.032,-1.18,-0.12,-0.1,-0.012,-0.057,-0.008,109.2,71.88
"2024-09-20 02:00:00",2897,12.37,411,1,-0.027,-1.08,0,-0.092,0,-0.049,0,107.9,71.88
"2024-09-20 02:30:00",2898,12.37,411,1,-0.031,-1.15,-0.12,-0.097,-0.012,-0.058,-0.012,109,71.44
"2024-09-20 03:00:00",2899,12.37,411,1,-0.033,-1.26,-0.07,-0.107,-0.008,-0.076,-0.008,107.1,72.64
"2024-09-20 03:30:00",2900,12.37,411,1,-0.033,-1.25,-0.07,-0.105,-0.008,-0.061,-0.008,109,73.76
"2024-09-20 04:00:00",2901,12.36,411,1,-0.034,-1.26,-0.12,-0.107,-0.012,-0.067,-0.008,107.9,71.17
"2024-09-20 04:30:00",2902,12.36,411,1,-0.033,-1.21,-0.12,-0.102,-0.012,-0.063,-0.012,107.2,72.44
"2024-09-20 05:00:00",2903,12.36,411,1,-0.035,-1.29,-0.12,-0.109,-0.012,-0.073,-0.012,106.6,73.32
"2024-09-20 05:30:00",2904,12.36,411,1,-0.034,-1.26,-0.12,-0.106,-0.012,-0.062,-0.012,109.6,71.8
"2024-09-20 06:00:00",2905,12.35,411,1,-0.033,-1.26,-0.07,-0.106,-0.008,-0.062,-0.008,108.9,72.68
"2024-09-20 06:30:00",2906,12.35,411,1,-0.032,-1.19,-0.12,-0.101,-0.012,-0.067,-0.008,109.1,72.12
"2024-09-20 07:00:00",2907,12.35,411,1,-0.032,-1.21,-0.07,-0.102,-0.008,-0.063,-0.008,107.5,72
"2024-09-20 07:30:00",2908,12.34,411,1,-0.032,-1.21,-0.07,-0.102,-0.008,-0.058,-0.004,109.2,73.44
"2024-09-20 08:00:00",2909,12.34,411,1,-0.022,-0.93,0.04,-0.079,0.004,-0.03,0.008,109.5,72.49
"2024-09-20 08:30:00",2910,12.34,411,1,-0.008,-0.68,0.46,-0.058,0.038,-0.008,0.038,110,75.46
"2024-09-20 09:00:00",2911,12.34,411,1,0.013,-0.2,1.01,-0.019,0.083,0.037,0.086,109.2,77.98
"2024-09-20 09:30:00",2912,12.34,411,1,0.036,0.27,1.58,0.023,0.131,0.081,0.14,109.9,76.93
"2024-09-20 10:00:00",2913,12.34,411,1,0.066,1.01,2.19,0.083,0.18,0.137,0.189,109.2,80.2
"2024-09-20 10:30:00",2914,12.34,411,1,0.087,1.53,2.62,0.126,0.217,0.189,0.229,109.8,81.3
"2024-09-20 11:00:00",2915,12.35,411,1,0.098,1.79,2.83,0.148,0.234,0.219,0.242,109.6,79.85
"2024-09-20 11:30:00",2916,12.35,411,1,0.11,2.07,3.08,0.171,0.255,0.253,0.258,108.3,79.6
"2024-09-20 12:00:00",2917,12.35,411,1,0.112,2.17,3.05,0.18,0.253,0.252,0.268,109.8,79.87
"2024-09-20 12:30:00",2918,12.35,411,1,0.109,1.99,3.18,0.165,0.262,0.233,0.27,108.5,81.3
"2024-09-20 13:00:00",2919,12.35,411,1,0.097,1.7,2.93,0.14,0.242,0.199,0.257,107,82.8
"2024-09-20 13:30:00",2920,12.35,411,1,0.103,1.79,3.11,0.148,0.257,0.206,0.268,108.1,84.4
"2024-09-20 14:00:00",2921,12.35,411,1,0.109,2.23,2.86,0.185,0.237,0.227,0.245,110,80.8
"2024-09-20 14:30:00",2922,12.35,411,1,0.094,1.75,2.7,0.144,0.223,0.209,0.228,109.7,77.42
"2024-09-20 15:00:00",2923,12.35,411,1,0.191,5.17,3.25,0.427,0.269,0.513,0.293,110,91.8
"2024-09-20 15:30:00",2924,12.35,411,1,0.093,1.58,2.87,0.131,0.237,0.192,0.234,109.4,77.87
"2024-09-20 16:00:00",2925,12.35,411,1,0.016,-1.15,2.41,-0.097,0.199,-0.073,0.211,110,83.8
"2024-09-20 16:30:00",2926,12.35,411,1,0.191,5.23,3.19,0.432,0.264,0.462,0.299,81.6,93.3
"2024-09-20 17:00:00",2927,12.34,411,1,0.023,-0.44,1.82,-0.038,0.151,0.007,0.145,83,68.66
"2024-09-20 17:30:00",2928,12.34,411,1,0.052,0.66,1.91,0.055,0.158,0.098,0.16,102.8,74.38
"2024-09-20 18:00:00",2929,12.34,411,1,0.036,0.25,1.63,0.021,0.135,0.071,0.134,102.2,75.46
"2024-09-20 18:30:00",2930,12.33,411,1,0.018,-0.1,1.15,-0.011,0.095,0.038,0.095,107.2,73.42
"2024-09-20 19:00:00",2931,12.33,411,1,0.004,-0.44,0.83,-0.038,0.068,0.005,0.068,102.1,71.08
"2024-09-20 19:30:00",2932,12.33,411,1,-0.009,-0.77,0.53,-0.066,0.044,-0.02,0.044,100.2,72.97
"2024-09-20 20:00:00",2933,12.32,411,1,-0.01,-0.7,0.39,-0.061,0.033,-0.025,0.032,102.1,70.57
"2024-09-20 20:30:00",2934,12.32,411,1,-0.016,-0.89,0.29,-0.075,0.024,-0.039,0.028,100.4,71.95
"2024-09-20 21:00:00",2935,12.31,411,1,-0.019,-0.93,0.2,-0.079,0.016,-0.033,0.016,107,72.45
"2024-09-20 21:30:00",2936,12.3,411,1,-0.024,-1.05,0.1,-0.089,0.008,-0.047,0.012,106.1,70.3
"2024-09-20 22:00:00",2937,12.3,411,1,-0.024,-1.05,0.14,-0.089,0.012,-0.046,0.012,105.8,72.57
"2024-09-20 22:30:00",2938,12.3,411,1,-0.029,-1.18,0.04,-0.1,0.004,-0.056,0.004,107.5,72.01
"2024-09-20 23:00:00",2939,12.29,411,1,-0.028,-1.11,0,-0.093,0,-0.055,0,108.2,72.96
"2024-09-20 23:30:00",2940,12.29,411,1,-0.031,-1.24,0,-0.104,0,-0.065,-0.004,105.3,72.57
"2024-09-21 00:00:00",2941,12.29,411,1,-0.028,-1.11,-0.03,-0.093,-0.004,-0.059,-0.004,109.1,70.55
"2024-09-21 00:30:00",2942,12.28,411,1,-0.029,-1.11,-0.07,-0.094,-0.008,-0.055,-0.004,104,71.24
"2024-09-21 01:00:00",2943,12.28,411,1,-0.032,-1.24,-0.03,-0.104,-0.004,-0.064,-0.004,107.4,72.12
"2024-09-21 01:30:00",2944,12.28,411,1,-0.03,-1.15,-0.07,-0.097,-0.008,-0.058,-0.004,109.4,71.62
"2024-09-21 02:00:00",2945,12.27,411,1,-0.03,-1.15,-0.07,-0.098,-0.008,-0.059,-0.008,106.6,70.8
"2024-09-21 02:30:00",2946,12.27,411,1,-0.031,-1.17,-0.07,-0.099,-0.008,-0.055,-0.004,106.2,71.43
"2024-09-21 03:00:00",2947,12.27,411,1,-0.031,-1.17,-0.07,-0.099,-0.008,-0.055,-0.008,106,73.26
"2024-09-21 03:30:00",2948,12.27,411,1,-0.034,-1.26,-0.12,-0.107,-0.012,-0.067,-0.012,108.8,70.8
"2024-09-21 04:00:00",2949,12.26,411,1,-0.034,-1.28,-0.12,-0.108,-0.012,-0.063,-0.008,109,71.68
"2024-09-21 04:30:00",2950,12.26,411,1,-0.035,-1.29,-0.12,-0.109,-0.012,-0.068,-0.012,104.2,71.74
"2024-09-21 05:00:00",2951,12.26,411,1,-0.034,-1.21,-0.17,-0.102,-0.016,-0.063,-0.016,109.8,73.51
"2024-09-21 05:30:00",2952,12.26,411,1,-0.03,-1.15,-0.07,-0.097,-0.008,-0.058,-0.008,109.6,74.33
"2024-09-21 06:00:00",2953,12.26,411,1,-0.034,-1.22,-0.17,-0.103,-0.016,-0.068,-0.016,107.8,72.55
"2024-09-21 06:30:00",2954,12.25,411,1,-0.033,-1.22,-0.12,-0.103,-0.012,-0.063,-0.012,107.9,74.13
"2024-09-21 07:00:00",2955,12.25,411,1,-0.038,-1.33,-0.21,-0.112,-0.02,-0.071,-0.02,107.7,72.68
"2024-09-21 07:30:00",2956,12.25,411,1,-0.033,-1.19,-0.17,-0.101,-0.016,-0.066,-0.016,108.1,72.57
"2024-09-21 08:00:00",2957,12.25,411,1,-0.031,-1.14,-0.12,-0.096,-0.012,-0.058,-0.012,109.8,72.5
"2024-09-21 08:30:00",2958,12.25,411,1,-0.016,-0.87,0.28,-0.074,0.023,-0.026,0.023,110,74.46
"2024-09-21 09:00:00",2959,12.25,411,1,0.007,-0.33,0.84,-0.029,0.07,0.021,0.073,109.7,75.98
"2024-09-21 09:30:00",2960,12.25,411,1,0.035,0.28,1.51,0.023,0.125,0.076,0.131,109.6,79.09
"2024-09-21 10:00:00",2961,12.25,411,1,0.051,0.69,1.82,0.057,0.151,0.105,0.156,109.7,81
"2024-09-21 10:30:00",2962,12.25,411,1,0.067,1.01,2.21,0.083,0.183,0.144,0.195,109.8,81.1
"2024-09-21 11:00:00",2963,12.25,411,1,0.088,1.48,2.69,0.123,0.222,0.183,0.231,109.3,80.1
"2024-09-21 11:30:00",2964,12.26,411,1,0.093,1.7,2.72,0.14,0.225,0.209,0.233,109.8,79.05
"2024-09-21 12:00:00",2965,12.26,411,1,0.095,1.7,2.79,0.14,0.231,0.209,0.239,109.4,81.7
"2024-09-21 12:30:00",2966,12.26,411,1,0.107,2.02,3.03,0.167,0.25,0.237,0.258,109.8,81.1
"2024-09-21 13:00:00",2967,12.25,411,1,0.089,1.39,2.91,0.115,0.241,0.177,0.252,99.9,80.8
"2024-09-21 13:30:00",2968,12.26,411,1,0.104,1.84,3.1,0.152,0.256,0.21,0.267,109.9,78.69
"2024-09-21 14:00:00",2969,12.26,411,1,0.078,0.87,2.98,0.072,0.247,0.108,0.258,107.6,80.4
"2024-09-21 14:30:00",2970,12.26,411,1,0.103,1.91,2.93,0.157,0.242,0.227,0.257,109.8,79.59
"2024-09-21 15:00:00",2971,12.26,411,1,0.118,2.31,3.22,0.191,0.266,0.251,0.283,106.2,85.5
"2024-09-21 15:30:00",2972,12.25,411,1,0.096,1.77,2.76,0.146,0.228,0.209,0.23,103.8,76.04
"2024-09-21 16:00:00",2973,12.25,411,1,0.074,1.11,2.49,0.091,0.206,0.154,0.226,109.8,88.7
"2024-09-21 16:30:00",2974,12.25,411,1,0.071,1.11,2.31,0.092,0.19,0.136,0.193,94.7,75.03
"2024-09-21 17:00:00",2975,12.25,411,1,0.055,0.74,1.96,0.061,0.161,0.117,0.164,98.1,74.71
"2024-09-21 17:30:00",2976,12.25,411,1,0.04,0.38,1.63,0.031,0.135,0.083,0.141,106.9,77.17
"2024-09-21 18:00:00",2977,12.24,411,1,0.02,-0.05,1.15,-0.005,0.095,0.047,0.102,106.1,76.6
"2024-09-21 18:30:00",2978,12.24,411,1,0,-0.51,0.73,-0.043,0.06,0.005,0.063,104.4,74.44
"2024-09-21 19:00:00",2979,12.24,411,1,-0.014,-0.89,0.43,-0.075,0.036,-0.029,0.036,105,73.05
"2024-09-21 19:30:00",2980,12.23,411,1,-0.017,-0.89,0.25,-0.075,0.02,-0.033,0.024,103.2,72.97
"2024-09-21 20:00:00",2981,12.23,411,1,-0.02,-0.96,0.2,-0.081,0.016,-0.043,0.016,103.4,70.38
"2024-09-21 20:30:00",2982,12.22,411,1,-0.027,-1.12,0.04,-0.094,0.004,-0.051,0.008,106.4,70.38
"2024-09-21 21:00:00",2983,12.22,411,1,-0.027,-1.12,0.04,-0.095,0.004,-0.052,0.004,104.3,73.53
"2024-09-21 21:30:00",2984,12.22,411,1,-0.026,-1.08,0.04,-0.092,0.004,-0.053,0,106.5,70.95
"2024-09-21 22:00:00",2985,12.21,411,1,-0.027,-1.08,0,-0.092,0,-0.054,0,108.4,72.39
"2024-09-21 22:30:00",2986,12.21,411,1,-0.03,-1.19,0,-0.101,0,-0.056,-0.004,108,72.2
"2024-09-21 23:00:00",2987,12.21,411,1,-0.031,-1.18,-0.07,-0.099,-0.008,-0.065,-0.008,106.6,72.14
"2024-09-21 23:30:00",2988,12.2,411,1,-0.031,-1.17,-0.12,-0.099,-0.012,-0.055,-0.012,109.7,72.39
"2024-09-22 00:00:00",2989,12.2,411,1,-0.029,-1.11,-0.07,-0.094,-0.008,-0.055,-0.008,109.5,73.46
"2024-09-22 00:30:00",2990,12.2,411,1,-0.019,-0.76,-0.02,-0.065,-0.004,-0.019,-0.004,103.2,70.5
"2024-09-22 01:00:00",2991,12.2,411,1,-0.031,-1.17,-0.12,-0.099,-0.012,-0.06,-0.008,109,72.52
"2024-09-22 01:30:00",2992,12.19,411,1,-0.028,-1.05,-0.07,-0.089,-0.008,-0.051,-0.008,106.6,72.89
"2024-09-22 02:00:00",2993,12.19,411,1,-0.03,-1.1,-0.12,-0.092,-0.012,-0.045,-0.008,109.6,72.57
"2024-09-22 02:30:00",2994,12.19,411,1,-0.028,-1.04,-0.12,-0.088,-0.012,-0.046,-0.012,108.9,72.33
"2024-09-22 03:00:00",2995,12.18,411,1,-0.031,-1.17,-0.07,-0.098,-0.008,-0.059,-0.004,109,73.77
"2024-09-22 03:30:00",2996,12.18,411,1,-0.033,-1.17,-0.17,-0.099,-0.016,-0.064,-0.012,108,73.21
"2024-09-22 04:00:00",2997,12.18,411,1,-0.03,-1.11,-0.12,-0.094,-0.012,-0.06,-0.012,106.6,73.15
"2024-09-22 04:30:00",2998,12.18,411,1,-0.033,-1.22,-0.12,-0.103,-0.012,-0.059,-0.012,109.8,73.52
"2024-09-22 05:00:00",2999,12.17,411,1,-0.031,-1.17,-0.12,-0.098,-0.012,-0.055,-0.008,106.6,73.39
"2024-09-22 05:30:00",3000,12.17,411,1,-0.033,-1.24,-0.12,-0.104,-0.012,-0.064,-0.012,109.8,73.77
"2024-09-22 06:00:00",3001,12.17,411,1,-0.03,-1.08,-0.13,-0.092,-0.012,-0.062,-0.016,105.1,72.64
"2024-09-22 06:30:00",3002,12.17,411,1,-0.035,-1.25,-0.21,-0.105,-0.02,-0.065,-0.02,107,72.76
"2024-09-22 07:00:00",3003,12.17,411,1,-0.033,-1.17,-0.17,-0.098,-0.016,-0.059,-0.02,108.9,73.64
"2024-09-22 07:30:00",3004,12.16,411,1,-0.037,-1.29,-0.23,-0.109,-0.02,-0.067,-0.02,105.9,72.94
"2024-09-22 08:00:00",3005,12.16,411,1,-0.035,-1.26,-0.17,-0.107,-0.016,-0.071,-0.016,107.6,72.81
"2024-09-22 08:30:00",3006,12.16,411,1,-0.035,-1.28,-0.17,-0.108,-0.016,-0.072,-0.016,105.9,72.88
"2024-09-22 09:00:00",3007,12.16,411,1,-0.036,-1.32,-0.17,-0.111,-0.016,-0.074,-0.016,109.9,72.63
"2024-09-22 09:30:00",3008,12.16,411,1,-0.032,-1.21,-0.07,-0.102,-0.008,-0.062,-0.008,108.8,73.33
"2024-09-22 10:00:00",3009,12.15,411,1,-0.016,-0.8,0.18,-0.068,0.015,-0.019,0.015,109.9,76.62
"2024-09-22 10:30:00",3010,12.16,411,1,0,-0.48,0.67,-0.041,0.055,0.009,0.058,109.9,75.36
"2024-09-22 11:00:00",3011,12.15,411,1,0.026,0.11,1.26,0.01,0.105,0.066,0.107,109.9,79.15
"2024-09-22 11:30:00",3012,12.16,411,1,0.044,0.46,1.72,0.038,0.142,0.094,0.148,109.8,79.08
"2024-09-22 12:00:00",3013,12.16,411,1,0.059,0.81,2.07,0.067,0.171,0.121,0.177,109.6,81.9
"2024-09-22 12:30:00",3014,12.16,411,1,0.071,1.09,2.34,0.09,0.194,0.155,0.199,109.6,78.4
"2024-09-22 13:00:00",3015,12.16,411,1,0.081,1.44,2.38,0.119,0.196,0.179,0.205,109.5,78.29
"2024-09-22 13:30:00",3016,12.16,411,1,0.091,1.57,2.75,0.13,0.227,0.191,0.238,109.7,83
"2024-09-22 14:00:00",3017,12.15,411,1,0.081,1.39,2.49,0.114,0.206,0.183,0.212,109.8,78.35
"2024-09-22 14:30:00",3018,12.15,411,1,0.071,1.15,2.26,0.094,0.187,0.147,0.196,109.4,77.66
"2024-09-22 15:00:00",3019,12.15,411,1,0.083,1.55,2.37,0.128,0.196,0.189,0.218,109.9,84.2
"2024-09-22 15:30:00",3020,12.15,411,1,0.075,1.27,2.3,0.105,0.19,0.176,0.192,108.1,77.59
"2024-09-22 16:00:00",3021,12.15,411,1,0.062,0.76,2.28,0.062,0.189,0.122,0.201,109.9,83.7
"2024-09-22 16:30:00",3022,12.15,411,1,0.029,-0.59,2.38,-0.051,0.197,-0.042,0.199,79.71,78
"2024-09-22 17:00:00",3023,12.14,411,1,0.066,1.27,1.82,0.105,0.15,0.17,0.16,109.6,77.55
"2024-09-22 17:30:00",3024,12.14,411,1,0.049,0.63,1.77,0.052,0.146,0.11,0.149,108.6,76.07
"2024-09-22 18:00:00",3025,12.14,411,1,0.037,0.41,1.47,0.033,0.122,0.089,0.124,103.8,75.57
"2024-09-22 18:30:00",3026,12.14,411,1,0.016,-0.1,1.04,-0.011,0.086,0.038,0.093,105.9,74.42
"2024-09-22 19:00:00",3027,12.13,411,1,0.002,-0.38,0.66,-0.033,0.054,0.01,0.058,105.7,73.16
"2024-09-22 19:30:00",3028,12.13,411,1,-0.01,-0.7,0.41,-0.06,0.033,-0.019,0.033,105.6,71.32
"2024-09-22 20:00:00",3029,12.13,411,1,-0.017,-0.83,0.2,-0.07,0.017,-0.029,0.016,103.7,70.75
"2024-09-22 20:30:00",3030,12.12,411,1,-0.021,-0.89,0.06,-0.075,0.004,-0.024,0.008,103.5,71.31
"2024-09-22 21:00:00",3031,12.12,411,1,-0.024,-1.01,0.06,-0.085,0.004,-0.042,0.008,108.8,71.06
"2024-09-22 21:30:00",3032,12.11,411,1,-0.024,-1.01,0.06,-0.086,0.004,-0.043,0,103.9,70.67
"2024-09-22 22:00:00",3033,12.11,411,1,-0.029,-1.17,0,-0.098,0,-0.067,0,97.3,69.85
"2024-09-22 22:30:00",3034,12.1,411,1,-0.038,-1.46,-0.07,-0.123,-0.008,-0.083,-0.008,108.3,70.48
"2024-09-22 23:00:00",3035,12.1,411,1,-0.026,-1.01,-0.03,-0.085,-0.004,-0.042,-0.004,109.8,71.3
"2024-09-22 23:30:00",3036,12.1,411,1,-0.033,-1.25,-0.07,-0.105,-0.008,-0.065,-0.004,108.8,70.98
"2024-09-23 00:00:00",3037,12.09,411,1,-0.028,-1.07,-0.07,-0.09,-0.008,-0.052,-0.012,106.5,71.55
"2024-09-23 00:30:00",3038,12.09,411,1,-0.03,-1.15,-0.07,-0.097,-0.008,-0.067,-0.008,105,71.3
"2024-09-23 01:00:00",3039,12.09,411,1,-0.027,-1.03,-0.07,-0.087,-0.008,-0.048,-0.008,106.3,74.06
"2024-09-23 01:30:00",3040,12.09,411,1,-0.034,-1.21,-0.17,-0.102,-0.017,-0.066,-0.012,105.2,72.68
"2024-09-23 02:00:00",3041,12.08,411,1,-0.036,-1.32,-0.13,-0.112,-0.012,-0.065,-0.012,107.9,72.43
"2024-09-23 02:30:00",3042,12.08,411,1,-0.029,-1.08,-0.07,-0.092,-0.008,-0.057,-0.012,106.9,71.41
"2024-09-23 03:00:00",3043,12.08,411,1,-0.033,-1.21,-0.13,-0.101,-0.012,-0.056,-0.012,109.3,70.02
"2024-09-23 03:30:00",3044,12.07,411,1,-0.029,-1.04,-0.13,-0.087,-0.012,-0.048,-0.008,107.3,71.35
"2024-09-23 04:00:00",3045,12.07,411,1,-0.031,-1.12,-0.13,-0.095,-0.012,-0.056,-0.012,107.6,71.09
"2024-09-23 04:30:00",3046,12.07,411,1,-0.031,-1.14,-0.13,-0.096,-0.012,-0.061,-0.012,106.1,72.86
"2024-09-23 05:00:00",3047,12.07,411,1,-0.031,-1.18,-0.07,-0.1,-0.008,-0.056,-0.008,108.7,71.41
"2024-09-23 05:30:00",3048,12.06,411,1,-0.035,-1.31,-0.13,-0.11,-0.012,-0.065,-0.016,105.4,72.68
"2024-09-23 06:00:00",3049,12.06,411,1,-0.035,-1.26,-0.17,-0.106,-0.016,-0.06,-0.016,109,73.49
"2024-09-23 06:30:00",3050,12.06,411,1,-0.033,-1.18,-0.17,-0.099,-0.016,-0.06,-0.016,108.4,72.93
"2024-09-23 07:00:00",3051,12.06,411,1,-0.035,-1.24,-0.23,-0.104,-0.02,-0.064,-0.016,107.7,73.42
"2024-09-23 07:30:00",3052,12.05,411,1,-0.031,-1.15,-0.13,-0.098,-0.012,-0.059,-0.012,107.5,72.23
"2024-09-23 08:00:00",3053,12.05,411,1,-0.024,-0.96,-0.02,-0.081,-0.004,-0.044,0.004,109.5,74
"2024-09-23 08:30:00",3054,12.05,411,1,-0.016,-0.82,0.24,-0.069,0.02,-0.026,0.02,109.8,75.01
"2024-09-23 09:00:00",3055,12.05,411,1,0.009,-0.27,0.85,-0.025,0.071,0.034,0.078,109.8,76.34
"2024-09-23 09:30:00",3056,12.05,411,1,0.033,0.29,1.4,0.024,0.116,0.075,0.122,109.6,79.38
"2024-09-23 10:00:00",3057,12.05,411,1,0.057,0.91,1.84,0.075,0.151,0.125,0.161,109.8,78.56
"2024-09-23 10:30:00",3058,12.06,411,1,0.078,1.37,2.31,0.114,0.191,0.177,0.207,109.9,82.2
"2024-09-23 11:00:00",3059,12.06,411,1,0.093,1.77,2.62,0.146,0.216,0.212,0.221,110,78.01
"2024-09-23 11:30:00",3060,12.06,411,1,0.099,1.84,2.83,0.151,0.234,0.218,0.243,109.9,80.9
"2024-09-23 12:00:00",3061,12.06,411,1,0.105,2,2.93,0.165,0.242,0.234,0.25,109.9,80.7
"2024-09-23 12:30:00",3062,12.06,411,1,0.1,1.85,2.89,0.153,0.239,0.215,0.247,109.4,81.2
"2024-09-23 13:00:00",3063,12.06,411,1,0.091,1.68,2.63,0.139,0.218,0.209,0.223,109.4,78.91
"2024-09-23 13:30:00",3064,12.06,411,1,0.077,1.3,2.38,0.107,0.197,0.175,0.202,109.4,76.13
"2024-09-23 14:00:00",3065,12.06,411,1,0.055,0.8,1.88,0.066,0.155,0.125,0.161,109.6,77.57
"2024-09-23 14:30:00",3066,12.06,411,1,0.044,0.56,1.63,0.046,0.135,0.098,0.137,109.9,77.39
"2024-09-23 15:00:00",3067,12.06,411,1,0.042,0.52,1.55,0.042,0.128,0.099,0.131,109.9,77.44
"2024-09-23 15:30:00",3068,12.05,411,1,0.028,0.2,1.27,0.016,0.105,0.066,0.108,108.7,74.73
"2024-09-23 16:00:00",3069,12.05,411,1,0.008,-0.3,0.84,-0.026,0.069,0.023,0.068,109.5,75.04
"2024-09-23 16:30:00",3070,12.05,411,1,-0.002,-0.52,0.59,-0.046,0.048,0,0.052,109.9,73.65
"2024-09-23 17:00:00",3071,12.05,411,1,0.003,-0.41,0.73,-0.036,0.06,0.014,0.06,109.8,76.05
"2024-09-23 17:30:00",3072,12.04,411,1,0.001,-0.44,0.69,-0.038,0.057,0,0.057,99.8,72.83
"2024-09-23 18:00:00",3073,12.04,411,1,-0.004,-0.49,0.45,-0.043,0.037,0,0.041,108.2,74.97
"2024-09-23 18:30:00",3074,12.04,411,1,-0.018,-0.96,0.29,-0.081,0.025,-0.033,0.029,108.5,73.71
"2024-09-23 19:00:00",3075,12.03,411,1,-0.022,-1.01,0.2,-0.085,0.016,-0.047,0.016,106,74.78
"2024-09-23 19:30:00",3076,12.03,411,1,-0.021,-0.87,0.06,-0.074,0.004,-0.035,0.004,103.8,71.81
"2024-09-23 20:00:00",3077,12.03,411,1,-0.027,-1.07,0,-0.09,0,-0.052,0.004,108.6,74.65
"2024-09-23 20:30:00",3078,12.02,411,1,-0.028,-1.11,-0.03,-0.093,-0.004,-0.054,0,109.4,73.64
"2024-09-23 21:00:00",3079,12.02,411,1,-0.03,-1.12,-0.07,-0.094,-0.008,-0.055,-0.008,108.9,72.12
"2024-09-23 21:30:00",3080,12.02,411,1,-0.034,-1.25,-0.13,-0.105,-0.012,-0.072,-0.012,98.3,71.88
"2024-09-23 22:00:00",3081,12.01,411,1,-0.031,-1.18,-0.07,-0.1,-0.008,-0.06,-0.008,107.2,72.69
"2024-09-23 22:30:00",3082,12.01,411,1,-0.03,-1.15,-0.07,-0.097,-0.008,-0.057,-0.008,107.1,72.88
"2024-09-23 23:00:00",3083,12.01,411,1,-0.033,-1.19,-0.17,-0.101,-0.016,-0.065,-0.012,108,72.25
"2024-09-23 23:30:00",3084,12,411,1,-0.032,-1.17,-0.13,-0.098,-0.012,-0.067,-0.008,105,74.33
"2024-09-24 00:00:00",3085,12,411,1,-0.034,-1.26,-0.13,-0.106,-0.012,-0.07,-0.012,108.6,72.12
"2024-09-24 00:30:00",3086,12,411,1,-0.032,-1.14,-0.17,-0.096,-0.017,-0.056,-0.016,108.5,73
"2024-09-24 01:00:00",3087,12,411,1,-0.035,-1.26,-0.17,-0.106,-0.016,-0.065,-0.012,105.5,72.75
"2024-09-24 01:30:00",3088,11.99,411,1,-0.032,-1.14,-0.17,-0.096,-0.017,-0.061,-0.012,107.9,72.87
"2024-09-24 02:00:00",3089,11.99,411,1,-0.034,-1.21,-0.17,-0.101,-0.017,-0.065,-0.016,108.2,72.44
"2024-09-24 02:30:00",3090,11.99,411,1,-0.036,-1.35,-0.13,-0.113,-0.012,-0.076,-0.012,108.6,73.38
"2024-09-24 03:00:00",3091,11.99,411,1,-0.037,-1.33,-0.17,-0.112,-0.017,-0.075,-0.012,107.9,71.36
"2024-09-24 03:30:00",3092,11.99,411,1,-0.033,-1.21,-0.13,-0.101,-0.012,-0.061,-0.012,107.6,73.07
"2024-09-24 04:00:00",3093,11.98,411,1,-0.034,-1.21,-0.17,-0.101,-0.017,-0.066,-0.021,108.1,72.36
"2024-09-24 04:30:00",3094,11.98,411,1,-0.032,-1.15,-0.17,-0.097,-0.017,-0.067,-0.021,108.9,73.18
"2024-09-24 05:00:00",3095,11.98,411,1,-0.035,-1.22,-0.23,-0.103,-0.021,-0.062,-0.021,107.5,73.25
"2024-09-24 05:30:00",3096,11.98,411,1,-0.031,-1.12,-0.17,-0.095,-0.017,-0.055,-0.012,108.6,73.12
"2024-09-24 06:00:00",3097,11.98,411,1,-0.034,-1.26,-0.13,-0.106,-0.012,-0.065,-0.012,108.7,73.18
"2024-09-24 06:30:00",3098,11.97,411,1,-0.034,-1.19,-0.23,-0.1,-0.021,-0.065,-0.016,105.3,73.12
"2024-09-24 07:00:00",3099,11.97,411,1,-0.033,-1.19,-0.17,-0.101,-0.017,-0.06,-0.016,107.9,72.17
"2024-09-24 07:30:00",3100,11.97,411,1,-0.035,-1.25,-0.17,-0.105,-0.016,-0.065,-0.016,106.4,72.62
"2024-09-24 08:00:00",3101,11.97,411,1,-0.034,-1.25,-0.13,-0.105,-0.012,-0.068,-0.012,109.6,73.31
"2024-09-24 08:30:00",3102,11.96,411,1,-0.032,-1.18,-0.13,-0.099,-0.012,-0.055,-0.012,108.6,74.58
"2024-09-24 09:00:00",3103,11.96,411,1,-0.029,-1.12,-0.03,-0.094,-0.004,-0.055,-0.004,108.4,72.12
"2024-09-24 09:30:00",3104,11.96,411,1,-0.026,-1.05,0,-0.089,0,-0.05,0,107.6,74.58
"2024-09-24 10:00:00",3105,11.96,411,1,-0.018,-0.83,0.14,-0.07,0.012,-0.022,0.02,109,76.48
"2024-09-24 10:30:00",3106,11.96,411,1,0.006,-0.21,0.63,-0.02,0.052,0.026,0.059,109.4,76.41
"2024-09-24 11:00:00",3107,11.96,411,1,0.026,0.11,1.27,0.009,0.105,0.067,0.112,109.9,81.2
"2024-09-24 11:30:00",3108,11.96,411,1,0.061,0.94,1.99,0.078,0.164,0.143,0.173,109.5,81.3
"2024-09-24 12:00:00",3109,11.96,411,1,0.067,1.11,2.13,0.091,0.176,0.16,0.182,109.8,79.53
"2024-09-24 12:30:00",3110,11.96,411,1,0.06,0.98,1.92,0.081,0.159,0.138,0.169,109.5,78.77
"2024-09-24 13:00:00",3111,11.96,411,1,0.068,1.13,2.1,0.094,0.174,0.149,0.187,109.8,79.84
"2024-09-24 13:30:00",3112,11.96,411,1,0.069,1.16,2.16,0.096,0.178,0.161,0.184,107.3,79.59
"2024-09-24 14:00:00",3113,11.96,411,1,0.056,0.87,1.84,0.072,0.152,0.134,0.162,109.4,78.4
"2024-09-24 14:30:00",3114,11.96,411,1,0.038,0.38,1.54,0.032,0.127,0.097,0.13,107.5,77.07
"2024-09-24 15:00:00",3115,11.95,411,1,0.032,0.27,1.34,0.022,0.111,0.081,0.114,107.8,75.8
"2024-09-24 15:30:00",3116,11.95,411,1,0.035,0.36,1.4,0.03,0.116,0.087,0.123,109.6,78.64
"2024-09-24 16:00:00",3117,11.95,411,1,0.04,0.45,1.53,0.037,0.126,0.089,0.133,109.2,78.27
"2024-09-24 16:30:00",3118,11.95,411,1,0.041,0.52,1.53,0.043,0.126,0.099,0.129,109.2,77.19
"2024-09-24 17:00:00",3119,11.94,411,1,0.024,0.07,1.19,0.005,0.099,0.052,0.102,108.8,76.31
"2024-09-24 17:30:00",3120,11.94,411,1,0.01,-0.24,0.9,-0.022,0.074,0.029,0.077,106.7,75.49
"2024-09-24 18:00:00",3121,11.94,411,1,-0.001,-0.49,0.6,-0.043,0.05,0.009,0.057,108.2,75.48
"2024-09-24 18:30:00",3122,11.94,411,1,-0.007,-0.63,0.45,-0.055,0.037,-0.005,0.037,107,73.46
"2024-09-24 19:00:00",3123,11.93,411,1,-0.011,-0.65,0.25,-0.055,0.021,-0.015,0.021,108.3,74.34
"2024-09-24 19:30:00",3124,11.93,411,1,-0.021,-0.9,0.06,-0.076,0.004,-0.034,0.004,109.3,74.08
"2024-09-24 20:00:00",3125,11.93,411,1,-0.027,-1.11,0.06,-0.094,0.004,-0.049,0.004,107.3,72.76
"2024-09-24 20:30:00",3126,11.92,411,1,-0.028,-1.14,0,-0.096,0,-0.061,0,107.4,72.88
"2024-09-24 21:00:00",3127,11.92,411,1,-0.029,-1.14,-0.03,-0.096,-0.004,-0.056,-0.004,107.3,73.51
"2024-09-24 21:30:00",3128,11.92,411,1,-0.032,-1.21,-0.07,-0.102,-0.008,-0.061,-0.008,107.9,74.46
"2024-09-24 22:00:00",3129,11.92,411,1,-0.033,-1.22,-0.13,-0.103,-0.013,-0.059,-0.012,105,74.02
"2024-09-24 22:30:00",3130,11.91,411,1,-0.036,-1.29,-0.17,-0.109,-0.017,-0.072,-0.017,106.9,73.7
"2024-09-24 23:00:00",3131,11.91,411,1,-0.038,-1.33,-0.23,-0.112,-0.021,-0.075,-0.017,109.7,71.68
"2024-09-24 23:30:00",3132,11.91,411,1,-0.033,-1.22,-0.13,-0.103,-0.013,-0.067,-0.017,107.6,73.88
"2024-09-25 00:00:00",3133,11.91,411,1,-0.032,-1.14,-0.17,-0.096,-0.017,-0.061,-0.017,108.6,73.89
"2024-09-25 00:30:00",3134,11.9,411,1,-0.035,-1.28,-0.17,-0.108,-0.017,-0.066,-0.017,106.4,74.65
"2024-09-25 01:00:00",3135,11.9,411,1,-0.034,-1.19,-0.23,-0.101,-0.021,-0.065,-0.021,109.8,75.27
"2024-09-25 01:30:00",3136,11.9,411,1,-0.039,-1.33,-0.28,-0.112,-0.025,-0.07,-0.021,109.3,72.25
"2024-09-25 02:00:00",3137,11.9,411,1,-0.036,-1.26,-0.23,-0.107,-0.021,-0.065,-0.021,108.8,73
"2024-09-25 02:30:00",3138,11.89,411,1,-0.035,-1.21,-0.23,-0.102,-0.021,-0.066,-0.017,107.8,72.32
"2024-09-25 03:00:00",3139,11.89,411,1,-0.033,-1.19,-0.17,-0.101,-0.017,-0.069,-0.017,109.9,72.64
"2024-09-25 03:30:00",3140,11.89,411,1,-0.036,-1.28,-0.23,-0.108,-0.021,-0.066,-0.021,108.8,74.34
"2024-09-25 04:00:00",3141,11.89,411,1,-0.035,-1.22,-0.23,-0.103,-0.021,-0.071,-0.021,109.8,71.81
"2024-09-25 04:30:00",3142,11.89,411,1,-0.038,-1.33,-0.23,-0.113,-0.021,-0.07,-0.021,108.1,70.81
"2024-09-25 05:00:00",3143,11.88,411,1,-0.037,-1.28,-0.28,-0.108,-0.025,-0.061,-0.017,108.6,74.4
"2024-09-25 05:30:00",3144,11.88,411,1,-0.039,-1.38,-0.23,-0.115,-0.021,-0.072,-0.021,107.4,71.68
"2024-09-25 06:00:00",3145,11.88,411,1,-0.036,-1.26,-0.23,-0.106,-0.021,-0.065,-0.025,109.8,73.52
"2024-09-25 06:30:00",3146,11.88,411,1,-0.036,-1.32,-0.17,-0.112,-0.017,-0.074,-0.017,109.4,73.9
"2024-09-25 07:00:00",3147,11.88,411,1,-0.036,-1.26,-0.23,-0.107,-0.021,-0.07,-0.021,107.5,73.27
"2024-09-25 07:30:00",3148,11.87,411,1,-0.039,-1.33,-0.28,-0.113,-0.025,-0.07,-0.025,109.5,73.53
"2024-09-25 08:00:00",3149,11.87,411,1,-0.035,-1.24,-0.23,-0.104,-0.021,-0.068,-0.021,109.3,76.04
"2024-09-25 08:30:00",3150,11.87,411,1,-0.038,-1.32,-0.27,-0.111,-0.025,-0.069,-0.021,107.9,73.15
"2024-09-25 09:00:00",3151,11.87,411,1,-0.032,-1.18,-0.13,-0.1,-0.012,-0.059,-0.008,109.9,73.9
"2024-09-25 09:30:00",3152,11.87,411,1,-0.028,-1.12,0,-0.095,0,-0.055,0,109.4,74.16
"2024-09-25 10:00:00",3153,11.87,411,1,-0.017,-0.76,0.1,-0.065,0.008,-0.017,0.008,109.6,75.8
"2024-09-25 10:30:00",3154,11.87,411,1,-0.005,-0.55,0.45,-0.048,0.037,-0.005,0.041,109.9,76.95
"2024-09-25 11:00:00",3155,11.87,411,1,0.014,-0.09,0.92,-0.01,0.076,0.046,0.083,109.6,80.9
"2024-09-25 11:30:00",3156,11.87,411,1,0.024,0.13,1.13,0.01,0.094,0.055,0.101,110,78.98
"2024-09-25 12:00:00",3157,11.87,411,1,0.031,0.25,1.33,0.021,0.11,0.077,0.116,109.7,79.74
"2024-09-25 12:30:00",3158,11.87,411,1,0.042,0.53,1.54,0.044,0.128,0.103,0.142,109.8,80.3
"2024-09-25 13:00:00",3159,11.86,411,1,0.046,0.57,1.68,0.047,0.138,0.109,0.141,110,78.48
"2024-09-25 13:30:00",3160,11.86,411,1,0.035,0.27,1.51,0.022,0.125,0.084,0.128,106.5,76.51
"2024-09-25 14:00:00",3161,11.86,411,1,-0.003,-0.49,0.46,-0.043,0.038,0.005,0.046,108.9,75.36
"2024-09-25 14:30:00",3162,11.86,411,1,-0.017,-0.83,0.2,-0.07,0.017,-0.028,0.017,108.7,73.73
"2024-09-25 15:00:00",3163,11.86,411,1,-0.022,-0.93,0.06,-0.079,0.004,-0.037,0.008,108.9,74.67
"2024-09-25 15:30:00",3164,11.85,411,1,-0.024,-1.03,0.06,-0.087,0.004,-0.048,0.004,109,73.99
"2024-09-25 16:00:00",3165,11.85,411,1,-0.016,-0.8,0.2,-0.068,0.016,-0.023,0.016,108.2,75.24
"2024-09-25 16:30:00",3166,11.85,411,1,-0.01,-0.72,0.41,-0.062,0.033,-0.015,0.041,107.2,74.17
"2024-09-25 17:00:00",3167,11.84,411,1,0,-0.44,0.6,-0.038,0.05,0,0.054,109.6,74.1
"2024-09-25 17:30:00",3168,11.84,411,1,0.001,-0.44,0.66,-0.039,0.054,0.005,0.054,108.6,75.37
"2024-09-25 18:00:00",3169,11.84,411,1,-0.006,-0.58,0.46,-0.049,0.038,-0.005,0.042,108,73.73
"2024-09-25 18:30:00",3170,11.84,411,1,-0.015,-0.79,0.25,-0.067,0.021,-0.035,0.021,109.4,73.61
