"TOA5","CR300Series_310","CR300","5804","CR300.Std.11.00","CPU:CR300_sapflow.CR300","32345","Table1"
"TIMESTAMP","RECORD","BattV_Min","id","SDI0","SapFlwTot0","VhOuter0","VhInner0","AlphaOut0","AlphaIn0","BetaOut0","BetaIn0","tMaxTout0","tMaxTin0"
"TS","RN","Volts","","","literPerHour","heatVelocity","heatVelocity","logTRatio","logTRatio","logTRatio","logTRatio","second","second"
"","","Min","Smp","Smp","Smp","Smp","Smp","Smp","Smp","Smp","Smp","Smp","Smp"
"2025-03-25 11:30:00",13162,13,310,0,0.013,-0.19,0.99,-0.017,0.083,-0.012,0.054,105.9,99.4
"2025-03-25 12:00:00",13163,12.83,310,0,0.001,-0.56,0.84,-0.049,0.069,-0.044,0.037,100.5,98.5
"2025-03-25 12:30:00",13164,12.84,310,0,0.009,-0.33,0.94,-0.029,0.077,0,0.044,109.9,108
"2025-03-25 13:00:00",13165,12.89,310,0,0.023,0.2,0.98,0.016,0.081,0.015,0.048,108.3,105.3
"2025-03-25 13:30:00",13166,12.91,310,0,0.022,0.1,1.04,0.008,0.085,0,0.056,97.8,96.8
"2025-03-25 14:00:00",13167,12.93,310,0,0.027,0.32,1.05,0.026,0.087,0.039,0.062,109.4,94.4
"2025-03-25 14:30:00",13168,12.94,310,0,0.03,0.45,0.99,0.037,0.082,0.07,0.063,109.3,95.3
"2025-03-25 15:00:00",13169,12.94,310,0,0.009,-0.31,0.95,-0.028,0.079,-0.031,0.05,91.6,89.1
"2025-03-25 15:30:00",13170,12.94,310,0,0,-0.73,0.95,-0.063,0.079,-0.08,0.06,86.7,93.3
"2025-03-25 16:00:00",13171,12.94,310,0,0.012,-0.28,1.06,-0.025,0.088,-0.024,0.073,81.3,83.6
"2025-03-25 16:30:00",13172,12.94,310,0,0.017,-0.05,1.02,-0.005,0.085,0,0.071,82.9,84.2
"2025-03-25 17:00:00",13173,12.93,310,0,0.021,0.07,1.02,0.006,0.084,0.012,0.07,81,78.8
"2025-03-25 17:30:00",13174,12.93,310,0,0.021,0.14,0.97,0.011,0.08,0.021,0.066,86.8,86.4
"2025-03-25 18:00:00",13175,12.92,310,0,0.031,0.38,1.18,0.031,0.097,0.034,0.083,94.6,82.9
"2025-03-25 18:30:00",13176,12.92,310,0,0.026,0.25,1.06,0.02,0.089,0.019,0.08,88.4,82.7
"2025-03-25 19:00:00",13177,12.91,310,0,0.021,0.06,1.05,0.005,0.087,0.015,0.073,86.9,82.2
"2025-03-25 19:30:00",13178,12.91,310,0,0.025,0.18,1.12,0.016,0.093,0.024,0.079,93.3,82.6
"2025-03-25 20:00:00",13179,12.91,310,0,0.022,0.06,1.09,0.005,0.09,0.014,0.071,95.9,85.7
"2025-03-25 20:30:00",13180,12.9,310,0,0.02,0.06,1.02,0.005,0.085,0.013,0.071,101.5,87.3
"2025-03-25 21:00:00",13181,12.9,310,0,0.014,-0.21,1.09,-0.02,0.09,-0.028,0.075,87.6,86.7
"2025-03-25 21:30:00",13182,12.9,310,0,0.004,-0.59,1.02,-0.051,0.085,-0.033,0.064,96.4,84.2
"2025-03-25 22:00:00",13183,12.9,310,0,0.01,-0.35,1.02,-0.031,0.085,-0.024,0.065,89.3,86.6
"2025-03-25 22:30:00",13184,12.89,310,0,0.026,0.24,1.09,0.02,0.09,0.032,0.075,96.2,86.7
"2025-03-25 23:00:00",13185,12.89,310,0,0.019,0,1.02,0,0.085,0.005,0.071,94,86.1
"2025-03-25 23:30:00",13186,12.89,310,0,0.019,0,1.02,0,0.085,0.014,0.065,96.3,87.1
"2025-03-26 00:00:00",13187,12.89,310,0,0.02,0.06,1.02,0.005,0.085,0.009,0.071,92,86.1
"2025-03-26 00:30:00",13188,12.89,310,0,0.029,0.31,1.18,0.025,0.097,0.033,0.083,93.7,85.5
"2025-03-26 01:00:00",13189,12.88,310,0,0.019,0,1.02,0,0.085,0,0.064,93.9,85.7
"2025-03-26 01:30:00",13190,12.88,310,0,0.006,-0.47,0.98,-0.041,0.08,-0.029,0.066,93.9,83.7
"2025-03-26 02:00:00",13191,12.88,310,0,0.016,-0.16,1.09,-0.015,0.09,-0.009,0.076,92.7,86
"2025-03-26 02:30:00",13192,12.88,310,0,0.013,-0.28,1.09,-0.026,0.09,-0.029,0.076,91.6,84.4
"2025-03-26 03:00:00",13193,12.87,310,0,0.021,0.11,0.98,0.01,0.081,0.013,0.061,99.7,85
"2025-03-26 03:30:00",13194,12.87,310,0,0.024,0.11,1.16,0.01,0.096,-0.027,0.076,81.3,87.4
"2025-03-26 04:00:00",13195,12.87,310,0,0.01,-0.35,1.04,-0.031,0.086,-0.01,0.066,95.3,86.6
"2025-03-26 04:30:00",13196,12.87,310,0,0.028,0.18,1.25,0.015,0.103,0.005,0.087,80.7,82.2
"2025-03-26 05:00:00",13197,12.86,310,0,0.03,0.29,1.25,0.025,0.103,0.023,0.082,92.7,85.7
"2025-03-26 05:30:00",13198,12.86,310,0,0.011,-0.41,1.18,-0.036,0.097,-0.039,0.077,88.4,84.2
"2025-03-26 06:00:00",13199,12.86,310,0,0.022,0.06,1.11,0.005,0.091,0.014,0.077,92.7,84.7
"2025-03-26 06:30:00",13200,12.86,310,0,0.007,-0.58,1.18,-0.049,0.097,-0.036,0.082,91.9,85.7
"2025-03-26 07:00:00",13201,12.85,310,0,0.015,-0.17,1.05,-0.016,0.086,0,0.072,98.3,84.6
"2025-03-26 07:30:00",13202,12.85,310,0,0.013,-0.23,1.02,-0.02,0.085,-0.024,0.071,96.5,84.3
"2025-03-26 08:00:00",13203,12.85,310,0,0.023,0.11,1.11,0.009,0.092,0.012,0.076,103.6,90.9
"2025-03-26 08:30:00",13204,12.85,310,0,0.007,-0.47,1.01,-0.041,0.084,-0.033,0.059,108.6,91.9
"2025-03-26 09:00:00",13205,12.85,310,0,0.02,0,1.08,0,0.089,0.016,0.064,102.7,93.3
"2025-03-26 09:30:00",13206,12.86,310,0,0.021,0.29,0.77,0.024,0.063,0.018,0.04,110,91.8
"2025-03-26 10:00:00",13207,12.87,310,0,0.014,-0.14,0.99,-0.014,0.082,-0.008,0.057,106.2,96
"2025-03-26 10:30:00",13208,12.88,310,0,0.023,0.15,1.02,0.012,0.084,0,0.051,97.9,99
"2025-03-26 11:00:00",13209,12.88,310,0,0.009,-0.38,1.05,-0.033,0.087,-0.036,0.062,89.2,92.5
"2025-03-26 11:30:00",13210,12.89,310,0,0.02,0.06,0.99,0.005,0.082,-0.008,0.052,104.7,95
"2025-03-26 12:00:00",13211,12.9,310,0,0.02,0.11,0.92,0.009,0.076,0,0.047,95.1,96.7
"2025-03-26 12:30:00",13212,12.91,310,0,0.021,0.14,0.97,0.012,0.08,0.033,0.051,109.8,100.1
"2025-03-26 13:00:00",13213,12.91,310,0,0.028,0.41,0.98,0.033,0.081,0.037,0.066,109,99.6
"2025-03-26 13:30:00",13214,12.92,310,0,0.017,0,0.95,0,0.079,-0.026,0.055,109.4,100.7
"2025-03-26 14:00:00",13215,12.92,310,0,0.036,0.73,0.98,0.06,0.081,0.116,0.061,109.8,98.6
"2025-03-26 14:30:00",13216,12.93,310,0,0.018,-0.03,1.04,-0.004,0.085,-0.015,0.061,98.3,98.9
"2025-03-26 15:00:00",13217,12.93,310,0,0.032,0.56,0.99,0.047,0.082,0.06,0.068,108.4,87.9
"2025-03-26 15:30:00",13218,12.93,310,0,0.008,-0.41,1.01,-0.036,0.084,-0.046,0.059,109.9,96.7
"2025-03-26 16:00:00",13219,12.93,310,0,0.003,-0.58,0.97,-0.05,0.08,-0.048,0.066,79.55,85.9
"2025-03-26 16:30:00",13220,12.92,310,0,-0.004,-0.93,0.99,-0.079,0.082,-0.064,0.063,82,86.1
"2025-03-26 17:00:00",13221,12.92,310,0,0.02,-0.03,1.15,-0.005,0.095,-0.018,0.08,76.09,85.9
"2025-03-26 17:30:00",13222,12.92,310,0,-0.066,-3.14,0.67,-0.262,0.056,-0.239,0.038,57.45,84.1
"2025-03-26 18:00:00",13223,12.91,310,0,-0.012,-1.29,1.05,-0.109,0.086,-0.075,0.072,92.5,82.8
"2025-03-26 18:30:00",13224,12.91,310,0,0,-0.83,1.16,-0.07,0.096,-0.073,0.075,84.6,78.95
"2025-03-26 19:00:00",13225,12.9,310,0,0.005,-0.56,1.08,-0.048,0.09,-0.041,0.075,93.4,81.9
"2025-03-26 19:30:00",13226,12.89,310,0,0.028,0.2,1.23,0.016,0.102,0.021,0.087,88.5,81.3
"2025-03-26 20:00:00",13227,12.89,310,0,0.026,0.2,1.15,0.016,0.095,0.03,0.08,92.3,82.6
"2025-03-26 20:30:00",13228,12.88,310,0,0.02,-0.1,1.22,-0.01,0.101,-0.015,0.08,87.6,82.7
"2025-03-26 21:00:00",13229,12.87,310,0,0.018,-0.1,1.15,-0.011,0.095,-0.015,0.086,85.7,83.5
"2025-03-26 21:30:00",13230,12.86,310,0,0.019,-0.05,1.13,-0.005,0.094,0,0.08,91.4,81.5
"2025-03-26 22:00:00",13231,12.85,310,0,0.022,0.06,1.13,0.005,0.094,0,0.085,90,82.5
"2025-03-26 22:30:00",13232,12.84,310,0,0.027,0.25,1.13,0.02,0.094,0.024,0.079,91.2,84.5
"2025-03-26 23:00:00",13233,12.84,310,0,0.018,-0.1,1.13,-0.01,0.094,-0.01,0.079,90.6,85.4
"2025-03-26 23:30:00",13234,12.83,310,0,0.03,0.31,1.2,0.026,0.1,0.034,0.085,91.6,82.7
"2025-03-27 00:00:00",13235,12.82,310,0,0.023,0.13,1.08,0.01,0.089,0.019,0.08,92.8,82.8
"2025-03-27 00:30:00",13236,12.82,310,0,0.021,0,1.13,0,0.094,0.01,0.079,90.2,83.6
"2025-03-27 01:00:00",13237,12.81,310,0,0.013,-0.3,1.13,-0.026,0.094,-0.025,0.073,91.3,83.9
"2025-03-27 01:30:00",13238,12.81,310,0,0.025,0.18,1.12,0.015,0.093,0,0.078,87.7,83.3
"2025-03-27 02:00:00",13239,12.81,310,0,0.003,-0.63,1.05,-0.054,0.087,-0.051,0.072,90.1,85.4
"2025-03-27 02:30:00",13240,12.8,310,0,0.036,0.64,1.05,0.053,0.087,0.062,0.072,96.5,83.5
"2025-03-27 03:00:00",13241,12.8,310,0,0.027,0.18,1.19,0.015,0.098,0.027,0.077,96.6,87.2
"2025-03-27 03:30:00",13242,12.79,310,0,0.022,0,1.18,0,0.097,0.005,0.083,95.7,84.5
"2025-03-27 04:00:00",13243,12.79,310,0,0.023,0.06,1.19,0.005,0.099,0.009,0.078,97.9,84.7
"2025-03-27 04:30:00",13244,12.79,310,0,0.031,0.42,1.12,0.034,0.092,0.05,0.077,97.6,86.7
"2025-03-27 05:00:00",13245,12.79,310,0,0.02,0,1.06,0,0.088,0.014,0.072,96.7,85.5
"2025-03-27 05:30:00",13246,12.78,310,0,0.027,0.24,1.12,0.02,0.093,0.023,0.078,97.2,85.5
"2025-03-27 06:00:00",13247,12.78,310,0,0.009,-0.35,0.98,-0.031,0.081,-0.014,0.067,99.7,84.3
"2025-03-27 06:30:00",13248,12.78,310,0,0.016,-0.1,1.05,-0.01,0.086,0.005,0.066,97.7,85.2
"2025-03-27 07:00:00",13249,12.78,310,0,0.024,0.22,1.02,0.019,0.085,0.022,0.07,97,89.4
"2025-03-27 07:30:00",13250,12.77,310,0,0.028,0.34,1.08,0.028,0.089,0.042,0.068,107.5,89.1
"2025-03-27 08:00:00",13251,12.78,310,0,0.025,0.17,1.12,0.014,0.092,0.033,0.071,109.7,90.8
"2025-03-27 08:30:00",13252,12.78,310,0,0.011,-0.3,1.01,-0.027,0.083,-0.02,0.058,109.3,99.1
"2025-03-27 09:00:00",13253,12.79,310,0,0.016,-0.03,0.95,-0.004,0.079,-0.004,0.05,109.7,102
"2025-03-27 09:30:00",13254,12.8,310,0,0.017,0,0.95,0,0.078,-0.007,0.045,109.7,104.8
"2025-03-27 10:00:00",13255,12.81,310,0,0.006,-0.45,0.94,-0.039,0.078,-0.039,0.049,109.9,105
"2025-03-27 10:30:00",13256,12.82,310,0,0.007,-0.37,0.9,-0.032,0.074,-0.016,0.046,109.4,102.7
"2025-03-27 11:00:00",13257,12.83,310,0,0.015,-0.09,0.97,-0.009,0.08,-0.004,0.051,106,98.8
"2025-03-27 11:30:00",13258,12.84,310,0,0.012,-0.28,1.06,-0.025,0.088,-0.011,0.058,109.9,104
"2025-03-27 12:00:00",13259,12.85,310,0,0.02,0.1,0.97,0.008,0.08,0.007,0.055,109.9,100.7
"2025-03-27 12:30:00",13260,12.87,310,0,-0.012,-1.14,0.88,-0.096,0.073,0.011,0.045,109.9,102.5
"2025-03-27 13:00:00",13261,12.87,310,0,0.016,-0.03,0.95,-0.004,0.079,0.008,0.05,109.5,101.8
"2025-03-27 13:30:00",13262,12.88,310,0,0.014,-0.07,0.87,-0.009,0.072,0.008,0.048,109.9,105.9
"2025-03-27 14:00:00",13263,12.88,310,0,0.017,0,0.95,0,0.078,0.022,0.054,109.9,102.2
"2025-03-27 14:30:00",13264,12.89,310,0,-0.017,-1.43,0.98,-0.12,0.081,-0.147,0.048,84.1,104.2
"2025-03-27 15:00:00",13265,12.89,310,0,-0.008,-0.93,0.83,-0.079,0.069,-0.097,0.05,78.17,89
"2025-03-27 15:30:00",13266,12.89,310,0,-0.012,-1.15,0.88,-0.097,0.073,-0.141,0.039,109.7,94.5
"2025-03-27 16:00:00",13267,12.89,310,0,0.002,-0.62,0.98,-0.054,0.081,-0.065,0.062,83.5,88
"2025-03-27 16:30:00",13268,12.89,310,0,-0.006,-0.91,0.9,-0.077,0.074,-0.068,0.05,88.9,87.7
"2025-03-27 17:00:00",13269,12.89,310,0,0.024,0.15,1.11,0.013,0.092,0.115,0.071,110,91.7
"2025-03-27 17:30:00",13270,12.89,310,0,-0.009,-1.01,0.84,-0.086,0.07,-0.096,0.051,75.92,89.5
"2025-03-27 18:00:00",13271,12.88,310,0,0.005,-0.61,1.09,-0.052,0.09,-0.05,0.076,84.7,85.5
"2025-03-27 18:30:00",13272,12.88,310,0,0.019,-0.12,1.2,-0.011,0.099,-0.011,0.085,84.7,80.8
"2025-03-27 19:00:00",13273,12.87,310,0,0.027,0.13,1.29,0.011,0.107,0.02,0.086,89.1,83.4
"2025-03-27 19:30:00",13274,12.86,310,0,0.024,0.07,1.23,0.005,0.102,0.015,0.086,88.1,83.4
"2025-03-27 20:00:00",13275,12.86,310,0,0.025,0.18,1.13,0.015,0.094,0.02,0.079,88.2,83.2
"2025-03-27 20:30:00",13276,12.85,310,0,0.016,-0.16,1.12,-0.015,0.092,-0.014,0.077,92.2,82.5
"2025-03-27 21:00:00",13277,12.84,310,0,0.023,0.18,1.02,0.015,0.085,0.018,0.071,93.9,87.7
"2025-03-27 21:30:00",13278,12.84,310,0,0.023,0.13,1.09,0.01,0.09,0.019,0.076,92.2,86.1
"2025-03-27 22:00:00",13279,12.83,310,0,0.022,0.13,1.02,0.01,0.085,0.019,0.071,91.4,87
"2025-03-27 22:30:00",13280,12.83,310,0,0.019,0,1.01,0,0.083,0.009,0.063,94.4,87.7
"2025-03-27 23:00:00",13281,12.82,310,0,0.02,0.06,1.01,0.005,0.084,0.014,0.069,97.9,88.2
"2025-03-27 23:30:00",13282,12.83,310,0,0.02,0.06,1.01,0.005,0.084,0.009,0.069,95.6,87.6
"2025-03-28 00:00:00",13283,12.82,310,0,0.024,0.18,1.08,0.015,0.089,0.018,0.069,93.7,87.2
"2025-03-28 00:30:00",13284,12.82,310,0,0.022,0.17,0.99,0.014,0.082,0.018,0.063,96.7,88.7
"2025-03-28 01:00:00",13285,12.82,310,0,0.02,0.06,0.99,0.005,0.082,0.009,0.063,97.9,89.3
"2025-03-28 01:30:00",13286,12.82,310,0,0.02,0.06,0.99,0.005,0.083,0.009,0.063,98.7,88.5
"2025-03-28 02:00:00",13287,12.82,310,0,0.014,-0.09,0.92,-0.01,0.077,0,0.057,92.6,86.9
"2025-03-28 02:30:00",13288,12.82,310,0,0.017,-0.1,1.06,-0.01,0.088,-0.009,0.068,97.6,85.9
"2025-03-28 03:00:00",13289,12.81,310,0,0.02,0.11,0.92,0.01,0.077,0.014,0.063,93.8,87.1
"2025-03-28 03:30:00",13290,12.81,310,0,0.005,-0.52,1.02,-0.045,0.084,-0.033,0.069,95.2,86.7
"2025-03-28 04:00:00",13291,12.81,310,0,0.011,-0.28,1.02,-0.025,0.085,-0.023,0.07,94.2,85
"2025-03-28 04:30:00",13292,12.81,310,0,0.014,-0.21,1.08,-0.02,0.089,-0.009,0.075,95.4,88.2
"2025-03-28 05:00:00",13293,12.81,310,0,0.022,0.11,1.06,0.009,0.087,0.022,0.073,102.7,90.6
"2025-03-28 05:30:00",13294,12.81,310,0,0.01,-0.33,0.99,-0.029,0.082,-0.027,0.068,89.6,88.4
"2025-03-28 06:00:00",13295,12.8,310,0,0.005,-0.48,0.97,-0.042,0.08,-0.03,0.055,102.3,92.3
"2025-03-28 06:30:00",13296,12.8,310,0,0.014,-0.14,0.97,-0.014,0.08,-0.004,0.06,103.1,90.6
"2025-03-28 07:00:00",13297,12.81,310,0,0.004,-0.48,0.9,-0.042,0.074,-0.039,0.05,96.7,92.5
"2025-03-28 07:30:00",13298,12.81,310,0,0.015,-0.09,0.94,-0.009,0.078,-0.008,0.049,102.2,94
"2025-03-28 08:00:00",13299,12.81,310,0,0.004,-0.48,0.88,-0.042,0.073,-0.038,0.053,99.6,91.9
"2025-03-28 08:30:00",13300,12.81,310,0,0.006,-0.42,0.94,-0.037,0.078,-0.042,0.054,101,95.5
"2025-03-28 09:00:00",13301,12.82,310,0,0.008,-0.37,0.95,-0.032,0.078,-0.009,0.059,107.9,91
"2025-03-28 09:30:00",13302,12.82,310,0,0.01,-0.31,0.99,-0.027,0.083,0.012,0.053,103,95.3
"2025-03-28 10:00:00",13303,12.82,310,0,0.018,0.1,0.83,0.008,0.068,-0.012,0.045,97.6,103.1
"2025-03-28 10:30:00",13304,12.83,310,0,-0.005,-0.83,0.81,-0.07,0.067,-0.071,0.043,92.1,92.9
"2025-03-28 11:00:00",13305,12.83,310,0,0.01,-0.28,0.92,-0.026,0.077,0,0.048,107.5,108.6
"2025-03-28 11:30:00",13306,12.84,310,0,-0.014,-1.19,0.85,-0.101,0.071,-0.004,0.039,109.9,110
"2025-03-28 12:00:00",13307,12.85,310,0,0.013,-0.07,0.84,-0.008,0.07,-0.046,0.038,83.2,105.5
"2025-03-28 12:30:00",13308,12.86,310,0,0.037,0.83,0.9,0.068,0.074,0.088,0.054,91.4,107.5
"2025-03-28 13:00:00",13309,12.87,310,0,-0.016,-1.22,0.74,-0.103,0.061,-0.064,0.034,109.9,109.7
"2025-03-28 13:30:00",13310,12.87,310,0,0.008,-0.37,0.95,-0.033,0.079,0,0.055,107.4,108.7
"2025-03-28 14:00:00",13311,12.88,310,0,0.032,0.63,0.9,0.052,0.074,-0.003,0.05,109.8,109.4
"2025-03-28 14:30:00",13312,12.89,310,0,-0.014,-1.14,0.78,-0.096,0.064,-0.15,0.033,95.2,108.5
"2025-03-28 15:00:00",13313,12.89,310,0,0.005,-0.45,0.92,-0.039,0.076,-0.085,0.053,75.19,92.3
"2025-03-28 15:30:00",13314,12.89,310,0,0.019,0.1,0.9,0.008,0.074,-0.055,0.046,89.8,99.6
"2025-03-28 16:00:00",13315,12.89,310,0,0.015,0,0.8,0,0.067,0.004,0.048,110,95.5
"2025-03-28 16:30:00",13316,12.89,310,0,0.019,0.13,0.84,0.01,0.069,-0.005,0.05,80.4,88
"2025-03-28 17:00:00",13317,12.89,310,0,0.005,-0.41,0.83,-0.035,0.069,0.032,0.05,109,91.5
"2025-03-28 17:30:00",13318,12.88,310,0,-0.044,-2.33,0.76,-0.194,0.063,-0.196,0.04,79.94,90.3
"2025-03-28 18:00:00",13319,12.88,310,0,-0.008,-1.04,0.92,-0.087,0.077,-0.084,0.068,87.7,88
"2025-03-28 18:30:00",13320,12.88,310,0,0.018,0,0.97,0,0.08,0,0.066,82.3,84.6
"2025-03-28 19:00:00",13321,12.87,310,0,0.011,-0.23,0.91,-0.021,0.076,-0.03,0.067,83.7,85.7
"2025-03-28 19:30:00",13322,12.87,310,0,0,-0.68,0.88,-0.057,0.073,-0.05,0.059,83.6,81.1
"2025-03-28 20:00:00",13323,12.86,310,0,0.023,0.13,1.09,0.011,0.091,0.01,0.082,85.3,81.9
"2025-03-28 20:30:00",13324,12.85,310,0,0.02,0,1.08,0,0.089,0,0.075,88.8,83.1
"2025-03-28 21:00:00",13325,12.84,310,0,0.02,0.06,1.02,0.005,0.084,0.009,0.07,92.7,85.2
"2025-03-28 21:30:00",13326,12.84,310,0,0.022,0.18,0.97,0.015,0.08,0.01,0.066,89.2,85.5
"2025-03-28 22:00:00",13327,12.83,310,0,0.018,-0.03,1.04,-0.005,0.086,0.009,0.066,92.8,82.6
"2025-03-28 22:30:00",13328,12.83,310,0,0.01,-0.19,0.83,-0.018,0.069,-0.012,0.05,102.3,90.3
"2025-03-28 23:00:00",13329,12.83,310,0,0.004,-0.42,0.84,-0.037,0.069,-0.039,0.055,94.6,90.7
"2025-03-28 23:30:00",13330,12.83,310,0,0.007,-0.33,0.84,-0.029,0.07,-0.022,0.051,98.3,90.1
"2025-03-29 00:00:00",13331,12.83,310,0,0.006,-0.4,0.87,-0.034,0.071,-0.033,0.052,91.2,88
"2025-03-29 00:30:00",13332,12.83,310,0,0.012,-0.21,0.94,-0.02,0.077,-0.019,0.058,90.4,85.9
"2025-03-29 01:00:00",13333,12.83,310,0,0.009,-0.27,0.87,-0.024,0.072,-0.023,0.053,93.9,88.7
"2025-03-29 01:30:00",13334,12.82,310,0,0.007,-0.33,0.87,-0.029,0.071,-0.031,0.057,92.3,88.6
"2025-03-29 02:00:00",13335,12.82,310,0,0.008,-0.33,0.92,-0.029,0.077,-0.032,0.057,94.4,86.9
"2025-03-29 02:30:00",13336,12.82,310,0,0.007,-0.42,0.98,-0.037,0.081,-0.039,0.067,94,88.8
"2025-03-29 03:00:00",13337,12.82,310,0,0.001,-0.63,0.92,-0.055,0.077,-0.052,0.057,90.2,86
"2025-03-29 03:30:00",13338,12.82,310,0,0.008,-0.33,0.92,-0.029,0.077,-0.031,0.057,91.7,90.8
"2025-03-29 04:00:00",13339,12.81,310,0,0.002,-0.52,0.87,-0.045,0.072,-0.037,0.052,90.8,87.3
"2025-03-29 04:30:00",13340,12.81,310,0,0.007,-0.44,0.99,-0.038,0.082,-0.044,0.068,93.1,88.4
"2025-03-29 05:00:00",13341,12.81,310,0,0.007,-0.45,1.01,-0.039,0.083,-0.028,0.058,93,89
"2025-03-29 05:30:00",13342,12.81,310,0,0.004,-0.56,1.01,-0.049,0.083,-0.036,0.063,96.2,86
"2025-03-29 06:00:00",13343,12.81,310,0,0.008,-0.38,0.99,-0.034,0.083,-0.027,0.063,95.5,88
"2025-03-29 06:30:00",13344,12.81,310,0,0.01,-0.38,1.06,-0.033,0.088,-0.027,0.068,96.4,87.9
"2025-03-29 07:00:00",13345,12.81,310,0,0.013,-0.26,1.05,-0.023,0.087,-0.021,0.067,95.8,90.4
"2025-03-29 07:30:00",13346,12.8,310,0,0.007,-0.44,0.98,-0.038,0.081,-0.04,0.056,94.8,91.2
"2025-03-29 08:00:00",13347,12.8,310,0,0.008,-0.42,1.04,-0.037,0.086,-0.03,0.061,99.7,93.8
"2025-03-29 08:30:00",13348,12.8,310,0,0.015,-0.13,1.01,-0.013,0.083,-0.008,0.058,99.6,95.9
"2025-03-29 09:00:00",13349,12.8,310,0,0.002,-0.54,0.88,-0.047,0.073,-0.039,0.049,96.7,92.5
"2025-03-29 09:30:00",13350,12.81,310,0,0.001,-0.62,0.92,-0.053,0.077,-0.036,0.053,98.9,95.9
"2025-03-29 10:00:00",13351,12.81,310,0,0.008,-0.42,1.01,-0.037,0.083,-0.042,0.054,99.9,92.7
"2025-03-29 10:30:00",13352,12.81,310,0,0.009,-0.31,0.94,-0.027,0.078,-0.017,0.049,105.5,92.8
"2025-03-29 11:00:00",13353,12.81,310,0,0.005,-0.4,0.84,-0.035,0.07,-0.041,0.042,109.8,99.5
"2025-03-29 11:30:00",13354,12.82,310,0,-0.007,-0.96,0.87,-0.08,0.072,-0.065,0.048,96.7,97.7
"2025-03-29 12:00:00",13355,12.82,310,0,-0.015,-1.15,0.71,-0.098,0.058,-0.078,0.027,89.2,99.6
"2025-03-29 12:30:00",13356,12.82,310,0,0.004,-0.48,0.91,-0.042,0.075,-0.034,0.046,109.8,98.1
"2025-03-29 13:00:00",13357,12.83,310,0,-0.02,-1.42,0.81,-0.119,0.067,-0.125,0.026,98,102.5
"2025-03-29 13:30:00",13358,12.84,310,0,0.015,-0.03,0.9,-0.004,0.074,0.028,0.046,88.9,99.5
"2025-03-29 14:00:00",13359,12.84,310,0,-0.008,-0.93,0.83,-0.079,0.069,-0.08,0.041,84.9,96
"2025-03-29 14:30:00",13360,12.84,310,0,0,-0.58,0.83,-0.05,0.069,-0.063,0.041,92,99.1
"2025-03-29 15:00:00",13361,12.84,310,0,0.006,-0.27,0.74,-0.024,0.062,-0.023,0.039,84.6,93.5
"2025-03-29 15:30:00",13362,12.84,310,0,0.012,-0.2,0.95,-0.019,0.079,-0.009,0.055,93.7,93
"2025-03-29 16:00:00",13363,12.84,310,0,0.007,-0.33,0.84,-0.029,0.069,-0.028,0.051,89.4,91.7
"2025-03-29 16:30:00",13364,12.84,310,0,0.014,-0.09,0.91,-0.009,0.075,-0.013,0.051,93.6,90.4
"2025-03-29 17:00:00",13365,12.84,310,0,-0.008,-0.98,0.87,-0.083,0.071,-0.055,0.048,103.1,91.8
"2025-03-29 17:30:00",13366,12.84,310,0,0.005,-0.35,0.8,-0.031,0.066,-0.03,0.047,83.4,86.2
"2025-03-29 18:00:00",13367,12.83,310,0,0.009,-0.28,0.9,-0.026,0.074,-0.03,0.054,83.5,84.8
"2025-03-29 18:30:00",13368,12.83,310,0,0.007,-0.41,0.98,-0.036,0.081,-0.039,0.061,87.1,82.1
"2025-03-29 19:00:00",13369,12.83,310,0,0.005,-0.47,0.91,-0.041,0.076,-0.044,0.056,83.8,82.9
"2025-03-29 19:30:00",13370,12.82,310,0,0.016,-0.03,0.91,-0.005,0.076,-0.01,0.062,86.9,84
"2025-03-29 20:00:00",13371,12.82,310,0,0.018,0.06,0.91,0.005,0.075,0.004,0.061,91.3,84.4
"2025-03-29 20:30:00",13372,12.81,310,0,0.016,-0.03,0.91,-0.005,0.075,-0.005,0.056,86.8,84.6
"2025-03-29 21:00:00",13373,12.81,310,0,0.014,-0.16,1.01,-0.016,0.083,-0.01,0.069,84.5,83.1
"2025-03-29 21:30:00",13374,12.8,310,0,0.022,0.13,1.01,0.01,0.083,0.01,0.069,87.3,82.9
"2025-03-29 22:00:00",13375,12.79,310,0,0.016,0,0.85,0,0.071,-0.005,0.057,87.5,82.8
"2025-03-29 22:30:00",13376,12.79,310,0,0.019,0.06,0.94,0.005,0.077,0,0.063,89,82.1
"2025-03-29 23:00:00",13377,12.78,310,0,0.021,0.06,1.06,0.005,0.088,0.009,0.067,88.4,84.2
"2025-03-29 23:30:00",13378,12.78,310,0,0.012,-0.23,0.99,-0.02,0.082,-0.019,0.073,87.4,82.9
"2025-03-30 00:00:00",13379,12.77,310,0,0.022,0.11,1.04,0.01,0.086,0.014,0.072,90.6,83.4
"2025-03-30 00:30:00",13380,12.77,310,0,0.018,-0.03,1.04,-0.005,0.086,-0.005,0.066,93.1,83.7
"2025-03-30 01:00:00",13381,12.76,310,0,0.02,0.11,0.95,0.01,0.079,0.004,0.065,91,85.3
"2025-03-30 01:30:00",13382,12.76,310,0,0.011,-0.2,0.88,-0.019,0.073,-0.013,0.059,98.8,85.8
"2025-03-30 02:00:00",13383,12.76,310,0,0.013,-0.14,0.92,-0.014,0.077,-0.017,0.057,97.7,88
"2025-03-30 02:30:00",13384,12.76,310,0,0.019,0,1.02,0,0.084,0,0.064,96.6,88.4
"2025-03-30 03:00:00",13385,12.76,310,0,0.012,-0.16,0.88,-0.014,0.073,-0.009,0.059,92.6,89.2
"2025-03-30 03:30:00",13386,12.76,310,0,0.006,-0.45,0.95,-0.039,0.078,-0.061,0.064,84.2,87
"2025-03-30 04:00:00",13387,12.76,310,0,0.026,0.35,0.95,0.029,0.079,0.036,0.059,93.4,86.2
"2025-03-30 04:30:00",13388,12.76,310,0,0.023,0.18,0.98,0.015,0.08,0.014,0.061,89.1,86
"2025-03-30 05:00:00",13389,12.76,310,0,0.004,-0.47,0.9,-0.04,0.075,-0.043,0.06,90.1,85.9
"2025-03-30 05:30:00",13390,12.75,310,0,0.009,-0.27,0.88,-0.024,0.073,-0.037,0.064,93.6,86.4
"2025-03-30 06:00:00",13391,12.75,310,0,0.019,0.06,0.95,0.005,0.078,0.005,0.059,89.3,87.8
"2025-03-30 06:30:00",13392,12.75,310,0,0.018,-0.03,1.02,-0.005,0.084,-0.009,0.07,93,87.8
"2025-03-30 07:00:00",13393,12.75,310,0,0.027,0.29,1.09,0.024,0.09,0.027,0.07,93.1,85.9
"2025-03-30 07:30:00",13394,12.75,310,0,0.017,-0.03,1.01,-0.005,0.084,0.004,0.063,98.5,89.1
"2025-03-30 08:00:00",13395,12.75,310,0,0.025,0.28,0.99,0.023,0.082,-0.009,0.067,86,88.8
"2025-03-30 08:30:00",13396,12.75,310,0,0.007,-0.38,0.91,-0.033,0.076,-0.031,0.056,95.7,90.3
"2025-03-30 09:00:00",13397,12.75,310,0,0.017,-0.03,1.01,-0.004,0.083,0.008,0.058,110,93
"2025-03-30 09:30:00",13398,12.75,310,0,0.016,-0.03,0.92,-0.004,0.076,-0.008,0.052,100.8,97.9
"2025-03-30 10:00:00",13399,12.75,310,0,0.02,0.11,0.95,0.009,0.079,0.021,0.055,105.5,92.6
"2025-03-30 10:30:00",13400,12.76,310,0,0.02,0.06,1.04,0.004,0.085,0.004,0.06,100,90
"2025-03-30 11:00:00",13401,12.75,310,0,0.003,-0.55,0.91,-0.047,0.075,-0.049,0.051,92.9,90.2
"2025-03-30 11:30:00",13402,12.76,310,0,0.02,0.11,0.95,0.009,0.079,-0.004,0.055,91.1,91.9
"2025-03-30 12:00:00",13403,12.75,310,0,0.021,0.21,0.87,0.018,0.072,0.017,0.048,100,97
"2025-03-30 12:30:00",13404,12.76,310,0,0.019,0.11,0.87,0.009,0.071,0.012,0.048,96.9,96.9
"2025-03-30 13:00:00",13405,12.76,310,0,0.024,0.28,0.91,0.023,0.075,0.018,0.042,89.6,95.7
"2025-03-30 13:30:00",13406,12.76,310,0,0.022,0.18,0.97,0.015,0.08,0.024,0.06,89.6,89.9
"2025-03-30 14:00:00",13407,12.76,310,0,0.028,0.36,1.02,0.03,0.085,0.034,0.065,89.2,86
"2025-03-30 14:30:00",13408,12.76,310,0,0.025,0.28,0.99,0.024,0.083,0.018,0.063,88.8,89.1
"2025-03-30 15:00:00",13409,12.76,310,0,0.028,0.45,0.91,0.037,0.075,0.035,0.056,91,89.1
"2025-03-30 15:30:00",13410,12.76,310,0,0.022,0.25,0.88,0.021,0.073,0.025,0.054,87.3,86.6
"2025-03-30 16:00:00",13411,12.76,310,0,0.024,0.24,1.01,0.019,0.084,0.014,0.063,82.9,89
"2025-03-30 16:30:00",13412,12.75,310,0,0.029,0.35,1.08,0.029,0.089,0.023,0.063,86.9,84.5
"2025-03-30 17:00:00",13413,12.75,310,0,0.02,0,1.08,0,0.089,-0.01,0.069,84.6,86.7
"2025-03-30 17:30:00",13414,12.74,310,0,0.026,0.27,1.06,0.022,0.088,0.021,0.068,85.7,82.5
"2025-03-30 18:00:00",13415,12.74,310,0,0.026,0.25,1.09,0.021,0.09,0.02,0.081,83.3,83.7
"2025-03-30 18:30:00",13416,12.74,310,0,0.026,0.31,0.99,0.025,0.082,0.024,0.068,90,82.5
"2025-03-30 19:00:00",13417,12.73,310,0,0.025,0.25,1.01,0.021,0.083,0.02,0.069,87.1,83.4
"2025-03-30 19:30:00",13418,12.73,310,0,0.028,0.36,1.01,0.031,0.083,0.034,0.075,86,82.6
"2025-03-30 20:00:00",13419,12.72,310,0,0.03,0.42,1.08,0.035,0.089,0.029,0.069,84.5,83.6
"2025-03-30 20:30:00",13420,12.72,310,0,0.035,0.66,0.99,0.055,0.082,0.056,0.068,90.3,84.9
"2025-03-30 21:00:00",13421,12.72,310,0,0.027,0.31,1.06,0.025,0.089,0.019,0.074,87.1,84.2
"2025-03-30 21:30:00",13422,12.72,310,0,0.017,-0.1,1.06,-0.01,0.088,0,0.073,93.6,84.6
"2025-03-30 22:00:00",13423,12.71,310,0,0.009,-0.34,0.98,-0.03,0.081,-0.019,0.067,94.5,86.3
"2025-03-30 22:30:00",13424,12.71,310,0,0.025,0.24,1.05,0.02,0.086,0.019,0.066,90.5,86.3
"2025-03-30 23:00:00",13425,12.71,310,0,0.023,0.18,0.98,0.015,0.081,0.019,0.067,93.9,84.2
"2025-03-30 23:30:00",13426,12.71,310,0,0.018,0,0.97,0,0.08,0.009,0.06,89,85.6
"2025-03-31 00:00:00",13427,12.7,310,0,0.03,0.48,0.98,0.039,0.081,0.046,0.061,96.3,86.3
"2025-03-31 00:30:00",13428,12.7,310,0,0.021,0.06,1.05,0.005,0.086,0.014,0.072,90.4,85.7
"2025-03-31 01:00:00",13429,12.7,310,0,0.027,0.35,0.97,0.029,0.08,0.036,0.065,95.4,87.7
"2025-03-31 01:30:00",13430,12.7,310,0,0.022,0.13,1.04,0.01,0.086,0.014,0.065,89.6,86.9
"2025-03-31 02:00:00",13431,12.7,310,0,0.022,0.13,1.04,0.01,0.086,0.014,0.071,93.6,87.1
"2025-03-31 02:30:00",13432,12.69,310,0,0.019,0,1.04,0,0.086,0.009,0.071,94.4,87.7
"2025-03-31 03:00:00",13433,12.69,310,0,0.024,0.24,0.97,0.02,0.08,0.014,0.06,91,87.8
"2025-03-31 03:30:00",13434,12.69,310,0,0.018,0,0.97,0,0.08,0,0.06,91.1,86.4
"2025-03-31 04:00:00",13435,12.69,310,0,0.022,0.11,1.02,0.01,0.084,0.009,0.064,95.2,90.8
"2025-03-31 04:30:00",13436,12.69,310,0,0.02,0.06,1.04,0.005,0.086,-0.005,0.066,88.9,85.5
"2025-03-31 05:00:00",13437,12.69,310,0,0.022,0.11,1.02,0.01,0.085,0.014,0.065,94.6,88.6
"2025-03-31 05:30:00",13438,12.69,310,0,0.019,0.06,0.97,0.005,0.08,0.005,0.065,96,88
"2025-03-31 06:00:00",13439,12.69,310,0,0.022,0.13,1.04,0.01,0.086,0.009,0.065,92.2,86.3
"2025-03-31 06:30:00",13440,12.69,310,0,0.022,0.13,1.04,0.01,0.086,0.009,0.071,93,87.6
"2025-03-31 07:00:00",13441,12.68,310,0,0.007,-0.41,0.98,-0.036,0.081,-0.033,0.057,101.1,91.2
"2025-03-31 07:30:00",13442,12.68,310,0,0.013,-0.2,0.98,-0.019,0.081,-0.022,0.056,98.4,90.4
"2025-03-31 08:00:00",13443,12.68,310,0,0.01,-0.26,0.91,-0.023,0.075,-0.013,0.056,99.5,91.5
"2025-03-31 08:30:00",13444,12.69,310,0,0.019,0.06,0.97,0.005,0.08,0,0.06,100,91
"2025-03-31 09:00:00",13445,12.69,310,0,0.022,0.13,1.01,0.01,0.083,0.014,0.063,91.8,87.1
"2025-03-31 09:30:00",13446,12.69,310,0,0.021,0.17,0.9,0.013,0.075,0.016,0.055,100.9,96.9
"2025-03-31 10:00:00",13447,12.69,310,0,0.022,0.17,0.98,0.014,0.08,0.018,0.061,99.6,92.9
"2025-03-31 10:30:00",13448,12.69,310,0,0.02,0.06,1.01,0.005,0.083,0.004,0.058,94.7,97.3
"2025-03-31 11:00:00",13449,12.69,310,0,0.019,0.06,0.95,0.005,0.079,0.009,0.054,97.2,94.5
"2025-03-31 11:30:00",13450,12.7,310,0,0.021,0.1,1.01,0.008,0.083,0.011,0.058,109.2,99
"2025-03-31 12:00:00",13451,12.7,310,0,0.019,0.06,0.98,0.005,0.081,-0.004,0.047,90.2,94.6
"2025-03-31 12:30:00",13452,12.7,310,0,0.009,-0.3,0.91,-0.027,0.076,0,0.047,108.1,99.4
"2025-03-31 13:00:00",13453,12.71,310,0,0.022,0.15,0.97,0.013,0.08,0.008,0.051,101.9,100.5
"2025-03-31 13:30:00",13454,12.71,310,0,0.027,0.34,0.99,0.027,0.082,0.021,0.053,90.3,96.7
"2025-03-31 14:00:00",13455,12.71,310,0,0.026,0.25,1.05,0.021,0.087,0.031,0.057,109.7,99
"2025-03-31 14:30:00",13456,12.71,310,0,0.029,0.39,1.04,0.033,0.085,0.022,0.061,83.3,95.6
"2025-03-31 15:00:00",13457,12.71,310,0,0.027,0.41,0.94,0.034,0.078,0.027,0.049,101.2,94.5
"2025-03-31 15:30:00",13458,12.71,310,0,0.021,0.07,1.02,0.006,0.084,-0.011,0.064,78.72,87.6
"2025-03-31 16:00:00",13459,12.71,310,0,0.036,0.55,1.19,0.045,0.098,0.068,0.083,99.6,85.9
"2025-03-31 16:30:00",13460,12.7,310,0,0.096,2.79,1.41,0.23,0.117,0.233,0.112,83.1,90
"2025-03-31 17:00:00",13461,12.7,310,0,-0.038,-2.47,1.25,-0.206,0.103,-0.22,0.082,74.74,89.3
"2025-03-31 17:30:00",13462,12.7,310,0,0.023,0.2,0.99,0.016,0.082,0.026,0.062,88.4,81.7
"2025-03-31 18:00:00",13463,12.69,310,0,0.028,0.25,1.16,0.021,0.096,0.02,0.082,85.6,84.4
"2025-03-31 18:30:00",13464,12.69,310,0,0.029,0.27,1.19,0.021,0.098,0.021,0.077,82.4,81
"2025-03-31 19:00:00",13465,12.69,310,0,0.027,0.2,1.19,0.016,0.099,0.015,0.084,81.8,82.9
"2025-03-31 19:30:00",13466,12.68,310,0,0.03,0.38,1.11,0.031,0.091,0.025,0.082,86.1,81.4
"2025-03-31 20:00:00",13467,12.68,310,0,0.016,-0.17,1.09,-0.016,0.091,-0.01,0.076,85.3,82.1
"2025-03-31 20:30:00",13468,12.67,310,0,0.029,0.31,1.16,0.026,0.096,0.029,0.075,90.2,82.7
"2025-03-31 21:00:00",13469,12.67,310,0,0.03,0.36,1.13,0.03,0.094,0.033,0.079,92.2,83.3
"2025-03-31 21:30:00",13470,12.66,310,0,0.018,-0.1,1.13,-0.01,0.094,-0.005,0.079,91.7,83.3
"2025-03-31 22:00:00",13471,12.66,310,0,0.024,0.13,1.12,0.01,0.093,0.005,0.077,88.5,86
"2025-03-31 22:30:00",13472,12.66,310,0,0.021,0,1.12,0,0.092,0.005,0.077,92.4,85.9
"2025-03-31 23:00:00",13473,12.66,310,0,0.016,-0.16,1.12,-0.015,0.093,0.018,0.072,102.4,86.5
"2025-03-31 23:30:00",13474,12.66,310,0,0.012,-0.28,1.04,-0.026,0.086,-0.029,0.071,90.8,84.4
"2025-04-01 00:00:00",13475,12.65,310,0,0.022,0.06,1.11,0.005,0.091,0.009,0.071,93.3,87.1
"2025-04-01 00:30:00",13476,12.65,310,0,0.007,-0.48,1.06,-0.041,0.088,-0.049,0.067,84.7,84.8
"2025-04-01 01:00:00",13477,12.65,310,0,0.012,-0.28,1.06,-0.026,0.088,-0.039,0.067,80.8,84.6
"2025-04-01 01:30:00",13478,12.65,310,0,0.02,-0.03,1.16,-0.005,0.096,-0.02,0.086,73.43,82.3
"2025-04-01 02:00:00",13479,12.65,310,0,0.033,0.42,1.22,0.034,0.101,0.046,0.08,99,84.6
"2025-04-01 02:30:00",13480,12.64,310,0,-0.017,-1.49,1.06,-0.125,0.088,-0.137,0.068,75.61,84.4
"2025-04-01 03:00:00",13481,12.64,310,0,0.015,-0.21,1.12,-0.02,0.093,-0.014,0.072,90.8,86.1
"2025-04-01 03:30:00",13482,12.64,310,0,0.012,-0.34,1.12,-0.03,0.093,-0.028,0.072,91.3,84.1
"2025-04-01 04:00:00",13483,12.64,310,0,0.02,0,1.09,0,0.09,-0.005,0.075,82.4,81.7
"2025-04-01 04:30:00",13484,12.63,310,0,-0.001,-0.94,1.2,-0.08,0.1,-0.077,0.091,77.79,80.6
"2025-04-01 05:00:00",13485,12.63,310,0,-0.012,-1.29,1.06,-0.108,0.088,-0.086,0.079,98.4,82.9
"2025-04-01 05:30:00",13486,12.62,310,0,0.028,0.21,1.23,0.018,0.101,0.054,0.086,100.9,79.21
"2025-04-01 06:00:00",13487,12.62,310,0,0.015,-0.37,1.32,-0.032,0.109,-0.031,0.094,86.6,82.7
"2025-04-01 06:30:00",13488,12.61,310,0,-0.006,-1.14,1.19,-0.096,0.099,-0.064,0.078,98.8,80.8
"2025-04-01 07:00:00",13489,12.61,310,0,0.068,1.74,1.33,0.144,0.109,0.111,0.093,79.68,81
"2025-04-01 07:30:00",13490,12.6,310,0,0.01,-0.49,1.23,-0.043,0.101,-0.047,0.086,75.18,81.3
"2025-04-01 08:00:00",13491,12.6,310,0,0.023,0,1.25,0,0.103,0.019,0.082,93.9,82.7
"2025-04-01 08:30:00",13492,12.6,310,0,-0.074,-3.79,1.13,-0.315,0.094,-0.301,0.073,78.64,83.5
"2025-04-01 09:00:00",13493,12.59,310,0,-0.01,-1.19,1.06,-0.101,0.088,-0.073,0.067,98.3,86.6
"2025-04-01 09:30:00",13494,12.59,310,0,0.002,-0.77,1.18,-0.066,0.097,-0.052,0.071,109.8,85.3
"2025-04-01 10:00:00",13495,12.59,310,0,0.02,0.06,1.01,0.005,0.084,0.013,0.063,83.7,91.5
"2025-04-01 10:30:00",13496,12.59,310,0,0.042,0.7,1.32,0.058,0.109,0.061,0.092,97,95
"2025-04-01 11:00:00",13497,12.59,310,0,0.038,0.66,1.18,0.054,0.097,0.067,0.076,109.6,86.7
"2025-04-01 11:30:00",13498,12.59,310,0,0.071,1.98,1.18,0.163,0.097,0.17,0.081,93.9,90.5
"2025-04-01 12:00:00",13499,12.59,310,0,0.016,-0.09,1.02,-0.01,0.085,-0.055,0.059,77.27,85.1
"2025-04-01 12:30:00",13500,12.6,310,0,-0.187,-7.95,0.66,-0.659,0.055,-0.223,0.026,110,87.7
"2025-04-01 13:00:00",13501,12.6,310,0,-0.039,-2.22,0.87,-0.185,0.072,-0.11,0.047,109.8,88.9
"2025-04-01 13:30:00",13502,12.6,310,0,0.029,0.52,0.87,0.043,0.072,0.097,0.057,109.6,91.9
"2025-04-01 14:00:00",13503,12.6,310,0,0.024,0.22,0.99,0.018,0.082,0.009,0.056,89.3,90.4
"2025-04-01 14:30:00",13504,12.61,310,0,0.031,0.52,0.97,0.043,0.08,0.064,0.059,109.7,88.3
"2025-04-01 15:00:00",13505,12.61,310,0,0.038,0.76,1.02,0.063,0.085,0.096,0.059,110,90.3
"2025-04-01 15:30:00",13506,12.6,310,0,-0.019,-1.45,0.92,-0.121,0.077,-0.14,0.052,93.8,89.8
"2025-04-01 16:00:00",13507,12.6,310,0,0.077,2.19,1.2,0.181,0.099,0.211,0.082,109.8,105.1
"2025-04-01 16:30:00",13508,12.6,310,0,-0.019,-1.74,1.32,-0.146,0.109,-0.171,0.088,65.78,95.9
"2025-04-01 17:00:00",13509,12.6,310,0,0.027,0.36,0.98,0.03,0.081,0.005,0.067,88.3,84.9
"2025-04-01 17:30:00",13510,12.6,310,0,0.049,1.26,0.94,0.104,0.078,0.164,0.063,109.8,84.3
"2025-04-01 18:00:00",13511,12.59,310,0,0.054,1.46,0.97,0.12,0.08,0.15,0.065,107.1,83.3
"2025-04-01 18:30:00",13512,12.59,310,0,0.013,-0.31,1.12,-0.028,0.092,-0.016,0.077,84.2,83.3
"2025-04-01 19:00:00",13513,12.59,310,0,0.04,0.78,1.12,0.064,0.092,0.075,0.083,94.3,82.9
"2025-04-01 19:30:00",13514,12.58,310,0,0.013,-0.24,1.06,-0.022,0.088,-0.022,0.079,87.1,81.9
"2025-04-01 20:00:00",13515,12.58,310,0,0.031,0.46,1.08,0.038,0.089,0.036,0.08,87.2,80.3
"2025-04-01 20:30:00",13516,12.57,310,0,0.029,0.32,1.15,0.027,0.095,0.02,0.086,88.2,80.7
"2025-04-01 21:00:00",13517,12.56,310,0,0.021,0,1.13,0,0.093,0.01,0.078,93.2,83.7
"2025-04-01 21:30:00",13518,12.56,310,0,0.033,0.43,1.18,0.036,0.098,0.033,0.088,95.2,84.7
"2025-04-01 22:00:00",13519,12.55,310,0,0.021,0.06,1.06,0.005,0.089,0.005,0.068,94.5,85.6
"2025-04-01 22:30:00",13520,12.55,310,0,0.031,0.43,1.08,0.036,0.09,0.034,0.075,90.9,84.5
"2025-04-01 23:00:00",13521,12.55,310,0,0.027,0.25,1.15,0.02,0.095,0.024,0.074,91.9,86.7
"2025-04-01 23:30:00",13522,12.54,310,0,0.023,0.13,1.08,0.011,0.09,0.005,0.075,92.2,82.7
"2025-04-02 00:00:00",13523,12.54,310,0,0.025,0.25,1.01,0.021,0.083,0.024,0.069,95.3,84.1
"2025-04-02 00:30:00",13524,12.54,310,0,0.025,0.2,1.09,0.016,0.091,0.005,0.069,91.4,83.5
"2025-04-02 01:00:00",13525,12.54,310,0,0.022,0.07,1.11,0.005,0.092,-0.005,0.071,88.6,83.4
"2025-04-02 01:30:00",13526,12.53,310,0,0.022,0,1.18,0,0.097,0,0.081,90.6,84.4
"2025-04-02 02:00:00",13527,12.53,310,0,0.033,0.52,1.11,0.043,0.091,0.045,0.076,94.3,84.9
"2025-04-02 02:30:00",13528,12.53,310,0,0.032,0.45,1.11,0.037,0.092,0.035,0.076,94.2,85.5
"2025-04-02 03:00:00",13529,12.52,310,0,0.02,-0.05,1.16,-0.005,0.096,0.005,0.081,97.3,85.1
"2025-04-02 03:30:00",13530,12.52,310,0,0.019,-0.05,1.09,-0.005,0.091,-0.015,0.07,91.4,83
"2025-04-02 04:00:00",13531,12.52,310,0,0.025,0.25,1.01,0.02,0.083,0.024,0.074,95.8,85.3
"2025-04-02 04:30:00",13532,12.52,310,0,0.026,0.25,1.09,0.021,0.09,0.029,0.069,96.5,86.5
"2025-04-02 05:00:00",13533,12.52,310,0,0.03,0.38,1.09,0.031,0.09,0.015,0.075,85,87
"2025-04-02 05:30:00",13534,12.51,310,0,0.024,0.18,1.06,0.015,0.089,0.014,0.079,98.7,86.3
"2025-04-02 06:00:00",13535,12.51,310,0,0.022,0.13,1.05,0.01,0.087,0.009,0.072,89.9,87.5
"2025-04-02 06:30:00",13536,12.51,310,0,0.025,0.18,1.12,0.016,0.093,0.005,0.072,92.4,86.4
"2025-04-02 07:00:00",13537,12.51,310,0,0.027,0.29,1.05,0.025,0.087,0.023,0.066,99.7,91.2
"2025-04-02 07:30:00",13538,12.51,310,0,0.027,0.22,1.16,0.019,0.096,0.018,0.069,102.9,92
"2025-04-02 08:00:00",13539,12.52,310,0,0.023,0.18,1.02,0.015,0.085,0.005,0.064,101.1,91.7
"2025-04-02 08:30:00",13540,12.52,310,0,0.017,-0.03,1.01,-0.005,0.084,-0.004,0.063,101.4,91.9
"2025-04-02 09:00:00",13541,12.52,310,0,0.028,0.28,1.12,0.023,0.093,0.013,0.066,104.9,95.7
"2025-04-02 09:30:00",13542,12.52,310,0,0.03,0.41,1.05,0.034,0.087,0.03,0.061,109.2,95.5
"2025-04-02 10:00:00",13543,12.53,310,0,0.025,0.22,1.04,0.019,0.086,0.017,0.06,100.3,97.9
"2025-04-02 10:30:00",13544,12.53,310,0,0.019,0.06,0.97,0.005,0.08,-0.004,0.054,94.4,97.2
"2025-04-02 11:00:00",13545,12.53,310,0,0.023,0.18,0.99,0.015,0.082,0.019,0.061,91.4,93.4
"2025-04-02 11:30:00",13546,12.54,310,0,0.024,0.17,1.05,0.014,0.087,0.017,0.061,105.9,94.9
"2025-04-02 12:00:00",13547,12.54,310,0,0.022,0.15,0.97,0.013,0.08,0.012,0.054,107,97.1
"2025-04-02 12:30:00",13548,12.54,310,0,0.014,-0.13,0.94,-0.013,0.078,-0.016,0.048,110,98
"2025-04-02 13:00:00",13549,12.54,310,0,0.029,0.46,0.95,0.039,0.079,0.043,0.054,108.8,99
"2025-04-02 13:30:00",13550,12.55,310,0,0.022,0.11,1.05,0.009,0.087,0.004,0.066,109,95.5
"2025-04-02 14:00:00",13551,12.55,310,0,0.013,-0.19,0.95,-0.018,0.079,-0.012,0.059,99.2,96.2
"2025-04-02 14:30:00",13552,12.55,310,0,-0.005,-0.89,0.88,-0.075,0.073,-0.052,0.053,92.5,87.8
"2025-04-02 15:00:00",13553,12.55,310,0,0.015,-0.1,0.97,-0.01,0.08,-0.014,0.06,93.6,87.9
"2025-04-02 15:30:00",13554,12.55,310,0,0.032,0.48,1.06,0.04,0.089,0.033,0.074,75.66,86
"2025-04-02 16:00:00",13555,12.55,310,0,0.025,0.28,0.99,0.023,0.082,0.027,0.067,84.2,86.6
"2025-04-02 16:30:00",13556,12.54,310,0,-0.015,-1.42,1.09,-0.119,0.09,-0.134,0.07,73.11,91.7
"2025-04-02 17:00:00",13557,12.54,310,0,0.005,-0.61,1.12,-0.052,0.092,-0.038,0.077,83.5,87.8
"2025-04-02 17:30:00",13558,12.54,310,0,0.033,0.67,0.9,0.055,0.075,0.059,0.06,85.9,80.9
"2025-04-02 18:00:00",13559,12.53,310,0,0.027,0.34,1.04,0.028,0.086,0.032,0.071,86.5,85.3
"2025-04-02 18:30:00",13560,12.53,310,0,0.021,0,1.12,0,0.092,0,0.077,90.8,82.1
"2025-04-02 19:00:00",13561,12.53,310,0,0.027,0.34,1.04,0.028,0.086,0.037,0.071,92,82.8
"2025-04-02 19:30:00",13562,12.52,310,0,0.016,-0.1,1.04,-0.011,0.085,0,0.071,89.6,84.1
"2025-04-02 20:00:00",13563,12.52,310,0,0.022,0.13,1.01,0.01,0.083,0.015,0.068,90.3,84.4
"2025-04-02 20:30:00",13564,12.52,310,0,0.021,0,1.15,0,0.095,-0.005,0.074,94.1,85.9
"2025-04-02 21:00:00",13565,12.51,310,0,0.023,0.13,1.06,0.01,0.089,0.009,0.067,93.4,87.5
"2025-04-02 21:30:00",13566,12.51,310,0,0.023,0.17,1.04,0.014,0.086,0.013,0.071,102.5,89.3
"2025-04-02 22:00:00",13567,12.51,310,0,0.018,0,0.97,0,0.08,0,0.059,95.2,90
"2025-04-02 22:30:00",13568,12.51,310,0,0.022,0.06,1.12,0.005,0.092,0.009,0.071,97,87.5
"2025-04-02 23:00:00",13569,12.51,310,0,0.024,0.18,1.04,0.015,0.086,0.018,0.064,97,90.5
"2025-04-02 23:30:00",13570,12.51,310,0,0.02,0.06,1.02,0.005,0.085,0.005,0.07,96.6,90.9
"2025-04-03 00:00:00",13571,12.51,310,0,0.023,0.18,1.02,0.014,0.085,0.013,0.064,99.7,91
"2025-04-03 00:30:00",13572,12.51,310,0,0.027,0.29,1.09,0.025,0.09,0.023,0.069,97.8,89.1
"2025-04-03 01:00:00",13573,12.51,310,0,0.024,0.13,1.11,0.01,0.091,0.019,0.065,94.6,89.4
"2025-04-03 01:30:00",13574,12.51,310,0,0.025,0.18,1.11,0.015,0.091,0.019,0.07,96.7,87.5
"2025-04-03 02:00:00",13575,12.51,310,0,0.023,0.18,1.02,0.015,0.085,0.014,0.064,98,91
"2025-04-03 02:30:00",13576,12.51,310,0,0.025,0.18,1.09,0.015,0.09,0.014,0.064,96.6,89.4
"2025-04-03 03:00:00",13577,12.51,310,0,0.022,0.13,1.02,0.01,0.085,0.018,0.064,94.6,90.1
"2025-04-03 03:30:00",13578,12.51,310,0,0.026,0.24,1.11,0.02,0.091,0.018,0.064,97.1,88.9
"2025-04-03 04:00:00",13579,12.51,310,0,0.026,0.24,1.11,0.02,0.091,0.018,0.064,93.2,89.3
"2025-04-03 04:30:00",13580,12.51,310,0,0.022,0.18,0.97,0.015,0.08,0.014,0.065,97,88.1
"2025-04-03 05:00:00",13581,12.51,310,0,0.022,0.06,1.12,0.005,0.093,0.01,0.072,93.1,87.2
"2025-04-03 05:30:00",13582,12.51,310,0,0.022,0.13,1.02,0.01,0.085,0.009,0.064,93.7,90.8
"2025-04-03 06:00:00",13583,12.51,310,0,0.026,0.29,1.02,0.025,0.085,0.023,0.064,96.7,88
"2025-04-03 06:30:00",13584,12.51,310,0,0.025,0.24,1.04,0.02,0.086,0.019,0.059,96.1,90.2
"2025-04-03 07:00:00",13585,12.51,310,0,0.024,0.18,1.04,0.015,0.086,0.023,0.064,98.9,90.4
"2025-04-03 07:30:00",13586,12.51,310,0,0.023,0.18,1.02,0.015,0.085,0.018,0.064,95.4,91.4
"2025-04-03 08:00:00",13587,12.51,310,0,0.023,0.17,1.01,0.014,0.083,0.009,0.063,102.5,91.3
"2025-04-03 08:30:00",13588,12.51,310,0,0.015,-0.16,1.06,-0.014,0.087,-0.022,0.062,100.4,96
"2025-04-03 09:00:00",13589,12.51,310,0,0.017,-0.03,0.98,-0.005,0.081,0,0.056,98.1,95.9
"2025-04-03 09:30:00",13590,12.51,310,0,0.017,0,0.94,0,0.078,-0.004,0.057,109.7,101.7
"2025-04-03 10:00:00",13591,12.51,310,0,0.001,-0.65,0.97,-0.056,0.08,-0.068,0.05,109.9,108.4
"2025-04-03 10:30:00",13592,12.52,310,0,0.019,0.13,0.88,0.01,0.073,0.014,0.038,100.7,96.5
"2025-04-03 11:00:00",13593,12.52,310,0,0.02,0.17,0.87,0.014,0.072,0.009,0.042,101.8,101.4
"2025-04-03 11:30:00",13594,12.52,310,0,0.02,0.11,0.92,0.009,0.076,0.012,0.042,104.4,106
"2025-04-03 12:00:00",13595,12.53,310,0,0.019,0,1.01,0,0.083,-0.004,0.053,98.2,98.8
"2025-04-03 12:30:00",13596,12.53,310,0,0.019,0.1,0.9,0.008,0.074,0.004,0.045,109.8,109.1
"2025-04-03 13:00:00",13597,12.54,310,0,-0.013,-1.17,0.83,-0.098,0.068,-0.071,0.035,109.3,109.3
"2025-04-03 13:30:00",13598,12.54,310,0,0.013,-0.05,0.77,-0.006,0.063,-0.005,0.035,91.3,94.1
"2025-04-03 14:00:00",13599,12.54,310,0,0.014,-0.19,1.01,-0.017,0.083,-0.011,0.062,109.9,108.5
"2025-04-03 14:30:00",13600,12.55,310,0,0.002,-0.61,0.94,-0.052,0.077,-0.049,0.048,109.6,109.1
"2025-04-03 15:00:00",13601,12.55,310,0,0.024,0.21,1.01,0.017,0.083,0.012,0.048,109.5,103.1
"2025-04-03 15:30:00",13602,12.55,310,0,0.012,-0.16,0.87,-0.015,0.072,-0.014,0.052,85.8,88.8
"2025-04-03 16:00:00",13603,12.55,310,0,0.039,0.78,1.06,0.064,0.088,0.093,0.067,109.8,107.9
"2025-04-03 16:30:00",13604,12.55,310,0,0.011,-0.26,0.98,-0.024,0.081,-0.034,0.055,79.67,86
"2025-04-03 17:00:00",13605,12.54,310,0,0.028,0.28,1.12,0.023,0.092,0.022,0.077,83.7,83.7
"2025-04-03 17:30:00",13606,12.54,310,0,0.022,0.07,1.09,0.005,0.091,0,0.081,87,82.8
"2025-04-03 18:00:00",13607,12.53,310,0,0.027,0.28,1.06,0.023,0.088,0.022,0.072,82.4,81
"2025-04-03 18:30:00",13608,12.53,310,0,0.024,0.07,1.23,0.005,0.101,0.005,0.085,83.2,81.6
"2025-04-03 19:00:00",13609,12.52,310,0,0.026,0.2,1.13,0.016,0.093,0.015,0.079,87.2,83.2
"2025-04-03 19:30:00",13610,12.52,310,0,0.024,0.07,1.2,0.005,0.099,0.005,0.078,88.8,82
"2025-04-03 20:00:00",13611,12.51,310,0,0.02,0,1.11,0,0.092,-0.005,0.076,88.4,84.7
"2025-04-03 20:30:00",13612,12.51,310,0,0.022,0,1.2,0,0.1,-0.004,0.078,99.3,88.1
"2025-04-03 21:00:00",13613,12.51,310,0,0.009,-0.38,1.01,-0.033,0.084,-0.032,0.069,86.4,84
"2025-04-03 21:30:00",13614,12.5,310,0,0.025,0.13,1.2,0.011,0.099,0.01,0.084,87.1,82.9
"2025-04-03 22:00:00",13615,12.5,310,0,0.025,0.13,1.18,0.01,0.097,0.015,0.081,91.9,84.7
"2025-04-03 22:30:00",13616,12.49,310,0,0.023,0.13,1.08,0.01,0.089,0.01,0.068,91,87.1
"2025-04-03 23:00:00",13617,12.49,310,0,0.022,0.06,1.12,0.005,0.092,0.009,0.066,95.8,89.1
"2025-04-03 23:30:00",13618,12.49,310,0,0.02,0.06,1.04,0.005,0.086,0.005,0.065,94.4,86.7
"2025-04-04 00:00:00",13619,12.49,310,0,0.013,-0.16,0.97,-0.015,0.08,-0.018,0.059,95.2,91
"2025-04-04 00:30:00",13620,12.49,310,0,0.012,-0.28,1.04,-0.025,0.086,-0.005,0.06,100.3,90.4
"2025-04-04 01:00:00",13621,12.49,310,0,0.009,-0.41,1.05,-0.036,0.087,-0.044,0.072,89.9,90
"2025-04-04 01:30:00",13622,12.49,310,0,0.015,-0.16,1.06,-0.015,0.088,-0.019,0.067,91.3,88.6
"2025-04-04 02:00:00",13623,12.49,310,0,0.007,-0.41,0.98,-0.036,0.081,-0.019,0.061,98.7,88.3
"2025-04-04 02:30:00",13624,12.49,310,0,0.006,-0.54,1.06,-0.046,0.088,-0.038,0.062,94.5,85.3
"2025-04-04 03:00:00",13625,12.48,310,0,0.007,-0.48,1.06,-0.041,0.089,-0.039,0.068,89.8,88.8
"2025-04-04 03:30:00",13626,12.48,310,0,0.01,-0.35,1.06,-0.031,0.089,-0.039,0.067,91.2,86.7
"2025-04-04 04:00:00",13627,12.48,310,0,0.005,-0.52,0.99,-0.046,0.082,-0.043,0.062,93.9,86.2
"2025-04-04 04:30:00",13628,12.48,310,0,0.015,-0.16,1.06,-0.016,0.089,-0.015,0.068,93.8,85.3
"2025-04-04 05:00:00",13629,12.48,310,0,0.021,0.06,1.06,0.005,0.088,0,0.073,89.4,84.4
"2025-04-04 05:30:00",13630,12.47,310,0,0.009,-0.34,0.99,-0.031,0.082,-0.038,0.067,91.6,86.9
"2025-04-04 06:00:00",13631,12.47,310,0,0.014,-0.23,1.06,-0.021,0.089,-0.019,0.073,90.7,84.8
"2025-04-04 06:30:00",13632,12.47,310,0,0.011,-0.27,0.98,-0.025,0.081,-0.028,0.066,96.6,89.4
"2025-04-04 07:00:00",13633,12.47,310,0,0.014,-0.16,0.98,-0.015,0.081,-0.014,0.061,92.5,89.5
"2025-04-04 07:30:00",13634,12.47,310,0,0.018,-0.09,1.11,-0.01,0.091,-0.014,0.064,92.8,88.1
"2025-04-04 08:00:00",13635,12.47,310,0,0.013,-0.16,0.97,-0.015,0.08,-0.018,0.059,95.4,92.4
"2025-04-04 08:30:00",13636,12.47,310,0,0.009,-0.38,1.01,-0.033,0.083,-0.026,0.057,93,93.5
"2025-04-04 09:00:00",13637,12.47,310,0,0.01,-0.27,0.95,-0.025,0.078,-0.023,0.053,96.3,91.9
"2025-04-04 09:30:00",13638,12.47,310,0,0.001,-0.72,1.05,-0.061,0.087,-0.061,0.055,107.5,95.6
"2025-04-04 10:00:00",13639,12.47,310,0,0.011,-0.26,0.97,-0.023,0.08,-0.021,0.055,109.9,98.7
"2025-04-04 10:30:00",13640,12.47,310,0,0.014,-0.14,0.97,-0.014,0.08,-0.039,0.049,81.2,98.8
"2025-04-04 11:00:00",13641,12.48,310,0,-0.006,-0.91,0.91,-0.077,0.075,-0.07,0.045,106.9,96.4
"2025-04-04 11:30:00",13642,12.48,310,0,0.01,-0.27,0.92,-0.025,0.077,-0.023,0.052,80.8,95.1
"2025-04-04 12:00:00",13643,12.48,310,0,0.007,-0.44,0.99,-0.038,0.082,-0.044,0.057,93.5,92.3
"2025-04-04 12:30:00",13644,12.48,310,0,0.012,-0.26,0.99,-0.024,0.083,-0.026,0.057,97.3,92.4
"2025-04-04 13:00:00",13645,12.48,310,0,0.004,-0.58,1.01,-0.049,0.083,-0.042,0.057,90.7,92.8
"2025-04-04 13:30:00",13646,12.48,310,0,0.001,-0.56,0.84,-0.048,0.07,-0.056,0.036,104.5,109
"2025-04-04 14:00:00",13647,12.48,310,0,-0.013,-1.18,0.85,-0.1,0.071,-0.1,0.041,89.2,89.5
"2025-04-04 14:30:00",13648,12.48,310,0,0.009,-0.34,0.99,-0.03,0.083,-0.023,0.057,92.1,93.4
"2025-04-04 15:00:00",13649,12.48,310,0,0.011,-0.27,1.01,-0.024,0.084,-0.022,0.063,99.9,91.7
"2025-04-04 15:30:00",13650,12.48,310,0,0.005,-0.48,0.97,-0.042,0.08,-0.04,0.06,89.6,88.4
"2025-04-04 16:00:00",13651,12.48,310,0,0.024,0.18,1.08,0.015,0.089,0.014,0.068,96.8,88.4
"2025-04-04 16:30:00",13652,12.48,310,0,0.022,0.06,1.12,0.005,0.093,0.004,0.072,94,88.8
"2025-04-04 17:00:00",13653,12.48,310,0,0.009,-0.35,0.99,-0.031,0.082,-0.025,0.061,90.7,87.5
"2025-04-04 17:30:00",13654,12.47,310,0,0.017,-0.1,1.06,-0.01,0.089,-0.01,0.073,86.9,88.2
"2025-04-04 18:00:00",13655,12.47,310,0,0.018,-0.12,1.15,-0.011,0.095,-0.011,0.08,81.8,80.8
"2025-04-04 18:30:00",13656,12.47,310,0,0.016,-0.1,1.05,-0.011,0.086,-0.015,0.077,90.3,84.6
"2025-04-04 19:00:00",13657,12.46,310,0,0.027,0.2,1.22,0.016,0.101,0.021,0.079,84.9,81.7
"2025-04-04 19:30:00",13658,12.46,310,0,0.03,0.27,1.27,0.022,0.105,0.011,0.096,74.23,79.56
"2025-04-04 20:00:00",13659,12.45,310,0,0.027,0.2,1.19,0.017,0.098,0.037,0.089,92,81
"2025-04-04 20:30:00",13660,12.44,310,0,0.016,-0.26,1.25,-0.023,0.103,-0.016,0.093,90.1,80.6
"2025-04-04 21:00:00",13661,12.44,310,0,0.024,0.13,1.13,0.011,0.094,0.005,0.073,86.5,82.8
"2025-04-04 21:30:00",13662,12.43,310,0,0.008,-0.44,1.06,-0.039,0.088,-0.048,0.072,85.3,83.4
"2025-04-04 22:00:00",13663,12.43,310,0,0.033,0.52,1.06,0.043,0.088,0.056,0.072,94,83.8
"2025-04-04 22:30:00",13664,12.43,310,0,0.028,0.25,1.19,0.021,0.099,0.02,0.083,90.2,86.5
"2025-04-04 23:00:00",13665,12.42,310,0,0.025,0.13,1.19,0.011,0.099,-0.01,0.089,73.27,84.4
"2025-04-04 23:30:00",13666,12.42,310,0,0.021,0,1.15,0,0.095,0,0.079,87.5,83.1
"2025-04-05 00:00:00",13667,12.41,310,0,0.024,0.07,1.22,0.005,0.101,0.005,0.085,87.9,82.4
"2025-04-05 00:30:00",13668,12.41,310,0,0.024,0.07,1.2,0.005,0.099,0,0.078,81.1,85.4
"2025-04-05 01:00:00",13669,12.41,310,0,0.025,0.13,1.18,0.011,0.098,0.015,0.082,91.6,84.7
"2025-04-05 01:30:00",13670,12.41,310,0,0.03,0.31,1.19,0.026,0.098,0.019,0.082,91.7,84
"2025-04-05 02:00:00",13671,12.4,310,0,0.027,0.25,1.11,0.021,0.092,0.025,0.07,88.3,85.6
"2025-04-05 02:30:00",13672,12.4,310,0,0.025,0.13,1.19,0.01,0.098,0.005,0.071,93.4,85.9
"2025-04-05 03:00:00",13673,12.4,310,0,0.031,0.34,1.22,0.028,0.101,0.021,0.085,85,83.8
"2025-04-05 03:30:00",13674,12.4,310,0,0.028,0.21,1.22,0.017,0.101,0.027,0.085,88.6,85.7
"2025-04-05 04:00:00",13675,12.39,310,0,0.042,0.74,1.26,0.061,0.105,0.062,0.095,88.8,86.4
"2025-04-05 04:30:00",13676,12.39,310,0,0.024,0.14,1.13,0.011,0.093,0.016,0.078,89.5,85.3
"2025-04-05 05:00:00",13677,12.39,310,0,0.03,0.32,1.2,0.026,0.1,0.025,0.084,92.2,84.5
"2025-04-05 05:30:00",13678,12.39,310,0,0.024,0.13,1.13,0.011,0.093,0.01,0.078,91.9,84.7
"2025-04-05 06:00:00",13679,12.38,310,0,0.016,-0.24,1.19,-0.022,0.099,-0.021,0.077,89.5,83.8
"2025-04-05 06:30:00",13680,12.38,310,0,0.007,-0.59,1.22,-0.05,0.101,-0.053,0.079,90.6,82.4
"2025-04-05 07:00:00",13681,12.38,310,0,0.032,0.38,1.2,0.032,0.099,0.035,0.083,92.8,82.8
"2025-04-05 07:30:00",13682,12.38,310,0,0.031,0.45,1.05,0.037,0.086,0.039,0.071,92.7,83.5
"2025-04-05 08:00:00",13683,12.38,310,0,0.019,-0.03,1.09,-0.005,0.09,-0.005,0.075,98.4,87.2
"2025-04-05 08:30:00",13684,12.37,310,0,0.033,0.53,1.08,0.044,0.09,0.044,0.074,108.4,87.9
"2025-04-05 09:00:00",13685,12.37,310,0,0.025,0.18,1.13,0.015,0.094,0.01,0.067,90.2,87
"2025-04-05 09:30:00",13686,12.37,310,0,0.024,0.13,1.15,0.01,0.095,0.009,0.067,97.4,90.2
"2025-04-05 10:00:00",13687,12.37,310,0,0.025,0.18,1.12,0.015,0.093,0.018,0.066,99.9,89.2
"2025-04-05 10:30:00",13688,12.37,310,0,0.022,0.11,1.04,0.01,0.086,0.009,0.07,99.3,91.4
"2025-04-05 11:00:00",13689,12.38,310,0,0.024,0.13,1.11,0.01,0.091,0.023,0.07,106.6,91.4
"2025-04-05 11:30:00",13690,12.38,310,0,0.017,0,0.92,0,0.077,0,0.046,94.3,98.4
"2025-04-05 12:00:00",13691,12.38,310,0,0.02,0.1,0.97,0.008,0.08,0.007,0.049,110,103.7
"2025-04-05 12:30:00",13692,12.39,310,0,-0.004,-0.86,0.91,-0.073,0.076,-0.057,0.04,106.3,96.6
"2025-04-05 13:00:00",13693,12.39,310,0,0.031,0.43,1.09,0.036,0.09,0.033,0.064,96.5,91.3
"2025-04-05 13:30:00",13694,12.39,310,0,0.019,0,1.01,0,0.083,-0.012,0.047,109.6,101.9
"2025-04-05 14:00:00",13695,12.4,310,0,0.018,0.06,0.88,0.005,0.073,0,0.043,99.4,101.4
"2025-04-05 14:30:00",13696,12.4,310,0,0.019,0.07,0.95,0.005,0.079,0,0.058,91.3,93.4
"2025-04-05 15:00:00",13697,12.4,310,0,0.019,0.06,0.97,0.005,0.08,-0.004,0.044,97.5,97.5
"2025-04-05 15:30:00",13698,12.4,310,0,0.03,0.42,1.08,0.035,0.089,0.029,0.063,91.4,93
"2025-04-05 16:00:00",13699,12.4,310,0,0.043,0.81,1.23,0.067,0.101,0.085,0.074,109.7,105
"2025-04-05 16:30:00",13700,12.41,310,0,0.021,0.13,0.98,0.011,0.08,0.005,0.06,89.1,87.7
"2025-04-05 17:00:00",13701,12.41,310,0,0.01,-0.45,1.18,-0.04,0.097,-0.055,0.076,83.2,90.3
"2025-04-05 17:30:00",13702,12.41,310,0,0.033,0.49,1.11,0.041,0.092,0.087,0.082,109.9,86.1
"2025-04-05 18:00:00",13703,12.4,310,0,0.01,-0.41,1.09,-0.036,0.09,-0.035,0.063,79.04,86.4
"2025-04-05 18:30:00",13704,12.4,310,0,0.024,0.22,0.99,0.018,0.082,0.018,0.067,81,81.3
"2025-04-05 19:00:00",13705,12.39,310,0,0.027,0.21,1.16,0.017,0.097,0.022,0.087,84.3,80.6
"2025-04-05 19:30:00",13706,12.39,310,0,0.026,0.2,1.16,0.017,0.097,0.016,0.087,83.6,81.2
"2025-04-05 20:00:00",13707,12.39,310,0,0.033,0.41,1.25,0.033,0.103,0.026,0.093,85,83.3
"2025-04-05 20:30:00",13708,12.38,310,0,0.026,0.13,1.23,0.011,0.102,0.01,0.08,88.9,83.7
"2025-04-05 21:00:00",13709,12.38,310,0,0.027,0.2,1.22,0.016,0.101,0.02,0.091,91.4,82
"2025-04-05 21:30:00",13710,12.37,310,0,0.027,0.25,1.13,0.021,0.093,0.02,0.084,88.8,82.6
"2025-04-05 22:00:00",13711,12.37,310,0,0.026,0.2,1.12,0.016,0.093,0.02,0.077,90.6,83.1
"2025-04-05 22:30:00",13712,12.37,310,0,0.026,0.2,1.12,0.016,0.092,0.015,0.071,90.1,83.2
"2025-04-05 23:00:00",13713,12.36,310,0,0.022,0,1.19,0,0.098,0.005,0.077,92.2,86.2
"2025-04-05 23:30:00",13714,12.36,310,0,0.025,0.13,1.18,0.01,0.098,0.01,0.076,91.1,88.1
"2025-04-06 00:00:00",13715,12.36,310,0,0.024,0.13,1.12,0.011,0.092,0.015,0.077,89.6,84.9
"2025-04-06 00:30:00",13716,12.36,310,0,0.016,-0.1,1.05,-0.011,0.087,-0.026,0.071,89.2,86.2
"2025-04-06 01:00:00",13717,12.36,310,0,0.008,-0.41,1.01,-0.036,0.084,-0.019,0.063,97.8,90.1
"2025-04-06 01:30:00",13718,12.35,310,0,0.016,-0.1,1.04,-0.011,0.085,-0.015,0.07,87.6,86.9
"2025-04-06 02:00:00",13719,12.35,310,0,0.014,-0.23,1.09,-0.02,0.091,-0.014,0.075,93.2,85.7
"2025-04-06 02:30:00",13720,12.35,310,0,0.016,-0.17,1.11,-0.016,0.091,-0.015,0.069,93.8,86.6
"2025-04-06 03:00:00",13721,12.35,310,0,0.013,-0.3,1.11,-0.027,0.091,-0.01,0.07,94.6,83.9
"2025-04-06 03:30:00",13722,12.35,310,0,0.018,-0.1,1.11,-0.011,0.091,0,0.064,91.5,85.3
"2025-04-06 04:00:00",13723,12.35,310,0,0.017,-0.1,1.09,-0.011,0.091,-0.025,0.069,93.3,86.6
"2025-04-06 04:30:00",13724,12.35,310,0,0.011,-0.3,1.02,-0.027,0.085,-0.02,0.064,94.3,87.1
"2025-04-06 05:00:00",13725,12.35,310,0,0.016,-0.17,1.11,-0.016,0.091,-0.02,0.07,85.6,86.9
"2025-04-06 05:30:00",13726,12.35,310,0,0.017,-0.1,1.09,-0.011,0.091,-0.02,0.069,81,85.1
"2025-04-06 06:00:00",13727,12.34,310,0,0.014,-0.28,1.18,-0.026,0.097,-0.005,0.069,95.5,86.5
"2025-04-06 06:30:00",13728,12.34,310,0,0.004,-0.62,1.09,-0.053,0.09,-0.045,0.069,87.9,87.5
"2025-04-06 07:00:00",13729,12.34,310,0,0.001,-0.75,1.09,-0.064,0.09,-0.06,0.075,95.1,88.9
"2025-04-06 07:30:00",13730,12.34,310,0,0.017,-0.1,1.08,-0.01,0.089,-0.019,0.068,96.5,89
"2025-04-06 08:00:00",13731,12.34,310,0,0.014,-0.27,1.12,-0.024,0.092,-0.013,0.071,103.4,91.1
"2025-04-06 08:30:00",13732,12.34,310,0,0.013,-0.2,1.02,-0.019,0.085,-0.018,0.058,102.7,92
"2025-04-06 09:00:00",13733,12.34,310,0,0.021,0.06,1.06,0.005,0.088,-0.004,0.057,101.1,99.2
"2025-04-06 09:30:00",13734,12.34,310,0,0.007,-0.44,0.99,-0.038,0.082,-0.017,0.051,110,100.3
"2025-04-06 10:00:00",13735,12.35,310,0,0.014,-0.09,0.91,-0.009,0.076,-0.025,0.05,109.8,101.1
"2025-04-06 10:30:00",13736,12.35,310,0,0.01,-0.26,0.91,-0.023,0.075,-0.039,0.045,109.9,96.7
"2025-04-06 11:00:00",13737,12.35,310,0,0.014,-0.09,0.91,-0.01,0.075,0.017,0.045,109.7,99.2
"2025-04-06 11:30:00",13738,12.36,310,0,-0.003,-0.84,0.97,-0.072,0.08,0.004,0.049,90.2,104
"2025-04-06 12:00:00",13739,12.36,310,0,-0.031,-1.99,0.99,-0.166,0.082,-0.121,0.042,108.2,108.8
"2025-04-06 12:30:00",13740,12.37,310,0,0.009,-0.41,1.06,-0.036,0.087,-0.086,0.056,85.8,94.9
"2025-04-06 13:00:00",13741,12.37,310,0,0.01,-0.28,0.92,-0.026,0.076,0.076,0.046,109.7,96.5
"2025-04-06 13:30:00",13742,12.37,310,0,0.034,0.6,1.05,0.05,0.087,0.026,0.05,100.1,98.1
"2025-04-06 14:00:00",13743,12.37,310,0,-0.05,-2.55,0.76,-0.212,0.062,-0.195,0.032,80.9,89.4
"2025-04-06 14:30:00",13744,12.37,310,0,0.01,-0.31,0.97,-0.027,0.08,-0.017,0.049,94.9,99.2
"2025-04-06 15:00:00",13745,12.37,310,0,0.014,-0.09,0.91,-0.009,0.076,0.021,0.05,109.9,89.4
"2025-04-06 15:30:00",13746,12.37,310,0,0.008,-0.51,1.15,-0.044,0.095,-0.035,0.079,73.96,75.02
"2025-04-06 16:00:00",13747,12.36,310,0,0.023,-0.09,1.4,-0.009,0.116,0.119,0.106,110,80.5
"2025-04-06 16:30:00",13748,12.35,310,0,0.034,0.42,1.27,0.034,0.105,0.058,0.095,109.9,83.4
"2025-04-06 17:00:00",13749,12.35,310,0,0.011,-0.42,1.2,-0.037,0.1,-0.042,0.084,77.7,82.5
"2025-04-06 17:30:00",13750,12.34,310,0,0.082,2.3,1.33,0.19,0.11,0.207,0.109,78.46,73.76
"2025-04-06 18:00:00",13751,12.33,310,0,-0.019,-1.59,1.08,-0.134,0.089,-0.141,0.08,60.17,77.02
"2025-04-06 18:30:00",13752,12.32,310,0,0.092,2.83,1.15,0.234,0.095,0.253,0.079,80.6,76.68
"2025-04-06 19:00:00",13753,12.31,310,0,-0.054,-2.89,0.97,-0.241,0.08,-0.192,0.064,96.7,76.93
"2025-04-06 19:30:00",13754,12.31,310,0,0.055,1.22,1.33,0.1,0.11,0.116,0.1,90.7,79.75
"2025-04-06 20:00:00",13755,12.3,310,0,0.049,1.32,0.87,0.109,0.072,0.113,0.063,71.41,76.74
"2025-04-06 20:30:00",13756,12.29,310,0,0.058,1.3,1.37,0.108,0.114,0.098,0.104,96.3,80.9
"2025-04-06 21:00:00",13757,12.29,310,0,0.029,0.27,1.2,0.021,0.1,0.021,0.084,82.9,80.2
"2025-04-06 21:30:00",13758,12.28,310,0,0.026,0.06,1.33,0.005,0.109,-0.025,0.093,85.7,82.7
"2025-04-06 22:00:00",13759,12.28,310,0,-0.008,-1.15,1.12,-0.097,0.092,-0.124,0.076,69.16,80.7
"2025-04-06 22:30:00",13760,12.28,310,0,0.03,0.35,1.13,0.029,0.093,0.044,0.084,86,81.8
"2025-04-06 23:00:00",13761,12.27,310,0,0.041,0.64,1.33,0.053,0.11,0.06,0.099,90.2,85
"2025-04-06 23:30:00",13762,12.27,310,0,-0.031,-2.01,1.02,-0.168,0.085,-0.15,0.069,86.8,82.6
"2025-04-07 00:00:00",13763,12.26,310,0,0.016,-0.12,1.02,-0.011,0.084,0,0.069,87.4,82.4
"2025-04-07 00:30:00",13764,12.26,310,0,0.037,0.56,1.25,0.047,0.103,0.044,0.086,89.6,82.7
"2025-04-07 01:00:00",13765,12.26,310,0,0.036,0.53,1.25,0.044,0.103,0.021,0.08,89.8,84.6
"2025-04-07 01:30:00",13766,12.26,310,0,0.027,0.14,1.25,0.011,0.103,0.016,0.087,90.2,84
"2025-04-07 02:00:00",13767,12.26,310,0,0.035,0.55,1.16,0.045,0.097,0.042,0.086,93.6,83.6
"2025-04-07 02:30:00",13768,12.25,310,0,0.044,0.78,1.33,0.065,0.109,0.072,0.099,90.5,82.5
"2025-04-07 03:00:00",13769,12.25,310,0,0.03,0.34,1.16,0.027,0.096,0.026,0.074,85.2,84.5
"2025-04-07 03:30:00",13770,12.25,310,0,0.044,0.77,1.33,0.063,0.109,0.07,0.099,91.6,84.9
"2025-04-07 04:00:00",13771,12.25,310,0,0.024,0.13,1.13,0.011,0.094,0.005,0.072,93.7,86.5
"2025-04-07 04:30:00",13772,12.25,310,0,0.033,0.39,1.23,0.032,0.101,0.031,0.079,92.4,84.5
"2025-04-07 05:00:00",13773,12.24,310,0,0.015,-0.19,1.08,-0.018,0.089,-0.017,0.073,91,85.1
"2025-04-07 05:30:00",13774,12.24,310,0,0.024,0.13,1.13,0.011,0.094,-0.026,0.072,76.9,86.2
"2025-04-07 06:00:00",13775,12.24,310,0,0.035,0.49,1.2,0.041,0.1,0.024,0.071,91.7,86
"2025-04-07 06:30:00",13776,12.24,310,0,0.037,0.57,1.2,0.048,0.099,0.05,0.083,93.2,89.3
"2025-04-07 07:00:00",13777,12.24,310,0,0.018,-0.1,1.12,-0.011,0.093,-0.015,0.071,90.4,85.7
"2025-04-07 07:30:00",13778,12.24,310,0,0.03,0.39,1.12,0.032,0.093,0.025,0.071,93,88.8
"2025-04-07 08:00:00",13779,12.24,310,0,0.026,0.2,1.13,0.016,0.093,0.01,0.077,92,85.8
"2025-04-07 08:30:00",13780,12.24,310,0,0.022,0,1.2,0,0.099,0,0.077,93.4,86.9
"2025-04-07 09:00:00",13781,12.24,310,0,0.03,0.32,1.2,0.026,0.099,-0.005,0.077,74.84,86.9
"2025-04-07 09:30:00",13782,12.24,310,0,0.03,0.32,1.2,0.026,0.1,0.01,0.078,83.9,85.7
"2025-04-07 10:00:00",13783,12.24,310,0,0.025,0.13,1.2,0.01,0.099,0.024,0.083,101.6,86.9
"2025-04-07 10:30:00",13784,12.24,310,0,0.027,0.25,1.13,0.021,0.093,0.024,0.071,100.8,89.8
"2025-04-07 11:00:00",13785,12.24,310,0,0.009,-0.38,1.05,-0.034,0.086,-0.047,0.064,93.1,88.1
"2025-04-07 11:30:00",13786,12.24,310,0,0.024,0.18,1.08,0.015,0.089,0.009,0.062,97.1,89.1
"2025-04-07 12:00:00",13787,12.24,310,0,0.039,0.64,1.26,0.054,0.104,0.058,0.081,106.1,92.6
"2025-04-07 12:30:00",13788,12.24,310,0,0.033,0.45,1.19,0.037,0.098,0.044,0.076,91.6,88.5
"2025-04-07 13:00:00",13789,12.24,310,0,0.029,0.32,1.12,0.026,0.092,0.024,0.07,92,91.1
"2025-04-07 13:30:00",13790,12.23,310,0,0.026,0.18,1.16,0.015,0.096,0.018,0.068,108.9,92.5
"2025-04-07 14:00:00",13791,12.24,310,0,0.011,-0.33,1.08,-0.029,0.089,-0.033,0.061,91.8,84.6
"2025-04-07 14:30:00",13792,12.24,310,0,0.03,0.38,1.13,0.031,0.093,0.034,0.077,99.3,86.6
"2025-04-07 15:00:00",13793,12.24,310,0,0.027,0.2,1.19,0.016,0.099,0.024,0.076,97.9,88.5
"2025-04-07 15:30:00",13794,12.24,310,0,0.027,0.25,1.13,0.021,0.094,0.025,0.072,96.7,85.3
"2025-04-07 16:00:00",13795,12.23,310,0,0.032,0.41,1.2,0.033,0.099,0.042,0.076,97.5,83.7
"2025-04-07 16:30:00",13796,12.23,310,0,0.024,0.07,1.23,0.006,0.101,-0.016,0.079,84.4,84.5
"2025-04-07 17:00:00",13797,12.23,310,0,-0.025,-1.8,1.04,-0.151,0.086,-0.149,0.057,82.9,83.2
"2025-04-07 17:30:00",13798,12.23,310,0,0.03,0.32,1.16,0.027,0.096,0.035,0.08,96.5,86.8
"2025-04-07 18:00:00",13799,12.22,310,0,0.022,0,1.18,0,0.097,-0.005,0.081,85.6,84.6
"2025-04-07 18:30:00",13800,12.22,310,0,0.022,0,1.18,0,0.098,-0.016,0.082,76.73,81.8
"2025-04-07 19:00:00",13801,12.22,310,0,-0.021,-1.53,0.9,-0.129,0.074,-0.089,0.052,93.8,81
"2025-04-07 19:30:00",13802,12.22,310,0,-0.015,-1.47,1.15,-0.124,0.095,-0.088,0.073,92.4,78.65
"2025-04-07 20:00:00",13803,12.21,310,0,0.046,0.91,1.26,0.076,0.105,0.098,0.095,96,80.3
"2025-04-07 20:30:00",13804,12.21,310,0,-0.04,-2.58,1.32,-0.216,0.109,-0.215,0.092,84.5,81.5
"2025-04-07 21:00:00",13805,12.2,310,0,0.07,1.65,1.51,0.137,0.126,0.16,0.108,107.9,83.6
"2025-04-07 21:30:00",13806,12.2,310,0,0.033,0.42,1.22,0.034,0.101,0.017,0.085,71.06,80.9
"2025-04-07 22:00:00",13807,12.2,310,0,0.046,0.83,1.34,0.068,0.111,0.073,0.094,94.6,84.9
"2025-04-07 22:30:00",13808,12.19,310,0,0.028,0.27,1.18,0.023,0.098,0.021,0.075,92.4,85.5
"2025-04-07 23:00:00",13809,12.19,310,0,-0.097,-4.47,0.81,-0.371,0.067,-0.326,0.045,101.4,80.2
"2025-04-07 23:30:00",13810,12.19,310,0,-0.03,-1.67,0.64,-0.14,0.053,-0.113,0.032,104.6,84.9
"2025-04-08 00:00:00",13811,12.18,310,0,0.026,0.2,1.12,0.017,0.092,0.026,0.076,97.5,86.8
"2025-04-08 00:30:00",13812,12.18,310,0,0.015,-0.24,1.18,-0.022,0.097,-0.025,0.08,95.5,87.3
"2025-04-08 01:00:00",13813,12.18,310,0,0.027,0.21,1.16,0.017,0.096,0.021,0.079,99.6,83.2
"2025-04-08 01:30:00",13814,12.18,310,0,0.032,0.41,1.2,0.033,0.1,0.031,0.076,100.4,83.9
"2025-04-08 02:00:00",13815,12.18,310,0,-0.039,-2.44,1.19,-0.203,0.098,-0.184,0.069,99.1,84.9
"2025-04-08 02:30:00",13816,12.17,310,0,0.001,-0.86,1.22,-0.073,0.1,-0.104,0.071,76.86,84.4
"2025-04-08 03:00:00",13817,12.17,310,0,0.017,-0.12,1.11,-0.012,0.091,0,0.068,98.1,84.1
"2025-04-08 03:30:00",13818,12.17,310,0,0.027,0.28,1.11,0.023,0.091,0.026,0.074,97,85.3
"2025-04-08 04:00:00",13819,12.17,310,0,0.035,0.55,1.18,0.045,0.098,0.041,0.081,98.7,86.5
"2025-04-08 04:30:00",13820,12.17,310,0,0.031,0.42,1.11,0.035,0.091,0.022,0.075,89,86.8
"2025-04-08 05:00:00",13821,12.17,310,0,0.006,-0.55,1.11,-0.047,0.091,-0.044,0.075,95.3,85.6
"2025-04-08 05:30:00",13822,12.16,310,0,0.031,0.41,1.11,0.034,0.092,0.042,0.075,96.9,86.5
"2025-04-08 06:00:00",13823,12.16,310,0,0.026,0.22,1.12,0.018,0.092,0.011,0.076,89.7,84.1
"2025-04-08 06:30:00",13824,12.16,310,0,0.041,0.74,1.22,0.062,0.1,0.062,0.083,99.8,84.9
"2025-04-08 07:00:00",13825,12.16,310,0,0.015,-0.2,1.12,-0.018,0.092,-0.022,0.069,92.4,86.2
"2025-04-08 07:30:00",13826,12.16,310,0,0.035,0.48,1.26,0.04,0.105,0.032,0.081,95.6,85.9
"2025-04-08 08:00:00",13827,12.16,310,0,0.04,0.63,1.32,0.052,0.109,0.061,0.085,109.6,88.2
"2025-04-08 08:30:00",13828,12.16,310,0,0.01,-0.3,0.97,-0.027,0.08,-0.032,0.051,95.1,85.1
"2025-04-08 09:00:00",13829,12.15,310,0,0.047,0.87,1.34,0.071,0.111,0.101,0.093,109.8,87.3
"2025-04-08 09:30:00",13830,12.16,310,0,0.023,0.07,1.15,0.006,0.095,0.091,0.078,109.5,83.5
"2025-04-08 10:00:00",13831,12.15,310,0,-0.015,-1.52,1.19,-0.127,0.099,-0.102,0.075,71.53,80.6
"2025-04-08 10:30:00",13832,12.15,310,0,-0.161,-7.23,1.06,-0.599,0.088,-0.581,0.06,71.23,83.8
"2025-04-08 11:00:00",13833,12.15,310,0,0.02,-0.12,1.25,-0.012,0.102,0,0.072,79.59,82.7
"2025-04-08 11:30:00",13834,12.15,310,0,0.022,0.07,1.12,0.006,0.092,0.026,0.069,88.4,85.7
"2025-04-08 12:00:00",13835,12.15,310,0,-0.11,-5.1,0.94,-0.423,0.077,-0.28,0.033,52.46,93.8
"2025-04-08 12:30:00",13836,12.15,310,0,0.021,0,1.13,0,0.094,0.027,0.065,109.8,109.9
"2025-04-08 13:00:00",13837,12.15,310,0,0.039,0.56,1.34,0.046,0.111,0.063,0.087,109.3,95.1
"2025-04-08 13:30:00",13838,12.15,310,0,0.007,-0.49,1.06,-0.043,0.088,-0.004,0.064,109.9,103.2
"2025-04-08 14:00:00",13839,12.15,310,0,0.035,0.42,1.33,0.035,0.11,0.011,0.075,102.7,103.8
"2025-04-08 14:30:00",13840,12.15,310,0,0,-0.63,0.84,-0.054,0.069,-0.024,0.035,96.7,91
"2025-04-08 15:00:00",13841,12.16,310,0,0.019,-0.03,1.06,-0.005,0.088,0,0.054,110,100.5
"2025-04-08 15:30:00",13842,12.16,310,0,0.065,1.72,1.18,0.142,0.098,0.168,0.063,88.2,92
"2025-04-08 16:00:00",13843,12.16,310,0,0.04,0.64,1.3,0.053,0.107,0.092,0.085,110,109.8
"2025-04-08 16:30:00",13844,12.16,310,0,0.052,1.25,1.15,0.104,0.095,0.093,0.078,84.3,84.1
"2025-04-08 17:00:00",13845,12.15,310,0,-0.03,-1.78,0.77,-0.15,0.063,-0.144,0.03,82.8,85.9
"2025-04-08 17:30:00",13846,12.15,310,0,0.099,2.62,1.78,0.216,0.147,0.216,0.144,109.8,109.9
"2025-04-08 18:00:00",13847,12.15,310,0,0.054,1.47,0.94,0.122,0.078,0.13,0.055,87.5,80.8
"2025-04-08 18:30:00",13848,12.15,310,0,0.015,-0.37,1.3,-0.032,0.108,-0.05,0.091,74.18,84.3
"2025-04-08 19:00:00",13849,12.14,310,0,0.011,-0.37,1.09,-0.032,0.09,-0.037,0.08,88.8,83.4
"2025-04-08 19:30:00",13850,12.14,310,0,0.033,0.38,1.29,0.031,0.106,0.035,0.089,89.2,83.2
"2025-04-08 20:00:00",13851,12.14,310,0,0.027,0.14,1.26,0.012,0.105,0.017,0.088,90.7,82
"2025-04-08 20:30:00",13852,12.13,310,0,0.034,0.43,1.26,0.036,0.104,0.028,0.093,85.3,82.4
"2025-04-08 21:00:00",13853,12.13,310,0,0.022,0,1.18,0,0.097,-0.023,0.081,89.9,81
"2025-04-08 21:30:00",13854,12.12,310,0,0.031,0.36,1.18,0.03,0.097,0.023,0.08,88,84.8
"2025-04-08 22:00:00",13855,12.12,310,0,0.037,0.49,1.32,0.041,0.109,0.006,0.092,78.14,84.5
"2025-04-08 22:30:00",13856,12.11,310,0,0.036,0.49,1.3,0.04,0.107,0.048,0.09,95.4,86
"2025-04-08 23:00:00",13857,12.11,310,0,0.026,0.07,1.29,0.006,0.107,0.011,0.089,93.9,83.8
"2025-04-08 23:30:00",13858,12.11,310,0,0.032,0.43,1.15,0.036,0.095,0.028,0.077,93.9,85.4
"2025-04-09 00:00:00",13859,12.1,310,0,0.029,0.21,1.3,0.018,0.107,0.033,0.09,94.7,85.5
"2025-04-09 00:30:00",13860,12.1,310,0,0.037,0.56,1.25,0.046,0.102,0.054,0.085,95.8,83.6
"2025-04-09 01:00:00",13861,12.1,310,0,0.031,0.28,1.32,0.024,0.109,0.033,0.092,93.1,83.4
"2025-04-09 01:30:00",13862,12.09,310,0,0.035,0.42,1.32,0.035,0.109,0.038,0.085,95.4,85
"2025-04-09 02:00:00",13863,12.09,310,0,0.037,0.5,1.32,0.041,0.109,0.039,0.085,91.6,86.4
"2025-04-09 02:30:00",13864,12.08,310,0,0.029,0.21,1.3,0.017,0.107,0.016,0.084,93.3,86.4
"2025-04-09 03:00:00",13865,12.08,310,0,0.035,0.42,1.32,0.035,0.109,0.028,0.092,81.9,85.7
"2025-04-09 03:30:00",13866,12.08,310,0,0.026,0.07,1.32,0.006,0.109,0.006,0.085,94.7,86
"2025-04-09 04:00:00",13867,12.08,310,0,0.04,0.63,1.32,0.052,0.109,0.055,0.092,87,85.1
"2025-04-09 04:30:00",13868,12.07,310,0,0.029,0.21,1.3,0.018,0.108,0.016,0.09,94.4,87.2
"2025-04-09 05:00:00",13869,12.07,310,0,0.015,-0.41,1.4,-0.036,0.116,-0.039,0.092,93.2,84.2
"2025-04-09 05:30:00",13870,12.07,310,0,0.021,-0.12,1.3,-0.012,0.108,0.005,0.084,95.8,86.7
"2025-04-09 06:00:00",13871,12.06,310,0,0.023,-0.05,1.32,-0.006,0.109,-0.006,0.084,93.5,86.1
"2025-04-09 06:30:00",13872,12.06,310,0,0.033,0.35,1.29,0.028,0.107,0.047,0.089,101.8,86.9
"2025-04-09 07:00:00",13873,12.06,310,0,0.036,0.57,1.15,0.048,0.095,0.011,0.077,97,86.5
"2025-04-09 07:30:00",13874,12.06,310,0,0.025,0.07,1.25,0.005,0.103,0.005,0.079,103,91.3
"2025-04-09 08:00:00",13875,12.06,310,0,0.039,0.67,1.2,0.055,0.1,0.005,0.07,109.9,94.9
"2025-04-09 08:30:00",13876,12.06,310,0,0.005,-0.62,1.11,-0.053,0.091,-0.043,0.062,109.8,95.1
"2025-04-09 09:00:00",13877,12.06,310,0,0.028,0.24,1.18,0.02,0.097,0.031,0.067,109.9,99.5
"2025-04-09 09:30:00",13878,12.07,310,0,0.019,-0.03,1.06,-0.005,0.089,-0.023,0.054,89.1,98.9
"2025-04-09 10:00:00",13879,12.07,310,0,0.005,-0.52,0.99,-0.045,0.082,-0.013,0.054,109.8,99.4
"2025-04-09 10:30:00",13880,12.08,310,0,0.022,0.06,1.11,0.005,0.091,0.004,0.057,105.3,104.6
"2025-04-09 11:00:00",13881,12.08,310,0,0.004,-0.63,1.12,-0.055,0.092,-0.063,0.053,88.1,97.2
"2025-04-09 11:30:00",13882,12.09,310,0,0.026,0.28,1.04,0.023,0.086,0.024,0.057,109.9,102.4
"2025-04-09 12:00:00",13883,12.09,310,0,0.034,0.52,1.16,0.043,0.096,0.03,0.057,109.9,106.7
"2025-04-09 12:30:00",13884,12.1,310,0,0.024,0.18,1.08,0.015,0.089,-0.004,0.051,109.8,107.8
"2025-04-09 13:00:00",13885,12.1,310,0,-0.013,-1.24,0.95,-0.104,0.078,-0.112,0.041,89.1,101.6
"2025-04-09 13:30:00",13886,12.11,310,0,0.022,0.06,1.11,0.005,0.091,0.008,0.057,110,103.3
"2025-04-09 14:00:00",13887,12.11,310,0,0.033,0.53,1.06,0.044,0.088,0.035,0.065,89.1,97.2
"2025-04-09 14:30:00",13888,12.11,310,0,0.002,-0.63,1.01,-0.055,0.083,-0.075,0.05,97.7,97
"2025-04-09 15:00:00",13889,12.11,310,0,0.033,0.48,1.12,0.039,0.093,0.051,0.064,109.8,92.9
"2025-04-09 15:30:00",13890,12.11,310,0,0.054,1.32,1.12,0.109,0.092,0.116,0.064,83.6,92.4
"2025-04-09 16:00:00",13891,12.1,310,0,0.045,0.88,1.22,0.073,0.1,0.08,0.066,89.8,109.4
"2025-04-09 16:30:00",13892,12.1,310,0,0.03,0.41,1.09,0.034,0.09,0.026,0.073,82.1,81.7
"2025-04-09 17:00:00",13893,12.1,310,0,0.045,0.94,1.15,0.078,0.095,0.08,0.072,81.3,91.2
"2025-04-09 17:30:00",13894,12.1,310,0,0.074,1.82,1.54,0.15,0.128,0.205,0.122,109.8,109.8
"2025-04-09 18:00:00",13895,12.1,310,0,0.023,0.08,1.15,0.007,0.095,0.013,0.077,86.3,79.82
"2025-04-09 18:30:00",13896,12.09,310,0,0,-0.82,1.05,-0.069,0.086,-0.067,0.064,80.6,85.2
"2025-04-09 19:00:00",13897,12.08,310,0,0.03,0.24,1.32,0.02,0.108,0.019,0.091,81.5,80.3
"2025-04-09 19:30:00",13898,12.08,310,0,0.035,0.52,1.2,0.042,0.1,0.04,0.083,87.8,81.8
"2025-04-09 20:00:00",13899,12.08,310,0,0.026,0.15,1.19,0.012,0.098,0.012,0.081,87.5,83.3
"2025-04-09 20:30:00",13900,12.07,310,0,0.034,0.42,1.25,0.034,0.102,0.037,0.092,94.6,86.4
"2025-04-09 21:00:00",13901,12.07,310,0,0.032,0.35,1.23,0.029,0.102,0.033,0.084,93.7,85.5
"2025-04-09 21:30:00",13902,12.07,310,0,0.035,0.49,1.22,0.04,0.1,0.043,0.083,91.7,86.3
"2025-04-09 22:00:00",13903,12.06,310,0,0.029,0.28,1.2,0.023,0.1,0.022,0.083,85.7,85.5
"2025-04-09 22:30:00",13904,12.06,310,0,0.033,0.35,1.29,0.029,0.106,0.032,0.082,90.4,87
"2025-04-09 23:00:00",13905,12.06,310,0,0.027,0.14,1.27,0.011,0.105,0.01,0.081,93.2,87.5
"2025-04-09 23:30:00",13906,12.05,310,0,0.032,0.41,1.19,0.034,0.098,0.031,0.081,96.7,91.2
"2025-04-10 00:00:00",13907,12.05,310,0,0.03,0.34,1.19,0.028,0.098,0.031,0.081,96.9,90.5
"2025-04-10 00:30:00",13908,12.05,310,0,0.028,0.27,1.18,0.022,0.098,0.021,0.074,96.4,88.7
"2025-04-10 01:00:00",13909,12.05,310,0,0.028,0.27,1.18,0.023,0.098,0.021,0.074,92.7,88.3
"2025-04-10 01:30:00",13910,12.05,310,0,0.031,0.28,1.27,0.023,0.105,0.016,0.081,94.2,87.3
"2025-04-10 02:00:00",13911,12.05,310,0,0.031,0.28,1.27,0.023,0.105,0.027,0.082,95.2,87
"2025-04-10 02:30:00",13912,12.04,310,0,0.024,0.07,1.2,0.006,0.1,0.011,0.076,93,84.1
"2025-04-10 03:00:00",13913,12.04,310,0,0.029,0.27,1.2,0.022,0.099,0.021,0.082,95.7,87.3
"2025-04-10 03:30:00",13914,12.04,310,0,0.028,0.2,1.25,0.016,0.103,0.02,0.079,101.8,91.6
"2025-04-10 04:00:00",13915,12.04,310,0,0.028,0.27,1.15,0.022,0.095,0.015,0.077,95.9,89.2
"2025-04-10 04:30:00",13916,12.04,310,0,0.025,0.13,1.16,0.011,0.097,0.005,0.067,96,90.4
"2025-04-10 05:00:00",13917,12.04,310,0,0.025,0.07,1.25,0.006,0.103,0.01,0.079,97.4,90
"2025-04-10 05:30:00",13918,12.04,310,0,0.031,0.34,1.23,0.027,0.101,0.03,0.078,96.7,88.7
"2025-04-10 06:00:00",13919,12.04,310,0,0.028,0.27,1.15,0.022,0.095,0.026,0.072,95.5,89.6
"2025-04-10 06:30:00",13920,12.04,310,0,0.026,0.14,1.23,0.011,0.102,0.015,0.072,100.3,91.6
"2025-04-10 07:00:00",13921,12.04,310,0,0.025,0.14,1.15,0.011,0.095,0.015,0.072,99.5,89.9
"2025-04-10 07:30:00",13922,12.04,310,0,0.025,0.07,1.26,0.005,0.105,0.005,0.069,103.3,91.9
"2025-04-10 08:00:00",13923,12.04,310,0,0.026,0.24,1.08,0.02,0.09,0.018,0.061,106.2,96.3
"2025-04-10 08:30:00",13924,12.04,310,0,0.023,0.13,1.06,0.01,0.088,0.004,0.059,110,101.8
"2025-04-10 09:00:00",13925,12.05,310,0,0.022,0.13,1.05,0.01,0.087,0.013,0.053,109.2,103.8
"2025-04-10 09:30:00",13926,12.05,310,0,0.026,0.25,1.05,0.021,0.087,0.014,0.053,107.6,98.9
"2025-04-10 10:00:00",13927,12.06,310,0,0.019,0,1.02,0,0.085,0,0.046,108,103.1
"2025-04-10 10:30:00",13928,12.06,310,0,0.025,0.25,1.04,0.02,0.086,0.023,0.047,109,102.3
"2025-04-10 11:00:00",13929,12.06,310,0,0.026,0.25,1.06,0.02,0.088,0.009,0.059,101.4,97
"2025-04-10 11:30:00",13930,12.06,310,0,0.026,0.24,1.06,0.019,0.088,0.03,0.064,109.8,103.8
"2025-04-10 12:00:00",13931,12.07,310,0,0.019,0,1.04,0,0.086,0.005,0.053,109.9,103.2
"2025-04-10 12:30:00",13932,12.07,310,0,0.024,0.22,1.01,0.018,0.083,0.008,0.055,105.6,109.7
"2025-04-10 13:00:00",13933,12.07,310,0,0.023,0.13,1.09,0.011,0.09,0.02,0.067,100,96
"2025-04-10 13:30:00",13934,12.07,310,0,0.026,0.27,1.06,0.021,0.088,0.024,0.054,108.6,100.9
"2025-04-10 14:00:00",13935,12.07,310,0,0.016,-0.1,1.05,-0.01,0.087,-0.014,0.053,95.2,98.5
"2025-04-10 14:30:00",13936,12.07,310,0,0.023,0.2,0.99,0.016,0.082,0.019,0.049,109.2,99.2
"2025-04-10 15:00:00",13937,12.07,310,0,0.029,0.34,1.13,0.027,0.093,0.02,0.07,96.4,90.4
"2025-04-10 15:30:00",13938,12.07,310,0,0.029,0.28,1.2,0.023,0.099,0.016,0.076,88.7,85
"2025-04-10 16:00:00",13939,12.07,310,0,0.034,0.49,1.16,0.041,0.097,0.048,0.067,97.1,86.2
"2025-04-10 16:30:00",13940,12.06,310,0,0.038,0.6,1.25,0.05,0.103,0.061,0.08,101,89.5
"2025-04-10 17:00:00",13941,12.06,310,0,0.01,-0.37,1.04,-0.032,0.086,-0.025,0.063,85.7,87
"2025-04-10 17:30:00",13942,12.06,310,0,0.021,0,1.15,0,0.095,-0.006,0.071,82.7,83.5
"2025-04-10 18:00:00",13943,12.06,310,0,0.021,-0.05,1.2,-0.006,0.099,0,0.076,95.2,85.2
"2025-04-10 18:30:00",13944,12.05,310,0,0.026,0.28,1.05,0.024,0.087,0.033,0.07,90.9,85.4
"2025-04-10 19:00:00",13945,12.05,310,0,0.023,0.07,1.13,0.006,0.093,0.016,0.076,93.7,86.5
"2025-04-10 19:30:00",13946,12.04,310,0,0.026,0.21,1.13,0.017,0.094,0.022,0.077,94.7,82.7
"2025-04-10 20:00:00",13947,12.04,310,0,0.027,0.21,1.2,0.017,0.1,0.011,0.076,92.5,85.3
"2025-04-10 20:30:00",13948,12.04,310,0,0.024,0.07,1.19,0.006,0.098,0.005,0.075,94.6,85.7
"2025-04-10 21:00:00",13949,12.03,310,0,0.023,0.07,1.18,0.006,0.098,0.005,0.074,91.8,87.9
"2025-04-10 21:30:00",13950,12.03,310,0,0.025,0.14,1.18,0.011,0.097,0.021,0.074,96.5,89
"2025-04-10 22:00:00",13951,12.03,310,0,0.027,0.21,1.18,0.017,0.097,0.021,0.067,96.7,91
"2025-04-10 22:30:00",13952,12.03,310,0,0.022,0.07,1.09,0.006,0.09,-0.005,0.067,98,89
"2025-04-10 23:00:00",13953,12.03,310,0,0.022,0.14,1.02,0.011,0.084,0.016,0.067,95.9,89.5
"2025-04-10 23:30:00",13954,12.03,310,0,0.023,0.07,1.18,0.006,0.098,0.011,0.074,94.9,87.5
"2025-04-11 00:00:00",13955,12.03,310,0,0.017,-0.12,1.11,-0.011,0.091,-0.011,0.068,95.1,87.6
"2025-04-11 00:30:00",13956,12.02,310,0,0.02,-0.05,1.18,-0.006,0.097,0.005,0.074,96.2,87.5
"2025-04-11 01:00:00",13957,12.02,310,0,0.02,0,1.11,0,0.091,-0.005,0.074,93,87.6
"2025-04-11 01:30:00",13958,12.02,310,0,0.017,-0.12,1.09,-0.011,0.09,-0.005,0.067,96.1,88.9
"2025-04-11 02:00:00",13959,12.02,310,0,0.02,0,1.09,0,0.09,0,0.073,95.2,90.2
"2025-04-11 02:30:00",13960,12.02,310,0,0.022,0,1.19,0,0.098,0,0.075,92.9,88
"2025-04-11 03:00:00",13961,12.01,310,0,0.025,0.14,1.19,0.011,0.098,-0.011,0.069,84.2,89.8
"2025-04-11 03:30:00",13962,12.01,310,0,0.022,0,1.18,0,0.098,0.005,0.074,94.4,88.2
"2025-04-11 04:00:00",13963,12.01,310,0,0.019,-0.05,1.12,-0.006,0.092,0,0.069,96.4,86.4
"2025-04-11 04:30:00",13964,12.01,310,0,0.022,0,1.19,0,0.098,0.005,0.075,98.3,89.1
"2025-04-11 05:00:00",13965,12.01,310,0,0.022,0.07,1.11,0.006,0.092,0.01,0.075,98.3,88.6
"2025-04-11 05:30:00",13966,12,310,0,0.022,0.07,1.12,0.006,0.092,0.005,0.075,94.6,87.9
"2025-04-11 06:00:00",13967,12,310,0,0.023,0.07,1.18,0.006,0.097,0.005,0.067,99.3,86.6
"2025-04-11 06:30:00",13968,12,310,0,0.021,0.07,1.02,0.006,0.084,0.01,0.067,98.8,88.6
"2025-04-11 07:00:00",13969,12,310,0,0.022,0.07,1.09,0.005,0.09,0.005,0.073,98.6,92.4
"2025-04-11 07:30:00",13970,12,310,0,0.013,-0.24,1.08,-0.022,0.089,-0.01,0.066,101.7,91.2
"2025-04-11 08:00:00",13971,12,310,0,0.021,0,1.13,0,0.094,0.005,0.071,103.9,94
"2025-04-11 08:30:00",13972,12,310,0,0.02,0,1.06,0,0.088,0.005,0.059,96.2,93
"2025-04-11 09:00:00",13973,12,310,0,0.018,0,0.97,0,0.08,0.005,0.057,104.4,94
"2025-04-11 09:30:00",13974,12,310,0,0.015,-0.1,0.97,-0.011,0.08,-0.005,0.057,102.7,94
"2025-04-11 10:00:00",13975,12,310,0,0.027,0.25,1.13,0.021,0.093,0.019,0.064,105,95.8
"2025-04-11 10:30:00",13976,12,310,0,0.016,-0.12,1.06,-0.011,0.088,-0.01,0.059,93.9,90.7
"2025-04-11 11:00:00",13977,12,310,0,0.015,-0.12,0.99,-0.012,0.082,-0.016,0.053,89.4,90.7
"2025-04-11 11:30:00",13978,12,310,0,0.02,0.07,1.01,0.006,0.084,0.005,0.067,98.5,91.5
"2025-04-11 12:00:00",13979,12,310,0,0.019,-0.05,1.11,-0.006,0.092,0,0.069,92.3,89.3
"2025-04-11 12:30:00",13980,12,310,0,0.017,-0.05,1.01,-0.006,0.084,-0.005,0.061,97.4,91.5
"2025-04-11 13:00:00",13981,12,310,0,0.022,0.07,1.11,0.006,0.091,0.005,0.067,94.9,88.5
"2025-04-11 13:30:00",13982,11.99,310,0,0.022,0,1.18,0,0.098,0,0.074,94.3,87.6
"2025-04-11 14:00:00",13983,11.99,310,0,0.024,0.14,1.11,0.011,0.092,0.005,0.068,92.1,87.6
"2025-04-11 14:30:00",13984,11.99,310,0,0.02,0,1.08,0,0.089,0,0.072,98.5,91.8
"2025-04-11 15:00:00",13985,11.99,310,0,0.025,0.14,1.18,0.012,0.098,0.016,0.068,91.9,91.2
"2025-04-11 15:30:00",13986,11.99,310,0,0.019,0,1.05,0,0.086,-0.005,0.069,93.4,87.7
"2025-04-11 16:00:00",13987,11.99,310,0,0.025,0.14,1.19,0.012,0.098,0.011,0.075,91.8,86.6
"2025-04-11 16:30:00",13988,11.99,310,0,-0.014,-1.47,1.2,-0.124,0.099,-0.113,0.069,98.4,83.7
"2025-04-11 17:00:00",13989,11.99,310,0,0.021,0,1.12,0,0.093,0.011,0.076,91.4,87.9
"2025-04-11 17:30:00",13990,11.98,310,0,0.008,-0.52,1.16,-0.045,0.096,-0.031,0.072,102,90.6
"2025-04-11 18:00:00",13991,11.98,310,0,0.025,0.14,1.19,0.011,0.098,0.016,0.075,87.5,86.1
"2025-04-11 18:30:00",13992,11.98,310,0,0.029,0.29,1.15,0.024,0.095,0.034,0.071,94.9,86.9
"2025-04-11 19:00:00",13993,11.98,310,0,0.006,-0.49,0.99,-0.043,0.082,-0.052,0.059,89.2,84.5
"2025-04-11 19:30:00",13994,11.98,310,0,0,-0.76,1.06,-0.065,0.088,-0.061,0.071,94.4,85.4
"2025-04-11 20:00:00",13995,11.97,310,0,-0.118,-5.26,0.76,-0.436,0.062,-0.411,0.033,54.28,81.1
"2025-04-11 20:30:00",13996,11.97,310,0,-0.059,-2.97,0.84,-0.248,0.069,-0.219,0.033,100.2,81.2
"2025-04-11 21:00:00",13997,11.97,310,0,-0.037,-2.15,0.91,-0.179,0.075,-0.205,0.052,81,84.1
"2025-04-11 21:30:00",13998,11.97,310,0,-0.019,-1.52,1.02,-0.128,0.084,-0.118,0.06,103.2,85.2
"2025-04-11 22:00:00",13999,11.96,310,0,0.02,0,1.08,0,0.089,-0.016,0.072,97,86.6
"2025-04-11 22:30:00",14000,11.96,310,0,0.017,-0.12,1.08,-0.012,0.089,-0.033,0.072,93.1,87.4
"2025-04-11 23:00:00",14001,11.96,310,0,0.013,-0.27,1.06,-0.024,0.088,-0.028,0.064,91.8,87.4
"2025-04-11 23:30:00",14002,11.96,310,0,0.008,-0.51,1.16,-0.044,0.096,-0.06,0.072,85.2,85.6
"2025-04-12 00:00:00",14003,11.95,310,0,0.001,-0.73,1.09,-0.063,0.091,-0.041,0.074,90.5,83.1
"2025-04-12 00:30:00",14004,11.95,310,0,0.025,0.15,1.16,0.012,0.096,0.011,0.078,90.5,85.6
"2025-04-12 01:00:00",14005,11.95,310,0,0.026,0.15,1.19,0.013,0.098,0.024,0.074,96.7,83
"2025-04-12 01:30:00",14006,11.95,310,0,0.034,0.41,1.3,0.034,0.108,0.036,0.084,95.6,87.9
"2025-04-12 02:00:00",14007,11.94,310,0,0.022,0.07,1.11,0.006,0.091,0.012,0.067,85.2,84.8
"2025-04-12 02:30:00",14008,11.94,310,0,0.04,0.63,1.33,0.052,0.11,0.033,0.085,89,88.4
"2025-04-12 03:00:00",14009,11.94,310,0,-0.019,-1.47,0.95,-0.124,0.079,-0.076,0.055,94.4,85
"2025-04-12 03:30:00",14010,11.94,310,0,0.037,0.56,1.26,0.046,0.104,0.058,0.086,106.2,86.7
"2025-04-12 04:00:00",14011,11.93,310,0,0.035,0.6,1.09,0.049,0.091,0.056,0.073,100.8,86.3
"2025-04-12 04:30:00",14012,11.93,310,0,-0.002,-0.96,1.18,-0.081,0.097,-0.046,0.073,91.7,86.3
"2025-04-12 05:00:00",14013,11.93,310,0,-0.017,-1.45,1.04,-0.122,0.086,-0.056,0.069,102.4,83
"2025-04-12 05:30:00",14014,11.93,310,0,-0.003,-0.96,1.08,-0.081,0.089,-0.028,0.065,110,88
"2025-04-12 06:00:00",14015,11.92,310,0,0.005,-0.63,1.18,-0.054,0.097,-0.051,0.066,98.6,86.7
"2025-04-12 06:30:00",14016,11.92,310,0,-0.004,-0.98,1.08,-0.083,0.089,-0.072,0.072,86.8,87.1
"2025-04-12 07:00:00",14017,11.92,310,0,0.025,0.14,1.16,0.012,0.096,-0.011,0.072,79.52,86.8
"2025-04-12 07:30:00",14018,11.92,310,0,0.001,-0.75,1.08,-0.063,0.089,-0.017,0.065,109.1,88.4
"2025-04-12 08:00:00",14019,11.92,310,0,0.028,0.21,1.22,0.017,0.101,0.021,0.076,95.4,89.2
"2025-04-12 08:30:00",14020,11.92,310,0,0.022,0,1.22,0,0.101,-0.046,0.076,84,88.8
"2025-04-12 09:00:00",14021,11.91,310,0,0.043,0.76,1.29,0.062,0.107,0.052,0.076,90.9,90.7
"2025-04-12 09:30:00",14022,11.91,310,0,-0.008,-1.12,1.08,-0.095,0.089,-0.133,0.058,74.4,86.2
"2025-04-12 10:00:00",14023,11.91,310,0,0.025,0.13,1.18,0.01,0.098,0.005,0.062,99.1,99.4
"2025-04-12 10:30:00",14024,11.91,310,0,0.02,-0.12,1.26,-0.012,0.104,-0.005,0.08,101.9,90.5
"2025-04-12 11:00:00",14025,11.91,310,0,0.005,-0.66,1.18,-0.057,0.097,-0.043,0.067,92.6,91.7
"2025-04-12 11:30:00",14026,11.92,310,0,0.006,-0.61,1.19,-0.052,0.098,-0.071,0.074,69.84,87.9
"2025-04-12 12:00:00",14027,11.92,310,0,-0.008,-1.18,1.15,-0.099,0.095,-0.102,0.071,81.2,86.7
"2025-04-12 12:30:00",14028,11.92,310,0,0.016,-0.13,1.05,-0.012,0.087,0.028,0.063,109,87
"2025-04-12 13:00:00",14029,11.91,310,0,0.016,-0.23,1.22,-0.021,0.1,0.023,0.082,109.8,91.6
"2025-04-12 13:30:00",14030,11.91,310,0,0.021,-0.05,1.19,-0.006,0.098,-0.047,0.068,83.9,90.7
"2025-04-12 14:00:00",14031,11.91,310,0,0.012,-0.3,1.05,-0.026,0.086,-0.018,0.056,96.2,87.5
"2025-04-12 14:30:00",14032,11.91,310,0,0.016,-0.13,1.05,-0.012,0.086,-0.012,0.056,94.4,87.2
"2025-04-12 15:00:00",14033,11.91,310,0,0.028,0.35,1.04,0.029,0.086,0.053,0.056,108.1,89.4
"2025-04-12 15:30:00",14034,11.91,310,0,0.019,-0.05,1.13,-0.006,0.094,0.016,0.07,106,87.6
"2025-04-12 16:00:00",14035,11.91,310,0,0.022,0.14,1.02,0.011,0.084,0.016,0.054,97.6,94.4
"2025-04-12 16:30:00",14036,11.91,310,0,0.082,2.34,1.26,0.194,0.105,0.136,0.068,86.4,108.5
"2025-04-12 17:00:00",14037,11.91,310,0,0.016,-0.27,1.23,-0.025,0.102,-0.018,0.071,103.9,86.2
"2025-04-12 17:30:00",14038,11.91,310,0,0.008,-0.58,1.23,-0.05,0.102,-0.065,0.071,82.7,87.7
"2025-04-12 18:00:00",14039,11.91,310,0,-0.002,-0.84,1.02,-0.072,0.085,-0.075,0.068,80.7,84.1
"2025-04-12 18:30:00",14040,11.91,310,0,0.018,-0.19,1.26,-0.018,0.104,-0.006,0.079,104.2,87.5
"2025-04-12 19:00:00",14041,11.91,310,0,0.023,0,1.25,0,0.102,0,0.078,95.5,88.8
"2025-04-12 19:30:00",14042,11.9,310,0,0.022,-0.05,1.25,-0.006,0.102,-0.006,0.084,93.2,88.8
"2025-04-12 20:00:00",14043,11.9,310,0,0.023,0,1.25,0,0.103,0.005,0.072,94.9,89.4
"2025-04-12 20:30:00",14044,11.9,310,0,0.025,0.07,1.25,0.006,0.102,-0.005,0.077,98.4,89
"2025-04-12 21:00:00",14045,11.9,310,0,0.023,0.07,1.15,0.006,0.095,0.005,0.07,97.8,87.6
"2025-04-12 21:30:00",14046,11.9,310,0,0.021,-0.05,1.22,-0.006,0.101,-0.011,0.076,98.2,89.5
"2025-04-12 22:00:00",14047,11.9,310,0,0.021,-0.05,1.22,-0.006,0.101,-0.005,0.076,95.5,88.1
"2025-04-12 22:30:00",14048,11.89,310,0,0.022,0,1.22,0,0.101,0,0.076,96.1,87.7
"2025-04-12 23:00:00",14049,11.89,310,0,0.023,0,1.23,0,0.102,-0.006,0.071,95.2,89.5
"2025-04-12 23:30:00",14050,11.89,310,0,0.022,-0.05,1.25,-0.006,0.102,-0.011,0.077,94.7,88.5
"2025-04-13 00:00:00",14051,11.89,310,0,0.024,0.07,1.23,0.006,0.102,0,0.077,99.1,87.2
"2025-04-13 00:30:00",14052,11.89,310,0,0.02,0,1.08,0,0.089,-0.006,0.064,93.7,90.7
"2025-04-13 01:00:00",14053,11.89,310,0,0.021,0,1.16,0,0.096,-0.011,0.078,92.7,89.2
"2025-04-13 01:30:00",14054,11.88,310,0,0.023,0,1.25,0,0.102,-0.011,0.071,90.9,90.4
"2025-04-13 02:00:00",14055,11.88,310,0,0.02,0,1.08,0,0.089,-0.006,0.071,94,86.4
"2025-04-13 02:30:00",14056,11.88,310,0,0.023,0,1.26,0,0.105,0,0.08,92.1,85.9
"2025-04-13 03:00:00",14057,11.88,310,0,0.018,-0.2,1.25,-0.018,0.103,-0.011,0.072,94.2,86.2
"2025-04-13 03:30:00",14058,11.88,310,0,0.005,-0.61,1.09,-0.052,0.09,-0.048,0.066,90.4,83.9
"2025-04-13 04:00:00",14059,11.87,310,0,0.022,-0.05,1.25,-0.006,0.103,0,0.078,99.4,87.2
"2025-04-13 04:30:00",14060,11.87,310,0,0.018,-0.12,1.15,-0.011,0.095,-0.016,0.07,99.7,89.2
"2025-04-13 05:00:00",14061,11.87,310,0,0.021,-0.12,1.32,-0.012,0.109,-0.005,0.084,96.9,88.5
"2025-04-13 05:30:00",14062,11.87,310,0,0.021,-0.05,1.22,-0.006,0.101,0.005,0.07,101.9,91.7
"2025-04-13 06:00:00",14063,11.87,310,0,0.007,-0.49,1.08,-0.043,0.089,-0.034,0.064,96.4,90
"2025-04-13 06:30:00",14064,11.87,310,0,0.021,0,1.16,0,0.096,0.011,0.071,100.2,87.2
"2025-04-13 07:00:00",14065,11.86,310,0,0.023,0.07,1.15,0.006,0.095,0.005,0.07,99.2,90.3
"2025-04-13 07:30:00",14066,11.86,310,0,0.016,-0.19,1.13,-0.018,0.094,0,0.069,100.2,92.5
"2025-04-13 08:00:00",14067,11.86,310,0,0.015,-0.24,1.18,-0.022,0.098,-0.015,0.073,102.2,93.2
"2025-04-13 08:30:00",14068,11.86,310,0,0.01,-0.45,1.16,-0.039,0.097,-0.031,0.066,107.1,92.4
"2025-04-13 09:00:00",14069,11.86,310,0,0.015,-0.17,1.06,-0.016,0.088,-0.019,0.052,103,99.6
"2025-04-13 09:30:00",14070,11.87,310,0,0.018,-0.12,1.15,-0.011,0.095,-0.02,0.059,96.3,96.1
"2025-04-13 10:00:00",14071,11.87,310,0,0.013,-0.23,1.05,-0.021,0.086,-0.014,0.057,103.2,99
"2025-04-13 10:30:00",14072,11.87,310,0,0.015,-0.2,1.09,-0.018,0.09,-0.011,0.06,103.9,95.7
"2025-04-13 11:00:00",14073,11.87,310,0,0.01,-0.26,0.91,-0.023,0.076,-0.032,0.047,86.1,96.2
"2025-04-13 11:30:00",14074,11.87,310,0,0.03,0.42,1.05,0.034,0.087,0.034,0.063,109.9,99.7
"2025-04-13 12:00:00",14075,11.88,310,0,0.009,-0.41,1.08,-0.036,0.089,-0.005,0.053,107.9,96.2
"2025-04-13 12:30:00",14076,11.88,310,0,0.022,0,1.19,0,0.099,-0.022,0.063,107.1,98.9
"2025-04-13 13:00:00",14077,11.88,310,0,0.036,0.59,1.18,0.049,0.098,0.043,0.061,100.6,92.2
"2025-04-13 13:30:00",14078,11.88,310,0,0.011,-0.27,1.01,-0.024,0.083,-0.043,0.049,94.3,103.6
"2025-04-13 14:00:00",14079,11.89,310,0,0.019,-0.03,1.06,-0.005,0.089,-0.045,0.049,106.5,104
"2025-04-13 14:30:00",14080,11.89,310,0,-0.016,-1.35,0.94,-0.113,0.078,-0.136,0.038,109.9,106.2
"2025-04-13 15:00:00",14081,11.89,310,0,0,-0.7,0.98,-0.06,0.082,-0.067,0.046,87.7,95.8
"2025-04-13 15:30:00",14082,11.89,310,0,0.013,-0.34,1.16,-0.031,0.097,-0.006,0.066,95.9,91.2
"2025-04-13 16:00:00",14083,11.89,310,0,-0.073,-3.56,0.84,-0.296,0.07,-0.361,0.036,97,91.6
"2025-04-13 16:30:00",14084,11.89,310,0,-0.071,-3.59,0.99,-0.299,0.082,-0.305,0.053,78.56,90.9
"2025-04-13 17:00:00",14085,11.89,310,0,0.093,2.59,1.48,0.214,0.122,0.246,0.102,109.9,99.7
"2025-04-13 17:30:00",14086,11.89,310,0,-0.05,-2.69,0.94,-0.225,0.077,-0.239,0.033,79.32,95.9
"2025-04-13 18:00:00",14087,11.89,310,0,-0.008,-1.21,1.19,-0.102,0.098,-0.113,0.074,76.93,81
"2025-04-13 18:30:00",14088,11.88,310,0,0.018,-0.06,1.06,-0.007,0.088,0,0.07,84.4,80.5
"2025-04-13 19:00:00",14089,11.88,310,0,0.018,-0.14,1.18,-0.013,0.097,-0.006,0.079,85.8,80.4
"2025-04-13 19:30:00",14090,11.88,310,0,0.022,-0.06,1.27,-0.007,0.105,-0.006,0.095,85.4,79.95
"2025-04-13 20:00:00",14091,11.87,310,0,0.022,-0.14,1.39,-0.014,0.114,-0.007,0.096,85.3,78.87
"2025-04-13 20:30:00",14092,11.86,310,0,0.027,0,1.44,0,0.12,0.006,0.101,86.6,82.7
"2025-04-13 21:00:00",14093,11.86,310,0,0.031,0.24,1.34,0.019,0.111,0.024,0.093,90.6,80.6
"2025-04-13 21:30:00",14094,11.85,310,0,0.028,0.15,1.33,0.013,0.11,0.012,0.085,88.8,80.9
"2025-04-13 22:00:00",14095,11.85,310,0,0.028,0.15,1.33,0.012,0.11,0.018,0.091,93,82
"2025-04-13 22:30:00",14096,11.84,310,0,0.028,0.22,1.23,0.019,0.102,0.024,0.083,93.3,84.1
"2025-04-13 23:00:00",14097,11.84,310,0,0.029,0.29,1.15,0.025,0.095,0.029,0.077,91.7,84.5
"2025-04-13 23:30:00",14098,11.83,310,0,0.025,0.15,1.15,0.012,0.095,0.018,0.077,92.7,84
"2025-04-14 00:00:00",14099,11.83,310,0,0.022,0,1.22,0,0.101,0.006,0.076,92.4,84.2
"2025-04-14 00:30:00",14100,11.82,310,0,0.028,0.15,1.29,0.012,0.107,0.006,0.082,95.8,84.4
"2025-04-14 01:00:00",14101,11.82,310,0,0.027,0.21,1.2,0.018,0.099,0.022,0.081,93.7,85.5
"2025-04-14 01:30:00",14102,11.82,310,0,0.021,-0.05,1.2,-0.006,0.099,-0.012,0.081,91.5,85.3
"2025-04-14 02:00:00",14103,11.81,310,0,0.026,0.07,1.29,0.006,0.107,0.011,0.088,94.6,86.9
"2025-04-14 02:30:00",14104,11.81,310,0,0.023,0.07,1.18,0.006,0.097,0.005,0.073,98.2,87.5
"2025-04-14 03:00:00",14105,11.81,310,0,0.02,0,1.11,0,0.092,0,0.074,93.7,86
"2025-04-14 03:30:00",14106,11.8,310,0,0.021,-0.05,1.19,-0.006,0.098,-0.006,0.073,94.9,86.5
"2025-04-14 04:00:00",14107,11.8,310,0,0.031,0.29,1.26,0.024,0.105,0.028,0.086,97.4,89.7
"2025-04-14 04:30:00",14108,11.8,310,0,0.028,0.21,1.25,0.017,0.102,0.026,0.071,101.1,90.4
"2025-04-14 05:00:00",14109,11.8,310,0,0.013,-0.26,1.05,-0.024,0.087,-0.022,0.057,97.4,88.7
"2025-04-14 05:30:00",14110,11.8,310,0,0.025,0.14,1.16,0.012,0.097,0.011,0.072,93.2,90.2
"2025-04-14 06:00:00",14111,11.8,310,0,0.023,0,1.25,0,0.102,0.011,0.077,97.1,92.7
"2025-04-14 06:30:00",14112,11.8,310,0,0.019,-0.05,1.13,-0.006,0.094,-0.005,0.069,99.8,90.6
"2025-04-14 07:00:00",14113,11.8,310,0,0.022,0.07,1.12,0.006,0.092,0.005,0.068,104.1,95.4
"2025-04-14 07:30:00",14114,11.8,310,0,0.013,-0.17,0.98,-0.016,0.081,-0.024,0.057,105.3,101.1
"2025-04-14 08:00:00",14115,11.81,310,0,0.023,0.2,0.98,0.016,0.081,0.014,0.057,106.8,96.6
"2025-04-14 08:30:00",14116,11.81,310,0,0.019,0,1.04,0,0.086,-0.005,0.051,104.4,101.2
"2025-04-14 09:00:00",14117,11.81,310,0,0.02,0.13,0.9,0.011,0.074,0.015,0.045,102.3,100.4
"2025-04-14 09:30:00",14118,11.82,310,0,0.02,0.07,1.01,0.006,0.084,0,0.06,98.9,96.2
"2025-04-14 10:00:00",14119,11.82,310,0,0.019,0,1.04,0,0.085,0.004,0.056,109.8,103.1
"2025-04-14 10:30:00",14120,11.82,310,0,0.016,0,0.88,0,0.072,0.004,0.045,109.6,109.4
"2025-04-14 11:00:00",14121,11.83,310,0,0.019,0.07,0.95,0.005,0.079,0.005,0.05,107.9,103.7
"2025-04-14 11:30:00",14122,11.84,310,0,0.023,0.18,0.99,0.015,0.082,0.022,0.053,109.5,109.3
"2025-04-14 12:00:00",14123,11.84,310,0,0.015,-0.09,0.95,-0.009,0.079,-0.008,0.045,109.8,109.6
"2025-04-14 12:30:00",14124,11.84,310,0,0.013,-0.09,0.85,-0.009,0.071,-0.008,0.034,109.3,109.6
"2025-04-14 13:00:00",14125,11.85,310,0,0.016,-0.03,0.95,-0.005,0.078,0,0.045,109.9,109.5
"2025-04-14 13:30:00",14126,11.86,310,0,0.019,0,1.02,0,0.085,-0.013,0.051,109.5,109.8
"2025-04-14 14:00:00",14127,11.86,310,0,0.012,-0.28,1.04,-0.026,0.086,0.041,0.052,106.8,109.6
"2025-04-14 14:30:00",14128,11.87,310,0,-0.014,-1.28,0.95,-0.108,0.079,-0.106,0.051,109.6,98.1
"2025-04-14 15:00:00",14129,11.86,310,0,0.024,0.24,0.98,0.019,0.081,0.055,0.052,86.6,94.2
"2025-04-14 15:30:00",14130,11.86,310,0,0.019,-0.05,1.09,-0.006,0.09,0.011,0.066,91.2,91.7
"2025-04-14 16:00:00",14131,11.86,310,0,0.006,-0.56,1.12,-0.049,0.093,-0.065,0.069,107.1,98.9
"2025-04-14 16:30:00",14132,11.86,310,0,0.01,-0.4,1.09,-0.034,0.09,-0.027,0.066,95.7,95
"2025-04-14 17:00:00",14133,11.86,310,0,0.013,-0.28,1.12,-0.025,0.092,-0.018,0.069,90.8,86.9
"2025-04-14 17:30:00",14134,11.85,310,0,-0.001,-0.79,1.01,-0.068,0.083,-0.084,0.048,83.5,89.6
"2025-04-14 18:00:00",14135,11.85,310,0,-0.009,-1.17,1.06,-0.099,0.088,-0.109,0.071,82.1,84.7
"2025-04-14 18:30:00",14136,11.85,310,0,0.004,-0.55,0.98,-0.047,0.081,-0.046,0.064,74.71,81.5
"2025-04-14 19:00:00",14137,11.84,310,0,0.018,-0.21,1.27,-0.02,0.105,-0.013,0.088,85.6,82.9
"2025-04-14 19:30:00",14138,11.84,310,0,0.024,0,1.27,0,0.105,0.013,0.088,86.9,79.19
"2025-04-14 20:00:00",14139,11.83,310,0,0.018,-0.13,1.18,-0.013,0.097,-0.006,0.086,85.9,81
"2025-04-14 20:30:00",14140,11.83,310,0,0.023,0.07,1.15,0.006,0.095,0.018,0.085,90.3,81.6
"2025-04-14 21:00:00",14141,11.82,310,0,0.01,-0.49,1.22,-0.043,0.101,-0.035,0.083,93.2,83.5
"2025-04-14 21:30:00",14142,11.81,310,0,0.024,0.07,1.19,0.006,0.098,0.006,0.08,94.4,85
"2025-04-14 22:00:00",14143,11.81,310,0,0.016,-0.19,1.16,-0.018,0.097,-0.017,0.072,95.8,88.3
"2025-04-14 22:30:00",14144,11.81,310,0,0.023,0.07,1.16,0.006,0.097,0.006,0.072,92.2,86.8
"2025-04-14 23:00:00",14145,11.81,310,0,0.016,-0.19,1.16,-0.018,0.096,-0.016,0.071,94.9,88.4
"2025-04-14 23:30:00",14146,11.8,310,0,0.02,-0.05,1.15,-0.006,0.095,0,0.07,97.8,89.9
"2025-04-15 00:00:00",14147,11.8,310,0,0.022,0,1.22,0,0.1,0,0.069,100,89.8
"2025-04-15 00:30:00",14148,11.8,310,0,0.016,-0.19,1.15,-0.018,0.095,-0.017,0.07,98.3,86.3
"2025-04-15 01:00:00",14149,11.8,310,0,0.017,-0.2,1.23,-0.018,0.102,-0.017,0.077,95.2,87.7
"2025-04-15 01:30:00",14150,11.8,310,0,0.016,-0.2,1.16,-0.018,0.096,-0.011,0.072,92.2,87.5
"2025-04-15 02:00:00",14151,11.8,310,0,0.02,-0.13,1.26,-0.012,0.104,-0.006,0.073,92.9,89.3
"2025-04-15 02:30:00",14152,11.8,310,0,0.016,-0.2,1.16,-0.018,0.097,-0.011,0.073,95.1,85.4
"2025-04-15 03:00:00",14153,11.8,310,0,0.016,-0.2,1.15,-0.018,0.095,-0.017,0.071,95.8,89.8
"2025-04-15 03:30:00",14154,11.79,310,0,0.022,0,1.19,0,0.098,0.012,0.074,90.3,83.6
"2025-04-15 04:00:00",14155,11.79,310,0,0.015,-0.2,1.11,-0.019,0.091,-0.012,0.067,95.3,84.3
"2025-04-15 04:30:00",14156,11.79,310,0,0.015,-0.21,1.13,-0.019,0.093,-0.037,0.069,84.4,82.7
"2025-04-15 05:00:00",14157,11.79,310,0,0.017,-0.21,1.2,-0.019,0.1,-0.031,0.075,85.9,82.4
"2025-04-15 05:30:00",14158,11.78,310,0,0.022,0,1.18,0,0.097,0.006,0.073,97.7,86.3
"2025-04-15 06:00:00",14159,11.78,310,0,0.006,-0.56,1.09,-0.049,0.091,-0.045,0.066,94.8,87.6
"2025-04-15 06:30:00",14160,11.78,310,0,0.015,-0.2,1.09,-0.018,0.091,-0.011,0.066,94.9,86
"2025-04-15 07:00:00",14161,11.78,310,0,0.014,-0.26,1.15,-0.024,0.095,-0.016,0.071,101,92.1
"2025-04-15 07:30:00",14162,11.78,310,0,0.018,-0.12,1.13,-0.012,0.093,-0.011,0.069,100.1,90.4
"2025-04-15 08:00:00",14163,11.78,310,0,0.008,-0.45,1.09,-0.04,0.09,-0.047,0.06,102,91.8
"2025-04-15 08:30:00",14164,11.77,310,0,0.015,-0.19,1.11,-0.017,0.091,-0.005,0.061,108,93.5
"2025-04-15 09:00:00",14165,11.78,310,0,0.015,-0.17,1.06,-0.016,0.088,-0.005,0.058,108.1,100.2
"2025-04-15 09:30:00",14166,11.78,310,0,0.001,-0.69,1.01,-0.059,0.083,-0.06,0.054,95.8,95.9
"2025-04-15 10:00:00",14167,11.78,310,0,0.007,-0.41,0.94,-0.035,0.078,-0.038,0.048,103.6,95.4
"2025-04-15 10:30:00",14168,11.78,310,0,0.006,-0.56,1.12,-0.049,0.093,-0.044,0.063,109.8,99.6
