"TOA5","CR300Series_510","CR300","1740","CR300.Std.11.00","CPU:CR300_sapflow.CR300","32345","Table2"
"TIMESTAMP","RECORD","BattV_Min","id","SDI1","SapFlwTot1","VhOuter1","VhInner1","AlphaOut1","AlphaIn1","BetaOut1","BetaIn1","tMaxTout1","tMaxTin1"
"TS","RN","Volts","","","literPerHour","heatVelocity","heatVelocity","logTRatio","logTRatio","logTRatio","logTRatio","second","second"
"","","Min","Smp","Smp","Smp","Smp","Smp","Smp","Smp","Smp","Smp","Smp","Smp"
"2024-08-29 11:30:00",2849,13,510,1,2.519,3.22,7.9,0.285,0.699,0.239,0.482,57.18,42.75
"2024-08-29 12:00:00",2850,12.91,510,1,2.606,3.2,8.31,0.283,0.735,0.247,0.514,60.99,42.13
"2024-08-29 12:30:00",2851,12.9,510,1,3.143,4.3,9.56,0.38,0.846,0.32,0.583,58.43,41.08
"2024-08-29 13:00:00",2852,12.91,510,1,2.983,4,9.16,0.354,0.811,0.302,0.566,58.6,42.24
"2024-08-29 13:30:00",2853,12.92,510,1,2.87,3.83,8.83,0.339,0.781,0.291,0.54,60.26,41.22
"2024-08-29 14:00:00",2854,12.93,510,1,2.682,3.56,8.27,0.315,0.732,0.267,0.51,57.71,40.36
"2024-08-29 14:30:00",2855,12.93,510,1,3.286,4.33,10.17,0.383,0.9,0.331,0.625,58.66,42.45
"2024-08-29 15:00:00",2856,12.94,510,1,3.144,4.18,9.69,0.37,0.858,0.316,0.592,57.28,43.16
"2024-08-29 15:30:00",2857,12.94,510,1,3.178,4.23,9.79,0.374,0.867,0.317,0.598,58.8,42.28
"2024-08-29 16:00:00",2858,12.95,510,1,3.058,4.07,9.42,0.36,0.834,0.309,0.578,59.69,41.25
"2024-08-29 16:30:00",2859,12.95,510,1,2.718,3.61,8.38,0.32,0.742,0.274,0.515,58.4,41.47
"2024-08-29 17:00:00",2860,12.95,510,1,2.035,2.63,6.35,0.233,0.562,0.191,0.391,56.97,42.84
"2024-08-29 17:30:00",2861,12.95,510,1,1.33,1.54,4.34,0.136,0.384,0.111,0.263,58.06,40.29
"2024-08-29 18:00:00",2862,12.95,510,1,0.872,0.83,3.03,0.074,0.268,0.056,0.178,57.06,40.83
"2024-08-29 18:30:00",2863,12.95,510,1,0.497,0.3,1.91,0.027,0.169,0.015,0.103,55.97,38.61
"2024-08-29 19:00:00",2864,12.95,510,1,0.238,-0.07,1.14,-0.007,0.101,-0.015,0.055,56.89,38.84
"2024-08-29 19:30:00",2865,12.95,510,1,0.091,-0.32,0.74,-0.029,0.065,-0.034,0.027,57.51,38.21
"2024-08-29 20:00:00",2866,12.95,510,1,-0.018,-0.49,0.43,-0.045,0.038,-0.047,0.002,57.3,38.27
"2024-08-29 20:30:00",2867,12.95,510,1,-0.04,-0.5,0.34,-0.045,0.03,-0.052,0,56.34,38.04
"2024-08-29 21:00:00",2868,12.95,510,1,-0.056,-0.54,0.31,-0.049,0.027,-0.049,0,56.32,37.71
"2024-08-29 21:30:00",2869,12.95,510,1,-0.097,-0.59,0.18,-0.053,0.016,-0.056,-0.009,55.02,39.07
"2024-08-29 22:00:00",2870,12.95,510,1,-0.085,-0.57,0.21,-0.051,0.019,-0.051,-0.009,56.53,37.92
"2024-08-29 22:30:00",2871,12.95,510,1,-0.09,-0.59,0.21,-0.053,0.019,-0.056,-0.005,56.27,39.22
"2024-08-29 23:00:00",2872,12.95,510,1,-0.097,-0.62,0.21,-0.055,0.019,-0.058,-0.005,57.53,39.33
"2024-08-29 23:30:00",2873,12.95,510,1,-0.109,-0.64,0.18,-0.058,0.016,-0.058,-0.009,55.5,39.13
"2024-08-30 00:00:00",2874,12.95,510,1,-0.097,-0.62,0.21,-0.056,0.019,-0.058,-0.002,56.35,38.31
"2024-08-30 00:30:00",2875,12.95,510,1,-0.109,-0.64,0.18,-0.058,0.016,-0.058,-0.007,56.3,38
"2024-08-30 01:00:00",2876,12.95,510,1,-0.11,-0.59,0.12,-0.053,0.011,-0.06,-0.014,56.51,37.48
"2024-08-30 01:30:00",2877,12.95,510,1,-0.118,-0.65,0.15,-0.058,0.014,-0.058,-0.012,56.79,39.16
"2024-08-30 02:00:00",2878,12.95,510,1,-0.104,-0.59,0.15,-0.053,0.014,-0.056,-0.009,56.68,37.64
"2024-08-30 02:30:00",2879,12.95,510,1,-0.11,-0.59,0.12,-0.053,0.011,-0.056,-0.012,56.68,39.47
"2024-08-30 03:00:00",2880,12.95,510,1,-0.129,-0.67,0.12,-0.06,0.011,-0.065,-0.016,55.46,37.84
"2024-08-30 03:30:00",2881,12.95,510,1,-0.124,-0.62,0.09,-0.055,0.008,-0.058,-0.012,55.85,38.64
"2024-08-30 04:00:00",2882,12.95,510,1,-0.129,-0.64,0.09,-0.058,0.008,-0.058,-0.014,57.19,38.74
"2024-08-30 04:30:00",2883,12.95,510,1,-0.129,-0.64,0.09,-0.058,0.008,-0.058,-0.012,57.01,38.13
"2024-08-30 05:00:00",2884,12.95,510,1,-0.117,-0.59,0.09,-0.053,0.008,-0.058,-0.016,55.72,38.52
"2024-08-30 05:30:00",2885,12.95,510,1,-0.124,-0.62,0.09,-0.056,0.008,-0.058,-0.012,57.1,38.63
"2024-08-30 06:00:00",2886,12.95,510,1,-0.112,-0.57,0.09,-0.051,0.008,-0.056,-0.014,56.7,37.83
"2024-08-30 06:30:00",2887,12.95,510,1,-0.106,-0.57,0.12,-0.051,0.011,-0.054,-0.012,56.4,38.62
"2024-08-30 07:00:00",2888,12.95,510,1,-0.111,-0.62,0.15,-0.056,0.014,-0.06,-0.009,55.87,38.09
"2024-08-30 07:30:00",2889,12.95,510,1,-0.076,-0.57,0.25,-0.051,0.022,-0.056,-0.007,56.05,36.34
"2024-08-30 08:00:00",2890,12.95,510,1,-0.031,-0.49,0.37,-0.044,0.033,-0.047,0.005,55.69,36.97
"2024-08-30 08:30:00",2891,12.95,510,1,0.027,-0.44,0.58,-0.04,0.052,-0.043,0.018,56.43,38.95
"2024-08-30 09:00:00",2892,12.95,510,1,0.047,-0.42,0.65,-0.038,0.057,-0.043,0.023,56.75,38.44
"2024-08-30 09:30:00",2893,12.95,510,1,0.091,-0.32,0.74,-0.029,0.065,-0.032,0.03,57.08,38.36
"2024-08-30 10:00:00",2894,12.95,510,1,0.127,-0.22,0.8,-0.02,0.071,-0.026,0.032,56.67,38.21
"2024-08-30 10:30:00",2895,12.95,510,1,0.127,-0.22,0.8,-0.02,0.071,-0.03,0.032,58.47,38.77
"2024-08-30 11:00:00",2896,12.95,510,1,0.354,0.05,1.53,0.004,0.135,-0.006,0.08,56.84,39.91
"2024-08-30 11:30:00",2897,12.95,510,1,0.828,0.71,2.96,0.063,0.262,0.049,0.17,57.06,40.7
"2024-08-30 12:00:00",2898,12.95,510,1,1.151,1.25,3.84,0.11,0.34,0.09,0.231,58.36,40.74
"2024-08-30 12:30:00",2899,12.95,510,1,1.349,1.56,4.4,0.138,0.39,0.115,0.268,58.63,41.01
"2024-08-30 13:00:00",2900,12.95,510,1,1.582,1.91,5.08,0.169,0.449,0.135,0.305,58.6,42.23
"2024-08-30 13:30:00",2901,12.95,510,1,1.718,2.07,5.52,0.183,0.489,0.151,0.339,60.03,41.16
"2024-08-30 14:00:00",2902,12.96,510,1,1.766,2.18,5.62,0.193,0.497,0.16,0.347,59.09,42.15
"2024-08-30 14:30:00",2903,12.95,510,1,1.574,1.93,5.02,0.171,0.445,0.139,0.309,58.06,41.43
"2024-08-30 15:00:00",2904,12.95,510,1,1.61,1.98,5.13,0.175,0.454,0.143,0.311,59.78,41.06
"2024-08-30 15:30:00",2905,12.96,510,1,1.319,1.55,4.28,0.137,0.379,0.109,0.255,58.98,40.69
"2024-08-30 16:00:00",2906,12.96,510,1,0.979,1.02,3.31,0.091,0.293,0.07,0.2,57.87,39.27
"2024-08-30 16:30:00",2907,12.96,510,1,0.854,0.83,2.95,0.073,0.261,0.056,0.173,58.36,39.91
"2024-08-30 17:00:00",2908,12.95,510,1,0.804,0.77,2.79,0.068,0.247,0.051,0.162,56.75,39.55
"2024-08-30 17:30:00",2909,12.95,510,1,0.838,0.8,2.91,0.071,0.258,0.053,0.17,56.83,41.31
"2024-08-30 18:00:00",2910,12.95,510,1,0.67,0.58,2.39,0.051,0.212,0.034,0.134,57.7,41.33
"2024-08-30 18:30:00",2911,12.95,510,1,0.366,0.13,1.5,0.011,0.133,0.002,0.075,56.41,39.46
"2024-08-30 19:00:00",2912,12.96,510,1,0.147,-0.22,0.89,-0.02,0.079,-0.024,0.039,57.01,40.38
"2024-08-30 19:30:00",2913,12.95,510,1,0.037,-0.34,0.52,-0.031,0.046,-0.039,0.011,56.58,39.23
"2024-08-30 20:00:00",2914,12.95,510,1,-0.031,-0.49,0.37,-0.044,0.033,-0.049,0,57.11,38.24
"2024-08-30 20:30:00",2915,12.95,510,1,-0.085,-0.54,0.18,-0.049,0.016,-0.054,-0.009,55.78,38.58
"2024-08-30 21:00:00",2916,12.95,510,1,-0.092,-0.57,0.18,-0.051,0.016,-0.054,-0.007,55.82,38.2
"2024-08-30 21:30:00",2917,12.95,510,1,-0.111,-0.62,0.15,-0.056,0.014,-0.06,-0.012,55.98,38.78
"2024-08-30 22:00:00",2918,12.95,510,1,-0.124,-0.62,0.09,-0.055,0.008,-0.058,-0.014,56.45,39.25
"2024-08-30 22:30:00",2919,12.95,510,1,-0.129,-0.64,0.09,-0.058,0.008,-0.06,-0.012,55.21,37.59
"2024-08-30 23:00:00",2920,12.94,510,1,-0.122,-0.64,0.12,-0.058,0.011,-0.064,-0.014,55.97,38.2
"2024-08-30 23:30:00",2921,12.95,510,1,-0.142,-0.67,0.06,-0.06,0.005,-0.058,-0.016,55.82,37.36
"2024-08-31 00:00:00",2922,12.94,510,1,-0.129,-0.64,0.09,-0.058,0.008,-0.06,-0.016,56,38.79
"2024-08-31 00:30:00",2923,12.95,510,1,-0.119,-0.57,0.06,-0.051,0.005,-0.054,-0.014,56.74,38.01
"2024-08-31 01:00:00",2924,12.94,510,1,-0.124,-0.62,0.09,-0.056,0.008,-0.06,-0.014,56.41,37.95
"2024-08-31 01:30:00",2925,12.94,510,1,-0.135,-0.64,0.06,-0.058,0.005,-0.058,-0.016,56.4,37.95
"2024-08-31 02:00:00",2926,12.94,510,1,-0.137,-0.62,0.03,-0.056,0.003,-0.056,-0.018,55.52,37.47
"2024-08-31 02:30:00",2927,12.94,510,1,-0.144,-0.62,0,-0.056,0,-0.06,-0.018,55.97,37.51
"2024-08-31 03:00:00",2928,12.94,510,1,-0.126,-0.57,0.03,-0.051,0.003,-0.056,-0.016,56.95,38.06
"2024-08-31 03:30:00",2929,12.94,510,1,-0.137,-0.62,0.03,-0.056,0.003,-0.058,-0.018,56.53,38.32
"2024-08-31 04:00:00",2930,12.94,510,1,-0.142,-0.59,-0.02,-0.053,-0.003,-0.056,-0.021,56.74,38.43
"2024-08-31 04:30:00",2931,12.94,510,1,-0.137,-0.62,0.03,-0.056,0.003,-0.058,-0.021,56.34,37.89
"2024-08-31 05:00:00",2932,12.94,510,1,-0.149,-0.62,-0.02,-0.056,-0.003,-0.056,-0.025,56.19,37.99
"2024-08-31 05:30:00",2933,12.94,510,1,-0.137,-0.62,0.03,-0.056,0.003,-0.058,-0.018,56.36,37.9
"2024-08-31 06:00:00",2934,12.94,510,1,-0.162,-0.62,-0.08,-0.056,-0.008,-0.058,-0.025,56.46,38.42
"2024-08-31 06:30:00",2935,12.94,510,1,-0.155,-0.62,-0.05,-0.056,-0.005,-0.058,-0.028,55.82,38.2
"2024-08-31 07:00:00",2936,12.94,510,1,-0.155,-0.62,-0.05,-0.056,-0.005,-0.058,-0.028,56.63,38.42
"2024-08-31 07:30:00",2937,12.94,510,1,-0.117,-0.59,0.09,-0.053,0.008,-0.058,-0.014,56.67,38.78
"2024-08-31 08:00:00",2938,12.94,510,1,-0.065,-0.52,0.25,-0.047,0.022,-0.05,-0.002,56.8,38.76
"2024-08-31 08:30:00",2939,12.93,510,1,-0.02,-0.47,0.4,-0.042,0.035,-0.047,0.005,56.03,37.99
"2024-08-31 09:00:00",2940,12.94,510,1,0.109,-0.27,0.77,-0.024,0.068,-0.03,0.028,56.81,38.51
"2024-08-31 09:30:00",2941,12.94,510,1,0.215,-0.19,1.16,-0.018,0.103,-0.026,0.057,57.3,39.27
"2024-08-31 10:00:00",2942,12.94,510,1,0.232,-0.09,1.13,-0.009,0.1,-0.017,0.055,57.11,39.91
"2024-08-31 10:30:00",2943,12.94,510,1,0.508,0.27,1.99,0.024,0.176,0.015,0.114,57.91,39.87
"2024-08-31 11:00:00",2944,12.94,510,1,0.774,0.74,2.69,0.066,0.238,0.049,0.155,59.36,40.49
"2024-08-31 11:30:00",2945,12.94,510,1,1.391,1.58,4.57,0.139,0.404,0.113,0.282,59,41.8
"2024-08-31 12:00:00",2946,12.94,510,1,2.332,2.81,7.49,0.248,0.663,0.223,0.481,62.74,42.64
"2024-08-31 12:30:00",2947,12.94,510,1,2.628,3.55,8.04,0.314,0.712,0.259,0.489,57.81,42.13
"2024-08-31 13:00:00",2948,12.94,510,1,2.391,3.13,7.42,0.277,0.657,0.236,0.453,59.73,42.7
"2024-08-31 13:30:00",2949,12.94,510,1,2.067,2.7,6.42,0.239,0.569,0.202,0.391,58.51,41.73
"2024-08-31 14:00:00",2950,12.94,510,1,1.79,2.33,5.57,0.206,0.493,0.169,0.344,58.19,41.83
"2024-08-31 14:30:00",2951,12.94,510,1,2.973,3.86,9.26,0.341,0.82,0.299,0.579,59.9,41.87
"2024-08-31 15:00:00",2952,12.95,510,1,3.814,5.2,11.62,0.46,1.029,0.398,0.715,58.61,41.99
"2024-08-31 15:30:00",2953,12.95,510,1,3.773,5.15,11.49,0.456,1.017,0.394,0.701,59.31,42.39
"2024-08-31 16:00:00",2954,12.95,510,1,3.696,5.04,11.26,0.446,0.996,0.382,0.693,58.88,41.94
"2024-08-31 16:30:00",2955,12.95,510,1,2.98,4.11,9.03,0.364,0.799,0.311,0.556,58.86,41.41
"2024-08-31 17:00:00",2956,12.95,510,1,2.671,3.59,8.19,0.318,0.725,0.271,0.506,59.64,42.03
"2024-08-31 17:30:00",2957,12.95,510,1,2.457,3.28,7.56,0.29,0.669,0.246,0.468,59.38,42.61
"2024-08-31 18:00:00",2958,12.94,510,1,1.626,2.05,5.13,0.182,0.454,0.151,0.313,58.57,41.22
"2024-08-31 18:30:00",2959,12.94,510,1,0.827,0.87,2.79,0.077,0.247,0.062,0.159,57.73,40.38
"2024-08-31 19:00:00",2960,12.94,510,1,0.357,0.15,1.44,0.013,0.127,0,0.071,57.66,39.9
"2024-08-31 19:30:00",2961,12.94,510,1,0.103,-0.24,0.71,-0.022,0.062,-0.028,0.025,56.56,37.85
"2024-08-31 20:00:00",2962,12.94,510,1,0,-0.44,0.46,-0.04,0.041,-0.043,0.007,56.65,38.77
"2024-08-31 20:30:00",2963,12.94,510,1,-0.051,-0.52,0.31,-0.047,0.027,-0.05,-0.005,56.02,37.98
"2024-08-31 21:00:00",2964,12.94,510,1,-0.099,-0.6,0.18,-0.054,0.016,-0.056,-0.009,55.22,38.29
"2024-08-31 21:30:00",2965,12.94,510,1,-0.106,-0.6,0.15,-0.054,0.014,-0.056,-0.012,56.77,38.33
"2024-08-31 22:00:00",2966,12.93,510,1,-0.124,-0.65,0.12,-0.058,0.011,-0.058,-0.012,55.75,38.29
"2024-08-31 22:30:00",2967,12.94,510,1,-0.124,-0.62,0.09,-0.056,0.008,-0.061,-0.014,56.51,37.81
"2024-08-31 23:00:00",2968,12.93,510,1,-0.133,-0.6,0.03,-0.054,0.003,-0.056,-0.018,56.22,37.61
"2024-08-31 23:30:00",2969,12.93,510,1,-0.119,-0.6,0.09,-0.054,0.008,-0.056,-0.016,55.9,38.13
"2024-09-01 00:00:00",2970,12.93,510,1,-0.126,-0.6,0.06,-0.054,0.005,-0.059,-0.014,55.71,37.67
"2024-09-01 00:30:00",2971,12.93,510,1,-0.138,-0.65,0.06,-0.058,0.005,-0.061,-0.016,56.66,38.62
"2024-09-01 01:00:00",2972,12.93,510,1,-0.133,-0.6,0.03,-0.054,0.003,-0.058,-0.018,56.22,38.45
"2024-09-01 01:30:00",2973,12.93,510,1,-0.133,-0.6,0.03,-0.054,0.003,-0.056,-0.021,55.53,38.49
"2024-09-01 02:00:00",2974,12.93,510,1,-0.151,-0.65,0,-0.058,0,-0.059,-0.021,55.87,37.83
"2024-09-01 02:30:00",2975,12.92,510,1,-0.131,-0.62,0.06,-0.056,0.005,-0.058,-0.019,56.22,37.91
"2024-09-01 03:00:00",2976,12.92,510,1,-0.144,-0.62,0,-0.056,0,-0.061,-0.023,55.83,38.62
"2024-09-01 03:30:00",2977,12.92,510,1,-0.139,-0.6,0,-0.054,0,-0.058,-0.021,55.98,37.94
"2024-09-01 04:00:00",2978,12.92,510,1,-0.155,-0.62,-0.05,-0.056,-0.005,-0.058,-0.023,55.78,38.15
"2024-09-01 04:30:00",2979,12.92,510,1,-0.162,-0.65,-0.05,-0.058,-0.005,-0.059,-0.023,56.23,38.61
"2024-09-01 05:00:00",2980,12.92,510,1,-0.149,-0.62,-0.02,-0.056,-0.003,-0.061,-0.021,56.46,37.73
"2024-09-01 05:30:00",2981,12.92,510,1,-0.144,-0.6,-0.02,-0.054,-0.003,-0.056,-0.023,56.27,38.4
"2024-09-01 06:00:00",2982,12.92,510,1,-0.16,-0.67,-0.02,-0.06,-0.003,-0.063,-0.023,55.34,38.14
"2024-09-01 06:30:00",2983,12.92,510,1,-0.169,-0.62,-0.11,-0.056,-0.011,-0.058,-0.028,57.16,37.88
"2024-09-01 07:00:00",2984,12.92,510,1,-0.156,-0.65,-0.02,-0.058,-0.003,-0.061,-0.021,56.47,38.44
"2024-09-01 07:30:00",2985,12.92,510,1,-0.144,-0.65,0.03,-0.058,0.003,-0.061,-0.016,56.81,38.21
"2024-09-01 08:00:00",2986,12.92,510,1,-0.046,-0.44,0.25,-0.04,0.022,-0.045,-0.007,57.51,38.23
"2024-09-01 08:30:00",2987,12.92,510,1,0.193,-0.16,1.03,-0.015,0.091,-0.023,0.048,57.39,39.21
"2024-09-01 09:00:00",2988,12.92,510,1,0.649,0.47,2.41,0.042,0.213,0.028,0.142,57.9,40.29
"2024-09-01 09:30:00",2989,12.92,510,1,0.894,0.87,3.09,0.077,0.274,0.06,0.187,58.2,40.18
"2024-09-01 10:00:00",2990,12.92,510,1,1.335,1.55,4.35,0.137,0.385,0.111,0.269,58.41,41.23
"2024-09-01 10:30:00",2991,12.92,510,1,1.528,1.84,4.91,0.163,0.435,0.133,0.299,57.14,41.76
"2024-09-01 11:00:00",2992,12.92,510,1,1.512,1.82,4.86,0.161,0.43,0.13,0.296,58.15,42.06
"2024-09-01 11:30:00",2993,12.92,510,1,1.971,2.52,6.18,0.223,0.547,0.191,0.378,60.33,41.32
"2024-09-01 12:00:00",2994,12.92,510,1,2.649,3.65,8.03,0.323,0.711,0.277,0.5,59.91,42.72
"2024-09-01 12:30:00",2995,12.93,510,1,2.884,3.86,8.86,0.342,0.785,0.291,0.545,58.63,42.28
"2024-09-01 13:00:00",2996,12.93,510,1,2.831,3.78,8.71,0.334,0.771,0.285,0.535,58.8,41.77
"2024-09-01 13:30:00",2997,12.93,510,1,3.323,4.41,10.25,0.39,0.907,0.335,0.638,58.42,41.91
"2024-09-01 14:00:00",2998,12.93,510,1,3.392,4.63,10.33,0.41,0.914,0.35,0.64,58.31,41.8
"2024-09-01 14:30:00",2999,12.93,510,1,3.503,4.77,10.68,0.422,0.946,0.364,0.652,58.32,41.97
"2024-09-01 15:00:00",3000,12.93,510,1,3.109,4.22,9.49,0.374,0.84,0.32,0.582,58.53,43.01
"2024-09-01 15:30:00",3001,12.93,510,1,1.682,2.24,5.18,0.198,0.459,0.164,0.314,59.23,41.22
"2024-09-01 16:00:00",3002,12.93,510,1,1.244,1.43,4.07,0.126,0.361,0.103,0.243,58.94,41.76
"2024-09-01 16:30:00",3003,12.93,510,1,2.082,2.61,6.58,0.231,0.582,0.194,0.404,58.68,41.75
"2024-09-01 17:00:00",3004,12.92,510,1,2.52,3.24,7.88,0.287,0.697,0.241,0.481,58.69,42.33
"2024-09-01 17:30:00",3005,12.92,510,1,2.784,3.69,8.59,0.327,0.761,0.276,0.529,59.38,41.61
"2024-09-01 18:00:00",3006,12.92,510,1,2.035,2.69,6.29,0.238,0.556,0.198,0.385,58.58,41.24
"2024-09-01 18:30:00",3007,12.92,510,1,1.153,1.29,3.81,0.114,0.337,0.093,0.226,57.03,40.09
"2024-09-01 19:00:00",3008,12.92,510,1,0.652,0.58,2.31,0.051,0.204,0.035,0.128,57.93,39.49
"2024-09-01 19:30:00",3009,12.92,510,1,0.393,0.18,1.57,0.016,0.139,0.002,0.083,57.39,38.53
"2024-09-01 20:00:00",3010,12.92,510,1,0.168,-0.17,0.93,-0.016,0.082,-0.022,0.041,56.38,38.6
"2024-09-01 20:30:00",3011,12.92,510,1,0.072,-0.34,0.68,-0.031,0.06,-0.035,0.021,56.7,38.67
"2024-09-01 21:00:00",3012,12.92,510,1,0.02,-0.42,0.53,-0.038,0.046,-0.041,0.009,56.58,37.71
"2024-09-01 21:30:00",3013,12.91,510,1,-0.001,-0.45,0.46,-0.041,0.041,-0.043,0.009,55.97,38.35
"2024-09-01 22:00:00",3014,12.91,510,1,-0.047,-0.5,0.31,-0.045,0.027,-0.05,0,55.83,38.38
"2024-09-01 22:30:00",3015,12.91,510,1,-0.063,-0.57,0.31,-0.052,0.027,-0.054,0,56.6,38.3
"2024-09-01 23:00:00",3016,12.91,510,1,-0.05,-0.57,0.37,-0.052,0.033,-0.054,0,57.42,38.14
"2024-09-01 23:30:00",3017,12.91,510,1,-0.04,-0.5,0.34,-0.045,0.03,-0.05,0.002,55.16,37.81
"2024-09-02 00:00:00",3018,12.91,510,1,-0.04,-0.5,0.34,-0.045,0.03,-0.048,0,55.92,37.88
"2024-09-02 00:30:00",3019,12.91,510,1,-0.06,-0.5,0.25,-0.045,0.022,-0.048,-0.007,56.19,38.02
"2024-09-02 01:00:00",3020,12.91,510,1,-0.065,-0.52,0.25,-0.047,0.022,-0.05,-0.005,55.87,38.53
"2024-09-02 01:30:00",3021,12.9,510,1,-0.053,-0.5,0.28,-0.045,0.025,-0.05,0,56.43,38.66
"2024-09-02 02:00:00",3022,12.9,510,1,-0.065,-0.52,0.25,-0.047,0.022,-0.052,-0.002,57.65,37.8
"2024-09-02 02:30:00",3023,12.9,510,1,-0.085,-0.55,0.19,-0.049,0.016,-0.054,-0.007,55.65,38.19
"2024-09-02 03:00:00",3024,12.9,510,1,-0.094,-0.55,0.15,-0.049,0.014,-0.052,-0.009,55.53,38.33
"2024-09-02 03:30:00",3025,12.9,510,1,-0.072,-0.52,0.22,-0.047,0.019,-0.05,-0.005,55.91,37.87
"2024-09-02 04:00:00",3026,12.9,510,1,-0.078,-0.52,0.19,-0.047,0.016,-0.052,-0.009,56.31,38.26
"2024-09-02 04:30:00",3027,12.9,510,1,-0.078,-0.52,0.19,-0.047,0.017,-0.05,-0.007,56.71,38.41
"2024-09-02 05:00:00",3028,12.9,510,1,-0.067,-0.5,0.22,-0.045,0.019,-0.048,-0.009,56.38,37.51
"2024-09-02 05:30:00",3029,12.9,510,1,-0.049,-0.51,0.31,-0.046,0.028,-0.049,0,55.77,38.56
"2024-09-02 06:00:00",3030,12.9,510,1,-0.022,-0.46,0.38,-0.041,0.033,-0.047,0.002,55.26,38.05
"2024-09-02 06:30:00",3031,12.9,510,1,0.023,-0.32,0.44,-0.029,0.039,-0.035,0.005,54.99,38.35
"2024-09-02 07:00:00",3032,12.9,510,1,0.089,-0.25,0.66,-0.023,0.058,-0.029,0.026,57.31,38.42
"2024-09-02 07:30:00",3033,12.89,510,1,0.287,0.05,1.23,0.004,0.109,-0.004,0.058,56.89,38.27
"2024-09-02 08:00:00",3034,12.89,510,1,0.418,0.2,1.66,0.018,0.147,0.007,0.084,56.01,38.38
"2024-09-02 08:30:00",3035,12.89,510,1,0.926,0.91,3.19,0.08,0.282,0.065,0.187,56.98,40.35
"2024-09-02 09:00:00",3036,12.89,510,1,1.442,1.72,4.65,0.152,0.411,0.125,0.281,57.4,41.88
"2024-09-02 09:30:00",3037,12.89,510,1,2.261,2.88,7.1,0.255,0.629,0.22,0.434,59.72,41.94
"2024-09-02 10:00:00",3038,12.89,510,1,2.752,3.66,8.48,0.324,0.751,0.278,0.52,59.24,42.3
"2024-09-02 10:30:00",3039,12.89,510,1,3.246,4.33,9.99,0.383,0.884,0.331,0.62,58.18,40.57
"2024-09-02 11:00:00",3040,12.89,510,1,3.835,5.26,11.65,0.465,1.031,0.404,0.707,61.02,41.58
"2024-09-02 11:30:00",3041,12.89,510,1,3.92,5.52,11.76,0.489,1.041,0.414,0.709,56.68,42.14
"2024-09-02 12:00:00",3042,12.89,510,1,3.845,5.17,11.79,0.458,1.044,0.4,0.724,59.26,42.07
"2024-09-02 12:30:00",3043,12.89,510,1,4.123,5.64,12.54,0.499,1.11,0.43,0.766,57.99,40.37
"2024-09-02 13:00:00",3044,12.89,510,1,4.271,5.96,12.87,0.527,1.139,0.456,0.789,57.55,40.51
"2024-09-02 13:30:00",3045,12.89,510,1,4.076,5.66,12.31,0.501,1.09,0.434,0.753,58.55,41.51
"2024-09-02 14:00:00",3046,12.89,510,1,4.067,5.62,12.31,0.497,1.09,0.433,0.745,59.26,42.06
"2024-09-02 14:30:00",3047,12.89,510,1,4.187,5.8,12.66,0.514,1.12,0.444,0.778,58.91,41.72
"2024-09-02 15:00:00",3048,12.89,510,1,4.058,5.6,12.29,0.496,1.088,0.428,0.751,57.62,41.12
"2024-09-02 15:30:00",3049,12.89,510,1,3.822,5.27,11.58,0.467,1.025,0.405,0.707,58.37,42.17
"2024-09-02 16:00:00",3050,12.89,510,1,3.715,5.15,11.23,0.456,0.994,0.391,0.685,58.88,41.52
"2024-09-02 16:30:00",3051,12.89,510,1,3.559,4.91,10.78,0.435,0.954,0.375,0.657,59.12,41.93
"2024-09-02 17:00:00",3052,12.89,510,1,3.347,4.6,10.16,0.407,0.899,0.348,0.619,59.24,42.3
"2024-09-02 17:30:00",3053,12.89,510,1,3.137,4.31,9.52,0.381,0.843,0.327,0.585,58.29,41.51
"2024-09-02 18:00:00",3054,12.89,510,1,2.807,3.83,8.55,0.339,0.757,0.288,0.524,58.52,42.57
"2024-09-02 18:30:00",3055,12.89,510,1,2.324,3.13,7.12,0.277,0.63,0.232,0.433,58.33,41.82
"2024-09-02 19:00:00",3056,12.89,510,1,1.638,2.08,5.15,0.184,0.456,0.153,0.308,58.3,41.11
"2024-09-02 19:30:00",3057,12.88,510,1,0.9,0.97,3.01,0.086,0.266,0.065,0.171,57.29,39.93
"2024-09-02 20:00:00",3058,12.88,510,1,0.416,0.25,1.6,0.023,0.141,0.011,0.081,57.97,38.94
"2024-09-02 20:30:00",3059,12.88,510,1,0.196,-0.09,0.97,-0.009,0.086,-0.015,0.039,57.59,38.7
"2024-09-02 21:00:00",3060,12.88,510,1,0.089,-0.22,0.63,-0.02,0.056,-0.026,0.021,55.87,39.07
"2024-09-02 21:30:00",3061,12.87,510,1,0.03,-0.35,0.5,-0.032,0.044,-0.037,0.014,56.99,37.94
"2024-09-02 22:00:00",3062,12.87,510,1,-0.008,-0.43,0.41,-0.039,0.036,-0.044,0.005,55.39,39.01
"2024-09-02 22:30:00",3063,12.87,510,1,-0.012,-0.42,0.38,-0.038,0.033,-0.046,0.005,56.34,38.13
"2024-09-02 23:00:00",3064,12.87,510,1,-0.04,-0.47,0.31,-0.043,0.028,-0.048,-0.002,55.94,38.71
"2024-09-02 23:30:00",3065,12.87,510,1,-0.021,-0.42,0.34,-0.038,0.03,-0.041,0,57.22,37.76
"2024-09-03 00:00:00",3066,12.86,510,1,-0.042,-0.45,0.28,-0.04,0.025,-0.043,-0.002,55.9,38.11
"2024-09-03 00:30:00",3067,12.86,510,1,-0.035,-0.42,0.28,-0.038,0.025,-0.048,-0.005,56.11,37.64
"2024-09-03 01:00:00",3068,12.86,510,1,-0.028,-0.42,0.31,-0.038,0.028,-0.041,0.002,56.74,38.95
"2024-09-03 01:30:00",3069,12.86,510,1,-0.046,-0.47,0.28,-0.043,0.025,-0.046,0.002,54.64,38.68
"2024-09-03 02:00:00",3070,12.86,510,1,-0.035,-0.45,0.31,-0.041,0.028,-0.046,0.002,56.42,39.2
"2024-09-03 02:30:00",3071,12.86,510,1,-0.03,-0.43,0.31,-0.039,0.028,-0.046,0.002,59.58,38.62
"2024-09-03 03:00:00",3072,12.86,510,1,-0.042,-0.45,0.28,-0.041,0.025,-0.044,-0.007,55.99,37.79
"2024-09-03 03:30:00",3073,12.86,510,1,-0.041,-0.42,0.25,-0.038,0.022,-0.042,-0.005,56.17,38.38
"2024-09-03 04:00:00",3074,12.86,510,1,-0.048,-0.45,0.25,-0.041,0.022,-0.044,-0.007,55.81,37.76
"2024-09-03 04:30:00",3075,12.85,510,1,-0.055,-0.45,0.22,-0.041,0.019,-0.044,-0.012,56.35,37.46
"2024-09-03 05:00:00",3076,12.85,510,1,-0.043,-0.4,0.22,-0.036,0.019,-0.044,-0.009,55.78,38.3
"2024-09-03 05:30:00",3077,12.85,510,1,-0.067,-0.5,0.22,-0.045,0.019,-0.05,-0.009,56.82,37.92
"2024-09-03 06:00:00",3078,12.85,510,1,-0.087,-0.5,0.13,-0.045,0.011,-0.05,-0.019,56.71,37.97
"2024-09-03 06:30:00",3079,12.85,510,1,-0.096,-0.5,0.09,-0.045,0.008,-0.05,-0.016,55.72,37.93
"2024-09-03 07:00:00",3080,12.85,510,1,-0.008,-0.4,0.38,-0.036,0.033,-0.041,0.007,56.11,38.48
"2024-09-03 07:30:00",3081,12.85,510,1,0.261,-0.02,1.19,-0.002,0.105,-0.011,0.056,57.63,39.43
"2024-09-03 08:00:00",3082,12.84,510,1,0.59,0.38,2.24,0.033,0.198,0.022,0.125,56.85,39.79
"2024-09-03 08:30:00",3083,12.84,510,1,0.953,0.95,3.27,0.084,0.289,0.067,0.194,58.68,40.89
"2024-09-03 09:00:00",3084,12.84,510,1,1.307,1.44,4.34,0.128,0.384,0.104,0.259,58.5,40.61
"2024-09-03 09:30:00",3085,12.85,510,1,1.737,2.14,5.53,0.19,0.489,0.158,0.338,59.55,41.5
"2024-09-03 10:00:00",3086,12.84,510,1,2.123,2.73,6.64,0.242,0.587,0.206,0.405,60.52,42.32
"2024-09-03 10:30:00",3087,12.85,510,1,1.468,0.34,6.21,0.03,0.55,0.035,0.43,53.04,42.67
"2024-09-03 11:00:00",3088,12.85,510,1,2.873,3.92,8.75,0.347,0.775,0.296,0.525,59.3,42.1
"2024-09-03 11:30:00",3089,12.85,510,1,3.077,4.22,9.35,0.373,0.827,0.315,0.573,58.32,44.46
"2024-09-03 12:00:00",3090,12.85,510,1,2.952,3.52,9.52,0.312,0.843,0.277,0.604,57.84,42.72
"2024-09-03 12:30:00",3091,12.86,510,1,3.463,4.79,10.48,0.424,0.928,0.361,0.637,58.7,41.65
"2024-09-03 13:00:00",3092,12.85,510,1,3.665,5.21,10.94,0.462,0.969,0.39,0.68,57.53,42.26
"2024-09-03 13:30:00",3093,12.86,510,1,3.778,5.17,11.49,0.458,1.017,0.398,0.701,59.17,41.54
"2024-09-03 14:00:00",3094,12.86,510,1,3.841,5.4,11.53,0.478,1.021,0.408,0.706,58.69,41.48
"2024-09-03 14:30:00",3095,12.86,510,1,3.75,5.22,11.31,0.462,1.001,0.395,0.693,58.99,41.79
"2024-09-03 15:00:00",3096,12.86,510,1,3.661,5.07,11.07,0.448,0.98,0.386,0.679,58.16,41.63
"2024-09-03 15:30:00",3097,12.86,510,1,3.595,5.02,10.83,0.444,0.958,0.378,0.665,58.63,41.69
"2024-09-03 16:00:00",3098,12.86,510,1,3.243,4.49,9.81,0.397,0.869,0.34,0.604,59.37,43.42
"2024-09-03 16:30:00",3099,12.86,510,1,3.036,4.13,9.26,0.366,0.82,0.312,0.567,58.37,44.35
"2024-09-03 17:00:00",3100,12.86,510,1,2.85,3.86,8.71,0.341,0.771,0.29,0.531,59.97,41.26
"2024-09-03 17:30:00",3101,12.85,510,1,2.639,3.55,8.09,0.314,0.716,0.267,0.491,59.2,42.42
"2024-09-03 18:00:00",3102,12.85,510,1,2.349,3.15,7.21,0.279,0.638,0.233,0.438,58.38,42.01
"2024-09-03 18:30:00",3103,12.85,510,1,1.924,2.46,6.03,0.218,0.533,0.181,0.363,58.81,41.34
"2024-09-03 19:00:00",3104,12.85,510,1,1.425,1.77,4.52,0.157,0.4,0.127,0.271,58.18,40.14
"2024-09-03 19:30:00",3105,12.85,510,1,0.814,0.87,2.73,0.077,0.242,0.061,0.157,57.94,40.16
"2024-09-03 20:00:00",3106,12.85,510,1,0.411,0.23,1.6,0.02,0.142,0.009,0.079,57.22,39.17
"2024-09-03 20:30:00",3107,12.84,510,1,0.207,-0.07,1,-0.007,0.089,-0.013,0.044,56.26,38.63
"2024-09-03 21:00:00",3108,12.84,510,1,0.096,-0.22,0.66,-0.02,0.058,-0.026,0.021,56.21,39.4
"2024-09-03 21:30:00",3109,12.84,510,1,0.023,-0.35,0.47,-0.031,0.042,-0.035,0.009,56.41,39.03
"2024-09-03 22:00:00",3110,12.83,510,1,-0.01,-0.37,0.34,-0.034,0.03,-0.041,0,55.9,37.68
"2024-09-03 22:30:00",3111,12.83,510,1,-0.028,-0.42,0.31,-0.038,0.028,-0.044,-0.005,56.03,37.56
"2024-09-03 23:00:00",3112,12.83,510,1,-0.046,-0.47,0.28,-0.043,0.025,-0.048,-0.002,56.44,38.39
"2024-09-03 23:30:00",3113,12.83,510,1,-0.046,-0.47,0.28,-0.043,0.025,-0.043,-0.002,56.75,38.28
"2024-09-04 00:00:00",3114,12.83,510,1,-0.055,-0.48,0.25,-0.043,0.022,-0.048,-0.007,56.68,37.78
"2024-09-04 00:30:00",3115,12.83,510,1,-0.048,-0.45,0.25,-0.041,0.022,-0.046,-0.007,56.94,38.31
"2024-09-04 01:00:00",3116,12.83,510,1,-0.048,-0.45,0.25,-0.041,0.022,-0.041,-0.007,56.36,38.72
"2024-09-04 01:30:00",3117,12.83,510,1,-0.048,-0.42,0.22,-0.038,0.019,-0.046,-0.009,55.87,38.22
"2024-09-04 02:00:00",3118,12.82,510,1,-0.062,-0.48,0.22,-0.043,0.019,-0.046,-0.009,56.56,37.65
"2024-09-04 02:30:00",3119,12.82,510,1,-0.06,-0.47,0.22,-0.043,0.019,-0.046,-0.005,56.61,38.96
"2024-09-04 03:00:00",3120,12.82,510,1,-0.067,-0.47,0.19,-0.043,0.017,-0.048,-0.012,55.71,38.06
"2024-09-04 03:30:00",3121,12.82,510,1,-0.08,-0.5,0.16,-0.045,0.014,-0.048,-0.009,57.01,38.68
"2024-09-04 04:00:00",3122,12.82,510,1,-0.073,-0.47,0.16,-0.043,0.014,-0.048,-0.012,55.93,38.71
"2024-09-04 04:30:00",3123,12.82,510,1,-0.087,-0.53,0.16,-0.048,0.014,-0.053,-0.009,56.64,37.74
"2024-09-04 05:00:00",3124,12.82,510,1,-0.094,-0.53,0.13,-0.047,0.011,-0.05,-0.009,55.85,38.05
"2024-09-04 05:30:00",3125,12.82,510,1,-0.101,-0.52,0.09,-0.047,0.008,-0.05,-0.016,56.04,37.55
"2024-09-04 06:00:00",3126,12.82,510,1,-0.096,-0.5,0.09,-0.045,0.008,-0.048,-0.014,57.1,38.36
"2024-09-04 06:30:00",3127,12.82,510,1,-0.096,-0.5,0.09,-0.045,0.008,-0.05,-0.016,56.78,38.28
"2024-09-04 07:00:00",3128,12.81,510,1,-0.08,-0.5,0.16,-0.045,0.014,-0.05,-0.009,56.74,38.26
"2024-09-04 07:30:00",3129,12.81,510,1,0.105,-0.24,0.72,-0.022,0.064,-0.028,0.026,56.25,39.03
"2024-09-04 08:00:00",3130,12.81,510,1,0.197,-0.14,1.03,-0.013,0.091,-0.019,0.049,56.85,39.22
"2024-09-04 08:30:00",3131,12.81,510,1,0.472,0.22,1.88,0.02,0.166,0.006,0.109,58.37,40.73
"2024-09-04 09:00:00",3132,12.81,510,1,1.064,1.07,3.64,0.094,0.322,0.079,0.22,59.03,41.82
"2024-09-04 09:30:00",3133,12.81,510,1,1.56,1.88,5.01,0.166,0.444,0.139,0.314,60.22,42.44
"2024-09-04 10:00:00",3134,12.81,510,1,1.83,2.29,5.79,0.203,0.512,0.171,0.357,59.7,42.49
"2024-09-04 10:30:00",3135,12.82,510,1,1.782,1.5,6.4,0.133,0.566,0.108,0.417,54.45,41.58
"2024-09-04 11:00:00",3136,12.82,510,1,2.753,3.75,8.39,0.332,0.743,0.282,0.513,59.67,42.89
"2024-09-04 11:30:00",3137,12.82,510,1,2.936,3.96,8.99,0.351,0.796,0.298,0.555,59.13,42.19
"2024-09-04 12:00:00",3138,12.82,510,1,3.055,4.03,9.45,0.356,0.836,0.305,0.597,58.64,41.45
"2024-09-04 12:30:00",3139,12.82,510,1,3.395,4.65,10.32,0.412,0.913,0.353,0.635,60.68,41.66
"2024-09-04 13:00:00",3140,12.83,510,1,3.583,4.86,10.94,0.43,0.968,0.373,0.682,58.08,41.88
"2024-09-04 13:30:00",3141,12.83,510,1,3.572,4.88,10.87,0.432,0.962,0.372,0.669,58.24,42.29
"2024-09-04 14:00:00",3142,12.83,510,1,3.472,4.79,10.52,0.424,0.931,0.364,0.647,59.49,41.88
"2024-09-04 14:30:00",3143,12.83,510,1,3.452,4.76,10.46,0.421,0.926,0.363,0.649,59.77,42.42
"2024-09-04 15:00:00",3144,12.83,510,1,3.477,4.76,10.57,0.421,0.935,0.364,0.647,58.93,40.9
"2024-09-04 15:30:00",3145,12.83,510,1,3.504,4.8,10.65,0.425,0.943,0.365,0.657,57.56,42.87
"2024-09-04 16:00:00",3146,12.83,510,1,3.307,4.58,10,0.405,0.885,0.348,0.617,58.82,41.78
"2024-09-04 16:30:00",3147,12.83,510,1,3.175,4.38,9.62,0.388,0.851,0.331,0.59,58.94,41.32
"2024-09-04 17:00:00",3148,12.83,510,1,2.9,3.96,8.83,0.351,0.782,0.302,0.539,59.58,42.53
"2024-09-04 17:30:00",3149,12.83,510,1,2.755,3.72,8.43,0.329,0.747,0.281,0.517,58.83,42.46
"2024-09-04 18:00:00",3150,12.82,510,1,2.433,3.26,7.47,0.289,0.661,0.242,0.453,58.62,41.84
"2024-09-04 18:30:00",3151,12.83,510,1,1.799,2.34,5.6,0.208,0.496,0.174,0.339,59.71,41.92
"2024-09-04 19:00:00",3152,12.82,510,1,1.174,1.37,3.82,0.121,0.338,0.098,0.226,58.68,41.06
"2024-09-04 19:30:00",3153,12.82,510,1,0.609,0.54,2.16,0.048,0.191,0.035,0.118,57.43,39.95
"2024-09-04 20:00:00",3154,12.82,510,1,0.259,0,1.16,0,0.103,-0.007,0.056,57.15,38.53
"2024-09-04 20:30:00",3155,12.82,510,1,0.084,-0.27,0.66,-0.025,0.058,-0.03,0.021,56.38,38.59
"2024-09-04 21:00:00",3156,12.82,510,1,0.012,-0.37,0.44,-0.034,0.039,-0.037,0.007,56.74,38.12
"2024-09-04 21:30:00",3157,12.81,510,1,-0.04,-0.47,0.31,-0.043,0.028,-0.05,-0.002,56.39,38.34
"2024-09-04 22:00:00",3158,12.81,510,1,-0.074,-0.53,0.22,-0.047,0.019,-0.05,-0.005,57.22,38.75
"2024-09-04 22:30:00",3159,12.81,510,1,-0.099,-0.58,0.16,-0.052,0.014,-0.055,-0.009,56.22,37.75
"2024-09-04 23:00:00",3160,12.81,510,1,-0.079,-0.55,0.22,-0.05,0.019,-0.052,-0.007,56.21,38.59
"2024-09-04 23:30:00",3161,12.81,510,1,-0.081,-0.53,0.19,-0.048,0.017,-0.05,-0.005,55.57,38.92
"2024-09-05 00:00:00",3162,12.81,510,1,-0.074,-0.5,0.19,-0.045,0.017,-0.048,-0.007,56.7,38.39
"2024-09-05 00:30:00",3163,12.81,510,1,-0.087,-0.53,0.16,-0.048,0.014,-0.05,-0.009,55.51,38.29
"2024-09-05 01:00:00",3164,12.81,510,1,-0.085,-0.55,0.19,-0.05,0.017,-0.052,-0.009,55.79,39.14
"2024-09-05 01:30:00",3165,12.81,510,1,-0.106,-0.58,0.13,-0.052,0.011,-0.055,-0.012,56.3,38.08
"2024-09-05 02:00:00",3166,12.8,510,1,-0.094,-0.53,0.13,-0.048,0.011,-0.053,-0.012,56.89,38.25
"2024-09-05 02:30:00",3167,12.8,510,1,-0.099,-0.55,0.13,-0.05,0.011,-0.055,-0.012,56.68,37.78
"2024-09-05 03:00:00",3168,12.8,510,1,-0.092,-0.55,0.16,-0.05,0.014,-0.055,-0.012,55.31,38.35
"2024-09-05 03:30:00",3169,12.8,510,1,-0.108,-0.55,0.09,-0.05,0.008,-0.053,-0.012,55.14,38.34
"2024-09-05 04:00:00",3170,12.8,510,1,-0.117,-0.56,0.06,-0.05,0.006,-0.055,-0.016,55.61,38.65
"2024-09-05 04:30:00",3171,12.8,510,1,-0.11,-0.56,0.09,-0.05,0.008,-0.051,-0.016,55.94,37.88
"2024-09-05 05:00:00",3172,12.8,510,1,-0.117,-0.56,0.06,-0.05,0.006,-0.055,-0.017,55.5,38.28
"2024-09-05 05:30:00",3173,12.79,510,1,-0.135,-0.58,0,-0.052,0,-0.055,-0.019,55.58,37.51
"2024-09-05 06:00:00",3174,12.79,510,1,-0.139,-0.58,-0.02,-0.052,-0.003,-0.057,-0.021,55.02,38.36
"2024-09-05 06:30:00",3175,12.79,510,1,-0.146,-0.61,-0.02,-0.054,-0.003,-0.057,-0.023,55.64,38.41
"2024-09-05 07:00:00",3176,12.79,510,1,-0.135,-0.58,0,-0.052,0,-0.057,-0.019,56.33,38.52
"2024-09-05 07:30:00",3177,12.79,510,1,-0.031,-0.47,0.35,-0.043,0.031,-0.043,0.002,57.42,38.67
"2024-09-05 08:00:00",3178,12.79,510,1,0.197,-0.17,1.06,-0.016,0.093,-0.024,0.049,56.4,38.92
"2024-09-05 08:30:00",3179,12.79,510,1,0.546,0.3,2.13,0.026,0.188,0.015,0.12,57.91,40.12
"2024-09-05 09:00:00",3180,12.79,510,1,0.939,0.88,3.28,0.078,0.29,0.061,0.198,58.28,39.65
"2024-09-05 09:30:00",3181,12.79,510,1,1.387,1.59,4.54,0.141,0.402,0.118,0.284,60.42,41.39
"2024-09-05 10:00:00",3182,12.79,510,1,1.666,1.96,5.4,0.174,0.478,0.146,0.336,58.79,41.59
"2024-09-05 10:30:00",3183,12.79,510,1,1.786,2.09,5.8,0.185,0.514,0.158,0.366,59.67,41.64
"2024-09-05 11:00:00",3184,12.79,510,1,2.456,3.6,7.22,0.319,0.639,0.27,0.443,63.86,43.16
"2024-09-05 11:30:00",3185,12.79,510,1,2.598,3.47,7.99,0.307,0.707,0.26,0.498,59.23,42.28
"2024-09-05 12:00:00",3186,12.8,510,1,2.788,3.52,8.79,0.312,0.778,0.273,0.552,58.28,42.08
"2024-09-05 12:30:00",3187,12.8,510,1,3.154,4.31,9.6,0.382,0.849,0.329,0.596,60.68,42.66
"2024-09-05 13:00:00",3188,12.8,510,1,3.307,4.55,10.03,0.403,0.887,0.347,0.62,59.02,41.99
"2024-09-05 13:30:00",3189,12.8,510,1,3.453,4.63,10.6,0.41,0.938,0.353,0.658,59.38,43.02
"2024-09-05 14:00:00",3190,12.8,510,1,3.529,4.84,10.72,0.428,0.948,0.372,0.665,58.58,43.73
"2024-09-05 14:30:00",3191,12.8,510,1,3.456,4.7,10.54,0.416,0.933,0.359,0.653,59.78,42.17
"2024-09-05 15:00:00",3192,12.8,510,1,3.363,4.6,10.23,0.407,0.906,0.349,0.629,59.57,41.81
"2024-09-05 15:30:00",3193,12.8,510,1,3.282,4.52,9.95,0.4,0.88,0.344,0.61,59.19,41.57
"2024-09-05 16:00:00",3194,12.8,510,1,3.077,4.19,9.38,0.371,0.831,0.32,0.581,59.1,41.63
"2024-09-05 16:30:00",3195,12.81,510,1,2.88,3.93,8.77,0.347,0.776,0.298,0.536,58.32,41.27
"2024-09-05 17:00:00",3196,12.8,510,1,2.716,3.68,8.3,0.326,0.734,0.276,0.505,60.01,42.14
"2024-09-05 17:30:00",3197,12.8,510,1,2.285,3.03,7.05,0.268,0.624,0.227,0.433,58.51,41.73
"2024-09-05 18:00:00",3198,12.8,510,1,1.937,2.48,6.07,0.219,0.537,0.185,0.371,58.8,41.44
"2024-09-05 18:30:00",3199,12.8,510,1,1.174,1.36,3.83,0.12,0.339,0.092,0.224,57.53,40.74
"2024-09-05 19:00:00",3200,12.8,510,1,0.623,0.56,2.2,0.05,0.195,0.035,0.124,56.46,39.25
"2024-09-05 19:30:00",3201,12.79,510,1,0.248,-0.02,1.13,-0.002,0.1,-0.011,0.051,55.56,39.6
"2024-09-05 20:00:00",3202,12.79,510,1,0.059,-0.32,0.6,-0.029,0.053,-0.037,0.019,56.76,37.89
"2024-09-05 20:30:00",3203,12.79,510,1,-0.047,-0.5,0.31,-0.045,0.028,-0.048,0,55.56,40.19
"2024-09-05 21:00:00",3204,12.79,510,1,-0.092,-0.58,0.19,-0.052,0.017,-0.055,-0.009,55.23,37.75
"2024-09-05 21:30:00",3205,12.79,510,1,-0.113,-0.61,0.13,-0.054,0.011,-0.057,-0.014,55.87,37.68
"2024-09-05 22:00:00",3206,12.79,510,1,-0.119,-0.6,0.09,-0.054,0.008,-0.057,-0.014,56.76,38.87
"2024-09-05 22:30:00",3207,12.79,510,1,-0.138,-0.68,0.09,-0.062,0.008,-0.059,-0.014,55.77,38.41
"2024-09-05 23:00:00",3208,12.78,510,1,-0.133,-0.63,0.06,-0.057,0.006,-0.057,-0.019,55.21,37.16
"2024-09-05 23:30:00",3209,12.79,510,1,-0.146,-0.63,0,-0.057,0,-0.059,-0.021,56.93,38.21
"2024-09-06 00:00:00",3210,12.78,510,1,-0.126,-0.63,0.09,-0.057,0.008,-0.062,-0.016,55.97,38.51
"2024-09-06 00:30:00",3211,12.78,510,1,-0.133,-0.63,0.06,-0.057,0.006,-0.059,-0.016,56.5,37.63
"2024-09-06 01:00:00",3212,12.78,510,1,-0.14,-0.66,0.06,-0.059,0.006,-0.057,-0.019,55.82,37.78
"2024-09-06 01:30:00",3213,12.78,510,1,-0.135,-0.61,0.03,-0.055,0.003,-0.057,-0.019,56.02,38.4
"2024-09-06 02:00:00",3214,12.78,510,1,-0.146,-0.63,0,-0.057,0,-0.059,-0.021,56.3,37.58
"2024-09-06 02:30:00",3215,12.78,510,1,-0.142,-0.61,0,-0.055,0,-0.059,-0.021,56,38.23
"2024-09-06 03:00:00",3216,12.78,510,1,-0.165,-0.69,-0.02,-0.062,-0.003,-0.064,-0.026,55.75,38.12
"2024-09-06 03:30:00",3217,12.78,510,1,-0.165,-0.66,-0.05,-0.059,-0.006,-0.064,-0.026,56.1,38.47
"2024-09-06 04:00:00",3218,12.77,510,1,-0.164,-0.63,-0.08,-0.057,-0.008,-0.061,-0.026,55.29,38.91
"2024-09-06 04:30:00",3219,12.77,510,1,-0.165,-0.66,-0.05,-0.059,-0.006,-0.059,-0.028,57.67,37.96
"2024-09-06 05:00:00",3220,12.77,510,1,-0.167,-0.63,-0.09,-0.057,-0.008,-0.06,-0.028,56.41,38.37
"2024-09-06 05:30:00",3221,12.77,510,1,-0.173,-0.63,-0.12,-0.057,-0.011,-0.062,-0.031,56.05,38.01
"2024-09-06 06:00:00",3222,12.77,510,1,-0.187,-0.69,-0.12,-0.062,-0.011,-0.066,-0.028,55.71,37.92
"2024-09-06 06:30:00",3223,12.77,510,1,-0.201,-0.69,-0.18,-0.062,-0.017,-0.064,-0.035,55.41,37.77
"2024-09-06 07:00:00",3224,12.77,510,1,-0.201,-0.69,-0.18,-0.062,-0.017,-0.062,-0.033,55.65,38.59
"2024-09-06 07:30:00",3225,12.77,510,1,-0.158,-0.63,-0.05,-0.057,-0.006,-0.057,-0.026,56.78,38.74
"2024-09-06 08:00:00",3226,12.77,510,1,-0.072,-0.52,0.22,-0.047,0.019,-0.05,-0.009,56.95,38.33
"2024-09-06 08:30:00",3227,12.76,510,1,0.126,-0.32,0.9,-0.029,0.08,-0.033,0.04,56.14,38.78
"2024-09-06 09:00:00",3228,12.77,510,1,0.22,-0.14,1.13,-0.014,0.1,-0.022,0.056,56.99,39.78
"2024-09-06 09:30:00",3229,12.77,510,1,0.388,0.1,1.63,0.009,0.144,-0.002,0.086,58.07,39.04
"2024-09-06 10:00:00",3230,12.77,510,1,0.637,0.43,2.4,0.038,0.212,0.024,0.138,57.63,40.17
"2024-09-06 10:30:00",3231,12.77,510,1,0.969,0.97,3.32,0.085,0.294,0.067,0.198,59.95,40.24
"2024-09-06 11:00:00",3232,12.77,510,1,1.473,1.71,4.8,0.151,0.425,0.125,0.297,59.16,41.69
"2024-09-06 11:30:00",3233,12.77,510,1,2.058,2.54,6.55,0.225,0.58,0.189,0.405,58.75,42.23
"2024-09-06 12:00:00",3234,12.77,510,1,2.109,2.63,6.68,0.233,0.592,0.195,0.408,59.25,42.21
"2024-09-06 12:30:00",3235,12.77,510,1,2.569,3.28,8.06,0.29,0.714,0.249,0.504,59.51,42.16
"2024-09-06 13:00:00",3236,12.77,510,1,3.061,4.11,9.39,0.364,0.831,0.311,0.58,59.17,42.38
"2024-09-06 13:30:00",3237,12.77,510,1,3.544,4.81,10.82,0.426,0.957,0.372,0.671,59.91,42.14
"2024-09-06 14:00:00",3238,12.77,510,1,3.443,4.59,10.6,0.406,0.938,0.358,0.66,59.39,42.19
"2024-09-06 14:30:00",3239,12.77,510,1,3.555,4.83,10.85,0.428,0.96,0.369,0.674,57.57,42.04
"2024-09-06 15:00:00",3240,12.77,510,1,3.098,4.25,9.41,0.376,0.833,0.321,0.579,60.91,42.46
"2024-09-06 15:30:00",3241,12.77,510,1,2.862,3.94,8.68,0.349,0.768,0.295,0.532,57.74,42.88
"2024-09-06 16:00:00",3242,12.77,510,1,2.133,2.84,6.57,0.251,0.582,0.213,0.401,58.83,40.95
"2024-09-06 16:30:00",3243,12.77,510,1,2.026,2.64,6.3,0.234,0.558,0.197,0.383,58.64,42
"2024-09-06 17:00:00",3244,12.77,510,1,2.459,3.23,7.62,0.286,0.675,0.244,0.469,59.81,41.78
"2024-09-06 17:30:00",3245,12.77,510,1,2.283,3.02,7.05,0.267,0.624,0.227,0.433,58.93,41.89
"2024-09-06 18:00:00",3246,12.77,510,1,1.881,2.42,5.88,0.214,0.52,0.18,0.356,57.75,43.2
"2024-09-06 18:30:00",3247,12.77,510,1,1.254,1.45,4.09,0.128,0.362,0.104,0.247,57.49,41.39
"2024-09-06 19:00:00",3248,12.77,510,1,0.643,0.54,2.31,0.048,0.204,0.033,0.129,57.35,39.05
"2024-09-06 19:30:00",3249,12.77,510,1,0.23,-0.04,1.07,-0.005,0.095,-0.013,0.049,56.76,39.55
"2024-09-06 20:00:00",3250,12.76,510,1,0.032,-0.38,0.54,-0.034,0.048,-0.035,0.014,56.14,39.09
"2024-09-06 20:30:00",3251,12.76,510,1,-0.062,-0.51,0.25,-0.046,0.022,-0.046,-0.005,56.98,37.68
"2024-09-06 21:00:00",3252,12.76,510,1,-0.101,-0.56,0.13,-0.05,0.011,-0.053,-0.014,55.48,38.43
"2024-09-06 21:30:00",3253,12.76,510,1,-0.133,-0.63,0.06,-0.057,0.006,-0.057,-0.017,57.35,38.21
"2024-09-06 22:00:00",3254,12.76,510,1,-0.153,-0.66,0,-0.06,0,-0.062,-0.019,55.48,38.52
"2024-09-06 22:30:00",3255,12.76,510,1,-0.153,-0.66,0,-0.059,0,-0.062,-0.026,56.69,38.24
"2024-09-06 23:00:00",3256,12.76,510,1,-0.153,-0.66,0,-0.06,0,-0.062,-0.019,55.67,38.05
"2024-09-06 23:30:00",3257,12.75,510,1,-0.158,-0.66,-0.02,-0.06,-0.003,-0.062,-0.024,56.92,37.63
"2024-09-07 00:00:00",3258,12.75,510,1,-0.153,-0.64,-0.02,-0.057,-0.003,-0.06,-0.021,56.33,37.46
"2024-09-07 00:30:00",3259,12.75,510,1,-0.154,-0.69,0.03,-0.062,0.003,-0.062,-0.021,54.99,37.79
"2024-09-07 01:00:00",3260,12.75,510,1,-0.156,-0.67,0,-0.06,0,-0.06,-0.024,55.51,38.15
"2024-09-07 01:30:00",3261,12.75,510,1,-0.156,-0.67,0,-0.06,0,-0.06,-0.021,56.02,38.56
"2024-09-07 02:00:00",3262,12.75,510,1,-0.165,-0.66,-0.05,-0.06,-0.006,-0.06,-0.026,56.04,38.42
"2024-09-07 02:30:00",3263,12.75,510,1,-0.165,-0.66,-0.05,-0.06,-0.006,-0.058,-0.024,56.15,37.69
"2024-09-07 03:00:00",3264,12.74,510,1,-0.167,-0.67,-0.05,-0.06,-0.006,-0.065,-0.026,55.73,38.11
"2024-09-07 03:30:00",3265,12.75,510,1,-0.172,-0.69,-0.05,-0.062,-0.006,-0.065,-0.026,55.8,38.32
"2024-09-07 04:00:00",3266,12.74,510,1,-0.188,-0.72,-0.09,-0.065,-0.009,-0.067,-0.031,55.42,38.21
"2024-09-07 04:30:00",3267,12.74,510,1,-0.176,-0.67,-0.09,-0.06,-0.008,-0.058,-0.026,56.25,38.78
"2024-09-07 05:00:00",3268,12.74,510,1,-0.167,-0.67,-0.05,-0.06,-0.006,-0.063,-0.028,55.57,37.94
"2024-09-07 05:30:00",3269,12.74,510,1,-0.187,-0.69,-0.12,-0.062,-0.011,-0.062,-0.028,55.53,38.58
"2024-09-07 06:00:00",3270,12.74,510,1,-0.194,-0.66,-0.18,-0.06,-0.017,-0.06,-0.036,57.22,38.18
"2024-09-07 06:30:00",3271,12.74,510,1,-0.203,-0.7,-0.18,-0.062,-0.017,-0.065,-0.036,55.84,37.38
"2024-09-07 07:00:00",3272,12.74,510,1,-0.182,-0.64,-0.15,-0.057,-0.014,-0.062,-0.031,56.42,37.96
"2024-09-07 07:30:00",3273,12.74,510,1,-0.2,-0.66,-0.21,-0.06,-0.02,-0.06,-0.036,56.16,38.11
"2024-09-07 08:00:00",3274,12.74,510,1,-0.142,-0.61,0,-0.055,0,-0.06,-0.024,55.96,37.91
"2024-09-07 08:30:00",3275,12.74,510,1,-0.122,-0.61,0.09,-0.055,0.008,-0.058,-0.014,55.72,38.67
"2024-09-07 09:00:00",3276,12.74,510,1,-0.094,-0.56,0.16,-0.05,0.014,-0.053,-0.01,56.34,37.88
"2024-09-07 09:30:00",3277,12.74,510,1,0.093,-0.32,0.75,-0.029,0.067,-0.031,0.031,57.49,38.2
"2024-09-07 10:00:00",3278,12.73,510,1,0.408,0.1,1.72,0.009,0.152,0,0.091,57.37,40.43
"2024-09-07 10:30:00",3279,12.74,510,1,0.927,0.82,3.29,0.072,0.291,0.058,0.198,58.19,40.99
"2024-09-07 11:00:00",3280,12.74,510,1,1.633,1.87,5.35,0.165,0.474,0.138,0.331,58.14,41.93
"2024-09-07 11:30:00",3281,12.74,510,1,2.015,2.42,6.48,0.215,0.574,0.183,0.401,59.08,41.88
"2024-09-07 12:00:00",3282,12.74,510,1,2.283,2.83,7.25,0.25,0.642,0.21,0.45,58.8,42.03
"2024-09-07 12:30:00",3283,12.74,510,1,2.656,3.47,8.25,0.307,0.73,0.268,0.504,60.6,42
"2024-09-07 13:00:00",3284,12.74,510,1,3.028,3.95,9.41,0.349,0.833,0.305,0.585,58.92,42.14
"2024-09-07 13:30:00",3285,12.74,510,1,3.091,4.2,9.43,0.372,0.835,0.316,0.577,59.7,41.67
"2024-09-07 14:00:00",3286,12.74,510,1,3.743,5.02,11.49,0.444,1.017,0.385,0.714,58.28,42.34
"2024-09-07 14:30:00",3287,12.74,510,1,3.907,5.35,11.88,0.474,1.051,0.402,0.728,56.79,41.26
"2024-09-07 15:00:00",3288,12.74,510,1,2.494,3.56,7.43,0.315,0.658,0.256,0.448,56.23,40.85
"2024-09-07 15:30:00",3289,12.74,510,1,1.88,2.53,5.76,0.224,0.51,0.185,0.34,58.44,41.39
"2024-09-07 16:00:00",3290,12.74,510,1,1.967,2.56,6.12,0.227,0.542,0.188,0.367,57.86,41.65
"2024-09-07 16:30:00",3291,12.74,510,1,1.89,2.5,5.84,0.222,0.517,0.18,0.347,59.43,39.87
"2024-09-07 17:00:00",3292,12.73,510,1,1.445,1.8,4.58,0.159,0.405,0.128,0.273,57.89,41.51
"2024-09-07 17:30:00",3293,12.73,510,1,1.223,1.48,3.92,0.131,0.347,0.106,0.23,59.01,39.97
"2024-09-07 18:00:00",3294,12.73,510,1,1.371,1.6,4.46,0.142,0.395,0.114,0.264,58.03,40.66
"2024-09-07 18:30:00",3295,12.73,510,1,1.024,1.12,3.41,0.099,0.302,0.078,0.196,57.61,40.13
"2024-09-07 19:00:00",3296,12.73,510,1,0.554,0.44,2.02,0.039,0.179,0.027,0.109,56.39,39.43
"2024-09-07 19:30:00",3297,12.72,510,1,0.225,-0.04,1.05,-0.005,0.093,-0.013,0.048,56.96,38.91
"2024-09-07 20:00:00",3298,12.72,510,1,0.078,-0.25,0.61,-0.023,0.054,-0.029,0.017,56.28,38.65
"2024-09-07 20:30:00",3299,12.72,510,1,-0.015,-0.46,0.41,-0.042,0.037,-0.045,0.005,56.63,38.17
"2024-09-07 21:00:00",3300,12.72,510,1,-0.035,-0.43,0.29,-0.039,0.025,-0.044,0,56.17,37.7
"2024-09-07 21:30:00",3301,12.72,510,1,-0.049,-0.46,0.26,-0.042,0.023,-0.047,-0.005,55.75,37.86
"2024-09-07 22:00:00",3302,12.72,510,1,-0.067,-0.54,0.26,-0.049,0.023,-0.052,-0.005,56.6,38.13
"2024-09-07 22:30:00",3303,12.71,510,1,-0.069,-0.52,0.23,-0.047,0.02,-0.05,-0.01,55.7,37.49
"2024-09-07 23:00:00",3304,12.71,510,1,-0.078,-0.52,0.19,-0.047,0.017,-0.047,-0.007,56.23,38.6
"2024-09-07 23:30:00",3305,12.71,510,1,-0.074,-0.54,0.23,-0.049,0.02,-0.052,-0.01,55.67,38.03
"2024-09-08 00:00:00",3306,12.71,510,1,-0.078,-0.49,0.16,-0.044,0.014,-0.049,-0.01,55.47,37.98
"2024-09-08 00:30:00",3307,12.71,510,1,-0.071,-0.49,0.19,-0.044,0.017,-0.047,-0.01,55.81,38.43
"2024-09-08 01:00:00",3308,12.7,510,1,-0.076,-0.51,0.19,-0.046,0.017,-0.052,-0.007,56.75,37.43
"2024-09-08 01:30:00",3309,12.7,510,1,-0.064,-0.49,0.22,-0.044,0.02,-0.047,-0.005,55.79,37.97
"2024-09-08 02:00:00",3310,12.7,510,1,-0.064,-0.49,0.22,-0.044,0.02,-0.047,-0.005,56.33,37.43
"2024-09-08 02:30:00",3311,12.7,510,1,-0.042,-0.46,0.29,-0.042,0.026,-0.045,-0.002,55.68,38.46
"2024-09-08 03:00:00",3312,12.7,510,1,-0.037,-0.44,0.29,-0.04,0.026,-0.045,-0.002,56.45,37.54
"2024-09-08 03:30:00",3313,12.69,510,1,-0.023,-0.41,0.32,-0.037,0.028,-0.042,0,55.61,38.37
"2024-09-08 04:00:00",3314,12.7,510,1,-0.03,-0.41,0.29,-0.037,0.026,-0.04,-0.002,56.56,38.06
"2024-09-08 04:30:00",3315,12.69,510,1,-0.044,-0.47,0.29,-0.042,0.026,-0.047,-0.002,55.42,37.76
"2024-09-08 05:00:00",3316,12.69,510,1,-0.059,-0.44,0.19,-0.04,0.017,-0.043,-0.007,55.34,37.93
"2024-09-08 05:30:00",3317,12.69,510,1,-0.064,-0.46,0.19,-0.042,0.017,-0.049,-0.007,56.74,37.82
"2024-09-08 06:00:00",3318,12.69,510,1,-0.064,-0.46,0.19,-0.042,0.017,-0.045,-0.007,57.04,38.96
"2024-09-08 06:30:00",3319,12.69,510,1,-0.059,-0.44,0.19,-0.04,0.017,-0.045,-0.01,56.78,38.7
"2024-09-08 07:00:00",3320,12.69,510,1,-0.059,-0.41,0.16,-0.038,0.014,-0.043,-0.014,56.44,38.19
"2024-09-08 07:30:00",3321,12.68,510,1,0.085,-0.25,0.64,-0.023,0.057,-0.029,0.017,56.55,37.05
"2024-09-08 08:00:00",3322,12.68,510,1,0.461,0.26,1.79,0.023,0.158,0.009,0.097,58.79,39.3
"2024-09-08 08:30:00",3323,12.68,510,1,0.883,0.61,3.31,0.054,0.293,0.049,0.203,60.41,41.24
"2024-09-08 09:00:00",3324,12.68,510,1,1.414,1.6,4.65,0.141,0.411,0.118,0.282,58.48,40.83
"2024-09-08 09:30:00",3325,12.68,510,1,1.84,2.21,5.92,0.195,0.524,0.162,0.361,58.2,43.48
"2024-09-08 10:00:00",3326,12.68,510,1,2.232,2.85,7,0.252,0.619,0.213,0.427,59.79,41.31
"2024-09-08 10:30:00",3327,12.69,510,1,2.483,3.18,7.78,0.281,0.689,0.242,0.478,62.56,42.58
"2024-09-08 11:00:00",3328,12.69,510,1,3.397,5.89,9.03,0.521,0.799,-99,0.572,-99,44.9
"2024-09-08 11:30:00",3329,12.69,510,1,3.276,4.41,10.04,0.39,0.889,0.324,0.6,57.27,41.88
"2024-09-08 12:00:00",3330,12.69,510,1,3.4,4.73,10.26,0.418,0.908,0.353,0.638,57.65,42.11
"2024-09-08 12:30:00",3331,12.69,510,1,3.424,4.63,10.47,0.41,0.927,0.359,0.646,60.91,41.87
"2024-09-08 13:00:00",3332,12.7,510,1,3.415,4.64,10.42,0.411,0.922,0.355,0.647,60.43,42.12
"2024-09-08 13:30:00",3333,12.69,510,1,3.489,4.7,10.69,0.416,0.946,0.363,0.656,58.73,43.77
"2024-09-08 14:00:00",3334,12.7,510,1,3.415,4.65,10.41,0.412,0.921,0.363,0.647,59.82,41.78
"2024-09-08 14:30:00",3335,12.7,510,1,3.326,4.68,9.98,0.414,0.883,0.355,0.616,58.67,41.47
"2024-09-08 15:00:00",3336,12.7,510,1,3.172,4.31,9.68,0.381,0.857,0.323,0.593,60.88,40.92
"2024-09-08 15:30:00",3337,12.7,510,1,3.104,4.22,9.47,0.374,0.838,0.32,0.59,59.24,44.11
"2024-09-08 16:00:00",3338,12.7,510,1,2.9,3.97,8.82,0.352,0.781,0.305,0.541,60.13,42.5
"2024-09-08 16:30:00",3339,12.7,510,1,2.769,3.79,8.42,0.335,0.745,0.286,0.522,60.98,44.34
"2024-09-08 17:00:00",3340,12.7,510,1,2.633,3.57,8.04,0.316,0.712,0.27,0.486,60.86,42.4
"2024-09-08 17:30:00",3341,12.7,510,1,2.412,3.23,7.41,0.286,0.656,0.245,0.45,58.5,43.95
"2024-09-08 18:00:00",3342,12.7,510,1,2.126,2.8,6.58,0.248,0.583,0.207,0.395,60.32,41.18
"2024-09-08 18:30:00",3343,12.7,510,1,1.55,2.01,4.83,0.178,0.428,0.147,0.288,57.96,40.73
"2024-09-08 19:00:00",3344,12.7,510,1,1.046,1.24,3.38,0.11,0.299,0.085,0.196,56.6,40.48
"2024-09-08 19:30:00",3345,12.69,510,1,0.546,0.53,1.89,0.047,0.167,0.029,0.098,56.72,38.67
"2024-09-08 20:00:00",3346,12.69,510,1,0.251,0.05,1.07,0.005,0.095,-0.009,0.045,56.39,38.06
"2024-09-08 20:30:00",3347,12.69,510,1,0.076,-0.23,0.58,-0.021,0.052,-0.027,0.017,56.8,37.74
"2024-09-08 21:00:00",3348,12.69,510,1,-0.003,-0.39,0.39,-0.035,0.034,-0.038,0.002,56.09,37.86
"2024-09-08 21:30:00",3349,12.69,510,1,-0.03,-0.41,0.29,-0.037,0.026,-0.04,-0.002,55.75,38.52
"2024-09-08 22:00:00",3350,12.68,510,1,-0.044,-0.41,0.23,-0.037,0.02,-0.045,-0.005,56.45,37.54
"2024-09-08 22:30:00",3351,12.68,510,1,-0.044,-0.44,0.26,-0.04,0.023,-0.047,-0.002,55.13,38.06
"2024-09-08 23:00:00",3352,12.68,510,1,-0.044,-0.44,0.26,-0.04,0.023,-0.043,-0.005,56.81,37.91
"2024-09-08 23:30:00",3353,12.67,510,1,-0.049,-0.46,0.26,-0.041,0.023,-0.047,-0.005,56.97,37.23
"2024-09-09 00:00:00",3354,12.67,510,1,-0.042,-0.43,0.26,-0.039,0.023,-0.045,-0.005,56.72,38.8
"2024-09-09 00:30:00",3355,12.67,510,1,-0.044,-0.41,0.23,-0.037,0.02,-0.045,-0.007,56.07,38.42
"2024-09-09 01:00:00",3356,12.67,510,1,-0.042,-0.43,0.26,-0.039,0.023,-0.047,-0.005,55.73,38.75
"2024-09-09 01:30:00",3357,12.67,510,1,-0.067,-0.47,0.19,-0.042,0.017,-0.047,-0.007,56.05,37.55
"2024-09-09 02:00:00",3358,12.66,510,1,-0.078,-0.49,0.16,-0.044,0.014,-0.047,-0.012,55.93,38.12
"2024-09-09 02:30:00",3359,12.66,510,1,-0.089,-0.51,0.13,-0.046,0.011,-0.049,-0.012,55.92,38.27
"2024-09-09 03:00:00",3360,12.66,510,1,-0.085,-0.49,0.13,-0.044,0.011,-0.049,-0.014,56.53,38.04
"2024-09-09 03:30:00",3361,12.66,510,1,-0.084,-0.46,0.1,-0.042,0.009,-0.047,-0.017,56.41,38.49
"2024-09-09 04:00:00",3362,12.66,510,1,-0.119,-0.54,0.03,-0.048,0.003,-0.051,-0.019,56.2,38.38
"2024-09-09 04:30:00",3363,12.66,510,1,-0.1,-0.49,0.06,-0.045,0.006,-0.048,-0.019,56.05,38.54
"2024-09-09 05:00:00",3364,12.66,510,1,-0.105,-0.51,0.06,-0.046,0.006,-0.049,-0.019,56.42,37.5
"2024-09-09 05:30:00",3365,12.65,510,1,-0.107,-0.49,0.03,-0.044,0.003,-0.052,-0.022,55.21,38.39
"2024-09-09 06:00:00",3366,12.65,510,1,-0.107,-0.52,0.06,-0.047,0.006,-0.049,-0.022,56.64,37.46
"2024-09-09 06:30:00",3367,12.65,510,1,-0.125,-0.54,0,-0.049,0,-0.052,-0.022,55.96,38.03
"2024-09-09 07:00:00",3368,12.65,510,1,-0.107,-0.52,0.06,-0.047,0.006,-0.049,-0.019,56.05,37.55
"2024-09-09 07:30:00",3369,12.65,510,1,0.078,-0.25,0.61,-0.023,0.054,-0.031,0.019,56.32,38.92
"2024-09-09 08:00:00",3370,12.65,510,1,0.313,0.03,1.37,0.002,0.121,-0.009,0.069,57.22,39.4
"2024-09-09 08:30:00",3371,12.65,510,1,0.534,-0.2,2.6,-0.019,0.23,-0.018,0.16,58.44,41.62
"2024-09-09 09:00:00",3372,12.65,510,1,1.314,1.44,4.37,0.128,0.387,0.104,0.267,57.53,41.82
"2024-09-09 09:30:00",3373,12.65,510,1,1.685,1.92,5.53,0.17,0.49,0.143,0.348,59.68,41.47
"2024-09-09 10:00:00",3374,12.65,510,1,2.178,2.66,6.96,0.236,0.616,0.204,0.438,60.6,42.8
"2024-09-09 10:30:00",3375,12.65,510,1,2.589,3.26,8.17,0.289,0.724,0.252,0.519,60.45,42.82
"2024-09-09 11:00:00",3376,12.66,510,1,3.324,5.31,9.31,0.47,0.824,-99,0.613,-99,44.78
"2024-09-09 11:30:00",3377,12.66,510,1,3.32,4.51,10.13,0.399,0.897,0.332,0.613,56.92,41.65
"2024-09-09 12:00:00",3378,12.66,510,1,3.302,4.56,10,0.403,0.885,0.334,0.625,56.61,42.07
"2024-09-09 12:30:00",3379,12.67,510,1,3.365,4.55,10.29,0.403,0.911,0.353,0.645,59.83,42.63
"2024-09-09 13:00:00",3380,12.67,510,1,3.376,4.59,10.3,0.406,0.912,0.354,0.648,59,42.8
"2024-09-09 13:30:00",3381,12.67,510,1,3.335,4.48,10.23,0.396,0.906,0.35,0.639,59.79,42.02
"2024-09-09 14:00:00",3382,12.67,510,1,3.299,4.46,10.09,0.395,0.893,0.344,0.635,59.69,42.34
"2024-09-09 14:30:00",3383,12.67,510,1,3.22,4.39,9.81,0.389,0.869,0.339,0.616,60.37,42.92
"2024-09-09 15:00:00",3384,12.67,510,1,3.134,4.29,9.53,0.38,0.843,0.329,0.588,58.25,43.41
"2024-09-09 15:30:00",3385,12.68,510,1,3.141,4.34,9.51,0.384,0.842,0.327,0.583,58.47,43.37
"2024-09-09 16:00:00",3386,12.68,510,1,3.018,4.13,9.18,0.365,0.813,0.314,0.564,58.52,43
"2024-09-09 16:30:00",3387,12.68,510,1,2.792,3.82,8.49,0.338,0.751,0.289,0.523,59.67,41.91
"2024-09-09 17:00:00",3388,12.68,510,1,2.631,3.6,8,0.319,0.708,0.272,0.486,59.09,42.46
"2024-09-09 17:30:00",3389,12.68,510,1,2.403,3.24,7.36,0.287,0.652,0.24,0.445,59.44,41.66
"2024-09-09 18:00:00",3390,12.68,510,1,2.047,2.73,6.3,0.242,0.557,0.198,0.381,59.61,41.3
"2024-09-09 18:30:00",3391,12.68,510,1,1.54,1.94,4.86,0.172,0.43,0.143,0.288,58.89,41.83
"2024-09-09 19:00:00",3392,12.67,510,1,0.891,0.99,2.95,0.087,0.261,0.068,0.167,57.29,40.49
"2024-09-09 19:30:00",3393,12.67,510,1,0.391,0.24,1.5,0.021,0.132,0.009,0.074,55.99,38.77
"2024-09-09 20:00:00",3394,12.67,510,1,0.158,-0.1,0.81,-0.009,0.071,-0.016,0.031,56.41,39.19
"2024-09-09 20:30:00",3395,12.67,510,1,0.062,-0.26,0.55,-0.024,0.049,-0.029,0.01,55.91,38.26
"2024-09-09 21:00:00",3396,12.66,510,1,0.01,-0.33,0.39,-0.03,0.035,-0.036,0.002,55.71,38.89
"2024-09-09 21:30:00",3397,12.66,510,1,-0.019,-0.39,0.32,-0.035,0.029,-0.043,-0.005,55.99,37.91
"2024-09-09 22:00:00",3398,12.66,510,1,-0.051,-0.47,0.26,-0.042,0.023,-0.048,-0.005,55.66,38.16
"2024-09-09 22:30:00",3399,12.65,510,1,-0.037,-0.41,0.26,-0.038,0.023,-0.043,-0.002,56.49,38
"2024-09-09 23:00:00",3400,12.65,510,1,-0.044,-0.41,0.23,-0.037,0.02,-0.043,-0.007,56.34,38.69
"2024-09-09 23:30:00",3401,12.65,510,1,-0.062,-0.48,0.22,-0.043,0.02,-0.049,-0.007,57.09,38.04
"2024-09-10 00:00:00",3402,12.65,510,1,-0.055,-0.46,0.23,-0.041,0.02,-0.047,-0.01,57.02,38.11
"2024-09-10 00:30:00",3403,12.64,510,1,-0.057,-0.46,0.22,-0.041,0.02,-0.047,-0.005,55.7,37.89
"2024-09-10 01:00:00",3404,12.64,510,1,-0.074,-0.5,0.19,-0.045,0.017,-0.048,-0.01,56.15,38.33
"2024-09-10 01:30:00",3405,12.64,510,1,-0.071,-0.46,0.16,-0.041,0.014,-0.047,-0.012,56.14,38.07
"2024-09-10 02:00:00",3406,12.64,510,1,-0.089,-0.51,0.13,-0.046,0.011,-0.047,-0.014,55.94,38.71
"2024-09-10 02:30:00",3407,12.64,510,1,-0.096,-0.51,0.1,-0.046,0.009,-0.049,-0.017,57.64,38.16
"2024-09-10 03:00:00",3408,12.64,510,1,-0.125,-0.54,0,-0.049,0,-0.049,-0.019,57.13,37.96
"2024-09-10 03:30:00",3409,12.64,510,1,-0.112,-0.54,0.06,-0.049,0.006,-0.052,-0.019,55.48,37.81
"2024-09-10 04:00:00",3410,12.63,510,1,-0.137,-0.57,-0.02,-0.051,-0.003,-0.054,-0.024,55.9,37.4
"2024-09-10 04:30:00",3411,12.63,510,1,-0.13,-0.54,-0.02,-0.049,-0.003,-0.054,-0.024,56.67,38.02
"2024-09-10 05:00:00",3412,12.63,510,1,-0.164,-0.62,-0.09,-0.056,-0.009,-0.056,-0.029,56.76,37.01
"2024-09-10 05:30:00",3413,12.63,510,1,-0.171,-0.65,-0.09,-0.058,-0.009,-0.058,-0.026,55.78,38.12
"2024-09-10 06:00:00",3414,12.63,510,1,-0.164,-0.62,-0.09,-0.056,-0.009,-0.056,-0.026,56.19,37.7
"2024-09-10 06:30:00",3415,12.63,510,1,-0.178,-0.62,-0.15,-0.056,-0.014,-0.058,-0.034,56.25,37.91
"2024-09-10 07:00:00",3416,12.63,510,1,-0.171,-0.62,-0.12,-0.056,-0.011,-0.056,-0.031,57.08,38.33
"2024-09-10 07:30:00",3417,12.63,510,1,-0.076,-0.51,0.19,-0.046,0.017,-0.049,-0.01,57.65,38.59
"2024-09-10 08:00:00",3418,12.63,510,1,0.127,-0.25,0.83,-0.023,0.073,-0.029,0.033,57.14,39.48
"2024-09-10 08:30:00",3419,12.63,510,1,0.524,0.05,2.29,0.004,0.203,0,0.138,58.75,41.11
"2024-09-10 09:00:00",3420,12.63,510,1,1.27,1.35,4.27,0.119,0.378,0.095,0.259,58.33,41.11
"2024-09-10 09:30:00",3421,12.63,510,1,1.796,2.05,5.89,0.181,0.521,0.156,0.367,59.07,42.1
"2024-09-10 10:00:00",3422,12.63,510,1,2.33,2.81,7.48,0.249,0.662,0.217,0.465,59.94,42.46
"2024-09-10 10:30:00",3423,12.63,510,1,2.575,3.17,8.2,0.28,0.726,0.24,0.517,58.98,42.6
"2024-09-10 11:00:00",3424,12.63,510,1,2.916,4.21,8.64,0.373,0.765,-99,0.579,-99,44.71
"2024-09-10 11:30:00",3425,12.64,510,1,3.077,4.2,9.37,0.371,0.829,0.306,0.571,58.44,41.66
"2024-09-10 12:00:00",3426,12.64,510,1,3.001,4.16,9.07,0.368,0.803,0.306,0.562,57.3,42.19
"2024-09-10 12:30:00",3427,12.64,510,1,3.049,4.11,9.34,0.364,0.826,0.314,0.579,60.48,42.45
"2024-09-10 13:00:00",3428,12.64,510,1,3.107,4.3,9.4,0.381,0.832,0.323,0.586,59.19,42.15
"2024-09-10 13:30:00",3429,12.64,510,1,3.169,4.25,9.73,0.376,0.861,0.329,0.604,59.68,41.9
"2024-09-10 14:00:00",3430,12.65,510,1,3.187,4.27,9.79,0.378,0.866,0.327,0.604,60.86,42.41
"2024-09-10 14:30:00",3431,12.65,510,1,3.015,4.06,9.24,0.359,0.817,0.309,0.571,58.34,42.56
"2024-09-10 15:00:00",3432,12.64,510,1,2.997,4.05,9.17,0.359,0.811,0.31,0.564,59.22,41.19
"2024-09-10 15:30:00",3433,12.65,510,1,3.02,4.1,9.22,0.363,0.816,0.309,0.57,58.81,42.19
"2024-09-10 16:00:00",3434,12.65,510,1,2.995,4.01,9.2,0.355,0.814,0.306,0.562,59.07,42.29
"2024-09-10 16:30:00",3435,12.65,510,1,2.891,3.89,8.86,0.344,0.784,0.293,0.544,59.08,41.88
"2024-09-10 17:00:00",3436,12.65,510,1,2.734,3.66,8.4,0.324,0.744,0.278,0.515,58.26,41.47
"2024-09-10 17:30:00",3437,12.65,510,1,2.464,3.3,7.57,0.292,0.67,0.247,0.46,57.92,42.38
"2024-09-10 18:00:00",3438,12.64,510,1,2.078,2.72,6.45,0.241,0.571,0.202,0.39,59.01,41.81
"2024-09-10 18:30:00",3439,12.64,510,1,1.597,2.05,5,0.181,0.442,0.148,0.299,59.08,41.3
"2024-09-10 19:00:00",3440,12.64,510,1,0.975,1.11,3.2,0.098,0.283,0.076,0.186,58,40.94
"2024-09-10 19:30:00",3441,12.64,510,1,0.473,0.35,1.75,0.031,0.155,0.016,0.091,56.33,39.11
"2024-09-10 20:00:00",3442,12.64,510,1,0.223,-0.04,1.04,-0.005,0.092,-0.014,0.043,56.15,38.35
"2024-09-10 20:30:00",3443,12.64,510,1,0.073,-0.28,0.62,-0.026,0.055,-0.032,0.019,56.1,38.87
"2024-09-10 21:00:00",3444,12.63,510,1,-0.001,-0.41,0.42,-0.038,0.037,-0.043,0.005,56.21,38.15
"2024-09-10 21:30:00",3445,12.63,510,1,-0.023,-0.41,0.32,-0.037,0.029,-0.043,-0.002,56.04,37.99
"2024-09-10 22:00:00",3446,12.63,510,1,-0.056,-0.55,0.32,-0.049,0.029,-0.05,0,55.32,38.09
"2024-09-10 22:30:00",3447,12.63,510,1,-0.056,-0.52,0.29,-0.047,0.026,-0.048,-0.002,56.11,38.46
"2024-09-10 23:00:00",3448,12.62,510,1,-0.062,-0.49,0.23,-0.044,0.02,-0.05,-0.005,55.85,37.37
"2024-09-10 23:30:00",3449,12.62,510,1,-0.071,-0.49,0.19,-0.044,0.017,-0.05,-0.01,55.84,38.36
"2024-09-11 00:00:00",3450,12.62,510,1,-0.062,-0.49,0.23,-0.044,0.02,-0.052,-0.005,55.85,37.94
"2024-09-11 00:30:00",3451,12.62,510,1,-0.078,-0.52,0.19,-0.047,0.017,-0.052,-0.01,56,37.94
"2024-09-11 01:00:00",3452,12.62,510,1,-0.097,-0.57,0.16,-0.052,0.014,-0.054,-0.01,56.42,37.95
"2024-09-11 01:30:00",3453,12.61,510,1,-0.098,-0.52,0.1,-0.047,0.009,-0.052,-0.015,55.86,37.79
"2024-09-11 02:00:00",3454,12.61,510,1,-0.105,-0.55,0.1,-0.05,0.009,-0.055,-0.017,55.86,38.05
"2024-09-11 02:30:00",3455,12.61,510,1,-0.133,-0.6,0.03,-0.054,0.003,-0.057,-0.017,56.28,37.64
"2024-09-11 03:00:00",3456,12.61,510,1,-0.11,-0.57,0.1,-0.052,0.009,-0.054,-0.017,55.4,38.74
"2024-09-11 03:30:00",3457,12.61,510,1,-0.126,-0.57,0.03,-0.051,0.003,-0.054,-0.022,56.63,37.73
"2024-09-11 04:00:00",3458,12.61,510,1,-0.133,-0.6,0.03,-0.054,0.003,-0.057,-0.019,55.62,38.96
"2024-09-11 04:30:00",3459,12.6,510,1,-0.146,-0.63,0,-0.057,0,-0.059,-0.019,55.88,38.23
"2024-09-11 05:00:00",3460,12.61,510,1,-0.132,-0.57,0,-0.051,0,-0.054,-0.019,56.45,37.96
"2024-09-11 05:30:00",3461,12.6,510,1,-0.137,-0.57,-0.02,-0.052,-0.003,-0.054,-0.027,55.42,37.91
"2024-09-11 06:00:00",3462,12.6,510,1,-0.155,-0.61,-0.06,-0.055,-0.006,-0.055,-0.027,56.08,37.75
"2024-09-11 06:30:00",3463,12.6,510,1,-0.194,-0.65,-0.19,-0.059,-0.017,-0.061,-0.032,55.77,37.7
"2024-09-11 07:00:00",3464,12.6,510,1,-0.173,-0.63,-0.12,-0.056,-0.012,-0.059,-0.029,56.41,38.33
"2024-09-11 07:30:00",3465,12.6,510,1,-0.121,-0.55,0.03,-0.049,0.003,-0.052,-0.022,55.87,37.79
"2024-09-11 08:00:00",3466,12.6,510,1,0.061,-0.35,0.64,-0.032,0.057,-0.038,0.019,57.39,38.48
"2024-09-11 08:30:00",3467,12.6,510,1,0.356,-0.17,1.77,-0.016,0.157,-0.02,0.099,58,39.93
"2024-09-11 09:00:00",3468,12.6,510,1,0.948,0.85,3.35,0.075,0.297,0.058,0.202,58.68,41.03
"2024-09-11 09:30:00",3469,12.6,510,1,1.354,1.41,4.58,0.124,0.405,0.103,0.283,59.17,41.79
"2024-09-11 10:00:00",3470,12.6,510,1,1.71,1.93,5.63,0.171,0.498,0.146,0.351,58.53,42.16
"2024-09-11 10:30:00",3471,12.6,510,1,2.041,2.34,6.68,0.207,0.592,0.176,0.419,58.31,41.93
"2024-09-11 11:00:00",3472,12.6,510,1,2.532,3.83,7.32,0.339,0.648,-99,0.489,-99,45.33
"2024-09-11 11:30:00",3473,12.61,510,1,2.666,3.52,8.24,0.312,0.729,0.258,0.506,57.26,41.73
"2024-09-11 12:00:00",3474,12.61,510,1,2.569,3.45,7.88,0.305,0.697,0.247,0.482,56.93,42.24
"2024-09-11 12:30:00",3475,12.61,510,1,2.454,3.16,7.67,0.28,0.679,0.236,0.473,60.86,42.25
"2024-09-11 13:00:00",3476,12.61,510,1,2.577,3.35,8.02,0.297,0.71,0.249,0.503,58.57,42.62
"2024-09-11 13:30:00",3477,12.61,510,1,2.588,3.38,8.04,0.299,0.712,0.253,0.494,58.72,41.52
"2024-09-11 14:00:00",3478,12.61,510,1,2.604,3.4,8.09,0.301,0.716,0.259,0.501,59.5,42.56
"2024-09-11 14:30:00",3479,12.61,510,1,2.683,3.49,8.35,0.309,0.739,0.261,0.508,59.04,41
"2024-09-11 15:00:00",3480,12.61,510,1,2.846,3.72,8.84,0.329,0.782,0.279,0.545,58.27,41.74
"2024-09-11 15:30:00",3481,12.61,510,1,2.908,3.82,9.01,0.338,0.798,0.29,0.549,59.1,42.16
"2024-09-11 16:00:00",3482,12.61,510,1,2.409,3.17,7.46,0.28,0.66,0.236,0.458,59.75,40.63
"2024-09-11 16:30:00",3483,12.61,510,1,2.286,2.92,7.17,0.259,0.635,0.221,0.441,58.27,41.48
"2024-09-11 17:00:00",3484,12.61,510,1,2.268,2.89,7.12,0.256,0.63,0.217,0.432,58.5,42.71
"2024-09-11 17:30:00",3485,12.61,510,1,2.007,2.53,6.33,0.224,0.56,0.187,0.384,57.98,40.94
"2024-09-11 18:00:00",3486,12.61,510,1,1.71,2.12,5.43,0.188,0.481,0.156,0.329,58.57,41.79
"2024-09-11 18:30:00",3487,12.61,510,1,1.315,1.51,4.3,0.134,0.381,0.108,0.257,57.61,40.82
"2024-09-11 19:00:00",3488,12.61,510,1,0.806,0.74,2.83,0.066,0.25,0.05,0.158,57.01,40.49
"2024-09-11 19:30:00",3489,12.61,510,1,0.379,0.16,1.53,0.014,0.135,0.002,0.075,57.12,38.66
"2024-09-11 20:00:00",3490,12.6,510,1,0.12,-0.26,0.81,-0.024,0.072,-0.032,0.029,56.12,37.81
"2024-09-11 20:30:00",3491,12.6,510,1,0.066,-0.31,0.62,-0.028,0.055,-0.032,0.017,56.27,37.96
"2024-09-11 21:00:00",3492,12.6,510,1,-0.036,-0.5,0.36,-0.045,0.032,-0.05,0.005,55.8,38.43
"2024-09-11 21:30:00",3493,12.6,510,1,-0.063,-0.52,0.26,-0.047,0.023,-0.05,-0.005,55.8,38.17
"2024-09-11 22:00:00",3494,12.59,510,1,-0.076,-0.52,0.2,-0.047,0.017,-0.05,-0.01,56.06,38.01
"2024-09-11 22:30:00",3495,12.59,510,1,-0.106,-0.58,0.13,-0.052,0.012,-0.055,-0.012,56.63,37.75
"2024-09-11 23:00:00",3496,12.59,510,1,-0.11,-0.6,0.13,-0.054,0.012,-0.057,-0.015,55.84,38.63
"2024-09-11 23:30:00",3497,12.59,510,1,-0.105,-0.55,0.1,-0.05,0.009,-0.053,-0.015,55.17,38.21
"2024-09-12 00:00:00",3498,12.59,510,1,-0.094,-0.53,0.13,-0.048,0.012,-0.053,-0.012,55.97,37.5
"2024-09-12 00:30:00",3499,12.59,510,1,-0.11,-0.57,0.1,-0.052,0.009,-0.054,-0.017,57.03,38.29
"2024-09-12 01:00:00",3500,12.58,510,1,-0.112,-0.55,0.07,-0.05,0.006,-0.052,-0.019,55.27,37.89
"2024-09-12 01:30:00",3501,12.58,510,1,-0.128,-0.58,0.03,-0.052,0.003,-0.05,-0.024,55.78,38.14
"2024-09-12 02:00:00",3502,12.58,510,1,-0.14,-0.63,0.03,-0.057,0.003,-0.06,-0.019,55.76,38.8
"2024-09-12 02:30:00",3503,12.58,510,1,-0.128,-0.58,0.03,-0.052,0.003,-0.053,-0.022,55.99,37.93
"2024-09-12 03:00:00",3504,12.58,510,1,-0.139,-0.6,0,-0.054,0,-0.057,-0.022,55.59,38.1
"2024-09-12 03:30:00",3505,12.57,510,1,-0.153,-0.6,-0.06,-0.054,-0.006,-0.059,-0.027,56.47,37.57
"2024-09-12 04:00:00",3506,12.57,510,1,-0.151,-0.63,-0.02,-0.057,-0.003,-0.059,-0.024,55.6,37.79
"2024-09-12 04:30:00",3507,12.57,510,1,-0.169,-0.61,-0.12,-0.055,-0.012,-0.06,-0.029,56.07,38.01
"2024-09-12 05:00:00",3508,12.57,510,1,-0.189,-0.63,-0.19,-0.057,-0.017,-0.057,-0.037,55.88,37.8
"2024-09-12 05:30:00",3509,12.57,510,1,-0.187,-0.66,-0.15,-0.059,-0.015,-0.06,-0.032,56.15,37.41
"2024-09-12 06:00:00",3510,12.57,510,1,-0.187,-0.66,-0.15,-0.059,-0.015,-0.06,-0.034,55.66,38.17
"2024-09-12 06:30:00",3511,12.57,510,1,-0.196,-0.66,-0.19,-0.059,-0.017,-0.062,-0.037,55.3,37.51
"2024-09-12 07:00:00",3512,12.57,510,1,-0.196,-0.63,-0.22,-0.057,-0.02,-0.06,-0.037,54.91,37.52
"2024-09-12 07:30:00",3513,12.56,510,1,-0.171,-0.62,-0.12,-0.056,-0.012,-0.057,-0.032,56.39,38.17
"2024-09-12 08:00:00",3514,12.56,510,1,-0.096,-0.54,0.13,-0.049,0.011,-0.052,-0.012,56.62,38.72
"2024-09-12 08:30:00",3515,12.56,510,1,-0.028,-0.46,0.35,-0.041,0.031,-0.047,0.005,58.33,38.6
"2024-09-12 09:00:00",3516,12.56,510,1,0.378,0.03,1.66,0.002,0.147,-0.007,0.089,57.86,39.8
"2024-09-12 09:30:00",3517,12.56,510,1,1.14,1.1,3.95,0.097,0.35,0.081,0.24,58.73,40.84
"2024-09-12 10:00:00",3518,12.56,510,1,1.771,2.01,5.82,0.178,0.515,0.152,0.366,60.06,41.6
"2024-09-12 10:30:00",3519,12.56,510,1,2.075,2.45,6.72,0.217,0.595,0.187,0.423,59.05,42.1
"2024-09-12 11:00:00",3520,12.57,510,1,2.336,3.17,7.13,0.281,0.631,-99,0.48,-99,46.07
"2024-09-12 11:30:00",3521,12.57,510,1,2.681,3.49,8.34,0.309,0.738,0.25,0.509,55.7,42.41
"2024-09-12 12:00:00",3522,12.57,510,1,2.938,3.88,9.08,0.343,0.803,0.282,0.557,57.35,41.83
"2024-09-12 12:30:00",3523,12.57,510,1,2.999,3.96,9.27,0.351,0.82,0.307,0.572,60.6,42.42
"2024-09-12 13:00:00",3524,12.57,510,1,2.911,3.93,8.91,0.348,0.788,0.297,0.558,58.23,42.03
"2024-09-12 13:30:00",3525,12.58,510,1,2.961,3.97,9.09,0.352,0.804,0.3,0.557,59.01,43.06
"2024-09-12 14:00:00",3526,12.58,510,1,2.829,3.79,8.69,0.336,0.769,0.292,0.539,59.25,42.47
"2024-09-12 14:30:00",3527,12.58,510,1,2.945,3.94,9.05,0.348,0.801,0.297,0.557,60.27,43.06
"2024-09-12 15:00:00",3528,12.58,510,1,2.943,3.94,9.04,0.349,0.8,0.302,0.559,59.95,43
"2024-09-12 15:30:00",3529,12.58,510,1,2.939,3.99,8.97,0.354,0.794,0.304,0.548,59.84,41.81
"2024-09-12 16:00:00",3530,12.58,510,1,2.666,3.59,8.17,0.318,0.723,0.272,0.502,60.08,42.6
"2024-09-12 16:30:00",3531,12.58,510,1,2.366,3.13,7.31,0.277,0.647,0.235,0.446,59.23,42.28
"2024-09-12 17:00:00",3532,12.58,510,1,2.115,2.77,6.56,0.245,0.581,0.204,0.401,59.18,42.39
"2024-09-12 17:30:00",3533,12.58,510,1,1.735,2.19,5.47,0.194,0.484,0.161,0.33,57,41.45
"2024-09-12 18:00:00",3534,12.57,510,1,1.406,1.7,4.51,0.151,0.399,0.124,0.27,58.82,41.19
"2024-09-12 18:30:00",3535,12.57,510,1,1.07,1.17,3.56,0.104,0.315,0.082,0.209,57.9,40.42
"2024-09-12 19:00:00",3536,12.57,510,1,0.627,0.56,2.22,0.05,0.197,0.032,0.126,56.48,39
"2024-09-12 19:30:00",3537,12.57,510,1,0.254,-0.04,1.18,-0.005,0.104,-0.011,0.056,57.06,39.16
"2024-09-12 20:00:00",3538,12.57,510,1,0.066,-0.28,0.59,-0.026,0.052,-0.034,0.017,56.28,38.8
"2024-09-12 20:30:00",3539,12.56,510,1,-0.032,-0.42,0.29,-0.038,0.026,-0.043,0,55.87,38.23
"2024-09-12 21:00:00",3540,12.56,510,1,-0.099,-0.55,0.13,-0.049,0.011,-0.052,-0.012,55.9,37.02
"2024-09-12 21:30:00",3541,12.56,510,1,-0.092,-0.55,0.16,-0.05,0.014,-0.053,-0.012,56.4,38.08
"2024-09-12 22:00:00",3542,12.56,510,1,-0.14,-0.63,0.03,-0.056,0.003,-0.059,-0.017,56.32,37.86
"2024-09-12 22:30:00",3543,12.56,510,1,-0.147,-0.66,0.03,-0.059,0.003,-0.059,-0.019,56.05,38.84
"2024-09-12 23:00:00",3544,12.56,510,1,-0.146,-0.63,0,-0.057,0,-0.057,-0.022,56,38.11
"2024-09-12 23:30:00",3545,12.56,510,1,-0.146,-0.63,0,-0.057,0,-0.057,-0.024,56.38,37.34
"2024-09-13 00:00:00",3546,12.56,510,1,-0.153,-0.66,0,-0.059,0,-0.059,-0.022,56.44,37.55
"2024-09-13 00:30:00",3547,12.55,510,1,-0.146,-0.61,-0.02,-0.055,-0.003,-0.062,-0.022,56.08,37.87
"2024-09-13 01:00:00",3548,12.55,510,1,-0.14,-0.63,0.03,-0.057,0.003,-0.057,-0.022,55.34,38.28
"2024-09-13 01:30:00",3549,12.55,510,1,-0.146,-0.63,0,-0.057,0,-0.059,-0.022,55.23,37.6
"2024-09-13 02:00:00",3550,12.55,510,1,-0.153,-0.6,-0.06,-0.054,-0.006,-0.057,-0.027,57.02,38.55
"2024-09-13 02:30:00",3551,12.55,510,1,-0.167,-0.63,-0.09,-0.057,-0.009,-0.06,-0.027,56.12,37.65
"2024-09-13 03:00:00",3552,12.55,510,1,-0.155,-0.61,-0.06,-0.055,-0.006,-0.057,-0.029,56.45,37.98
"2024-09-13 03:30:00",3553,12.55,510,1,-0.162,-0.61,-0.09,-0.055,-0.009,-0.06,-0.029,56.51,38.03
"2024-09-13 04:00:00",3554,12.55,510,1,-0.173,-0.63,-0.12,-0.057,-0.012,-0.06,-0.029,56.1,37.64
"2024-09-13 04:30:00",3555,12.55,510,1,-0.167,-0.63,-0.09,-0.057,-0.009,-0.057,-0.029,56.26,38.05
"2024-09-13 05:00:00",3556,12.54,510,1,-0.194,-0.69,-0.15,-0.062,-0.015,-0.062,-0.034,56.48,37.86
"2024-09-13 05:30:00",3557,12.55,510,1,-0.203,-0.69,-0.19,-0.062,-0.017,-0.062,-0.037,56.01,37.54
"2024-09-13 06:00:00",3558,12.55,510,1,-0.201,-0.68,-0.19,-0.061,-0.017,-0.064,-0.037,55.56,37.92
"2024-09-13 06:30:00",3559,12.54,510,1,-0.203,-0.66,-0.22,-0.059,-0.02,-0.062,-0.037,56.55,38.34
"2024-09-13 07:00:00",3560,12.54,510,1,-0.233,-0.76,-0.25,-0.068,-0.023,-0.068,-0.039,55.25,38.29
"2024-09-13 07:30:00",3561,12.54,510,1,-0.219,-0.7,-0.25,-0.063,-0.023,-0.061,-0.037,56.95,37.08
"2024-09-13 08:00:00",3562,12.54,510,1,-0.201,-0.68,-0.19,-0.061,-0.017,-0.062,-0.032,55.85,37.54
"2024-09-13 08:30:00",3563,12.54,510,1,-0.139,-0.6,0,-0.054,0,-0.057,-0.027,57.15,38.01
"2024-09-13 09:00:00",3564,12.54,510,1,0.109,-0.3,0.8,-0.028,0.071,-0.032,0.031,57.61,38.99
"2024-09-13 09:30:00",3565,12.54,510,1,0.571,0.29,2.25,0.026,0.2,0.016,0.125,57.26,39.78
"2024-09-13 10:00:00",3566,12.54,510,1,1.141,1.13,3.92,0.1,0.347,0.083,0.238,58.81,41.86
"2024-09-13 10:30:00",3567,12.54,510,1,1.554,1.76,5.11,0.156,0.453,0.131,0.317,59.81,41.77
"2024-09-13 11:00:00",3568,12.54,510,1,1.493,0.87,5.77,0.077,0.511,0.084,0.383,59.92,43.56
"2024-09-13 11:30:00",3569,12.54,510,1,1.901,2.25,6.15,0.199,0.544,0.167,0.377,57.85,41.74
"2024-09-13 12:00:00",3570,12.54,510,1,1.974,2.42,6.3,0.214,0.557,0.175,0.385,57.66,41.72
"2024-09-13 12:30:00",3571,12.54,510,1,2.188,2.71,6.95,0.24,0.615,0.204,0.42,59.33,42.56
"2024-09-13 13:00:00",3572,12.54,510,1,2.642,3.37,8.29,0.299,0.734,0.254,0.512,58.08,42.13
"2024-09-13 13:30:00",3573,12.55,510,1,3.186,4.12,9.94,0.365,0.88,0.312,0.61,58.67,42.15
"2024-09-13 14:00:00",3574,12.55,510,1,2.926,3.84,9.07,0.34,0.803,0.294,0.558,58.83,42.47
"2024-09-13 14:30:00",3575,12.55,510,1,3.358,4.5,10.31,0.399,0.912,0.343,0.632,58.55,42.04
"2024-09-13 15:00:00",3576,12.54,510,1,3.315,4.45,10.17,0.394,0.9,0.339,0.625,59.5,41.62
"2024-09-13 15:30:00",3577,12.54,510,1,3.326,4.5,10.17,0.399,0.9,0.342,0.623,60.5,41.89
"2024-09-13 16:00:00",3578,12.55,510,1,3.226,4.36,9.87,0.386,0.874,0.329,0.601,59.07,42.45
"2024-09-13 16:30:00",3579,12.54,510,1,3.033,4.04,9.34,0.358,0.827,0.303,0.572,58.7,43.17
"2024-09-13 17:00:00",3580,12.54,510,1,2.707,3.67,8.27,0.325,0.732,0.275,0.503,59.37,42.84
"2024-09-13 17:30:00",3581,12.54,510,1,2.344,3.13,7.21,0.277,0.638,0.228,0.436,58.08,41.7
"2024-09-13 18:00:00",3582,12.54,510,1,1.679,2.18,5.23,0.193,0.463,0.164,0.32,59.08,41.04
"2024-09-13 18:30:00",3583,12.54,510,1,0.9,1,2.98,0.088,0.264,0.067,0.172,58.55,40.25
"2024-09-13 19:00:00",3584,12.54,510,1,0.401,0.27,1.51,0.024,0.134,0.012,0.076,57.31,40.36
"2024-09-13 19:30:00",3585,12.54,510,1,0.141,-0.15,0.79,-0.014,0.07,-0.021,0.029,55.6,38.8
"2024-09-13 20:00:00",3586,12.53,510,1,-0.003,-0.4,0.4,-0.036,0.035,-0.039,0.005,56.56,38.66
"2024-09-13 20:30:00",3587,12.53,510,1,-0.058,-0.5,0.26,-0.046,0.023,-0.044,-0.002,55.56,37.76
"2024-09-13 21:00:00",3588,12.53,510,1,-0.101,-0.56,0.13,-0.05,0.012,-0.053,-0.012,55.88,38.24
"2024-09-13 21:30:00",3589,12.53,510,1,-0.13,-0.59,0.03,-0.053,0.003,-0.058,-0.022,56.28,37.81
"2024-09-13 22:00:00",3590,12.53,510,1,-0.142,-0.64,0.03,-0.057,0.003,-0.058,-0.022,56.55,39.18
"2024-09-13 22:30:00",3591,12.53,510,1,-0.156,-0.67,0,-0.06,0,-0.06,-0.02,55.62,37.72
"2024-09-13 23:00:00",3592,12.53,510,1,-0.169,-0.67,-0.06,-0.06,-0.006,-0.06,-0.029,56.13,38.07
"2024-09-13 23:30:00",3593,12.52,510,1,-0.162,-0.64,-0.06,-0.057,-0.006,-0.06,-0.027,55.63,38.42
"2024-09-14 00:00:00",3594,12.52,510,1,-0.167,-0.66,-0.06,-0.06,-0.006,-0.06,-0.027,55.81,37.6
"2024-09-14 00:30:00",3595,12.52,510,1,-0.151,-0.63,-0.02,-0.057,-0.003,-0.06,-0.025,56.01,38.64
"2024-09-14 01:00:00",3596,12.52,510,1,-0.149,-0.64,0,-0.057,0,-0.062,-0.025,55.46,37.56
"2024-09-14 01:30:00",3597,12.52,510,1,-0.162,-0.64,-0.06,-0.058,-0.006,-0.058,-0.022,56.47,38.41
"2024-09-14 02:00:00",3598,12.52,510,1,-0.16,-0.67,-0.02,-0.06,-0.003,-0.058,-0.027,55.14,37.5
"2024-09-14 02:30:00",3599,12.52,510,1,-0.155,-0.61,-0.06,-0.055,-0.006,-0.056,-0.027,55.28,37.37
"2024-09-14 03:00:00",3600,12.51,510,1,-0.169,-0.64,-0.09,-0.057,-0.009,-0.058,-0.027,55.85,37.37
"2024-09-14 03:30:00",3601,12.51,510,1,-0.18,-0.66,-0.12,-0.06,-0.012,-0.06,-0.032,56.85,38.36
"2024-09-14 04:00:00",3602,12.51,510,1,-0.187,-0.66,-0.15,-0.059,-0.015,-0.064,-0.029,56.73,37.67
"2024-09-14 04:30:00",3603,12.51,510,1,-0.192,-0.71,-0.12,-0.064,-0.012,-0.064,-0.032,56.03,37.97
"2024-09-14 05:00:00",3604,12.51,510,1,-0.189,-0.67,-0.15,-0.06,-0.015,-0.06,-0.032,55.34,37.71
"2024-09-14 05:30:00",3605,12.51,510,1,-0.176,-0.64,-0.12,-0.058,-0.012,-0.058,-0.03,55.35,38.13
"2024-09-14 06:00:00",3606,12.51,510,1,-0.205,-0.67,-0.22,-0.06,-0.02,-0.058,-0.039,56.24,37.92
"2024-09-14 06:30:00",3607,12.51,510,1,-0.191,-0.64,-0.19,-0.058,-0.018,-0.058,-0.037,56.89,37.58
"2024-09-14 07:00:00",3608,12.51,510,1,-0.182,-0.64,-0.15,-0.057,-0.015,-0.06,-0.037,55.12,38.33
"2024-09-14 07:30:00",3609,12.51,510,1,-0.209,-0.66,-0.25,-0.06,-0.023,-0.062,-0.037,56.5,38.29
"2024-09-14 08:00:00",3610,12.51,510,1,-0.2,-0.65,-0.22,-0.059,-0.02,-0.059,-0.037,55.98,38.19
"2024-09-14 08:30:00",3611,12.51,510,1,-0.099,-0.55,0.13,-0.05,0.011,-0.053,-0.015,56.94,38.87
"2024-09-14 09:00:00",3612,12.5,510,1,-0.015,-0.44,0.39,-0.04,0.035,-0.043,0.002,57.36,38.88
"2024-09-14 09:30:00",3613,12.51,510,1,0.283,-0.1,1.37,-0.01,0.122,-0.016,0.071,56.67,40.12
"2024-09-14 10:00:00",3614,12.5,510,1,0.553,0.34,2.12,0.031,0.188,0.021,0.12,57.07,38.33
"2024-09-14 10:30:00",3615,12.5,510,1,0.975,0.9,3.42,0.08,0.303,0.062,0.204,57.64,41.83
"2024-09-14 11:00:00",3616,12.51,510,1,1.004,0.44,4.03,0.039,0.357,0.031,0.253,58.35,41.81
"2024-09-14 11:30:00",3617,12.51,510,1,1.638,1.92,5.32,0.17,0.471,0.147,0.331,60.63,42.33
"2024-09-14 12:00:00",3618,12.51,510,1,2.035,2.46,6.53,0.218,0.578,0.18,0.406,58.14,41.35
"2024-09-14 12:30:00",3619,12.51,510,1,2.446,3.04,7.76,0.269,0.687,0.228,0.476,58.57,41.37
"2024-09-14 13:00:00",3620,12.51,510,1,2.777,3.5,8.76,0.31,0.776,0.264,0.542,57.99,41.05
"2024-09-14 13:30:00",3621,12.51,510,1,2.921,3.8,9.09,0.336,0.804,0.288,0.557,59.2,41.58
"2024-09-14 14:00:00",3622,12.51,510,1,3.363,4.41,10.43,0.39,0.923,0.34,0.645,59.16,42.12
"2024-09-14 14:30:00",3623,12.51,510,1,3.44,4.52,10.66,0.4,0.943,0.347,0.651,59.48,41.04
"2024-09-14 15:00:00",3624,12.51,510,1,3.306,4.46,10.12,0.395,0.896,0.343,0.618,58.83,42.46
"2024-09-14 15:30:00",3625,12.51,510,1,2.998,4.08,9.14,0.362,0.809,0.309,0.559,58.92,42.56
"2024-09-14 16:00:00",3626,12.51,510,1,2.789,3.76,8.54,0.332,0.756,0.284,0.52,58.91,40.62
"2024-09-14 16:30:00",3627,12.51,510,1,2.645,3.52,8.15,0.312,0.721,0.262,0.496,59.3,41.27
"2024-09-14 17:00:00",3628,12.51,510,1,2.396,3.22,7.35,0.285,0.65,0.243,0.45,58.96,41.49
"2024-09-14 17:30:00",3629,12.51,510,1,1.933,2.52,6.01,0.223,0.532,0.187,0.362,58.89,42.37
"2024-09-14 18:00:00",3630,12.51,510,1,1.569,1.95,4.98,0.172,0.44,0.145,0.297,57.68,40.48
"2024-09-14 18:30:00",3631,12.5,510,1,1.038,1.19,3.4,0.105,0.301,0.079,0.202,58.72,40.41
"2024-09-14 19:00:00",3632,12.5,510,1,0.523,0.41,1.91,0.036,0.169,0.021,0.103,56.56,39.77
"2024-09-14 19:30:00",3633,12.5,510,1,0.176,-0.1,0.89,-0.01,0.079,-0.016,0.037,56.62,38.31
"2024-09-14 20:00:00",3634,12.5,510,1,0.015,-0.32,0.4,-0.029,0.035,-0.037,0.005,56.07,38.46
"2024-09-14 20:30:00",3635,12.5,510,1,-0.067,-0.48,0.2,-0.043,0.018,-0.046,-0.01,56.11,37.81
"2024-09-14 21:00:00",3636,12.5,510,1,-0.108,-0.59,0.13,-0.053,0.012,-0.056,-0.015,56.65,38.19
"2024-09-14 21:30:00",3637,12.49,510,1,-0.137,-0.59,0,-0.053,0,-0.053,-0.017,56.12,38.07
"2024-09-14 22:00:00",3638,12.49,510,1,-0.16,-0.67,-0.02,-0.06,-0.003,-0.058,-0.025,56.35,37.72
"2024-09-14 22:30:00",3639,12.49,510,1,-0.162,-0.64,-0.06,-0.057,-0.006,-0.06,-0.025,56.27,38.64
"2024-09-14 23:00:00",3640,12.49,510,1,-0.153,-0.64,-0.02,-0.057,-0.003,-0.06,-0.022,56.52,38.06
"2024-09-14 23:30:00",3641,12.49,510,1,-0.146,-0.61,-0.02,-0.055,-0.003,-0.06,-0.025,55.99,37.52
"2024-09-15 00:00:00",3642,12.49,510,1,-0.153,-0.64,-0.02,-0.057,-0.003,-0.06,-0.025,55.41,38.6
"2024-09-15 00:30:00",3643,12.49,510,1,-0.142,-0.61,0,-0.055,0,-0.056,-0.022,56.09,37.2
"2024-09-15 01:00:00",3644,12.49,510,1,-0.153,-0.64,-0.02,-0.057,-0.003,-0.06,-0.027,57.62,38.3
"2024-09-15 01:30:00",3645,12.49,510,1,-0.153,-0.64,-0.02,-0.057,-0.003,-0.06,-0.027,56.83,38.35
"2024-09-15 02:00:00",3646,12.48,510,1,-0.149,-0.64,0,-0.058,0,-0.058,-0.022,56.62,38.98
"2024-09-15 02:30:00",3647,12.48,510,1,-0.162,-0.64,-0.06,-0.058,-0.006,-0.06,-0.027,56.34,38.55
"2024-09-15 03:00:00",3648,12.48,510,1,-0.153,-0.64,-0.02,-0.058,-0.003,-0.063,-0.025,55.5,38.7
"2024-09-15 03:30:00",3649,12.48,510,1,-0.16,-0.67,-0.02,-0.06,-0.003,-0.061,-0.025,56.57,38.52
"2024-09-15 04:00:00",3650,12.48,510,1,-0.176,-0.67,-0.09,-0.06,-0.009,-0.061,-0.03,56.54,38.07
"2024-09-15 04:30:00",3651,12.48,510,1,-0.144,-0.62,0,-0.055,0,-0.058,-0.022,55.59,37.7
"2024-09-15 05:00:00",3652,12.48,510,1,-0.176,-0.67,-0.09,-0.06,-0.009,-0.061,-0.025,56.06,38.01
"2024-09-15 05:30:00",3653,12.48,510,1,-0.176,-0.67,-0.09,-0.06,-0.009,-0.065,-0.03,57.1,38.22
"2024-09-15 06:00:00",3654,12.48,510,1,-0.183,-0.67,-0.12,-0.06,-0.012,-0.06,-0.03,56.23,37.77
"2024-09-15 06:30:00",3655,12.47,510,1,-0.203,-0.72,-0.16,-0.065,-0.015,-0.065,-0.032,55.44,37.65
"2024-09-15 07:00:00",3656,12.47,510,1,-0.183,-0.67,-0.12,-0.06,-0.012,-0.061,-0.032,55.66,38.02
"2024-09-15 07:30:00",3657,12.47,510,1,-0.13,-0.59,0.03,-0.053,0.003,-0.056,-0.022,54.93,37.99
"2024-09-15 08:00:00",3658,12.47,510,1,-0.024,-0.45,0.36,-0.041,0.032,-0.046,0.003,55.83,38.78
"2024-09-15 08:30:00",3659,12.47,510,1,0.083,-0.37,0.76,-0.033,0.067,-0.039,0.032,56.1,39.31
"2024-09-15 09:00:00",3660,12.47,510,1,0.154,-0.26,0.96,-0.024,0.085,-0.03,0.044,57.08,39.86
"2024-09-15 09:30:00",3661,12.47,510,1,0.262,-0.13,1.31,-0.012,0.116,-0.021,0.069,57.66,39.18
"2024-09-15 10:00:00",3662,12.47,510,1,0.675,0.46,2.54,0.041,0.225,0.028,0.15,56.89,40.36
"2024-09-15 10:30:00",3663,12.47,510,1,1.14,1.1,3.95,0.098,0.35,0.082,0.241,59.46,41.41
"2024-09-15 11:00:00",3664,12.47,510,1,1.372,1.28,4.8,0.113,0.425,0.096,0.304,56.8,43.1
"2024-09-15 11:30:00",3665,12.47,510,1,2.171,2.62,6.97,0.232,0.617,0.197,0.435,60,41.12
"2024-09-15 12:00:00",3666,12.47,510,1,2.414,2.97,7.69,0.263,0.68,0.224,0.477,59.63,40.76
"2024-09-15 12:30:00",3667,12.47,510,1,2.272,2.86,7.17,0.253,0.635,0.213,0.435,58.46,41.68
"2024-09-15 13:00:00",3668,12.47,510,1,2.439,3.03,7.74,0.269,0.685,0.229,0.48,60.48,42.45
"2024-09-15 13:30:00",3669,12.47,510,1,2.683,3.45,8.39,0.306,0.743,0.259,0.512,58.82,41.78
"2024-09-15 14:00:00",3670,12.47,510,1,2.834,3.64,8.87,0.323,0.785,0.274,0.544,58.2,41
"2024-09-15 14:30:00",3671,12.48,510,1,2.828,3.67,8.81,0.325,0.78,0.282,0.543,60.74,42.56
"2024-09-15 15:00:00",3672,12.47,510,1,2.831,3.72,8.77,0.329,0.776,0.283,0.542,57.88,42.77
"2024-09-15 15:30:00",3673,12.47,510,1,2.819,3.7,8.74,0.327,0.774,0.28,0.532,58.3,41.52
"2024-09-15 16:00:00",3674,12.47,510,1,2.711,3.56,8.4,0.315,0.743,0.272,0.513,58.84,41.49
"2024-09-15 16:30:00",3675,12.48,510,1,2.663,3.47,8.28,0.307,0.733,0.258,0.501,58.96,40.67
"2024-09-15 17:00:00",3676,12.47,510,1,2.55,3.37,7.88,0.298,0.698,0.252,0.475,57.84,43.98
"2024-09-15 17:30:00",3677,12.47,510,1,2.384,3.15,7.37,0.279,0.652,0.235,0.447,58.73,42.2
"2024-09-15 18:00:00",3678,12.47,510,1,1.897,2.47,5.9,0.218,0.523,0.177,0.352,58.5,41.3
"2024-09-15 18:30:00",3679,12.47,510,1,1.211,1.43,3.92,0.126,0.347,0.105,0.23,56.97,39.76
"2024-09-15 19:00:00",3680,12.47,510,1,0.655,0.63,2.27,0.056,0.201,0.037,0.126,56.75,40.38
"2024-09-15 19:30:00",3681,12.47,510,1,0.303,0.08,1.27,0.007,0.113,0,0.062,56.18,39.97
"2024-09-15 20:00:00",3682,12.46,510,1,0.13,-0.18,0.77,-0.017,0.068,-0.021,0.03,57.74,38.01
"2024-09-15 20:30:00",3683,12.46,510,1,0.03,-0.35,0.5,-0.032,0.044,-0.035,0.007,55.73,37.67
"2024-09-15 21:00:00",3684,12.46,510,1,-0.022,-0.45,0.37,-0.041,0.032,-0.044,0,55.61,37.56
"2024-09-15 21:30:00",3685,12.46,510,1,-0.072,-0.53,0.23,-0.048,0.021,-0.049,-0.005,55.93,38.29
"2024-09-15 22:00:00",3686,12.45,510,1,-0.092,-0.56,0.17,-0.05,0.015,-0.053,-0.012,55.82,39.85
"2024-09-15 22:30:00",3687,12.45,510,1,-0.092,-0.56,0.17,-0.05,0.015,-0.051,-0.01,57.37,38.64
"2024-09-15 23:00:00",3688,12.45,510,1,-0.099,-0.59,0.17,-0.053,0.015,-0.058,-0.01,55.69,37.22
"2024-09-15 23:30:00",3689,12.45,510,1,-0.108,-0.59,0.13,-0.053,0.012,-0.056,-0.015,56.01,37.39
"2024-09-16 00:00:00",3690,12.45,510,1,-0.115,-0.59,0.1,-0.053,0.009,-0.054,-0.012,55.47,37.83
"2024-09-16 00:30:00",3691,12.45,510,1,-0.108,-0.59,0.13,-0.053,0.012,-0.054,-0.007,56.18,38.28
"2024-09-16 01:00:00",3692,12.45,510,1,-0.089,-0.51,0.13,-0.046,0.012,-0.051,-0.012,56.22,38.43
"2024-09-16 01:30:00",3693,12.45,510,1,-0.092,-0.56,0.17,-0.051,0.015,-0.054,-0.01,56.03,38.13
"2024-09-16 02:00:00",3694,12.45,510,1,-0.096,-0.54,0.13,-0.048,0.012,-0.049,-0.012,55.38,39.16
"2024-09-16 02:30:00",3695,12.45,510,1,-0.108,-0.59,0.13,-0.053,0.012,-0.054,-0.012,56.94,38.63
"2024-09-16 03:00:00",3696,12.44,510,1,-0.101,-0.56,0.13,-0.051,0.012,-0.051,-0.012,55.66,37.35
"2024-09-16 03:30:00",3697,12.44,510,1,-0.101,-0.56,0.13,-0.051,0.012,-0.051,-0.012,56.86,38.54
"2024-09-16 04:00:00",3698,12.44,510,1,-0.11,-0.57,0.1,-0.051,0.009,-0.052,-0.015,56.61,38.97
"2024-09-16 04:30:00",3699,12.44,510,1,-0.114,-0.56,0.07,-0.051,0.006,-0.051,-0.017,55.97,37.67
"2024-09-16 05:00:00",3700,12.44,510,1,-0.125,-0.54,0,-0.048,0,-0.054,-0.025,55.86,38.91
"2024-09-16 05:30:00",3701,12.44,510,1,-0.137,-0.59,0,-0.053,0,-0.059,-0.02,57.04,38.42
"2024-09-16 06:00:00",3702,12.44,510,1,-0.121,-0.59,0.07,-0.053,0.006,-0.059,-0.018,56.11,38.07
"2024-09-16 06:30:00",3703,12.44,510,1,-0.137,-0.59,0,-0.053,0,-0.056,-0.022,55.44,36.56
"2024-09-16 07:00:00",3704,12.44,510,1,-0.123,-0.56,0.03,-0.051,0.003,-0.056,-0.017,56.85,38.38
"2024-09-16 07:30:00",3705,12.44,510,1,0.039,-0.34,0.53,-0.031,0.047,-0.037,0.01,56.26,38.79
"2024-09-16 08:00:00",3706,12.44,510,1,0.236,-0.07,1.13,-0.007,0.1,-0.014,0.054,56.47,39.26
"2024-09-16 08:30:00",3707,12.43,510,1,0.591,0.32,2.31,0.029,0.205,0.016,0.128,56.64,41.68
"2024-09-16 09:00:00",3708,12.44,510,1,0.977,0.89,3.44,0.078,0.305,0.062,0.204,58.1,40.88
"2024-09-16 09:30:00",3709,12.44,510,1,1.277,1.31,4.34,0.116,0.384,0.096,0.264,58.3,42.08
"2024-09-16 10:00:00",3710,12.44,510,1,1.468,1.61,4.88,0.142,0.432,0.117,0.3,58.6,40.71
"2024-09-16 10:30:00",3711,12.43,510,1,1.812,2.05,5.96,0.181,0.528,0.155,0.372,59.65,41.2
"2024-09-16 11:00:00",3712,12.43,510,1,1.876,1.77,6.54,0.157,0.579,0.136,0.423,58.77,42.57
"2024-09-16 11:30:00",3713,12.43,510,1,2.083,2.53,6.67,0.224,0.59,0.186,0.409,58.09,41.15
"2024-09-16 12:00:00",3714,12.44,510,1,2.099,2.56,6.71,0.226,0.594,0.199,0.408,61.63,42.35
"2024-09-16 12:30:00",3715,12.44,510,1,2.165,2.67,6.89,0.236,0.61,0.202,0.419,59.18,42.14
"2024-09-16 13:00:00",3716,12.44,510,1,1.902,2.36,6.04,0.208,0.535,0.172,0.367,58.62,41.83
"2024-09-16 13:30:00",3717,12.44,510,1,1.602,1.87,5.21,0.165,0.462,0.139,0.314,58.78,41.58
"2024-09-16 14:00:00",3718,12.44,510,1,1.382,1.57,4.54,0.139,0.402,0.113,0.269,60.53,39.83
