"TOA5","CR200Series_601","CR200X","No_SN","CR200X.Std.02","Sapflux2sensors1.CR2","63887","Table1"
"TIMESTAMP","RECORD","BattV_Min","id","SDI0","SapFlwTot0","VhOuter0","VhInner0","AlphaOut0","AlphaIn0","BetaOut0","BetaIn0","tMaxTout0","tMaxTin0"
"TS","RN","Volts","","","literPerHo","heatVeloci","heatVeloci","logTRatio","logTRatio","logTRatio","logTRatio","second","second"
"","","Min","Smp","Smp","Smp","Smp","Smp","Smp","Smp","Smp","Smp","Smp","Smp"
"2024-04-02 11:30:00",0,12.9005,601,0,0.084,0.86,1.52,0.07594,0.1341,0.0577,0.08306,50.896,36.452
"2024-04-02 12:00:00",1,12.89042,601,0,0.113,1.31,1.86,0.11601,0.16502,0.09148,0.10268,51.526,37.643
"2024-04-02 12:30:00",2,12.88119,601,0,0.152,1.82,2.4,0.16126,0.21232,0.13646,0.13256,51.541,37.91
"2024-04-02 13:00:00",3,12.87699,601,0,0.16,2.01,2.4,0.17788,0.21262,0.14282,0.134,50.459,37.903
"2024-04-02 13:30:00",4,12.87028,601,0,0.145,1.79,2.22,0.15878,0.19618,0.12682,0.12308,51.646,37.859
"2024-04-02 14:00:00",5,12.86944,601,0,0.157,1.96,2.39,0.17307,0.21176,0.14127,0.13136,51.824,38.183
"2024-04-02 14:30:00",6,12.86356,601,0,0.196,2.51,2.88,0.22216,0.25495,0.1849,0.16192,52.311,38.267
"2024-04-02 15:00:00",7,12.87028,601,0,0.202,2.62,2.94,0.23228,0.26002,0.19483,0.16554,51.06,38.496
"2024-04-02 15:30:00",8,12.86776,601,0,0.229,2.97,3.32,0.26254,0.29406,0.224,0.18784,52.755,38.704
"2024-04-02 16:00:00",9,12.86524,601,0,0.275,3.61,3.94,0.31975,0.34904,0.28206,0.2267,52.383,39.718
"2024-04-02 16:30:00",10,12.86524,601,0,0.357,4.82,4.95,0.42678,0.4377,0.37455,0.2887,52.779,39.556
"2024-04-02 17:00:00",11,12.86104,601,0,0.398,5.53,5.29,0.48964,0.46858,0.41943,0.30906,51.082,39.756
"2024-04-02 17:30:00",12,12.86776,601,0,0.393,5.4,5.3,0.47786,0.46931,0.41514,0.30906,51.232,39.804
"2024-04-02 18:00:00",13,12.87028,601,0,0.368,5.06,4.96,0.44747,0.4392,0.38422,0.28716,51.55,39.148
"2024-04-02 18:30:00",14,12.86524,601,0,0.313,4.28,4.26,0.37848,0.37688,0.32208,0.24274,51.772,38.801
"2024-04-02 19:00:00",15,12.86188,601,0,0.264,3.55,3.66,0.31444,0.32423,0.26594,0.207,51.744,38.508
"2024-04-02 19:30:00",16,12.86104,601,0,0.22,2.88,3.17,0.25462,0.28044,0.21175,0.1757,50.927,38.512
"2024-04-02 20:00:00",17,12.86692,601,0,0.177,2.23,2.65,0.1978,0.23425,0.16418,0.14516,51.374,37.731
"2024-04-02 20:30:00",18,12.86692,601,0,0.151,1.86,2.34,0.16486,0.20751,0.13381,0.12913,51.145,37.496
"2024-04-02 21:00:00",19,12.86524,601,0,0.134,1.59,2.14,0.14104,0.18934,0.11176,0.11668,51.102,37.299
"2024-04-02 21:30:00",20,12.8686,601,0,0.119,1.4,1.93,0.12364,0.17118,0.09954,0.10397,51.098,37.294
"2024-04-02 22:00:00",21,12.86692,601,0,0.107,1.2,1.81,0.1065,0.16004,0.08539,0.0967,52.111,37.386
"2024-04-02 22:30:00",22,12.86692,601,0,0.096,1.07,1.64,0.09466,0.14538,0.06982,0.08618,51.485,37.432
"2024-04-02 23:00:00",23,12.86524,601,0,0.087,0.94,1.52,0.08354,0.1341,0.0615,0.08264,50.785,37.138
"2024-04-02 23:30:00",24,12.86188,601,0,0.091,0.99,1.59,0.08736,0.14049,0.06742,0.086,50.942,36.883
"2024-04-03 00:00:00",25,12.86356,601,0,0.1,1.11,1.71,0.09822,0.1517,0.07758,0.09514,51.143,37.339
"2024-04-03 00:30:00",26,12.84929,601,0,0.1,1.11,1.71,0.09822,0.1517,0.07562,0.0897,51.131,36.921
"2024-04-03 01:00:00",27,12.85936,601,0,0.092,0.98,1.61,0.08698,0.14258,0.06926,0.08796,51.061,38.088
"2024-04-03 01:30:00",28,12.85349,601,0,0.088,0.96,1.51,0.08471,0.13353,0.06108,0.0806,51.858,36.979
"2024-04-03 02:00:00",29,12.85433,601,0,0.081,0.83,1.46,0.0739,0.12896,0.05294,0.0734,51.075,37.996
"2024-04-03 02:30:00",30,12.85433,601,0,0.076,0.76,1.4,0.06746,0.12416,0.04898,0.07506,50.551,37.065
"2024-04-03 03:00:00",31,12.85685,601,0,0.073,0.74,1.35,0.0652,0.1196,0.04691,0.07166,50.255,36.868
"2024-04-03 03:30:00",32,12.84677,601,0,0.067,0.64,1.28,0.05666,0.11297,0.03882,0.06768,51.444,36.411
"2024-04-03 04:00:00",33,12.85433,601,0,0.061,0.54,1.22,0.04782,0.10841,0.03263,0.06606,50.203,37.226
"2024-04-03 04:30:00",34,12.85433,601,0,0.057,0.49,1.17,0.04344,0.10368,0.02852,0.05862,50.761,36.862
"2024-04-03 05:00:00",35,12.85517,601,0,0.053,0.42,1.12,0.03697,0.09936,0.02244,0.05881,51.738,36.043
"2024-04-03 05:30:00",36,12.85349,601,0,0.049,0.37,1.07,0.03263,0.09486,0.01836,0.05324,51.312,36.698
"2024-04-03 06:00:00",37,12.85265,601,0,0.047,0.34,1.05,0.0304,0.09269,0.01222,0.04967,50.714,35.995
"2024-04-03 06:30:00",38,12.85265,601,0,0.046,0.32,1.04,0.02822,0.09248,0.01426,0.05145,51.131,36.663
"2024-04-03 07:00:00",39,12.84593,601,0,0.041,0.27,0.94,0.02382,0.08344,0.01017,0.05145,51.25,36.519
"2024-04-03 07:30:00",40,12.85349,601,0,0.038,0.22,0.92,0.01951,0.08109,0.00613,0.04776,51.606,37.391
"2024-04-03 08:00:00",41,12.84341,601,0,0.035,0.17,0.89,0.01521,0.07892,0.0041,0.04228,51.344,37.54
"2024-04-03 08:30:00",42,12.85097,601,0,0.037,0.2,0.92,0.01728,0.08109,0.00405,0.04589,50.623,36.823
"2024-04-03 09:00:00",43,12.85097,601,0,0.031,0.12,0.84,0.0108,0.07426,0,0.04228,52.106,36.255
"2024-04-03 09:30:00",44,12.84509,601,0,0.026,0.02,0.81,0.00214,0.07145,-0.00811,0.03843,50.698,37.315
"2024-04-03 10:00:00",45,12.84845,601,0,0.019,-0.06,0.68,-0.00635,0.06018,-0.01615,0.03294,51.539,37.073
"2024-04-03 10:30:00",46,12.85433,601,0,0.012,-0.16,0.6,-0.01467,0.05284,-0.02385,0.0255,52.276,36.182
"2024-04-03 11:00:00",47,12.84341,601,0,0.026,0,0.82,0,0.07297,-0.00971,0.03954,53.125,37.441
"2024-04-03 11:30:00",48,12.85013,601,0,0.053,0.43,1.11,0.03816,0.0984,0.02408,0.06158,51.654,37.353
"2024-04-03 12:00:00",49,12.85852,601,0,0.161,2.03,2.43,0.1793,0.2155,0.1544,0.1404,52.207,38.164
"2024-04-03 12:30:00",50,12.85769,601,0,0.219,2.93,3.06,0.25943,0.27046,0.21532,0.17216,51.058,39.226
"2024-04-03 13:00:00",51,12.86608,601,0,0.195,2.53,2.84,0.2241,0.25162,0.18679,0.16086,52.266,37.405
"2024-04-03 13:30:00",52,12.8644,601,0,0.165,2.11,2.43,0.18675,0.21508,0.15128,0.13424,52.632,38.842
"2024-04-03 14:00:00",53,12.8602,601,0,0.156,1.95,2.36,0.17233,0.20858,0.1425,0.12888,52.18,38.133
"2024-04-03 14:30:00",54,12.86692,601,0,0.17,2.13,2.58,0.18854,0.2286,0.15937,0.1427,51.86,37.97
"2024-04-03 15:00:00",55,12.85852,601,0,0.209,2.7,3.04,0.23856,0.26902,0.20107,0.16946,51.744,38.781
"2024-04-03 15:30:00",56,12.8644,601,0,0.28,3.68,4.02,0.32594,0.35614,0.28766,0.23426,52.98,39.502
"2024-04-03 16:00:00",57,12.86272,601,0,0.36,4.88,4.94,0.43156,0.43704,0.37887,0.28871,52.66,39.183
"2024-04-03 16:30:00",58,12.86524,601,0,0.539,7.43,7.24,0.65791,0.64118,0.59389,0.44528,49.275,39.181
"2024-04-03 17:00:00",59,12.86692,601,0,0.617,8.57,8.22,0.75855,0.7271,0.68612,0.50905,48.415,39.293
"2024-04-03 17:30:00",60,12.86692,601,0,0.594,8.14,8.07,0.72067,0.71415,0.65634,0.49406,49.099,39.822
"2024-04-03 18:00:00",61,12.8602,601,0,0.626,8.72,8.29,0.77217,0.73351,0.69863,0.51786,47.717,39.255
"2024-04-03 18:30:00",62,12.86608,601,0,0.609,8.5,8.07,0.75201,0.71421,0.6764,0.4984,48.535,39.409
"2024-04-03 19:00:00",63,12.86272,601,0,0.557,7.85,7.28,0.69478,0.64439,0.60488,0.43312,48.856,39.985
"2024-04-03 19:30:00",64,12.86104,601,0,0.44,6.19,5.76,0.54798,0.50964,0.46642,0.32926,50.34,39.316
"2024-04-03 20:00:00",65,12.86692,601,0,0.32,4.4,4.31,0.3891,0.38121,0.3313,0.24246,51.822,38.596
"2024-04-03 20:30:00",66,12.86692,601,0,0.246,3.31,3.43,0.29336,0.3034,0.2459,0.18995,51.476,38.244
"2024-04-03 21:00:00",67,12.86356,601,0,0.211,2.77,3.04,0.24522,0.26874,0.20352,0.16902,51.747,38.253
"2024-04-03 21:30:00",68,12.86272,601,0,0.196,2.61,2.76,0.23072,0.24467,0.18572,0.14991,51.145,37.341
"2024-04-03 22:00:00",69,12.86104,601,0,0.166,2.13,2.45,0.18891,0.21646,0.15191,0.13252,50.525,38.111
"2024-04-03 22:30:00",70,12.85601,601,0,0.158,1.97,2.4,0.17445,0.21219,0.13803,0.12609,49.838,37.001
"2024-04-03 23:00:00",71,12.85685,601,0,0.143,1.79,2.18,0.15868,0.19294,0.12144,0.11318,51.608,36.317
"2024-04-03 23:30:00",72,12.85349,601,0,0.143,1.74,2.24,0.15412,0.1981,0.12174,0.11666,51.687,38.442
"2024-04-04 00:00:00",73,12.84677,601,0,0.158,1.94,2.43,0.17208,0.21478,0.13878,0.12234,52.309,37.98
"2024-04-04 00:30:00",74,12.84677,601,0,0.15,1.85,2.31,0.16348,0.20443,0.13326,0.12609,50.978,37.729
"2024-04-04 01:00:00",75,12.84258,601,0,0.15,1.84,2.31,0.16327,0.20443,0.13186,0.1241,50.469,36.552
"2024-04-04 01:30:00",76,12.83838,601,0,0.159,1.97,2.45,0.17424,0.21694,0.14179,0.13104,50.888,37.483
"2024-04-04 02:00:00",77,12.82747,601,0,0.172,2.16,2.61,0.19158,0.23134,0.15412,0.13993,51.587,37.52
"2024-04-04 02:30:00",78,12.83082,601,0,0.183,2.32,2.72,0.20577,0.24112,0.17102,0.14732,51.499,37.271
"2024-04-04 03:00:00",79,12.82663,601,0,0.18,2.31,2.65,0.20426,0.23446,0.16914,0.14534,52.579,38.093
"2024-04-04 03:30:00",80,12.82579,601,0,0.182,2.34,2.68,0.20668,0.23706,0.16946,0.1456,51.817,37.897
"2024-04-04 04:00:00",81,12.81655,601,0,0.175,2.21,2.63,0.19528,0.23246,0.16118,0.14389,50.794,37.798
"2024-04-04 04:30:00",82,12.82327,601,0,0.164,2.07,2.46,0.18314,0.21736,0.15154,0.13325,51.59,37.368
"2024-04-04 05:00:00",83,12.82075,601,0,0.16,2,2.44,0.17736,0.21638,0.14412,0.13078,50.73,37.737
"2024-04-04 05:30:00",84,12.82075,601,0,0.152,1.88,2.34,0.16628,0.20696,0.13603,0.12877,51.195,37.531
"2024-04-04 06:00:00",85,12.81907,601,0,0.153,1.92,2.31,0.17006,0.20443,0.1377,0.12702,51.613,37.792
"2024-04-04 06:30:00",86,12.81655,601,0,0.148,1.83,2.26,0.16178,0.19972,0.13186,0.1213,51.871,37.383
"2024-04-04 07:00:00",87,12.81487,601,0,0.153,1.89,2.36,0.16727,0.2086,0.13965,0.12678,51.339,37.679
"2024-04-04 07:30:00",88,12.81068,601,0,0.186,2.38,2.76,0.21026,0.24428,0.17591,0.15212,52.47,37.987
"2024-04-04 08:00:00",89,12.81068,601,0,0.243,3.21,3.46,0.28388,0.3062,0.24282,0.19678,52.686,38.049
"2024-04-04 08:30:00",90,12.80144,601,0,0.331,4.45,4.61,0.394,0.4082,0.34152,0.26728,52.428,39.602
"2024-04-04 09:00:00",91,12.81068,601,0,0.425,5.75,5.88,0.50917,0.52021,0.45624,0.34642,52.102,39.932
"2024-04-04 09:30:00",92,12.80732,601,0,0.533,7.15,7.45,0.63313,0.65934,0.5895,0.45536,50.613,39.419
"2024-04-04 10:00:00",93,12.81152,601,0,0.624,8.66,8.31,0.76609,0.7354,0.69872,0.52414,47.55,39.237
"2024-04-04 10:30:00",94,12.81823,601,0,0.67,9.3,8.92,0.82294,0.78973,0.75392,0.56319,46.229,38.734
"2024-04-04 11:00:00",95,12.81823,601,0,0.674,9.15,9.26,0.80943,0.81956,0.77119,0.59082,46.564,38.663
"2024-04-04 11:30:00",96,12.82495,601,0,0.73,10.03,9.87,0.88798,0.87359,0.84211,0.64295,44.571,38.054
"2024-04-04 12:00:00",97,12.82327,601,0,0.761,10.45,10.29,0.92469,0.91079,0.88492,0.67647,43.507,37.656
"2024-04-04 12:30:00",98,12.82663,601,0,0.782,10.63,10.73,0.94099,0.94989,0.91441,0.70387,42.831,37.392
"2024-04-04 13:00:00",99,12.82327,601,0,0.804,11.01,10.91,0.97463,0.9657,0.94481,0.72881,41.137,36.519
"2024-04-04 13:30:00",100,12.82998,601,0,0.816,11.03,11.26,0.97664,0.99625,0.97351,0.76747,40.55,36.087
"2024-04-04 14:00:00",101,12.82243,601,0,0.822,11.1,11.38,0.98242,1.00759,0.99096,0.78443,39.667,35.718
"2024-04-04 14:30:00",102,12.83334,601,0,0.807,10.77,11.34,0.95302,1.0033,0.98319,0.78799,39.305,35.513
"2024-04-04 15:00:00",103,12.83166,601,0,0.824,11.31,11.14,1.00143,0.98559,0.96599,0.73833,40.796,36.183
"2024-04-04 15:30:00",104,12.83082,601,0,0.807,11.28,10.66,0.99827,0.94378,0.91826,0.68108,42.367,37.085
"2024-04-04 16:00:00",105,12.83334,601,0,0.613,8.58,8.08,0.75969,0.71493,0.67329,0.48686,48.822,39.435
"2024-04-04 16:30:00",106,12.83166,601,0,0.63,8.79,8.34,0.77759,0.73847,0.6889,0.50451,48.112,39.644
"2024-04-04 17:00:00",107,12.83082,601,0,0.684,9.41,9.22,0.83321,0.81577,0.76735,0.57034,46.885,38.981
"2024-04-04 17:30:00",108,12.83082,601,0,0.726,9.93,9.88,0.87914,0.87451,0.82311,0.62566,44.828,37.9
"2024-04-04 18:00:00",109,12.82579,601,0,0.76,10.58,10.08,0.93671,0.89186,0.85923,0.63138,43.564,36.893
"2024-04-04 18:30:00",110,12.81571,601,0,0.563,7.91,7.39,0.69976,0.65444,0.61345,0.44244,49.639,38.7
"2024-04-04 19:00:00",111,12.82411,601,0,0.421,5.89,5.55,0.5215,0.49146,0.44089,0.3159,50.311,40.607
"2024-04-04 19:30:00",112,12.81991,601,0,0.367,5.05,4.96,0.44704,0.4389,0.38013,0.2803,50.87,38.599
"2024-04-04 20:00:00",113,12.81655,601,0,0.33,4.51,4.48,0.39898,0.39686,0.33681,0.24896,51.236,38.806
"2024-04-04 20:30:00",114,12.81236,601,0,0.309,4.18,4.25,0.36956,0.37591,0.31512,0.23999,51.192,38.097
"2024-04-04 21:00:00",115,12.80732,601,0,0.288,3.87,4,0.34219,0.35414,0.29066,0.22602,52.016,39.175
"2024-04-04 21:30:00",116,12.79557,601,0,0.267,3.54,3.77,0.31345,0.33333,0.2638,0.20994,51.649,37.988
"2024-04-04 22:00:00",117,12.80396,601,0,0.245,3.25,3.48,0.28766,0.30778,0.24165,0.1958,51.4,38.404
"2024-04-04 22:30:00",118,12.8048,601,0,0.23,3.02,3.3,0.26706,0.2917,0.22312,0.183,51.651,38.142
"2024-04-04 23:00:00",119,12.79809,601,0,0.248,3.27,3.54,0.28958,0.313,0.24481,0.20086,52.219,38.403
"2024-04-04 23:30:00",120,12.79725,601,0,0.268,3.58,3.76,0.31654,0.33294,0.26924,0.22234,51.796,39.218
"2024-04-05 00:00:00",121,12.79473,601,0,0.272,3.61,3.84,0.3196,0.33958,0.27461,0.21659,52.375,38.971
"2024-04-05 00:30:00",122,12.79641,601,0,0.255,3.37,3.63,0.29857,0.3209,0.25314,0.20212,52.312,38.397
"2024-04-05 01:00:00",123,12.79389,601,0,0.238,3.11,3.42,0.27554,0.30296,0.23416,0.1955,51.848,38.857
"2024-04-05 01:30:00",124,12.79473,601,0,0.239,3.14,3.43,0.27802,0.30366,0.23146,0.19174,51.348,37.433
"2024-04-05 02:00:00",125,12.79221,601,0,0.231,3.01,3.34,0.2666,0.29564,0.22588,0.18603,51.929,38.414
"2024-04-05 02:30:00",126,12.79725,601,0,0.221,2.87,3.21,0.25437,0.28435,0.21621,0.18433,51.354,37.69
"2024-04-05 03:00:00",127,12.79305,601,0,0.213,2.77,3.08,0.24542,0.27304,0.20606,0.17552,52.487,37.591
"2024-04-05 03:30:00",128,12.79473,601,0,0.206,2.62,3.06,0.23154,0.27106,0.1996,0.17386,51.518,37.698
"2024-04-05 04:00:00",129,12.79305,601,0,0.201,2.57,2.96,0.22758,0.26172,0.19173,0.1647,51.76,37.841
"2024-04-05 04:30:00",130,12.79137,601,0,0.197,2.53,2.9,0.22364,0.25709,0.18798,0.1627,51.997,37.76
"2024-04-05 05:00:00",131,12.78046,601,0,0.192,2.45,2.86,0.21669,0.25304,0.18153,0.16132,51.579,38.321
"2024-04-05 05:30:00",132,12.78885,601,0,0.193,2.49,2.84,0.22014,0.25102,0.18233,0.15788,51.356,38.259
"2024-04-05 06:00:00",133,12.78381,601,0,0.186,2.37,2.76,0.20964,0.24428,0.17434,0.15412,51.616,37.539
"2024-04-05 06:30:00",134,12.78046,601,0,0.182,2.28,2.74,0.20178,0.24229,0.16982,0.15243,51.463,37.387
"2024-04-05 07:00:00",135,12.78381,601,0,0.178,2.26,2.66,0.19976,0.23556,0.16793,0.14693,51.83,37.751
"2024-04-05 07:30:00",136,12.78465,601,0,0.212,2.72,3.12,0.24076,0.27646,0.20481,0.17354,52.838,38.608
"2024-04-05 08:00:00",137,12.78046,601,0,0.299,4.01,4.16,0.35456,0.36813,0.30412,0.23497,52.24,38.571
"2024-04-05 08:30:00",138,12.78381,601,0,0.398,5.42,5.46,0.4797,0.48304,0.41778,0.31996,52.422,39.171
"2024-04-05 09:00:00",139,12.78381,601,0,0.46,6.29,6.25,0.55674,0.55318,0.4954,0.37344,51.702,39.685
"2024-04-05 09:30:00",140,12.78465,601,0,0.484,6.39,6.9,0.56537,0.61029,0.53138,0.41979,51.635,39.773
"2024-04-05 10:00:00",141,12.78549,601,0,0.565,7.75,7.65,0.6855,0.67704,0.62558,0.47272,49.21,40.331
"2024-04-05 10:30:00",142,12.78717,601,0,0.623,8.58,8.39,0.75971,0.74223,0.70012,0.5273,47.929,39.203
"2024-04-05 11:00:00",143,12.79137,601,0,0.664,9.13,8.98,0.80792,0.79501,0.75811,0.5728,46.415,39.335
"2024-04-05 11:30:00",144,12.79305,601,0,0.697,9.53,9.49,0.84333,0.83956,0.80572,0.62132,45.397,38.728
"2024-04-05 12:00:00",145,12.79641,601,0,0.724,9.94,9.81,0.87935,0.86831,0.83913,0.63926,44.525,38.112
"2024-04-05 12:30:00",146,12.79976,601,0,0.73,9.91,10.03,0.87753,0.88795,0.85579,0.66093,44.977,38.053
"2024-04-05 13:00:00",147,12.79809,601,0,0.752,10.35,10.14,0.91627,0.89709,0.88514,0.67414,42.971,37.688
"2024-04-05 13:30:00",148,12.80312,601,0,0.744,10.01,10.34,0.88626,0.91551,0.88019,0.69194,43.017,37.324
"2024-04-05 14:00:00",149,12.80564,601,0,0.779,10.69,10.55,0.94578,0.93344,0.92192,0.70969,42.083,37.623
"2024-04-05 14:30:00",150,12.80648,601,0,0.801,11.08,10.74,0.98081,0.95013,0.92975,0.70271,42.25,37.071
"2024-04-05 15:00:00",151,12.80312,601,0,0.762,10.48,10.29,0.92793,0.91071,0.87003,0.65451,44.311,37.641
"2024-04-05 15:30:00",152,12.80732,601,0,0.725,10.03,9.71,0.88753,0.85905,0.81491,0.60801,45.183,38.257
"2024-04-05 16:00:00",153,12.80396,601,0,0.717,9.9,9.62,0.87638,0.85149,0.81324,0.60994,45.696,38.612
"2024-04-05 16:30:00",154,12.80564,601,0,0.75,10.43,9.98,0.92319,0.88303,0.85911,0.64026,44.834,38.318
"2024-04-05 17:00:00",155,12.80396,601,0,0.712,9.85,9.55,0.8721,0.84567,0.80591,0.60109,45.802,38.311
"2024-04-05 17:30:00",156,12.8006,601,0,0.68,9.45,9.04,0.83599,0.80043,0.75705,0.56095,46.888,38.987
"2024-04-05 18:00:00",157,12.80312,601,0,0.631,8.79,8.38,0.7784,0.74193,0.69457,0.50813,47.449,38.571
"2024-04-05 18:30:00",158,12.80312,601,0,0.562,7.85,7.44,0.69478,0.6582,0.60864,0.44588,48.986,39.183
"2024-04-05 19:00:00",159,12.80144,601,0,0.475,6.59,6.35,0.5834,0.56182,0.50717,0.37187,50.574,39.801
"2024-04-05 19:30:00",160,12.79725,601,0,0.405,5.58,5.45,0.49406,0.48279,0.42709,0.31479,51.061,39.05
"2024-04-05 20:00:00",161,12.79641,601,0,0.34,4.62,4.67,0.40908,0.413,0.34757,0.26398,51.677,39.666
"2024-04-05 20:30:00",162,12.79641,601,0,0.29,3.9,4.03,0.34516,0.35638,0.29006,0.2252,51.666,39.4
"2024-04-05 21:00:00",163,12.79389,601,0,0.255,3.35,3.65,0.2967,0.32312,0.25,0.20826,51.929,38.942
"2024-04-05 21:30:00",164,12.79221,601,0,0.235,3.09,3.37,0.27338,0.29837,0.22826,0.19043,51.988,38.742
"2024-04-05 22:00:00",165,12.78885,601,0,0.224,2.9,3.26,0.25698,0.28836,0.21242,0.18162,50.289,36.891
"2024-04-05 22:30:00",166,12.79053,601,0,0.211,2.75,3.05,0.24313,0.27031,0.20546,0.17046,50.816,38.391
"2024-04-05 23:00:00",167,12.78298,601,0,0.208,2.66,3.08,0.23556,0.27294,0.194,0.17046,51.952,38.152
"2024-04-05 23:30:00",168,12.78381,601,0,0.198,2.52,2.95,0.22312,0.26153,0.18688,0.16331,51.775,37.712
"2024-04-06 00:00:00",169,12.78214,601,0,0.198,2.51,2.96,0.22214,0.26214,0.1842,0.16188,51.561,37.911
"2024-04-06 00:30:00",170,12.7771,601,0,0.2,2.54,2.98,0.22515,0.26358,0.19294,0.16502,50.334,38.069
"2024-04-06 01:00:00",171,12.7771,601,0,0.195,2.47,2.9,0.21869,0.25684,0.1793,0.16158,51.072,37.673
"2024-04-06 01:30:00",172,12.77626,601,0,0.192,2.43,2.88,0.21508,0.25482,0.17696,0.15819,52.339,38.277
"2024-04-06 02:00:00",173,12.77458,601,0,0.188,2.37,2.84,0.21014,0.2513,0.17662,0.15644,51.718,38.734
"2024-04-06 02:30:00",174,12.77122,601,0,0.187,2.35,2.81,0.2076,0.24871,0.1747,0.15846,51.624,38.228
"2024-04-06 03:00:00",175,12.7687,601,0,0.185,2.32,2.79,0.20518,0.2466,0.1747,0.15846,50.9,37.246
"2024-04-06 03:30:00",176,12.76703,601,0,0.184,2.32,2.76,0.20518,0.24398,0.17244,0.14926,50.736,38.164
"2024-04-06 04:00:00",177,12.76367,601,0,0.18,2.26,2.73,0.2002,0.24132,0.16602,0.15299,51.882,37.559
"2024-04-06 04:30:00",178,12.76031,601,0,0.181,2.28,2.72,0.2022,0.24076,0.16793,0.15096,51.201,37.55
"2024-04-06 05:00:00",179,12.75611,601,0,0.181,2.27,2.75,0.20066,0.24342,0.16634,0.14926,51.167,38.078
"2024-04-06 05:30:00",180,12.75695,601,0,0.184,2.34,2.75,0.20717,0.24342,0.17244,0.15299,51.439,38.038
"2024-04-06 06:00:00",181,12.75779,601,0,0.182,2.28,2.75,0.2022,0.24342,0.16602,0.15124,51.591,37.931
"2024-04-06 06:30:00",182,12.75359,601,0,0.184,2.34,2.74,0.20668,0.24282,0.17208,0.15096,51.573,38.072
"2024-04-06 07:00:00",183,12.74604,601,0,0.182,2.28,2.74,0.20178,0.24282,0.16982,0.14926,51.085,37.834
"2024-04-06 07:30:00",184,12.75611,601,0,0.215,2.76,3.15,0.24438,0.27901,0.20794,0.17449,54.008,38.295
"2024-04-06 08:00:00",185,12.75527,601,0,0.285,3.78,4.03,0.33462,0.35665,0.28944,0.23138,52.57,39.323
"2024-04-06 08:30:00",186,12.75108,601,0,0.376,5.11,5.17,0.45223,0.45796,0.39136,0.30078,51.236,38.811
"2024-04-06 09:00:00",187,12.75024,601,0,0.424,5.76,5.81,0.50968,0.51438,0.45107,0.33796,52.306,40.034
"2024-04-06 09:30:00",188,12.75108,601,0,0.453,6.18,6.18,0.54726,0.54668,0.48766,0.36604,52.733,40.152
"2024-04-06 10:00:00",189,12.75024,601,0,0.486,6.69,6.56,0.5923,0.58068,0.53016,0.39823,51.264,39.666
"2024-04-06 10:30:00",190,12.75024,601,0,0.548,7.62,7.3,0.6743,0.64616,0.60708,0.45056,50.644,40.123
"2024-04-06 11:00:00",191,12.75779,601,0,0.576,7.87,7.85,0.69613,0.69471,0.63738,0.48974,51.34,38.772
"2024-04-06 11:30:00",192,12.75024,601,0,0.597,8.14,8.16,0.72065,0.72233,0.6753,0.51618,48.523,39.799
"2024-04-06 12:00:00",193,12.75191,601,0,0.641,8.86,8.58,0.78445,0.75915,0.72113,0.53804,47.383,39.073
"2024-04-06 12:30:00",194,12.75359,601,0,0.667,9.28,8.86,0.82179,0.78397,0.74413,0.54978,46.873,38.154
"2024-04-06 13:00:00",195,12.75527,601,0,0.703,9.9,9.18,0.87609,0.8121,0.79548,0.58778,45.895,38.814
"2024-04-06 13:30:00",196,12.76283,601,0,0.701,9.74,9.32,0.86174,0.82483,0.79817,0.59498,45.076,39.23
"2024-04-06 14:00:00",197,12.7687,601,0,0.737,10.33,9.7,0.91471,0.85837,0.84287,0.6317,44.603,38.346
"2024-04-06 14:30:00",198,12.76787,601,0,0.732,10.05,9.9,0.88946,0.87641,0.84901,0.64998,44.238,38.135
"2024-04-06 15:00:00",199,12.77122,601,0,0.731,9.87,10.11,0.87338,0.89467,0.85193,0.66447,44.057,37.806
"2024-04-06 15:30:00",200,12.77374,601,0,0.757,10.4,10.25,0.92085,0.90693,0.87675,0.67036,43.448,37.45
"2024-04-06 16:00:00",201,12.77458,601,0,0.759,10.39,10.31,0.91937,0.91238,0.87548,0.66787,43.24,37.139
"2024-04-06 16:30:00",202,12.7729,601,0,0.755,10.43,10.14,0.92319,0.89748,0.87391,0.65946,43.851,37.855
"2024-04-06 17:00:00",203,12.77542,601,0,0.743,10.28,9.95,0.91017,0.88051,0.84293,0.6339,44.987,38.477
"2024-04-06 17:30:00",204,12.7729,601,0,0.718,10,9.53,0.88513,0.84357,0.8042,0.59195,46.191,38.293
"2024-04-06 18:00:00",205,12.77458,601,0,0.684,9.51,9.11,0.84166,0.80603,0.75429,0.56031,47.24,39.337
"2024-04-06 18:30:00",206,12.7687,601,0,0.639,8.92,8.45,0.78939,0.74758,0.70178,0.50951,47.786,39.478
"2024-04-06 19:00:00",207,12.76535,601,0,0.569,7.9,7.59,0.69959,0.67138,0.61606,0.45396,49.285,39.179
"2024-04-06 19:30:00",208,12.77122,601,0,0.495,6.87,6.6,0.60808,0.58396,0.53346,0.3901,51.35,38.674
"2024-04-06 20:00:00",209,12.76619,601,0,0.418,5.79,5.6,0.51261,0.49578,0.43982,0.32268,51.201,39.191
"2024-04-06 20:30:00",210,12.76283,601,0,0.349,4.76,4.75,0.42109,0.42065,0.35742,0.27234,51.248,39.085
"2024-04-06 21:00:00",211,12.76283,601,0,0.293,3.92,4.1,0.34706,0.36278,0.29426,0.2318,52.236,38.327
"2024-04-06 21:30:00",212,12.75947,601,0,0.256,3.39,3.63,0.29988,0.32118,0.25367,0.2033,52.032,38.123
"2024-04-06 22:00:00",213,12.75527,601,0,0.234,3.08,3.34,0.27218,0.29568,0.23194,0.18704,52.296,38.795
"2024-04-06 22:30:00",214,12.75108,601,0,0.217,2.81,3.17,0.24906,0.2803,0.21108,0.17992,51.712,38.472
"2024-04-06 23:00:00",215,12.75443,601,0,0.203,2.56,3.04,0.22657,0.26901,0.1955,0.16876,51.944,38.03
"2024-04-06 23:30:00",216,12.75024,601,0,0.195,2.47,2.93,0.21869,0.25974,0.18346,0.16502,50.743,38.167
"2024-04-07 00:00:00",217,12.75024,601,0,0.191,2.43,2.84,0.21472,0.25102,0.18004,0.15988,51.839,37.772
"2024-04-07 00:30:00",218,12.75024,601,0,0.183,2.3,2.77,0.20398,0.24522,0.17255,0.15586,51.972,38.319
"2024-04-07 01:00:00",219,12.74352,601,0,0.18,2.24,2.74,0.19803,0.24266,0.16689,0.15212,52.953,38.328
"2024-04-07 01:30:00",220,12.74268,601,0,0.179,2.26,2.67,0.19976,0.23648,0.16602,0.14693,50.918,37.925
"2024-04-07 02:00:00",221,12.74352,601,0,0.173,2.14,2.67,0.18919,0.23597,0.16082,0.14869,52.323,37.594
"2024-04-07 02:30:00",222,12.7452,601,0,0.175,2.19,2.64,0.194,0.23392,0.15892,0.14669,52.276,38.217
"2024-04-07 03:00:00",223,12.73764,601,0,0.173,2.15,2.65,0.19043,0.23446,0.15958,0.14693,52.129,37.811
"2024-04-07 03:30:00",224,12.73764,601,0,0.175,2.2,2.65,0.1949,0.23446,0.1615,0.14893,51.161,37.918
"2024-04-07 04:00:00",225,12.74352,601,0,0.177,2.21,2.68,0.19528,0.23706,0.16374,0.14893,51.824,38.326
"2024-04-07 04:30:00",226,12.74436,601,0,0.177,2.22,2.67,0.19635,0.2361,0.16354,0.14748,51.333,37.264
"2024-04-07 05:00:00",227,12.74436,601,0,0.172,2.14,2.61,0.18976,0.23098,0.15774,0.1443,51.722,38.068
"2024-04-07 05:30:00",228,12.72925,601,0,0.165,2.01,2.56,0.17816,0.22624,0.14701,0.14078,51.345,37.426
"2024-04-07 06:00:00",229,12.73932,601,0,0.16,1.96,2.48,0.17366,0.2195,0.14276,0.13704,51.949,38.036
"2024-04-07 06:30:00",230,12.73764,601,0,0.158,1.95,2.43,0.17288,0.21478,0.1425,0.13353,51.286,37.217
"2024-04-07 07:00:00",231,12.73764,601,0,0.171,2.13,2.61,0.18848,0.23098,0.15482,0.14458,51.618,37.955
"2024-04-07 07:30:00",232,12.73093,601,0,0.211,2.69,3.13,0.23797,0.27699,0.2019,0.17346,52.316,37.99
"2024-04-07 08:00:00",233,12.73009,601,0,0.307,4.07,4.35,0.3606,0.38474,0.31125,0.24616,52.191,38.944
"2024-04-07 08:30:00",234,12.73177,601,0,0.463,6.29,6.36,0.5567,0.56269,0.49635,0.37903,51.738,40.133
"2024-04-07 09:00:00",235,12.72925,601,0,0.556,7.58,7.61,0.67128,0.67338,0.61176,0.46608,49.509,39.553
"2024-04-07 09:30:00",236,12.73093,601,0,0.609,8.26,8.37,0.73123,0.74065,0.68212,0.5225,48.659,39.683
"2024-04-07 10:00:00",237,12.73177,601,0,0.652,8.93,8.84,0.78997,0.78275,0.73907,0.56619,47.549,39.802
"2024-04-07 10:30:00",238,12.72673,601,0,0.686,9.44,9.27,0.83533,0.82041,0.78495,0.59981,46.56,38.662
"2024-04-07 11:00:00",239,12.73513,601,0,0.706,9.69,9.55,0.85787,0.8452,0.80991,0.62296,45.171,37.836
"2024-04-07 11:30:00",240,12.73849,601,0,0.707,9.6,9.71,0.84927,0.85976,0.8239,0.63914,44.77,38.1
"2024-04-07 12:00:00",241,12.73009,601,0,0.73,9.95,9.97,0.88059,0.88241,0.85078,0.65578,43.697,38.258
"2024-04-07 12:30:00",242,12.74352,601,0,0.744,10.15,10.17,0.89834,0.89994,0.8714,0.66787,43.275,38.093
"2024-04-07 13:00:00",243,12.74604,601,0,0.743,10.13,10.14,0.89615,0.89782,0.87899,0.67762,43.566,37.876
"2024-04-07 13:30:00",244,12.7494,601,0,0.755,10.24,10.37,0.90654,0.91787,0.89326,0.69073,42.852,38.083
"2024-04-07 14:00:00",245,12.7494,601,0,0.79,10.9,10.62,0.9649,0.94021,0.92838,0.71103,41.865,37.252
"2024-04-07 14:30:00",246,12.74184,601,0,0.795,10.92,10.74,0.96645,0.95013,0.93727,0.7159,41.805,37.193
"2024-04-07 15:00:00",247,12.74436,601,0,0.772,10.45,10.65,0.92469,0.94265,0.91003,0.70633,42.765,36.923
"2024-04-07 15:30:00",248,12.75611,601,0,0.784,10.79,10.58,0.95487,0.93633,0.91309,0.69555,42.631,37.351
"2024-04-07 16:00:00",249,12.7494,601,0,0.77,10.54,10.47,0.93331,0.92667,0.89225,0.6786,42.998,37.153
"2024-04-07 16:30:00",250,12.75024,601,0,0.758,10.38,10.3,0.91861,0.91157,0.87265,0.66411,43.458,37.461
"2024-04-07 17:00:00",251,12.74436,601,0,0.75,10.41,9.99,0.92093,0.88414,0.85877,0.64085,44.287,38.186
"2024-04-07 17:30:00",252,12.75275,601,0,0.725,10.03,9.72,0.88729,0.86017,0.81865,0.61122,45.193,38.529
"2024-04-07 18:00:00",253,12.75108,601,0,0.689,9.58,9.15,0.84782,0.80972,0.77175,0.56882,46.738,38.434
"2024-04-07 18:30:00",254,12.74856,601,0,0.641,8.97,8.45,0.79356,0.74758,0.70463,0.51628,47.503,39.354
"2024-04-07 19:00:00",255,12.75108,601,0,0.529,7.39,6.98,0.65367,0.61752,0.56939,0.41282,49.403,39.861
"2024-04-07 19:30:00",256,12.74688,601,0,0.438,6.08,5.85,0.53827,0.51753,0.46406,0.33832,50.783,39.032
"2024-04-07 20:00:00",257,12.74436,601,0,0.369,5.04,5.02,0.44651,0.44389,0.3783,0.28451,51.093,39.342
"2024-04-07 20:30:00",258,12.74352,601,0,0.308,4.16,4.26,0.36832,0.3766,0.31356,0.24053,51.466,38.79
"2024-04-07 21:00:00",259,12.73597,601,0,0.268,3.55,3.81,0.31387,0.33727,0.26531,0.2123,51.011,38.591
"2024-04-07 21:30:00",260,12.73345,601,0,0.239,3.13,3.44,0.2772,0.30466,0.23388,0.19258,51.676,38.434
"2024-04-07 22:00:00",261,12.73009,601,0,0.219,2.82,3.22,0.24934,0.28496,0.20678,0.17791,51.677,38.28
"2024-04-07 22:30:00",262,12.72757,601,0,0.197,2.49,2.96,0.22012,0.26192,0.18612,0.16512,51.731,38.075
"2024-04-07 23:00:00",263,12.72169,601,0,0.187,2.36,2.8,0.20906,0.24777,0.17582,0.15586,51.883,38.227
"2024-04-07 23:30:00",264,12.72254,601,0,0.176,2.2,2.67,0.1943,0.23624,0.15999,0.14684,50.778,37.68
"2024-04-08 00:00:00",265,12.72169,601,0,0.166,2.05,2.55,0.18104,0.22526,0.15154,0.13956,52.188,37.969
"2024-04-08 00:30:00",266,12.7175,601,0,0.154,1.85,2.43,0.16386,0.21529,0.13634,0.13578,52.209,37.57
"2024-04-08 01:00:00",267,12.71498,601,0,0.156,1.89,2.46,0.16702,0.21791,0.13691,0.134,50.667,38.087
"2024-04-08 01:30:00",268,12.7133,601,0,0.155,1.89,2.41,0.1674,0.21365,0.13718,0.13603,51.705,38.056
"2024-04-08 02:00:00",269,12.71414,601,0,0.151,1.83,2.37,0.16212,0.20946,0.13465,0.13072,51.685,38.184
"2024-04-08 02:30:00",270,12.70743,601,0,0.143,1.69,2.3,0.14966,0.20326,0.12341,0.12645,51.641,37.727
"2024-04-08 03:00:00",271,12.7091,601,0,0.139,1.67,2.21,0.14758,0.19549,0.12144,0.12264,52.074,37.587
"2024-04-08 03:30:00",272,12.70407,601,0,0.142,1.69,2.26,0.14935,0.19972,0.12316,0.1262,52.236,37.761
"2024-04-08 04:00:00",273,12.70491,601,0,0.147,1.77,2.31,0.15693,0.20488,0.13019,0.13026,51.843,37.771
"2024-04-08 04:30:00",274,12.70239,601,0,0.148,1.8,2.32,0.1597,0.20538,0.13465,0.13026,51.888,38.076
"2024-04-08 05:00:00",275,12.69567,601,0,0.147,1.75,2.35,0.15519,0.20794,0.12816,0.12844,51.495,37.68
"2024-04-08 05:30:00",276,12.70323,601,0,0.146,1.72,2.34,0.1521,0.20751,0.12789,0.12844,51.507,37.69
"2024-04-08 06:00:00",277,12.70155,601,0,0.148,1.78,2.33,0.15762,0.20586,0.12846,0.1287,52.214,37.064
"2024-04-08 06:30:00",278,12.69315,601,0,0.146,1.76,2.3,0.15554,0.20326,0.1265,0.1267,52.068,37.994
"2024-04-08 07:00:00",279,12.69819,601,0,0.145,1.75,2.29,0.1545,0.20278,0.13019,0.12471,52.026,37.952
"2024-04-08 07:30:00",280,12.69232,601,0,0.183,2.29,2.77,0.2029,0.24488,0.16982,0.15556,52.828,38.345
"2024-04-08 08:00:00",281,12.69903,601,0,0.258,3.37,3.73,0.29837,0.33026,0.25928,0.21317,52.231,38.426
"2024-04-08 08:30:00",282,12.69819,601,0,0.366,4.93,5.09,0.43643,0.45014,0.38486,0.30346,52.501,39.256
"2024-04-08 09:00:00",283,12.69483,601,0,0.449,6.09,6.18,0.53922,0.54668,0.4867,0.37318,52.101,39.841
"2024-04-08 09:30:00",284,12.70323,601,0,0.525,7.08,7.26,0.62653,0.64232,0.58692,0.45558,51.037,40.519
"2024-04-08 10:00:00",285,12.69735,601,0,0.625,8.54,8.52,0.75583,0.75393,0.70568,0.54448,48.349,40.043
"2024-04-08 10:30:00",286,12.7091,601,0,0.682,9.27,9.36,0.82069,0.82867,0.78873,0.61414,45.798,38.463
"2024-04-08 11:00:00",287,12.71162,601,0,0.707,9.66,9.64,0.85486,0.85355,0.82273,0.63753,45.43,38.506
"2024-04-08 11:30:00",288,12.7133,601,0,0.688,9.32,9.49,0.82516,0.84009,0.80731,0.63294,45.676,38.598
"2024-04-08 12:00:00",289,12.71582,601,0,0.718,9.87,9.7,0.87397,0.85837,0.83511,0.63505,44.287,38.442
"2024-04-08 12:30:00",290,12.7175,601,0,0.724,9.88,9.87,0.87457,0.87387,0.84035,0.6483,44.456,37.789
"2024-04-08 13:00:00",291,12.72254,601,0,0.744,10.09,10.22,0.89313,0.90465,0.88514,0.68834,43.209,36.953
"2024-04-08 13:30:00",292,12.72589,601,0,0.752,10.35,10.14,0.91627,0.89748,0.88069,0.66779,43.354,38.331
"2024-04-08 14:00:00",293,12.71582,601,0,0.752,10.38,10.1,0.91861,0.89433,0.87935,0.66528,44.066,37.811
"2024-04-08 14:30:00",294,12.72338,601,0,0.766,10.64,10.2,0.94155,0.90284,0.88989,0.6701,43.408,38.23
"2024-04-08 15:00:00",295,12.73093,601,0,0.741,10.42,9.7,0.92269,0.85871,0.83373,0.61042,44.87,38.612
"2024-04-08 15:30:00",296,12.73009,601,0,0.655,9.21,8.56,0.81541,0.75731,0.71963,0.51816,47.178,39.277
"2024-04-08 16:00:00",297,12.72505,601,0,0.576,7.96,7.74,0.70449,0.68464,0.62688,0.46323,49.034,39.337
"2024-04-08 16:30:00",298,12.72086,601,0,0.63,8.61,8.58,0.76231,0.75909,0.70019,0.52942,47.594,39.028
"2024-04-08 17:00:00",299,12.72589,601,0,0.701,9.75,9.33,0.86303,0.82598,0.79363,0.58984,45.458,39.052
"2024-04-08 17:30:00",300,12.72421,601,0,0.71,9.76,9.6,0.86405,0.84943,0.80316,0.60824,45.136,38.885
"2024-04-08 18:00:00",301,12.72421,601,0,0.706,9.87,9.31,0.87357,0.82363,0.78761,0.58414,45.204,38.95
"2024-04-08 18:30:00",302,12.72589,601,0,0.66,9.25,8.69,0.8191,0.76957,0.72402,0.52832,47.652,39.753
"2024-04-08 19:00:00",303,12.72254,601,0,0.573,8,7.58,0.70815,0.67092,0.62121,0.4489,49.137,39.336
"2024-04-08 19:30:00",304,12.7175,601,0,0.474,6.6,6.29,0.5843,0.55647,0.50432,0.36737,50.857,39.819
"2024-04-08 20:00:00",305,12.7175,601,0,0.382,5.19,5.23,0.45923,0.46248,0.39864,0.29678,51.966,39.96
"2024-04-08 20:30:00",306,12.71498,601,0,0.317,4.26,4.41,0.37688,0.3901,0.32134,0.2506,51.102,39.246
"2024-04-08 21:00:00",307,12.70994,601,0,0.266,3.5,3.81,0.3096,0.33685,0.26546,0.21606,52.648,39.405
"2024-04-08 21:30:00",308,12.71246,601,0,0.235,3.03,3.44,0.26859,0.30438,0.23101,0.19352,52.175,38.27
"2024-04-08 22:00:00",309,12.70155,601,0,0.217,2.79,3.2,0.24652,0.28365,0.20779,0.18095,52.283,38.632
"2024-04-08 22:30:00",310,12.70323,601,0,0.204,2.59,3.05,0.2291,0.27031,0.19146,0.17033,52.792,38.884
"2024-04-08 23:00:00",311,12.70155,601,0,0.192,2.42,2.89,0.2146,0.25543,0.18194,0.16341,51.684,38.027
"2024-04-08 23:30:00",312,12.69735,601,0,0.187,2.36,2.82,0.20888,0.24984,0.17341,0.15646,51.396,37.736
"2024-04-09 00:00:00",313,12.69903,601,0,0.182,2.31,2.73,0.20481,0.24152,0.1672,0.15296,51.998,37.776
"2024-04-09 00:30:00",314,12.70155,601,0,0.175,2.18,2.68,0.19308,0.23738,0.161,0.14949,51.028,37.78
"2024-04-09 01:00:00",315,12.70407,601,0,0.18,2.23,2.76,0.1972,0.24418,0.16296,0.15327,52.011,38.095
"2024-04-09 01:30:00",316,12.69651,601,0,0.184,2.3,2.78,0.20384,0.24626,0.17109,0.15327,51.246,38.249
"2024-04-09 02:00:00",317,12.69567,601,0,0.193,2.42,2.93,0.2146,0.25931,0.18233,0.1623,52.616,38.292
"2024-04-09 02:30:00",318,12.69819,601,0,0.213,2.7,3.18,0.23884,0.28164,0.2042,0.18162,52.5,38.024
"2024-04-09 03:00:00",319,12.6856,601,0,0.241,3.1,3.54,0.27433,0.313,0.23703,0.19972,52.601,38.948
"2024-04-09 03:30:00",320,12.69483,601,0,0.262,3.43,3.76,0.30374,0.33294,0.26072,0.2119,51.105,39.252
"2024-04-09 04:00:00",321,12.69232,601,0,0.273,3.63,3.85,0.32108,0.34078,0.27248,0.2202,51.452,38.216
"2024-04-09 04:30:00",322,12.69399,601,0,0.273,3.64,3.85,0.32258,0.3404,0.27366,0.21892,51.485,38.804
"2024-04-09 05:00:00",323,12.69651,601,0,0.266,3.49,3.8,0.30924,0.33644,0.26641,0.21559,51.56,37.911
"2024-04-09 05:30:00",324,12.69315,601,0,0.262,3.47,3.73,0.30728,0.3297,0.26274,0.2101,52.027,38.937
"2024-04-09 06:00:00",325,12.69232,601,0,0.256,3.37,3.67,0.29814,0.32494,0.2518,0.20843,52.094,38.437
"2024-04-09 06:30:00",326,12.69232,601,0,0.253,3.32,3.62,0.29356,0.32018,0.24762,0.20672,51.534,38.953
"2024-04-09 07:00:00",327,12.6814,601,0,0.278,3.68,3.93,0.32612,0.34798,0.28222,0.2248,52.253,38.441
"2024-04-09 07:30:00",328,12.69148,601,0,0.365,4.92,5.07,0.43562,0.4485,0.38013,0.29514,51.686,39.415
"2024-04-09 08:00:00",329,12.69064,601,0,0.466,6.37,6.34,0.56386,0.56092,0.5003,0.38019,51.606,39.752
"2024-04-09 08:30:00",330,12.68644,601,0,0.543,7.4,7.42,0.65536,0.65665,0.59376,0.45302,49.906,39.388
"2024-04-09 09:00:00",331,12.68812,601,0,0.623,8.52,8.49,0.75413,0.75173,0.69741,0.53266,48.106,39.54
"2024-04-09 09:30:00",332,12.69064,601,0,0.659,8.86,9.18,0.78397,0.81249,0.75659,0.59738,47.079,38.514
"2024-04-09 10:00:00",333,12.69064,601,0,0.722,9.92,9.77,0.87761,0.86499,0.83584,0.63792,44.612,38.098
"2024-04-09 10:30:00",334,12.6898,601,0,0.737,10.02,10.09,0.88664,0.89344,0.85911,0.66626,43.834,37.731
"2024-04-09 11:00:00",335,12.69567,601,0,0.763,10.33,10.53,0.91471,0.93157,0.90863,0.71127,42.182,37.002
"2024-04-09 11:30:00",336,12.68812,601,0,0.775,10.42,10.77,0.92257,0.95291,0.93281,0.73659,41.498,36.476
"2024-04-09 12:00:00",337,12.69735,601,0,0.798,10.75,11.08,0.95103,0.98028,0.96303,0.75811,39.865,35.662
"2024-04-09 12:30:00",338,12.69819,601,0,0.805,10.81,11.23,0.95713,0.99388,0.98662,0.78431,39.562,35.512
"2024-04-09 13:00:00",339,12.70239,601,0,1.751,33.25,11.42,0.9604,1.01115,1.00485,0.80327,38.787,34.995
"2024-04-09 13:30:00",340,12.69651,601,0,1.837,35.22,11.54,0.95749,1.02109,1.01771,0.81966,37.852,34.622
"2024-04-09 14:00:00",341,12.70659,601,0,1.78,33.88,11.49,0.96673,1.01654,1.01742,0.81287,38.487,34.846
"2024-04-09 14:30:00",342,12.70491,601,0,1.769,33.62,11.48,0.99077,1.01612,1.02367,0.80609,38.625,35.244
"2024-04-09 15:00:00",343,12.70827,601,0,1.722,32.56,11.42,0.97755,1.01035,1.00084,0.79305,39.133,35.189
"2024-04-09 15:30:00",344,12.70827,601,0,0.816,10.97,11.34,0.97055,1.00345,0.98415,0.77533,40.274,35.405
"2024-04-09 16:00:00",345,12.69987,601,0,0.801,10.77,11.14,0.95291,0.98628,0.96385,0.75713,40.357,35.592
"2024-04-09 16:30:00",346,12.70743,601,0,0.804,11.06,10.86,0.97873,0.96105,0.94608,0.72711,41.63,36.2
"2024-04-09 17:00:00",347,12.71078,601,0,0.751,10.33,10.13,0.91471,0.89633,0.86859,0.65885,43.577,37.737
"2024-04-09 17:30:00",348,12.70743,601,0,0.722,9.99,9.66,0.88461,0.85491,0.81874,0.61776,44.867,38.204
"2024-04-09 18:00:00",349,12.70491,601,0,0.698,9.64,9.37,0.85363,0.82899,0.7871,0.59276,46.012,38.529
"2024-04-09 18:30:00",350,12.70407,601,0,0.667,9.26,8.89,0.81979,0.78681,0.74275,0.55388,46.838,39.2
"2024-04-09 19:00:00",351,12.70407,601,0,0.581,8.1,7.7,0.71655,0.68122,0.63151,0.46572,48.995,39.201
"2024-04-09 19:30:00",352,12.69399,601,0,0.496,6.88,6.61,0.60874,0.58494,0.52491,0.39048,49.777,39.42
"2024-04-09 20:00:00",353,12.69903,601,0,0.418,5.7,5.71,0.50428,0.50528,0.4379,0.33086,50.554,39.221
"2024-04-09 20:30:00",354,12.69232,601,0,0.37,5.04,5.05,0.44594,0.4471,0.38311,0.2893,52.003,39.438
"2024-04-09 21:00:00",355,12.69315,601,0,0.33,4.41,4.64,0.39057,0.41025,0.33538,0.26615,51.525,38.448
"2024-04-09 21:30:00",356,12.68476,601,0,0.302,3.99,4.29,0.35316,0.37962,0.3051,0.24942,52.148,39.326
"2024-04-09 22:00:00",357,12.69232,601,0,0.292,3.83,4.18,0.33915,0.37008,0.29434,0.2365,52.382,38.334
"2024-04-09 22:30:00",358,12.69064,601,0,0.288,3.81,4.09,0.3368,0.3623,0.28704,0.23361,52.588,38.949
"2024-04-09 23:00:00",359,12.6898,601,0,0.279,3.66,3.99,0.32376,0.35358,0.27733,0.22695,51.375,38.401
"2024-04-09 23:30:00",360,12.68728,601,0,0.272,3.6,3.87,0.3187,0.34284,0.27238,0.21978,50.227,39.049
"2024-04-10 00:00:00",361,12.68476,601,0,0.267,3.52,3.82,0.31136,0.33804,0.26331,0.21636,51.566,38.186
"2024-04-10 00:30:00",362,12.68392,601,0,0.264,3.44,3.81,0.30481,0.33685,0.25957,0.21302,51.558,38.332
"2024-04-10 01:00:00",363,12.68224,601,0,0.26,3.4,3.74,0.30078,0.33124,0.25662,0.21471,52.676,38.63
"2024-04-10 01:30:00",364,12.67049,601,0,0.259,3.41,3.69,0.30216,0.32648,0.25719,0.21089,50.943,38.38
"2024-04-10 02:00:00",365,12.67637,601,0,0.256,3.34,3.7,0.29557,0.32726,0.25344,0.20962,51.575,38.751
"2024-04-10 02:30:00",366,12.67804,601,0,0.248,3.24,3.59,0.28703,0.31769,0.24112,0.20201,51.989,38.757
"2024-04-10 03:00:00",367,12.67721,601,0,0.243,3.15,3.54,0.2784,0.31364,0.23736,0.20066,51.777,37.984
"2024-04-10 03:30:00",368,12.66797,601,0,0.238,3.06,3.49,0.27117,0.30886,0.2312,0.19684,51.733,38.5
"2024-04-10 04:00:00",369,12.67217,601,0,0.235,3.04,3.44,0.26918,0.30476,0.22934,0.19549,52.352,38.299
"2024-04-10 04:30:00",370,12.66293,601,0,0.236,3.05,3.44,0.26976,0.30476,0.22742,0.1934,51.837,38.605
"2024-04-10 05:00:00",371,12.67217,601,0,0.232,3.03,3.36,0.26778,0.29722,0.22549,0.18956,51.884,38.243
"2024-04-10 05:30:00",372,12.66881,601,0,0.231,3,3.37,0.26518,0.29866,0.22789,0.19028,51.957,38.463
"2024-04-10 06:00:00",373,12.66881,601,0,0.232,2.99,3.39,0.26456,0.29996,0.22506,0.18999,51.992,38.913
"2024-04-10 06:30:00",374,12.67049,601,0,0.234,3.02,3.41,0.26716,0.30202,0.22506,0.1934,52.385,38.488
"2024-04-10 07:00:00",375,12.66545,601,0,0.269,3.53,3.87,0.3128,0.34248,0.26499,0.21762,51.991,38.758
"2024-04-10 07:30:00",376,12.66293,601,0,0.388,5.26,5.35,0.46526,0.47338,0.40457,0.30711,51.935,39.936
"2024-04-10 08:00:00",377,12.65706,601,0,0.503,6.89,6.84,0.60982,0.60499,0.53876,0.4077,49.994,40.198
"2024-04-10 08:30:00",378,12.66545,601,0,0.549,7.57,7.39,0.67,0.65378,0.59428,0.44658,49.419,39.317
"2024-04-10 09:00:00",379,12.6621,601,0,0.584,7.98,7.95,0.70616,0.70336,0.63944,0.486,49.35,39.404
"2024-04-10 09:30:00",380,12.66293,601,0,0.656,9,8.87,0.79615,0.78545,0.72969,0.55152,46.654,39.319
"2024-04-10 10:00:00",381,12.66293,601,0,0.682,9.39,9.19,0.831,0.81381,0.76452,0.57504,46.179,38.952
"2024-04-10 10:30:00",382,12.66377,601,0,0.705,9.49,9.79,0.84023,0.86681,0.81123,0.63742,45.531,38.462
"2024-04-10 11:00:00",383,12.6621,601,0,0.777,10.43,10.83,0.92346,0.95841,0.92785,0.74071,40.97,35.949
"2024-04-10 11:30:00",384,12.66461,601,0,0.794,10.7,11,0.94721,0.97326,0.94099,0.73713,41.242,36.628
"2024-04-10 12:00:00",385,12.66461,601,0,0.794,10.78,10.92,0.95393,0.96627,0.94354,0.73951,41.95,37.904
"2024-04-10 12:30:00",386,12.66461,601,0,0.78,10.33,11.05,0.91469,0.97811,0.95025,0.76229,40.452,35.841
"2024-04-10 13:00:00",387,12.66965,601,0,0.795,10.6,11.19,0.93845,0.99011,0.98621,0.79415,39.152,35.364
"2024-04-10 13:30:00",388,12.67133,601,0,1.742,33.02,11.42,1.01115,1.01115,1.01728,0.79745,38.922,34.874
"2024-04-10 14:00:00",389,12.66713,601,0,1.782,33.95,11.48,0.97967,1.01573,1.01596,0.81003,38.446,35.065
"2024-04-10 14:30:00",390,12.67217,601,0,1.742,33,11.45,1.01033,1.01369,1.01856,0.79539,38.924,35.388
"2024-04-10 15:00:00",391,12.66377,601,0,1.714,32.32,11.48,1.03195,1.01573,1.00969,0.77959,39.261,35.729
"2024-04-10 15:30:00",392,12.66377,601,0,0.798,10.95,10.81,0.96951,0.95647,0.92886,0.70918,41.834,36.404
"2024-04-10 16:00:00",393,12.67217,601,0,0.759,10.36,10.34,0.91707,0.91549,0.86932,0.67206,43.417,37.425
"2024-04-10 16:30:00",394,12.67385,601,0,0.769,10.63,10.32,0.94075,0.91299,0.88062,0.66583,42.865,37.433
"2024-04-10 17:00:00",395,12.67049,601,0,0.723,9.98,9.71,0.88321,0.85943,0.8196,0.6131,45.386,37.751
"2024-04-10 17:30:00",396,12.66881,601,0,0.697,9.62,9.35,0.85105,0.82759,0.78255,0.58778,46.311,38.831
"2024-04-10 18:00:00",397,12.66377,601,0,0.676,9.36,9.03,0.82853,0.79885,0.74927,0.5603,46.259,38.368
"2024-04-10 18:30:00",398,12.67133,601,0,0.585,8.1,7.81,0.71673,0.69145,0.63544,0.47058,48.896,39.361
"2024-04-10 19:00:00",399,12.66965,601,0,0.472,6.49,6.39,0.57418,0.56599,0.50156,0.3798,49.852,39.501
"2024-04-10 19:30:00",400,12.6621,601,0,0.388,5.28,5.31,0.46776,0.46996,0.40024,0.30549,51.605,39.2
"2024-04-10 20:00:00",401,12.6621,601,0,0.323,4.3,4.54,0.3808,0.40152,0.3271,0.25772,51.957,38.477
"2024-04-10 20:30:00",402,12.66042,601,0,0.285,3.77,4.06,0.3341,0.35951,0.28026,0.22908,50.788,38.638
"2024-04-10 21:00:00",403,12.65874,601,0,0.256,3.34,3.7,0.29577,0.32713,0.24965,0.20737,50.947,38.131
"2024-04-10 21:30:00",404,12.65286,601,0,0.229,2.91,3.41,0.25746,0.30152,0.21734,0.19277,51.66,38.18
"2024-04-10 22:00:00",405,12.64699,601,0,0.205,2.57,3.1,0.22724,0.27452,0.19054,0.17426,52.488,38.03
"2024-04-10 22:30:00",406,12.65202,601,0,0.193,2.36,2.99,0.20874,0.26426,0.17762,0.1645,51.06,37.674
"2024-04-10 23:00:00",407,12.6495,601,0,0.184,2.26,2.86,0.20044,0.25314,0.1654,0.15918,51.316,37.827
"2024-04-10 23:30:00",408,12.65034,601,0,0.177,2.16,2.76,0.1916,0.24407,0.15947,0.14998,51.772,38.286
"2024-04-11 00:00:00",409,12.64531,601,0,0.17,2.05,2.69,0.18104,0.23804,0.15019,0.1479,51.361,37.879
"2024-04-11 00:30:00",410,12.64363,601,0,0.17,2.05,2.68,0.18148,0.23748,0.1545,0.14968,51.266,38.037
"2024-04-11 01:00:00",411,12.64195,601,0,0.169,2.06,2.62,0.18233,0.23168,0.14882,0.14642,52.097,37.376
"2024-04-11 01:30:00",412,12.64195,601,0,0.171,2.09,2.67,0.1853,0.23652,0.15114,0.14818,51.423,38.601
"2024-04-11 02:00:00",413,12.63859,601,0,0.172,2.09,2.7,0.18485,0.2392,0.15313,0.15026,50.995,37.923
"2024-04-11 02:30:00",414,12.63691,601,0,0.171,2.1,2.65,0.18568,0.23497,0.1538,0.14851,51.408,37.513
"2024-04-11 03:00:00",415,12.63691,601,0,0.17,2.06,2.68,0.18191,0.2371,0.15512,0.14669,51.761,37.563
"2024-04-11 03:30:00",416,12.63607,601,0,0.172,2.1,2.67,0.1861,0.23596,0.15678,0.14998,51.577,37.937
"2024-04-11 04:00:00",417,12.63104,601,0,0.174,2.11,2.73,0.18652,0.24132,0.15712,0.14851,51.989,37.118
"2024-04-11 04:30:00",418,12.63523,601,0,0.175,2.15,2.72,0.18994,0.24076,0.15982,0.15026,52.42,38.376
"2024-04-11 05:00:00",419,12.6302,601,0,0.175,2.16,2.68,0.1908,0.23764,0.16086,0.14696,51.144,38.074
"2024-04-11 05:30:00",420,12.62348,601,0,0.166,2.02,2.58,0.17892,0.22798,0.14746,0.14308,51.46,37.976
"2024-04-11 06:00:00",421,12.626,601,0,0.16,1.94,2.5,0.1717,0.22097,0.14104,0.13738,51.007,37.626
"2024-04-11 06:30:00",422,12.62348,601,0,0.155,1.85,2.47,0.16413,0.2183,0.1341,0.13558,51.581,37.784
"2024-04-11 07:00:00",423,12.6218,601,0,0.161,1.95,2.54,0.17262,0.22473,0.14476,0.13892,50.906,38.497
"2024-04-11 07:30:00",424,12.62936,601,0,0.195,2.45,2.93,0.21646,0.25943,0.18274,0.16334,51.779,37.984
"2024-04-11 08:00:00",425,12.62432,601,0,0.217,2.76,3.22,0.24411,0.28494,0.20732,0.18199,52.356,38.707
"2024-04-11 08:30:00",426,12.61509,601,0,0.248,3.21,3.63,0.2844,0.32121,0.24542,0.20779,52.848,39.467
"2024-04-11 09:00:00",427,12.6218,601,0,0.297,3.94,4.21,0.3491,0.37273,0.30291,0.2439,52.094,39.427
"2024-04-11 09:30:00",428,12.62516,601,0,0.328,4.39,4.58,0.3886,0.40544,0.33788,0.26416,53.716,38.849
"2024-04-11 10:00:00",429,12.62264,601,0,0.356,4.8,4.95,0.4251,0.43844,0.37084,0.28934,53.057,39.159
"2024-04-11 10:30:00",430,12.62264,601,0,0.382,5.21,5.21,0.46122,0.46096,0.40197,0.30563,51.892,40.299
"2024-04-11 11:00:00",431,12.62348,601,0,0.374,5.09,5.13,0.45039,0.45386,0.39594,0.29962,52.181,39.359
"2024-04-11 11:30:00",432,12.6218,601,0,0.414,5.59,5.73,0.49518,0.50718,0.44604,0.3402,52.05,38.819
"2024-04-11 12:00:00",433,12.62348,601,0,0.437,6.06,5.84,0.53666,0.517,0.46521,0.34658,51.19,40.004
"2024-04-11 12:30:00",434,12.62264,601,0,0.389,5.3,5.32,0.46888,0.47076,0.41242,0.3104,51.169,39.167
"2024-04-11 13:00:00",435,12.62348,601,0,0.35,4.75,4.81,0.42074,0.4259,0.36335,0.27836,51.636,39.222
"2024-04-11 13:30:00",436,12.62432,601,0,0.316,4.22,4.45,0.37381,0.3938,0.3261,0.25873,50.525,37.967
"2024-04-11 14:00:00",437,12.62348,601,0,0.327,4.37,4.59,0.38642,0.40643,0.33537,0.262,51.373,41.014
"2024-04-11 14:30:00",438,12.62432,601,0,0.308,4.14,4.28,0.36641,0.37916,0.31463,0.24438,53.643,38.768
"2024-04-11 15:00:00",439,12.62348,601,0,0.339,4.46,4.84,0.3945,0.42859,0.34844,0.27738,52.184,40.595
"2024-04-11 15:30:00",440,12.61341,601,0,0.394,5.36,5.4,0.47476,0.47828,0.41936,0.32126,52.339,38.85
"2024-04-11 16:00:00",441,12.62264,601,0,0.405,5.46,5.6,0.48327,0.49549,0.42765,0.32703,52.688,38.899
"2024-04-11 16:30:00",442,12.61173,601,0,0.462,6.36,6.23,0.56314,0.55152,0.4961,0.37214,49.702,39.606
"2024-04-11 17:00:00",443,12.62348,601,0,0.483,6.69,6.47,0.59242,0.57232,0.51964,0.38348,50.118,39.355
"2024-04-11 17:30:00",444,12.62264,601,0,0.432,5.96,5.8,0.52794,0.51328,0.4571,0.33834,51.251,38.842
"2024-04-11 18:00:00",445,12.62264,601,0,0.37,5.08,5.01,0.44954,0.44314,0.38586,0.2915,51.259,38.439
"2024-04-11 18:30:00",446,12.62012,601,0,0.32,4.27,4.51,0.37812,0.39956,0.3314,0.25918,51.767,39.36
"2024-04-11 19:00:00",447,12.61761,601,0,0.326,4.43,4.46,0.39176,0.39456,0.33498,0.25351,51.194,40.017
"2024-04-11 19:30:00",448,12.61677,601,0,0.283,3.74,4.02,0.33124,0.35608,0.2839,0.22742,50.552,37.321
"2024-04-11 20:00:00",449,12.61425,601,0,0.254,3.31,3.66,0.29306,0.32381,0.2502,0.20682,52.457,39.635
"2024-04-11 20:30:00",450,12.60669,601,0,0.227,2.95,3.3,0.26153,0.2918,0.22216,0.18794,52.867,38.147
"2024-04-11 21:00:00",451,12.61257,601,0,0.203,2.57,3.05,0.2273,0.27036,0.1926,0.16752,52.329,38.283
"2024-04-11 21:30:00",452,12.6025,601,0,0.179,2.2,2.76,0.19463,0.24407,0.16686,0.15622,50.994,37.512
"2024-04-11 22:00:00",453,12.60921,601,0,0.161,1.95,2.53,0.17289,0.2237,0.14196,0.13764,50.453,38.037
"2024-04-11 22:30:00",454,12.61005,601,0,0.138,1.61,2.24,0.14276,0.19804,0.11876,0.12369,50.38,37.306
"2024-04-11 23:00:00",455,12.60837,601,0,0.135,1.56,2.23,0.13814,0.1971,0.11674,0.12162,53.711,39.664
"2024-04-11 23:30:00",456,12.61005,601,0,0.109,1.18,1.9,0.10487,0.16841,0.08607,0.10229,53.549,37.302
"2024-04-12 00:00:00",457,12.60921,601,0,0.11,1.21,1.89,0.10728,0.16745,0.08736,0.10087,53.565,35.569
"2024-04-12 00:30:00",458,12.60417,601,0,0.094,0.97,1.7,0.08598,0.15082,0.06762,0.09327,50.596,36.137
"2024-04-12 01:00:00",459,12.60669,601,0,0.091,0.95,1.62,0.08375,0.14376,0.06778,0.09136,51.473,36.19
"2024-04-12 01:30:00",460,12.60166,601,0,0.094,0.98,1.68,0.08656,0.14893,0.06583,0.0936,53.675,36.906
"2024-04-12 02:00:00",461,12.60333,601,0,0.057,0.44,1.24,0.03894,0.1096,0.02598,0.06614,50.394,37.829
"2024-04-12 02:30:00",462,12.60333,601,0,0.068,0.61,1.36,0.05443,0.12061,0.03762,0.07232,52.145,37.015
"2024-04-12 03:00:00",463,12.60333,601,0,0.064,0.53,1.34,0.04705,0.11894,0.03312,0.06666,51.586,37.789
"2024-04-12 03:30:00",464,12.60166,601,0,0.059,0.45,1.28,0.03966,0.1135,0.02628,0.06858,51.566,36.269
"2024-04-12 04:00:00",465,12.59998,601,0,0.057,0.45,1.23,0.03993,0.10866,0.02641,0.06655,50.823,36.923
"2024-04-12 04:30:00",466,12.59914,601,0,0.05,0.34,1.15,0.03046,0.1015,0.01762,0.06072,50.151,37.174
"2024-04-12 05:00:00",467,12.5899,601,0,0.049,0.29,1.18,0.02586,0.10406,0.0154,0.06084,51.509,36.882
"2024-04-12 05:30:00",468,12.59578,601,0,0.045,0.24,1.1,0.02112,0.09692,0.01104,0.057,51.985,37.354
"2024-04-12 06:00:00",469,12.59494,601,0,0.047,0.27,1.15,0.02352,0.10174,0.0132,0.05895,50.544,37.301
"2024-04-12 06:30:00",470,12.59074,601,0,0.044,0.24,1.07,0.02105,0.09437,0.01318,0.05501,51.308,37.812
"2024-04-12 07:00:00",471,12.59494,601,0,0.06,0.47,1.28,0.04192,0.11294,0.03294,0.06843,50.475,36.828
"2024-04-12 07:30:00",472,12.59326,601,0,0.093,0.96,1.68,0.08539,0.14858,0.0673,0.0936,50.99,36.777
"2024-04-12 08:00:00",473,12.59746,601,0,0.251,3.25,3.67,0.28766,0.32524,0.24702,0.20779,51.405,37.495
"2024-04-12 08:30:00",474,12.58067,601,0,0.365,4.94,5.04,0.43685,0.44652,0.38178,0.29642,52.174,39.347
"2024-04-12 09:00:00",475,12.59326,601,0,0.447,6.18,6,0.54707,0.53138,0.47474,0.34911,52.205,39.64
"2024-04-12 09:30:00",476,12.5899,601,0,0.45,6.18,6.08,0.54684,0.53822,0.48008,0.3573,50.828,39.235
"2024-04-12 10:00:00",477,12.59578,601,0,0.53,7.24,7.21,0.64048,0.63814,0.57314,0.42882,50.208,40.103
"2024-04-12 10:30:00",478,12.58906,601,0,0.639,8.82,8.59,0.78057,0.75993,0.70209,0.52488,47.288,38.979
"2024-04-12 11:00:00",479,12.58906,601,0,0.705,9.66,9.57,0.85535,0.84727,0.80035,0.60199,45.654,38.162
"2024-04-12 11:30:00",480,12.59158,601,0,0.745,10.16,10.17,0.89881,0.90005,0.8505,0.66062,43.843,39.071
"2024-04-12 12:00:00",481,12.5899,601,0,0.769,10.41,10.6,0.92113,0.93789,0.89458,0.69689,43.272,37.016
"2024-04-12 12:30:00",482,12.59242,601,0,0.782,10.64,10.71,0.94149,0.948,0.92153,0.71541,42.389,36.954
"2024-04-12 13:00:00",483,12.59494,601,0,0.784,10.71,10.68,0.94814,0.94542,0.92485,0.71155,43.09,38.065
"2024-04-12 13:30:00",484,12.59326,601,0,0.77,10.35,10.7,0.91627,0.94701,0.91042,0.71161,42.272,36.582
"2024-04-12 14:00:00",485,12.59578,601,0,0.782,10.68,10.66,0.94492,0.94375,0.9183,0.70918,41.644,36.775
"2024-04-12 14:30:00",486,12.59662,601,0,0.802,11.12,10.7,0.98413,0.94729,0.93309,0.70551,41.764,36.893
"2024-04-12 15:00:00",487,12.59662,601,0,0.765,10.49,10.37,0.92838,0.91792,0.89057,0.67948,43.636,37.387
"2024-04-12 15:30:00",488,12.58823,601,0,0.745,10.21,10.11,0.9035,0.89507,0.86198,0.64813,44.357,37.697
"2024-04-12 16:00:00",489,12.60166,601,0,0.741,10.24,9.95,0.90588,0.88045,0.84133,0.63298,44.356,37.846
"2024-04-12 16:30:00",490,12.59746,601,0,0.718,9.93,9.62,0.87899,0.85175,0.81058,0.60747,45.527,37.23
"2024-04-12 17:00:00",491,12.59662,601,0,0.678,9.4,9.05,0.83175,0.80129,0.75233,0.56232,47.183,38.881
"2024-04-12 17:30:00",492,12.58823,601,0,0.632,8.78,8.43,0.77728,0.74585,0.69315,0.50849,48.561,40.26
"2024-04-12 18:00:00",493,12.58571,601,0,0.59,8.24,7.79,0.72958,0.68967,0.64169,0.46538,48.881,39.094
"2024-04-12 18:30:00",494,12.59158,601,0,0.506,7.07,6.68,0.62618,0.59108,0.5364,0.38422,50.553,38.963
"2024-04-12 19:00:00",495,12.59242,601,0,0.42,5.79,5.64,0.51204,0.49952,0.4414,0.32182,50.754,39.319
"2024-04-12 19:30:00",496,12.5899,601,0,0.363,4.97,4.92,0.43945,0.43512,0.37273,0.27945,51.318,39.062
"2024-04-12 20:00:00",497,12.58487,601,0,0.305,4.12,4.21,0.36508,0.37285,0.31082,0.23592,51.68,38.859
"2024-04-12 20:30:00",498,12.57899,601,0,0.258,3.36,3.72,0.29778,0.32949,0.25267,0.20472,51.736,38.915
"2024-04-12 21:00:00",499,12.58235,601,0,0.225,2.91,3.28,0.25746,0.29044,0.22024,0.18022,52.416,39.436
"2024-04-12 21:30:00",500,12.58235,601,0,0.208,2.66,3.06,0.23514,0.271,0.19738,0.16931,51.767,38.524
"2024-04-12 22:00:00",501,12.57899,601,0,0.193,2.42,2.93,0.21379,0.25918,0.17757,0.16158,52.874,37.587
"2024-04-12 22:30:00",502,12.57647,601,0,0.177,2.17,2.74,0.1925,0.24254,0.16016,0.15056,51.862,38.212
"2024-04-12 23:00:00",503,12.56556,601,0,0.169,2.07,2.63,0.18358,0.23282,0.15178,0.14491,53.162,37.471
"2024-04-12 23:30:00",504,12.57479,601,0,0.16,1.95,2.48,0.17254,0.21936,0.13934,0.13558,51.655,38.008
"2024-04-13 00:00:00",505,12.57395,601,0,0.153,1.85,2.4,0.16355,0.21233,0.13293,0.1278,52.224,38.161
"2024-04-13 00:30:00",506,12.57312,601,0,0.148,1.78,2.35,0.15742,0.20796,0.12913,0.13014,51.605,37.137
"2024-04-13 01:00:00",507,12.56724,601,0,0.143,1.69,2.29,0.14946,0.20309,0.12009,0.1205,51.491,37.585
"2024-04-13 01:30:00",508,12.56808,601,0,0.135,1.6,2.17,0.14192,0.19242,0.1175,0.1182,52.625,38.001
"2024-04-13 02:00:00",509,12.55717,601,0,0.129,1.47,2.15,0.13011,0.19068,0.10466,0.11458,50.353,36.966
"2024-04-13 02:30:00",510,12.55801,601,0,0.129,1.49,2.13,0.13162,0.1885,0.10532,0.11478,51.185,36.874
"2024-04-13 03:00:00",511,12.56472,601,0,0.125,1.48,2.02,0.13103,0.17878,0.10488,0.10905,51.815,37.342
"2024-04-13 03:30:00",512,12.5622,601,0,0.124,1.43,2.05,0.12632,0.18142,0.0984,0.10905,52.253,37.375
"2024-04-13 04:00:00",513,12.55801,601,0,0.122,1.43,1.99,0.12632,0.17656,0.10073,0.10515,51.975,37.092
"2024-04-13 04:30:00",514,12.55801,601,0,0.115,1.32,1.91,0.11692,0.16948,0.09402,0.10142,51.709,36.161
"2024-04-13 05:00:00",515,12.54709,601,0,0.119,1.35,2,0.11941,0.17696,0.09863,0.10532,52.254,37.775
"2024-04-13 05:30:00",516,12.55465,601,0,0.112,1.27,1.88,0.11197,0.1668,0.08966,0.10142,51.459,37.397
"2024-04-13 06:00:00",517,12.54877,601,0,0.112,1.27,1.88,0.11197,0.1668,0.08756,0.09956,51.927,37.044
"2024-04-13 06:30:00",518,12.55129,601,0,0.111,1.24,1.88,0.11004,0.1668,0.08778,0.09755,51.514,37.294
"2024-04-13 07:00:00",519,12.54206,601,0,0.14,1.68,2.23,0.14876,0.19779,0.12419,0.12078,51.915,37.7
"2024-04-13 07:30:00",520,12.54961,601,0,0.236,3.05,3.44,0.27031,0.30432,0.22894,0.18866,52.182,37.865
"2024-04-13 08:00:00",521,12.54961,601,0,0.338,4.53,4.71,0.40075,0.41722,0.34874,0.27116,52.634,39.656
"2024-04-13 08:30:00",522,12.54877,601,0,0.44,6.01,6,0.53168,0.53062,0.46928,0.34972,51.515,39.763
"2024-04-13 09:00:00",523,12.54793,601,0,0.515,7.14,6.89,0.63181,0.60941,0.55602,0.40921,50.566,39.383
"2024-04-13 09:30:00",524,12.54877,601,0,0.557,7.56,7.66,0.6693,0.67799,0.61542,0.47202,50.394,39.623
"2024-04-13 10:00:00",525,12.54793,601,0,0.627,8.6,8.51,0.76095,0.75333,0.69751,0.53034,49.053,38.029
"2024-04-13 10:30:00",526,12.55045,601,0,0.69,9.41,9.43,0.83259,0.83473,0.78093,0.59732,44.585,39.408
"2024-04-13 11:00:00",527,12.54961,601,0,0.724,9.89,9.87,0.87518,0.87386,0.83196,0.63684,44.432,38.59
"2024-04-13 11:30:00",528,12.55129,601,0,0.748,10.21,10.19,0.90371,0.90181,0.87307,0.67196,44.599,36.7
"2024-04-13 12:00:00",529,12.55381,601,0,0.749,10.09,10.38,0.89277,0.91871,0.87652,0.68821,43.3,37.046
"2024-04-13 12:30:00",530,12.54625,601,0,0.754,10.21,10.39,0.9036,0.91957,0.89144,0.69566,43.037,37.348
"2024-04-13 13:00:00",531,12.55801,601,0,0.771,10.5,10.56,0.92919,0.93445,0.9117,0.70671,42.608,36.357
"2024-04-13 13:30:00",532,12.56052,601,0,0.768,10.43,10.56,0.92351,0.93445,0.90646,0.70551,42.712,36.872
"2024-04-13 14:00:00",533,12.55129,601,0,0.775,10.66,10.47,0.94329,0.927,0.90633,0.6919,42.306,37.696
"2024-04-13 14:30:00",534,12.55968,601,0,0.765,10.49,10.38,0.92838,0.91878,0.88729,0.67698,43.901,37.652
"2024-04-13 15:00:00",535,12.5622,601,0,0.741,10.11,10.12,0.89505,0.896,0.86127,0.66077,43.677,37.427
"2024-04-13 15:30:00",536,12.56388,601,0,0.75,10.34,10.08,0.91548,0.89179,0.85597,0.64315,43.436,38.261
"2024-04-13 16:00:00",537,12.56136,601,0,0.726,10.03,9.75,0.88775,0.86293,0.82489,0.61644,45.128,38.212
"2024-04-13 16:30:00",538,12.55465,601,0,0.703,9.73,9.4,0.86137,0.83239,0.79381,0.59206,45.654,38.017
"2024-04-13 17:00:00",539,12.56136,601,0,0.673,9.3,9.02,0.82322,0.79791,0.74816,0.55551,46.803,38.661
"2024-04-13 17:30:00",540,12.55381,601,0,0.64,8.88,8.55,0.78581,0.75651,0.70657,0.52116,49.171,39.079
"2024-04-13 18:00:00",541,12.55633,601,0,0.594,8.28,7.87,0.73245,0.69665,0.64812,0.47405,48.723,39.447
"2024-04-13 18:30:00",542,12.56136,601,0,0.534,7.46,7.07,0.66063,0.62545,0.57343,0.42134,48.975,39.443
"2024-04-13 19:00:00",543,12.55968,601,0,0.456,6.31,6.09,0.5587,0.53924,0.4823,0.34948,50.337,39.568
"2024-04-13 19:30:00",544,12.55549,601,0,0.381,5.23,5.17,0.46316,0.45725,0.39565,0.29098,50.558,38.711
"2024-04-13 20:00:00",545,12.55633,601,0,0.318,4.27,4.42,0.3781,0.39145,0.32054,0.24673,51.445,39.031
"2024-04-13 20:30:00",546,12.55129,601,0,0.275,3.66,3.86,0.32354,0.34142,0.2693,0.21016,51.813,38.729
"2024-04-13 21:00:00",547,12.54206,601,0,0.238,3.09,3.45,0.27322,0.30538,0.22854,0.18976,51.417,38.328
"2024-04-13 21:30:00",548,12.5387,601,0,0.217,2.81,3.15,0.24828,0.27916,0.20534,0.17094,51.765,38.115
"2024-04-13 22:00:00",549,12.53366,601,0,0.199,2.52,2.98,0.22262,0.26365,0.18233,0.1592,51.355,38.272
"2024-04-13 22:30:00",550,12.53534,601,0,0.187,2.35,2.82,0.20828,0.24944,0.16946,0.14992,51.135,37.488
"2024-04-13 23:00:00",551,12.53702,601,0,0.171,2.1,2.63,0.18622,0.23247,0.15178,0.14058,51.559,38.318
"2024-04-13 23:30:00",552,12.53534,601,0,0.163,2,2.52,0.17714,0.22312,0.14528,0.13508,51.834,37.099
"2024-04-14 00:00:00",553,12.52862,601,0,0.156,1.87,2.47,0.16524,0.21869,0.13859,0.13113,51.368,37.459
"2024-04-14 00:30:00",554,12.52611,601,0,0.149,1.79,2.35,0.15822,0.20814,0.12961,0.1269,51.489,37.676
"2024-04-14 01:00:00",555,12.52359,601,0,0.143,1.68,2.3,0.14858,0.20313,0.1207,0.12319,51.385,37.725
"2024-04-14 01:30:00",556,12.52107,601,0,0.141,1.67,2.26,0.14786,0.19988,0.12012,0.11895,52.014,37.531
"2024-04-14 02:00:00",557,12.51519,601,0,0.138,1.65,2.2,0.14566,0.19446,0.11592,0.11845,51.429,37.517
"2024-04-14 02:30:00",558,12.51603,601,0,0.13,1.5,2.15,0.1332,0.18996,0.10887,0.11286,51.027,38.19
"2024-04-14 03:00:00",559,12.50596,601,0,0.125,1.42,2.09,0.12588,0.185,0.1023,0.11078,51.739,37.004
"2024-04-14 03:30:00",560,12.51184,601,0,0.127,1.46,2.09,0.129,0.185,0.10041,0.11078,51.178,37.927
"2024-04-14 04:00:00",561,12.50932,601,0,0.124,1.44,2.04,0.12743,0.1805,0.10087,0.10934,50.84,37.435
"2024-04-14 04:30:00",562,12.50848,601,0,0.119,1.37,1.95,0.12112,0.17242,0.09548,0.10304,51.444,36.96
"2024-04-14 05:00:00",563,12.50596,601,0,0.115,1.29,1.95,0.11438,0.17242,0.08912,0.10112,50.77,36.957
"2024-04-14 05:30:00",564,12.50932,601,0,0.116,1.32,1.92,0.11722,0.17015,0.09614,0.10112,51.246,37.019
"2024-04-14 06:00:00",565,12.50512,601,0,0.112,1.26,1.89,0.1119,0.16745,0.08698,0.09718,52.02,37.38
"2024-04-14 06:30:00",566,12.50176,601,0,0.113,1.3,1.88,0.11522,0.16602,0.09209,0.09778,51.808,37.476
"2024-04-14 07:00:00",567,12.5026,601,0,0.129,1.5,2.1,0.1332,0.18592,0.10934,0.1119,51.437,37.624
"2024-04-14 07:30:00",568,12.50092,601,0,0.252,3.27,3.65,0.28906,0.32317,0.25074,0.20245,52.83,38.76
"2024-04-14 08:00:00",569,12.49841,601,0,0.377,5.06,5.27,0.44827,0.46654,0.39486,0.30216,52.626,39.121
"2024-04-14 08:30:00",570,12.50176,601,0,0.483,6.53,6.67,0.57822,0.59064,0.52657,0.40392,51.417,40.074
"2024-04-14 09:00:00",571,12.48917,601,0,0.571,7.78,7.81,0.6882,0.69142,0.63514,0.48498,50.376,40.164
"2024-04-14 09:30:00",572,12.50176,601,0,0.631,8.59,8.63,0.76051,0.76353,0.72379,0.55892,47.171,39.683
"2024-04-14 10:00:00",573,12.50764,601,0,0.663,8.87,9.27,0.78528,0.82081,0.77127,0.60814,45.405,39.153
"2024-04-14 10:30:00",574,12.50848,601,0,0.711,9.64,9.79,0.85319,0.86623,0.83085,0.64368,44.488,37.976
"2024-04-14 11:00:00",575,12.51352,601,0,0.73,9.89,10.07,0.87548,0.89107,0.86281,0.67551,43.76,37.763
"2024-04-14 11:30:00",576,12.52107,601,0,0.725,9.82,9.98,0.86917,0.88331,0.85859,0.66796,43.547,38.525
"2024-04-14 12:00:00",577,12.52611,601,0,0.731,9.94,10.02,0.87934,0.88707,0.86601,0.6717,43.413,37.98
"2024-04-14 12:30:00",578,12.51939,601,0,0.737,10.04,10.08,0.88843,0.89179,0.87517,0.67804,43.689,38.261
"2024-04-14 13:00:00",579,12.52023,601,0,0.743,10.16,10.12,0.89941,0.89585,0.88091,0.6793,42.724,37.443
"2024-04-14 13:30:00",580,12.5345,601,0,0.736,9.95,10.16,0.88065,0.89901,0.86787,0.67792,44.094,37.433
"2024-04-14 14:00:00",581,12.53282,601,0,0.766,10.65,10.2,0.94231,0.90297,0.89445,0.67409,42.024,37.154
"2024-04-14 14:30:00",582,12.52359,601,0,0.741,10.13,10.07,0.89689,0.89155,0.85793,0.6563,45.031,37.139
"2024-04-14 15:00:00",583,12.5387,601,0,0.72,9.86,9.78,0.87287,0.86583,0.83303,0.63091,44.089,38.25
"2024-04-14 15:30:00",584,12.52946,601,0,0.731,10.16,9.74,0.89913,0.86205,0.83459,0.62148,45.319,37.583
"2024-04-14 16:00:00",585,12.52527,601,0,0.719,9.95,9.62,0.88045,0.85125,0.812,0.6093,45.081,38.573
"2024-04-14 16:30:00",586,12.53786,601,0,0.693,9.57,9.29,0.84675,0.82253,0.78119,0.58314,46.025,38.804
"2024-04-14 17:00:00",587,12.5345,601,0,0.666,9.24,8.87,0.81763,0.78538,0.74203,0.54466,47.041,39.148
"2024-04-14 17:30:00",588,12.52359,601,0,0.619,8.6,8.25,0.76117,0.73061,0.68554,0.50316,48.35,38.976
"2024-04-14 18:00:00",589,12.53282,601,0,0.583,8.11,7.75,0.71747,0.68606,0.63948,0.46735,50.027,40.089
"2024-04-14 18:30:00",590,12.5303,601,0,0.528,7.36,6.99,0.6513,0.61906,0.5708,0.41319,50.107,40.42
"2024-04-14 19:00:00",591,12.52779,601,0,0.463,6.42,6.18,0.56798,0.5469,0.48747,0.35851,51.113,39.114
"2024-04-14 19:30:00",592,12.52779,601,0,0.374,5.12,5.09,0.45336,0.45024,0.3854,0.28714,50.924,38.101
"2024-04-14 20:00:00",593,12.52527,601,0,0.299,4,4.2,0.35404,0.37206,0.30248,0.23234,51.897,39.071
"2024-04-14 20:30:00",594,12.51184,601,0,0.245,3.18,3.55,0.28154,0.31398,0.23988,0.1999,50.61,38.045
"2024-04-14 21:00:00",595,12.52275,601,0,0.219,2.8,3.23,0.248,0.28558,0.20732,0.17838,52.544,37.825
"2024-04-14 21:30:00",596,12.51687,601,0,0.195,2.44,2.96,0.21638,0.26172,0.18348,0.1623,51.475,38.245
"2024-04-14 22:00:00",597,12.51771,601,0,0.191,2.4,2.89,0.21219,0.25558,0.17508,0.1623,52.838,38.638
"2024-04-14 22:30:00",598,12.51435,601,0,0.189,2.34,2.9,0.20714,0.25646,0.17992,0.16557,53.657,37.713
"2024-04-14 23:00:00",599,12.51268,601,0,0.197,2.48,2.96,0.2195,0.26192,0.18633,0.16167,52.334,38.285
"2024-04-14 23:30:00",600,12.51855,601,0,0.205,2.59,3.06,0.22898,0.27086,0.19158,0.16803,53.04,38.837
"2024-04-15 00:00:00",601,12.51435,601,0,0.201,2.53,3.02,0.22364,0.26728,0.19158,0.16836,52.693,38.08
"2024-04-15 00:30:00",602,12.51687,601,0,0.203,2.59,3.02,0.22951,0.26728,0.19242,0.16654,51.169,38.195
"2024-04-15 01:00:00",603,12.51352,601,0,0.2,2.53,3,0.22423,0.26514,0.18756,0.1644,51.71,37.921
"2024-04-15 01:30:00",604,12.51435,601,0,0.2,2.56,2.95,0.22633,0.26086,0.18926,0.1608,52.132,38.492
"2024-04-15 02:00:00",605,12.50428,601,0,0.195,2.46,2.92,0.21785,0.25873,0.18355,0.16327,51.453,37.973
"2024-04-15 02:30:00",606,12.51016,601,0,0.192,2.41,2.89,0.21307,0.25592,0.18151,0.15868,52.595,39.111
"2024-04-15 03:00:00",607,12.511,601,0,0.184,2.3,2.79,0.20396,0.24669,0.16852,0.15168,52.437,37.98
"2024-04-15 03:30:00",608,12.50848,601,0,0.183,2.33,2.73,0.20665,0.24174,0.17094,0.15168,51.861,37.405
"2024-04-15 04:00:00",609,12.50596,601,0,0.183,2.29,2.76,0.20307,0.2439,0.17261,0.15354,52.429,38.123
"2024-04-15 04:30:00",610,12.50596,601,0,0.184,2.31,2.78,0.20449,0.24606,0.17132,0.15136,51.254,37.465
"2024-04-15 05:00:00",611,12.49673,601,0,0.186,2.35,2.79,0.2076,0.24728,0.17378,0.15201,51.392,38.017
"2024-04-15 05:30:00",612,12.50596,601,0,0.182,2.26,2.79,0.20018,0.24728,0.16686,0.15383,52.183,38.289
"2024-04-15 06:00:00",613,12.50428,601,0,0.179,2.22,2.74,0.19612,0.24234,0.16406,0.14986,52.887,38.018
"2024-04-15 06:30:00",614,12.50008,601,0,0.177,2.23,2.66,0.1971,0.23523,0.16445,0.1441,52.567,38.113
"2024-04-15 07:00:00",615,12.5026,601,0,0.299,3.96,4.23,0.35014,0.37428,0.29851,0.23582,53.317,39.265
"2024-04-15 07:30:00",616,12.5026,601,0,0.429,5.8,5.93,0.51326,0.52483,0.45048,0.34454,52.752,39.676
"2024-04-15 08:00:00",617,12.50092,601,0,0.531,7.31,7.17,0.6471,0.63496,0.57229,0.42631,49.827,39.468
"2024-04-15 08:30:00",618,12.49924,601,0,0.602,8.24,8.17,0.72905,0.72305,0.66447,0.5075,48.744,39.615
"2024-04-15 09:00:00",619,12.49841,601,0,0.663,9.09,8.99,0.80475,0.79565,0.74149,0.56451,46.691,38.796
"2024-04-15 09:30:00",620,12.49589,601,0,0.688,9.26,9.55,0.81935,0.84507,0.79771,0.62566,46.166,38.119
"2024-04-15 10:00:00",621,12.49924,601,0,0.731,9.71,10.34,0.85962,0.91549,0.86983,0.69691,42.462,37.183
"2024-04-15 10:30:00",622,12.49924,601,0,0.775,10.41,10.8,0.92125,0.95553,0.92829,0.73701,41.333,35.903
"2024-04-15 11:00:00",623,12.50176,601,0,0.781,10.45,10.92,0.92459,0.96637,0.95367,0.76197,40.548,35.529
"2024-04-15 11:30:00",624,12.50764,601,0,0.773,10.19,11.01,0.90151,0.97413,0.94929,0.77397,40.04,35.43
"2024-04-15 12:00:00",625,12.50092,601,0,0.785,10.44,11.08,0.92391,0.98024,0.97127,0.78155,39.618,35.011
"2024-04-15 12:30:00",626,12.50764,601,0,0.795,10.58,11.19,0.93617,0.99,0.98649,0.79417,39.607,35.002
"2024-04-15 13:00:00",627,12.50512,601,0,0.787,10.43,11.14,0.92311,0.98593,0.97649,0.79249,38.724,34.935
"2024-04-15 13:30:00",628,12.50344,601,0,0.788,10.47,11.14,0.92656,0.98593,0.97083,0.78417,39.275,34.927
"2024-04-15 14:00:00",629,12.51603,601,0,0.802,10.88,11.02,0.96311,0.97515,0.98262,0.77157,39.852,35.245
"2024-04-15 14:30:00",630,12.51603,601,0,0.806,10.93,11.1,0.96723,0.98251,0.98262,0.77057,39.583,35.132
"2024-04-15 15:00:00",631,12.511,601,0,0.789,10.54,11.07,0.93247,0.97967,0.95599,0.76334,40.03,35.171
"2024-04-15 15:30:00",632,12.51939,601,0,0.801,11,10.85,0.97331,0.96036,0.95193,0.73131,41.25,36.24
"2024-04-15 16:00:00",633,12.50932,601,0,0.806,11.06,10.9,0.97853,0.96485,0.94761,0.72241,41.425,36.155
"2024-04-15 16:30:00",634,12.52107,601,0,0.803,10.96,10.95,0.97048,0.96941,0.93093,0.71362,41.896,36.319
"2024-04-15 17:00:00",635,12.51016,601,0,0.786,10.86,10.54,0.96099,0.93287,0.89949,0.6776,43.224,36.982
"2024-04-15 17:30:00",636,12.51855,601,0,0.735,10.1,9.93,0.89381,0.87893,0.82585,0.62424,44.226,37.415
"2024-04-15 18:00:00",637,12.51435,601,0,0.71,9.81,9.54,0.86839,0.84439,0.79053,0.59165,45.689,38.215
"2024-04-15 18:30:00",638,12.51268,601,0,0.641,8.99,8.42,0.79551,0.74482,0.68992,0.49823,47.911,38.642
"2024-04-15 19:00:00",639,12.51016,601,0,0.503,6.96,6.75,0.61638,0.59728,0.52872,0.38355,50.343,39.02
"2024-04-15 19:30:00",640,12.49673,601,0,0.407,5.48,5.64,0.48478,0.4992,0.4207,0.32566,51.377,39.39
"2024-04-15 20:00:00",641,12.49253,601,0,0.383,5.26,5.17,0.46514,0.45782,0.39133,0.28596,51.874,38.903
"2024-04-15 20:30:00",642,12.49505,601,0,0.32,4.31,4.45,0.38133,0.3941,0.32541,0.24784,51.041,39.045
"2024-04-15 21:00:00",643,12.48833,601,0,0.269,3.51,3.9,0.31088,0.34494,0.26038,0.21699,51.045,38.232
"2024-04-15 21:30:00",644,12.48917,601,0,0.247,3.16,3.66,0.2793,0.32376,0.23466,0.20144,52.134,37.931
"2024-04-15 22:00:00",645,12.48497,601,0,0.223,2.83,3.34,0.25068,0.29557,0.2131,0.18412,51.364,38.136
"2024-04-15 22:30:00",646,12.48413,601,0,0.202,2.53,3.06,0.2242,0.27108,0.18643,0.16852,52.628,37.763
"2024-04-15 23:00:00",647,12.47322,601,0,0.188,2.32,2.9,0.2053,0.25664,0.17118,0.15504,50.99,38.739
"2024-04-15 23:30:00",648,12.46902,601,0,0.174,2.13,2.7,0.1885,0.23934,0.15554,0.14553,51.911,38.124
"2024-04-16 00:00:00",649,12.47826,601,0,0.169,2.06,2.62,0.18233,0.23208,0.14714,0.14366,51.251,36.795
"2024-04-16 00:30:00",650,12.46902,601,0,0.162,1.96,2.55,0.17308,0.22594,0.14166,0.13938,51.639,37.178
"2024-04-16 01:00:00",651,12.46315,601,0,0.161,1.93,2.55,0.1709,0.22539,0.14166,0.13938,51.775,38.134
"2024-04-16 01:30:00",652,12.46902,601,0,0.159,1.88,2.56,0.1668,0.22651,0.13775,0.13754,51.013,37.371
"2024-04-16 02:00:00",653,12.46902,601,0,0.158,1.86,2.55,0.1642,0.22594,0.13532,0.13567,51.899,38.252
"2024-04-16 02:30:00",654,12.46819,601,0,0.155,1.85,2.47,0.16383,0.21869,0.13532,0.13381,51.994,38.354
"2024-04-16 03:00:00",655,12.46735,601,0,0.153,1.82,2.46,0.16082,0.21756,0.1329,0.13353,51.598,37.948
"2024-04-16 03:30:00",656,12.46315,601,0,0.152,1.78,2.46,0.15744,0.21756,0.12994,0.13353,51.685,37.632
"2024-04-16 04:00:00",657,12.46399,601,0,0.153,1.84,2.42,0.16302,0.21429,0.13501,0.13353,52.208,37.743
"2024-04-16 04:30:00",658,12.45559,601,0,0.151,1.8,2.41,0.15972,0.2137,0.13353,0.13194,51.485,37.686
"2024-04-16 05:00:00",659,12.45979,601,0,0.152,1.8,2.45,0.15972,0.21646,0.12926,0.13216,51.328,37.684
"2024-04-16 05:30:00",660,12.46147,601,0,0.185,2.36,2.75,0.20853,0.24298,0.1717,0.14669,51.031,37.639
"2024-04-16 06:00:00",661,12.46063,601,0,0.181,2.26,2.75,0.19967,0.24298,0.1616,0.15075,49.501,37.903
"2024-04-16 06:30:00",662,12.45727,601,0,0.178,2.18,2.75,0.19319,0.24298,0.15594,0.14696,51.945,37.068
"2024-04-16 07:00:00",663,12.45643,601,0,0.216,2.72,3.26,0.24056,0.28842,0.20341,0.17576,51.64,37.583
"2024-04-16 07:30:00",664,12.45559,601,0,0.331,4.38,4.7,0.38772,0.41569,0.3372,0.26321,52.371,38.877
"2024-04-16 08:00:00",665,12.45391,601,0,0.434,5.88,5.97,0.52081,0.52828,0.455,0.34202,51.752,39.336
"2024-04-16 08:30:00",666,12.4514,601,0,0.52,7.1,7.09,0.62812,0.62764,0.56214,0.42486,50.647,39.467
"2024-04-16 09:00:00",667,12.45391,601,0,0.603,8.25,8.2,0.73007,0.72579,0.65906,0.49426,48.459,39.326
"2024-04-16 09:30:00",668,12.44216,601,0,0.651,8.88,8.88,0.78607,0.78601,0.72374,0.54978,47.068,38.604
"2024-04-16 10:00:00",669,12.45056,601,0,0.674,9.01,9.44,0.79745,0.83543,0.76415,0.59932,46.118,38.788
"2024-04-16 10:30:00",670,12.45308,601,0,0.721,9.88,9.77,0.87449,0.86458,0.82107,0.6254,44.275,38.431
"2024-04-16 11:00:00",671,12.45224,601,0,0.737,10.17,9.89,0.89987,0.87548,0.83693,0.63624,44.59,37.771
"2024-04-16 11:30:00",672,12.45559,601,0,0.727,9.81,10.06,0.86865,0.89045,0.83707,0.65318,44.646,37.314
"2024-04-16 12:00:00",673,12.45559,601,0,0.746,10.08,10.32,0.89195,0.91375,0.87021,0.67512,43.459,37.461
"2024-04-16 12:30:00",674,12.44804,601,0,0.759,10.33,10.38,0.91461,0.91883,0.88271,0.68028,43.364,37.263
"2024-04-16 13:00:00",675,12.44972,601,0,0.766,10.38,10.56,0.91878,0.93427,0.89994,0.69445,42.71,36.717
"2024-04-16 13:30:00",676,12.44888,601,0,0.774,10.48,10.67,0.9274,0.94397,0.9039,0.70467,41.953,36.263
"2024-04-16 14:00:00",677,12.45895,601,0,0.774,10.54,10.58,0.93287,0.93617,0.89395,0.69056,42.312,36.879
"2024-04-16 14:30:00",678,12.45811,601,0,0.749,10.01,10.51,0.88613,0.92995,0.86361,0.68152,43.038,36.939
"2024-04-16 15:00:00",679,12.45979,601,0,0.747,10.1,10.32,0.89381,0.91371,0.86427,0.66997,43.584,37.487
"2024-04-16 15:30:00",680,12.45727,601,0,0.761,10.47,10.27,0.92647,0.90861,0.8607,0.6478,44.204,37.287
"2024-04-16 16:00:00",681,12.45895,601,0,0.74,10.21,9.95,0.90377,0.88069,0.83579,0.62674,44.632,37.968
"2024-04-16 16:30:00",682,12.45811,601,0,0.728,10.02,9.83,0.88707,0.86995,0.81421,0.61496,45.559,37.92
"2024-04-16 17:00:00",683,12.45559,601,0,0.703,9.75,9.37,0.86264,0.82891,0.78339,0.58308,46.068,38.429
"2024-04-16 17:30:00",684,12.45475,601,0,0.661,9.11,8.91,0.80623,0.78882,0.7287,0.54548,46.681,38.632
"2024-04-16 18:00:00",685,12.45559,601,0,0.626,8.71,8.32,0.77083,0.73676,0.68216,0.50356,48.53,38.994
"2024-04-16 18:30:00",686,12.45559,601,0,0.558,7.69,7.51,0.6807,0.66426,0.6007,0.44354,49.254,39.153
"2024-04-16 19:00:00",687,12.44216,601,0,0.492,6.78,6.62,0.6,0.58552,0.52179,0.38424,50.1,39.33
"2024-04-16 19:30:00",688,12.4472,601,0,0.409,5.59,5.57,0.49489,0.49262,0.42826,0.31968,51.736,38.914
"2024-04-16 20:00:00",689,12.44804,601,0,0.334,4.49,4.64,0.39742,0.41056,0.33834,0.26046,51.507,38.828
"2024-04-16 20:30:00",690,12.43629,601,0,0.278,3.65,3.97,0.32284,0.35127,0.27142,0.21917,51.657,38.264
"2024-04-16 21:00:00",691,12.44216,601,0,0.238,3.06,3.51,0.27086,0.31073,0.22916,0.19426,51.906,37.85
"2024-04-16 21:30:00",692,12.43713,601,0,0.207,2.59,3.14,0.22908,0.27835,0.1934,0.17504,51.503,38.009
"2024-04-16 22:00:00",693,12.43545,601,0,0.188,2.3,2.91,0.20362,0.2573,0.16988,0.15819,52.087,38.021
"2024-04-16 22:30:00",694,12.43377,601,0,0.172,2.09,2.69,0.18498,0.23772,0.15205,0.14856,51.148,37.754
"2024-04-16 23:00:00",695,12.43209,601,0,0.161,1.91,2.57,0.16948,0.22704,0.14049,0.14238,51.406,38.012
"2024-04-16 23:30:00",696,12.42202,601,0,0.151,1.78,2.45,0.15754,0.21696,0.12926,0.13058,51.501,37.185
"2024-04-17 00:00:00",697,12.42789,601,0,0.144,1.7,2.31,0.15042,0.20471,0.12262,0.12652,52.011,37.798
"2024-04-17 00:30:00",698,12.42873,601,0,0.137,1.56,2.28,0.1377,0.20192,0.11565,0.12466,51.92,36.882
"2024-04-17 01:00:00",699,12.41698,601,0,0.134,1.53,2.22,0.13515,0.19689,0.11324,0.12061,51.684,37.617
"2024-04-17 01:30:00",700,12.42118,601,0,0.126,1.4,2.14,0.12348,0.1896,0.09986,0.11874,50.796,37.143
"2024-04-17 02:00:00",701,12.4237,601,0,0.125,1.4,2.11,0.12348,0.18688,0.1022,0.1147,51.946,37.468
"2024-04-17 02:30:00",702,12.42286,601,0,0.119,1.31,2.05,0.11634,0.18186,0.09766,0.11066,50.701,38.277
"2024-04-17 03:00:00",703,12.4237,601,0,0.123,1.4,2.06,0.12411,0.18233,0.10031,0.11066,51.267,36.945
"2024-04-17 03:30:00",704,12.4111,601,0,0.121,1.34,2.05,0.11835,0.18186,0.09528,0.11066,52.799,36.939
"2024-04-17 04:00:00",705,12.42034,601,0,0.114,1.25,1.97,0.11093,0.17412,0.08836,0.10661,52.388,37.914
"2024-04-17 04:30:00",706,12.41866,601,0,0.113,1.23,1.97,0.10895,0.17458,0.09092,0.10686,51.58,37.513
"2024-04-17 05:00:00",707,12.41446,601,0,0.109,1.2,1.88,0.10586,0.16642,0.08601,0.10256,51.322,37.411
"2024-04-17 05:30:00",708,12.4153,601,0,0.105,1.11,1.85,0.09782,0.16331,0.07875,0.10046,51.676,37.356
"2024-04-17 06:00:00",709,12.4153,601,0,0.1,1.05,1.78,0.09322,0.15792,0.07663,0.09838,52.063,38.005
"2024-04-17 06:30:00",710,12.41446,601,0,0.1,1.06,1.78,0.09346,0.15792,0.07677,0.09646,51.991,36.948
"2024-04-17 07:00:00",711,12.40523,601,0,0.132,1.51,2.2,0.13384,0.19446,0.11244,0.12226,52.43,37.548
"2024-04-17 07:30:00",712,12.41278,601,0,0.203,2.53,3.08,0.22418,0.27284,0.19444,0.17434,53.1,38.63
"2024-04-17 08:00:00",713,12.41278,601,0,0.321,4.23,4.57,0.37419,0.40445,0.33168,0.26576,53.292,39.644
"2024-04-17 08:30:00",714,12.42118,601,0,0.406,5.44,5.67,0.48126,0.5021,0.43948,0.33968,52.968,39.737
"2024-04-17 09:00:00",715,12.4153,601,0,0.457,6.22,6.27,0.55029,0.5546,0.49908,0.37985,51.385,40.205
"2024-04-17 09:30:00",716,12.41194,601,0,0.478,6.59,6.43,0.58314,0.56887,0.52497,0.3899,51.119,40.351
"2024-04-17 10:00:00",717,12.41782,601,0,0.476,6.52,6.45,0.57718,0.5707,0.52092,0.38914,51.632,38.811
"2024-04-17 10:30:00",718,12.42202,601,0,0.48,6.63,6.45,0.58638,0.5707,0.52208,0.38914,50.765,39.172
"2024-04-17 11:00:00",719,12.42286,601,0,0.49,6.74,6.6,0.59643,0.58452,0.53566,0.40157,50.552,39.372
"2024-04-17 11:30:00",720,12.42705,601,0,0.49,6.74,6.6,0.59643,0.58373,0.53396,0.39766,50.133,39.521
"2024-04-17 12:00:00",721,12.42789,601,0,0.511,6.99,6.94,0.61878,0.61392,0.56768,0.4262,50.407,40.06
"2024-04-17 12:30:00",722,12.42705,601,0,0.531,7.35,7.1,0.65015,0.6286,0.58163,0.4332,49.912,39.967
"2024-04-17 13:00:00",723,12.42873,601,0,0.561,7.75,7.52,0.6862,0.66526,0.62362,0.46823,49.023,40.724
"2024-04-17 13:30:00",724,12.4237,601,0,0.617,8.57,8.21,0.75867,0.72673,0.69315,0.51706,48.251,39.386
"2024-04-17 14:00:00",725,12.43209,601,0,0.622,8.68,8.23,0.76799,0.72874,0.69935,0.51661,47.583,39.282
