"TOA5","CR300Series_402","CR300","27021","CR300-RF407.Std.10.03","CPU:CR300_sapflow.CR300","32345","Table1"
"TIMESTAMP","RECORD","BattV_Min","id","SDI0","SapFlwTot0","VhOuter0","VhInner0","AlphaOut0","AlphaIn0","BetaOut0","BetaIn0","tMaxTout0","tMaxTin0"
"TS","RN","Volts","","","literPerHour","heatVelocity","heatVelocity","logTRatio","logTRatio","logTRatio","logTRatio","second","second"
"","","Min","Smp","Smp","Smp","Smp","Smp","Smp","Smp","Smp","Smp","Smp","Smp"
"2025-02-18 15:00:00",13933,13.17,402,0,-0.013,-0.11,-0.05,-0.011,-0.005,-0.019,-0.034,56.05,47.99
"2025-02-18 15:30:00",13934,13,402,0,-0.027,-0.24,-0.08,-0.022,-0.008,-0.03,-0.035,58.03,47.25
"2025-02-18 16:00:00",13935,12.85,402,0,-0.024,-0.28,0,-0.026,0,-0.03,-0.026,54.89,46.15
"2025-02-18 16:30:00",13936,12.88,402,0,-0.021,-0.23,-0.02,-0.021,-0.003,-0.027,-0.026,55.64,46.23
"2025-02-18 17:00:00",13937,12.93,402,0,-0.029,-0.29,-0.06,-0.027,-0.006,-0.032,-0.035,55.43,46.03
"2025-02-18 17:30:00",13938,12.94,402,0,-0.028,-0.21,-0.13,-0.02,-0.012,-0.023,-0.04,54.71,46.39
"2025-02-18 18:00:00",13939,12.93,402,0,-0.036,-0.24,-0.2,-0.022,-0.018,-0.026,-0.046,53.2,46.11
"2025-02-18 18:30:00",13940,12.93,402,0,-0.036,-0.24,-0.2,-0.022,-0.018,-0.026,-0.044,53.84,44.69
"2025-02-18 19:00:00",13941,12.93,402,0,-0.041,-0.3,-0.2,-0.027,-0.019,-0.031,-0.041,53.34,44.75
"2025-02-18 19:30:00",13942,12.92,402,0,-0.054,-0.32,-0.34,-0.029,-0.031,-0.033,-0.049,55.11,45.8
"2025-02-18 20:00:00",13943,12.92,402,0,-0.092,-0.51,-0.61,-0.046,-0.055,-0.049,-0.071,54.51,44.69
"2025-02-18 20:30:00",13944,12.91,402,0,-0.065,-0.38,-0.41,-0.034,-0.037,-0.035,-0.058,54.53,46.45
"2025-02-18 21:00:00",13945,12.91,402,0,-0.061,-0.37,-0.37,-0.033,-0.033,-0.039,-0.055,55.27,45.04
"2025-02-18 21:30:00",13946,12.91,402,0,-0.061,-0.37,-0.37,-0.034,-0.033,-0.037,-0.052,54.6,45.85
"2025-02-18 22:00:00",13947,12.91,402,0,0.025,0.78,-0.57,0.069,-0.052,0.071,-0.073,53.19,41.15
"2025-02-18 22:30:00",13948,12.9,402,0,-0.018,0.32,-0.6,0.028,-0.054,0.035,-0.078,56.16,40.68
"2025-02-18 23:00:00",13949,12.91,402,0,-0.009,0.28,-0.44,0.024,-0.04,0.028,-0.076,56.97,40.41
"2025-02-18 23:30:00",13950,12.9,402,0,0.023,0.46,-0.23,0.041,-0.022,0.044,-0.064,56.83,40.52
"2025-02-19 00:00:00",13951,12.91,402,0,-0.04,0.13,-0.67,0.012,-0.06,0.012,-0.087,59.03,41.08
"2025-02-19 00:30:00",13952,12.91,402,0,-0.067,0.23,-1.13,0.02,-0.101,0.02,-0.136,56.77,40.46
"2025-02-19 01:00:00",13953,12.91,402,0,0.056,0.67,-0.04,0.059,-0.004,0.058,-0.056,55.6,38.62
"2025-02-19 01:30:00",13954,12.91,402,0,0.017,0.39,-0.22,0.034,-0.021,0.038,-0.069,54.68,39.92
"2025-02-19 02:00:00",13955,12.91,402,0,0.009,0.3,-0.22,0.026,-0.02,0.03,-0.065,58.94,40.73
"2025-02-19 02:30:00",13956,12.91,402,0,-0.047,0.15,-0.78,0.013,-0.07,0.013,-0.097,51.44,40.64
"2025-02-19 03:00:00",13957,12.91,402,0,-0.008,0.22,-0.37,0.019,-0.033,0.009,-0.077,49.33,38.53
"2025-02-19 03:30:00",13958,12.9,402,0,-0.03,0.22,-0.65,0.02,-0.059,0.005,-0.111,50.61,39.24
"2025-02-19 04:00:00",13959,12.91,402,0,0.044,0.22,0.32,0.02,0.029,0.005,-0.032,46.33,38.67
"2025-02-19 04:30:00",13960,12.9,402,0,-0.048,0.06,-0.69,0.005,-0.062,-0.005,-0.111,49.64,38.17
"2025-02-19 05:00:00",13961,12.91,402,0,-0.03,-0.17,-0.21,-0.016,-0.02,-0.019,-0.063,49.32,38.36
"2025-02-19 05:30:00",13962,12.91,402,0,-0.07,-0.17,-0.72,-0.016,-0.065,-0.034,-0.106,46.62,37.61
"2025-02-19 06:00:00",13963,12.91,402,0,-0.04,-0.23,-0.26,-0.021,-0.024,-0.034,-0.075,46.18,40.06
"2025-02-19 06:30:00",13964,12.91,402,0,-0.064,-0.11,-0.71,-0.011,-0.064,-0.029,-0.114,48.67,39.25
"2025-02-19 07:00:00",13965,12.91,402,0,-0.031,0,-0.41,0,-0.037,-0.024,-0.077,48.71,43.25
"2025-02-19 07:30:00",13966,12.91,402,0,-0.024,-0.05,-0.26,-0.005,-0.024,-0.039,-0.082,47.21,41.35
"2025-02-19 08:00:00",13967,12.91,402,0,-0.047,-0.17,-0.42,-0.016,-0.038,-0.035,-0.092,48.38,41.54
"2025-02-19 08:30:00",13968,12.91,402,0,-0.049,-0.11,-0.52,-0.011,-0.047,-0.03,-0.095,48.53,41.18
"2025-02-19 09:00:00",13969,12.91,402,0,-0.042,-0.17,-0.36,-0.016,-0.032,-0.025,-0.091,48.76,41.66
"2025-02-19 09:30:00",13970,12.92,402,0,-0.047,-0.05,-0.56,-0.005,-0.05,-0.019,-0.095,52.08,41.69
"2025-02-19 10:00:00",13971,12.92,402,0,-0.049,-0.26,-0.35,-0.024,-0.032,-0.023,-0.089,57.21,42.04
"2025-02-19 10:30:00",13972,12.92,402,0,-0.001,0.2,-0.25,0.018,-0.023,0.013,-0.085,58.46,43.8
"2025-02-19 11:00:00",13973,12.93,402,0,-0.024,0.1,-0.43,0.009,-0.039,0.009,-0.107,61.22,42.61
"2025-02-19 11:30:00",13974,12.93,402,0,-0.058,-0.27,-0.45,-0.025,-0.041,-99,-0.126,59.54,42.42
"2025-02-19 12:00:00",13975,12.93,402,0,-0.036,-0.05,-0.42,-0.005,-0.038,-99,-0.132,58.05,39.59
"2025-02-19 12:30:00",13976,12.93,402,0,-0.025,0.22,-0.58,0.019,-0.052,-99,-0.139,-99,40.56
"2025-02-19 13:00:00",13977,12.94,402,0,-0.03,0.11,-0.52,0.01,-0.047,-99,-0.128,61.56,41.55
"2025-02-19 13:30:00",13978,12.94,402,0,-0.044,-0.15,-0.4,-0.014,-0.036,-0.014,-0.123,58.44,42.02
"2025-02-19 14:00:00",13979,12.94,402,0,-0.023,0.05,-0.37,0.004,-0.034,0.004,-0.103,58.63,42.22
"2025-02-19 14:30:00",13980,12.94,402,0,-0.015,0.2,-0.43,0.018,-0.039,0.017,-0.112,59.68,41.89
"2025-02-19 15:00:00",13981,12.94,402,0,-0.027,0.05,-0.42,0.004,-0.038,0.008,-0.1,57.23,40.66
"2025-02-19 15:30:00",13982,12.94,402,0,0.001,0.28,-0.3,0.025,-0.027,0.024,-0.083,54.56,39.9
"2025-02-19 16:00:00",13983,12.93,402,0,-0.02,0.15,-0.44,0.013,-0.04,0.008,-0.072,52.04,42.06
"2025-02-19 16:30:00",13984,12.93,402,0,-0.012,0.11,-0.29,0.009,-0.026,-0.004,-0.079,47.93,41.25
"2025-02-19 17:00:00",13985,12.93,402,0,-0.008,0.11,-0.24,0.01,-0.022,0,-0.07,47.41,40.06
"2025-02-19 17:30:00",13986,12.92,402,0,-0.011,0.16,-0.34,0.014,-0.031,0.004,-0.073,48.03,41.19
"2025-02-19 18:00:00",13987,12.92,402,0,-0.021,0,-0.28,0,-0.026,-0.005,-0.08,45.98,40.53
"2025-02-19 18:30:00",13988,12.92,402,0,-0.025,0,-0.33,0,-0.03,-0.009,-0.075,46.43,41.39
"2025-02-19 19:00:00",13989,12.91,402,0,-0.003,0.11,-0.18,0.01,-0.017,-0.009,-0.056,47.1,41.23
"2025-02-19 19:30:00",13990,12.91,402,0,-0.004,0.06,-0.13,0.005,-0.013,-0.009,-0.055,45.41,42.01
"2025-02-19 20:00:00",13991,12.91,402,0,-0.008,0.06,-0.18,0.005,-0.017,-0.009,-0.062,46.36,40.9
"2025-02-19 20:30:00",13992,12.91,402,0,-0.04,-0.05,-0.47,-0.005,-0.042,-0.023,-0.08,46.3,40.69
"2025-02-19 21:00:00",13993,12.91,402,0,-0.023,-0.11,-0.18,-0.011,-0.017,-0.033,-0.057,45.02,41.21
"2025-02-19 21:30:00",13994,12.9,402,0,-0.025,-0.05,-0.27,-0.005,-0.025,-0.033,-0.063,46.42,41.38
"2025-02-19 22:00:00",13995,12.9,402,0,-0.028,-0.05,-0.31,-0.005,-0.029,-0.028,-0.07,45.58,42.19
"2025-02-19 22:30:00",13996,12.9,402,0,-0.026,-0.11,-0.22,-0.011,-0.02,-0.029,-0.058,45.31,42.07
"2025-02-19 23:00:00",13997,12.9,402,0,-0.027,-0.17,-0.17,-0.016,-0.016,-0.039,-0.058,45.49,41.11
"2025-02-19 23:30:00",13998,12.9,402,0,-0.022,-0.11,-0.17,-0.011,-0.016,-0.039,-0.058,45.49,41.68
"2025-02-20 00:00:00",13999,12.9,402,0,-0.037,-0.24,-0.22,-0.022,-0.02,-0.044,-0.057,45.09,41.13
"2025-02-20 00:30:00",14000,12.9,402,0,-0.034,-0.24,-0.17,-0.022,-0.016,-0.049,-0.054,44.97,40.59
"2025-02-20 01:00:00",14001,12.9,402,0,-0.03,-0.12,-0.26,-0.011,-0.024,-0.039,-0.06,44.45,41.47
"2025-02-20 01:30:00",14002,12.9,402,0,-0.023,-0.12,-0.17,-0.011,-0.016,-0.04,-0.053,42.97,39.57
"2025-02-20 02:00:00",14003,12.9,402,0,-0.031,-0.12,-0.27,-0.011,-0.025,-0.045,-0.063,43.4,40
"2025-02-20 02:30:00",14004,12.9,402,0,-0.024,-0.12,-0.18,-0.011,-0.016,-0.04,-0.056,45.05,39.02
"2025-02-20 03:00:00",14005,12.89,402,0,-0.04,-0.18,-0.32,-0.017,-0.029,-0.045,-0.06,41.93,39.36
"2025-02-20 03:30:00",14006,12.89,402,0,-0.029,-0.05,-0.33,-0.006,-0.03,-0.04,-0.063,43.18,38.7
"2025-02-20 04:00:00",14007,12.9,402,0,-0.035,-0.06,-0.39,-0.006,-0.035,-0.041,-0.07,42.56,38.18
"2025-02-20 04:30:00",14008,12.9,402,0,-0.05,0,-0.65,0,-0.058,-0.036,-0.085,42.21,38.4
"2025-02-20 05:00:00",14009,12.9,402,0,-0.037,-0.12,-0.35,-0.012,-0.032,-0.046,-0.071,43.44,38.65
"2025-02-20 05:30:00",14010,12.89,402,0,-0.04,-0.06,-0.46,-0.006,-0.042,-0.046,-0.079,43.17,37.3
"2025-02-20 06:00:00",14011,12.89,402,0,-0.036,-0.05,-0.42,-0.006,-0.038,-0.036,-0.076,41.68,36.22
"2025-02-20 06:30:00",14012,12.89,402,0,-0.019,0.06,-0.32,0.006,-0.029,-0.035,-0.077,43.24,36.54
"2025-02-20 07:00:00",14013,12.88,402,0,-0.033,0.06,-0.5,0.006,-0.045,-0.03,-0.081,43.78,35.03
"2025-02-20 07:30:00",14014,12.88,402,0,-0.028,0.12,-0.51,0.011,-0.046,-0.03,-0.085,44.2,34.37
"2025-02-20 08:00:00",14015,12.88,402,0,-0.014,0.18,-0.4,0.016,-0.036,-0.019,-0.082,44.56,34.99
"2025-02-20 08:30:00",14016,12.88,402,0,-0.028,0.14,-0.53,0.012,-0.048,-0.044,-0.094,44.19,33.8
"2025-02-20 09:00:00",14017,12.88,402,0,-0.07,-0.39,-0.47,-0.035,-0.043,-0.078,-0.09,41.72,34.78
"2025-02-20 09:30:00",14018,12.89,402,0,-0.066,-0.3,-0.52,-0.027,-0.047,-0.071,-0.082,42.34,36.32
"2025-02-20 10:00:00",14019,12.89,402,0,-0.074,-0.46,-0.44,-0.042,-0.04,-0.083,-0.077,43.57,36.62
"2025-02-20 10:30:00",14020,12.89,402,0,-0.067,-0.45,-0.36,-0.041,-0.033,-0.075,-0.072,41.55,37.9
"2025-02-20 11:00:00",14021,12.9,402,0,-0.029,-0.18,-0.18,-0.017,-0.017,-0.035,-0.058,46.8,39.7
"2025-02-20 11:30:00",14022,12.9,402,0,0.004,0.15,-0.12,0.013,-0.012,-0.004,-0.057,51.11,43.04
"2025-02-20 12:00:00",14023,12.91,402,0,-0.034,-0.16,-0.27,-0.015,-0.025,-99,-0.077,-99,48.11
"2025-02-20 12:30:00",14024,12.91,402,0,0,0.42,-0.47,0.037,-0.043,-99,-0.12,-99,45.57
"2025-02-20 13:00:00",14025,12.91,402,0,0.026,0.98,-0.78,0.087,-0.07,-99,-0.194,-99,44.25
"2025-02-20 13:30:00",14026,12.92,402,0,-0.09,-0.22,-0.91,-0.021,-0.081,-0.01,-0.253,53.17,32.9
"2025-02-20 14:00:00",14027,12.92,402,0,-0.019,0.34,-0.64,0.03,-0.057,-99,-0.233,-99,36.47
"2025-02-20 14:30:00",14028,12.92,402,0,0.02,0.98,-0.86,0.087,-0.077,0.086,-0.261,58.35,35.47
"2025-02-20 15:00:00",14029,12.91,402,0,-0.022,0.6,-0.97,0.053,-0.087,-99,-0.262,-99,33.98
"2025-02-20 15:30:00",14030,12.91,402,0,-0.023,0.56,-0.94,0.049,-0.084,0.039,-0.266,57.34,33.78
"2025-02-20 16:00:00",14031,12.91,402,0,-0.015,0.47,-0.74,0.041,-0.067,0.04,-0.231,54.84,35.65
"2025-02-20 16:30:00",14032,12.91,402,0,0.01,0.45,-0.38,0.04,-0.034,0.045,-0.174,52.77,37.59
"2025-02-20 17:00:00",14033,12.91,402,0,-0.008,0.11,-0.24,0.01,-0.022,0.02,-0.11,54.19,39.28
"2025-02-20 17:30:00",14034,12.9,402,0,-0.009,0.05,-0.19,0.004,-0.018,0.008,-0.078,55.41,41.16
"2025-02-20 18:00:00",14035,12.89,402,0,-0.016,-0.08,-0.13,-0.008,-0.012,-0.012,-0.051,54.32,41.45
"2025-02-20 18:30:00",14036,12.89,402,0,-0.02,-0.13,-0.12,-0.012,-0.012,-0.012,-0.048,53.66,41.62
"2025-02-20 19:00:00",14037,12.89,402,0,-0.027,-0.13,-0.21,-0.012,-0.019,-0.023,-0.05,49.54,40.79
"2025-02-20 19:30:00",14038,12.89,402,0,-0.028,-0.14,-0.21,-0.013,-0.019,-0.024,-0.039,50.37,42.29
"2025-02-20 20:00:00",14039,12.89,402,0,-0.05,-0.36,-0.25,-0.032,-0.023,-0.037,-0.045,45.95,40.08
"2025-02-20 20:30:00",14040,12.88,402,0,-0.058,-0.4,-0.3,-0.036,-0.027,-0.053,-0.047,45.23,40.18
"2025-02-20 21:00:00",14041,12.88,402,0,-0.078,-0.49,-0.46,-0.045,-0.041,-0.07,-0.057,44.26,39.37
"2025-02-20 21:30:00",14042,12.88,402,0,-0.07,-0.32,-0.54,-0.029,-0.049,-0.073,-0.068,41.83,36.94
"2025-02-20 22:00:00",14043,12.88,402,0,-0.067,-0.26,-0.58,-0.024,-0.052,-0.074,-0.077,38.9,36.48
"2025-02-20 22:30:00",14044,12.88,402,0,-0.053,-0.13,-0.55,-0.012,-0.05,-0.065,-0.078,42.3,34.37
"2025-02-20 23:00:00",14045,12.87,402,0,-0.066,-0.2,-0.63,-0.018,-0.056,-0.066,-0.083,40.91,35.04
"2025-02-20 23:30:00",14046,12.87,402,0,-0.045,-0.06,-0.52,-0.006,-0.047,-0.061,-0.079,43.34,34.18
"2025-02-21 00:00:00",14047,12.87,402,0,-0.046,-0.06,-0.53,-0.006,-0.048,-0.057,-0.084,41.26,34.82
"2025-02-21 00:30:00",14048,12.87,402,0,-0.053,-0.19,-0.47,-0.018,-0.042,-0.062,-0.087,41.52,32.77
"2025-02-21 01:00:00",14049,12.87,402,0,-0.052,-0.13,-0.53,-0.012,-0.048,-0.057,-0.091,42.51,33.09
"2025-02-21 01:30:00",14050,12.86,402,0,-0.06,-0.26,-0.48,-0.024,-0.043,-0.057,-0.085,40.34,34.22
"2025-02-21 02:00:00",14051,12.86,402,0,-0.032,0,-0.42,0,-0.038,-0.041,-0.081,40.46,33.35
"2025-02-21 02:30:00",14052,12.86,402,0,-0.032,0,-0.42,0,-0.038,-0.045,-0.081,43.65,33.92
"2025-02-21 03:00:00",14053,12.86,402,0,-0.016,0.12,-0.35,0.011,-0.032,-0.034,-0.077,42.37,33.87
"2025-02-21 03:30:00",14054,12.86,402,0,-0.016,0.06,-0.29,0.006,-0.027,-0.035,-0.07,43.19,32.79
"2025-02-21 04:00:00",14055,12.85,402,0,-0.026,0,-0.35,0,-0.032,-0.034,-0.073,45.66,33.87
"2025-02-21 04:30:00",14056,12.86,402,0,-0.031,-0.05,-0.35,-0.006,-0.032,-0.034,-0.07,43.86,33.46
"2025-02-21 05:00:00",14057,12.86,402,0,-0.021,0,-0.28,0,-0.026,-0.029,-0.069,45.32,32.7
"2025-02-21 05:30:00",14058,12.85,402,0,-0.016,0.06,-0.28,0.005,-0.026,-0.029,-0.066,45.16,32.7
"2025-02-21 06:00:00",14059,12.85,402,0,-0.015,0.12,-0.34,0.01,-0.031,-0.024,-0.065,43.89,33.65
"2025-02-21 06:30:00",14060,12.85,402,0,-0.026,0,-0.34,0,-0.031,-0.028,-0.062,44.02,33.87
"2025-02-21 07:00:00",14061,12.85,402,0,-0.021,0,-0.28,0,-0.025,-0.028,-0.061,42.31,33.15
"2025-02-21 07:30:00",14062,12.85,402,0,-0.025,-0.05,-0.28,-0.005,-0.025,-0.034,-0.055,44.3,33.49
"2025-02-21 08:00:00",14063,12.85,402,0,-0.038,-0.19,-0.28,-0.018,-0.026,-0.052,-0.062,42.46,32.06
"2025-02-21 08:30:00",14064,12.85,402,0,-0.058,-0.36,-0.35,-0.033,-0.032,-0.073,-0.063,41.73,33.39
"2025-02-21 09:00:00",14065,12.85,402,0,-0.054,-0.3,-0.36,-0.027,-0.032,-0.075,-0.067,40.5,33.65
"2025-02-21 09:30:00",14066,12.85,402,0,-0.068,-0.46,-0.36,-0.042,-0.032,-0.081,-0.074,41.26,33.59
"2025-02-21 10:00:00",14067,12.86,402,0,-0.06,-0.43,-0.29,-0.039,-0.027,-0.081,-0.07,43.82,33.69
"2025-02-21 10:30:00",14068,12.86,402,0,-0.01,0.12,-0.28,0.01,-0.026,-0.032,-0.07,46.79,35.74
"2025-02-21 11:00:00",14069,12.87,402,0,-0.003,-0.04,0,-0.004,0,-0.02,-0.065,51.41,35.52
"2025-02-21 11:30:00",14070,12.87,402,0,-0.009,-0.04,-0.08,-0.005,-0.008,-0.014,-0.059,63.44,41.69
"2025-02-21 12:00:00",14071,12.87,402,0,-0.059,-0.32,-0.4,-0.029,-0.037,-99,-0.086,60.91,44.2
"2025-02-21 12:30:00",14072,12.88,402,0,-0.096,-0.47,-0.71,-0.043,-0.064,-0.065,-0.138,51.99,47.36
"2025-02-21 13:00:00",14073,12.88,402,0,-0.09,-0.09,-1.06,-0.009,-0.095,-0.008,-0.225,45,42.43
"2025-02-21 13:30:00",14074,12.88,402,0,-0.07,0.5,-1.47,0.044,-0.131,0,-0.332,46.18,33.75
"2025-02-21 14:00:00",14075,12.88,402,0,-0.041,0.77,-1.41,0.069,-0.126,0.062,-0.405,43.88,32.67
"2025-02-21 14:30:00",14076,12.88,402,0,-0.017,0.94,-1.3,0.083,-0.116,0.068,-0.43,47.56,28.4
"2025-02-21 15:00:00",14077,12.88,402,0,-0.053,0.78,-1.58,0.069,-0.141,0.05,-0.42,44.08,26.71
"2025-02-21 15:30:00",14078,12.88,402,0,-0.038,0.83,-1.44,0.073,-0.129,0.05,-0.38,47.7,28.29
"2025-02-21 16:00:00",14079,12.88,402,0,0.023,1,-0.84,0.088,-0.076,0.058,-0.336,48.13,25.58
"2025-02-21 16:30:00",14080,12.88,402,0,0,0.55,-0.62,0.048,-0.056,0.043,-0.291,47.8,24.82
"2025-02-21 17:00:00",14081,12.88,402,0,0.085,0.79,0.19,0.07,0.017,0.044,-0.2,47.95,27.13
"2025-02-21 17:30:00",14082,12.88,402,0,0.067,0.6,0.18,0.053,0.016,0.028,-0.217,46.56,28.36
"2025-02-21 18:00:00",14083,12.87,402,0,0.021,0.24,0,0.021,0,0.008,-0.215,48.49,28.22
"2025-02-21 18:30:00",14084,12.87,402,0,0.021,0.24,0,0.021,0,0.008,-0.191,48.12,28.68
"2025-02-21 19:00:00",14085,12.86,402,0,0.027,0.07,0.27,0.006,0.024,-0.003,-0.179,49.94,28.44
"2025-02-21 19:30:00",14086,12.86,402,0,0.028,0.1,0.24,0.009,0.021,-0.003,-0.169,51.18,30.91
"2025-02-21 20:00:00",14087,12.85,402,0,0.026,0,0.33,0,0.029,-0.016,-0.136,50.58,30.3
"2025-02-21 20:30:00",14088,12.85,402,0,0.022,-0.02,0.3,-0.003,0.026,-0.011,-0.126,50.23,33.67
"2025-02-21 21:00:00",14089,12.84,402,0,-0.009,-0.19,0.09,-0.018,0.008,-0.022,-0.122,49.31,33.83
"2025-02-21 21:30:00",14090,12.84,402,0,0.028,0.38,-0.07,0.034,-0.007,0.015,-0.12,45.26,32.81
"2025-02-21 22:00:00",14091,12.84,402,0,0.01,0.25,-0.15,0.022,-0.015,0.01,-0.135,49.64,32.92
"2025-02-21 22:30:00",14092,12.83,402,0,-0.026,-0.05,-0.29,-0.005,-0.027,-0.01,-0.122,52.24,31.96
"2025-02-21 23:00:00",14093,12.83,402,0,-0.053,-0.11,-0.57,-0.01,-0.052,-0.01,-0.147,58.31,32.67
"2025-02-21 23:30:00",14094,12.83,402,0,0.029,0.56,-0.26,0.05,-0.024,0.039,-0.118,56.19,37.14
"2025-02-22 00:00:00",14095,12.82,402,0,-0.023,0.11,-0.43,0.01,-0.039,0.015,-0.128,57.73,36.37
"2025-02-22 00:30:00",14096,12.82,402,0,-0.022,0,-0.29,0,-0.026,0,-0.098,56.47,35.64
"2025-02-22 01:00:00",14097,12.81,402,0,-0.011,0.05,-0.21,0.005,-0.02,0.009,-0.092,56.55,38.48
"2025-02-22 01:30:00",14098,12.81,402,0,-0.015,0,-0.2,0,-0.018,0,-0.073,53.87,39.92
"2025-02-22 02:00:00",14099,12.81,402,0,-0.034,-0.1,-0.33,-0.01,-0.03,-0.023,-0.067,51.23,41.25
"2025-02-22 02:30:00",14100,12.8,402,0,-0.019,0,-0.26,0,-0.024,-0.024,-0.061,47.68,40.74
"2025-02-22 03:00:00",14101,12.8,402,0,-0.082,-0.55,-0.44,-0.05,-0.039,-0.073,-0.06,47.45,40.91
"2025-02-22 03:30:00",14102,12.79,402,0,-0.114,-0.72,-0.65,-0.064,-0.058,-0.098,-0.075,46.31,37.72
"2025-02-22 04:00:00",14103,12.79,402,0,-0.106,-0.58,-0.71,-0.052,-0.064,-0.093,-0.084,45.3,36.81
"2025-02-22 04:30:00",14104,12.79,402,0,-0.105,-0.5,-0.79,-0.045,-0.071,-0.087,-0.088,46.22,35.66
"2025-02-22 05:00:00",14105,12.78,402,0,-0.079,-0.29,-0.69,-0.027,-0.062,-0.059,-0.088,47.09,35.3
"2025-02-22 05:30:00",14106,12.78,402,0,-0.075,-0.34,-0.59,-0.031,-0.053,-0.053,-0.073,49.06,34.54
"2025-02-22 06:00:00",14107,12.78,402,0,-0.069,-0.27,-0.59,-0.025,-0.053,-0.042,-0.06,49.21,35.1
"2025-02-22 06:30:00",14108,12.77,402,0,-0.046,-0.21,-0.37,-0.019,-0.034,-0.035,-0.047,48.8,35.1
"2025-02-22 07:00:00",14109,12.77,402,0,-0.045,-0.2,-0.36,-0.018,-0.033,-0.034,-0.044,49.05,35.51
"2025-02-22 07:30:00",14110,12.76,402,0,-0.035,-0.09,-0.36,-0.009,-0.032,-0.025,-0.043,49.79,34.85
"2025-02-22 08:00:00",14111,12.76,402,0,-0.031,-0.1,-0.3,-0.009,-0.027,-0.035,-0.04,49.77,35.4
"2025-02-22 08:30:00",14112,12.76,402,0,-0.084,-0.54,-0.47,-0.049,-0.042,-0.062,-0.055,49.44,35.6
"2025-02-22 09:00:00",14113,12.77,402,0,-0.075,-0.48,-0.43,-0.043,-0.039,-0.075,-0.053,49.84,36.16
"2025-02-22 09:30:00",14114,12.77,402,0,-0.072,-0.44,-0.44,-0.04,-0.039,-0.074,-0.057,48.76,35.9
"2025-02-22 10:00:00",14115,12.78,402,0,-0.094,-0.68,-0.44,-0.061,-0.04,-0.094,-0.054,48.42,36.23
"2025-02-22 10:30:00",14116,12.79,402,0,-0.125,-0.88,-0.62,-0.079,-0.056,-0.108,-0.062,48.29,36.68
"2025-02-22 11:00:00",14117,12.8,402,0,-0.042,-0.11,-0.43,-0.01,-0.039,-0.039,-0.058,52.46,37.82
"2025-02-22 11:30:00",14118,12.8,402,0,0.025,0.36,-0.09,0.032,-0.009,0.009,-0.057,59.66,40.79
"2025-02-22 12:00:00",14119,12.81,402,0,0.029,0.41,-0.09,0.036,-0.009,-99,-0.059,-99,43.58
"2025-02-22 12:30:00",14120,12.81,402,0,-0.051,-0.08,-0.58,-0.008,-0.052,-99,-0.084,-99,42.98
"2025-02-22 13:00:00",14121,12.81,402,0,-0.044,0.09,-0.68,0.008,-0.061,-0.015,-0.121,54.35,42.99
"2025-02-22 13:30:00",14122,12.82,402,0,-0.04,0.37,-0.95,0.032,-0.085,0,-0.178,51.14,40.92
"2025-02-22 14:00:00",14123,12.82,402,0,-0.026,0.54,-0.96,0.048,-0.086,0.037,-0.252,44.86,35.72
"2025-02-22 14:30:00",14124,12.83,402,0,-0.04,0.64,-1.25,0.056,-0.112,0.035,-0.29,45.66,28.73
"2025-02-22 15:00:00",14125,12.83,402,0,-0.012,0.85,-1.13,0.075,-0.101,0.052,-0.299,48.22,26.59
"2025-02-22 15:30:00",14126,12.83,402,0,-0.008,0.71,-0.92,0.063,-0.083,0.04,-0.294,47.3,25.16
"2025-02-22 16:00:00",14127,12.83,402,0,-0.006,0.42,-0.57,0.037,-0.051,0.024,-0.282,47.88,24.76
"2025-02-22 16:30:00",14128,12.83,402,0,0.014,0.48,-0.37,0.043,-0.034,0.026,-0.232,47.86,24.98
"2025-02-22 17:00:00",14129,12.83,402,0,0.019,0.36,-0.17,0.032,-0.016,0.017,-0.221,48.07,26.32
"2025-02-22 17:30:00",14130,12.82,402,0,0.013,0.29,-0.16,0.025,-0.015,0.008,-0.206,48.83,26.78
"2025-02-22 18:00:00",14131,12.82,402,0,-0.012,0.14,-0.32,0.013,-0.029,0,-0.211,47.92,26.42
"2025-02-22 18:30:00",14132,12.81,402,0,0.012,0.14,0,0.012,0,0.003,-0.192,49.57,28.22
"2025-02-22 19:00:00",14133,12.8,402,0,0.023,0.03,0.26,0.003,0.023,-0.011,-0.164,49.66,29.4
"2025-02-22 19:30:00",14134,12.8,402,0,0.041,0.07,0.45,0.006,0.04,-0.006,-0.136,50.28,31.41
"2025-02-22 20:00:00",14135,12.79,402,0,0.028,-0.02,0.38,-0.003,0.034,-0.014,-0.115,50.7,33.16
"2025-02-22 20:30:00",14136,12.79,402,0,0.014,-0.19,0.4,-0.018,0.036,-0.025,-0.084,49.81,33.91
"2025-02-22 21:00:00",14137,12.78,402,0,-0.059,-0.41,-0.3,-0.037,-0.028,-0.052,-0.138,53.88,33.19
"2025-02-22 21:30:00",14138,12.77,402,0,0.014,0.28,-0.14,0.025,-0.013,0.014,-0.12,50.95,33.15
"2025-02-22 22:00:00",14139,12.77,402,0,0.011,0.3,-0.2,0.027,-0.019,0.026,-0.111,52.68,34.05
"2025-02-22 22:30:00",14140,12.76,402,0,0.052,0.76,-0.19,0.067,-0.018,0.05,-0.111,57.26,33.84
"2025-02-22 23:00:00",14141,12.76,402,0,0.023,0.52,-0.3,0.046,-0.028,0.045,-0.107,54.87,35.27
"2025-02-22 23:30:00",14142,12.75,402,0,0.032,0.56,-0.22,0.05,-0.021,0.049,-0.096,57.29,37.44
"2025-02-23 00:00:00",14143,12.75,402,0,0.017,0.38,-0.21,0.033,-0.019,0.024,-0.096,59.52,39.66
"2025-02-23 00:30:00",14144,12.75,402,0,0,0.21,-0.25,0.019,-0.023,0.014,-0.083,57.61,39.4
"2025-02-23 01:00:00",14145,12.75,402,0,-0.009,0.1,-0.24,0.009,-0.022,0.004,-0.074,58.12,40.89
"2025-02-23 01:30:00",14146,12.74,402,0,-0.02,0,-0.27,0,-0.025,-0.013,-0.074,56.18,42.64
"2025-02-23 02:00:00",14147,12.74,402,0,-0.031,-0.09,-0.31,-0.009,-0.028,-0.022,-0.066,54.02,41.82
"2025-02-23 02:30:00",14148,12.74,402,0,-0.023,-0.04,-0.26,-0.005,-0.024,-0.027,-0.06,51.5,42.08
"2025-02-23 03:00:00",14149,12.74,402,0,-0.028,-0.11,-0.25,-0.01,-0.023,-0.042,-0.054,48.5,40.58
"2025-02-23 03:30:00",14150,12.74,402,0,-0.046,-0.23,-0.34,-0.022,-0.031,-0.053,-0.059,45.99,40.53
"2025-02-23 04:00:00",14151,12.74,402,0,-0.067,-0.38,-0.44,-0.034,-0.04,-0.076,-0.065,46.06,38.96
"2025-02-23 04:30:00",14152,12.73,402,0,-0.085,-0.51,-0.52,-0.046,-0.047,-0.093,-0.069,47.23,37.81
"2025-02-23 05:00:00",14153,12.73,402,0,-0.083,-0.39,-0.63,-0.036,-0.057,-0.09,-0.072,47.51,37.68
"2025-02-23 05:30:00",14154,12.73,402,0,-0.099,-0.6,-0.6,-0.054,-0.054,-0.107,-0.076,46.82,36.01
"2025-02-23 06:00:00",14155,12.73,402,0,-0.077,-0.39,-0.55,-0.035,-0.05,-0.084,-0.076,47.44,37.04
"2025-02-23 06:30:00",14156,12.73,402,0,-0.076,-0.38,-0.55,-0.034,-0.05,-0.078,-0.076,49.03,36.17
"2025-02-23 07:00:00",14157,12.73,402,0,-0.074,-0.31,-0.61,-0.028,-0.055,-0.062,-0.08,49.08,35.96
"2025-02-23 07:30:00",14158,12.73,402,0,-0.055,-0.18,-0.51,-0.017,-0.046,-0.058,-0.074,49.71,35.61
"2025-02-23 08:00:00",14159,12.72,402,0,-0.058,-0.26,-0.46,-0.024,-0.042,-0.066,-0.069,48.3,36.68
"2025-02-23 08:30:00",14160,12.72,402,0,-0.089,-0.56,-0.52,-0.05,-0.047,-0.087,-0.076,47.78,36.15
"2025-02-23 09:00:00",14161,12.73,402,0,-0.046,-0.27,-0.3,-0.025,-0.027,-0.056,-0.07,51.57,37.48
"2025-02-23 09:30:00",14162,12.73,402,0,-0.018,-0.1,-0.13,-0.01,-0.012,-99,-0.075,-99,42.63
"2025-02-23 10:00:00",14163,12.74,402,0,-0.062,-0.06,-0.74,-0.007,-0.066,-0.013,-0.096,54.66,44.53
"2025-02-23 10:30:00",14164,12.75,402,0,-0.043,0.23,-0.82,0.021,-0.073,0.027,-0.149,44.69,44.74
"2025-02-23 11:00:00",14165,12.76,402,0,0.01,0.87,-0.86,0.077,-0.077,0.059,-0.216,46.63,35.27
"2025-02-23 11:30:00",14166,12.77,402,0,-0.002,0.56,-0.67,0.049,-0.06,0.039,-0.24,46.55,29.02
"2025-02-23 12:00:00",14167,12.77,402,0,0.031,0.75,-0.45,0.067,-0.041,0.056,-0.206,49.3,28.09
"2025-02-23 12:30:00",14168,12.78,402,0,0.146,0.63,1.16,0.056,0.103,0.036,-0.082,49.79,28.48
"2025-02-23 13:00:00",14169,12.78,402,0,0.188,0.76,1.55,0.067,0.137,0.036,-0.039,53.17,31.3
"2025-02-23 13:30:00",14170,12.78,402,0,0.173,0.45,1.71,0.04,0.152,0.026,0.026,53.69,33.62
"2025-02-23 14:00:00",14171,12.78,402,0,0.139,0.39,1.34,0.034,0.118,0.021,-0.017,55.27,35.88
"2025-02-23 14:30:00",14172,12.78,402,0,0.109,0.11,1.27,0.01,0.112,0.002,0.004,53.42,36.34
"2025-02-23 15:00:00",14173,12.79,402,0,0.139,0.63,1.07,0.056,0.095,0.03,-0.021,55.62,37.45
"2025-02-23 15:30:00",14174,12.79,402,0,0.106,0.35,0.96,0.031,0.085,0.014,-0.006,57.38,38.65
"2025-02-23 16:00:00",14175,12.79,402,0,0.096,0.33,0.85,0.03,0.076,0.016,-0.012,55.06,40.84
"2025-02-23 16:30:00",14176,12.78,402,0,0.042,0,0.54,0,0.048,-0.009,-0.017,54.79,41.96
"2025-02-23 17:00:00",14177,12.78,402,0,0.05,0.15,0.47,0.013,0.042,-0.003,-0.014,52.08,41.46
"2025-02-23 17:30:00",14178,12.78,402,0,0.033,-0.08,0.51,-0.008,0.045,-0.015,-0.017,51.74,42.6
"2025-02-23 18:00:00",14179,12.77,402,0,0.024,0,0.31,0,0.028,-0.013,-0.029,52.26,43.93
"2025-02-23 18:30:00",14180,12.76,402,0,0.009,-0.1,0.23,-0.01,0.02,-0.019,-0.031,54.56,43.2
"2025-02-23 19:00:00",14181,12.76,402,0,-0.005,-0.16,0.11,-0.015,0.01,-0.021,-0.04,54.61,43.39
"2025-02-23 19:30:00",14182,12.75,402,0,-0.015,-0.18,0,-0.017,0,-0.026,-0.037,54.76,43.96
"2025-02-23 20:00:00",14183,12.74,402,0,-0.021,-0.2,-0.06,-0.019,-0.007,-0.023,-0.043,56.41,42.73
"2025-02-23 20:30:00",14184,12.73,402,0,-0.031,-0.24,-0.14,-0.022,-0.013,-0.028,-0.047,56.37,43.66
"2025-02-23 21:00:00",14185,12.73,402,0,-0.121,-0.42,-1.08,-0.038,-0.096,-0.041,-0.131,54.66,41.8
"2025-02-23 21:30:00",14186,12.73,402,0,-0.025,-0.22,-0.08,-0.02,-0.008,-0.027,-0.051,54.01,39.91
"2025-02-23 22:00:00",14187,12.72,402,0,-0.027,-0.16,-0.18,-0.015,-0.016,-0.024,-0.056,54.37,39.86
"2025-02-23 22:30:00",14188,12.71,402,0,0.003,-0.13,0.19,-0.013,0.017,-0.02,-0.021,53.71,39.35
"2025-02-23 23:00:00",14189,12.71,402,0,0.02,-0.05,0.31,-0.005,0.027,-0.01,-0.031,52.91,38.15
"2025-02-23 23:30:00",14190,12.7,402,0,-0.031,-0.14,-0.25,-0.013,-0.023,-0.02,-0.054,51.9,38.88
"2025-02-24 00:00:00",14191,12.7,402,0,-0.087,-0.25,-0.84,-0.023,-0.076,-0.024,-0.103,51.1,37
"2025-02-24 00:30:00",14192,12.7,402,0,-0.066,-0.19,-0.64,-0.017,-0.058,-0.019,-0.096,50.59,35.92
"2025-02-24 01:00:00",14193,12.69,402,0,-0.078,-0.38,-0.58,-0.034,-0.052,-0.035,-0.1,51.27,37.73
"2025-02-24 01:30:00",14194,12.69,402,0,-0.076,-0.31,-0.63,-0.029,-0.057,-0.032,-0.1,52.21,36.47
"2025-02-24 02:00:00",14195,12.69,402,0,-0.064,-0.25,-0.55,-0.023,-0.049,-0.033,-0.1,52.58,36.42
"2025-02-24 02:30:00",14196,12.69,402,0,-0.083,-0.24,-0.8,-0.022,-0.072,-0.027,-0.119,52.69,37.2
"2025-02-24 03:00:00",14197,12.68,402,0,-0.063,-0.25,-0.53,-0.023,-0.048,-0.024,-0.114,52,38.32
"2025-02-24 03:30:00",14198,12.68,402,0,-0.099,-0.41,-0.81,-0.037,-0.073,-0.038,-0.104,52.01,37.24
"2025-02-24 04:00:00",14199,12.68,402,0,0.029,0.28,0.06,0.025,0.005,0.003,-0.086,49.6,37.3
"2025-02-24 04:30:00",14200,12.68,402,0,-0.033,0.08,-0.52,0.007,-0.047,-0.01,-0.111,50.57,36.21
"2025-02-24 05:00:00",14201,12.68,402,0,-0.049,0.04,-0.68,0.004,-0.061,-0.014,-0.108,48.7,35.99
"2025-02-24 05:30:00",14202,12.68,402,0,0.006,0.59,-0.59,0.052,-0.053,0.03,-0.116,50.66,35.59
"2025-02-24 06:00:00",14203,12.68,402,0,0.006,0.33,-0.3,0.03,-0.027,0.019,-0.1,53.38,34.76
"2025-02-24 06:30:00",14204,12.67,402,0,0.001,0.05,-0.05,0.005,-0.005,0.009,-0.09,55.33,34.4
"2025-02-24 07:00:00",14205,12.66,402,0,0.023,0.36,-0.12,0.032,-0.011,0.027,-0.092,60.3,33.59
"2025-02-24 07:30:00",14206,12.67,402,0,0.039,0.76,-0.36,0.067,-0.033,0.058,-0.101,61.84,35.39
"2025-02-24 08:00:00",14207,12.66,402,0,0.004,0.2,-0.17,0.018,-0.016,-99,-0.1,-99,35.79
"2025-02-24 08:30:00",14208,12.67,402,0,-0.05,0.11,-0.78,0.01,-0.07,-99,-0.135,-99,34.77
"2025-02-24 09:00:00",14209,12.67,402,0,-0.04,0.08,-0.62,0.007,-0.056,-99,-0.142,-99,32.34
"2025-02-24 09:30:00",14210,12.67,402,0,-0.048,0.06,-0.69,0.005,-0.062,-0.01,-0.185,48.31,28.31
"2025-02-24 10:00:00",14211,12.67,402,0,-0.015,0.45,-0.71,0.04,-0.064,0.019,-0.209,46.91,26.66
"2025-02-24 10:30:00",14212,12.68,402,0,-0.068,0.1,-1,0.009,-0.09,-0.008,-0.211,49.61,25.95
"2025-02-24 11:00:00",14213,12.69,402,0,-0.003,0.15,-0.22,0.013,-0.02,0,-0.13,51.81,28.31
"2025-02-24 11:30:00",14214,12.7,402,0,-0.006,0.03,-0.12,0.002,-0.011,-0.009,-0.077,55.59,33.49
"2025-02-24 12:00:00",14215,12.7,402,0,0.005,-0.02,0.09,-0.002,0.008,-0.009,-0.049,55.38,38.2
"2025-02-24 12:30:00",14216,12.71,402,0,0.093,0.46,0.67,0.041,0.059,0.026,-0.003,59.98,45.11
"2025-02-24 13:00:00",14217,12.72,402,0,0.076,0.13,0.83,0.012,0.073,0.002,0.016,57.87,45.47
"2025-02-24 13:30:00",14218,12.72,402,0,0.123,0.42,1.1,0.037,0.097,0.023,0.034,58.99,46.18
"2025-02-24 14:00:00",14219,12.72,402,0,0.136,0.41,1.28,0.036,0.113,0.021,0.047,57.78,47.02
"2025-02-24 14:30:00",14220,12.73,402,0,0.136,0.44,1.24,0.039,0.11,0.021,0.044,56.76,48.05
"2025-02-24 15:00:00",14221,12.73,402,0,0.12,0.33,1.16,0.03,0.103,0.014,0.039,55.67,47.62
"2025-02-24 15:30:00",14222,12.73,402,0,0.107,0.32,1.01,0.029,0.089,0.016,0.031,57.76,48.63
"2025-02-24 16:00:00",14223,12.73,402,0,0.111,0.37,1,0.033,0.089,0.014,0.031,55.68,48.45
"2025-02-24 16:30:00",14224,12.73,402,0,0.053,0,0.68,0,0.06,-0.004,0.018,59.47,48.7
"2025-02-24 17:00:00",14225,12.73,402,0,0.081,0.3,0.7,0.027,0.062,0.007,0.013,52.68,46.27
"2025-02-24 17:30:00",14226,12.72,402,0,0.052,0.09,0.57,0.008,0.051,-0.008,-0.008,52.3,45.22
"2025-02-24 18:00:00",14227,12.72,402,0,0.033,0.06,0.36,0.005,0.032,-0.012,-0.014,52.99,44.67
"2025-02-24 18:30:00",14228,12.71,402,0,0.012,-0.08,0.25,-0.008,0.022,-0.019,-0.019,54.14,44.99
"2025-02-24 19:00:00",14229,12.7,402,0,0.001,-0.05,0.07,-0.005,0.006,-0.017,-0.025,55.16,46.02
"2025-02-24 19:30:00",14230,12.69,402,0,-0.015,-0.16,-0.02,-0.015,-0.003,-0.021,-0.036,55.44,46.3
"2025-02-24 20:00:00",14231,12.69,402,0,-0.014,-0.15,-0.02,-0.015,-0.003,-0.021,-0.033,55.54,46.39
"2025-02-24 20:30:00",14232,12.68,402,0,-0.022,-0.21,-0.06,-0.019,-0.006,-0.023,-0.033,57.1,46.71
"2025-02-24 21:00:00",14233,12.68,402,0,-0.025,-0.18,-0.13,-0.017,-0.012,-0.026,-0.041,56.13,46
"2025-02-24 21:30:00",14234,12.67,402,0,-0.033,-0.24,-0.16,-0.022,-0.015,-0.026,-0.041,57.3,46.25
"2025-02-24 22:00:00",14235,12.67,402,0,-0.035,-0.29,-0.13,-0.027,-0.012,-0.033,-0.038,54.69,47.18
"2025-02-24 22:30:00",14236,12.67,402,0,-0.025,-0.15,-0.16,-0.014,-0.015,-0.023,-0.035,55.76,46.45
"2025-02-24 23:00:00",14237,12.66,402,0,-0.035,-0.24,-0.19,-0.022,-0.018,-0.026,-0.041,54.92,47.42
"2025-02-24 23:30:00",14238,12.65,402,0,-0.035,-0.24,-0.19,-0.022,-0.018,-0.028,-0.041,56.01,46.19
"2025-02-25 00:00:00",14239,12.66,402,0,-0.043,-0.29,-0.23,-0.027,-0.021,-0.031,-0.044,54.96,46.22
"2025-02-25 00:30:00",14240,12.66,402,0,-0.045,-0.32,-0.23,-0.029,-0.021,-0.033,-0.043,56.62,46.9
"2025-02-25 01:00:00",14241,12.65,402,0,-0.045,-0.35,-0.19,-0.032,-0.018,-0.035,-0.041,54.73,45.58
"2025-02-25 01:30:00",14242,12.65,402,0,-0.039,-0.27,-0.2,-0.025,-0.018,-0.029,-0.044,55.91,45.36
"2025-02-25 02:00:00",14243,12.65,402,0,-0.039,-0.25,-0.23,-0.023,-0.022,-0.031,-0.047,55.52,46.11
"2025-02-25 02:30:00",14244,12.65,402,0,-0.036,-0.24,-0.2,-0.022,-0.019,-0.029,-0.044,55.82,45.42
"2025-02-25 03:00:00",14245,12.64,402,0,-0.036,-0.24,-0.2,-0.022,-0.018,-0.026,-0.044,55.8,46.64
"2025-02-25 03:30:00",14246,12.64,402,0,-0.041,-0.3,-0.2,-0.027,-0.018,-0.031,-0.044,55.62,45.63
"2025-02-25 04:00:00",14247,12.64,402,0,-0.046,-0.33,-0.23,-0.03,-0.021,-0.034,-0.044,54.72,46.13
"2025-02-25 04:30:00",14248,12.64,402,0,-0.038,-0.24,-0.23,-0.022,-0.021,-0.028,-0.047,56.29,45.64
"2025-02-25 05:00:00",14249,12.63,402,0,-0.04,-0.29,-0.19,-0.027,-0.018,-0.031,-0.041,57.08,47.1
"2025-02-25 05:30:00",14250,12.63,402,0,-0.035,-0.24,-0.19,-0.022,-0.018,-0.028,-0.041,55.99,45.86
"2025-02-25 06:00:00",14251,12.63,402,0,-0.039,-0.27,-0.2,-0.025,-0.018,-0.028,-0.041,57.13,46.48
"2025-02-25 06:30:00",14252,12.63,402,0,-0.044,-0.3,-0.23,-0.027,-0.021,-0.028,-0.047,56.82,46.02
"2025-02-25 07:00:00",14253,12.63,402,0,-0.04,-0.29,-0.19,-0.027,-0.018,-0.03,-0.044,56.84,46.04
"2025-02-25 07:30:00",14254,12.63,402,0,-0.037,-0.26,-0.19,-0.024,-0.018,-0.03,-0.041,56.67,46.69
"2025-02-25 08:00:00",14255,12.63,402,0,-0.029,-0.2,-0.16,-0.019,-0.015,-0.025,-0.043,58.47,47.92
"2025-02-25 08:30:00",14256,12.62,402,0,-0.025,-0.19,-0.12,-0.018,-0.011,-0.022,-0.037,57.83,47.85
"2025-02-25 09:00:00",14257,12.63,402,0,-0.033,-0.28,-0.12,-0.026,-0.011,-0.028,-0.036,61.63,50.02
"2025-02-25 09:30:00",14258,12.63,402,0,-0.02,-0.22,-0.02,-0.02,-0.003,-0.022,-0.026,58.61,49.21
"2025-02-25 10:00:00",14259,12.64,402,0,0.012,-0.02,0.18,-0.002,0.016,-0.009,-0.013,61.46,50.94
"2025-02-25 10:30:00",14260,12.64,402,0,0.029,0.05,0.31,0.004,0.027,-0.002,-0.005,60.93,50.16
"2025-02-25 11:00:00",14261,12.64,402,0,0.052,0.15,0.49,0.013,0.044,0.007,0.008,59.99,50.71
"2025-02-25 11:30:00",14262,12.65,402,0,0.077,0.25,0.7,0.022,0.062,0.013,0.02,59.99,51.43
"2025-02-25 12:00:00",14263,12.66,402,0,0.143,0.64,1.11,0.056,0.098,0.044,0.051,61.86,49.46
"2025-02-25 12:30:00",14264,12.66,402,0,0.135,0.48,1.19,0.043,0.106,0.031,0.058,60.74,49.72
"2025-02-25 13:00:00",14265,12.66,402,0,0.127,0.39,1.18,0.035,0.105,0.019,0.054,55.91,49.81
"2025-02-25 13:30:00",14266,12.67,402,0,0.156,0.53,1.39,0.047,0.123,0.035,0.07,59.03,50.73
"2025-02-25 14:00:00",14267,12.66,402,0,0.142,0.48,1.28,0.042,0.113,0.031,0.06,60.98,52.27
"2025-02-25 14:30:00",14268,12.66,402,0,0.105,0.31,0.99,0.028,0.088,0.012,0.035,55.28,48.21
"2025-02-25 15:00:00",14269,12.67,402,0,0.07,0.17,0.7,0.015,0.062,0.002,0.016,55.27,46.4
"2025-02-25 15:30:00",14270,12.67,402,0,0.02,-0.12,0.39,-0.012,0.034,-0.018,0,56.8,48.09
"2025-02-25 16:00:00",14271,12.66,402,0,0.061,0.19,0.57,0.017,0.051,0.005,0.013,57.32,48.2
"2025-02-25 16:30:00",14272,12.66,402,0,0.029,-0.1,0.49,-0.01,0.043,-0.016,0.008,55.76,49.25
"2025-02-25 17:00:00",14273,12.66,402,0,0.045,0.12,0.44,0.01,0.039,-0.005,0,54.07,47.56
"2025-02-25 17:30:00",14274,12.66,402,0,0.041,0.06,0.46,0.006,0.041,-0.008,-0.006,52.35,45.68
"2025-02-25 18:00:00",14275,12.65,402,0,0.012,-0.09,0.26,-0.008,0.023,-0.018,-0.014,52.34,44.44
"2025-02-25 18:30:00",14276,12.65,402,0,0.005,-0.08,0.15,-0.008,0.013,-0.02,-0.026,53.69,44.13
"2025-02-25 19:00:00",14277,12.64,402,0,-0.011,-0.17,0.04,-0.016,0.003,-0.025,-0.031,53.88,44.33
"2025-02-25 19:30:00",14278,12.63,402,0,-0.021,-0.22,-0.03,-0.021,-0.003,-0.027,-0.034,54.57,44.86
"2025-02-25 20:00:00",14279,12.63,402,0,-0.025,-0.2,-0.1,-0.019,-0.01,-0.025,-0.041,54.18,43.96
"2025-02-25 20:30:00",14280,12.62,402,0,-0.015,-0.13,-0.06,-0.013,-0.007,-0.019,-0.037,55.07,44.28
"2025-02-25 21:00:00",14281,12.61,402,0,-0.053,-0.46,-0.17,-0.041,-0.016,-0.042,-0.042,53.47,44.99
"2025-02-25 21:30:00",14282,12.61,402,0,-0.035,-0.26,-0.17,-0.024,-0.016,-0.027,-0.046,54.52,44.54
"2025-02-25 22:00:00",14283,12.6,402,0,-0.036,-0.23,-0.21,-0.021,-0.02,-0.028,-0.046,54.1,44.13
"2025-02-25 22:30:00",14284,12.6,402,0,-0.034,-0.25,-0.17,-0.023,-0.016,-0.032,-0.043,55.17,45.77
"2025-02-25 23:00:00",14285,12.6,402,0,-0.044,-0.32,-0.21,-0.029,-0.019,-0.037,-0.043,53.64,44.9
"2025-02-25 23:30:00",14286,12.59,402,0,-0.046,-0.34,-0.21,-0.031,-0.019,-0.035,-0.046,54.46,44.9
"2025-02-26 00:00:00",14287,12.59,402,0,-0.046,-0.34,-0.21,-0.031,-0.019,-0.035,-0.046,54.8,45.09
"2025-02-26 00:30:00",14288,12.58,402,0,-0.043,-0.28,-0.25,-0.026,-0.023,-0.032,-0.049,54.09,44.94
"2025-02-26 01:00:00",14289,12.58,402,0,-0.038,-0.26,-0.21,-0.024,-0.02,-0.03,-0.046,54.06,44.91
"2025-02-26 01:30:00",14290,12.57,402,0,-0.046,-0.31,-0.25,-0.028,-0.023,-0.032,-0.049,55.15,45.43
"2025-02-26 02:00:00",14291,12.57,402,0,-0.054,-0.37,-0.28,-0.034,-0.026,-0.037,-0.046,53.72,44.57
"2025-02-26 02:30:00",14292,12.57,402,0,-0.038,-0.25,-0.21,-0.023,-0.019,-0.03,-0.049,54.98,45.41
"2025-02-26 03:00:00",14293,12.56,402,0,-0.05,-0.33,-0.28,-0.03,-0.026,-0.034,-0.049,55.48,44.68
"2025-02-26 03:30:00",14294,12.56,402,0,-0.045,-0.3,-0.25,-0.028,-0.023,-0.034,-0.049,55.33,44.68
"2025-02-26 04:00:00",14295,12.56,402,0,-0.041,-0.36,-0.13,-0.033,-0.013,-0.037,-0.037,54.18,45.69
"2025-02-26 04:30:00",14296,12.55,402,0,-0.045,-0.28,-0.27,-0.025,-0.025,-0.034,-0.048,55.74,44.94
"2025-02-26 05:00:00",14297,12.56,402,0,-0.049,-0.33,-0.27,-0.03,-0.025,-0.034,-0.05,55.86,45.22
"2025-02-26 05:30:00",14298,12.55,402,0,-0.044,-0.3,-0.24,-0.028,-0.022,-0.031,-0.048,56.22,45.68
"2025-02-26 06:00:00",14299,12.55,402,0,-0.05,-0.3,-0.31,-0.028,-0.028,-0.031,-0.048,55.98,45.59
"2025-02-26 06:30:00",14300,12.54,402,0,-0.049,-0.33,-0.27,-0.03,-0.025,-0.034,-0.045,54.45,45.3
"2025-02-26 07:00:00",14301,12.54,402,0,-0.047,-0.3,-0.27,-0.027,-0.025,-0.031,-0.05,55.58,46.02
"2025-02-26 07:30:00",14302,12.55,402,0,-0.041,-0.24,-0.27,-0.022,-0.025,-0.029,-0.047,55.05,46.16
"2025-02-26 08:00:00",14303,12.54,402,0,-0.043,-0.29,-0.23,-0.026,-0.021,-0.03,-0.044,58.96,46.67
"2025-02-26 08:30:00",14304,12.54,402,0,-0.015,-0.07,-0.12,-0.007,-0.012,-0.013,-0.035,61.04,47.94
"2025-02-26 09:00:00",14305,12.55,402,0,-0.048,-0.48,-0.08,-0.044,-0.008,-0.043,-0.031,60.24,48.63
"2025-02-26 09:30:00",14306,12.55,402,0,-0.019,-0.16,-0.08,-0.015,-0.008,-0.022,-0.029,62.51,49.67
"2025-02-26 10:00:00",14307,12.55,402,0,-0.027,-0.24,-0.08,-0.022,-0.008,-0.026,-0.026,61.05,48.48
"2025-02-26 10:30:00",14308,12.56,402,0,0.018,0.02,0.21,0.002,0.019,-0.004,-0.013,61.29,51.91
"2025-02-26 11:00:00",14309,12.57,402,0,0.007,-0.17,0.28,-0.016,0.025,-0.02,-0.005,57.96,49.5
"2025-02-26 11:30:00",14310,12.57,402,0,0.031,-0.04,0.44,-0.005,0.039,-0.014,0.003,58.8,48.6
"2025-02-26 12:00:00",14311,12.58,402,0,0.159,0.78,1.15,0.069,0.102,0.055,0.054,61.4,49.8
"2025-02-26 12:30:00",14312,12.58,402,0,0.114,0.33,1.08,0.029,0.096,0.016,0.044,58,49.54
"2025-02-26 13:00:00",14313,12.59,402,0,0.17,0.68,1.41,0.06,0.125,0.048,0.066,61.44,50.67
"2025-02-26 13:30:00",14314,12.58,402,0,0.167,0.57,1.49,0.05,0.132,0.041,0.072,63.56,51.31
"2025-02-26 14:00:00",14315,12.59,402,0,0.147,0.43,1.4,0.038,0.124,0.023,0.068,57.43,51.59
"2025-02-26 14:30:00",14316,12.59,402,0,0.155,0.51,1.41,0.045,0.125,0.03,0.067,58.48,51.26
"2025-02-26 15:00:00",14317,12.59,402,0,0.135,0.44,1.23,0.039,0.109,0.023,0.048,57.41,48.54
"2025-02-26 15:30:00",14318,12.59,402,0,0.123,0.38,1.14,0.033,0.101,0.021,0.048,57.97,48.85
"2025-02-26 16:00:00",14319,12.59,402,0,0.124,0.48,1.04,0.043,0.092,0.024,0.037,56.88,48.58
"2025-02-26 16:30:00",14320,12.59,402,0,0.079,0.19,0.79,0.017,0.07,0.007,0.029,58,49.54
"2025-02-26 17:00:00",14321,12.58,402,0,0.074,0.24,0.67,0.021,0.06,0.005,0.019,55.31,47.98
"2025-02-26 17:30:00",14322,12.58,402,0,0.04,0.03,0.48,0.003,0.042,-0.011,-0.003,52.77,44.46
"2025-02-26 18:00:00",14323,12.58,402,0,0.011,-0.08,0.23,-0.008,0.02,-0.021,-0.02,52.41,44.5
"2025-02-26 18:30:00",14324,12.57,402,0,-0.008,-0.17,0.08,-0.016,0.007,-0.026,-0.026,54.06,43.43
"2025-02-26 19:00:00",14325,12.57,402,0,-0.017,-0.2,0,-0.019,0,-0.025,-0.029,54.13,43.75
"2025-02-26 19:30:00",14326,12.56,402,0,-0.025,-0.23,-0.07,-0.021,-0.007,-0.025,-0.038,54.31,44.35
"2025-02-26 20:00:00",14327,12.55,402,0,-0.027,-0.23,-0.1,-0.021,-0.01,-0.028,-0.041,54.38,44
"2025-02-26 20:30:00",14328,12.55,402,0,-0.03,-0.26,-0.1,-0.024,-0.01,-0.03,-0.038,55.35,44.97
"2025-02-26 21:00:00",14329,12.54,402,0,-0.038,-0.29,-0.17,-0.026,-0.016,-0.03,-0.038,53.14,44
"2025-02-26 21:30:00",14330,12.53,402,0,-0.034,-0.25,-0.17,-0.023,-0.016,-0.032,-0.04,56.02,44.15
"2025-02-26 22:00:00",14331,12.54,402,0,-0.032,-0.25,-0.14,-0.023,-0.013,-0.03,-0.043,54.96,45.82
"2025-02-26 22:30:00",14332,12.53,402,0,-0.034,-0.25,-0.17,-0.023,-0.016,-0.027,-0.043,56.27,45.22
"2025-02-26 23:00:00",14333,12.53,402,0,-0.048,-0.34,-0.24,-0.031,-0.022,-0.032,-0.045,55.03,45.73
"2025-02-26 23:30:00",14334,12.53,402,0,-0.038,-0.25,-0.21,-0.023,-0.019,-0.032,-0.046,55.51,45.54
"2025-02-27 00:00:00",14335,12.53,402,0,-0.034,-0.25,-0.17,-0.023,-0.016,-0.029,-0.04,55.81,45.69
"2025-02-27 00:30:00",14336,12.52,402,0,-0.033,-0.21,-0.2,-0.02,-0.019,-0.024,-0.042,55.81,45.59
"2025-02-27 01:00:00",14337,12.52,402,0,-0.043,-0.32,-0.2,-0.029,-0.018,-0.033,-0.044,55.77,45.82
"2025-02-27 01:30:00",14338,12.52,402,0,-0.042,-0.31,-0.2,-0.028,-0.019,-0.034,-0.042,55.2,45.39
"2025-02-27 02:00:00",14339,12.52,402,0,-0.032,-0.22,-0.17,-0.02,-0.016,-0.027,-0.042,55.24,46.1
"2025-02-27 02:30:00",14340,12.52,402,0,-0.033,-0.21,-0.2,-0.02,-0.019,-0.026,-0.042,57.2,46.26
"2025-02-27 03:00:00",14341,12.52,402,0,-0.045,-0.32,-0.23,-0.03,-0.021,-0.036,-0.042,56.57,46.19
"2025-02-27 03:30:00",14342,12.52,402,0,-0.047,-0.36,-0.2,-0.032,-0.018,-0.036,-0.042,55.88,46.18
"2025-02-27 04:00:00",14343,12.51,402,0,-0.039,-0.28,-0.2,-0.025,-0.019,-0.029,-0.042,56.35,45.57
"2025-02-27 04:30:00",14344,12.52,402,0,-0.037,-0.29,-0.16,-0.027,-0.015,-0.033,-0.039,56.75,45.82
"2025-02-27 05:00:00",14345,12.51,402,0,-0.035,-0.27,-0.16,-0.025,-0.015,-0.029,-0.039,55.59,47.28
"2025-02-27 05:30:00",14346,12.51,402,0,-0.041,-0.3,-0.2,-0.027,-0.018,-0.031,-0.042,55.98,46.84
"2025-02-27 06:00:00",14347,12.52,402,0,-0.033,-0.27,-0.13,-0.025,-0.012,-0.029,-0.036,57.71,45.69
"2025-02-27 06:30:00",14348,12.52,402,0,-0.033,-0.24,-0.16,-0.022,-0.015,-0.026,-0.036,57.42,45.82
"2025-02-27 07:00:00",14349,12.51,402,0,-0.038,-0.27,-0.19,-0.024,-0.018,-0.028,-0.044,57.58,45.98
"2025-02-27 07:30:00",14350,12.52,402,0,-0.028,-0.21,-0.13,-0.019,-0.012,-0.023,-0.036,57.05,47.1
"2025-02-27 08:00:00",14351,12.51,402,0,-0.028,-0.27,-0.06,-0.025,-0.006,-0.026,-0.03,56.94,46.42
"2025-02-27 08:30:00",14352,12.51,402,0,-0.011,-0.12,-0.02,-0.012,-0.003,-0.016,-0.027,57.95,47.33
"2025-02-27 09:00:00",14353,12.51,402,0,-0.012,-0.17,0.03,-0.016,0.003,-0.021,-0.024,58.2,47.84
"2025-02-27 09:30:00",14354,12.52,402,0,0.024,-0.07,0.39,-0.007,0.034,-0.014,-0.003,58.07,47.15
"2025-02-27 10:00:00",14355,12.51,402,0,0.039,0.03,0.46,0.002,0.041,-0.005,0.003,57.32,49.02
"2025-02-27 10:30:00",14356,12.52,402,0,0.073,0.24,0.66,0.021,0.059,0.012,0.016,59.34,48.57
"2025-02-27 11:00:00",14357,12.52,402,0,0.083,0.23,0.8,0.02,0.071,0.007,0.022,56.52,47.97
"2025-02-27 11:30:00",14358,12.51,402,0,0.097,0.38,0.81,0.034,0.072,0.019,0.022,58.69,48.75
"2025-02-27 12:00:00",14359,12.52,402,0,0.085,0.32,0.73,0.028,0.064,0.016,0.019,59.92,48.07
"2025-02-27 12:30:00",14360,12.51,402,0,0.102,0.3,0.96,0.026,0.085,0.019,0.035,58.26,48.98
"2025-02-27 13:00:00",14361,12.51,402,0,0.094,0.23,0.94,0.02,0.084,0.007,0.035,56.92,47.39
"2025-02-27 13:30:00",14362,12.52,402,0,0.078,0.12,0.86,0.01,0.076,0,0.025,55.4,47.51
"2025-02-27 14:00:00",14363,12.51,402,0,0.081,0.22,0.79,0.02,0.07,0.007,0.019,56.85,46.91
"2025-02-27 14:30:00",14364,12.51,402,0,0.054,0.09,0.59,0.008,0.053,-0.002,0.006,55.88,46.6
"2025-02-27 15:00:00",14365,12.51,402,0,0.026,-0.02,0.35,-0.003,0.031,-0.012,-0.009,54.38,45.66
"2025-02-27 15:30:00",14366,12.51,402,0,0.01,-0.05,0.18,-0.005,0.016,-0.017,-0.017,56.16,46.05
"2025-02-27 16:00:00",14367,12.51,402,0,-0.009,-0.11,0,-0.011,0,-0.02,-0.029,57.41,44.84
"2025-02-27 16:30:00",14368,12.5,402,0,-0.021,-0.22,-0.03,-0.02,-0.003,-0.024,-0.031,53.91,45.19
"2025-02-27 17:00:00",14369,12.5,402,0,-0.027,-0.26,-0.06,-0.023,-0.006,-0.03,-0.031,54.69,45.14
"2025-02-27 17:30:00",14370,12.5,402,0,-0.026,-0.22,-0.1,-0.021,-0.01,-0.027,-0.034,55.19,45.65
"2025-02-27 18:00:00",14371,12.5,402,0,-0.029,-0.25,-0.1,-0.023,-0.01,-0.03,-0.031,55.89,45.53
"2025-02-27 18:30:00",14372,12.49,402,0,-0.029,-0.25,-0.1,-0.023,-0.01,-0.03,-0.037,54.29,44.9
"2025-02-27 19:00:00",14373,12.48,402,0,-0.043,-0.29,-0.24,-0.027,-0.022,-0.031,-0.039,56.52,47.14
"2025-02-27 19:30:00",14374,12.49,402,0,-0.026,-0.25,-0.06,-0.023,-0.006,-0.03,-0.037,54.55,46.08
"2025-02-27 20:00:00",14375,12.48,402,0,-0.037,-0.34,-0.1,-0.031,-0.009,-0.034,-0.037,56.28,45.66
"2025-02-27 20:30:00",14376,12.48,402,0,-0.041,-0.32,-0.17,-0.029,-0.016,-0.03,-0.04,55.26,44.48
"2025-02-27 21:00:00",14377,12.48,402,0,-0.034,-0.31,-0.1,-0.028,-0.009,-0.034,-0.037,55.96,44.36
"2025-02-27 21:30:00",14378,12.48,402,0,-0.035,-0.32,-0.1,-0.029,-0.01,-0.033,-0.034,56.01,45.65
"2025-02-27 22:00:00",14379,12.48,402,0,-0.029,-0.22,-0.13,-0.021,-0.013,-0.03,-0.043,54.75,46.84
"2025-02-27 22:30:00",14380,12.47,402,0,-0.032,-0.28,-0.1,-0.026,-0.01,-0.033,-0.034,55.55,45.18
"2025-02-27 23:00:00",14381,12.47,402,0,-0.044,-0.38,-0.14,-0.034,-0.013,-0.038,-0.04,54.4,44.85
"2025-02-27 23:30:00",14382,12.47,402,0,-0.03,-0.23,-0.14,-0.021,-0.013,-0.028,-0.041,53.7,45.22
"2025-02-28 00:00:00",14383,12.47,402,0,-0.031,-0.27,-0.1,-0.025,-0.01,-0.032,-0.038,54.19,44.63
"2025-02-28 00:30:00",14384,12.46,402,0,-0.034,-0.24,-0.18,-0.022,-0.017,-0.029,-0.042,53.32,43.92
"2025-02-28 01:00:00",14385,12.46,402,0,-0.038,-0.28,-0.18,-0.026,-0.017,-0.035,-0.044,54.51,44.13
"2025-02-28 01:30:00",14386,12.45,402,0,-0.039,-0.29,-0.18,-0.027,-0.017,-0.036,-0.041,53.86,45.37
"2025-02-28 02:00:00",14387,12.45,402,0,-0.039,-0.33,-0.14,-0.03,-0.014,-0.036,-0.041,53.55,44.4
"2025-02-28 02:30:00",14388,12.44,402,0,-0.028,-0.17,-0.18,-0.016,-0.017,-0.026,-0.048,54.54,44.97
"2025-02-28 03:00:00",14389,12.44,402,0,-0.062,-0.47,-0.28,-0.042,-0.026,-0.046,-0.047,54.78,45.63
"2025-02-28 03:30:00",14390,12.43,402,0,-0.037,-0.23,-0.22,-0.021,-0.02,-0.028,-0.047,54,45.26
"2025-02-28 04:00:00",14391,12.42,402,0,-0.068,-0.54,-0.27,-0.048,-0.025,-0.047,-0.048,58.27,46.65
"2025-02-28 04:30:00",14392,12.43,402,0,-0.046,-0.34,-0.21,-0.031,-0.019,-0.035,-0.043,54.92,45.52
"2025-02-28 05:00:00",14393,12.43,402,0,-0.044,-0.32,-0.21,-0.029,-0.019,-0.035,-0.041,55.57,46
"2025-02-28 05:30:00",14394,12.42,402,0,-0.034,-0.31,-0.1,-0.028,-0.01,-0.032,-0.04,57.25,46.87
"2025-02-28 06:00:00",14395,12.42,402,0,-0.048,-0.4,-0.17,-0.036,-0.016,-0.04,-0.04,55.32,45.35
"2025-02-28 06:30:00",14396,12.43,402,0,-0.043,-0.35,-0.17,-0.031,-0.016,-0.04,-0.046,56.92,46.28
"2025-02-28 07:00:00",14397,12.42,402,0,-0.047,-0.32,-0.25,-0.029,-0.023,-0.035,-0.046,54.91,46.17
"2025-02-28 07:30:00",14398,12.42,402,0,-0.023,-0.22,-0.06,-0.02,-0.006,-0.029,-0.031,58.73,46.45
"2025-02-28 08:00:00",14399,12.42,402,0,-0.03,-0.33,-0.02,-0.03,-0.003,-0.034,-0.034,58.67,47.47
"2025-02-28 08:30:00",14400,12.42,402,0,0.007,-0.05,0.14,-0.005,0.012,-0.012,-0.011,60.5,49.46
"2025-02-28 09:00:00",14401,12.42,402,0,-0.01,-0.21,0.1,-0.02,0.009,-0.026,-0.014,54.51,50.15
"2025-02-28 09:30:00",14402,12.42,402,0,0.02,-0.07,0.34,-0.007,0.03,-0.01,-0.003,57.81,48.67
"2025-02-28 10:00:00",14403,12.43,402,0,0.059,0.08,0.67,0.007,0.06,-0.007,-0.014,60.63,50.1
"2025-02-28 10:30:00",14404,12.42,402,0,0.109,0.37,0.97,0.033,0.086,0.023,0.041,60.4,49.62
"2025-02-28 11:00:00",14405,12.43,402,0,0.119,0.44,1.02,0.039,0.09,0.028,0.044,57.51,47.97
"2025-02-28 11:30:00",14406,12.43,402,0,0.033,-0.56,1.06,-0.05,0.094,-0.045,0.041,53.19,49.81
"2025-02-28 12:00:00",14407,12.43,402,0,0.157,0.57,1.37,0.051,0.121,0.033,0.06,58.27,50.93
"2025-02-28 12:30:00",14408,12.43,402,0,0.203,0.75,1.75,0.067,0.155,0.05,0.083,58.17,50.27
"2025-02-28 13:00:00",14409,12.43,402,0,0.177,0.56,1.63,0.05,0.144,0.029,0.066,57.91,47.81
"2025-02-28 13:30:00",14410,12.43,402,0,0.213,0.86,1.75,0.076,0.155,0.063,0.084,60.4,48.81
"2025-02-28 14:00:00",14411,12.43,402,0,0.193,0.58,1.81,0.051,0.16,0.033,0.087,58.69,47.92
"2025-02-28 14:30:00",14412,12.43,402,0,0.191,0.67,1.69,0.059,0.15,0.041,0.071,58.38,50.07
"2025-02-28 15:00:00",14413,12.43,402,0,0.194,0.67,1.73,0.059,0.153,0.045,0.077,59.29,50.82
"2025-02-28 15:30:00",14414,12.43,402,0,0.173,0.5,1.65,0.044,0.146,0.033,0.08,57.59,48.46
"2025-02-28 16:00:00",14415,12.43,402,0,0.193,0.86,1.49,0.076,0.132,0.049,0.066,57.94,49.07
"2025-02-28 16:30:00",14416,12.43,402,0,0.135,0.39,1.29,0.035,0.114,0.027,0.061,60.33,49.97
"2025-02-28 17:00:00",14417,12.42,402,0,0.144,0.59,1.18,0.052,0.104,0.036,0.046,56.38,48.9
"2025-02-28 17:30:00",14418,12.42,402,0,0.101,0.29,0.96,0.025,0.085,0.005,0.026,53.86,46.11
"2025-02-28 18:00:00",14419,12.42,402,0,0.046,0.03,0.56,0.003,0.049,-0.014,-0.009,51.22,44.4
"2025-02-28 18:30:00",14420,12.41,402,0,0.014,-0.05,0.24,-0.006,0.021,-0.016,-0.021,52.68,43.94
"2025-02-28 19:00:00",14421,12.4,402,0,-0.009,-0.18,0.08,-0.017,0.007,-0.024,-0.03,53.31,44.73
"2025-02-28 19:30:00",14422,12.4,402,0,-0.016,-0.17,-0.03,-0.016,-0.003,-0.023,-0.033,53.22,44.49
"2025-02-28 20:00:00",14423,12.39,402,0,-0.025,-0.23,-0.07,-0.022,-0.007,-0.028,-0.036,54.4,44.59
"2025-02-28 20:30:00",14424,12.39,402,0,-0.031,-0.26,-0.11,-0.024,-0.01,-0.028,-0.039,54.72,45.42
"2025-02-28 21:00:00",14425,12.38,402,0,-0.036,-0.26,-0.18,-0.024,-0.017,-0.031,-0.042,54.69,44.97
"2025-02-28 21:30:00",14426,12.38,402,0,-0.036,-0.26,-0.18,-0.024,-0.017,-0.03,-0.039,55,45.6
"2025-02-28 22:00:00",14427,12.38,402,0,-0.036,-0.26,-0.18,-0.024,-0.017,-0.028,-0.041,55.11,45.97
"2025-02-28 22:30:00",14428,12.37,402,0,-0.033,-0.23,-0.18,-0.021,-0.017,-0.028,-0.041,55.43,44.64
"2025-02-28 23:00:00",14429,12.37,402,0,-0.041,-0.32,-0.18,-0.029,-0.017,-0.03,-0.044,55.17,45.6
"2025-02-28 23:30:00",14430,12.37,402,0,-0.034,-0.25,-0.17,-0.023,-0.016,-0.03,-0.041,55.67,45.54
"2025-03-01 00:00:00",14431,12.36,402,0,-0.041,-0.29,-0.21,-0.026,-0.02,-0.031,-0.044,55.43,45.04
"2025-03-01 00:30:00",14432,12.37,402,0,-0.039,-0.29,-0.18,-0.026,-0.017,-0.033,-0.041,55.26,44.87
"2025-03-01 01:00:00",14433,12.36,402,0,-0.04,-0.28,-0.21,-0.026,-0.02,-0.033,-0.047,55.16,46.57
"2025-03-01 01:30:00",14434,12.36,402,0,-0.037,-0.28,-0.17,-0.026,-0.016,-0.03,-0.041,56.37,46.65
"2025-03-01 02:00:00",14435,12.36,402,0,-0.035,-0.22,-0.21,-0.02,-0.019,-0.027,-0.043,56.51,45.15
"2025-03-01 02:30:00",14436,12.36,402,0,-0.04,-0.28,-0.21,-0.026,-0.019,-0.03,-0.043,55.08,45.93
"2025-03-01 03:00:00",14437,12.36,402,0,-0.04,-0.28,-0.21,-0.026,-0.019,-0.03,-0.046,56.62,46.24
"2025-03-01 03:30:00",14438,12.36,402,0,-0.038,-0.25,-0.21,-0.023,-0.019,-0.03,-0.044,55.14,46.97
"2025-03-01 04:00:00",14439,12.36,402,0,-0.043,-0.31,-0.21,-0.029,-0.019,-0.035,-0.044,56.05,45.51
"2025-03-01 04:30:00",14440,12.35,402,0,-0.04,-0.31,-0.17,-0.029,-0.016,-0.033,-0.044,55.61,45.79
"2025-03-01 05:00:00",14441,12.36,402,0,-0.037,-0.28,-0.17,-0.026,-0.016,-0.033,-0.038,55.81,45.43
"2025-03-01 05:30:00",14442,12.35,402,0,-0.043,-0.31,-0.21,-0.028,-0.019,-0.03,-0.043,57.73,46.11
"2025-03-01 06:00:00",14443,12.36,402,0,-0.045,-0.31,-0.24,-0.028,-0.022,-0.03,-0.046,55.23,46.24
"2025-03-01 06:30:00",14444,12.35,402,0,-0.039,-0.28,-0.2,-0.025,-0.019,-0.029,-0.043,57.13,47.01
"2025-03-01 07:00:00",14445,12.36,402,0,-0.034,-0.22,-0.2,-0.02,-0.019,-0.027,-0.04,56.01,46.7
"2025-03-01 07:30:00",14446,12.35,402,0,-0.03,-0.27,-0.09,-0.025,-0.009,-0.029,-0.034,56.93,46.29
"2025-03-01 08:00:00",14447,12.35,402,0,-0.008,-0.13,0.03,-0.012,0.003,-0.019,-0.025,57.04,48.15
"2025-03-01 08:30:00",14448,12.35,402,0,0.01,-0.04,0.17,-0.005,0.015,-0.012,-0.014,60.6,48.17
"2025-03-01 09:00:00",14449,12.36,402,0,0.033,0.03,0.39,0.002,0.035,-0.007,0,60.07,49.28
"2025-03-01 09:30:00",14450,12.36,402,0,0.096,0.37,0.81,0.032,0.072,0.025,0.027,60.76,50.24
"2025-03-01 10:00:00",14451,12.36,402,0,0.146,0.55,1.25,0.049,0.11,0.033,0.054,59.93,51.05
"2025-03-01 10:30:00",14452,12.36,402,0,0.199,0.76,1.68,0.067,0.148,0.051,0.084,58.85,52.03
"2025-03-01 11:00:00",14453,12.36,402,0,0.206,0.77,1.77,0.068,0.157,0.052,0.089,58.97,51.07
"2025-03-01 11:30:00",14454,12.37,402,0,0.251,0.83,2.27,0.073,0.201,0.05,0.117,55.75,51.55
"2025-03-01 12:00:00",14455,12.37,402,0,0.31,1.23,2.57,0.109,0.227,0.088,0.14,61.29,51.2
"2025-03-01 12:30:00",14456,12.37,402,0,0.316,1.12,2.77,0.099,0.245,0.078,0.153,60.42,52.27
"2025-03-01 13:00:00",14457,12.37,402,0,0.318,1.13,2.79,0.1,0.247,0.081,0.157,59.22,52.97
"2025-03-01 13:30:00",14458,12.37,402,0,0.333,1.29,2.8,0.114,0.248,0.096,0.164,65.54,53.15
"2025-03-01 14:00:00",14459,12.37,402,0,0.322,1.25,2.71,0.111,0.24,0.091,0.16,62.78,53.67
"2025-03-01 14:30:00",14460,12.37,402,0,0.311,1.15,2.68,0.102,0.237,0.082,0.146,58.68,52.43
"2025-03-01 15:00:00",14461,12.38,402,0,0.223,0.71,2.05,0.063,0.182,0.039,0.099,52.33,48.94
"2025-03-01 15:30:00",14462,12.37,402,0,0.166,0.42,1.65,0.037,0.146,0.026,0.064,56.41,49.75
"2025-03-01 16:00:00",14463,12.37,402,0,0.144,0.38,1.41,0.034,0.125,0.02,0.057,53.62,49.42
"2025-03-01 16:30:00",14464,12.37,402,0,0.152,0.46,1.42,0.041,0.125,0.019,0.044,53.62,45.3
"2025-03-01 17:00:00",14465,12.37,402,0,0.044,-0.05,0.62,-0.005,0.055,-0.015,0.017,52.42,45.34
"2025-03-01 17:30:00",14466,12.36,402,0,0.07,0.17,0.7,0.015,0.062,0,0.012,53.02,45.94
"2025-03-01 18:00:00",14467,12.35,402,0,0.02,-0.09,0.36,-0.009,0.032,-0.019,-0.021,52.89,44.16
"2025-03-01 18:30:00",14468,12.35,402,0,-0.015,-0.25,0.08,-0.023,0.007,-0.029,-0.018,51.77,45.09
"2025-03-01 19:00:00",14469,12.35,402,0,-0.011,-0.24,0.12,-0.022,0.011,-0.029,-0.025,52.96,43.66
"2025-03-01 19:30:00",14470,12.34,402,0,0,-0.18,0.2,-0.017,0.018,-0.026,-0.018,54.02,45.69
"2025-03-01 20:00:00",14471,12.33,402,0,-0.041,-0.31,-0.19,-0.028,-0.018,-0.037,-0.04,53.11,41.91
"2025-03-01 20:30:00",14472,12.33,402,0,-0.05,-0.37,-0.23,-0.034,-0.021,-0.04,-0.052,54.86,42.58
"2025-03-01 21:00:00",14473,12.32,402,0,-0.014,-0.17,0,-0.016,0,-0.026,-0.031,51.92,45.24
"2025-03-01 21:30:00",14474,12.32,402,0,-0.039,-0.21,-0.27,-0.019,-0.025,-0.021,-0.037,52.93,44.86
"2025-03-01 22:00:00",14475,12.31,402,0,-0.037,-0.37,-0.07,-0.034,-0.007,-0.04,-0.046,53.73,47.2
"2025-03-01 22:30:00",14476,12.31,402,0,-0.025,-0.27,-0.03,-0.025,-0.004,-0.029,-0.034,54.28,42.09
"2025-03-01 23:00:00",14477,12.3,402,0,-0.028,-0.27,-0.07,-0.025,-0.007,-0.026,-0.034,54.37,43.73
"2025-03-01 23:30:00",14478,12.3,402,0,-0.074,-0.4,-0.51,-0.036,-0.046,-0.045,-0.052,51.66,43.48
"2025-03-02 00:00:00",14479,12.29,402,0,-0.062,-0.51,-0.23,-0.046,-0.021,-0.049,-0.056,52.49,46.22
"2025-03-02 00:30:00",14480,12.29,402,0,-0.03,-0.15,-0.23,-0.014,-0.021,-0.026,-0.052,52.69,46
"2025-03-02 01:00:00",14481,12.29,402,0,-0.054,-0.45,-0.19,-0.041,-0.017,-0.052,-0.052,52.9,44.73
"2025-03-02 01:30:00",14482,12.28,402,0,-0.055,-0.46,-0.19,-0.041,-0.018,-0.044,-0.04,53.83,44.41
"2025-03-02 02:00:00",14483,12.28,402,0,-0.057,-0.42,-0.26,-0.038,-0.024,-0.039,-0.054,54.25,42.22
"2025-03-02 02:30:00",14484,12.27,402,0,-0.066,-0.42,-0.38,-0.038,-0.034,-0.039,-0.051,55.44,46.13
"2025-03-02 03:00:00",14485,12.26,402,0,-0.054,-0.36,-0.3,-0.033,-0.028,-0.036,-0.055,54.42,45.11
"2025-03-02 03:30:00",14486,12.26,402,0,-0.077,-0.48,-0.46,-0.044,-0.042,-0.049,-0.061,53.26,43.69
"2025-03-02 04:00:00",14487,12.26,402,0,-0.116,-0.61,-0.81,-0.055,-0.072,-0.06,-0.097,56.35,43.48
"2025-03-02 04:30:00",14488,12.26,402,0,-0.135,-0.69,-0.96,-0.062,-0.086,-0.062,-0.082,54.33,44.09
"2025-03-02 05:00:00",14489,12.25,402,0,-0.113,-0.64,-0.73,-0.058,-0.065,-0.058,-0.079,52.64,44.71
"2025-03-02 05:30:00",14490,12.25,402,0,-0.074,-0.48,-0.42,-0.043,-0.038,-0.041,-0.061,54.79,44.66
"2025-03-02 06:00:00",14491,12.25,402,0,-0.079,-0.51,-0.45,-0.046,-0.041,-0.044,-0.055,55.48,46.72
"2025-03-02 06:30:00",14492,12.24,402,0,0.005,0.52,-0.52,0.046,-0.047,0.028,-0.069,53.02,46.07
"2025-03-02 07:00:00",14493,12.24,402,0,-0.065,-0.28,-0.53,-0.025,-0.048,-0.028,-0.067,63.61,45.96
"2025-03-02 07:30:00",14494,12.24,402,0,-0.021,0.14,-0.44,0.012,-0.04,0.012,-0.063,57.24,41.9
"2025-03-02 08:00:00",14495,12.24,402,0,-0.053,-0.16,-0.51,-0.015,-0.046,-0.015,-0.069,61.8,44.41
"2025-03-02 08:30:00",14496,12.24,402,0,-0.015,0.25,-0.49,0.022,-0.044,0.021,-0.079,57.83,41.26
"2025-03-02 09:00:00",14497,12.24,402,0,-0.026,0.05,-0.4,0.004,-0.037,0.004,-0.074,59.63,43.22
"2025-03-02 09:30:00",14498,12.24,402,0,-0.001,0.25,-0.31,0.022,-0.028,0.017,-0.064,65.82,40.46
"2025-03-02 10:00:00",14499,12.24,402,0,-0.024,0.11,-0.44,0.01,-0.04,0,-0.074,59.22,41.69
"2025-03-02 10:30:00",14500,12.23,402,0,-0.014,0.17,-0.39,0.015,-0.036,0.01,-0.057,63.54,40.81
"2025-03-02 11:00:00",14501,12.24,402,0,-0.072,-0.51,-0.35,-0.046,-0.032,-0.051,-0.071,63.96,41.49
"2025-03-02 11:30:00",14502,12.24,402,0,-0.069,-0.29,-0.57,-0.026,-0.051,-0.044,-0.094,52.5,39.5
"2025-03-02 12:00:00",14503,12.24,402,0,0.028,0.81,-0.56,0.072,-0.051,0.02,-0.094,50.82,37.97
"2025-03-02 12:30:00",14504,12.24,402,0,-0.03,0.35,-0.79,0.031,-0.071,-0.043,-0.117,47.63,37.4
"2025-03-02 13:00:00",14505,12.25,402,0,-0.119,-0.51,-0.96,-0.046,-0.085,-0.056,-0.138,43.82,38.12
"2025-03-02 13:30:00",14506,12.25,402,0,-0.104,-0.52,-0.76,-0.047,-0.068,-0.037,-0.095,45.73,39.46
"2025-03-02 14:00:00",14507,12.24,402,0,-0.058,-0.31,-0.41,-0.028,-0.037,-0.031,-0.086,48.79,40.73
"2025-03-02 14:30:00",14508,12.25,402,0,-0.052,-0.25,-0.4,-0.023,-0.037,-0.032,-0.061,50.39,42.48
"2025-03-02 15:00:00",14509,12.25,402,0,-0.008,-0.08,-0.03,-0.008,-0.003,-0.012,-0.026,53.64,45.88
"2025-03-02 15:30:00",14510,12.25,402,0,0.005,-0.1,0.18,-0.01,0.016,-0.017,-0.026,56.52,48.04
"2025-03-02 16:00:00",14511,12.25,402,0,0.033,0.11,0.3,0.01,0.027,0,-0.011,56.7,48.63
"2025-03-02 16:30:00",14512,12.25,402,0,0.03,0.05,0.33,0.005,0.029,-0.009,-0.003,61.95,49.51
"2025-03-02 17:00:00",14513,12.25,402,0,0.014,-0.05,0.24,-0.005,0.021,-0.015,-0.017,59.33,46.9
"2025-03-02 17:30:00",14514,12.25,402,0,0.01,-0.05,0.18,-0.006,0.016,-0.018,-0.018,56.84,46.04
"2025-03-02 18:00:00",14515,12.24,402,0,-0.017,-0.18,-0.03,-0.017,-0.003,-0.026,-0.036,54.13,45.38
"2025-03-02 18:30:00",14516,12.24,402,0,-0.026,-0.21,-0.11,-0.02,-0.011,-0.03,-0.046,53.99,45.4
"2025-03-02 19:00:00",14517,12.23,402,0,-0.041,-0.27,-0.23,-0.025,-0.021,-0.029,-0.052,55.12,45.55
"2025-03-02 19:30:00",14518,12.22,402,0,-0.087,-0.45,-0.61,-0.041,-0.055,-0.047,-0.073,55.5,44.44
"2025-03-02 20:00:00",14519,12.22,402,0,-0.076,-0.43,-0.5,-0.039,-0.045,-0.042,-0.068,55.15,44.76
"2025-03-02 20:30:00",14520,12.21,402,0,-0.064,-0.36,-0.42,-0.032,-0.038,-0.042,-0.061,55.5,45.11
"2025-03-02 21:00:00",14521,12.21,402,0,-0.064,-0.36,-0.42,-0.033,-0.038,-0.039,-0.061,54.68,44.54
"2025-03-02 21:30:00",14522,12.2,402,0,-0.066,-0.36,-0.45,-0.033,-0.041,-0.039,-0.064,55.27,45.28
"2025-03-02 22:00:00",14523,12.2,402,0,-0.049,-0.32,-0.28,-0.029,-0.026,-0.033,-0.053,56.89,46.23
"2025-03-02 22:30:00",14524,12.2,402,0,-0.058,-0.19,-0.54,-0.018,-0.049,-0.022,-0.071,53.03,42.62
"2025-03-02 23:00:00",14525,12.19,402,0,-0.062,-0.23,-0.54,-0.021,-0.048,-0.023,-0.072,53.55,41.76
"2025-03-02 23:30:00",14526,12.19,402,0,0.1,1.24,-0.12,0.11,-0.011,0.085,-0.056,51.85,42.42
"2025-03-03 00:00:00",14527,12.18,402,0,-0.011,0.28,-0.47,0.025,-0.042,0.024,-0.076,54.77,42.47
"2025-03-03 00:30:00",14528,12.18,402,0,-0.017,0.22,-0.48,0.019,-0.044,0.019,-0.075,60.09,41.04
"2025-03-03 01:00:00",14529,12.17,402,0,-0.036,0,-0.47,0,-0.042,-0.009,-0.076,59.2,41.8
"2025-03-03 01:30:00",14530,12.17,402,0,-0.061,-0.28,-0.47,-0.025,-0.043,-0.039,-0.073,52.75,42.34
"2025-03-03 02:00:00",14531,12.17,402,0,0.055,0.32,0.34,0.028,0.03,0.005,-0.011,51.12,39.89
"2025-03-03 02:30:00",14532,12.17,402,0,-0.037,-0.06,-0.42,-0.006,-0.038,-0.033,-0.085,51.63,38.76
"2025-03-03 03:00:00",14533,12.16,402,0,-0.011,-0.13,0,-0.012,0,-0.039,-0.047,49.05,39.48
"2025-03-03 03:30:00",14534,12.16,402,0,-0.096,-0.13,-1.1,-0.012,-0.098,-0.039,-0.131,49.06,39.23
"2025-03-03 04:00:00",14535,12.16,402,0,-0.044,-0.27,-0.27,-0.024,-0.025,-0.051,-0.07,48.82,39.65
"2025-03-03 04:30:00",14536,12.16,402,0,-0.071,-0.34,-0.53,-0.031,-0.047,-0.057,-0.085,50.48,40.89
"2025-03-03 05:00:00",14537,12.16,402,0,-0.012,-0.5,0.4,-0.045,0.035,-0.072,-0.03,47.58,38.26
"2025-03-03 05:30:00",14538,12.15,402,0,-0.057,-0.42,-0.27,-0.038,-0.025,-0.072,-0.093,49.17,39.44
"2025-03-03 06:00:00",14539,12.15,402,0,-0.117,-0.36,-1.1,-0.033,-0.099,-0.073,-0.151,48.1,36.87
"2025-03-03 06:30:00",14540,12.14,402,0,-0.038,-0.29,-0.17,-0.026,-0.016,-0.055,-0.085,48.21,39.29
"2025-03-03 07:00:00",14541,12.15,402,0,-0.111,-0.45,-0.92,-0.041,-0.082,-0.076,-0.124,50.93,38.21
"2025-03-03 07:30:00",14542,12.15,402,0,-0.035,-0.31,-0.11,-0.028,-0.01,-0.065,-0.057,50.96,40.15
"2025-03-03 08:00:00",14543,12.14,402,0,-0.054,-0.29,-0.38,-0.026,-0.034,-0.062,-0.079,51.53,42.93
"2025-03-03 08:30:00",14544,12.15,402,0,-0.039,-0.3,-0.17,-0.028,-0.016,-99,-0.082,-99,42.39
"2025-03-03 09:00:00",14545,12.15,402,0,-0.063,0,-0.82,0,-0.073,-99,-0.158,-99,36.67
"2025-03-03 09:30:00",14546,12.16,402,0,-0.031,0.32,-0.77,0.028,-0.069,-99,-0.188,-99,32.74
"2025-03-03 10:00:00",14547,12.16,402,0,-0.2,-1.45,-0.93,-0.129,-0.083,-99,-0.23,-99,30.3
"2025-03-03 10:30:00",14548,12.17,402,0,-0.067,0.1,-0.98,0.009,-0.088,-0.024,-0.254,46.44,28.4
"2025-03-03 11:00:00",14549,12.18,402,0,-0.025,0.46,-0.85,0.04,-0.076,0.02,-0.249,43.97,27.68
"2025-03-03 11:30:00",14550,12.18,402,0,-0.04,-0.05,-0.47,-0.005,-0.043,0.004,-0.253,43.41,26.45
"2025-03-03 12:00:00",14551,12.18,402,0,0.016,0.33,-0.17,0.029,-0.016,0.004,-0.245,45.82,26.81
"2025-03-03 12:30:00",14552,12.19,402,0,0.034,0.38,0,0.034,0,0.017,-0.246,47.78,25.07
"2025-03-03 13:00:00",14553,12.19,402,0,0.015,0.34,-0.19,0.03,-0.018,0.003,-0.225,50.55,26.2
"2025-03-03 13:30:00",14554,12.19,402,0,0.043,0.34,0.16,0.03,0.015,0.011,-0.176,54.22,27.42
"2025-03-03 14:00:00",14555,12.2,402,0,0.023,0.26,0,0.023,0,-0.008,-0.119,53.85,28.95
"2025-03-03 14:30:00",14556,12.2,402,0,0.074,0.41,0.48,0.036,0.043,0.011,-0.055,53.99,31.87
"2025-03-03 15:00:00",14557,12.2,402,0,0.054,0.12,0.56,0.01,0.05,-0.003,-0.048,55.32,34.84
"2025-03-03 15:30:00",14558,12.2,402,0,0.033,0.06,0.35,0.005,0.031,-0.005,-0.042,55.93,36.92
"2025-03-03 16:00:00",14559,12.2,402,0,0.015,-0.05,0.25,-0.005,0.022,-0.015,-0.044,54.01,38.04
"2025-03-03 16:30:00",14560,12.2,402,0,0.009,-0.08,0.21,-0.008,0.019,-0.018,-0.037,55.46,42.36
"2025-03-03 17:00:00",14561,12.19,402,0,-0.023,-0.34,0.08,-0.031,0.007,-0.037,-0.036,52.78,44.62
"2025-03-03 17:30:00",14562,12.19,402,0,-0.034,-0.31,-0.1,-0.029,-0.01,-0.035,-0.042,53.27,46.17
"2025-03-03 18:00:00",14563,12.19,402,0,-0.024,-0.22,-0.07,-0.021,-0.007,-0.028,-0.036,53.14,44.66
"2025-03-03 18:30:00",14564,12.18,402,0,-0.04,-0.24,-0.25,-0.022,-0.023,-0.029,-0.048,54.55,45.81
"2025-03-03 19:00:00",14565,12.18,402,0,-0.042,-0.26,-0.25,-0.024,-0.023,-0.028,-0.051,54.85,46.52
"2025-03-03 19:30:00",14566,12.17,402,0,-0.042,-0.26,-0.25,-0.024,-0.023,-0.031,-0.048,55.39,46.39
"2025-03-03 20:00:00",14567,12.16,402,0,-0.039,-0.26,-0.22,-0.024,-0.02,-0.031,-0.045,54.96,46.48
"2025-03-03 20:30:00",14568,12.16,402,0,-0.045,-0.26,-0.29,-0.024,-0.027,-0.031,-0.051,56.02,45.47
"2025-03-03 21:00:00",14569,12.15,402,0,-0.038,-0.33,-0.12,-0.03,-0.012,-0.039,-0.068,54.62,42.42
"2025-03-03 21:30:00",14570,12.14,402,0,-0.038,-0.18,-0.3,-0.017,-0.028,-0.025,-0.069,53.22,43.5
"2025-03-03 22:00:00",14571,12.14,402,0,-0.076,-0.37,-0.56,-0.034,-0.051,-0.041,-0.072,52.87,42.22
"2025-03-03 22:30:00",14572,12.13,402,0,-0.05,-0.22,-0.4,-0.02,-0.036,-0.028,-0.067,53.25,43.27
"2025-03-03 23:00:00",14573,12.14,402,0,-0.077,-0.27,-0.69,-0.025,-0.062,-0.033,-0.094,52.54,40.49
"2025-03-03 23:30:00",14574,12.13,402,0,-0.056,-0.23,-0.47,-0.022,-0.042,-0.026,-0.074,52.84,41.47
"2025-03-04 00:00:00",14575,12.13,402,0,-0.072,-0.3,-0.6,-0.027,-0.054,-0.029,-0.083,54.24,41.78
"2025-03-04 00:30:00",14576,12.12,402,0,-0.046,-0.16,-0.42,-0.015,-0.038,-0.023,-0.088,53.16,41.37
"2025-03-04 01:00:00",14577,12.12,402,0,-0.034,-0.19,-0.23,-0.018,-0.021,-0.023,-0.062,54.9,42.45
"2025-03-04 01:30:00",14578,12.12,402,0,0.037,0.54,-0.14,0.048,-0.013,0.042,-0.076,51.42,40.04
"2025-03-04 02:00:00",14579,12.12,402,0,-0.037,-0.03,-0.45,-0.004,-0.041,-0.004,-0.084,55.78,38.79
"2025-03-04 02:30:00",14580,12.12,402,0,-0.008,0.23,-0.38,0.02,-0.035,0.016,-0.083,55.16,37.09
"2025-03-04 03:00:00",14581,12.11,402,0,-0.026,0.13,-0.49,0.012,-0.044,-0.004,-0.095,52.57,37.5
"2025-03-04 03:30:00",14582,12.12,402,0,-0.023,0.27,-0.61,0.024,-0.055,0.022,-0.11,51.11,35.63
"2025-03-04 04:00:00",14583,12.12,402,0,-0.006,0.57,-0.74,0.051,-0.066,0.037,-0.142,47.19,32.12
"2025-03-04 04:30:00",14584,12.12,402,0,-0.01,0.67,-0.9,0.06,-0.081,0.043,-0.163,44.89,31.2
"2025-03-04 05:00:00",14585,12.12,402,0,0.045,1.06,-0.63,0.094,-0.057,0.073,-0.153,45.35,30.85
"2025-03-04 05:30:00",14586,12.12,402,0,-0.013,0.69,-0.96,0.061,-0.085,0.043,-0.158,46.43,30.02
"2025-03-04 06:00:00",14587,12.12,402,0,-0.092,0.08,-1.28,0.007,-0.114,-0.01,-0.171,47.48,30.26
"2025-03-04 06:30:00",14588,12.12,402,0,-0.111,0,-1.43,0,-0.127,-0.019,-0.168,47.97,30.59
"2025-03-04 07:00:00",14589,12.13,402,0,-0.136,-0.21,-1.51,-0.019,-0.135,-0.035,-0.161,48.58,32.03
"2025-03-04 07:30:00",14590,12.13,402,0,-0.117,-0.32,-1.15,-0.029,-0.103,-0.041,-0.12,50.51,33.96
"2025-03-04 08:00:00",14591,12.12,402,0,-0.082,-0.17,-0.87,-0.016,-0.078,-0.028,-0.088,53.68,38.63
"2025-03-04 08:30:00",14592,12.12,402,0,-0.036,-0.07,-0.4,-0.007,-0.036,-0.014,-0.053,58.79,44.98
"2025-03-04 09:00:00",14593,12.13,402,0,-0.04,-0.32,-0.16,-0.029,-0.015,-0.033,-0.037,59.29,47.53
"2025-03-04 09:30:00",14594,12.14,402,0,-0.008,-0.19,0.1,-0.017,0.009,-0.022,-0.023,58.62,48.66
"2025-03-04 10:00:00",14595,12.14,402,0,-0.002,-0.12,0.1,-0.012,0.009,-0.016,-0.016,59.64,49.84
"2025-03-04 10:30:00",14596,12.14,402,0,0,-0.13,0.13,-0.012,0.011,-0.014,-0.013,60.65,50.69
"2025-03-04 11:00:00",14597,12.14,402,0,0.031,0.03,0.36,0.002,0.032,-0.005,0,60.45,50.5
"2025-03-04 11:30:00",14598,12.15,402,0,0.058,0.21,0.51,0.018,0.045,0.014,0.013,64.45,52.45
"2025-03-04 12:00:00",14599,12.15,402,0,0.104,0.46,0.81,0.041,0.072,0.031,0.03,59.18,51.44
"2025-03-04 12:30:00",14600,12.15,402,0,0.131,0.47,1.15,0.041,0.101,0.029,0.055,60.43,50.32
"2025-03-04 13:00:00",14601,12.15,402,0,0.13,0.36,1.25,0.032,0.111,0.021,0.06,59.83,51.12
"2025-03-04 13:30:00",14602,12.16,402,0,0.155,0.51,1.4,0.045,0.123,0.035,0.068,61.32,52.19
"2025-03-04 14:00:00",14603,12.15,402,0,0.146,0.51,1.29,0.045,0.114,0.035,0.059,62.18,53.73
"2025-03-04 14:30:00",14604,12.16,402,0,0.147,0.57,1.23,0.05,0.108,0.031,0.053,57.03,49.95
"2025-03-04 15:00:00",14605,12.16,402,0,0.108,0.37,0.96,0.033,0.085,0.023,0.041,61.99,50.81
"2025-03-04 15:30:00",14606,12.16,402,0,0.105,0.38,0.91,0.033,0.081,0.023,0.033,60.43,49.92
"2025-03-04 16:00:00",14607,12.16,402,0,0.089,0.34,0.76,0.03,0.067,0.017,0.023,58.32,49.61
"2025-03-04 16:30:00",14608,12.15,402,0,0.075,0.18,0.75,0.016,0.067,0,0.02,57.64,49.08
"2025-03-04 17:00:00",14609,12.15,402,0,0.063,0.07,0.73,0.006,0.064,-0.005,0.009,53.19,45.7
"2025-03-04 17:30:00",14610,12.15,402,0,0.019,-0.09,0.34,-0.009,0.031,-0.019,-0.009,53.64,46
"2025-03-04 18:00:00",14611,12.15,402,0,0.011,-0.09,0.24,-0.009,0.022,-0.025,-0.019,53.01,44.03
"2025-03-04 18:30:00",14612,12.14,402,0,-0.01,-0.19,0.08,-0.018,0.007,-0.028,-0.028,52.92,43.94
"2025-03-04 19:00:00",14613,12.13,402,0,-0.023,-0.25,-0.03,-0.023,-0.004,-0.033,-0.038,53.18,44.3
"2025-03-04 19:30:00",14614,12.13,402,0,-0.032,-0.28,-0.11,-0.026,-0.011,-0.035,-0.037,54.24,44.43
"2025-03-04 20:00:00",14615,12.12,402,0,-0.023,-0.21,-0.07,-0.02,-0.007,-0.03,-0.04,54.05,44.75
"2025-03-04 20:30:00",14616,12.12,402,0,-0.035,-0.24,-0.19,-0.022,-0.018,-0.032,-0.04,55.32,45.61
"2025-03-04 21:00:00",14617,12.12,402,0,-0.032,-0.27,-0.11,-0.025,-0.01,-0.034,-0.04,55.67,45.29
"2025-03-04 21:30:00",14618,12.11,402,0,-0.037,-0.3,-0.14,-0.027,-0.014,-0.034,-0.04,55.88,46.32
"2025-03-04 22:00:00",14619,12.11,402,0,-0.045,-0.33,-0.22,-0.03,-0.02,-0.037,-0.043,55.4,44.77
"2025-03-04 22:30:00",14620,12.1,402,0,-0.033,-0.23,-0.18,-0.021,-0.017,-0.028,-0.039,58.05,45.63
"2025-03-04 23:00:00",14621,12.11,402,0,-0.05,-0.35,-0.25,-0.032,-0.023,-0.036,-0.045,57.09,44.92
"2025-03-04 23:30:00",14622,12.1,402,0,-0.045,-0.36,-0.18,-0.033,-0.017,-0.037,-0.042,55.8,45.27
"2025-03-05 00:00:00",14623,12.1,402,0,-0.037,-0.3,-0.14,-0.027,-0.014,-0.031,-0.036,55.88,45.11
"2025-03-05 00:30:00",14624,12.1,402,0,-0.024,-0.16,-0.14,-0.015,-0.013,-0.022,-0.039,58.32,46.04
"2025-03-05 01:00:00",14625,12.1,402,0,-0.037,-0.28,-0.17,-0.026,-0.016,-0.031,-0.042,57.5,46.46
"2025-03-05 01:30:00",14626,12.1,402,0,-0.035,-0.32,-0.1,-0.029,-0.01,-0.034,-0.039,55.52,46.12
"2025-03-05 02:00:00",14627,12.1,402,0,-0.038,-0.26,-0.21,-0.024,-0.02,-0.031,-0.042,57.49,47.12
"2025-03-05 02:30:00",14628,12.1,402,0,-0.042,-0.33,-0.18,-0.03,-0.017,-0.037,-0.036,54.72,45.99
"2025-03-05 03:00:00",14629,12.1,402,0,-0.041,-0.35,-0.14,-0.032,-0.013,-0.038,-0.039,55.43,45.88
"2025-03-05 03:30:00",14630,12.1,402,0,-0.034,-0.27,-0.14,-0.025,-0.013,-0.029,-0.036,54.59,45.46
"2025-03-05 04:00:00",14631,12.1,402,0,-0.022,-0.17,-0.1,-0.016,-0.01,-0.026,-0.036,57.32,46.39
"2025-03-05 04:30:00",14632,12.1,402,0,-0.043,-0.31,-0.21,-0.028,-0.019,-0.033,-0.044,57.05,46.27
"2025-03-05 05:00:00",14633,12.1,402,0,-0.033,-0.23,-0.17,-0.021,-0.016,-0.028,-0.036,58.24,45.82
"2025-03-05 05:30:00",14634,12.09,402,0,-0.038,-0.32,-0.14,-0.029,-0.013,-0.033,-0.033,56.35,46.81
"2025-03-05 06:00:00",14635,12.09,402,0,-0.041,-0.35,-0.14,-0.032,-0.013,-0.033,-0.038,56.78,47.65
"2025-03-05 06:30:00",14636,12.09,402,0,-0.044,-0.32,-0.21,-0.029,-0.02,-0.034,-0.042,56.28,46.99
"2025-03-05 07:00:00",14637,12.09,402,0,-0.028,-0.2,-0.14,-0.018,-0.013,-0.025,-0.038,57.47,45.87
"2025-03-05 07:30:00",14638,12.09,402,0,-0.026,-0.25,-0.06,-0.023,-0.006,-0.03,-0.029,57.96,47.85
"2025-03-05 08:00:00",14639,12.09,402,0,-0.008,-0.19,0.1,-0.017,0.009,-0.02,-0.011,58.56,46.56
"2025-03-05 08:30:00",14640,12.09,402,0,0.017,-0.05,0.28,-0.005,0.025,-0.015,-0.009,58.19,47.83
"2025-03-05 09:00:00",14641,12.09,402,0,0.046,0.09,0.49,0.008,0.043,-0.005,0.006,58.1,48.72
"2025-03-05 09:30:00",14642,12.09,402,0,0.079,0.23,0.75,0.021,0.066,0.008,0.02,59.58,47.58
"2025-03-05 10:00:00",14643,12.09,402,0,0.094,0.29,0.88,0.026,0.078,0.015,0.032,56.72,49.23
"2025-03-05 10:30:00",14644,12.09,402,0,0.093,0.24,0.92,0.021,0.082,0.01,0.032,55.73,48.25
"2025-03-05 11:00:00",14645,12.09,402,0,0.088,0.2,0.9,0.017,0.079,0.007,0.037,59.2,49.66
"2025-03-05 11:30:00",14646,12.09,402,0,0.119,0.33,1.15,0.03,0.102,0.022,0.048,61.19,50.83
"2025-03-05 12:00:00",14647,12.09,402,0,0.156,0.42,1.52,0.037,0.135,0.026,0.072,60.36,50.16
"2025-03-05 12:30:00",14648,12.09,402,0,0.129,0.34,1.26,0.03,0.112,0.011,0.049,56.48,48.43
"2025-03-05 13:00:00",14649,12.09,402,0,0.096,0.25,0.94,0.022,0.083,0.008,0.03,56.62,46.83
"2025-03-05 13:30:00",14650,12.09,402,0,0.056,0.03,0.68,0.003,0.06,-0.008,0.012,59.14,46.73
"2025-03-05 14:00:00",14651,12.09,402,0,0.008,-0.11,0.23,-0.011,0.02,-0.018,-0.021,57.18,45.34
"2025-03-05 14:30:00",14652,12.09,402,0,0.008,-0.08,0.19,-0.008,0.017,-0.013,-0.015,59.1,43.98
"2025-03-05 15:00:00",14653,12.09,402,0,0,-0.14,0.15,-0.014,0.013,-0.018,-0.015,54.72,46.42
"2025-03-05 15:30:00",14654,12.08,402,0,-0.014,-0.21,0.04,-0.02,0.003,-0.03,-0.03,54.84,45.3
"2025-03-05 16:00:00",14655,12.08,402,0,-0.026,-0.24,-0.07,-0.022,-0.007,-0.032,-0.037,54.95,45.01
"2025-03-05 16:30:00",14656,12.07,402,0,-0.026,-0.24,-0.07,-0.022,-0.007,-0.029,-0.033,55.27,44.91
"2025-03-05 17:00:00",14657,12.07,402,0,-0.037,-0.3,-0.14,-0.028,-0.014,-0.032,-0.033,54.84,44.74
"2025-03-05 17:30:00",14658,12.07,402,0,-0.029,-0.24,-0.11,-0.022,-0.01,-0.032,-0.037,53.21,45.88
"2025-03-05 18:00:00",14659,12.07,402,0,-0.037,-0.3,-0.14,-0.028,-0.014,-0.035,-0.037,54.53,45.24
"2025-03-05 18:30:00",14660,12.07,402,0,-0.038,-0.34,-0.11,-0.031,-0.01,-0.035,-0.037,54.41,45.13
"2025-03-05 19:00:00",14661,12.06,402,0,-0.042,-0.33,-0.18,-0.03,-0.017,-0.034,-0.04,55.43,46.15
"2025-03-05 19:30:00",14662,12.06,402,0,-0.049,-0.33,-0.26,-0.03,-0.024,-0.034,-0.042,56.11,45.34
"2025-03-05 20:00:00",14663,12.06,402,0,-0.051,-0.43,-0.18,-0.039,-0.017,-0.043,-0.042,54,46.1
"2025-03-05 20:30:00",14664,12.06,402,0,-0.045,-0.33,-0.22,-0.03,-0.02,-0.037,-0.042,56.33,45.15
"2025-03-05 21:00:00",14665,12.05,402,0,-0.043,-0.3,-0.22,-0.027,-0.02,-0.034,-0.042,55.5,45.29
"2025-03-05 21:30:00",14666,12.05,402,0,-0.06,-0.42,-0.3,-0.038,-0.028,-0.042,-0.043,54.36,45.38
"2025-03-05 22:00:00",14667,12.05,402,0,-0.039,-0.28,-0.19,-0.026,-0.018,-0.035,-0.043,55.58,44.66
"2025-03-05 22:30:00",14668,12.05,402,0,-0.039,-0.28,-0.19,-0.026,-0.018,-0.033,-0.043,54.69,45.29
"2025-03-05 23:00:00",14669,12.05,402,0,-0.051,-0.38,-0.23,-0.034,-0.021,-0.038,-0.044,53.65,45.49
"2025-03-05 23:30:00",14670,12.04,402,0,-0.05,-0.34,-0.27,-0.031,-0.025,-0.038,-0.047,54.39,44.43
"2025-03-06 00:00:00",14671,12.04,402,0,-0.048,-0.35,-0.23,-0.032,-0.021,-0.036,-0.044,53.98,44.84
"2025-03-06 00:30:00",14672,12.04,402,0,-0.051,-0.38,-0.23,-0.035,-0.021,-0.041,-0.047,54.26,44.71
"2025-03-06 01:00:00",14673,12.04,402,0,-0.035,-0.24,-0.19,-0.022,-0.018,-0.03,-0.041,56.1,44.49
"2025-03-06 01:30:00",14674,12.03,402,0,-0.038,-0.32,-0.14,-0.03,-0.014,-0.037,-0.043,56.66,45.88
"2025-03-06 02:00:00",14675,12.03,402,0,-0.045,-0.33,-0.22,-0.03,-0.02,-0.035,-0.046,57.18,46.4
"2025-03-06 02:30:00",14676,12.03,402,0,-0.038,-0.31,-0.15,-0.028,-0.014,-0.033,-0.043,53.4,44.27
"2025-03-06 03:00:00",14677,12.03,402,0,-0.032,-0.24,-0.15,-0.022,-0.014,-0.03,-0.04,56.44,45.1
"2025-03-06 03:30:00",14678,12.03,402,0,-0.09,-0.72,-0.35,-0.065,-0.031,-0.062,-0.043,54.59,44.22
"2025-03-06 04:00:00",14679,12.02,402,0,-0.045,-0.39,-0.15,-0.035,-0.014,-0.039,-0.038,54.86,44.75
"2025-03-06 04:30:00",14680,12.02,402,0,-0.035,-0.34,-0.07,-0.031,-0.007,-0.033,-0.035,54.59,46.28
"2025-03-06 05:00:00",14681,12.02,402,0,-0.044,-0.38,-0.15,-0.034,-0.014,-0.036,-0.044,55.19,44.66
"2025-03-06 05:30:00",14682,12.02,402,0,-0.038,-0.34,-0.11,-0.031,-0.011,-0.038,-0.034,59.2,44.87
"2025-03-06 06:00:00",14683,12.02,402,0,-0.035,-0.34,-0.07,-0.031,-0.007,-0.038,-0.031,55.19,45.38
"2025-03-06 06:30:00",14684,12.01,402,0,-0.026,-0.28,-0.03,-0.026,-0.004,-0.03,-0.032,54.8,45.24
"2025-03-06 07:00:00",14685,12.01,402,0,-0.043,-0.37,-0.15,-0.034,-0.014,-0.038,-0.044,56.09,44.48
"2025-03-06 07:30:00",14686,12,402,0,-0.046,-0.32,-0.24,-0.029,-0.022,-0.033,-0.045,54.91,46.33
"2025-03-06 08:00:00",14687,12,402,0,-0.039,-0.28,-0.19,-0.025,-0.018,-0.035,-0.051,54.18,47.1
"2025-03-06 08:30:00",14688,12,402,0,-0.028,-0.2,-0.15,-0.019,-0.014,-0.024,-0.028,59.4,44.08
"2025-03-06 09:00:00",14689,12,402,0,-0.027,-0.29,-0.03,-0.027,-0.003,-0.034,-0.033,59.21,46.77
"2025-03-06 09:30:00",14690,11.99,402,0,0.014,-0.05,0.23,-0.005,0.02,-0.016,-0.015,59.54,48.09
"2025-03-06 10:00:00",14691,12,402,0,0.017,-0.2,0.45,-0.019,0.04,-0.026,-0.018,56.42,45.38
"2025-03-06 10:30:00",14692,12,402,0,0.058,-0.08,0.83,-0.008,0.074,-0.01,0.027,56.35,49.11
"2025-03-06 11:00:00",14693,12,402,0,0.106,0.26,1.06,0.023,0.094,0.02,0.036,56.56,49.89
"2025-03-06 11:30:00",14694,11.99,402,0,0.109,0.38,0.97,0.034,0.086,0.018,0.018,59.18,49.07
"2025-03-06 12:00:00",14695,11.99,402,0,0.13,0.34,1.28,0.03,0.113,0.019,0.033,56.52,48.36
"2025-03-06 12:30:00",14696,11.99,402,0,0.13,0.36,1.26,0.032,0.112,0.018,0.057,58.45,48.9
"2025-03-06 13:00:00",14697,11.99,402,0,0.119,0.21,1.28,0.019,0.113,0.01,0.047,59.03,50.3
"2025-03-06 13:30:00",14698,11.99,402,0,0.12,0.28,1.22,0.024,0.108,0.018,0.045,58.26,49.38
"2025-03-06 14:00:00",14699,11.99,402,0,0.183,0.76,1.48,0.067,0.131,0.048,0.051,57.84,50.76
"2025-03-06 14:30:00",14700,11.98,402,0,0.156,0.42,1.52,0.038,0.134,0.019,0.057,55.87,49.04
"2025-03-06 15:00:00",14701,11.99,402,0,0.139,0.2,1.55,0.018,0.137,0.005,0.042,53.54,51.79
"2025-03-06 15:30:00",14702,11.99,402,0,0.187,0.52,1.81,0.046,0.16,0.027,0.081,53.83,48.14
"2025-03-06 16:00:00",14703,11.99,402,0,0.149,0.36,1.5,0.032,0.133,0.019,0.077,53.6,46.92
"2025-03-06 16:30:00",14704,11.99,402,0,0.122,0.34,1.18,0.03,0.104,0.02,0.047,55.15,45.59
"2025-03-06 17:00:00",14705,11.98,402,0,0.084,0.23,0.82,0.02,0.072,0,0,54.7,46.23
"2025-03-06 17:30:00",14706,11.98,402,0,0.082,0.2,0.82,0.017,0.073,0.005,0.019,54.66,46.34
"2025-03-06 18:00:00",14707,11.98,402,0,0,-0.15,0.16,-0.014,0.014,-0.022,-0.022,54.78,44.14
"2025-03-06 18:30:00",14708,11.97,402,0,0.042,-0.02,0.56,-0.003,0.05,-0.014,0.016,57.25,43.58
"2025-03-06 19:00:00",14709,11.96,402,0,0.008,-0.12,0.24,-0.011,0.021,-0.022,-0.016,55.95,44.34
"2025-03-06 19:30:00",14710,11.97,402,0,0,-0.15,0.16,-0.014,0.014,-0.014,-0.016,54.88,47.79
"2025-03-06 20:00:00",14711,11.96,402,0,-0.042,-0.28,-0.23,-0.026,-0.021,-0.033,-0.041,56.17,42.09
"2025-03-06 20:30:00",14712,11.96,402,0,-0.047,-0.34,-0.23,-0.031,-0.021,-0.033,-0.032,55.15,45.59
"2025-03-06 21:00:00",14713,11.95,402,0,-0.003,-0.12,0.08,-0.011,0.007,-0.022,-0.038,55.1,44.97
"2025-03-06 21:30:00",14714,11.95,402,0,0.011,-0.09,0.24,-0.008,0.021,-0.016,-0.016,55.97,45.17
"2025-03-06 22:00:00",14715,11.94,402,0,-0.021,-0.28,0.04,-0.026,0.004,-0.025,-0.016,55.73,44.52
"2025-03-06 22:30:00",14716,11.94,402,0,-0.026,-0.21,-0.11,-0.02,-0.011,-0.03,-0.038,54.28,46.77
"2025-03-06 23:00:00",14717,11.94,402,0,-0.062,-0.4,-0.35,-0.037,-0.032,-0.043,-0.056,58.85,44.2
"2025-03-06 23:30:00",14718,11.94,402,0,-0.015,-0.18,0,-0.017,0,-0.022,-0.031,56,45.77
"2025-03-07 00:00:00",14719,11.94,402,0,-0.018,-0.25,0.04,-0.023,0.003,-0.024,-0.025,57.88,46
"2025-03-07 00:30:00",14720,11.94,402,0,-0.041,-0.31,-0.19,-0.028,-0.018,-0.03,-0.035,53.25,45.18
"2025-03-07 01:00:00",14721,11.94,402,0,-0.009,-0.18,0.08,-0.017,0.007,-0.013,-0.013,57.54,45.09
"2025-03-07 01:30:00",14722,11.93,402,0,-0.068,-0.44,-0.39,-0.04,-0.035,-0.046,-0.06,55.36,46.77
"2025-03-07 02:00:00",14723,11.93,402,0,-0.026,-0.31,0,-0.028,0,-0.03,-0.028,56.38,48.47
"2025-03-07 02:30:00",14724,11.93,402,0,-0.032,-0.28,-0.11,-0.026,-0.011,-0.03,-0.035,53.92,45.03
"2025-03-07 03:00:00",14725,11.93,402,0,-0.044,-0.34,-0.19,-0.031,-0.017,-0.03,-0.031,53.9,45.16
"2025-03-07 03:30:00",14726,11.93,402,0,-0.003,-0.12,0.08,-0.011,0.007,-0.019,-0.031,55.44,45.06
"2025-03-07 04:00:00",14727,11.92,402,0,-0.006,-0.18,0.12,-0.017,0.01,-0.027,-0.016,57.01,46.05
"2025-03-07 04:30:00",14728,11.92,402,0,-0.02,-0.21,-0.03,-0.019,-0.004,-0.027,-0.038,53.43,45.93
"2025-03-07 05:00:00",14729,11.92,402,0,-0.008,-0.21,0.12,-0.019,0.01,-0.029,-0.016,55.98,44.77
"2025-03-07 05:30:00",14730,11.92,402,0,-0.055,-0.4,-0.26,-0.037,-0.024,-0.038,-0.037,53.53,45.87
"2025-03-07 06:00:00",14731,11.92,402,0,-0.016,-0.17,-0.03,-0.016,-0.003,-0.023,-0.028,56.97,45.76
"2025-03-07 06:30:00",14732,11.92,402,0,-0.005,-0.14,0.08,-0.014,0.007,-0.018,-0.021,57.12,46.73
"2025-03-07 07:00:00",14733,11.92,402,0,-0.036,-0.29,-0.14,-0.027,-0.013,-0.031,-0.024,55.74,45.61
"2025-03-07 07:30:00",14734,11.91,402,0,-0.021,-0.2,-0.06,-0.018,-0.007,-0.023,-0.024,57.99,47.19
"2025-03-07 08:00:00",14735,11.91,402,0,0.01,-0.08,0.22,-0.008,0.02,-0.016,-0.012,56.73,47.17
"2025-03-07 08:30:00",14736,11.91,402,0,0.019,-0.05,0.3,-0.005,0.026,-0.013,-0.015,58.11,47.32
"2025-03-07 09:00:00",14737,11.91,402,0,0.034,0,0.44,0,0.039,-0.008,0,57.17,47.36
"2025-03-07 09:30:00",14738,11.91,402,0,0.019,-0.17,0.44,-0.016,0.039,-0.021,0.012,57.75,49.01
"2025-03-07 10:00:00",14739,11.91,402,0,0.071,0.18,0.7,0.016,0.062,0.01,0.027,55.32,48.23
"2025-03-07 10:30:00",14740,11.91,402,0,0.084,0.22,0.82,0.019,0.073,0.003,0.024,59.73,48.69
"2025-03-07 11:00:00",14741,11.91,402,0,0.109,0.46,0.88,0.041,0.078,0.033,0.032,64.39,51.55
"2025-03-07 11:30:00",14742,11.92,402,0,0.102,0.4,0.85,0.036,0.076,0.025,0.029,59.97,49.34
"2025-03-07 12:00:00",14743,11.92,402,0,0.104,0.16,1.15,0.014,0.102,0.005,0.048,53.38,49.02
"2025-03-07 12:30:00",14744,11.92,402,0,0.169,0.65,1.43,0.057,0.126,0.039,0.058,58.12,49.81
"2025-03-07 13:00:00",14745,11.92,402,0,0.17,0.56,1.54,0.049,0.136,0.036,0.066,59.49,50.35
"2025-03-07 13:30:00",14746,11.92,402,0,0.182,0.61,1.64,0.054,0.145,0.039,0.071,59.18,50.61
"2025-03-07 14:00:00",14747,11.92,402,0,0.23,0.82,2.02,0.072,0.179,0.058,0.109,60.77,48.92
"2025-03-07 14:30:00",14748,11.92,402,0,0.218,0.87,1.81,0.077,0.161,0.057,0.083,58.86,50.56
"2025-03-07 15:00:00",14749,11.92,402,0,0.202,0.7,1.79,0.062,0.159,0.051,0.085,57.78,50.03
"2025-03-07 15:30:00",14750,11.92,402,0,0.209,0.76,1.82,0.068,0.161,0.053,0.088,60.53,49.09
"2025-03-07 16:00:00",14751,11.92,402,0,0.179,0.6,1.61,0.053,0.143,0.04,0.084,61.07,50.45
"2025-03-07 16:30:00",14752,11.92,402,0,0.157,0.42,1.54,0.037,0.136,0.027,0.078,60.27,50.98
"2025-03-07 17:00:00",14753,11.92,402,0,0.169,0.67,1.4,0.059,0.124,0.035,0.066,54.5,49.07
"2025-03-07 17:30:00",14754,11.91,402,0,0.115,0.37,1.05,0.033,0.093,0.012,0.032,52.34,45.67
"2025-03-07 18:00:00",14755,11.92,402,0,0.071,0.17,0.71,0.015,0.063,0.006,0.013,54.32,46.41
"2025-03-07 18:30:00",14756,11.91,402,0,0.028,-0.02,0.38,-0.003,0.034,-0.012,-0.01,53.74,44.44
"2025-03-07 19:00:00",14757,11.9,402,0,0.011,-0.06,0.21,-0.006,0.019,-0.014,-0.02,54.77,44.39
"2025-03-07 19:30:00",14758,11.9,402,0,0.004,-0.06,0.12,-0.006,0.011,-0.017,-0.023,54.31,44.49
"2025-03-07 20:00:00",14759,11.89,402,0,-0.002,-0.11,0.08,-0.011,0.007,-0.016,-0.022,56.71,44.68
"2025-03-07 20:30:00",14760,11.89,402,0,-0.009,-0.15,0.04,-0.014,0.004,-0.019,-0.028,57.58,45.56
"2025-03-07 21:00:00",14761,11.89,402,0,-0.015,-0.18,0,-0.017,0,-0.022,-0.025,56.61,46.23
"2025-03-07 21:30:00",14762,11.88,402,0,-0.015,-0.18,0,-0.017,0,-0.025,-0.028,55.67,45.86
"2025-03-07 22:00:00",14763,11.89,402,0,-0.018,-0.21,0,-0.02,0,-0.025,-0.032,55.07,44.43
"2025-03-07 22:30:00",14764,11.88,402,0,-0.023,-0.21,-0.07,-0.02,-0.007,-0.024,-0.032,55.77,45.65
"2025-03-07 23:00:00",14765,11.88,402,0,-0.023,-0.21,-0.07,-0.02,-0.007,-0.022,-0.035,55.07,45.67
"2025-03-07 23:30:00",14766,11.88,402,0,-0.026,-0.21,-0.11,-0.02,-0.011,-0.025,-0.035,55.87,45.9
"2025-03-08 00:00:00",14767,11.88,402,0,-0.024,-0.22,-0.07,-0.02,-0.007,-0.025,-0.029,55.27,45.56
"2025-03-08 00:30:00",14768,11.88,402,0,-0.027,-0.22,-0.11,-0.02,-0.011,-0.025,-0.035,54.88,45.32
"2025-03-08 01:00:00",14769,11.88,402,0,-0.026,-0.21,-0.11,-0.02,-0.011,-0.022,-0.035,56.58,45.94
"2025-03-08 01:30:00",14770,11.87,402,0,-0.023,-0.21,-0.07,-0.02,-0.007,-0.024,-0.028,55.37,45.81
"2025-03-08 02:00:00",14771,11.87,402,0,-0.024,-0.18,-0.11,-0.017,-0.011,-0.022,-0.038,56.01,45.21
"2025-03-08 02:30:00",14772,11.87,402,0,-0.027,-0.25,-0.07,-0.023,-0.007,-0.027,-0.035,56.56,46.18
"2025-03-08 03:00:00",14773,11.86,402,0,-0.052,-0.43,-0.19,-0.039,-0.018,-0.04,-0.038,53.48,45.31
"2025-03-08 03:30:00",14774,11.87,402,0,-0.029,-0.23,-0.12,-0.021,-0.011,-0.026,-0.036,53.16,44.17
"2025-03-08 04:00:00",14775,11.86,402,0,-0.029,-0.24,-0.11,-0.022,-0.011,-0.024,-0.035,56.48,47.18
"2025-03-08 04:30:00",14776,11.86,402,0,-0.032,-0.24,-0.15,-0.022,-0.014,-0.022,-0.038,55.63,46.07
"2025-03-08 05:00:00",14777,11.86,402,0,-0.03,-0.25,-0.11,-0.023,-0.011,-0.025,-0.038,56.4,46.02
"2025-03-08 05:30:00",14778,11.85,402,0,-0.033,-0.25,-0.15,-0.023,-0.014,-0.027,-0.035,55.86,46.86
"2025-03-08 06:00:00",14779,11.85,402,0,-0.026,-0.21,-0.11,-0.02,-0.011,-0.027,-0.038,56.41,46.03
"2025-03-08 06:30:00",14780,11.85,402,0,-0.02,-0.18,-0.07,-0.017,-0.007,-0.022,-0.028,55.49,46.6
"2025-03-08 07:00:00",14781,11.85,402,0,-0.023,-0.21,-0.07,-0.02,-0.007,-0.027,-0.031,56.48,46.51
"2025-03-08 07:30:00",14782,11.85,402,0,-0.01,-0.12,0,-0.011,0,-0.019,-0.025,57.44,46.39
"2025-03-08 08:00:00",14783,11.85,402,0,-0.009,-0.15,0.04,-0.014,0.003,-0.021,-0.022,56.53,46.57
"2025-03-08 08:30:00",14784,11.84,402,0,0.029,0.06,0.3,0.005,0.026,-0.003,-0.006,59.99,50.03
"2025-03-08 09:00:00",14785,11.85,402,0,0.038,-0.02,0.51,-0.003,0.045,-0.008,0.009,59.36,49.4
"2025-03-08 09:30:00",14786,11.85,402,0,0.071,0.15,0.74,0.013,0.066,0.005,0.018,59.63,48.43
"2025-03-08 10:00:00",14787,11.85,402,0,0.087,0.21,0.88,0.019,0.078,0.008,0.027,59.95,49.43
"2025-03-08 10:30:00",14788,11.85,402,0,0.11,0.1,1.3,0.009,0.115,0.003,0.057,54.09,49.06
"2025-03-08 11:00:00",14789,11.85,402,0,0.141,0.32,1.44,0.028,0.127,0.016,0.058,59.67,47.65
"2025-03-08 11:30:00",14790,11.85,402,0,0.18,0.75,1.45,0.067,0.128,0.052,0.075,57.81,50.72
"2025-03-08 12:00:00",14791,11.85,402,0,0.237,1,1.9,0.088,0.168,0.06,0.095,58.09,48.54
"2025-03-08 12:30:00",14792,11.85,402,0,0.206,0.92,1.59,0.082,0.14,0.056,0.056,62.11,48.71
"2025-03-08 13:00:00",14793,11.85,402,0,0.21,0.95,1.61,0.084,0.142,0.059,0.07,61.07,43.72
"2025-03-08 13:30:00",14794,11.85,402,0,0.243,0.83,2.17,0.073,0.192,0.058,0.105,58.51,50.87
"2025-03-08 14:00:00",14795,11.85,402,0,0.264,1,2.25,0.089,0.199,0.073,0.118,59.7,48.92
"2025-03-08 14:30:00",14796,11.85,402,0,0.259,1.12,2.05,0.099,0.181,0.077,0.094,59.91,46.67
"2025-03-08 15:00:00",14797,11.86,402,0,0.22,0.76,1.95,0.067,0.172,0.046,0.082,58.99,50.68
"2025-03-08 15:30:00",14798,11.84,402,0,0.245,0.92,2.09,0.082,0.185,0.065,0.098,62.19,49.77
"2025-03-08 16:00:00",14799,11.85,402,0,0.149,0.25,1.62,0.022,0.144,0.016,0.081,57.1,49.86
"2025-03-08 16:30:00",14800,11.85,402,0,0.202,0.82,1.65,0.073,0.146,0.055,0.077,58.83,48.72
"2025-03-08 17:00:00",14801,11.84,402,0,0.198,0.86,1.56,0.076,0.138,0.051,0.06,54.55,47.46
"2025-03-08 17:30:00",14802,11.84,402,0,0.168,0.64,1.42,0.057,0.126,0.028,0.052,51.63,46.86
"2025-03-08 18:00:00",14803,11.84,402,0,0.088,0.17,0.94,0.015,0.083,0,0.016,55.25,46.11
"2025-03-08 18:30:00",14804,11.84,402,0,0.053,0.07,0.6,0.006,0.053,-0.006,0.007,52.68,43.7
"2025-03-08 19:00:00",14805,11.83,402,0,0.014,-0.06,0.25,-0.006,0.022,-0.02,-0.016,54.14,45.97
"2025-03-08 19:30:00",14806,11.82,402,0,-0.016,-0.23,0.04,-0.021,0.004,-0.026,-0.026,52.58,44.93
"2025-03-08 20:00:00",14807,11.82,402,0,-0.001,-0.09,0.08,-0.009,0.008,-0.017,-0.03,53.72,45.66
"2025-03-08 20:30:00",14808,11.82,402,0,-0.01,-0.16,0.04,-0.015,0.004,-0.02,-0.03,54.34,44.79
"2025-03-08 21:00:00",14809,11.81,402,0,-0.01,-0.19,0.08,-0.017,0.007,-0.022,-0.02,53.11,45.77
"2025-03-08 21:30:00",14810,11.81,402,0,-0.022,-0.26,0,-0.024,0,-0.031,-0.033,52.65,45.15
"2025-03-08 22:00:00",14811,11.8,402,0,-0.015,-0.22,0.04,-0.021,0.004,-0.025,-0.023,51.84,44.91
"2025-03-08 22:30:00",14812,11.8,402,0,-0.024,-0.26,-0.03,-0.024,-0.004,-0.031,-0.036,54.4,44.02
"2025-03-08 23:00:00",14813,11.79,402,0,-0.021,-0.22,-0.03,-0.021,-0.004,-0.028,-0.033,53.85,44.29
"2025-03-08 23:30:00",14814,11.8,402,0,-0.027,-0.26,-0.07,-0.024,-0.007,-0.026,-0.03,54.78,45.88
"2025-03-09 00:00:00",14815,11.79,402,0,-0.034,-0.29,-0.12,-0.027,-0.011,-0.031,-0.036,55.71,45.17
"2025-03-09 00:30:00",14816,11.78,402,0,-0.025,-0.19,-0.12,-0.018,-0.011,-0.026,-0.04,53,46.16
"2025-03-09 01:00:00",14817,11.79,402,0,-0.018,-0.19,-0.03,-0.018,-0.004,-0.023,-0.033,54.86,44.88
"2025-03-09 01:30:00",14818,11.78,402,0,-0.019,-0.16,-0.08,-0.015,-0.008,-0.026,-0.037,54.74,45.73
"2025-03-09 02:00:00",14819,11.78,402,0,-0.025,-0.22,-0.08,-0.02,-0.008,-0.025,-0.04,54.67,44.69
"2025-03-09 02:30:00",14820,11.77,402,0,-0.027,-0.25,-0.08,-0.023,-0.008,-0.025,-0.037,54.59,45.03
"2025-03-09 03:00:00",14821,11.77,402,0,-0.027,-0.25,-0.07,-0.023,-0.007,-0.028,-0.033,54.62,45.21
"2025-03-09 03:30:00",14822,11.77,402,0,-0.023,-0.16,-0.12,-0.015,-0.011,-0.023,-0.039,54.54,44.96
"2025-03-09 04:00:00",14823,11.76,402,0,-0.043,-0.37,-0.15,-0.034,-0.014,-0.038,-0.039,56.32,46.19
"2025-03-09 04:30:00",14824,11.76,402,0,-0.03,-0.22,-0.15,-0.02,-0.014,-0.025,-0.042,54.67,45.11
"2025-03-09 05:00:00",14825,11.76,402,0,-0.016,-0.09,-0.11,-0.009,-0.011,-0.017,-0.039,55.65,45.83
"2025-03-09 05:30:00",14826,11.75,402,0,-0.039,-0.25,-0.23,-0.023,-0.021,-0.027,-0.042,56.74,45.94
"2025-03-09 06:00:00",14827,11.75,402,0,-0.029,-0.28,-0.07,-0.026,-0.007,-0.03,-0.032,55.57,45.18
"2025-03-09 06:30:00",14828,11.75,402,0,-0.018,-0.15,-0.07,-0.014,-0.007,-0.022,-0.036,55.52,46.53
"2025-03-09 07:00:00",14829,11.75,402,0,-0.018,-0.15,-0.07,-0.014,-0.007,-0.019,-0.035,57.82,46.75
"2025-03-09 07:30:00",14830,11.75,402,0,-0.009,-0.11,0,-0.011,0,-0.013,-0.029,57.14,47.98
"2025-03-09 08:00:00",14831,11.74,402,0,0.041,0.17,0.33,0.015,0.029,0.01,-0.009,60.12,48.76
"2025-03-09 08:30:00",14832,11.75,402,0,0.039,0.03,0.47,0.003,0.042,-0.003,0.006,58.71,49.15
"2025-03-09 09:00:00",14833,11.75,402,0,0.05,0.12,0.5,0.01,0.045,0.008,0.012,59.71,50.72
"2025-03-09 09:30:00",14834,11.76,402,0,0.057,0.03,0.7,0.003,0.062,0,0.021,59.9,51.02
"2025-03-09 10:00:00",14835,11.76,402,0,0.056,0.24,0.44,0.021,0.039,0.01,-0.003,60.27,48.51
"2025-03-09 10:30:00",14836,11.76,402,0,0.054,0.15,0.52,0.013,0.046,0.003,-0.003,59.27,49.31
"2025-03-09 11:00:00",14837,11.76,402,0,0.036,-0.05,0.52,-0.005,0.046,-0.013,0.003,60.17,49.39
"2025-03-09 11:30:00",14838,11.77,402,0,0.095,0.39,0.77,0.034,0.068,0.023,0.03,59.12,50.24
"2025-03-09 12:00:00",14839,11.77,402,0,0.088,0.21,0.89,0.019,0.079,0.01,0.036,59.62,49.66
"2025-03-09 12:30:00",14840,11.77,402,0,0.165,0.68,1.34,0.06,0.118,0.046,0.06,61.57,49.97
"2025-03-09 13:00:00",14841,11.77,402,0,0.189,0.74,1.58,0.066,0.14,0.048,0.077,58.77,50.2
"2025-03-09 13:30:00",14842,11.77,402,0,0.219,0.78,1.92,0.069,0.17,0.056,0.106,60.69,51.4
"2025-03-09 14:00:00",14843,11.77,402,0,0.21,0.65,1.95,0.058,0.173,0.046,0.108,60.55,52.25
"2025-03-09 14:30:00",14844,11.77,402,0,0.215,0.79,1.86,0.07,0.165,0.056,0.101,61.73,51.95
"2025-03-09 15:00:00",14845,11.77,402,0,0.215,0.79,1.86,0.07,0.165,0.058,0.098,59.93,50.55
"2025-03-09 15:30:00",14846,11.78,402,0,0.211,0.72,1.89,0.063,0.167,0.053,0.098,62.67,50.93
"2025-03-09 16:00:00",14847,11.77,402,0,0.173,0.6,1.54,0.053,0.136,0.042,0.089,63.83,53.06
"2025-03-09 16:30:00",14848,11.77,402,0,0.162,0.48,1.53,0.042,0.136,0.034,0.08,60.01,52.12
"2025-03-09 17:00:00",14849,11.77,402,0,0.163,0.64,1.36,0.057,0.12,0.03,0.056,53.93,47.68
"2025-03-09 17:30:00",14850,11.77,402,0,0.125,0.51,1.02,0.045,0.09,0.019,0.032,51.78,46.61
"2025-03-09 18:00:00",14851,11.77,402,0,0.057,0.08,0.64,0.007,0.056,-0.006,0,52.12,43.96
"2025-03-09 18:30:00",14852,11.76,402,0,0.025,-0.03,0.36,-0.003,0.032,-0.018,-0.01,52.46,43.89
"2025-03-09 19:00:00",14853,11.76,402,0,0.005,-0.1,0.18,-0.009,0.016,-0.018,-0.02,53.53,44.39
"2025-03-09 19:30:00",14854,11.75,402,0,-0.011,-0.17,0.04,-0.016,0.004,-0.024,-0.031,54.1,43.73
"2025-03-09 20:00:00",14855,11.74,402,0,-0.019,-0.2,-0.03,-0.019,-0.004,-0.026,-0.034,54.09,43.87
"2025-03-09 20:30:00",14856,11.73,402,0,-0.026,-0.23,-0.08,-0.022,-0.008,-0.029,-0.037,53.36,44.63
"2025-03-09 21:00:00",14857,11.72,402,0,-0.023,-0.2,-0.08,-0.018,-0.008,-0.029,-0.037,54.25,44.28
"2025-03-09 21:30:00",14858,11.73,402,0,-0.032,-0.27,-0.12,-0.024,-0.012,-0.032,-0.044,54.41,44.19
"2025-03-09 22:00:00",14859,11.72,402,0,-0.032,-0.23,-0.16,-0.021,-0.015,-0.029,-0.037,53.88,44.17
"2025-03-09 22:30:00",14860,11.71,402,0,-0.032,-0.23,-0.16,-0.021,-0.015,-0.029,-0.037,54.7,44.48
"2025-03-09 23:00:00",14861,11.71,402,0,-0.031,-0.26,-0.12,-0.024,-0.011,-0.026,-0.04,55.03,44.9
"2025-03-09 23:30:00",14862,11.71,402,0,-0.031,-0.26,-0.12,-0.024,-0.011,-0.028,-0.04,55.93,44.99
"2025-03-10 00:00:00",14863,11.7,402,0,-0.034,-0.29,-0.12,-0.027,-0.011,-0.032,-0.04,55.06,45.25
"2025-03-10 00:30:00",14864,11.7,402,0,-0.037,-0.29,-0.16,-0.027,-0.015,-0.031,-0.037,54.07,45.75
"2025-03-10 01:00:00",14865,11.7,402,0,-0.037,-0.29,-0.16,-0.027,-0.015,-0.028,-0.04,55.26,44.63
"2025-03-10 01:30:00",14866,11.7,402,0,-0.037,-0.29,-0.16,-0.027,-0.015,-0.028,-0.036,55.63,46.08
"2025-03-10 02:00:00",14867,11.7,402,0,-0.038,-0.26,-0.2,-0.024,-0.019,-0.032,-0.043,55.74,44.79
"2025-03-10 02:30:00",14868,11.7,402,0,-0.041,-0.3,-0.2,-0.027,-0.019,-0.032,-0.043,54.35,45.2
"2025-03-10 03:00:00",14869,11.69,402,0,-0.038,-0.3,-0.16,-0.027,-0.015,-0.029,-0.044,55.19,45.89
"2025-03-10 03:30:00",14870,11.69,402,0,-0.041,-0.3,-0.2,-0.027,-0.019,-0.032,-0.044,54.62,45.32
"2025-03-10 04:00:00",14871,11.69,402,0,-0.028,-0.19,-0.16,-0.018,-0.015,-0.026,-0.04,55.64,45.11
"2025-03-10 04:30:00",14872,11.69,402,0,-0.037,-0.25,-0.2,-0.023,-0.019,-0.028,-0.044,55.65,46.5
"2025-03-10 05:00:00",14873,11.68,402,0,-0.034,-0.22,-0.2,-0.02,-0.019,-0.028,-0.043,55.95,46.24
"2025-03-10 05:30:00",14874,11.68,402,0,-0.03,-0.32,-0.03,-0.029,-0.004,-0.034,-0.03,55.64,46.9
"2025-03-10 06:00:00",14875,11.68,402,0,-0.03,-0.25,-0.11,-0.023,-0.011,-0.031,-0.036,55.33,46.18
"2025-03-10 06:30:00",14876,11.68,402,0,-0.039,-0.28,-0.19,-0.026,-0.018,-0.033,-0.042,55.27,44.89
"2025-03-10 07:00:00",14877,11.68,402,0,-0.032,-0.21,-0.19,-0.019,-0.018,-0.022,-0.042,57.49,45.88
"2025-03-10 07:30:00",14878,11.68,402,0,-0.022,-0.17,-0.1,-0.016,-0.01,-0.024,-0.031,58.62,47.57
"2025-03-10 08:00:00",14879,11.67,402,0,-0.009,-0.18,0.08,-0.016,0.007,-0.021,-0.019,58.74,49.19
"2025-03-10 08:30:00",14880,11.68,402,0,0.066,0.38,0.41,0.033,0.036,0.023,0.006,65.32,49.04
"2025-03-10 09:00:00",14881,11.68,402,0,0.049,0.17,0.43,0.015,0.038,0.008,0.003,62.43,50.17
"2025-03-10 09:30:00",14882,11.67,402,0,0.093,0.29,0.86,0.026,0.076,0.018,0.033,62.47,51.28
"2025-03-10 10:00:00",14883,11.68,402,0,0.194,0.77,1.61,0.068,0.142,-99,0.085,-99,53.57
"2025-03-10 10:30:00",14884,11.68,402,0,0.188,0.57,1.76,0.051,0.156,0.034,0.1,60.68,53.04
"2025-03-10 11:00:00",14885,11.69,402,0,0.229,0.76,2.07,0.068,0.184,0.056,0.116,63.25,52.9
"2025-03-10 11:30:00",14886,11.7,402,0,0.285,0.89,2.64,0.079,0.234,0.064,0.151,60.72,53.09
"2025-03-10 12:00:00",14887,11.7,402,0,0.386,1.53,3.21,0.135,0.284,0.112,0.191,60.63,53.56
"2025-03-10 12:30:00",14888,11.7,402,0,0.363,1.37,3.1,0.121,0.275,0.097,0.18,60.43,52.29
"2025-03-10 13:00:00",14889,11.7,402,0,0.363,1.37,3.09,0.121,0.274,0.102,0.175,60.25,53.02
"2025-03-10 13:30:00",14890,11.7,402,0,0.35,1.44,2.85,0.128,0.252,0.111,0.167,63.01,52.82
"2025-03-10 14:00:00",14891,11.7,402,0,0.277,0.84,2.6,0.074,0.23,0.058,0.15,57.34,50.27
"2025-03-10 14:30:00",14892,11.7,402,0,0.264,0.92,2.34,0.082,0.207,0.063,0.125,57.95,51.7
"2025-03-10 15:00:00",14893,11.7,402,0,0.239,0.89,2.05,0.079,0.182,0.056,0.102,58.76,49.38
"2025-03-10 15:30:00",14894,11.7,402,0,0.213,0.74,1.89,0.065,0.167,0.044,0.093,58.23,48.7
