"TOA5","CR300Series_411","CR300","4370","CR300-RF407.Std.11.00","CPU:CR300_sapflow.CR300","32345","Table2"
"TIMESTAMP","RECORD","BattV_Min","id","SDI1","SapFlwTot1","VhOuter1","VhInner1","AlphaOut1","AlphaIn1","BetaOut1","BetaIn1","tMaxTout1","tMaxTin1"
"TS","RN","Volts","","","literPerHour","heatVelocity","heatVelocity","logTRatio","logTRatio","logTRatio","logTRatio","second","second"
"","","Min","Smp","Smp","Smp","Smp","Smp","Smp","Smp","Smp","Smp","Smp","Smp"
"2025-02-18 16:00:00",9490,13.19,411,1,-0.02,-0.62,-0.21,-0.053,-0.019,-0.015,-0.016,106.7,73.51
"2025-02-18 16:30:00",9491,12.84,411,1,-0.017,-0.47,-0.27,-0.041,-0.024,-0.008,-0.02,99.7,72.32
"2025-02-18 17:00:00",9492,12.71,411,1,-0.028,-0.93,-0.27,-0.079,-0.025,-0.04,-0.024,104.7,70.8
"2025-02-18 17:30:00",9493,12.74,411,1,-0.028,-0.93,-0.27,-0.079,-0.024,-0.036,-0.024,104.6,71.99
"2025-02-18 18:00:00",9494,12.78,411,1,-0.029,-0.94,-0.27,-0.08,-0.024,-0.036,-0.024,101.5,71.42
"2025-02-18 18:30:00",9495,12.78,411,1,-0.027,-0.83,-0.31,-0.07,-0.028,-0.032,-0.028,101.7,71.79
"2025-02-18 19:00:00",9496,12.79,411,1,-0.03,-0.94,-0.31,-0.08,-0.028,-0.04,-0.027,102.8,72.16
"2025-02-18 19:30:00",9497,12.78,411,1,-0.029,-0.87,-0.35,-0.074,-0.031,-0.036,-0.031,109.6,70.21
"2025-02-18 20:00:00",9498,12.78,411,1,-0.033,-0.97,-0.44,-0.082,-0.038,-0.051,-0.038,102.8,72.42
"2025-02-18 20:30:00",9499,12.78,411,1,-0.027,-0.82,-0.35,-0.07,-0.031,-0.036,-0.031,104.7,70.34
"2025-02-18 21:00:00",9500,12.78,411,1,-0.03,-0.89,-0.42,-0.075,-0.038,-0.041,-0.034,107.9,72.04
"2025-02-18 21:30:00",9501,12.78,411,1,-0.029,-0.84,-0.44,-0.072,-0.038,-0.034,-0.038,105.2,72.28
"2025-02-18 22:00:00",9502,12.77,411,1,-0.024,-0.69,-0.35,-0.059,-0.031,-0.025,-0.031,102.3,70.41
"2025-02-18 22:30:00",9503,12.77,411,1,-0.028,-0.83,-0.4,-0.071,-0.035,-0.037,-0.034,101,71.33
"2025-02-18 23:00:00",9504,12.77,411,1,-0.031,-0.91,-0.44,-0.077,-0.038,-0.042,-0.038,102.2,71.59
"2025-02-18 23:30:00",9505,12.77,411,1,-0.028,-0.77,-0.44,-0.066,-0.038,-0.024,-0.038,102.3,70.71
"2025-02-19 00:00:00",9506,12.77,411,1,-0.033,-0.93,-0.52,-0.078,-0.045,-0.047,-0.045,101.3,70.9
"2025-02-19 00:30:00",9507,12.77,411,1,-0.035,-1.03,-0.48,-0.087,-0.042,-0.051,-0.045,104.1,72.77
"2025-02-19 01:00:00",9508,12.77,411,1,-0.029,-0.79,-0.47,-0.067,-0.041,-0.03,-0.037,107.4,71.52
"2025-02-19 01:30:00",9509,12.77,411,1,-0.029,-0.84,-0.44,-0.072,-0.038,-0.042,-0.038,95.3,69.94
"2025-02-19 02:00:00",9510,12.77,411,1,-0.035,-1,-0.51,-0.085,-0.044,-0.053,-0.04,109.6,73.4
"2025-02-19 02:30:00",9511,12.77,411,1,-0.023,-0.63,-0.35,-0.054,-0.032,-0.023,-0.031,99.1,68.49
"2025-02-19 03:00:00",9512,12.76,411,1,-0.02,-0.54,-0.35,-0.047,-0.032,-0.028,-0.035,81.9,62.83
"2025-02-19 03:30:00",9513,12.76,411,1,-0.03,-0.96,-0.33,-0.081,-0.028,-0.071,-0.028,94,62.9
"2025-02-19 04:00:00",9514,12.76,411,1,-0.007,-0.34,0.06,-0.03,0.004,0.011,0,98.7,61.52
"2025-02-19 04:30:00",9515,12.76,411,1,-0.025,-0.59,-0.54,-0.051,-0.046,-0.024,-0.046,95.4,64.28
"2025-02-19 05:00:00",9516,12.76,411,1,-0.024,-0.82,-0.17,-0.07,-0.017,-0.037,-0.021,101.7,63.28
"2025-02-19 05:30:00",9517,12.76,411,1,-0.032,-0.96,-0.42,-0.081,-0.037,-0.054,-0.036,98.2,63.27
"2025-02-19 06:00:00",9518,12.76,411,1,-0.035,-1.11,-0.37,-0.094,-0.033,-0.068,-0.037,91.7,63.09
"2025-02-19 06:30:00",9519,12.76,411,1,-0.034,-0.93,-0.55,-0.078,-0.048,-0.055,-0.048,100.6,62.46
"2025-02-19 07:00:00",9520,12.76,411,1,-0.018,-0.38,-0.47,-0.033,-0.041,-0.012,-0.041,104.3,65.35
"2025-02-19 07:30:00",9521,12.76,411,1,-0.035,-1.03,-0.48,-0.087,-0.042,-0.04,-0.046,105.6,62.9
"2025-02-19 08:00:00",9522,12.76,411,1,-0.016,-0.66,0.04,-0.056,0.004,-0.005,0,110,65.8
"2025-02-19 08:30:00",9523,12.76,411,1,-0.023,-0.9,-0.02,-0.076,-0.004,-0.041,-0.008,109.5,65.3
"2025-02-19 09:00:00",9524,12.76,411,1,-0.027,-0.87,-0.27,-0.075,-0.025,-0.026,-0.025,109.6,64.1
"2025-02-19 09:30:00",9525,12.76,411,1,-0.009,-0.38,0,-0.034,0,0.01,-0.004,107.9,67.5
"2025-02-19 10:00:00",9526,12.76,411,1,-0.017,-0.65,-0.03,-0.055,-0.004,-0.022,-0.009,109.6,64.68
"2025-02-19 10:30:00",9527,12.77,411,1,-0.022,-0.76,-0.13,-0.065,-0.012,-0.016,-0.016,108.2,65.49
"2025-02-19 11:00:00",9528,12.77,411,1,-0.012,-0.33,-0.19,-0.029,-0.017,-0.014,-0.021,81.7,63.17
"2025-02-19 11:30:00",9529,12.78,411,1,-0.02,-0.62,-0.23,-0.053,-0.021,-0.026,-0.025,109.8,63.11
"2025-02-19 12:00:00",9530,12.78,411,1,-0.021,-0.79,-0.09,-0.067,-0.009,-0.036,-0.018,84.9,61.03
"2025-02-19 12:30:00",9531,12.78,411,1,-0.013,-0.83,0.38,-0.071,0.031,-0.027,0.027,107.1,60.85
"2025-02-19 13:00:00",9532,12.78,411,1,-0.016,-0.55,-0.14,-0.048,-0.014,-0.016,-0.018,105.4,59.46
"2025-02-19 13:30:00",9533,12.78,411,1,-0.019,-0.91,0.18,-0.078,0.015,-0.055,0,92.4,56.5
"2025-02-19 14:00:00",9534,12.78,411,1,-0.012,-0.69,0.28,-0.06,0.024,-0.023,0.014,101.6,59.71
"2025-02-19 14:30:00",9535,12.79,411,1,-0.022,-0.89,0,-0.075,0,-0.032,-0.005,103.3,58.64
"2025-02-19 15:00:00",9536,12.78,411,1,-0.009,-0.56,0.28,-0.049,0.023,-0.006,0.014,100.3,59.39
"2025-02-19 15:30:00",9537,12.78,411,1,-0.006,-0.47,0.27,-0.041,0.022,0,0.013,108,59.07
"2025-02-19 16:00:00",9538,12.78,411,1,-0.008,-0.75,0.55,-0.063,0.046,-0.021,0.027,105,60.59
"2025-02-19 16:30:00",9539,12.77,411,1,-0.03,-0.94,-0.31,-0.08,-0.027,-0.049,-0.027,102.4,59.51
"2025-02-19 17:00:00",9540,12.77,411,1,-0.016,-0.84,0.27,-0.072,0.022,-0.02,0.017,108.8,61.33
"2025-02-19 17:30:00",9541,12.77,411,1,-0.015,-0.73,0.15,-0.062,0.013,-0.021,0.004,107.9,61.45
"2025-02-19 18:00:00",9542,12.76,411,1,-0.015,-0.68,0.11,-0.057,0.009,-0.016,0,104.3,59.89
"2025-02-19 18:30:00",9543,12.76,411,1,-0.027,-1.11,0.06,-0.094,0.004,-0.054,0,105,60.57
"2025-02-19 19:00:00",9544,12.76,411,1,-0.025,-0.93,-0.09,-0.079,-0.009,-0.036,-0.013,109.3,60.83
"2025-02-19 19:30:00",9545,12.75,411,1,-0.033,-0.94,-0.51,-0.08,-0.044,-0.034,-0.043,100.4,60.7
"2025-02-19 20:00:00",9546,12.75,411,1,-0.029,-0.79,-0.51,-0.067,-0.043,-0.026,-0.052,109,62.78
"2025-02-19 20:30:00",9547,12.75,411,1,-0.024,-0.8,-0.19,-0.068,-0.018,-0.031,-0.022,106.2,62.52
"2025-02-19 21:00:00",9548,12.74,411,1,-0.022,-0.91,0.06,-0.078,0.004,-0.036,0,106.6,63.91
"2025-02-19 21:30:00",9549,12.75,411,1,-0.023,-0.79,-0.19,-0.067,-0.017,-0.026,-0.026,106.7,62.52
"2025-02-19 22:00:00",9550,12.74,411,1,-0.011,-0.4,-0.03,-0.035,-0.004,0.005,-0.004,106.2,64.97
"2025-02-19 22:30:00",9551,12.74,411,1,-0.031,-0.82,-0.55,-0.069,-0.047,-0.027,-0.051,104.3,64.66
"2025-02-19 23:00:00",9552,12.74,411,1,-0.024,-0.98,0,-0.083,0,-0.038,-0.004,102.9,62.96
"2025-02-19 23:30:00",9553,12.74,411,1,-0.027,-0.79,-0.38,-0.067,-0.034,-0.026,-0.034,106.3,64.6
"2025-02-20 00:00:00",9554,12.74,411,1,-0.023,-0.84,-0.07,-0.072,-0.009,-0.031,-0.017,101.2,64.85
"2025-02-20 00:30:00",9555,12.74,411,1,-0.027,-0.93,-0.19,-0.078,-0.017,-0.031,-0.021,107.2,62.27
"2025-02-20 01:00:00",9556,12.74,411,1,-0.02,-0.73,-0.07,-0.062,-0.009,-0.026,-0.017,107,63.09
"2025-02-20 01:30:00",9557,12.74,411,1,-0.022,-0.8,-0.07,-0.068,-0.008,-0.021,-0.013,105.3,64.15
"2025-02-20 02:00:00",9558,12.74,411,1,-0.022,-0.66,-0.28,-0.056,-0.025,-0.026,-0.029,103.9,62.71
"2025-02-20 02:30:00",9559,12.74,411,1,0.002,-0.12,0.31,-0.012,0.026,0.022,0.021,104.3,63.66
"2025-02-20 03:00:00",9560,12.74,411,1,-0.025,-0.91,-0.13,-0.077,-0.013,-0.025,-0.017,103.4,62.52
"2025-02-20 03:30:00",9561,12.74,411,1,-0.014,-0.61,0.06,-0.052,0.004,-0.016,0.004,99.3,64.66
"2025-02-20 04:00:00",9562,12.74,411,1,-0.022,-0.61,-0.38,-0.052,-0.033,-0.016,-0.033,100.2,63.53
"2025-02-20 04:30:00",9563,12.74,411,1,-0.027,-0.75,-0.44,-0.064,-0.038,-0.038,-0.042,101.9,64.54
"2025-02-20 05:00:00",9564,12.73,411,1,-0.018,-0.55,-0.23,-0.047,-0.021,-0.022,-0.021,101.2,63.78
"2025-02-20 05:30:00",9565,12.73,411,1,-0.031,-0.98,-0.33,-0.084,-0.029,-0.056,-0.029,102.3,64.85
"2025-02-20 06:00:00",9566,12.73,411,1,-0.015,-0.48,-0.17,-0.041,-0.017,-0.006,-0.021,97.9,64.47
"2025-02-20 06:30:00",9567,12.73,411,1,0,-0.33,0.41,-0.028,0.034,0.011,0.033,101.9,63.46
"2025-02-20 07:00:00",9568,12.73,411,1,-0.001,-0.26,0.25,-0.023,0.02,0.016,0.016,98.9,64.22
"2025-02-20 07:30:00",9569,12.73,411,1,-0.013,-0.41,-0.13,-0.036,-0.012,-0.006,-0.012,101.9,65.22
"2025-02-20 08:00:00",9570,12.72,411,1,-0.023,-0.76,-0.23,-0.065,-0.021,-0.015,-0.021,104.9,62.96
"2025-02-20 08:30:00",9571,12.73,411,1,-0.021,-0.61,-0.33,-0.052,-0.029,-0.009,-0.029,109.3,63.6
"2025-02-20 09:00:00",9572,12.73,411,1,-0.027,-0.91,-0.23,-0.077,-0.021,-0.044,-0.025,108.8,65.86
"2025-02-20 09:30:00",9573,12.73,411,1,-0.013,-0.41,-0.17,-0.036,-0.017,0.011,-0.021,96.9,65.8
"2025-02-20 10:00:00",9574,12.73,411,1,-0.01,-0.19,-0.28,-0.017,-0.025,0.01,-0.025,109.9,64.23
"2025-02-20 10:30:00",9575,12.73,411,1,-0.016,-0.54,-0.13,-0.047,-0.013,0.022,-0.017,108.3,64.11
"2025-02-20 11:00:00",9576,12.74,411,1,-0.033,-1.12,-0.26,-0.095,-0.023,-0.026,-0.023,109.6,61.6
"2025-02-20 11:30:00",9577,12.74,411,1,-0.018,-0.55,-0.23,-0.047,-0.021,0.017,-0.026,109.9,59.15
"2025-02-20 12:00:00",9578,12.75,411,1,-0.034,-1.28,-0.12,-0.108,-0.012,0.007,-0.028,109,54.75
"2025-02-20 12:30:00",9579,12.75,411,1,-0.019,-0.65,-0.14,-0.055,-0.013,-0.066,-0.031,63.06,51.04
"2025-02-20 13:00:00",9580,12.75,411,1,0,0,0,0,0,0.075,-0.025,110,48.4
"2025-02-20 13:30:00",9581,12.75,411,1,-0.016,-0.63,0,-0.055,0,-0.027,-0.02,81.6,48.22
"2025-02-20 14:00:00",9582,12.75,411,1,-0.017,-0.82,0.15,-0.069,0.013,-0.062,-0.006,85.5,51.36
"2025-02-20 14:30:00",9583,12.75,411,1,0.008,0.18,0.22,0.015,0.019,0.051,0,93.7,51.48
"2025-02-20 15:00:00",9584,12.75,411,1,0.008,0.18,0.22,0.015,0.018,0.015,0,76.51,50.66
"2025-02-20 15:30:00",9585,12.75,411,1,0,-0.06,0.14,-0.007,0.012,0.02,0,88.6,53.49
"2025-02-20 16:00:00",9586,12.75,411,1,-0.011,-0.45,0,-0.039,0,0,-0.005,101.4,55.93
"2025-02-20 16:30:00",9587,12.74,411,1,-0.01,-0.41,0,-0.036,0,0.011,0,104.7,61.21
"2025-02-20 17:00:00",9588,12.74,411,1,-0.015,-0.54,-0.09,-0.046,-0.009,-0.005,-0.009,98.1,60.45
"2025-02-20 17:30:00",9589,12.74,411,1,-0.012,-0.41,-0.09,-0.036,-0.009,-0.017,-0.013,86.8,61.46
"2025-02-20 18:00:00",9590,12.73,411,1,-0.015,-0.54,-0.07,-0.046,-0.009,-0.033,-0.009,100.3,62.41
"2025-02-20 18:30:00",9591,12.73,411,1,-0.011,-0.35,-0.13,-0.031,-0.013,0,-0.013,96.9,62.22
"2025-02-20 19:00:00",9592,12.73,411,1,-0.007,-0.2,-0.09,-0.018,-0.009,0,-0.013,89.9,64.29
"2025-02-20 19:30:00",9593,12.73,411,1,-0.01,-0.33,-0.07,-0.029,-0.009,0.006,-0.009,90.5,62.16
"2025-02-20 20:00:00",9594,12.72,411,1,-0.03,-1.11,-0.13,-0.094,-0.013,-0.012,-0.021,104.2,62.03
"2025-02-20 20:30:00",9595,12.72,411,1,-0.006,-0.1,-0.19,-0.011,-0.017,0.015,-0.017,102.5,64.6
"2025-02-20 21:00:00",9596,12.72,411,1,-0.028,-1,-0.17,-0.084,-0.017,-0.055,-0.025,96.9,62.97
"2025-02-20 21:30:00",9597,12.72,411,1,-0.004,-0.05,-0.17,-0.006,-0.017,0.031,-0.016,93.3,65.74
"2025-02-20 22:00:00",9598,12.72,411,1,-0.021,-0.62,-0.28,-0.053,-0.025,0.005,-0.033,109.1,63.91
"2025-02-20 22:30:00",9599,12.71,411,1,-0.021,-0.66,-0.23,-0.056,-0.021,0.016,-0.029,109.8,65.1
"2025-02-20 23:00:00",9600,12.71,411,1,-0.011,-0.33,-0.17,-0.029,-0.017,0.005,-0.021,107.1,64.41
"2025-02-20 23:30:00",9601,12.7,411,1,-0.034,-1.07,-0.38,-0.09,-0.034,-0.036,-0.037,87.6,62.47
"2025-02-21 00:00:00",9602,12.7,411,1,-0.017,-0.54,-0.19,-0.047,-0.017,0.021,-0.017,105.1,62.41
"2025-02-21 00:30:00",9603,12.7,411,1,-0.04,-1.26,-0.44,-0.106,-0.038,-0.028,-0.042,96.5,65.41
"2025-02-21 01:00:00",9604,12.7,411,1,-0.024,-0.83,-0.17,-0.071,-0.017,-0.051,-0.021,80.3,62.72
"2025-02-21 01:30:00",9605,12.7,411,1,-0.015,-0.47,-0.17,-0.04,-0.017,0.016,-0.025,109.2,63.78
"2025-02-21 02:00:00",9606,12.7,411,1,-0.021,-0.68,-0.23,-0.058,-0.021,-0.016,-0.025,100.9,62.52
"2025-02-21 02:30:00",9607,12.7,411,1,-0.017,-0.47,-0.28,-0.04,-0.025,-0.011,-0.029,97.1,61.95
"2025-02-21 03:00:00",9608,12.7,411,1,-0.019,-0.61,-0.23,-0.052,-0.021,-0.028,-0.029,101.6,63.46
"2025-02-21 03:30:00",9609,12.69,411,1,-0.016,-0.47,-0.23,-0.04,-0.021,-0.022,-0.025,81.4,64.41
"2025-02-21 04:00:00",9610,12.69,411,1,-0.019,-0.65,-0.17,-0.056,-0.017,0.017,-0.021,109,63.03
"2025-02-21 04:30:00",9611,12.69,411,1,-0.009,-0.31,-0.07,-0.028,-0.008,-0.016,-0.012,93.3,64.22
"2025-02-21 05:00:00",9612,12.69,411,1,-0.019,-0.58,-0.23,-0.05,-0.021,-0.043,-0.025,83,62.65
"2025-02-21 05:30:00",9613,12.68,411,1,-0.026,-0.87,-0.23,-0.075,-0.021,-0.062,-0.025,77.43,62.9
"2025-02-21 06:00:00",9614,12.68,411,1,-0.026,-0.82,-0.28,-0.07,-0.025,-0.016,-0.029,106.3,63.09
"2025-02-21 06:30:00",9615,12.68,411,1,-0.024,-0.56,-0.54,-0.049,-0.046,-0.017,-0.053,102.4,62.46
"2025-02-21 07:00:00",9616,12.68,411,1,-0.02,-0.51,-0.38,-0.044,-0.034,-0.018,-0.037,85.3,63.28
"2025-02-21 07:30:00",9617,12.68,411,1,-0.01,-0.24,-0.23,-0.022,-0.021,0.02,-0.025,101.8,66.1
"2025-02-21 08:00:00",9618,12.68,411,1,-0.014,-0.44,-0.19,-0.038,-0.017,-0.021,-0.021,82.6,65.05
"2025-02-21 08:30:00",9619,12.68,411,1,-0.013,-0.38,-0.19,-0.033,-0.018,0.015,-0.022,110,64.54
"2025-02-21 09:00:00",9620,12.68,411,1,-0.024,-0.79,-0.2,-0.067,-0.019,-0.006,-0.023,109.1,63.93
"2025-02-21 09:30:00",9621,12.69,411,1,-0.017,-0.55,-0.16,-0.047,-0.015,-0.006,-0.025,108.6,61.6
"2025-02-21 10:00:00",9622,12.69,411,1,-0.015,-0.55,-0.05,-0.048,-0.006,-0.032,-0.017,84.1,59.28
"2025-02-21 10:30:00",9623,12.7,411,1,-0.019,-0.77,0,-0.065,0,-0.028,-0.018,96,52.75
"2025-02-21 11:00:00",9624,12.7,411,1,-0.038,-1.45,-0.07,-0.122,-0.008,-0.101,-0.05,91.5,47.73
"2025-02-21 11:30:00",9625,12.7,411,1,-0.033,-1.08,-0.28,-0.092,-0.026,-0.06,-0.076,85.2,46.21
"2025-02-21 12:00:00",9626,12.71,411,1,-0.022,-0.82,-0.07,-0.07,-0.009,-0.055,-0.045,83.6,44.89
"2025-02-21 12:30:00",9627,12.71,411,1,-0.03,-1.38,0.21,-0.116,0.018,-0.122,0,74.47,46.09
"2025-02-21 13:00:00",9628,12.71,411,1,0.015,-0.05,0.9,-0.005,0.074,0.015,0.035,87,45.33
"2025-02-21 13:30:00",9629,12.71,411,1,0.016,0.21,0.62,0.018,0.051,0.079,0.025,109.9,48.3
"2025-02-21 14:00:00",9630,12.71,411,1,-0.059,-2.19,-0.2,-0.182,-0.019,-0.179,-0.011,74.28,48.92
"2025-02-21 14:30:00",9631,12.72,411,1,-0.015,-0.76,0.18,-0.064,0.015,-0.042,0.009,92.2,53.26
"2025-02-21 15:00:00",9632,12.71,411,1,-0.031,-1.42,0.22,-0.119,0.019,-0.101,0.013,91.1,55.71
"2025-02-21 15:30:00",9633,12.72,411,1,-0.045,-1.94,0.17,-0.162,0.014,-0.147,0.004,90.4,55.52
"2025-02-21 16:00:00",9634,12.71,411,1,-0.034,-1.43,0.11,-0.12,0.009,-0.086,0.004,98.4,57.91
"2025-02-21 16:30:00",9635,12.71,411,1,-0.043,-1.67,-0.03,-0.14,-0.004,-0.12,-0.008,98.6,57.85
"2025-02-21 17:00:00",9636,12.71,411,1,-0.038,-1.39,-0.17,-0.117,-0.017,-0.096,-0.024,91.6,59.23
"2025-02-21 17:30:00",9637,12.71,411,1,-0.042,-1.53,-0.17,-0.128,-0.016,-0.106,-0.02,92.5,59.85
"2025-02-21 18:00:00",9638,12.7,411,1,-0.038,-1.39,-0.17,-0.117,-0.016,-0.092,-0.023,95.9,59.22
"2025-02-21 18:30:00",9639,12.7,411,1,-0.037,-1.38,-0.12,-0.116,-0.012,-0.095,-0.023,96.4,60.03
"2025-02-21 19:00:00",9640,12.69,411,1,-0.037,-1.39,-0.12,-0.117,-0.012,-0.091,-0.019,100.3,60.09
"2025-02-21 19:30:00",9641,12.69,411,1,-0.031,-1.22,-0.02,-0.103,-0.004,-0.086,-0.012,96.9,59.71
"2025-02-21 20:00:00",9642,12.68,411,1,-0.028,-1.17,0.04,-0.099,0.004,-0.079,-0.004,98.4,60.22
"2025-02-21 20:30:00",9643,12.67,411,1,-0.028,-1.21,0.1,-0.102,0.008,-0.077,0,99.6,60.4
"2025-02-21 21:00:00",9644,12.67,411,1,-0.026,-1.15,0.15,-0.097,0.012,-0.083,0,98.3,60.84
"2025-02-21 21:30:00",9645,12.67,411,1,-0.029,-1.22,0.1,-0.103,0.008,-0.082,0,99.7,60.02
"2025-02-21 22:00:00",9646,12.66,411,1,-0.027,-1.14,0.1,-0.096,0.008,-0.068,0,97.2,62.09
"2025-02-21 22:30:00",9647,12.66,411,1,-0.022,-0.77,-0.12,-0.067,-0.012,-0.037,-0.012,99.4,61.52
"2025-02-21 23:00:00",9648,12.65,411,1,0.002,-0.03,0.2,-0.005,0.016,0.02,0.008,94.3,61.21
"2025-02-21 23:30:00",9649,12.65,411,1,-0.03,-1.15,-0.07,-0.098,-0.008,-0.061,-0.012,94.3,59.45
"2025-02-22 00:00:00",9650,12.65,411,1,-0.026,-0.98,-0.09,-0.084,-0.009,-0.046,-0.022,90.2,58.56
"2025-02-22 00:30:00",9651,12.65,411,1,-0.032,-1.08,-0.26,-0.092,-0.023,-0.063,-0.032,91.1,58.75
"2025-02-22 01:00:00",9652,12.64,411,1,-0.053,-1.83,-0.37,-0.153,-0.033,-0.126,-0.036,100.6,59.13
"2025-02-22 01:30:00",9653,12.64,411,1,-0.023,-0.94,0,-0.08,0,-0.028,-0.01,96.9,58.69
"2025-02-22 02:00:00",9654,12.63,411,1,-0.016,-0.83,0.25,-0.07,0.02,-0.04,0.01,97.2,58.31
"2025-02-22 02:30:00",9655,12.63,411,1,-0.026,-1.05,0,-0.089,0,-0.046,-0.015,98.1,56.92
"2025-02-22 03:00:00",9656,12.63,411,1,-0.02,-0.94,0.18,-0.08,0.015,-0.035,0,94.6,57.74
"2025-02-22 03:30:00",9657,12.62,411,1,-0.005,-0.73,0.69,-0.062,0.056,-0.02,0.04,94.9,57.74
"2025-02-22 04:00:00",9658,12.62,411,1,-0.045,-1.57,-0.3,-0.132,-0.026,-0.092,-0.031,98.4,56.73
"2025-02-22 04:30:00",9659,12.62,411,1,-0.019,-0.82,0.06,-0.07,0.005,-0.026,-0.01,99.6,58.63
"2025-02-22 05:00:00",9660,12.61,411,1,-0.027,-0.91,-0.23,-0.078,-0.02,-0.053,-0.02,97.3,56.91
"2025-02-22 05:30:00",9661,12.61,411,1,-0.037,-1.14,-0.45,-0.097,-0.04,-0.054,-0.039,107.5,58.56
"2025-02-22 06:00:00",9662,12.6,411,1,-0.017,-0.75,0.06,-0.064,0.005,-0.012,0,105.7,58.24
"2025-02-22 06:30:00",9663,12.6,411,1,-0.027,-1,-0.1,-0.084,-0.01,-0.054,-0.024,98.6,59.24
"2025-02-22 07:00:00",9664,12.6,411,1,-0.011,-0.97,0.67,-0.082,0.056,-0.053,0.04,100.5,60.12
"2025-02-22 07:30:00",9665,12.59,411,1,-0.03,-0.87,-0.44,-0.074,-0.038,-0.028,-0.043,106.3,61.07
"2025-02-22 08:00:00",9666,12.59,411,1,-0.017,-0.69,0,-0.059,0,-0.016,-0.005,108.8,63.09
"2025-02-22 08:30:00",9667,12.59,411,1,-0.021,-0.79,-0.09,-0.068,-0.01,-0.024,-0.014,108.1,64.11
"2025-02-22 09:00:00",9668,12.6,411,1,-0.021,-0.72,-0.16,-0.061,-0.015,-0.014,-0.02,105.3,59.34
"2025-02-22 09:30:00",9669,12.61,411,1,-0.037,-1.38,-0.12,-0.116,-0.012,-0.088,-0.022,89.8,55.7
"2025-02-22 10:00:00",9670,12.61,411,1,-0.007,-0.33,0.07,-0.029,0.006,0,-0.006,90.5,52.36
"2025-02-22 10:30:00",9671,12.62,411,1,-0.026,-1.17,0.15,-0.099,0.013,-0.057,0,104,50.98
"2025-02-22 11:00:00",9672,12.62,411,1,-0.028,-1.28,0.2,-0.107,0.016,-0.027,-0.007,97.5,46.71
"2025-02-22 11:30:00",9673,12.63,411,1,-0.041,-1.63,0,-0.137,0,-0.136,-0.014,73.64,45.77
"2025-02-22 12:00:00",9674,12.63,411,1,-0.003,-0.35,0.28,-0.031,0.024,-0.02,0,76.84,46.96
"2025-02-22 12:30:00",9675,12.63,411,1,-0.021,-0.9,0.08,-0.077,0.007,-0.065,-0.012,80.2,48.35
"2025-02-22 13:00:00",9676,12.64,411,1,-0.015,-0.55,-0.05,-0.048,-0.006,-0.004,-0.016,107.4,51.12
"2025-02-22 13:30:00",9677,12.64,411,1,-0.002,-0.4,0.42,-0.035,0.034,0.033,0.027,110,54.65
"2025-02-22 14:00:00",9678,12.64,411,1,-0.149,-5.9,-0.03,-0.489,-0.005,-0.48,-0.014,70.26,56.22
"2025-02-22 14:30:00",9679,12.65,411,1,-0.058,-2.09,-0.31,-0.175,-0.028,-0.14,-0.031,102.2,60.5
"2025-02-22 15:00:00",9680,12.65,411,1,-0.044,-1.57,-0.26,-0.132,-0.023,-0.108,-0.026,95.2,62.57
"2025-02-22 15:30:00",9681,12.65,411,1,-0.045,-1.49,-0.38,-0.126,-0.034,-0.111,-0.037,94.8,63.88
"2025-02-22 16:00:00",9682,12.64,411,1,-0.048,-1.57,-0.47,-0.132,-0.04,-0.111,-0.04,101.7,65.27
"2025-02-22 16:30:00",9683,12.64,411,1,-0.048,-1.57,-0.47,-0.132,-0.04,-0.107,-0.043,99.5,65.14
"2025-02-22 17:00:00",9684,12.64,411,1,-0.048,-1.54,-0.51,-0.129,-0.043,-0.105,-0.047,98.7,66.33
"2025-02-22 17:30:00",9685,12.63,411,1,-0.043,-1.38,-0.45,-0.116,-0.04,-0.089,-0.039,99.3,66.13
"2025-02-22 18:00:00",9686,12.63,411,1,-0.045,-1.43,-0.47,-0.12,-0.04,-0.097,-0.047,101.7,67.07
"2025-02-22 18:30:00",9687,12.62,411,1,-0.044,-1.38,-0.49,-0.116,-0.043,-0.089,-0.046,104.9,67.2
"2025-02-22 19:00:00",9688,12.62,411,1,-0.041,-1.31,-0.45,-0.111,-0.04,-0.088,-0.039,100.4,66.5
"2025-02-22 19:30:00",9689,12.61,411,1,-0.042,-1.31,-0.47,-0.111,-0.04,-0.084,-0.04,102.5,67.58
"2025-02-22 20:00:00",9690,12.61,411,1,-0.041,-1.31,-0.45,-0.111,-0.04,-0.088,-0.043,103.2,66.56
"2025-02-22 20:30:00",9691,12.6,411,1,-0.036,-1.07,-0.47,-0.09,-0.04,-0.07,-0.04,99.2,66.06
"2025-02-22 21:00:00",9692,12.6,411,1,-0.04,-1.29,-0.38,-0.109,-0.033,-0.083,-0.04,106.2,66.31
"2025-02-22 21:30:00",9693,12.6,411,1,-0.03,-1.03,-0.2,-0.087,-0.018,-0.059,-0.026,104.5,66.81
"2025-02-22 22:00:00",9694,12.59,411,1,-0.03,-1.08,-0.16,-0.092,-0.015,-0.063,-0.026,98.2,65.3
"2025-02-22 22:30:00",9695,12.59,411,1,-0.027,-0.94,-0.16,-0.08,-0.015,-0.048,-0.022,99.9,67.56
"2025-02-22 23:00:00",9696,12.58,411,1,0.002,0.11,-0.02,0.01,-0.004,0.049,-0.011,98.2,67.57
"2025-02-22 23:30:00",9697,12.58,411,1,-0.014,-0.44,-0.16,-0.039,-0.015,-0.02,-0.019,96.4,65.3
"2025-02-23 00:00:00",9698,12.58,411,1,-0.029,-1.03,-0.16,-0.087,-0.016,-0.058,-0.019,107.9,65.49
"2025-02-23 00:30:00",9699,12.57,411,1,-0.034,-1.17,-0.26,-0.098,-0.024,-0.062,-0.027,102.8,64.42
"2025-02-23 01:00:00",9700,12.57,411,1,-0.034,-1.14,-0.27,-0.096,-0.024,-0.056,-0.028,100.7,65.55
"2025-02-23 01:30:00",9701,12.57,411,1,-0.041,-1.19,-0.56,-0.101,-0.049,-0.065,-0.053,102.7,64.29
"2025-02-23 02:00:00",9702,12.57,411,1,-0.032,-0.96,-0.42,-0.082,-0.037,-0.047,-0.041,101.5,64.36
"2025-02-23 02:30:00",9703,12.56,411,1,-0.037,-1.14,-0.42,-0.097,-0.037,-0.06,-0.041,96.1,64.98
"2025-02-23 03:00:00",9704,12.56,411,1,-0.042,-1.28,-0.55,-0.108,-0.047,-0.071,-0.055,101.2,63.74
"2025-02-23 03:30:00",9705,12.56,411,1,-0.033,-1.14,-0.23,-0.096,-0.021,-0.06,-0.03,100.2,62.84
"2025-02-23 04:00:00",9706,12.56,411,1,-0.028,-1.1,-0.03,-0.092,-0.005,-0.043,-0.018,97.2,62.79
"2025-02-23 04:30:00",9707,12.55,411,1,-0.028,-1.18,0.06,-0.1,0.005,-0.063,0.004,95.4,61.97
"2025-02-23 05:00:00",9708,12.55,411,1,-0.029,-1.08,-0.09,-0.092,-0.009,-0.049,-0.018,104.5,60.08
"2025-02-23 05:30:00",9709,12.55,411,1,-0.014,-0.65,0.11,-0.056,0.009,-0.013,0,94,59.83
"2025-02-23 06:00:00",9710,12.55,411,1,-0.021,-0.96,0.17,-0.081,0.014,-0.038,0.009,95.3,60.65
"2025-02-23 06:30:00",9711,12.55,411,1,-0.033,-1.31,0,-0.11,0,-0.077,-0.005,98.8,59.13
"2025-02-23 07:00:00",9712,12.54,411,1,-0.019,-0.7,-0.09,-0.061,-0.01,-0.013,-0.019,93.4,58.56
"2025-02-23 07:30:00",9713,12.54,411,1,-0.048,-1.63,-0.38,-0.136,-0.033,-0.114,-0.037,98.7,59.01
"2025-02-23 08:00:00",9714,12.54,411,1,-0.029,-1,-0.21,-0.085,-0.019,-0.042,-0.028,109.8,59.33
"2025-02-23 08:30:00",9715,12.54,411,1,-0.038,-1.49,-0.05,-0.125,-0.005,-0.068,-0.02,105,55.52
"2025-02-23 09:00:00",9716,12.55,411,1,-0.042,-1.59,-0.12,-0.134,-0.012,-0.101,-0.028,88.7,52.26
"2025-02-23 09:30:00",9717,12.55,411,1,-0.046,-1.5,-0.44,-0.126,-0.038,-0.118,-0.036,86.2,56.85
"2025-02-23 10:00:00",9718,12.56,411,1,-0.009,-0.56,0.28,-0.049,0.023,-0.017,0.015,110,64.23
"2025-02-23 10:30:00",9719,12.57,411,1,-0.01,-0.3,-0.14,-0.027,-0.014,0.044,-0.014,109.9,70.46
"2025-02-23 11:00:00",9720,12.58,411,1,0.018,0.63,0.13,0.052,0.01,0.097,0.013,109.7,73.25
"2025-02-23 11:30:00",9721,12.58,411,1,-0.01,-0.31,-0.1,-0.028,-0.011,0.009,-0.014,102.3,70.67
"2025-02-23 12:00:00",9722,12.59,411,1,0.006,0.27,-0.02,0.021,-0.004,0.078,-0.003,103.3,72.43
"2025-02-23 12:30:00",9723,12.59,411,1,0.023,0.88,0.08,0.073,0.007,0.151,0.007,109.9,73.25
"2025-02-23 13:00:00",9724,12.59,411,1,0.002,0.14,-0.06,0.011,-0.007,0.083,-0.003,109.9,73.94
"2025-02-23 13:30:00",9725,12.59,411,1,0.022,0.77,0.14,0.064,0.012,0.095,0.026,109.8,87.9
"2025-02-23 14:00:00",9726,12.6,411,1,-0.073,-2.53,-0.51,-0.21,-0.044,-0.188,-0.048,78.37,66.85
"2025-02-23 14:30:00",9727,12.6,411,1,-0.017,-0.38,-0.4,-0.033,-0.034,0.025,-0.034,92.5,68.41
"2025-02-23 15:00:00",9728,12.6,411,1,-0.005,-0.19,-0.02,-0.017,-0.004,0.008,-0.007,90.8,71.74
"2025-02-23 15:30:00",9729,12.6,411,1,-0.025,-0.98,-0.02,-0.083,-0.004,-0.043,-0.003,92.1,72.5
"2025-02-23 16:00:00",9730,12.59,411,1,-0.007,-0.21,-0.1,-0.02,-0.01,0.011,-0.007,95.7,75.39
"2025-02-23 16:30:00",9731,12.59,411,1,-0.007,-0.19,-0.14,-0.018,-0.014,0.045,-0.014,109.5,74.32
"2025-02-23 17:00:00",9732,12.59,411,1,-0.009,-0.21,-0.19,-0.019,-0.018,0.023,-0.018,96,73.62
"2025-02-23 17:30:00",9733,12.59,411,1,-0.019,-0.63,-0.16,-0.054,-0.014,-0.018,-0.018,94,70.9
"2025-02-23 18:00:00",9734,12.58,411,1,-0.027,-0.77,-0.38,-0.066,-0.033,-0.028,-0.033,94.7,70.12
"2025-02-23 18:30:00",9735,12.57,411,1,-0.028,-0.89,-0.33,-0.076,-0.029,-0.035,-0.029,97.2,71.31
"2025-02-23 19:00:00",9736,12.56,411,1,-0.03,-0.9,-0.41,-0.076,-0.036,-0.041,-0.032,102.4,72.56
"2025-02-23 19:30:00",9737,12.56,411,1,-0.03,-0.9,-0.41,-0.076,-0.035,-0.04,-0.032,105.4,72.3
"2025-02-23 20:00:00",9738,12.55,411,1,-0.03,-0.87,-0.44,-0.074,-0.039,-0.035,-0.038,106.8,72.36
"2025-02-23 20:30:00",9739,12.54,411,1,-0.03,-0.91,-0.4,-0.078,-0.035,-0.042,-0.035,105.8,72.87
"2025-02-23 21:00:00",9740,12.54,411,1,-0.03,-0.9,-0.41,-0.077,-0.035,-0.037,-0.032,102.4,72.49
"2025-02-23 21:30:00",9741,12.53,411,1,-0.031,-0.96,-0.37,-0.08,-0.032,-0.044,-0.032,105.3,72.17
"2025-02-23 22:00:00",9742,12.53,411,1,-0.025,-0.77,-0.31,-0.067,-0.028,-0.036,-0.028,104.4,72.98
"2025-02-23 22:30:00",9743,12.52,411,1,-0.029,-0.87,-0.4,-0.074,-0.035,-0.039,-0.035,105.9,72.55
"2025-02-23 23:00:00",9744,12.52,411,1,-0.031,-0.97,-0.35,-0.083,-0.032,-0.043,-0.031,109.1,71.92
"2025-02-23 23:30:00",9745,12.51,411,1,-0.028,-0.84,-0.35,-0.072,-0.032,-0.036,-0.028,103,73.93
"2025-02-24 00:00:00",9746,12.51,411,1,-0.025,-0.8,-0.27,-0.068,-0.025,-0.033,-0.025,103.5,73.35
"2025-02-24 00:30:00",9747,12.51,411,1,-0.028,-0.9,-0.28,-0.076,-0.025,-0.036,-0.028,105.7,70.09
"2025-02-24 01:00:00",9748,12.5,411,1,-0.027,-0.82,-0.35,-0.07,-0.032,-0.031,-0.032,107.8,71.91
"2025-02-24 01:30:00",9749,12.5,411,1,-0.027,-0.83,-0.31,-0.071,-0.028,-0.036,-0.028,105.5,71.6
"2025-02-24 02:00:00",9750,12.5,411,1,-0.03,-0.94,-0.35,-0.079,-0.032,-0.039,-0.028,109.8,72.09
"2025-02-24 02:30:00",9751,12.49,411,1,-0.029,-0.93,-0.31,-0.079,-0.028,-0.039,-0.028,105,72.66
"2025-02-24 03:00:00",9752,12.49,411,1,-0.03,-0.94,-0.31,-0.08,-0.028,-0.04,-0.028,106.6,73.92
"2025-02-24 03:30:00",9753,12.49,411,1,-0.032,-1.01,-0.33,-0.085,-0.029,-0.053,-0.028,101.4,71.02
"2025-02-24 04:00:00",9754,12.48,411,1,-0.031,-0.93,-0.41,-0.079,-0.036,-0.047,-0.032,107.8,70.89
"2025-02-24 04:30:00",9755,12.48,411,1,-0.028,-0.84,-0.37,-0.072,-0.032,-0.037,-0.032,103.7,70.83
"2025-02-24 05:00:00",9756,12.48,411,1,-0.023,-0.75,-0.24,-0.064,-0.022,-0.025,-0.022,101.7,69.83
"2025-02-24 05:30:00",9757,12.48,411,1,-0.033,-1.01,-0.41,-0.086,-0.036,-0.049,-0.032,104.3,69.7
"2025-02-24 06:00:00",9758,12.48,411,1,-0.03,-0.93,-0.34,-0.079,-0.03,-0.043,-0.029,101.3,69.39
"2025-02-24 06:30:00",9759,12.47,411,1,-0.021,-0.62,-0.3,-0.054,-0.027,-0.014,-0.03,100.9,66.24
"2025-02-24 07:00:00",9760,12.47,411,1,-0.02,-0.83,0.06,-0.07,0.004,-0.016,-0.008,105.3,65.36
"2025-02-24 07:30:00",9761,12.47,411,1,-0.03,-1.08,-0.13,-0.091,-0.013,-0.041,-0.021,109.5,63.54
"2025-02-24 08:00:00",9762,12.47,411,1,-0.032,-1,-0.38,-0.085,-0.033,-0.03,-0.041,109.8,64.1
"2025-02-24 08:30:00",9763,12.47,411,1,-0.051,-1.59,-0.59,-0.134,-0.051,-0.083,-0.063,107,61.54
"2025-02-24 09:00:00",9764,12.47,411,1,-0.014,-0.83,0.34,-0.071,0.027,-0.049,0.019,100.7,64.07
"2025-02-24 09:30:00",9765,12.48,411,1,-0.002,-0.07,-0.02,-0.008,-0.003,0.033,0,106.6,73.91
"2025-02-24 10:00:00",9766,12.49,411,1,0.005,0.13,0.11,0.011,0.01,0.061,0.019,109.6,81.7
"2025-02-24 10:30:00",9767,12.5,411,1,0,-0.03,0.08,-0.004,0.006,0.049,0.019,109.8,82.7
"2025-02-24 11:00:00",9768,12.5,411,1,0.025,0.67,0.46,0.055,0.039,0.1,0.061,109.8,98.5
"2025-02-24 11:30:00",9769,12.51,411,1,0.005,0.13,0.13,0.011,0.011,0.07,0.011,97.1,74.49
"2025-02-24 12:00:00",9770,12.52,411,1,-0.013,-0.72,0.25,-0.061,0.021,-0.009,0.025,102.9,73.97
"2025-02-24 12:30:00",9771,12.52,411,1,0.037,1.05,0.57,0.087,0.047,0.153,0.056,109.6,80.6
"2025-02-24 13:00:00",9772,12.53,411,1,0,-0.37,0.46,-0.032,0.038,0.023,0.045,109.8,76.82
"2025-02-24 13:30:00",9773,12.53,411,1,0.001,-0.41,0.62,-0.036,0.051,0.021,0.066,109.8,82.9
"2025-02-24 14:00:00",9774,12.53,411,1,-0.001,-0.41,0.49,-0.036,0.04,0.007,0.04,93.7,73.88
"2025-02-24 14:30:00",9775,12.53,411,1,-0.006,-0.41,0.22,-0.036,0.019,0.01,0.018,94.7,71.09
"2025-02-24 15:00:00",9776,12.53,411,1,0,-0.35,0.53,-0.031,0.043,0.023,0.047,97,75.11
"2025-02-24 15:30:00",9777,12.53,411,1,0.01,0.06,0.5,0.005,0.042,0.046,0.045,91.1,75.56
"2025-02-24 16:00:00",9778,12.53,411,1,0,-0.3,0.38,-0.026,0.032,0.024,0.031,109.7,75.05
"2025-02-24 16:30:00",9779,12.53,411,1,-0.01,-0.59,0.25,-0.051,0.021,0.012,0.025,105.2,74.54
"2025-02-24 17:00:00",9780,12.52,411,1,-0.015,-0.76,0.21,-0.065,0.018,-0.009,0.014,106.1,75.41
"2025-02-24 17:30:00",9781,12.52,411,1,-0.013,-0.58,0.08,-0.05,0.007,-0.005,0.007,96.9,71.04
"2025-02-24 18:00:00",9782,12.52,411,1,-0.013,-0.49,-0.02,-0.043,-0.004,0.004,-0.004,101.1,71.92
"2025-02-24 18:30:00",9783,12.51,411,1,-0.019,-0.73,-0.06,-0.063,-0.007,-0.022,-0.011,99.3,70.39
"2025-02-24 19:00:00",9784,12.5,411,1,-0.02,-0.7,-0.14,-0.061,-0.014,-0.013,-0.014,103.2,72.59
"2025-02-24 19:30:00",9785,12.49,411,1,-0.019,-0.65,-0.14,-0.056,-0.014,-0.008,-0.014,109.4,73.97
"2025-02-24 20:00:00",9786,12.49,411,1,-0.023,-0.73,-0.23,-0.062,-0.021,-0.02,-0.017,105.2,72.27
"2025-02-24 20:30:00",9787,12.48,411,1,-0.021,-0.7,-0.19,-0.06,-0.017,-0.019,-0.017,108,73.29
"2025-02-24 21:00:00",9788,12.48,411,1,-0.024,-0.8,-0.23,-0.068,-0.021,-0.024,-0.021,106.6,71.92
"2025-02-24 21:30:00",9789,12.47,411,1,-0.023,-0.76,-0.23,-0.064,-0.021,-0.015,-0.021,109.8,73.62
"2025-02-24 22:00:00",9790,12.47,411,1,-0.024,-0.8,-0.23,-0.068,-0.021,-0.024,-0.021,106.3,74.43
"2025-02-24 22:30:00",9791,12.47,411,1,-0.024,-0.77,-0.23,-0.066,-0.021,-0.019,-0.021,106.9,73.74
"2025-02-24 23:00:00",9792,12.46,411,1,-0.028,-0.93,-0.23,-0.078,-0.021,-0.042,-0.021,103.1,74.75
"2025-02-24 23:30:00",9793,12.46,411,1,-0.026,-0.86,-0.23,-0.073,-0.021,-0.037,-0.021,103.9,71.21
"2025-02-25 00:00:00",9794,12.46,411,1,-0.024,-0.77,-0.23,-0.067,-0.021,-0.028,-0.021,107.7,72.47
"2025-02-25 00:30:00",9795,12.45,411,1,-0.023,-0.73,-0.23,-0.062,-0.021,-0.026,-0.021,109.5,74.82
"2025-02-25 01:00:00",9796,12.45,411,1,-0.025,-0.84,-0.23,-0.072,-0.021,-0.036,-0.021,107.2,74.24
"2025-02-25 01:30:00",9797,12.45,411,1,-0.024,-0.79,-0.23,-0.067,-0.021,-0.02,-0.021,107.1,71.66
"2025-02-25 02:00:00",9798,12.45,411,1,-0.023,-0.73,-0.27,-0.063,-0.025,-0.02,-0.021,105.9,73.48
"2025-02-25 02:30:00",9799,12.45,411,1,-0.028,-0.87,-0.33,-0.075,-0.028,-0.034,-0.025,105.2,72.29
"2025-02-25 03:00:00",9800,12.44,411,1,-0.024,-0.76,-0.27,-0.065,-0.024,-0.027,-0.021,107.3,73.62
"2025-02-25 03:30:00",9801,12.44,411,1,-0.023,-0.73,-0.27,-0.062,-0.025,-0.024,-0.024,108,72.04
"2025-02-25 04:00:00",9802,12.44,411,1,-0.026,-0.89,-0.19,-0.075,-0.018,-0.036,-0.017,110,72.29
"2025-02-25 04:30:00",9803,12.44,411,1,-0.024,-0.72,-0.31,-0.061,-0.028,-0.019,-0.021,109,72.86
"2025-02-25 05:00:00",9804,12.43,411,1,-0.022,-0.66,-0.27,-0.056,-0.024,-0.019,-0.024,104.3,75.44
"2025-02-25 05:30:00",9805,12.44,411,1,-0.026,-0.84,-0.27,-0.072,-0.024,-0.032,-0.024,109.9,73.49
"2025-02-25 06:00:00",9806,12.43,411,1,-0.029,-0.97,-0.27,-0.083,-0.025,-0.037,-0.024,103.6,72.99
"2025-02-25 06:30:00",9807,12.43,411,1,-0.029,-0.93,-0.28,-0.079,-0.025,-0.037,-0.025,104.7,73.29
"2025-02-25 07:00:00",9808,12.43,411,1,-0.023,-0.7,-0.27,-0.06,-0.025,-0.019,-0.021,108.9,74.18
"2025-02-25 07:30:00",9809,12.43,411,1,-0.025,-0.8,-0.27,-0.068,-0.024,-0.022,-0.02,109.9,74.94
"2025-02-25 08:00:00",9810,12.43,411,1,-0.025,-0.79,-0.27,-0.067,-0.024,-0.025,-0.02,109.8,75.89
"2025-02-25 08:30:00",9811,12.43,411,1,-0.019,-0.63,-0.17,-0.055,-0.017,-0.013,-0.016,110,78.55
"2025-02-25 09:00:00",9812,12.43,411,1,-0.013,-0.42,-0.13,-0.037,-0.013,0.014,-0.013,109.9,78.19
"2025-02-25 09:30:00",9813,12.44,411,1,-0.012,-0.44,-0.06,-0.039,-0.007,-0.004,0,109.8,76.64
"2025-02-25 10:00:00",9814,12.45,411,1,-0.008,-0.42,0.15,-0.037,0.013,-0.01,0.023,109.8,79.1
"2025-02-25 10:30:00",9815,12.45,411,1,-0.002,-0.33,0.32,-0.029,0.026,0.044,0.032,110,81.6
"2025-02-25 11:00:00",9816,12.45,411,1,0.057,1.7,0.78,0.14,0.065,0.21,0.103,109.9,109.8
"2025-02-25 11:30:00",9817,12.45,411,1,0.026,0.67,0.49,0.055,0.041,0.146,0.051,108.7,78.25
"2025-02-25 12:00:00",9818,12.46,411,1,0.014,0.06,0.7,0.004,0.057,0.077,0.067,109.8,79.83
"2025-02-25 12:30:00",9819,12.46,411,1,0.021,0.25,0.78,0.021,0.064,0.087,0.074,109.8,82.1
"2025-02-25 13:00:00",9820,12.46,411,1,0.009,-0.19,0.76,-0.018,0.063,0.06,0.066,99.7,78.57
"2025-02-25 13:30:00",9821,12.46,411,1,0.012,-0.07,0.77,-0.008,0.063,0.046,0.079,109.9,81.7
"2025-02-25 14:00:00",9822,12.46,411,1,0.024,0.39,0.76,0.032,0.062,0.088,0.068,98.5,79.4
"2025-02-25 14:30:00",9823,12.46,411,1,0.02,0.31,0.7,0.025,0.058,0.082,0.054,96.8,73.45
"2025-02-25 15:00:00",9824,12.46,411,1,0.002,-0.28,0.53,-0.026,0.044,0.032,0.043,101,73.06
"2025-02-25 15:30:00",9825,12.46,411,1,-0.002,-0.3,0.29,-0.027,0.024,0.031,0.034,109,78.56
"2025-02-25 16:00:00",9826,12.46,411,1,-0.002,-0.26,0.21,-0.023,0.018,0.037,0.021,107.6,77.17
"2025-02-25 16:30:00",9827,12.45,411,1,0,-0.26,0.34,-0.023,0.028,0.041,0.031,107.9,77.42
"2025-02-25 17:00:00",9828,12.45,411,1,-0.009,-0.52,0.18,-0.045,0.015,0.005,0.014,99.4,73.5
"2025-02-25 17:30:00",9829,12.45,411,1,-0.01,-0.54,0.18,-0.046,0.015,0.005,0.015,100.5,72.04
"2025-02-25 18:00:00",9830,12.44,411,1,-0.014,-0.61,0.04,-0.052,0.004,-0.005,0.004,97.5,70.39
"2025-02-25 18:30:00",9831,12.44,411,1,-0.019,-0.77,0,-0.066,0,-0.023,0,99.4,70.7
"2025-02-25 19:00:00",9832,12.43,411,1,-0.02,-0.75,-0.06,-0.064,-0.008,-0.018,-0.007,102.7,71.07
"2025-02-25 19:30:00",9833,12.42,411,1,-0.021,-0.73,-0.16,-0.062,-0.015,-0.022,-0.015,100.9,71.75
"2025-02-25 20:00:00",9834,12.42,411,1,-0.027,-0.91,-0.2,-0.078,-0.019,-0.04,-0.019,101.5,70.86
"2025-02-25 20:30:00",9835,12.41,411,1,-0.022,-0.72,-0.2,-0.061,-0.019,-0.021,-0.019,107.6,70.35
"2025-02-25 21:00:00",9836,12.4,411,1,-0.024,-0.87,-0.12,-0.074,-0.011,-0.036,-0.015,101.5,73.06
"2025-02-25 21:30:00",9837,12.4,411,1,-0.028,-0.94,-0.24,-0.08,-0.022,-0.038,-0.022,103.3,70.35
"2025-02-25 22:00:00",9838,12.39,411,1,-0.029,-0.93,-0.28,-0.078,-0.026,-0.037,-0.026,106.8,71.6
"2025-02-25 22:30:00",9839,12.39,411,1,-0.029,-0.94,-0.28,-0.08,-0.025,-0.035,-0.021,106.6,72.93
"2025-02-25 23:00:00",9840,12.38,411,1,-0.026,-0.83,-0.28,-0.071,-0.026,-0.03,-0.026,103.4,71.73
"2025-02-25 23:30:00",9841,12.38,411,1,-0.005,-0.1,-0.16,-0.011,-0.015,0.014,-0.019,97.2,71.85
"2025-02-26 00:00:00",9842,12.37,411,1,-0.026,-0.86,-0.24,-0.073,-0.022,-0.033,-0.022,108,71.79
"2025-02-26 00:30:00",9843,12.37,411,1,-0.032,-1.07,-0.28,-0.091,-0.026,-0.06,-0.026,103.5,71.34
"2025-02-26 01:00:00",9844,12.37,411,1,-0.028,-0.9,-0.3,-0.076,-0.026,-0.048,-0.026,101.5,69.82
"2025-02-26 01:30:00",9845,12.36,411,1,-0.029,-0.96,-0.24,-0.081,-0.022,-0.039,-0.022,102.9,70.2
"2025-02-26 02:00:00",9846,12.36,411,1,-0.027,-0.91,-0.24,-0.077,-0.022,-0.035,-0.022,101.2,72.09
"2025-02-26 02:30:00",9847,12.35,411,1,-0.029,-0.91,-0.34,-0.077,-0.03,-0.044,-0.029,102.7,72.09
"2025-02-26 03:00:00",9848,12.35,411,1,-0.022,-0.69,-0.24,-0.059,-0.022,-0.016,-0.022,109.6,70.39
"2025-02-26 03:30:00",9849,12.35,411,1,-0.024,-0.76,-0.24,-0.065,-0.022,-0.025,-0.018,104.9,71.71
"2025-02-26 04:00:00",9850,12.34,411,1,-0.031,-1.03,-0.28,-0.087,-0.026,-0.043,-0.026,106.3,73.65
"2025-02-26 04:30:00",9851,12.34,411,1,-0.028,-0.91,-0.28,-0.077,-0.026,-0.04,-0.025,105,70.38
"2025-02-26 05:00:00",9852,12.34,411,1,-0.025,-0.79,-0.28,-0.067,-0.026,-0.021,-0.026,108.6,71.39
"2025-02-26 05:30:00",9853,12.34,411,1,-0.03,-0.97,-0.28,-0.082,-0.026,-0.034,-0.026,105.6,71.95
"2025-02-26 06:00:00",9854,12.34,411,1,-0.029,-0.96,-0.24,-0.081,-0.022,-0.032,-0.022,103.9,71.01
"2025-02-26 06:30:00",9855,12.33,411,1,-0.023,-0.75,-0.24,-0.064,-0.022,-0.025,-0.022,107.6,70.7
"2025-02-26 07:00:00",9856,12.33,411,1,-0.024,-0.73,-0.28,-0.063,-0.025,-0.02,-0.025,109.6,72.89
"2025-02-26 07:30:00",9857,12.33,411,1,-0.027,-0.84,-0.28,-0.072,-0.025,-0.028,-0.022,109.6,73.15
"2025-02-26 08:00:00",9858,12.33,411,1,-0.026,-0.82,-0.27,-0.069,-0.024,-0.035,-0.024,109.5,75.62
"2025-02-26 08:30:00",9859,12.33,411,1,-0.027,-0.87,-0.27,-0.074,-0.024,-0.04,-0.02,109.8,77.15
"2025-02-26 09:00:00",9860,12.33,411,1,-0.023,-0.79,-0.17,-0.067,-0.017,-0.03,-0.013,109.8,80.6
"2025-02-26 09:30:00",9861,12.34,411,1,-0.016,-0.63,-0.02,-0.054,-0.003,0,0,109.8,78.39
"2025-02-26 10:00:00",9862,12.35,411,1,-0.006,-0.33,0.13,-0.029,0.01,0.034,0.013,110,78.78
"2025-02-26 10:30:00",9863,12.35,411,1,0,-0.21,0.32,-0.02,0.027,0.043,0.036,109.7,79.73
"2025-02-26 11:00:00",9864,12.36,411,1,0.029,0.57,0.8,0.048,0.066,0.084,0.107,109.8,109.9
"2025-02-26 11:30:00",9865,12.36,411,1,0.021,0.5,0.49,0.042,0.041,0.099,0.054,109.8,78.56
"2025-02-26 12:00:00",9866,12.37,411,1,0.05,1.39,0.85,0.115,0.07,0.228,0.086,109.8,82.9
"2025-02-26 12:30:00",9867,12.37,411,1,0.023,0.31,0.85,0.025,0.071,0.109,0.077,109.5,78.81
"2025-02-26 13:00:00",9868,12.37,411,1,0.019,0.04,0.95,0.003,0.078,0.067,0.091,109.7,81
"2025-02-26 13:30:00",9869,12.37,411,1,0.06,1.47,1.23,0.121,0.102,0.153,0.13,109.9,97.4
"2025-02-26 14:00:00",9870,12.37,411,1,0.022,0.27,0.83,0.022,0.069,0.098,0.075,107.7,77.01
"2025-02-26 14:30:00",9871,12.37,411,1,0.01,-0.16,0.77,-0.015,0.064,0.05,0.067,105.8,77.38
"2025-02-26 15:00:00",9872,12.38,411,1,0.01,-0.23,0.88,-0.021,0.073,0.056,0.076,103.6,74.92
"2025-02-26 15:30:00",9873,12.37,411,1,0.017,0.06,0.87,0.005,0.072,0.071,0.071,109.8,76.05
"2025-02-26 16:00:00",9874,12.37,411,1,0.008,-0.16,0.66,-0.015,0.055,0.046,0.058,108.1,75.16
"2025-02-26 16:30:00",9875,12.37,411,1,-0.002,-0.49,0.56,-0.043,0.047,0.017,0.05,108.9,76.48
"2025-02-26 17:00:00",9876,12.37,411,1,-0.001,-0.33,0.39,-0.029,0.033,0.026,0.033,104.1,75.46
"2025-02-26 17:30:00",9877,12.36,411,1,-0.005,-0.41,0.27,-0.036,0.023,0.019,0.026,99.7,74.06
"2025-02-26 18:00:00",9878,12.36,411,1,-0.011,-0.55,0.14,-0.047,0.011,0.005,0.011,98.1,72.22
"2025-02-26 18:30:00",9879,12.35,411,1,-0.015,-0.65,0.04,-0.055,0.004,-0.005,0.004,98.8,71.45
"2025-02-26 19:00:00",9880,12.34,411,1,-0.019,-0.73,-0.02,-0.063,-0.004,-0.017,0,102.8,71.64
"2025-02-26 19:30:00",9881,12.34,411,1,-0.021,-0.73,-0.12,-0.063,-0.011,-0.017,-0.011,106.5,72.01
"2025-02-26 20:00:00",9882,12.33,411,1,-0.023,-0.84,-0.12,-0.072,-0.011,-0.022,-0.011,104.9,71.95
"2025-02-26 20:30:00",9883,12.33,411,1,-0.023,-0.79,-0.16,-0.067,-0.015,-0.021,-0.015,103.1,74.21
"2025-02-26 21:00:00",9884,12.32,411,1,-0.025,-0.84,-0.2,-0.072,-0.019,-0.031,-0.019,101.5,72.07
"2025-02-26 21:30:00",9885,12.32,411,1,-0.024,-0.82,-0.2,-0.07,-0.018,-0.025,-0.018,104.8,71.88
"2025-02-26 22:00:00",9886,12.31,411,1,-0.025,-0.87,-0.16,-0.074,-0.015,-0.033,-0.011,108.8,73.59
"2025-02-26 22:30:00",9887,12.31,411,1,-0.022,-0.73,-0.2,-0.062,-0.018,-0.016,-0.014,110,74.53
"2025-02-26 23:00:00",9888,12.31,411,1,-0.026,-0.87,-0.24,-0.074,-0.022,-0.033,-0.022,107.8,74.66
"2025-02-26 23:30:00",9889,12.31,411,1,-0.024,-0.76,-0.24,-0.065,-0.022,-0.025,-0.022,107,74.02
"2025-02-27 00:00:00",9890,12.31,411,1,-0.029,-0.96,-0.24,-0.081,-0.022,-0.042,-0.022,104.8,72.08
"2025-02-27 00:30:00",9891,12.3,411,1,-0.024,-0.79,-0.2,-0.067,-0.018,-0.023,-0.018,109.8,72.84
"2025-02-27 01:00:00",9892,12.3,411,1,-0.028,-0.9,-0.28,-0.076,-0.025,-0.036,-0.021,107.5,75.3
"2025-02-27 01:30:00",9893,12.3,411,1,-0.028,-0.91,-0.28,-0.078,-0.025,-0.04,-0.025,108.8,76.57
"2025-02-27 02:00:00",9894,12.3,411,1,-0.026,-0.86,-0.24,-0.073,-0.022,-0.028,-0.022,108.7,71.52
"2025-02-27 02:30:00",9895,12.3,411,1,-0.027,-0.9,-0.24,-0.076,-0.022,-0.024,-0.018,108.2,74.79
"2025-02-27 03:00:00",9896,12.3,411,1,-0.029,-0.94,-0.28,-0.079,-0.025,-0.037,-0.021,105.9,74.68
"2025-02-27 03:30:00",9897,12.3,411,1,-0.025,-0.83,-0.24,-0.071,-0.022,-0.029,-0.022,106.4,74.44
"2025-02-27 04:00:00",9898,12.3,411,1,-0.025,-0.79,-0.28,-0.067,-0.026,-0.017,-0.022,103.4,73.99
"2025-02-27 04:30:00",9899,12.3,411,1,-0.027,-0.9,-0.23,-0.077,-0.021,-0.032,-0.021,108.6,75.44
"2025-02-27 05:00:00",9900,12.3,411,1,-0.024,-0.76,-0.28,-0.065,-0.025,-0.029,-0.022,108.3,73.81
"2025-02-27 05:30:00",9901,12.3,411,1,-0.025,-0.8,-0.28,-0.069,-0.025,-0.024,-0.022,108.6,74.88
"2025-02-27 06:00:00",9902,12.29,411,1,-0.025,-0.8,-0.24,-0.068,-0.022,-0.028,-0.022,109.5,75.57
"2025-02-27 06:30:00",9903,12.29,411,1,-0.024,-0.76,-0.28,-0.065,-0.025,-0.021,-0.025,108.4,72.93
"2025-02-27 07:00:00",9904,12.29,411,1,-0.028,-0.89,-0.28,-0.076,-0.025,-0.029,-0.021,105.9,76.01
"2025-02-27 07:30:00",9905,12.29,411,1,-0.022,-0.69,-0.24,-0.059,-0.022,-0.016,-0.018,109.5,74.32
"2025-02-27 08:00:00",9906,12.29,411,1,-0.027,-0.89,-0.24,-0.076,-0.022,-0.025,-0.018,108.2,71.48
"2025-02-27 08:30:00",9907,12.29,411,1,-0.022,-0.75,-0.2,-0.063,-0.018,-0.02,-0.014,109.5,74.57
"2025-02-27 09:00:00",9908,12.29,411,1,-0.018,-0.68,-0.06,-0.057,-0.007,-0.008,-0.007,109.7,76.03
"2025-02-27 09:30:00",9909,12.29,411,1,-0.012,-0.48,0,-0.041,0,0.008,0.007,107.9,78.99
"2025-02-27 10:00:00",9910,12.29,411,1,-0.011,-0.54,0.13,-0.047,0.011,0.012,0.014,108.5,75.84
"2025-02-27 10:30:00",9911,12.29,411,1,-0.003,-0.37,0.31,-0.032,0.025,0.028,0.032,110,76.79
"2025-02-27 11:00:00",9912,12.29,411,1,0,-0.27,0.35,-0.024,0.029,0.034,0.032,103.4,77.99
"2025-02-27 11:30:00",9913,12.29,411,1,0,-0.26,0.35,-0.023,0.029,0.041,0.036,108.8,76.35
"2025-02-27 12:00:00",9914,12.29,411,1,0.001,-0.24,0.43,-0.022,0.036,0.044,0.042,109.9,78.74
"2025-02-27 12:30:00",9915,12.29,411,1,0.007,-0.09,0.52,-0.009,0.043,0.06,0.049,109.5,78.57
"2025-02-27 13:00:00",9916,12.29,411,1,0.011,-0.03,0.66,-0.005,0.055,0.058,0.061,107.7,78.75
"2025-02-27 13:30:00",9917,12.29,411,1,0.01,0,0.57,0,0.048,0.071,0.054,109.8,76.54
"2025-02-27 14:00:00",9918,12.29,411,1,0.008,-0.03,0.53,-0.004,0.043,0.063,0.047,109.5,76.54
"2025-02-27 14:30:00",9919,12.28,411,1,0.006,-0.09,0.48,-0.009,0.04,0.046,0.043,108.6,76.1
"2025-02-27 15:00:00",9920,12.28,411,1,0,-0.2,0.31,-0.019,0.026,0.037,0.029,109.8,77.86
"2025-02-27 15:30:00",9921,12.28,411,1,-0.003,-0.26,0.18,-0.023,0.015,0.041,0.018,108.6,76.41
"2025-02-27 16:00:00",9922,12.28,411,1,-0.016,-0.7,0.08,-0.06,0.008,-0.008,0.004,109.7,70.47
"2025-02-27 16:30:00",9923,12.27,411,1,-0.016,-0.61,-0.02,-0.052,-0.004,0.008,-0.004,109.6,75.66
"2025-02-27 17:00:00",9924,12.27,411,1,-0.021,-0.8,-0.06,-0.068,-0.007,-0.022,-0.004,105.5,72.25
"2025-02-27 17:30:00",9925,12.27,411,1,-0.022,-0.79,-0.12,-0.067,-0.011,-0.025,-0.011,108.4,73.19
"2025-02-27 18:00:00",9926,12.27,411,1,-0.02,-0.72,-0.12,-0.061,-0.011,-0.017,-0.007,109,76.03
"2025-02-27 18:30:00",9927,12.26,411,1,-0.028,-0.97,-0.2,-0.082,-0.019,-0.039,-0.015,106.1,73.64
"2025-02-27 19:00:00",9928,12.26,411,1,-0.017,-0.61,-0.1,-0.053,-0.011,0.015,-0.007,110,81
"2025-02-27 19:30:00",9929,12.26,411,1,-0.023,-0.8,-0.16,-0.068,-0.015,-0.022,-0.011,106.2,73.76
"2025-02-27 20:00:00",9930,12.25,411,1,-0.025,-0.84,-0.2,-0.072,-0.019,-0.034,-0.019,107.5,73.76
"2025-02-27 20:30:00",9931,12.25,411,1,-0.022,-0.75,-0.16,-0.064,-0.015,-0.022,-0.015,102.7,72.49
"2025-02-27 21:00:00",9932,12.25,411,1,-0.022,-0.73,-0.2,-0.062,-0.019,-0.017,-0.018,110,71.74
"2025-02-27 21:30:00",9933,12.25,411,1,-0.025,-0.83,-0.2,-0.07,-0.019,-0.022,-0.019,102.7,73.24
"2025-02-27 22:00:00",9934,12.24,411,1,-0.026,-0.84,-0.26,-0.072,-0.023,-0.026,-0.019,107.6,72.62
"2025-02-27 22:30:00",9935,12.24,411,1,-0.028,-0.93,-0.26,-0.079,-0.023,-0.031,-0.022,104.2,72.49
"2025-02-27 23:00:00",9936,12.24,411,1,-0.028,-0.93,-0.26,-0.079,-0.023,-0.036,-0.023,102.8,73.17
"2025-02-27 23:30:00",9937,12.23,411,1,-0.027,-0.91,-0.2,-0.078,-0.019,-0.039,-0.019,103.8,72.16
"2025-02-28 00:00:00",9938,12.23,411,1,-0.03,-0.98,-0.26,-0.083,-0.024,-0.041,-0.023,97.3,71.14
"2025-02-28 00:30:00",9939,12.23,411,1,-0.022,-0.72,-0.21,-0.061,-0.019,-0.014,-0.019,100.9,70.5
"2025-02-28 01:00:00",9940,12.22,411,1,-0.023,-0.8,-0.17,-0.068,-0.016,-0.024,-0.019,101.4,70.44
"2025-02-28 01:30:00",9941,12.21,411,1,-0.034,-1.18,-0.26,-0.099,-0.024,-0.067,-0.023,101.2,71.31
"2025-02-28 02:00:00",9942,12.21,411,1,-0.031,-1.04,-0.26,-0.087,-0.024,-0.047,-0.019,100.5,71.87
"2025-02-28 02:30:00",9943,12.2,411,1,-0.029,-1.01,-0.21,-0.086,-0.019,-0.041,-0.019,102.3,69.85
"2025-02-28 03:00:00",9944,12.2,411,1,-0.03,-0.96,-0.3,-0.081,-0.027,-0.034,-0.023,106.9,73.69
"2025-02-28 03:30:00",9945,12.19,411,1,-0.02,-0.62,-0.26,-0.054,-0.023,-0.009,-0.023,105.1,71.42
"2025-02-28 04:00:00",9946,12.19,411,1,-0.028,-0.89,-0.3,-0.075,-0.026,-0.03,-0.022,106.2,73.26
"2025-02-28 04:30:00",9947,12.19,411,1,-0.024,-0.75,-0.26,-0.064,-0.023,-0.026,-0.023,105.6,71.62
"2025-02-28 05:00:00",9948,12.18,411,1,-0.023,-0.73,-0.26,-0.062,-0.023,-0.017,-0.015,106.9,73.44
"2025-02-28 05:30:00",9949,12.18,411,1,-0.027,-0.87,-0.26,-0.075,-0.023,-0.035,-0.019,100.8,72.88
"2025-02-28 06:00:00",9950,12.18,411,1,-0.021,-0.69,-0.2,-0.059,-0.019,-0.022,-0.019,97.2,72.31
"2025-02-28 06:30:00",9951,12.18,411,1,-0.024,-0.76,-0.26,-0.065,-0.023,-0.022,-0.023,105.6,72.7
"2025-02-28 07:00:00",9952,12.18,411,1,-0.028,-0.96,-0.2,-0.08,-0.019,-0.03,-0.019,105.9,72.24
"2025-02-28 07:30:00",9953,12.18,411,1,-0.022,-0.69,-0.24,-0.06,-0.022,-0.02,-0.022,109.3,72.88
"2025-02-28 08:00:00",9954,12.18,411,1,-0.018,-0.58,-0.2,-0.05,-0.018,0,-0.018,108.4,74.96
"2025-02-28 08:30:00",9955,12.18,411,1,-0.012,-0.45,-0.06,-0.039,-0.007,0.004,-0.004,109.7,74.54
"2025-02-28 09:00:00",9956,12.18,411,1,-0.009,-0.44,0.08,-0.039,0.007,0.013,0.011,109.7,74.48
"2025-02-28 09:30:00",9957,12.18,411,1,0,-0.2,0.31,-0.019,0.026,0.042,0.025,109.9,75.17
"2025-02-28 10:00:00",9958,12.18,411,1,0.014,0.21,0.48,0.017,0.039,0.075,0.046,109.9,79.02
"2025-02-28 10:30:00",9959,12.18,411,1,0.015,0.17,0.57,0.014,0.047,0.081,0.054,109.4,78.27
"2025-02-28 11:00:00",9960,12.18,411,1,0.02,0.28,0.71,0.023,0.06,0.108,0.069,109.9,80.2
"2025-02-28 11:30:00",9961,12.18,411,1,0.023,0.41,0.71,0.034,0.059,0.124,0.066,109.8,76.57
"2025-02-28 12:00:00",9962,12.18,411,1,0.008,-0.26,0.81,-0.023,0.067,0.009,0.076,89.5,79.78
"2025-02-28 12:30:00",9963,12.18,411,1,0.015,0,0.81,0,0.067,0.076,0.071,110,77.01
"2025-02-28 13:00:00",9964,12.18,411,1,0.025,0.25,1.01,0.021,0.083,0.114,0.089,109.3,79.16
"2025-02-28 13:30:00",9965,12.18,411,1,0.065,1.71,1.22,0.141,0.101,0.189,0.138,110,99
"2025-02-28 14:00:00",9966,12.18,411,1,0.043,0.85,1.18,0.07,0.097,0.135,0.106,97.9,82.1
"2025-02-28 14:30:00",9967,12.18,411,1,0.019,0.2,0.78,0.016,0.064,0.089,0.068,99.7,75.83
"2025-02-28 15:00:00",9968,12.18,411,1,0.021,0.07,1.02,0.006,0.085,0.051,0.08,86.5,75.26
"2025-02-28 15:30:00",9969,12.18,411,1,0.026,0.27,1.05,0.022,0.087,0.103,0.093,109.7,78.03
"2025-02-28 16:00:00",9970,12.18,411,1,0.029,0.43,0.97,0.035,0.08,0.104,0.079,105.8,76.9
"2025-02-28 16:30:00",9971,12.18,411,1,0.02,0.13,0.91,0.01,0.075,0.083,0.078,107,76.6
"2025-02-28 17:00:00",9972,12.17,411,1,0.022,0.29,0.83,0.025,0.068,0.107,0.071,105,74.32
"2025-02-28 17:30:00",9973,12.17,411,1,0.008,-0.12,0.62,-0.011,0.051,0.046,0.05,98.3,74.94
"2025-02-28 18:00:00",9974,12.16,411,1,0.008,0,0.43,0,0.036,0.051,0.035,97.1,70.76
"2025-02-28 18:30:00",9975,12.16,411,1,-0.007,-0.45,0.2,-0.039,0.016,0.01,0.016,95.2,71.63
"2025-02-28 19:00:00",9976,12.15,411,1,-0.01,-0.48,0.1,-0.041,0.008,0.009,0.008,100.3,70.86
"2025-02-28 19:30:00",9977,12.15,411,1,-0.014,-0.55,0,-0.048,0,0,0,109.6,70.86
"2025-02-28 20:00:00",9978,12.14,411,1,-0.015,-0.58,-0.02,-0.05,-0.004,0,-0.004,107.8,71.31
"2025-02-28 20:30:00",9979,12.13,411,1,-0.023,-0.83,-0.12,-0.071,-0.012,-0.032,-0.012,100.7,70.29
"2025-02-28 21:00:00",9980,12.13,411,1,-0.02,-0.72,-0.12,-0.061,-0.011,-0.017,-0.011,104.3,73.39
"2025-02-28 21:30:00",9981,12.13,411,1,-0.021,-0.75,-0.12,-0.064,-0.012,-0.022,-0.011,98.6,72.44
"2025-02-28 22:00:00",9982,12.12,411,1,-0.021,-0.73,-0.12,-0.063,-0.011,-0.017,-0.011,109,72.51
"2025-02-28 22:30:00",9983,12.12,411,1,-0.023,-0.77,-0.2,-0.066,-0.019,-0.021,-0.015,108.8,73.63
"2025-02-28 23:00:00",9984,12.12,411,1,-0.022,-0.68,-0.26,-0.058,-0.023,-0.017,-0.015,109,72
"2025-02-28 23:30:00",9985,12.12,411,1,-0.024,-0.75,-0.26,-0.064,-0.023,-0.026,-0.019,100.7,73.58
"2025-03-01 00:00:00",9986,12.12,411,1,-0.025,-0.77,-0.3,-0.066,-0.027,-0.021,-0.023,108.3,73.14
"2025-03-01 00:30:00",9987,12.11,411,1,-0.024,-0.77,-0.26,-0.066,-0.023,-0.029,-0.023,109.7,72.51
"2025-03-01 01:00:00",9988,12.11,411,1,-0.024,-0.79,-0.24,-0.067,-0.022,-0.024,-0.022,108.9,72.95
"2025-03-01 01:30:00",9989,12.11,411,1,-0.026,-0.86,-0.24,-0.073,-0.022,-0.028,-0.022,107.7,72.96
"2025-03-01 02:00:00",9990,12.11,411,1,-0.024,-0.79,-0.2,-0.067,-0.019,-0.021,-0.015,109.7,75.99
"2025-03-01 02:30:00",9991,12.11,411,1,-0.024,-0.77,-0.26,-0.066,-0.023,-0.034,-0.022,107.3,73.4
"2025-03-01 03:00:00",9992,12.11,411,1,-0.025,-0.79,-0.26,-0.068,-0.023,-0.026,-0.023,104.4,74.22
"2025-03-01 03:30:00",9993,12.11,411,1,-0.024,-0.8,-0.21,-0.068,-0.019,-0.024,-0.019,106.4,72.96
"2025-03-01 04:00:00",9994,12.11,411,1,-0.029,-0.91,-0.3,-0.077,-0.027,-0.033,-0.023,101.9,73.02
"2025-03-01 04:30:00",9995,12.11,411,1,-0.03,-0.96,-0.3,-0.081,-0.027,-0.041,-0.023,103.4,73.46
"2025-03-01 05:00:00",9996,12.1,411,1,-0.026,-0.79,-0.34,-0.067,-0.03,-0.022,-0.023,106.9,73.2
"2025-03-01 05:30:00",9997,12.1,411,1,-0.024,-0.75,-0.26,-0.064,-0.023,-0.026,-0.019,109.7,74.53
"2025-03-01 06:00:00",9998,12.1,411,1,-0.023,-0.73,-0.26,-0.062,-0.023,-0.021,-0.022,109.6,73.65
"2025-03-01 06:30:00",9999,12.1,411,1,-0.025,-0.79,-0.3,-0.068,-0.026,-0.026,-0.026,107.1,73.65
"2025-03-01 07:00:00",10000,12.1,411,1,-0.028,-0.96,-0.2,-0.08,-0.019,-0.042,-0.019,107.6,75.17
"2025-03-01 07:30:00",10001,12.09,411,1,-0.026,-0.87,-0.2,-0.075,-0.019,-0.037,-0.019,109.4,75.99
"2025-03-01 08:00:00",10002,12.09,411,1,-0.021,-0.73,-0.16,-0.062,-0.015,-0.017,-0.015,109.4,75.49
"2025-03-01 08:30:00",10003,12.1,411,1,-0.016,-0.59,-0.06,-0.051,-0.007,-0.004,-0.007,109.9,75.43
"2025-03-01 09:00:00",10004,12.1,411,1,-0.012,-0.54,0.08,-0.046,0.007,0.004,0.014,108.1,77.21
"2025-03-01 09:30:00",10005,12.1,411,1,0.001,-0.23,0.38,-0.021,0.032,0.032,0.042,109.9,82.3
"2025-03-01 10:00:00",10006,12.1,411,1,0.008,-0.07,0.56,-0.008,0.047,0.06,0.057,109.8,82.6
"2025-03-01 10:30:00",10007,12.11,411,1,0.015,0.13,0.67,0.01,0.056,0.084,0.066,109,77.03
"2025-03-01 11:00:00",10008,12.11,411,1,0.024,0.29,0.9,0.025,0.074,0.09,0.086,109.8,83.9
"2025-03-01 11:30:00",10009,12.11,411,1,0.028,0.38,1.01,0.031,0.083,0.096,0.093,99.2,80.9
"2025-03-01 12:00:00",10010,12.11,411,1,0.03,0.42,1.08,0.034,0.089,0.095,0.115,109.8,87.4
"2025-03-01 12:30:00",10011,12.11,411,1,0.024,0.1,1.19,0.009,0.099,0.086,0.118,109.2,84.3
"2025-03-01 13:00:00",10012,12.11,411,1,0.035,0.42,1.32,0.035,0.109,0.116,0.125,105.1,84.5
"2025-03-01 13:30:00",10013,12.11,411,1,0.039,0.78,1.06,0.065,0.088,0.131,0.146,110,109.8
"2025-03-01 14:00:00",10014,12.12,411,1,0.06,1.22,1.61,0.101,0.133,0.17,0.151,103.7,84.6
"2025-03-01 14:30:00",10015,12.12,411,1,0.035,0.53,1.16,0.044,0.096,0.095,0.091,90.8,73.45
"2025-03-01 15:00:00",10016,12.12,411,1,0.029,0.25,1.23,0.021,0.102,0.097,0.092,91.9,71.28
"2025-03-01 15:30:00",10017,12.11,411,1,0.047,1.01,1.19,0.084,0.098,0.175,0.1,109.8,74.8
"2025-03-01 16:00:00",10018,12.11,411,1,0.028,0.46,0.9,0.038,0.074,0.105,0.073,101.7,75.05
"2025-03-01 16:30:00",10019,12.11,411,1,0.021,0.27,0.77,0.022,0.064,0.095,0.063,99.9,71.69
"2025-03-01 17:00:00",10020,12.1,411,1,0.012,0.13,0.52,0.011,0.043,0.082,0.046,100.7,73.51
"2025-03-01 17:30:00",10021,12.1,411,1,0.003,-0.12,0.34,-0.012,0.028,0.038,0.028,94.9,72.31
"2025-03-01 18:00:00",10022,12.09,411,1,-0.001,-0.19,0.2,-0.017,0.016,0.031,0.016,96.4,70.72
"2025-03-01 18:30:00",10023,12.08,411,1,-0.011,-0.52,0.1,-0.045,0.008,0,0,102.9,70.45
"2025-03-01 19:00:00",10024,12.08,411,1,-0.016,-0.62,-0.03,-0.053,-0.004,-0.01,-0.004,97.6,71.44
"2025-03-01 19:30:00",10025,12.07,411,1,-0.016,-0.59,-0.07,-0.051,-0.008,-0.009,-0.008,102.7,67.54
"2025-03-01 20:00:00",10026,12.06,411,1,-0.016,-0.59,-0.07,-0.051,-0.008,0.012,-0.008,89.1,70.06
"2025-03-01 20:30:00",10027,12.05,411,1,-0.005,-0.1,-0.13,-0.01,-0.012,0.014,-0.016,103.3,68.09
"2025-03-01 21:00:00",10028,12.05,411,1,-0.024,-0.89,-0.12,-0.076,-0.012,-0.021,-0.012,105.2,70.8
"2025-03-01 21:30:00",10029,12.04,411,1,-0.024,-0.83,-0.17,-0.071,-0.016,-0.028,-0.016,93.4,66.51
"2025-03-01 22:00:00",10030,12.03,411,1,-0.041,-1.46,-0.23,-0.122,-0.021,-0.023,-0.02,109.1,68.09
"2025-03-01 22:30:00",10031,12.03,411,1,-0.018,-0.56,-0.21,-0.048,-0.02,-0.01,-0.02,109.1,72.36
"2025-03-01 23:00:00",10032,12.02,411,1,-0.023,-0.73,-0.27,-0.063,-0.024,-0.009,-0.024,92.4,70.34
"2025-03-01 23:30:00",10033,12.02,411,1,-0.009,-0.28,-0.12,-0.025,-0.012,0.014,-0.012,93.2,71.91
"2025-03-02 00:00:00",10034,12.01,411,1,-0.035,-1.19,-0.28,-0.1,-0.025,-0.079,-0.025,73.21,69
"2025-03-02 00:30:00",10035,12.01,411,1,-0.015,-0.38,-0.27,-0.033,-0.025,0.02,-0.024,109.8,69.12
"2025-03-02 01:00:00",10036,12,411,1,-0.039,-1.36,-0.27,-0.114,-0.024,-0.026,-0.024,109.9,69.43
"2025-03-02 01:30:00",10037,11.99,411,1,-0.031,-1.08,-0.23,-0.091,-0.02,-0.053,-0.024,87.9,69.87
"2025-03-02 02:00:00",10038,11.99,411,1,-0.045,-1.59,-0.27,-0.133,-0.025,-0.049,-0.028,108.6,67.35
"2025-03-02 02:30:00",10039,11.98,411,1,-0.037,-1.26,-0.27,-0.107,-0.025,-0.021,-0.029,109.5,72.06
"2025-03-02 03:00:00",10040,11.98,411,1,-0.022,-0.72,-0.21,-0.062,-0.02,-0.013,-0.02,104.8,70.86
"2025-03-02 03:30:00",10041,11.98,411,1,-0.02,-0.58,-0.27,-0.049,-0.024,-0.027,-0.024,80.9,71.17
"2025-03-02 04:00:00",10042,11.97,411,1,-0.054,-1.81,-0.47,-0.152,-0.041,-0.082,-0.044,85.1,67.02
"2025-03-02 04:30:00",10043,11.97,411,1,-0.047,-1.45,-0.56,-0.121,-0.049,-0.031,-0.048,109.8,69.59
"2025-03-02 05:00:00",10044,11.96,411,1,-0.039,-1.24,-0.42,-0.105,-0.037,-0.043,-0.041,101.7,66.26
"2025-03-02 05:30:00",10045,11.95,411,1,-0.024,-0.56,-0.52,-0.049,-0.045,-0.011,-0.045,102.2,66.76
"2025-03-02 06:00:00",10046,11.95,411,1,-0.031,-0.94,-0.41,-0.08,-0.036,-0.026,-0.036,103.5,71.35
"2025-03-02 06:30:00",10047,11.95,411,1,-0.036,-1.17,-0.37,-0.098,-0.033,-0.073,-0.036,78.76,70.53
"2025-03-02 07:00:00",10048,11.94,411,1,-0.028,-0.87,-0.31,-0.075,-0.028,-0.013,-0.028,109.8,70.09
"2025-03-02 07:30:00",10049,11.94,411,1,-0.02,-0.48,-0.41,-0.042,-0.036,-0.013,-0.036,91.3,72.79
"2025-03-02 08:00:00",10050,11.94,411,1,-0.025,-0.75,-0.35,-0.064,-0.031,-0.022,-0.031,108.7,73.05
"2025-03-02 08:30:00",10051,11.94,411,1,-0.024,-0.7,-0.35,-0.06,-0.031,-0.039,-0.03,101.7,72.62
"2025-03-02 09:00:00",10052,11.94,411,1,-0.022,-0.62,-0.34,-0.053,-0.03,0,-0.03,109.4,75.71
"2025-03-02 09:30:00",10053,11.94,411,1,-0.069,-2.36,-0.52,-0.197,-0.045,-0.082,-0.044,94.4,69.29
"2025-03-02 10:00:00",10054,11.94,411,1,-0.017,-0.44,-0.34,-0.039,-0.03,-0.004,-0.026,109.1,75.4
"2025-03-02 10:30:00",10055,11.94,411,1,0,0.15,-0.2,0.012,-0.019,0.091,-0.015,109.8,75.09
"2025-03-02 11:00:00",10056,11.94,411,1,-0.009,-0.23,-0.2,-0.021,-0.018,0.024,-0.014,109.8,78.63
"2025-03-02 11:30:00",10057,11.94,411,1,-0.028,-0.8,-0.44,-0.068,-0.038,-0.034,-0.034,109.9,75.23
"2025-03-02 12:00:00",10058,11.94,411,1,-0.021,-0.75,-0.1,-0.063,-0.01,-0.011,-0.003,109.7,82.9
"2025-03-02 12:30:00",10059,11.94,411,1,-0.014,-0.27,-0.4,-0.025,-0.035,0.013,-0.035,103.9,73.54
"2025-03-02 13:00:00",10060,11.94,411,1,-0.028,-0.86,-0.34,-0.073,-0.03,-0.059,-0.03,84.8,73.04
"2025-03-02 13:30:00",10061,11.94,411,1,-0.046,-1.5,-0.44,-0.127,-0.038,-0.116,-0.038,109.8,81.9
"2025-03-02 14:00:00",10062,11.95,411,1,0.006,0.25,0,0.021,0,0.062,0.019,110,107.3
"2025-03-02 14:30:00",10063,11.95,411,1,-0.063,-1.95,-0.72,-0.164,-0.061,-0.017,-0.06,110,66.24
"2025-03-02 15:00:00",10064,11.95,411,1,-0.063,-2.08,-0.55,-0.174,-0.047,-0.135,-0.047,89.5,71.42
"2025-03-02 15:30:00",10065,11.94,411,1,-0.021,-0.56,-0.35,-0.049,-0.032,0.016,-0.032,109.9,73.23
"2025-03-02 16:00:00",10066,11.94,411,1,-0.045,-1.47,-0.42,-0.124,-0.037,-0.104,-0.036,101.7,68.07
"2025-03-02 16:30:00",10067,11.94,411,1,-0.045,-1.49,-0.42,-0.126,-0.037,-0.084,-0.036,100.6,70.91
"2025-03-02 17:00:00",10068,11.94,411,1,-0.025,-0.8,-0.27,-0.068,-0.024,-0.021,-0.02,108.9,71.66
"2025-03-02 17:30:00",10069,11.94,411,1,-0.018,-0.51,-0.27,-0.044,-0.024,-0.005,-0.024,103.1,71.21
"2025-03-02 18:00:00",10070,11.93,411,1,-0.031,-1.01,-0.31,-0.086,-0.028,-0.05,-0.024,102.9,70.51
"2025-03-02 18:30:00",10071,11.93,411,1,-0.023,-0.7,-0.27,-0.06,-0.025,-0.02,-0.029,98,70.68
"2025-03-02 19:00:00",10072,11.92,411,1,-0.029,-0.9,-0.33,-0.077,-0.028,-0.037,-0.028,100.3,71.18
"2025-03-02 19:30:00",10073,11.92,411,1,-0.026,-0.75,-0.38,-0.063,-0.033,-0.024,-0.033,102.8,70.61
"2025-03-02 20:00:00",10074,11.91,411,1,-0.024,-0.65,-0.42,-0.055,-0.037,-0.005,-0.036,108.2,69.73
"2025-03-02 20:30:00",10075,11.91,411,1,-0.031,-0.91,-0.42,-0.078,-0.037,-0.042,-0.032,103.1,70.48
"2025-03-02 21:00:00",10076,11.9,411,1,-0.03,-0.93,-0.37,-0.078,-0.033,-0.047,-0.037,99,69.16
"2025-03-02 21:30:00",10077,11.89,411,1,-0.031,-0.91,-0.41,-0.078,-0.036,-0.038,-0.032,98.3,70.47
"2025-03-02 22:00:00",10078,11.89,411,1,-0.029,-0.84,-0.42,-0.072,-0.037,-0.033,-0.032,97.6,71.54
"2025-03-02 22:30:00",10079,11.89,411,1,-0.023,-0.59,-0.42,-0.051,-0.037,-0.009,-0.036,105.2,70.78
"2025-03-02 23:00:00",10080,11.88,411,1,-0.028,-0.84,-0.37,-0.072,-0.032,-0.032,-0.032,102.9,70.72
"2025-03-02 23:30:00",10081,11.88,411,1,-0.033,-1.01,-0.41,-0.086,-0.036,-0.05,-0.036,101.6,70.72
"2025-03-03 00:00:00",10082,11.87,411,1,-0.03,-0.9,-0.37,-0.076,-0.032,-0.051,-0.032,97.4,70.34
"2025-03-03 00:30:00",10083,11.87,411,1,-0.027,-0.8,-0.37,-0.068,-0.033,-0.022,-0.037,104.5,70.39
"2025-03-03 01:00:00",10084,11.86,411,1,-0.035,-1.04,-0.47,-0.088,-0.04,-0.057,-0.036,98.9,72.35
"2025-03-03 01:30:00",10085,11.86,411,1,-0.024,-0.65,-0.42,-0.056,-0.037,-0.023,-0.04,103,69.32
"2025-03-03 02:00:00",10086,11.86,411,1,-0.035,-1.11,-0.37,-0.093,-0.033,-0.06,-0.037,99.9,70.51
"2025-03-03 02:30:00",10087,11.85,411,1,-0.035,-1.08,-0.42,-0.091,-0.037,-0.051,-0.041,100.8,71.96
"2025-03-03 03:00:00",10088,11.85,411,1,-0.027,-0.76,-0.41,-0.065,-0.036,-0.032,-0.036,102.8,71.14
"2025-03-03 03:30:00",10089,11.85,411,1,-0.03,-0.93,-0.35,-0.079,-0.032,-0.059,-0.032,98.4,71.33
"2025-03-03 04:00:00",10090,11.84,411,1,-0.042,-1.32,-0.49,-0.112,-0.043,-0.085,-0.043,97.4,67.29
"2025-03-03 04:30:00",10091,11.84,411,1,-0.034,-1.03,-0.44,-0.086,-0.039,-0.05,-0.039,105.1,66.43
"2025-03-03 05:00:00",10092,11.84,411,1,-0.034,-1.08,-0.34,-0.091,-0.031,-0.041,-0.035,109.6,66.67
"2025-03-03 05:30:00",10093,11.83,411,1,-0.042,-1.31,-0.47,-0.11,-0.041,-0.065,-0.045,106.6,64.16
"2025-03-03 06:00:00",10094,11.83,411,1,-0.027,-0.87,-0.27,-0.074,-0.024,-0.035,-0.033,96.8,62.96
"2025-03-03 06:30:00",10095,11.83,411,1,-0.041,-1.19,-0.61,-0.101,-0.052,-0.069,-0.051,95.7,62.52
"2025-03-03 07:00:00",10096,11.83,411,1,-0.04,-1.21,-0.49,-0.102,-0.043,-0.079,-0.047,105.8,62.84
"2025-03-03 07:30:00",10097,11.82,411,1,-0.035,-1.07,-0.42,-0.09,-0.037,-0.04,-0.041,109.8,65.05
"2025-03-03 08:00:00",10098,11.82,411,1,-0.028,-0.87,-0.31,-0.075,-0.028,-0.024,-0.037,109.8,64.38
"2025-03-03 08:30:00",10099,11.83,411,1,-0.024,-0.76,-0.28,-0.065,-0.026,-0.015,-0.03,108.6,59.86
"2025-03-03 09:00:00",10100,11.83,411,1,-0.031,-1.05,-0.24,-0.09,-0.022,-0.058,-0.031,85,57.6
"2025-03-03 09:30:00",10101,11.84,411,1,-0.027,-0.73,-0.44,-0.062,-0.038,-0.052,-0.047,75.67,56.85
"2025-03-03 10:00:00",10102,11.85,411,1,-0.049,-1.47,-0.62,-0.124,-0.054,-0.109,-0.061,81.4,58.3
"2025-03-03 10:30:00",10103,11.86,411,1,-0.032,-0.8,-0.63,-0.068,-0.055,-0.055,-0.058,88.2,63.84
"2025-03-03 11:00:00",10104,11.86,411,1,-0.027,-0.82,-0.34,-0.069,-0.03,-0.048,-0.03,81.6,71.59
"2025-03-03 11:30:00",10105,11.86,411,1,-0.008,-0.16,-0.2,-0.015,-0.018,0,-0.015,109.8,78.9
"2025-03-03 12:00:00",10106,11.86,411,1,-0.043,-1.54,-0.2,-0.13,-0.018,-0.108,-0.014,105.7,76.31
"2025-03-03 12:30:00",10107,11.87,411,1,-0.017,-0.55,-0.16,-0.047,-0.015,0.008,-0.015,110,75.31
"2025-03-03 13:00:00",10108,11.87,411,1,-0.016,-0.56,-0.1,-0.049,-0.011,-0.022,-0.007,107.2,78.29
"2025-03-03 13:30:00",10109,11.87,411,1,-0.102,-3.8,-0.37,-0.316,-0.032,-0.326,-0.025,96.4,79.12
"2025-03-03 14:00:00",10110,11.88,411,1,0.007,0.04,0.35,0.003,0.028,0.007,0.055,109.9,108.7
"2025-03-03 14:30:00",10111,11.88,411,1,-0.05,-1.76,-0.34,-0.147,-0.03,-0.12,-0.034,91.5,68.09
"2025-03-03 15:00:00",10112,11.87,411,1,-0.042,-1.67,0,-0.14,0,-0.108,0,92.8,75.72
"2025-03-03 15:30:00",10113,11.87,411,1,-0.021,-0.79,-0.07,-0.067,-0.008,-0.025,-0.008,109.8,73.82
"2025-03-03 16:00:00",10114,11.87,411,1,-0.025,-0.89,-0.17,-0.075,-0.016,-0.044,-0.016,94.4,73.06
"2025-03-03 16:30:00",10115,11.87,411,1,-0.03,-1,-0.27,-0.084,-0.024,-0.046,-0.02,96.5,71.93
"2025-03-03 17:00:00",10116,11.87,411,1,-0.019,-0.65,-0.17,-0.055,-0.016,-0.014,-0.012,107.4,73.44
"2025-03-03 17:30:00",10117,11.87,411,1,-0.024,-0.82,-0.21,-0.069,-0.02,-0.029,-0.02,103,72.62
"2025-03-03 18:00:00",10118,11.86,411,1,-0.029,-0.96,-0.28,-0.081,-0.025,-0.042,-0.025,94.7,70.9
"2025-03-03 18:30:00",10119,11.85,411,1,-0.02,-0.65,-0.19,-0.056,-0.017,-0.026,-0.021,96.7,68.87
"2025-03-03 19:00:00",10120,11.85,411,1,-0.025,-0.83,-0.23,-0.07,-0.021,-0.03,-0.021,97.4,70.5
"2025-03-03 19:30:00",10121,11.84,411,1,-0.025,-0.79,-0.27,-0.067,-0.025,-0.033,-0.029,101.4,69.98
"2025-03-03 20:00:00",10122,11.83,411,1,-0.023,-0.72,-0.27,-0.062,-0.025,-0.019,-0.024,103.3,72.44
"2025-03-03 20:30:00",10123,11.82,411,1,-0.023,-0.7,-0.27,-0.06,-0.024,-0.022,-0.024,104,72.11
"2025-03-03 21:00:00",10124,11.82,411,1,-0.024,-0.72,-0.33,-0.061,-0.028,-0.023,-0.028,104.6,71.99
"2025-03-03 21:30:00",10125,11.81,411,1,-0.024,-0.77,-0.27,-0.067,-0.024,-0.028,-0.024,103.9,70.79
"2025-03-03 22:00:00",10126,11.81,411,1,-0.026,-0.77,-0.33,-0.067,-0.029,-0.032,-0.028,102.5,72.62
"2025-03-03 22:30:00",10127,11.8,411,1,-0.029,-0.83,-0.42,-0.071,-0.037,-0.036,-0.036,104.5,71.11
"2025-03-03 23:00:00",10128,11.8,411,1,-0.027,-0.83,-0.31,-0.07,-0.028,-0.032,-0.028,102.8,72.43
"2025-03-03 23:30:00",10129,11.8,411,1,-0.028,-0.89,-0.31,-0.076,-0.028,-0.036,-0.028,104.1,71.92
"2025-03-04 00:00:00",10130,11.79,411,1,-0.024,-0.7,-0.31,-0.061,-0.028,-0.023,-0.028,104.1,72.74
"2025-03-04 00:30:00",10131,11.79,411,1,-0.027,-0.83,-0.31,-0.071,-0.028,-0.032,-0.024,105.3,71.42
"2025-03-04 01:00:00",10132,11.78,411,1,-0.03,-0.91,-0.37,-0.078,-0.032,-0.047,-0.032,103.1,69.66
"2025-03-04 01:30:00",10133,11.78,411,1,-0.03,-0.9,-0.37,-0.077,-0.032,-0.042,-0.032,101.5,71.36
"2025-03-04 02:00:00",10134,11.78,411,1,-0.026,-0.79,-0.31,-0.067,-0.028,-0.034,-0.027,109.9,71.74
"2025-03-04 02:30:00",10135,11.78,411,1,-0.028,-0.84,-0.35,-0.072,-0.031,-0.03,-0.031,108.4,73.44
"2025-03-04 03:00:00",10136,11.78,411,1,-0.026,-0.77,-0.35,-0.066,-0.031,-0.029,-0.027,109.3,74.65
"2025-03-04 03:30:00",10137,11.78,411,1,-0.028,-0.84,-0.35,-0.072,-0.031,-0.03,-0.027,109.9,74.97
"2025-03-04 04:00:00",10138,11.78,411,1,-0.024,-0.72,-0.3,-0.061,-0.027,-0.025,-0.023,109.5,74.03
"2025-03-04 04:30:00",10139,11.78,411,1,-0.026,-0.82,-0.31,-0.069,-0.027,-0.04,-0.023,108.3,75.41
"2025-03-04 05:00:00",10140,11.78,411,1,-0.025,-0.72,-0.35,-0.061,-0.031,-0.029,-0.031,109.2,74.53
"2025-03-04 05:30:00",10141,11.78,411,1,-0.026,-0.8,-0.3,-0.069,-0.027,-0.024,-0.026,109.8,74.16
"2025-03-04 06:00:00",10142,11.78,411,1,-0.029,-0.87,-0.35,-0.074,-0.031,-0.026,-0.031,106.9,74.99
"2025-03-04 06:30:00",10143,11.79,411,1,-0.024,-0.73,-0.3,-0.062,-0.027,-0.025,-0.027,108.8,75.36
"2025-03-04 07:00:00",10144,11.79,411,1,-0.025,-0.79,-0.3,-0.067,-0.027,-0.024,-0.027,109.9,74.68
"2025-03-04 07:30:00",10145,11.79,411,1,-0.017,-0.47,-0.3,-0.041,-0.027,-0.004,-0.026,108.2,77.33
"2025-03-04 08:00:00",10146,11.79,411,1,-0.024,-0.75,-0.26,-0.064,-0.023,-0.02,-0.022,108.4,74.75
"2025-03-04 08:30:00",10147,11.79,411,1,-0.021,-0.62,-0.28,-0.053,-0.026,-0.03,-0.018,109.8,78.67
"2025-03-04 09:00:00",10148,11.8,411,1,-0.019,-0.56,-0.24,-0.048,-0.021,-0.017,-0.014,109.7,80.8
"2025-03-04 09:30:00",10149,11.8,411,1,-0.011,-0.33,-0.16,-0.028,-0.015,0,-0.011,110,78.57
"2025-03-04 10:00:00",10150,11.81,411,1,-0.024,-0.86,-0.12,-0.073,-0.011,-0.03,-0.004,109.8,80.6
"2025-03-04 10:30:00",10151,11.81,411,1,0.003,0.06,0.13,0.005,0.011,0.063,0.015,108.8,79.16
"2025-03-04 11:00:00",10152,11.81,411,1,0.005,-0.02,0.34,-0.004,0.028,0.047,0.045,109.9,86.5
"2025-03-04 11:30:00",10153,11.82,411,1,-0.027,-1.24,0.22,-0.104,0.018,-0.056,0.025,109.9,83.5
"2025-03-04 12:00:00",10154,11.82,411,1,0.005,-0.13,0.49,-0.013,0.041,0.048,0.048,109.8,80.6
"2025-03-04 12:30:00",10155,11.82,411,1,0.018,0.35,0.53,0.029,0.044,0.07,0.055,109.9,80.4
"2025-03-04 13:00:00",10156,11.82,411,1,-0.001,-0.48,0.59,-0.041,0.048,0.02,0.062,109.8,81.1
"2025-03-04 13:30:00",10157,11.82,411,1,0.024,0.5,0.62,0.042,0.05,0.117,0.072,99.9,92.1
"2025-03-04 14:00:00",10158,11.83,411,1,0.044,1.16,0.8,0.096,0.066,0.17,0.097,109.9,98.8
"2025-03-04 14:30:00",10159,11.83,411,1,0.002,-0.23,0.48,-0.021,0.039,0.033,0.034,88,73.14
"2025-03-04 15:00:00",10160,11.83,411,1,0.006,-0.14,0.56,-0.014,0.046,0.04,0.057,109.4,80.5
"2025-03-04 15:30:00",10161,11.83,411,1,0.007,-0.07,0.53,-0.008,0.044,0.044,0.058,110,81.5
"2025-03-04 16:00:00",10162,11.83,411,1,0.006,-0.05,0.43,-0.006,0.036,0.046,0.039,100.5,75.6
"2025-03-04 16:30:00",10163,11.82,411,1,-0.009,-0.56,0.24,-0.049,0.02,0,0.028,93.6,74.71
"2025-03-04 17:00:00",10164,11.82,411,1,-0.004,-0.31,0.2,-0.027,0.016,0.02,0.016,97.6,74.2
"2025-03-04 17:30:00",10165,11.82,411,1,-0.014,-0.59,0.06,-0.05,0.004,-0.005,0.004,97.6,74
"2025-03-04 18:00:00",10166,11.81,411,1,-0.018,-0.68,-0.03,-0.057,-0.004,-0.016,-0.004,98.5,71.59
"2025-03-04 18:30:00",10167,11.81,411,1,-0.025,-0.94,-0.07,-0.08,-0.008,-0.031,-0.008,97.9,69.75
"2025-03-04 19:00:00",10168,11.8,411,1,-0.024,-0.91,-0.07,-0.077,-0.008,-0.035,-0.012,101.3,71.88
"2025-03-04 19:30:00",10169,11.79,411,1,-0.023,-0.75,-0.23,-0.063,-0.021,-0.024,-0.02,103.6,71.63
"2025-03-04 20:00:00",10170,11.79,411,1,-0.025,-0.82,-0.23,-0.069,-0.021,-0.028,-0.02,106.4,72.45
"2025-03-04 20:30:00",10171,11.78,411,1,-0.023,-0.77,-0.21,-0.066,-0.02,-0.027,-0.02,109.3,73.59
"2025-03-04 21:00:00",10172,11.78,411,1,-0.026,-0.83,-0.27,-0.071,-0.024,-0.022,-0.02,108.8,75.1
"2025-03-04 21:30:00",10173,11.77,411,1,-0.026,-0.84,-0.27,-0.071,-0.024,-0.034,-0.024,109,74.28
"2025-03-04 22:00:00",10174,11.77,411,1,-0.02,-0.59,-0.26,-0.051,-0.023,-0.011,-0.023,109.5,79.59
"2025-03-04 22:30:00",10175,11.77,411,1,-0.023,-0.69,-0.3,-0.059,-0.027,-0.034,-0.023,109.9,76.75
"2025-03-04 23:00:00",10176,11.77,411,1,-0.024,-0.77,-0.26,-0.066,-0.023,-0.02,-0.023,109.8,73.55
"2025-03-04 23:30:00",10177,11.77,411,1,-0.032,-1.01,-0.37,-0.085,-0.032,-0.043,-0.028,103.1,72.72
"2025-03-05 00:00:00",10178,11.76,411,1,-0.026,-0.82,-0.31,-0.069,-0.028,-0.035,-0.023,108.5,75.31
"2025-03-05 00:30:00",10179,11.77,411,1,-0.03,-0.96,-0.31,-0.081,-0.027,-0.03,-0.027,109.8,77.14
"2025-03-05 01:00:00",10180,11.76,411,1,-0.028,-0.9,-0.31,-0.076,-0.027,-0.035,-0.027,109.9,75.44
"2025-03-05 01:30:00",10181,11.76,411,1,-0.027,-0.89,-0.26,-0.075,-0.023,-0.031,-0.019,108.9,77.21
"2025-03-05 02:00:00",10182,11.76,411,1,-0.028,-0.91,-0.27,-0.077,-0.024,-0.041,-0.02,106.1,76.14
"2025-03-05 02:30:00",10183,11.76,411,1,-0.028,-0.9,-0.27,-0.076,-0.024,-0.034,-0.024,99.5,74.13
"2025-03-05 03:00:00",10184,11.76,411,1,-0.024,-0.73,-0.31,-0.062,-0.028,-0.023,-0.028,108.2,73.24
"2025-03-05 03:30:00",10185,11.76,411,1,-0.03,-0.96,-0.31,-0.081,-0.028,-0.044,-0.028,102.5,73.3
"2025-03-05 04:00:00",10186,11.76,411,1,-0.029,-0.93,-0.31,-0.079,-0.028,-0.037,-0.028,109.1,73.36
"2025-03-05 04:30:00",10187,11.75,411,1,-0.032,-1.01,-0.35,-0.086,-0.031,-0.037,-0.027,109.4,73.94
"2025-03-05 05:00:00",10188,11.75,411,1,-0.03,-0.97,-0.31,-0.083,-0.028,-0.04,-0.024,109.7,74.69
"2025-03-05 05:30:00",10189,11.75,411,1,-0.027,-0.86,-0.27,-0.073,-0.024,-0.027,-0.024,109.3,74.32
"2025-03-05 06:00:00",10190,11.75,411,1,-0.023,-0.7,-0.27,-0.061,-0.024,-0.018,-0.02,109.5,75.77
"2025-03-05 06:30:00",10191,11.75,411,1,-0.027,-0.86,-0.31,-0.073,-0.028,-0.033,-0.028,106.1,73.87
"2025-03-05 07:00:00",10192,11.75,411,1,-0.025,-0.79,-0.27,-0.067,-0.024,-0.027,-0.024,109.2,72.99
"2025-03-05 07:30:00",10193,11.75,411,1,-0.028,-0.93,-0.27,-0.079,-0.024,-0.035,-0.02,108.5,76.28
"2025-03-05 08:00:00",10194,11.74,411,1,-0.021,-0.7,-0.17,-0.06,-0.016,-0.009,-0.012,110,76.99
"2025-03-05 08:30:00",10195,11.75,411,1,-0.019,-0.7,-0.07,-0.06,-0.008,-0.009,-0.004,109.8,77.55
"2025-03-05 09:00:00",10196,11.74,411,1,-0.018,-0.72,-0.02,-0.061,-0.004,-0.013,0,108.3,79.38
"2025-03-05 09:30:00",10197,11.74,411,1,-0.011,-0.49,0.04,-0.043,0.004,0.013,0.012,107.8,77.87
"2025-03-05 10:00:00",10198,11.74,411,1,-0.003,-0.28,0.2,-0.025,0.016,0.03,0.02,109.6,77.87
"2025-03-05 10:30:00",10199,11.74,411,1,-0.001,-0.28,0.29,-0.026,0.024,0.022,0.028,109.8,79.14
"2025-03-05 11:00:00",10200,11.74,411,1,0,-0.21,0.32,-0.02,0.027,0.043,0.035,109.2,78.71
"2025-03-05 11:30:00",10201,11.74,411,1,0,-0.37,0.5,-0.032,0.042,0.043,0.053,109.5,83.8
"2025-03-05 12:00:00",10202,11.74,411,1,0.017,0.2,0.67,0.016,0.055,0.087,0.063,104.2,77.83
"2025-03-05 12:30:00",10203,11.74,411,1,0.015,0.13,0.67,0.011,0.056,0.071,0.063,98.5,78.89
"2025-03-05 13:00:00",10204,11.74,411,1,0.008,-0.1,0.59,-0.011,0.048,0.052,0.056,109.4,75.92
"2025-03-05 13:30:00",10205,11.74,411,1,0.003,-0.1,0.34,-0.01,0.028,0.042,0.032,104.2,77.32
"2025-03-05 14:00:00",10206,11.74,411,1,-0.01,-0.48,0.1,-0.041,0.008,0.018,0.016,106.7,76.81
"2025-03-05 14:30:00",10207,11.73,411,1,-0.006,-0.34,0.1,-0.03,0.008,0.023,0.012,103.2,75.05
"2025-03-05 15:00:00",10208,11.73,411,1,-0.014,-0.54,-0.03,-0.046,-0.004,0.009,0,108.5,73.73
"2025-03-05 15:30:00",10209,11.73,411,1,-0.016,-0.59,-0.07,-0.051,-0.008,-0.01,-0.008,102.2,72.76
"2025-03-05 16:00:00",10210,11.72,411,1,-0.02,-0.72,-0.13,-0.061,-0.012,-0.015,-0.012,102.6,72.2
"2025-03-05 16:30:00",10211,11.72,411,1,-0.018,-0.62,-0.13,-0.053,-0.012,-0.01,-0.012,104,72.83
"2025-03-05 17:00:00",10212,11.72,411,1,-0.026,-0.84,-0.27,-0.072,-0.025,-0.025,-0.021,100.4,72.7
"2025-03-05 17:30:00",10213,11.71,411,1,-0.025,-0.77,-0.28,-0.066,-0.025,-0.035,-0.021,100.8,72.13
"2025-03-05 18:00:00",10214,11.71,411,1,-0.023,-0.77,-0.17,-0.066,-0.017,-0.03,-0.016,103.9,74.21
"2025-03-05 18:30:00",10215,11.71,411,1,-0.026,-0.83,-0.28,-0.07,-0.025,-0.034,-0.025,104.7,73.26
"2025-03-05 19:00:00",10216,11.7,411,1,-0.026,-0.82,-0.27,-0.069,-0.025,-0.024,-0.02,107.5,74.03
"2025-03-05 19:30:00",10217,11.7,411,1,-0.022,-0.66,-0.27,-0.056,-0.024,-0.013,-0.024,108.2,74.77
"2025-03-05 20:00:00",10218,11.7,411,1,-0.024,-0.7,-0.33,-0.06,-0.028,-0.03,-0.028,103.3,74.85
"2025-03-05 20:30:00",10219,11.7,411,1,-0.024,-0.75,-0.27,-0.064,-0.024,-0.019,-0.024,108.8,74.33
"2025-03-05 21:00:00",10220,11.69,411,1,-0.024,-0.75,-0.27,-0.064,-0.025,-0.019,-0.02,109.6,76.16
"2025-03-05 21:30:00",10221,11.69,411,1,-0.025,-0.77,-0.28,-0.066,-0.025,-0.035,-0.025,98.5,72.13
"2025-03-05 22:00:00",10222,11.69,411,1,-0.027,-0.82,-0.33,-0.069,-0.03,-0.031,-0.029,101,71.36
"2025-03-05 22:30:00",10223,11.69,411,1,-0.027,-0.9,-0.23,-0.076,-0.021,-0.037,-0.021,101.9,71.23
"2025-03-05 23:00:00",10224,11.68,411,1,-0.026,-0.79,-0.34,-0.067,-0.03,-0.025,-0.025,98.5,74.38
"2025-03-05 23:30:00",10225,11.68,411,1,-0.029,-0.91,-0.34,-0.078,-0.03,-0.04,-0.025,105.4,71.41
"2025-03-06 00:00:00",10226,11.68,411,1,-0.03,-0.96,-0.34,-0.081,-0.03,-0.045,-0.026,98.6,71.16
"2025-03-06 00:30:00",10227,11.67,411,1,-0.028,-0.86,-0.34,-0.072,-0.03,-0.035,-0.03,103.2,71.79
"2025-03-06 01:00:00",10228,11.67,411,1,-0.027,-0.84,-0.28,-0.072,-0.026,-0.045,-0.025,104.8,73.36
"2025-03-06 01:30:00",10229,11.66,411,1,-0.027,-0.84,-0.28,-0.071,-0.025,-0.03,-0.025,102.7,74.05
"2025-03-06 02:00:00",10230,11.66,411,1,-0.034,-1.17,-0.24,-0.098,-0.022,-0.058,-0.021,100.5,70.84
"2025-03-06 02:30:00",10231,11.66,411,1,-0.031,-1.01,-0.3,-0.086,-0.026,-0.051,-0.026,103.1,71.15
"2025-03-06 03:00:00",10232,11.65,411,1,-0.037,-1.25,-0.28,-0.105,-0.026,-0.08,-0.026,95,72.59
"2025-03-06 03:30:00",10233,11.65,411,1,-0.03,-1.03,-0.24,-0.086,-0.022,-0.062,-0.022,91.9,71.84
"2025-03-06 04:00:00",10234,11.64,411,1,-0.026,-0.82,-0.28,-0.069,-0.026,-0.049,-0.021,87.3,71.71
"2025-03-06 04:30:00",10235,11.64,411,1,-0.02,-0.63,-0.24,-0.055,-0.022,-0.005,-0.026,100.9,71.27
"2025-03-06 05:00:00",10236,11.64,411,1,-0.022,-0.7,-0.24,-0.06,-0.022,-0.02,-0.017,104.5,71.32
"2025-03-06 05:30:00",10237,11.64,411,1,-0.027,-0.84,-0.3,-0.072,-0.026,-0.027,-0.026,104.6,70.12
"2025-03-06 06:00:00",10238,11.63,411,1,-0.02,-0.68,-0.19,-0.058,-0.018,-0.027,-0.022,97.4,71.32
"2025-03-06 06:30:00",10239,11.63,411,1,-0.026,-0.8,-0.3,-0.068,-0.026,-0.031,-0.026,100.8,70.36
"2025-03-06 07:00:00",10240,11.62,411,1,-0.03,-0.96,-0.34,-0.081,-0.031,-0.031,-0.03,106.3,73.39
"2025-03-06 07:30:00",10241,11.62,411,1,-0.023,-0.75,-0.24,-0.064,-0.022,-0.022,-0.022,109.3,72.87
"2025-03-06 08:00:00",10242,11.61,411,1,-0.015,-0.47,-0.19,-0.04,-0.017,0.009,-0.021,109.7,69.72
"2025-03-06 08:30:00",10243,11.61,411,1,-0.021,-0.65,-0.24,-0.055,-0.021,0,-0.021,109.3,74.83
"2025-03-06 09:00:00",10244,11.6,411,1,-0.011,-0.35,-0.13,-0.031,-0.013,-0.014,-0.013,90.3,71.68
"2025-03-06 09:30:00",10245,11.6,411,1,-0.018,-0.62,-0.13,-0.053,-0.012,-0.022,-0.008,91.8,75.2
"2025-03-06 10:00:00",10246,11.6,411,1,-0.017,-0.73,0.06,-0.063,0.004,-0.024,0.008,109,73.57
"2025-03-06 10:30:00",10247,11.6,411,1,0.012,0.34,0.2,0.028,0.016,0.101,0.02,109.3,78.86
"2025-03-06 11:00:00",10248,11.6,411,1,0.005,0,0.29,0,0.024,0.063,0.039,107.8,78.12
"2025-03-06 11:30:00",10249,11.6,411,1,0.006,0,0.36,0,0.03,0.067,0.029,109.7,75.22
"2025-03-06 12:00:00",10250,11.59,411,1,0,-0.41,0.52,-0.035,0.042,0.032,0.042,102.4,76.29
"2025-03-06 12:30:00",10251,11.59,411,1,0.01,-0.05,0.62,-0.005,0.05,0.062,0.054,109.3,77.42
"2025-03-06 13:00:00",10252,11.59,411,1,0.019,0.24,0.74,0.02,0.061,0.094,0.068,109.7,80.8
"2025-03-06 13:30:00",10253,11.59,411,1,0.022,0.31,0.78,0.026,0.065,0.122,0.076,109.8,78.13
"2025-03-06 14:00:00",10254,11.59,411,1,0.041,0.92,0.95,0.076,0.079,0.145,0.093,106.5,85.6
"2025-03-06 14:30:00",10255,11.59,411,1,0.019,0.18,0.78,0.015,0.065,0.105,0.068,92.6,77
"2025-03-06 15:00:00",10256,11.59,411,1,0.043,0.97,0.99,0.08,0.082,0.156,0.085,98.5,78.19
"2025-03-06 15:30:00",10257,11.58,411,1,0.02,0.22,0.8,0.018,0.066,0.085,0.065,91.3,76.73
"2025-03-06 16:00:00",10258,11.58,411,1,0.031,0.53,0.95,0.044,0.079,0.089,0.078,87.5,76.53
"2025-03-06 16:30:00",10259,11.58,411,1,0.02,0.22,0.81,0.019,0.067,0.085,0.057,92.9,71.04
"2025-03-06 17:00:00",10260,11.57,411,1,0.016,0.22,0.6,0.019,0.049,0.074,0.053,109.8,73.87
"2025-03-06 17:30:00",10261,11.56,411,1,0.023,0.49,0.6,0.041,0.049,0.11,0.044,93.9,72.85
"2025-03-06 18:00:00",10262,11.56,411,1,0.001,-0.26,0.42,-0.023,0.035,0.048,0.035,99.2,73.86
"2025-03-06 18:30:00",10263,11.55,411,1,0.009,0.13,0.32,0.01,0.026,0.07,0.021,109.9,74.74
"2025-03-06 19:00:00",10264,11.55,411,1,0,-0.12,0.15,-0.011,0.013,0.067,0.013,109.7,71.79
"2025-03-06 19:30:00",10265,11.54,411,1,-0.005,-0.23,0,-0.021,0,0.034,0.004,109.9,76
"2025-03-06 20:00:00",10266,11.54,411,1,-0.002,-0.19,0.11,-0.017,0.009,0.04,0.009,105.4,73.99
"2025-03-06 20:30:00",10267,11.53,411,1,-0.007,-0.26,-0.03,-0.023,-0.004,0.015,-0.004,106.6,72.66
"2025-03-06 21:00:00",10268,11.52,411,1,-0.037,-1.36,-0.13,-0.115,-0.013,-0.044,-0.013,108.7,69.51
"2025-03-06 21:30:00",10269,11.52,411,1,-0.016,-0.56,-0.09,-0.048,-0.009,-0.01,-0.009,92.4,71.34
"2025-03-06 22:00:00",10270,11.51,411,1,-0.018,-0.63,-0.13,-0.054,-0.013,0.019,-0.013,109.8,73.86
"2025-03-06 22:30:00",10271,11.51,411,1,-0.024,-0.82,-0.19,-0.07,-0.018,-0.065,-0.017,80.6,72.35
"2025-03-06 23:00:00",10272,11.51,411,1,-0.013,-0.44,-0.13,-0.038,-0.013,-0.026,-0.009,105.5,75.37
"2025-03-06 23:30:00",10273,11.51,411,1,-0.027,-1,-0.13,-0.085,-0.013,0.011,-0.017,109.9,69.14
"2025-03-07 00:00:00",10274,11.5,411,1,-0.033,-1.12,-0.24,-0.095,-0.022,-0.017,-0.017,108.7,71.02
"2025-03-07 00:30:00",10275,11.5,411,1,-0.012,-0.37,-0.13,-0.032,-0.013,0.028,-0.013,109.2,74.05
"2025-03-07 01:00:00",10276,11.49,411,1,-0.017,-0.59,-0.13,-0.05,-0.013,-0.015,-0.017,92.7,72.66
"2025-03-07 01:30:00",10277,11.49,411,1,-0.026,-0.96,-0.13,-0.081,-0.013,-0.015,-0.013,100,74.11
"2025-03-07 02:00:00",10278,11.49,411,1,-0.017,-0.59,-0.13,-0.051,-0.013,-0.01,-0.013,98,73.66
"2025-03-07 02:30:00",10279,11.49,411,1,-0.03,-1.01,-0.24,-0.086,-0.022,-0.036,-0.017,105.2,71.77
"2025-03-07 03:00:00",10280,11.48,411,1,-0.023,-0.79,-0.19,-0.067,-0.017,-0.041,-0.017,90.7,72.15
"2025-03-07 03:30:00",10281,11.48,411,1,-0.033,-1.12,-0.24,-0.095,-0.022,-0.043,-0.017,93.2,72.34
"2025-03-07 04:00:00",10282,11.47,411,1,-0.019,-0.68,-0.13,-0.058,-0.013,-0.011,-0.018,95,73.41
"2025-03-07 04:30:00",10283,11.47,411,1,-0.03,-1.04,-0.19,-0.089,-0.018,-0.043,-0.017,109.7,72.79
"2025-03-07 05:00:00",10284,11.47,411,1,-0.021,-0.7,-0.19,-0.061,-0.017,-0.015,-0.017,94,71.9
"2025-03-07 05:30:00",10285,11.46,411,1,-0.023,-0.8,-0.13,-0.068,-0.013,-0.021,-0.017,108.5,71.52
"2025-03-07 06:00:00",10286,11.46,411,1,-0.027,-0.96,-0.19,-0.081,-0.018,-0.048,-0.017,109.9,70.44
"2025-03-07 06:30:00",10287,11.46,411,1,-0.016,-0.48,-0.19,-0.042,-0.017,0.023,-0.017,108.2,70.77
"2025-03-07 07:00:00",10288,11.45,411,1,-0.02,-0.68,-0.19,-0.058,-0.017,-0.021,-0.017,104.8,72.09
"2025-03-07 07:30:00",10289,11.45,411,1,-0.023,-0.79,-0.19,-0.067,-0.017,-0.035,-0.017,104.5,73.36
"2025-03-07 08:00:00",10290,11.45,411,1,-0.019,-0.68,-0.13,-0.058,-0.013,-0.014,-0.008,106.1,75.43
"2025-03-07 08:30:00",10291,11.45,411,1,-0.012,-0.49,0,-0.043,0,-0.01,0,102,76.63
"2025-03-07 09:00:00",10292,11.45,411,1,-0.004,-0.28,0.15,-0.026,0.012,0.022,0.016,109.9,76.27
"2025-03-07 09:30:00",10293,11.45,411,1,-0.006,-0.44,0.25,-0.039,0.021,0.02,0.025,109.4,75.01
"2025-03-07 10:00:00",10294,11.45,411,1,0.004,-0.1,0.41,-0.01,0.033,0.027,0.037,95.4,78.6
"2025-03-07 10:30:00",10295,11.45,411,1,0.002,-0.21,0.41,-0.02,0.033,0.038,0.041,109.9,76.46
"2025-03-07 11:00:00",10296,11.45,411,1,0.01,0,0.53,0,0.044,0.05,0.055,110,85.9
"2025-03-07 11:30:00",10297,11.45,411,1,0.007,-0.09,0.55,-0.01,0.045,0.05,0.052,109.9,79
"2025-03-07 12:00:00",10298,11.45,411,1,0.026,0.53,0.69,0.044,0.056,0.09,0.064,106.1,81.3
"2025-03-07 12:30:00",10299,11.45,411,1,0.018,0.2,0.7,0.017,0.058,0.071,0.069,109.7,80.3
"2025-03-07 13:00:00",10300,11.45,411,1,0.038,0.88,0.84,0.073,0.069,0.136,0.08,109.8,81.7
"2025-03-07 13:30:00",10301,11.45,411,1,0.059,1.51,1.12,0.125,0.093,0.235,0.114,109.9,86.6
"2025-03-07 14:00:00",10302,11.45,411,1,0.041,0.99,0.88,0.082,0.072,0.165,0.093,101.6,89.8
"2025-03-07 14:30:00",10303,11.45,411,1,0.061,1.72,0.98,0.142,0.081,0.276,0.089,109.9,77.95
"2025-03-07 15:00:00",10304,11.45,411,1,0.034,0.63,0.99,0.052,0.082,0.12,0.086,109.9,77.96
"2025-03-07 15:30:00",10305,11.45,411,1,0.034,0.59,1.02,0.048,0.084,0.123,0.096,109.8,78.89
"2025-03-07 16:00:00",10306,11.44,411,1,0.024,0.27,0.95,0.022,0.079,0.095,0.082,107.9,78.96
"2025-03-07 16:30:00",10307,11.44,411,1,0.021,0.22,0.85,0.018,0.07,0.083,0.07,102.8,75.43
"2025-03-07 17:00:00",10308,11.43,411,1,0.018,0.15,0.8,0.012,0.067,0.072,0.066,101.1,74.97
"2025-03-07 17:30:00",10309,11.43,411,1,0.004,-0.21,0.55,-0.019,0.045,0.041,0.045,96.4,73.76
"2025-03-07 18:00:00",10310,11.42,411,1,-0.005,-0.4,0.27,-0.034,0.023,0.026,0.022,106.6,71.42
"2025-03-07 18:30:00",10311,11.42,411,1,-0.011,-0.59,0.17,-0.051,0.014,-0.006,0.009,99.8,72.67
"2025-03-07 19:00:00",10312,11.41,411,1,-0.013,-0.52,0,-0.045,0,-0.005,0.004,105.6,71.72
"2025-03-07 19:30:00",10313,11.4,411,1,-0.013,-0.54,0,-0.046,0,0,0,106.4,74
"2025-03-07 20:00:00",10314,11.4,411,1,-0.021,-0.77,-0.09,-0.066,-0.009,-0.019,0,108.3,74.63
"2025-03-07 20:30:00",10315,11.39,411,1,-0.019,-0.69,-0.09,-0.059,-0.009,-0.009,-0.009,109.2,73.51
"2025-03-07 21:00:00",10316,11.39,411,1,-0.024,-0.84,-0.13,-0.072,-0.013,-0.029,-0.013,108.8,74.07
"2025-03-07 21:30:00",10317,11.38,411,1,-0.026,-0.91,-0.19,-0.078,-0.018,-0.035,-0.013,106.4,75.21
"2025-03-07 22:00:00",10318,11.38,411,1,-0.023,-0.79,-0.19,-0.067,-0.018,-0.03,-0.018,103.5,72.63
"2025-03-07 22:30:00",10319,11.37,411,1,-0.027,-0.93,-0.19,-0.079,-0.018,-0.03,-0.018,110,74.01
"2025-03-07 23:00:00",10320,11.37,411,1,-0.023,-0.73,-0.24,-0.063,-0.022,-0.01,-0.018,106.1,72.93
"2025-03-07 23:30:00",10321,11.37,411,1,-0.026,-0.86,-0.24,-0.073,-0.022,-0.035,-0.018,105,71.05
"2025-03-08 00:00:00",10322,11.36,411,1,-0.027,-0.87,-0.3,-0.074,-0.027,-0.036,-0.022,104.9,73.5
"2025-03-08 00:30:00",10323,11.36,411,1,-0.025,-0.87,-0.19,-0.074,-0.018,-0.025,-0.018,107.4,72.43
"2025-03-08 01:00:00",10324,11.35,411,1,-0.023,-0.79,-0.19,-0.067,-0.018,-0.035,-0.013,107.4,73
"2025-03-08 01:30:00",10325,11.35,411,1,-0.025,-0.87,-0.19,-0.074,-0.018,-0.045,-0.018,107.4,73.95
"2025-03-08 02:00:00",10326,11.34,411,1,-0.027,-0.91,-0.2,-0.077,-0.018,-0.032,-0.018,103.1,72.18
"2025-03-08 02:30:00",10327,11.34,411,1,-0.024,-0.75,-0.3,-0.063,-0.027,-0.026,-0.027,105.3,72.88
"2025-03-08 03:00:00",10328,11.34,411,1,-0.026,-0.84,-0.26,-0.072,-0.023,-0.038,-0.018,101.2,73.07
"2025-03-08 03:30:00",10329,11.33,411,1,-0.027,-0.87,-0.26,-0.075,-0.024,-0.034,-0.023,101.1,69.48
"2025-03-08 04:00:00",10330,11.32,411,1,-0.03,-1.01,-0.26,-0.085,-0.023,-0.051,-0.022,107.4,72.94
"2025-03-08 04:30:00",10331,11.31,411,1,-0.03,-1.01,-0.26,-0.086,-0.023,-0.046,-0.022,104.4,72.25
"2025-03-08 05:00:00",10332,11.31,411,1,-0.032,-1.04,-0.31,-0.089,-0.027,-0.053,-0.023,104.7,72.49
"2025-03-08 05:30:00",10333,11.31,411,1,-0.032,-1.01,-0.37,-0.086,-0.032,-0.051,-0.027,109.6,72.37
"2025-03-08 06:00:00",10334,11.3,411,1,-0.031,-1.04,-0.26,-0.088,-0.023,-0.052,-0.023,107.6,73.19
"2025-03-08 06:30:00",10335,11.3,411,1,-0.026,-0.83,-0.26,-0.07,-0.023,-0.031,-0.018,109.8,71.11
"2025-03-08 07:00:00",10336,11.29,411,1,-0.025,-0.77,-0.3,-0.066,-0.027,-0.029,-0.022,109.2,73.01
"2025-03-08 07:30:00",10337,11.28,411,1,-0.025,-0.8,-0.26,-0.068,-0.023,-0.03,-0.013,109.4,72.69
"2025-03-08 08:00:00",10338,11.28,411,1,-0.028,-0.96,-0.2,-0.081,-0.018,-0.036,-0.013,109,72.26
"2025-03-08 08:30:00",10339,11.28,411,1,-0.016,-0.62,-0.03,-0.053,-0.004,-0.012,0,109.9,77.49
"2025-03-08 09:00:00",10340,11.27,411,1,-0.004,-0.3,0.15,-0.026,0.013,0.027,0.017,110,79.32
"2025-03-08 09:30:00",10341,11.27,411,1,0.003,0,0.21,0,0.018,0.06,0.03,108.3,79.89
"2025-03-08 10:00:00",10342,11.27,411,1,0.005,-0.1,0.42,-0.011,0.035,0.056,0.043,109.8,81.7
"2025-03-08 10:30:00",10343,11.27,411,1,0.014,0.15,0.59,0.013,0.049,0.081,0.057,101.4,80.3
"2025-03-08 11:00:00",10344,11.27,411,1,0.013,0.07,0.64,0.006,0.054,0.076,0.062,109.9,78.71
"2025-03-08 11:30:00",10345,11.26,411,1,0.025,0.38,0.87,0.031,0.072,0.082,0.087,109.9,88.3
"2025-03-08 12:00:00",10346,11.26,411,1,0.027,0.38,0.98,0.031,0.081,0.085,0.092,109.7,84.1
"2025-03-08 12:30:00",10347,11.25,411,1,0.019,0.25,0.7,0.021,0.058,0.073,0.071,109.9,81.2
"2025-03-08 13:00:00",10348,11.25,411,1,0.061,1.58,1.16,0.131,0.096,0.191,0.133,110,94.2
"2025-03-08 13:30:00",10349,11.24,411,1,0.04,0.97,0.85,0.079,0.071,0.139,0.087,108.9,81.5
"2025-03-08 14:00:00",10350,11.23,411,1,0.064,1.65,1.22,0.137,0.101,0.22,0.134,109.9,95.6
"2025-03-08 14:30:00",10351,11.21,411,1,0.029,0.49,0.9,0.041,0.074,0.091,0.068,91.5,78.42
"2025-03-08 15:00:00",10352,11.18,411,1,0.034,0.52,1.13,0.043,0.094,0.115,0.102,109.3,77.4
"2025-03-08 15:30:00",10353,10.1,411,1,-0.08,-3.41,0.31,-0.283,0.026,-0.271,0.017,76.07,66.81
"2025-03-08 17:30:00",10354,9.15,411,1,0.005,-0.13,0.49,-0.013,0.041,0.047,0.04,92.5,72.39
"2025-03-08 18:00:00",10355,9.15,411,1,0.007,0,0.39,0,0.033,0.031,0.024,86.9,71.37
"2025-03-08 18:30:00",10356,9.15,411,1,-0.002,-0.24,0.2,-0.022,0.016,0.02,0.016,98.9,67.02
"2025-03-08 19:00:00",10357,9.14,411,1,-0.01,-0.48,0.1,-0.042,0.008,-0.009,0,89.9,75.64
"2025-03-08 19:30:00",10358,9.13,411,1,-0.014,-0.51,-0.07,-0.043,-0.008,0.01,-0.016,104,70.03
"2025-03-08 20:00:00",10359,9.12,411,1,-0.024,-0.89,-0.07,-0.076,-0.008,-0.01,-0.016,97.3,68.91
"2025-03-08 20:30:00",10360,9.11,411,1,-0.022,-0.82,-0.07,-0.069,-0.008,-0.027,-0.015,102.4,70.72
"2025-03-08 21:00:00",10361,9.1,411,1,-0.021,-0.69,-0.17,-0.059,-0.016,-0.009,-0.016,98.2,67.57
"2025-03-08 22:00:00",10362,9.26,411,1,-0.022,-0.76,-0.16,-0.065,-0.015,-0.026,-0.015,96.2,69.32
"2025-03-08 22:30:00",10363,9.22,411,1,-0.04,-1.39,-0.26,-0.117,-0.023,-0.055,-0.015,100.4,69.52
"2025-03-08 23:00:00",10364,9.15,411,1,-0.018,-0.59,-0.17,-0.051,-0.016,-0.018,-0.023,98,69.39
