"TOA5","CR300Series_311","CR300","3917","CR300.Std.11.00","CPU:CR300_sapflow.CR300","32345","Table1"
"TIMESTAMP","RECORD","BattV_Min","id","SDI0","SapFlwTot0","VhOuter0","VhInner0","AlphaOut0","AlphaIn0","BetaOut0","BetaIn0","tMaxTout0","tMaxTin0"
"TS","RN","Volts","","","literPerHour","heatVelocity","heatVelocity","logTRatio","logTRatio","logTRatio","logTRatio","second","second"
"","","Min","Smp","Smp","Smp","Smp","Smp","Smp","Smp","Smp","Smp","Smp","Smp"
"2025-02-18 12:00:00",11758,13.2,311,0,2.167,2.71,4.11,0.24,0.364,0.275,0.554,52.04,31.3
"2025-02-18 12:30:00",11759,13.04,311,0,2.086,2.49,4.08,0.22,0.361,0.269,0.56,50.47,31.21
"2025-02-18 13:00:00",11760,12.95,311,0,2.231,2.81,4.21,0.249,0.372,0.285,0.564,52.55,30.95
"2025-02-18 13:30:00",11761,12.92,311,0,2.269,2.9,4.24,0.257,0.375,0.292,0.567,51.89,31.12
"2025-02-18 14:00:00",11762,12.91,311,0,2.127,2.52,4.18,0.223,0.37,0.271,0.568,51.08,31
"2025-02-18 14:30:00",11763,12.91,311,0,2.143,2.55,4.2,0.225,0.372,0.27,0.567,51.36,31.27
"2025-02-18 15:00:00",11764,12.91,311,0,2.079,2.43,4.12,0.215,0.365,0.262,0.56,50.73,31.05
"2025-02-18 15:30:00",11765,12.91,311,0,2.111,2.42,4.23,0.214,0.374,0.261,0.567,50.52,31.01
"2025-02-18 16:00:00",11766,12.92,311,0,2.236,2.75,4.29,0.244,0.38,0.286,0.576,51.57,31.06
"2025-02-18 16:30:00",11767,12.92,311,0,2.239,2.74,4.31,0.242,0.381,0.289,0.574,50.64,30.97
"2025-02-18 17:00:00",11768,12.93,311,0,2.251,2.67,4.42,0.236,0.391,0.284,0.589,50.06,30.8
"2025-02-18 17:30:00",11769,12.93,311,0,2.312,2.8,4.48,0.248,0.397,0.298,0.593,49.94,31.1
"2025-02-18 18:00:00",11770,12.93,311,0,2.316,2.91,4.38,0.258,0.388,0.304,0.588,50.33,31.07
"2025-02-18 18:30:00",11771,12.93,311,0,2.325,2.81,4.51,0.249,0.399,0.292,0.592,50.07,30.97
"2025-02-18 19:00:00",11772,12.93,311,0,2.252,2.72,4.37,0.241,0.386,0.286,0.583,50.17,30.91
"2025-02-18 19:30:00",11773,12.92,311,0,2.16,2.66,4.14,0.235,0.366,0.282,0.57,49.99,30.3
"2025-02-18 20:00:00",11774,12.92,311,0,2.134,2.61,4.11,0.231,0.363,0.28,0.571,50.44,30.5
"2025-02-18 20:30:00",11775,12.92,311,0,2.135,2.66,4.06,0.235,0.359,0.281,0.562,50.6,30.66
"2025-02-18 21:00:00",11776,12.91,311,0,2.116,2.63,4.03,0.232,0.357,0.278,0.563,49.99,30.56
"2025-02-18 21:30:00",11777,12.91,311,0,2.074,2.55,3.98,0.225,0.353,0.273,0.56,50.76,31.23
"2025-02-18 22:00:00",11778,12.91,311,0,2.084,2.57,3.99,0.228,0.353,0.275,0.554,50.91,31.23
"2025-02-18 22:30:00",11779,12.91,311,0,2.068,2.59,3.92,0.229,0.347,0.274,0.551,51.25,30.46
"2025-02-18 23:00:00",11780,12.91,311,0,2.046,2.56,3.88,0.226,0.344,0.272,0.548,51.08,30.98
"2025-02-18 23:30:00",11781,12.91,311,0,2.081,2.61,3.94,0.231,0.348,0.277,0.556,50.09,31.39
"2025-02-19 00:00:00",11782,12.91,311,0,2.068,2.54,3.97,0.225,0.351,0.277,0.556,49.78,30.92
"2025-02-19 00:30:00",11783,12.91,311,0,2.071,2.56,3.96,0.227,0.35,0.276,0.556,50.37,30.52
"2025-02-19 01:00:00",11784,12.91,311,0,2.088,2.63,3.94,0.233,0.348,0.277,0.553,50.98,30.61
"2025-02-19 01:30:00",11785,12.91,311,0,1.936,2.56,3.53,0.227,0.312,0.273,0.528,50.57,30.88
"2025-02-19 02:00:00",11786,12.91,311,0,2.012,2.61,3.72,0.231,0.329,0.277,0.539,50.89,30.1
"2025-02-19 02:30:00",11787,12.91,311,0,1.951,2.5,3.64,0.221,0.322,0.274,0.53,50.52,29.84
"2025-02-19 03:00:00",11788,12.91,311,0,1.932,2.4,3.68,0.213,0.326,0.263,0.535,49.94,30.67
"2025-02-19 03:30:00",11789,12.91,311,0,2.019,2.62,3.73,0.232,0.33,0.279,0.539,50.58,30.31
"2025-02-19 04:00:00",11790,12.91,311,0,1.974,2.52,3.69,0.223,0.326,0.269,0.536,50.84,30.05
"2025-02-19 04:30:00",11791,12.91,311,0,1.958,2.49,3.67,0.22,0.325,0.27,0.538,50.88,30.77
"2025-02-19 05:00:00",11792,12.91,311,0,2.035,2.7,3.7,0.239,0.327,0.283,0.536,51.15,30.36
"2025-02-19 05:30:00",11793,12.91,311,0,2.022,2.65,3.71,0.234,0.328,0.282,0.538,50,30.72
"2025-02-19 06:00:00",11794,12.91,311,0,1.964,2.47,3.71,0.218,0.328,0.267,0.537,50.27,30.41
"2025-02-19 06:30:00",11795,12.91,311,0,1.97,2.51,3.69,0.222,0.326,0.27,0.534,50.78,30.4
"2025-02-19 07:00:00",11796,12.91,311,0,1.929,2.42,3.65,0.214,0.323,0.276,0.534,48.83,30.55
"2025-02-19 07:30:00",11797,12.91,311,0,1.881,2.31,3.61,0.204,0.32,0.255,0.531,50.3,29.93
"2025-02-19 08:00:00",11798,12.91,311,0,1.916,2.38,3.65,0.211,0.323,0.26,0.533,50.69,31.82
"2025-02-19 08:30:00",11799,12.91,311,0,1.974,2.54,3.67,0.224,0.324,0.269,0.527,51.14,30.62
"2025-02-19 09:00:00",11800,12.91,311,0,1.974,2.59,3.62,0.229,0.32,0.272,0.528,52.05,31.1
"2025-02-19 09:30:00",11801,12.91,311,0,1.919,2.41,3.63,0.213,0.322,0.261,0.531,51.25,29.74
"2025-02-19 10:00:00",11802,12.92,311,0,1.993,2.59,3.68,0.23,0.326,0.275,0.529,51.55,30.76
"2025-02-19 10:30:00",11803,12.92,311,0,2.054,2.72,3.74,0.241,0.331,0.283,0.536,51.04,30.52
"2025-02-19 11:00:00",11804,12.92,311,0,2.009,2.6,3.72,0.23,0.329,0.276,0.533,50.46,30.77
"2025-02-19 11:30:00",11805,12.92,311,0,1.909,2.37,3.64,0.21,0.323,0.262,0.531,50.15,30.88
"2025-02-19 12:00:00",11806,12.92,311,0,1.996,2.57,3.71,0.227,0.329,0.279,0.536,50.56,30.72
"2025-02-19 12:30:00",11807,12.92,311,0,1.97,2.5,3.7,0.221,0.327,0.271,0.538,50.83,30.72
"2025-02-19 13:00:00",11808,12.92,311,0,2.018,2.61,3.74,0.231,0.331,0.277,0.535,51.4,30.46
"2025-02-19 13:30:00",11809,12.92,311,0,1.941,2.41,3.7,0.213,0.328,0.265,0.539,50.09,30.82
"2025-02-19 14:00:00",11810,12.92,311,0,1.977,2.54,3.68,0.224,0.326,0.272,0.533,50.83,30.46
"2025-02-19 14:30:00",11811,12.92,311,0,1.484,1.53,3.15,0.135,0.279,0.185,0.519,47.85,29.26
"2025-02-19 15:00:00",11812,12.92,311,0,1.898,2.49,3.48,0.22,0.308,0.249,0.549,53,28.74
"2025-02-19 15:30:00",11813,12.92,311,0,1.95,2.68,3.45,0.237,0.306,0.266,0.548,53.21,28.94
"2025-02-19 16:00:00",11814,12.92,311,0,2.027,2.85,3.52,0.252,0.312,0.285,0.557,52.07,28.48
"2025-02-19 16:30:00",11815,12.92,311,0,1.992,2.8,3.46,0.248,0.306,0.276,0.553,53.4,28.28
"2025-02-19 17:00:00",11816,12.92,311,0,1.869,2.74,3.13,0.243,0.277,0.272,0.547,51.15,27.96
"2025-02-19 17:30:00",11817,12.92,311,0,2.095,2.99,3.59,0.265,0.317,0.288,0.581,54.69,27.49
"2025-02-19 18:00:00",11818,12.91,311,0,1.998,2.78,3.5,0.246,0.31,0.28,0.576,53.12,27.18
"2025-02-19 18:30:00",11819,12.91,311,0,1.961,2.81,3.35,0.249,0.297,0.28,0.574,53.81,26.61
"2025-02-19 19:00:00",11820,12.91,311,0,1.873,2.51,3.38,0.223,0.299,0.251,0.567,54.06,27.55
"2025-02-19 19:30:00",11821,12.91,311,0,1.959,2.64,3.52,0.233,0.311,0.26,0.576,54.44,26.41
"2025-02-19 20:00:00",11822,12.91,311,0,2.1,2.93,3.67,0.26,0.325,0.288,0.604,53.17,26.66
"2025-02-19 20:30:00",11823,12.91,311,0,1.988,2.68,3.57,0.237,0.316,0.267,0.589,54.3,26.86
"2025-02-19 21:00:00",11824,12.91,311,0,1.939,2.54,3.56,0.224,0.315,0.251,0.586,52.38,26.44
"2025-02-19 21:30:00",11825,12.91,311,0,1.978,2.68,3.54,0.237,0.314,0.264,0.591,52.85,26.35
"2025-02-19 22:00:00",11826,12.91,311,0,1.978,2.66,3.56,0.235,0.315,0.262,0.586,55.05,26.45
"2025-02-19 22:30:00",11827,12.91,311,0,1.992,2.73,3.53,0.242,0.313,-99,0.577,54.64,26.19
"2025-02-19 23:00:00",11828,12.91,311,0,1.979,2.71,3.51,0.24,0.311,-99,0.588,55.16,25.46
"2025-02-19 23:30:00",11829,12.91,311,0,2.048,2.73,3.71,0.242,0.328,0.269,0.602,53.17,25.72
"2025-02-20 00:00:00",11830,12.91,311,0,1.965,2.62,3.56,0.232,0.315,-99,0.58,55.88,25.61
"2025-02-20 00:30:00",11831,12.91,311,0,1.965,2.6,3.58,0.23,0.317,-99,0.603,53.98,25.14
"2025-02-20 01:00:00",11832,12.91,311,0,2.058,2.75,3.72,0.243,0.329,0.271,0.636,52.53,23.53
"2025-02-20 01:30:00",11833,12.91,311,0,2.115,2.85,3.8,0.252,0.336,0.28,0.623,53.85,24.57
"2025-02-20 02:00:00",11834,12.91,311,0,2.01,2.7,3.62,0.239,0.321,-99,0.597,55.4,24.88
"2025-02-20 02:30:00",11835,12.91,311,0,1.988,2.7,3.55,0.239,0.314,-99,0.595,55.64,25.1
"2025-02-20 03:00:00",11836,12.91,311,0,2.089,2.76,3.81,0.244,0.337,-99,0.637,53.92,23.81
"2025-02-20 03:30:00",11837,12.91,311,0,2.203,2.89,4.04,0.256,0.358,0.282,0.667,54.16,23.22
"2025-02-20 04:00:00",11838,12.91,311,0,2.049,2.8,3.64,0.248,0.322,0.28,0.644,54.48,23.69
"2025-02-20 04:30:00",11839,12.91,311,0,2.009,2.65,3.67,0.235,0.324,-99,0.611,53.03,24.16
"2025-02-20 05:00:00",11840,12.91,311,0,2.073,2.75,3.77,0.243,0.334,-99,0.596,53.91,24.89
"2025-02-20 05:30:00",11841,12.91,311,0,1.959,2.64,3.52,0.234,0.311,-99,0.583,54.87,25.32
"2025-02-20 06:00:00",11842,12.91,311,0,2.032,2.75,3.64,0.243,0.322,-99,0.586,55.74,24.79
"2025-02-20 06:30:00",11843,12.91,311,0,1.93,2.5,3.57,0.221,0.316,-99,0.585,54.07,25.36
"2025-02-20 07:00:00",11844,12.91,311,0,2.249,2.75,4.33,0.244,0.383,0.271,0.648,53.56,24.69
"2025-02-20 07:30:00",11845,12.91,311,0,1.987,2.63,3.62,0.233,0.32,-99,0.608,56.58,23.8
"2025-02-20 08:00:00",11846,12.91,311,0,1.829,2.52,3.23,0.223,0.286,-99,0.579,53.45,23.33
"2025-02-20 08:30:00",11847,12.91,311,0,1.813,2.77,2.92,0.245,0.258,0.278,0.613,52.72,22.19
"2025-02-20 09:00:00",11848,12.91,311,0,1.952,2.81,3.32,0.249,0.294,0.29,0.649,49.31,22.12
"2025-02-20 09:30:00",11849,12.91,311,0,1.933,2.5,3.58,0.222,0.317,0.265,0.674,49.6,22.01
"2025-02-20 10:00:00",11850,12.91,311,0,1.991,2.66,3.6,0.236,0.318,0.279,0.672,49.39,21.96
"2025-02-20 10:30:00",11851,12.92,311,0,1.938,2.71,3.38,0.24,0.3,-99,0.641,51.52,22.27
"2025-02-20 11:00:00",11852,12.92,311,0,1.789,2.56,3.06,0.227,0.27,0.279,0.664,47.35,21.69
"2025-02-20 11:30:00",11853,12.92,311,0,1.851,2.76,3.05,0.245,0.27,0.311,0.696,45.79,21.27
"2025-02-20 12:00:00",11854,12.92,311,0,1.627,2.38,2.73,0.211,0.242,0.29,0.711,42.63,20.87
"2025-02-20 12:30:00",11855,12.93,311,0,1.816,3,2.69,0.265,0.238,0.359,0.769,41.52,19.92
"2025-02-20 13:00:00",11856,12.93,311,0,2.251,4.17,2.87,0.369,0.254,0.467,0.803,40.4,19.72
"2025-02-20 13:30:00",11857,12.93,311,0,2.248,3.89,3.15,0.344,0.279,0.474,0.818,41.05,19.71
"2025-02-20 14:00:00",11858,12.94,311,0,2.649,4.77,3.52,0.422,0.311,0.537,0.862,38.59,20.02
"2025-02-20 14:30:00",11859,12.94,311,0,2.714,4.62,3.88,0.409,0.344,0.516,0.881,39.77,19.82
"2025-02-20 15:00:00",11860,12.94,311,0,2.666,4.3,4.06,0.381,0.36,0.465,0.899,39.81,19.87
"2025-02-20 15:30:00",11861,12.94,311,0,2.61,3.96,4.23,0.35,0.374,0.442,0.912,39.04,20.45
"2025-02-20 16:00:00",11862,12.94,311,0,2.594,3.99,4.15,0.353,0.368,0.449,0.896,41.74,20.65
"2025-02-20 16:30:00",11863,12.94,311,0,2.608,4.08,4.1,0.361,0.362,0.447,0.888,41.65,20.71
"2025-02-20 17:00:00",11864,12.94,311,0,2.168,3.15,3.66,0.279,0.324,0.376,0.841,41.42,21.33
"2025-02-20 17:30:00",11865,12.94,311,0,2.028,2.91,3.46,0.258,0.306,0.321,0.747,47.85,20.82
"2025-02-20 18:00:00",11866,12.94,311,0,2.03,2.78,3.6,0.246,0.319,0.282,0.693,50.33,21.91
"2025-02-20 18:30:00",11867,12.93,311,0,2.136,3.06,3.65,0.27,0.323,0.314,0.666,49.65,22.06
"2025-02-20 19:00:00",11868,12.93,311,0,2.078,2.88,3.65,0.255,0.323,0.283,0.647,52.52,22.69
"2025-02-20 19:30:00",11869,12.92,311,0,2.023,2.74,3.62,0.242,0.32,0.274,0.668,51.04,22.6
"2025-02-20 20:00:00",11870,12.92,311,0,2.128,2.88,3.81,0.255,0.337,0.283,0.677,52.78,21.86
"2025-02-20 20:30:00",11871,12.92,311,0,2.061,2.81,3.67,0.249,0.325,0.272,0.688,52.69,22.17
"2025-02-20 21:00:00",11872,12.91,311,0,2.123,2.7,3.98,0.239,0.352,0.287,0.721,49.81,21.54
"2025-02-20 21:30:00",11873,12.91,311,0,2.048,2.78,3.66,0.246,0.324,0.28,0.656,51.12,23.1
"2025-02-20 22:00:00",11874,12.91,311,0,2.11,2.95,3.68,0.261,0.325,0.29,0.652,53.35,23.1
"2025-02-20 22:30:00",11875,12.91,311,0,1.957,2.4,3.76,0.212,0.333,0.256,0.669,51.33,22.48
"2025-02-20 23:00:00",11876,12.91,311,0,2.093,2.88,3.7,0.254,0.327,0.276,0.652,52.06,21.7
"2025-02-20 23:30:00",11877,12.9,311,0,2.051,2.75,3.7,0.243,0.328,0.271,0.624,52.47,22.22
"2025-02-21 00:00:00",11878,12.9,311,0,2.128,2.85,3.84,0.252,0.34,0.277,0.622,55.16,22.42
"2025-02-21 00:30:00",11879,12.9,311,0,2.023,2.72,3.64,0.241,0.322,-99,0.605,53.35,22.69
"2025-02-21 01:00:00",11880,12.9,311,0,2.086,2.73,3.83,0.242,0.339,-99,0.649,54.39,22.21
"2025-02-21 01:30:00",11881,12.9,311,0,2.069,2.68,3.83,0.237,0.339,0.265,0.645,54.97,21.8
"2025-02-21 02:00:00",11882,12.9,311,0,2.09,2.84,3.73,0.252,0.331,-99,0.621,55.79,22.21
"2025-02-21 02:30:00",11883,12.9,311,0,2.016,2.69,3.65,0.238,0.323,0.267,0.611,54.49,22.32
"2025-02-21 03:00:00",11884,12.9,311,0,2.007,2.7,3.61,0.239,0.32,0.269,0.607,54.15,22.53
"2025-02-21 03:30:00",11885,12.9,311,0,2.042,2.72,3.7,0.241,0.327,-99,0.625,55.07,22.32
"2025-02-21 04:00:00",11886,12.9,311,0,2,2.69,3.6,0.238,0.319,0.26,0.6,56.03,23.01
"2025-02-21 04:30:00",11887,12.89,311,0,2.044,2.65,3.78,0.235,0.335,0.263,0.655,53.83,20.81
"2025-02-21 05:00:00",11888,12.89,311,0,2.152,2.83,3.94,0.251,0.348,0.272,0.643,53.47,21.97
"2025-02-21 05:30:00",11889,12.89,311,0,2.004,2.71,3.59,0.24,0.318,0.265,0.604,55,22.39
"2025-02-21 06:00:00",11890,12.89,311,0,1.978,2.59,3.63,0.229,0.321,0.254,0.594,54.11,22.75
"2025-02-21 06:30:00",11891,12.89,311,0,1.971,2.6,3.6,0.231,0.319,0.258,0.595,54.57,22.38
"2025-02-21 07:00:00",11892,12.89,311,0,1.953,2.6,3.54,0.23,0.313,0.253,0.607,54.61,22.58
"2025-02-21 07:30:00",11893,12.89,311,0,2.035,2.66,3.74,0.236,0.331,-99,0.628,56.39,21.45
"2025-02-21 08:00:00",11894,12.89,311,0,2.004,2.69,3.61,0.238,0.319,-99,0.651,54.24,21.39
"2025-02-21 08:30:00",11895,12.89,311,0,2.02,2.78,3.57,0.246,0.316,-99,0.693,52.21,20.03
"2025-02-21 09:00:00",11896,12.89,311,0,2.013,2.73,3.6,0.241,0.318,-99,0.744,50.07,18.99
"2025-02-21 09:30:00",11897,12.89,311,0,1.986,2.83,3.41,0.251,0.302,0.309,0.828,46.2,17.94
"2025-02-21 10:00:00",11898,12.9,311,0,2.747,4.82,3.78,0.427,0.335,0.516,0.923,41.68,17.42
"2025-02-21 10:30:00",11899,12.9,311,0,2.724,4.07,4.48,0.36,0.396,0.477,0.982,38.74,17.15
"2025-02-21 11:00:00",11900,12.91,311,0,40.27,3.78,124.5,0.334,0.493,0.417,1.062,40.27,17.26
"2025-02-21 11:30:00",11901,12.92,311,0,40.15,3.34,124.6,0.295,0.537,0.384,1.088,41.09,17.26
"2025-02-21 12:00:00",11902,12.93,311,0,38.73,3.22,120.2,0.285,0.59,0.368,1.109,43.64,17.73
"2025-02-21 12:30:00",11903,12.93,311,0,38.18,3,118.7,0.266,0.586,0.346,1.122,42.83,17.89
"2025-02-21 13:00:00",11904,12.93,311,0,36.36,3.06,112.8,0.271,0.588,0.343,1.089,42.27,18.57
"2025-02-21 13:30:00",11905,12.93,311,0,33.79,2.82,104.9,0.25,0.61,0.324,1.093,45.75,19.59
"2025-02-21 14:00:00",11906,12.93,311,0,32.42,2.65,100.7,0.234,0.604,0.307,1.052,45.51,20.17
"2025-02-21 14:30:00",11907,12.94,311,0,30.63,2.75,94.8,0.243,0.591,0.308,1.007,46.28,21.05
"2025-02-21 15:00:00",11908,12.94,311,0,2.958,2.75,6.59,0.243,0.583,0.306,0.977,46.57,22.34
"2025-02-21 15:30:00",11909,12.94,311,0,2.774,2.58,6.18,0.229,0.547,0.291,0.918,48,23.34
"2025-02-21 16:00:00",11910,12.94,311,0,2.667,2.58,5.84,0.229,0.517,0.289,0.854,48.38,23.72
"2025-02-21 16:30:00",11911,12.94,311,0,2.652,2.61,5.76,0.231,0.51,0.291,0.823,47.91,24.34
"2025-02-21 17:00:00",11912,12.94,311,0,2.593,2.64,5.54,0.234,0.49,0.293,0.799,48.18,25.18
"2025-02-21 17:30:00",11913,12.94,311,0,2.583,2.58,5.57,0.229,0.493,0.289,0.786,48.54,25.38
"2025-02-21 18:00:00",11914,12.93,311,0,2.57,2.57,5.54,0.228,0.491,0.289,0.786,48.1,25.66
"2025-02-21 18:30:00",11915,12.93,311,0,2.586,2.56,5.6,0.226,0.496,0.286,0.797,48.71,25.44
"2025-02-21 19:00:00",11916,12.92,311,0,2.569,2.52,5.59,0.223,0.495,0.283,0.805,47.8,25.04
"2025-02-21 19:30:00",11917,12.92,311,0,2.525,2.51,5.46,0.222,0.483,0.282,0.801,48.58,24.88
"2025-02-21 20:00:00",11918,12.91,311,0,2.545,2.59,5.44,0.229,0.481,0.287,0.801,49.02,24.76
"2025-02-21 20:30:00",11919,12.91,311,0,2.476,2.55,5.26,0.225,0.466,0.284,0.786,49.04,24.93
"2025-02-21 21:00:00",11920,12.9,311,0,2.453,2.52,5.22,0.223,0.462,0.283,0.786,48.99,24.88
"2025-02-21 21:30:00",11921,12.9,311,0,2.42,2.6,5.03,0.23,0.445,0.291,0.773,48.37,24.78
"2025-02-21 22:00:00",11922,12.9,311,0,2.331,2.5,4.85,0.221,0.429,0.285,0.774,48.21,24.52
"2025-02-21 22:30:00",11923,12.9,311,0,2.255,2.47,4.64,0.219,0.41,0.278,0.753,48.87,25.18
"2025-02-21 23:00:00",11924,12.89,311,0,2.294,2.61,4.62,0.231,0.409,0.296,0.758,47.09,24.66
"2025-02-21 23:30:00",11925,12.89,311,0,2.216,2.64,4.34,0.234,0.384,0.306,0.784,46.04,22.34
"2025-02-22 00:00:00",11926,12.89,311,0,2.321,2.73,4.58,0.242,0.405,0.312,0.806,45.31,21.86
"2025-02-22 00:30:00",11927,12.89,311,0,2.169,2.61,4.22,0.231,0.373,0.311,0.809,44.73,21.29
"2025-02-22 01:00:00",11928,12.88,311,0,2.384,2.77,4.74,0.245,0.42,0.313,0.812,46.03,21.19
"2025-02-22 01:30:00",11929,12.88,311,0,2.015,2.84,3.49,0.252,0.309,0.301,0.789,49.11,20.25
"2025-02-22 02:00:00",11930,12.88,311,0,2.258,3,4.1,0.265,0.363,0.3,0.805,50.26,20.57
"2025-02-22 02:30:00",11931,12.88,311,0,2.428,3.09,4.55,0.273,0.403,0.306,0.854,51.25,20.31
"2025-02-22 03:00:00",11932,12.88,311,0,2.125,2.91,3.77,0.258,0.334,0.292,0.796,50.37,19.84
"2025-02-22 03:30:00",11933,12.87,311,0,2.127,2.76,3.93,0.244,0.348,-99,0.806,50.99,20.2
"2025-02-22 04:00:00",11934,12.87,311,0,1.717,2.52,2.87,0.223,0.254,0.262,0.757,52.55,19.26
"2025-02-22 04:30:00",11935,12.87,311,0,2.152,3.07,3.69,0.272,0.327,0.299,0.755,53.15,19.84
"2025-02-22 05:00:00",11936,12.87,311,0,2.276,2.95,4.21,0.261,0.373,0.283,0.775,52.62,20
"2025-02-22 05:30:00",11937,12.86,311,0,2.251,2.93,4.15,0.26,0.368,0.284,0.748,52.3,20.51
"2025-02-22 06:00:00",11938,12.86,311,0,2.117,2.77,3.89,0.245,0.345,0.27,0.717,55.39,20.68
"2025-02-22 06:30:00",11939,12.86,311,0,2.194,2.95,3.95,0.261,0.35,0.286,0.723,54.86,20.73
"2025-02-22 07:00:00",11940,12.86,311,0,2.048,2.77,3.67,0.245,0.325,-99,0.663,55.29,21.15
"2025-02-22 07:30:00",11941,12.85,311,0,2.077,2.78,3.75,0.246,0.332,-99,0.665,56.82,21.26
"2025-02-22 08:00:00",11942,12.85,311,0,1.991,2.64,3.62,0.234,0.321,-99,0.665,55.92,20.78
"2025-02-22 08:30:00",11943,12.85,311,0,1.975,2.68,3.53,0.237,0.313,-99,0.701,54.71,20.42
"2025-02-22 09:00:00",11944,12.85,311,0,1.914,2.51,3.51,0.222,0.311,-99,0.764,48.84,19.31
"2025-02-22 09:30:00",11945,12.85,311,0,2.195,3.27,3.62,0.289,0.32,0.362,0.865,43.31,17.95
"2025-02-22 10:00:00",11946,12.86,311,0,2.544,4.01,3.97,0.355,0.352,0.467,0.948,38.66,17.89
"2025-02-22 10:30:00",11947,12.87,311,0,38.61,3.44,119.6,0.305,0.451,0.402,1.028,40.95,17.79
"2025-02-22 11:00:00",11948,12.88,311,0,38.42,3.2,119.2,0.283,0.507,0.37,1.085,42.33,17.83
"2025-02-22 11:30:00",11949,12.9,311,0,37.22,3.02,115.6,0.267,0.572,0.348,1.111,43.88,18.24
"2025-02-22 12:00:00",11950,12.9,311,0,35.56,2.92,110.4,0.259,0.605,0.334,1.09,45.19,18.87
"2025-02-22 12:30:00",11951,12.9,311,0,33.08,2.85,102.6,0.252,0.593,0.322,1.054,45.4,19.91
"2025-02-22 13:00:00",11952,12.91,311,0,30.99,2.61,96.1,0.231,0.577,0.299,1.009,45.92,20.85
"2025-02-22 13:30:00",11953,12.91,311,0,2.799,2.54,6.3,0.225,0.557,0.291,0.966,47.42,21.78
"2025-02-22 14:00:00",11954,12.91,311,0,2.696,2.6,5.91,0.231,0.523,0.296,0.888,47.31,23.07
"2025-02-22 14:30:00",11955,12.91,311,0,2.652,2.61,5.76,0.231,0.51,0.286,0.825,48.58,25.32
"2025-02-22 15:00:00",11956,12.91,311,0,2.558,2.65,5.42,0.234,0.48,0.292,0.778,48.38,25.64
"2025-02-22 15:30:00",11957,12.91,311,0,2.451,2.55,5.18,0.225,0.458,0.28,0.736,49.54,26.37
"2025-02-22 16:00:00",11958,12.91,311,0,2.417,2.65,4.97,0.234,0.44,0.296,0.714,48.96,27.21
"2025-02-22 16:30:00",11959,12.91,311,0,2.335,2.56,4.8,0.226,0.425,0.281,0.69,48.96,27.21
"2025-02-22 17:00:00",11960,12.91,311,0,2.29,2.52,4.7,0.223,0.416,0.281,0.681,48.75,27.68
"2025-02-22 17:30:00",11961,12.91,311,0,2.285,2.57,4.63,0.227,0.409,0.283,0.668,49.54,27.36
"2025-02-22 18:00:00",11962,12.91,311,0,2.269,2.54,4.61,0.224,0.408,0.281,0.662,49.19,27.58
"2025-02-22 18:30:00",11963,12.9,311,0,2.256,2.5,4.61,0.221,0.408,0.276,0.66,50.48,27.48
"2025-02-22 19:00:00",11964,12.9,311,0,2.256,2.51,4.6,0.222,0.407,0.276,0.662,49.39,27.63
"2025-02-22 19:30:00",11965,12.89,311,0,2.246,2.48,4.6,0.22,0.407,0.275,0.657,49.09,27.74
"2025-02-22 20:00:00",11966,12.89,311,0,2.234,2.5,4.54,0.221,0.402,0.277,0.654,48.7,27.78
"2025-02-22 20:30:00",11967,12.89,311,0,2.25,2.52,4.57,0.223,0.404,0.28,0.649,50.23,28.32
"2025-02-22 21:00:00",11968,12.89,311,0,2.234,2.49,4.55,0.22,0.403,0.276,0.649,49.6,28.41
"2025-02-22 21:30:00",11969,12.88,311,0,2.256,2.53,4.58,0.224,0.405,0.278,0.651,49.11,28.33
"2025-02-22 22:00:00",11970,12.88,311,0,2.25,2.54,4.55,0.224,0.403,0.281,0.647,49.15,28.47
"2025-02-22 22:30:00",11971,12.88,311,0,2.265,2.52,4.62,0.223,0.409,0.28,0.659,49.19,28.1
"2025-02-22 23:00:00",11972,12.88,311,0,2.309,2.55,4.73,0.226,0.419,0.281,0.668,49.47,28.27
"2025-02-22 23:30:00",11973,12.87,311,0,2.309,2.53,4.75,0.224,0.42,0.279,0.676,49.52,27.33
"2025-02-23 00:00:00",11974,12.87,311,0,2.288,2.55,4.66,0.226,0.412,0.279,0.679,49.33,27.13
"2025-02-23 00:30:00",11975,12.87,311,0,2.263,2.56,4.57,0.226,0.404,0.282,0.672,48.34,26.98
"2025-02-23 01:00:00",11976,12.87,311,0,2.237,2.52,4.53,0.223,0.401,0.281,0.672,49.45,27.27
"2025-02-23 01:30:00",11977,12.86,311,0,2.177,2.51,4.35,0.222,0.385,0.28,0.662,49.38,27.21
"2025-02-23 02:00:00",11978,12.86,311,0,2.162,2.5,4.31,0.221,0.381,0.276,0.658,49.17,27.42
"2025-02-23 02:30:00",11979,12.86,311,0,2.156,2.53,4.26,0.224,0.377,0.28,0.655,49.5,26.91
"2025-02-23 03:00:00",11980,12.85,311,0,2.143,2.53,4.22,0.224,0.373,0.276,0.655,49.07,27.31
"2025-02-23 03:30:00",11981,12.86,311,0,2.118,2.54,4.13,0.224,0.366,0.28,0.643,49.32,26.73
"2025-02-23 04:00:00",11982,12.85,311,0,2.084,2.56,4,0.227,0.354,0.277,0.636,49.21,27.87
"2025-02-23 04:30:00",11983,12.85,311,0,1.963,2.44,3.74,0.216,0.331,0.276,0.625,48.01,26.67
"2025-02-23 05:00:00",11984,12.85,311,0,2.052,2.55,3.91,0.226,0.346,0.284,0.637,47.86,26.92
"2025-02-23 05:30:00",11985,12.85,311,0,1.91,2.4,3.61,0.213,0.32,0.281,0.651,46.8,25.45
"2025-02-23 06:00:00",11986,12.85,311,0,2.122,2.63,4.05,0.232,0.358,0.301,0.678,46.84,25.08
"2025-02-23 06:30:00",11987,12.85,311,0,2.135,2.65,4.07,0.235,0.36,0.303,0.695,45.85,24.24
"2025-02-23 07:00:00",11988,12.85,311,0,2.065,2.54,3.96,0.225,0.351,0.293,0.712,46.58,23.15
"2025-02-23 07:30:00",11989,12.85,311,0,1.973,2.49,3.72,0.22,0.329,0.291,0.704,46.59,23.42
"2025-02-23 08:00:00",11990,12.85,311,0,2.075,2.58,3.95,0.228,0.349,0.294,0.728,46.63,22.63
"2025-02-23 08:30:00",11991,12.84,311,0,1.944,2.43,3.69,0.215,0.327,0.298,0.825,44.13,21.12
"2025-02-23 09:00:00",11992,12.85,311,0,2.765,2.66,6.07,0.235,0.537,0.3,0.896,47.03,23.46
"2025-02-23 09:30:00",11993,12.85,311,0,2.344,2.52,4.87,0.223,0.431,0.261,0.69,51.76,27.51
"2025-02-23 10:00:00",11994,12.85,311,0,2.227,2.42,4.6,0.214,0.407,0.27,0.649,50.24,28.23
"2025-02-23 10:30:00",11995,12.87,311,0,2.219,2.57,4.42,0.227,0.391,0.275,0.62,50.29,28.98
"2025-02-23 11:00:00",11996,12.87,311,0,2.088,2.33,4.25,0.206,0.376,0.263,0.596,49.51,28.88
"2025-02-23 11:30:00",11997,12.88,311,0,2.173,2.7,4.14,0.239,0.367,0.286,0.578,50.05,29.99
"2025-02-23 12:00:00",11998,12.89,311,0,2.184,2.83,4.04,0.25,0.358,0.292,0.568,51.19,30.14
"2025-02-23 12:30:00",11999,12.89,311,0,2.136,2.76,3.96,0.244,0.351,0.291,0.562,49.84,30.35
"2025-02-23 13:00:00",12000,12.89,311,0,2.094,2.63,3.96,0.232,0.35,0.279,0.56,49.62,30.13
"2025-02-23 13:30:00",12001,12.89,311,0,2.069,2.62,3.89,0.232,0.344,0.276,0.557,50.65,30.33
"2025-02-23 14:00:00",12002,12.89,311,0,2.174,2.81,4.03,0.248,0.357,0.291,0.569,50.71,30.23
"2025-02-23 14:30:00",12003,12.89,311,0,2.12,2.7,3.97,0.239,0.351,0.282,0.563,50.4,30.19
"2025-02-23 15:00:00",12004,12.89,311,0,2.116,2.65,4.01,0.235,0.355,0.288,0.566,49.78,30.13
"2025-02-23 15:30:00",12005,12.89,311,0,2.087,2.55,4.02,0.225,0.356,0.276,0.567,50.26,30.35
"2025-02-23 16:00:00",12006,12.89,311,0,2.145,2.71,4.04,0.24,0.358,0.289,0.57,51.28,30.36
"2025-02-23 16:30:00",12007,12.9,311,0,2.199,2.76,4.16,0.244,0.368,0.298,0.585,49.28,30.05
"2025-02-23 17:00:00",12008,12.9,311,0,2.176,2.68,4.17,0.237,0.369,0.295,0.583,48.36,29.53
"2025-02-23 17:30:00",12009,12.89,311,0,2.192,2.7,4.2,0.239,0.372,0.295,0.591,49.37,30.12
"2025-02-23 18:00:00",12010,12.89,311,0,2.214,2.76,4.21,0.245,0.373,0.296,0.584,49.85,30.44
"2025-02-23 18:30:00",12011,12.89,311,0,2.166,2.67,4.15,0.237,0.367,0.291,0.58,49.45,30.6
"2025-02-23 19:00:00",12012,12.88,311,0,2.135,2.64,4.08,0.234,0.361,0.286,0.573,49.96,29.71
"2025-02-23 19:30:00",12013,12.88,311,0,2.109,2.61,4.03,0.231,0.357,0.286,0.57,49.96,30.12
"2025-02-23 20:00:00",12014,12.87,311,0,2.078,2.59,3.95,0.229,0.349,0.282,0.569,49.93,30.24
"2025-02-23 20:30:00",12015,12.86,311,0,2.091,2.61,3.97,0.231,0.352,0.281,0.567,49.72,29.77
"2025-02-23 21:00:00",12016,12.86,311,0,2.068,2.59,3.92,0.229,0.347,0.279,0.568,49.7,30.29
"2025-02-23 21:30:00",12017,12.85,311,0,2.053,2.61,3.85,0.231,0.341,0.282,0.562,50.48,30.54
"2025-02-23 22:00:00",12018,12.85,311,0,2.05,2.62,3.83,0.232,0.339,0.283,0.559,50.22,30.12
"2025-02-23 22:30:00",12019,12.85,311,0,2.037,2.58,3.83,0.228,0.339,0.278,0.559,49.87,30.19
"2025-02-23 23:00:00",12020,12.84,311,0,2.018,2.52,3.83,0.223,0.339,0.275,0.557,50.56,29.88
"2025-02-23 23:30:00",12021,12.84,311,0,2.021,2.54,3.82,0.225,0.338,0.277,0.558,49.44,29.76
"2025-02-24 00:00:00",12022,12.84,311,0,2.027,2.55,3.83,0.225,0.339,0.279,0.56,50.3,29.94
"2025-02-24 00:30:00",12023,12.84,311,0,2.037,2.57,3.84,0.227,0.34,0.279,0.561,49.56,29.88
"2025-02-24 01:00:00",12024,12.84,311,0,2.018,2.55,3.8,0.225,0.336,0.277,0.56,48.95,30.09
"2025-02-24 01:30:00",12025,12.83,311,0,2.018,2.57,3.78,0.227,0.334,0.279,0.558,50.21,29.69
"2025-02-24 02:00:00",12026,12.83,311,0,2.024,2.57,3.8,0.228,0.336,0.277,0.558,50.2,29.67
"2025-02-24 02:30:00",12027,12.83,311,0,1.999,2.52,3.77,0.223,0.334,0.273,0.55,49.72,30.45
"2025-02-24 03:00:00",12028,12.83,311,0,2.012,2.58,3.75,0.228,0.332,0.278,0.556,49.01,29.74
"2025-02-24 03:30:00",12029,12.83,311,0,1.983,2.48,3.76,0.22,0.333,0.274,0.554,49.94,29.83
"2025-02-24 04:00:00",12030,12.83,311,0,1.996,2.55,3.73,0.225,0.33,0.277,0.554,49.87,29.61
"2025-02-24 04:30:00",12031,12.82,311,0,2.012,2.57,3.76,0.227,0.333,0.277,0.558,49.36,30.09
"2025-02-24 05:00:00",12032,12.83,311,0,2.009,2.56,3.76,0.226,0.333,0.278,0.558,50,29.73
"2025-02-24 05:30:00",12033,12.82,311,0,2.015,2.54,3.8,0.224,0.336,0.278,0.556,49.74,29.89
"2025-02-24 06:00:00",12034,12.82,311,0,2.024,2.58,3.79,0.228,0.335,0.278,0.556,50.21,30.1
"2025-02-24 06:30:00",12035,12.82,311,0,2.018,2.58,3.77,0.228,0.334,0.277,0.557,49.02,29.74
"2025-02-24 07:00:00",12036,12.82,311,0,2.015,2.55,3.79,0.226,0.335,0.277,0.556,50.04,30.35
"2025-02-24 07:30:00",12037,12.82,311,0,1.954,2.48,3.67,0.22,0.324,0.268,0.546,49.91,29.82
"2025-02-24 08:00:00",12038,12.82,311,0,1.922,2.42,3.63,0.214,0.321,0.263,0.542,50.5,30.14
"2025-02-24 08:30:00",12039,12.81,311,0,1.894,2.38,3.58,0.211,0.317,0.252,0.535,51.49,30.4
"2025-02-24 09:00:00",12040,12.82,311,0,1.877,2.31,3.6,0.205,0.319,0.245,0.526,51.26,29.92
"2025-02-24 09:30:00",12041,12.82,311,0,1.832,2.18,3.59,0.193,0.318,0.222,0.519,53.49,31.06
"2025-02-24 10:00:00",12042,12.82,311,0,1.993,2.56,3.71,0.227,0.328,0.264,0.53,52.57,30.57
"2025-02-24 10:30:00",12043,12.83,311,0,1.941,2.37,3.74,0.21,0.331,0.248,0.535,52.84,30.55
"2025-02-24 11:00:00",12044,12.84,311,0,1.95,2.39,3.75,0.212,0.332,0.254,0.534,51.79,30.9
"2025-02-24 11:30:00",12045,12.85,311,0,2.03,2.51,3.88,0.222,0.343,0.266,0.555,51.41,30.35
"2025-02-24 12:00:00",12046,12.86,311,0,2.116,2.61,4.05,0.231,0.359,0.277,0.572,50.63,30.56
"2025-02-24 12:30:00",12047,12.87,311,0,2.128,2.6,4.1,0.23,0.363,0.277,0.572,49.48,31.08
"2025-02-24 13:00:00",12048,12.87,311,0,2.154,2.64,4.14,0.234,0.367,0.281,0.574,50.49,30.67
"2025-02-24 13:30:00",12049,12.87,311,0,2.118,2.53,4.14,0.224,0.366,0.269,0.572,50.64,30.72
"2025-02-24 14:00:00",12050,12.87,311,0,2.157,2.66,4.13,0.235,0.366,0.276,0.572,50.94,30.61
"2025-02-24 14:30:00",12051,12.87,311,0,2.128,2.59,4.11,0.23,0.364,0.275,0.57,50.86,30.78
"2025-02-24 15:00:00",12052,12.87,311,0,2.131,2.6,4.11,0.23,0.364,0.272,0.574,50.97,30.47
"2025-02-24 15:30:00",12053,12.87,311,0,2.15,2.59,4.18,0.229,0.37,0.276,0.576,51.09,30.59
"2025-02-24 16:00:00",12054,12.87,311,0,2.16,2.67,4.13,0.237,0.365,0.286,0.577,50.18,30.36
"2025-02-24 16:30:00",12055,12.87,311,0,2.204,2.69,4.25,0.238,0.376,0.288,0.587,49.26,30.43
"2025-02-24 17:00:00",12056,12.87,311,0,2.217,2.75,4.23,0.244,0.375,0.292,0.592,49.26,30.17
"2025-02-24 17:30:00",12057,12.87,311,0,2.242,2.73,4.33,0.241,0.383,0.293,0.598,49.86,30.18
"2025-02-24 18:00:00",12058,12.87,311,0,2.265,2.77,4.36,0.245,0.386,0.297,0.596,49.04,29.78
"2025-02-24 18:30:00",12059,12.86,311,0,2.22,2.68,4.31,0.238,0.382,0.288,0.597,49.52,29.83
"2025-02-24 19:00:00",12060,12.86,311,0,2.195,2.67,4.24,0.236,0.375,0.289,0.59,50.03,29.93
"2025-02-24 19:30:00",12061,12.85,311,0,2.179,2.66,4.2,0.235,0.371,0.286,0.585,50.23,30.39
"2025-02-24 20:00:00",12062,12.84,311,0,2.154,2.63,4.15,0.233,0.367,0.282,0.582,49.4,30.13
"2025-02-24 20:30:00",12063,12.84,311,0,2.106,2.56,4.07,0.226,0.36,0.276,0.574,49.88,30.45
"2025-02-24 21:00:00",12064,12.84,311,0,2.1,2.58,4.03,0.229,0.357,0.278,0.573,49.03,29.92
"2025-02-24 21:30:00",12065,12.83,311,0,2.097,2.61,3.99,0.231,0.354,0.28,0.569,51.02,29.51
"2025-02-24 22:00:00",12066,12.83,311,0,2.074,2.55,3.98,0.225,0.352,0.277,0.572,50.08,30.24
"2025-02-24 22:30:00",12067,12.83,311,0,2.068,2.57,3.94,0.228,0.348,0.277,0.567,49.22,29.81
"2025-02-24 23:00:00",12068,12.82,311,0,2.069,2.61,3.9,0.231,0.345,0.276,0.564,49.79,29.7
"2025-02-24 23:30:00",12069,12.82,311,0,2.081,2.63,3.92,0.233,0.347,0.282,0.568,49.92,29.98
"2025-02-25 00:00:00",12070,12.82,311,0,2.103,2.6,4.02,0.23,0.355,0.281,0.57,50.5,30.81
"2025-02-25 00:30:00",12071,12.82,311,0,2.113,2.62,4.03,0.232,0.357,0.282,0.573,49.74,29.81
"2025-02-25 01:00:00",12072,12.82,311,0,2.119,2.59,4.08,0.229,0.361,0.281,0.576,50.68,30.17
"2025-02-25 01:30:00",12073,12.82,311,0,2.093,2.57,4.02,0.228,0.356,0.277,0.572,49.82,30.14
"2025-02-25 02:00:00",12074,12.82,311,0,2.071,2.49,4.03,0.221,0.356,0.273,0.57,49.7,29.76
"2025-02-25 02:30:00",12075,12.81,311,0,2.049,2.49,3.96,0.22,0.35,0.271,0.566,49.89,29.96
"2025-02-25 03:00:00",12076,12.81,311,0,2.055,2.5,3.97,0.221,0.352,0.274,0.565,49.82,30.14
"2025-02-25 03:30:00",12077,12.81,311,0,2.046,2.5,3.94,0.221,0.348,0.269,0.562,50.12,30.02
"2025-02-25 04:00:00",12078,12.81,311,0,2.046,2.5,3.94,0.221,0.348,0.273,0.563,49.93,30.4
"2025-02-25 04:30:00",12079,12.81,311,0,2.02,2.48,3.88,0.219,0.343,0.268,0.562,49.61,30.61
"2025-02-25 05:00:00",12080,12.81,311,0,2.023,2.49,3.88,0.22,0.343,0.274,0.562,50.58,29.82
"2025-02-25 05:30:00",12081,12.81,311,0,2.04,2.54,3.88,0.225,0.344,0.277,0.565,50,30.05
"2025-02-25 06:00:00",12082,12.81,311,0,2.017,2.5,3.85,0.221,0.341,0.27,0.561,50.67,30.41
"2025-02-25 06:30:00",12083,12.8,311,0,2.017,2.49,3.86,0.22,0.342,0.273,0.56,49.8,30.54
"2025-02-25 07:00:00",12084,12.8,311,0,2.008,2.52,3.8,0.223,0.336,0.273,0.558,50.29,29.93
"2025-02-25 07:30:00",12085,12.8,311,0,1.96,2.43,3.74,0.215,0.331,0.262,0.547,50.22,29.97
"2025-02-25 08:00:00",12086,12.8,311,0,1.909,2.37,3.64,0.21,0.322,0.254,0.535,51.46,30.12
"2025-02-25 08:30:00",12087,12.8,311,0,1.886,2.26,3.68,0.2,0.326,0.244,0.537,51.33,30.42
"2025-02-25 09:00:00",12088,12.8,311,0,1.852,2.24,3.59,0.199,0.318,0.236,0.528,52.16,30.16
"2025-02-25 09:30:00",12089,12.8,311,0,1.861,2.23,3.63,0.197,0.322,0.233,0.524,52.85,30.55
"2025-02-25 10:00:00",12090,12.81,311,0,1.918,2.32,3.72,0.205,0.33,0.243,0.533,52.67,30.67
"2025-02-25 10:30:00",12091,12.81,311,0,1.94,2.33,3.78,0.206,0.335,0.24,0.537,52.91,31.18
"2025-02-25 11:00:00",12092,12.82,311,0,2.036,2.47,3.94,0.219,0.349,0.256,0.546,52.27,30.96
"2025-02-25 11:30:00",12093,12.83,311,0,2.099,2.5,4.11,0.221,0.364,0.259,0.561,53.29,31.16
"2025-02-25 12:00:00",12094,12.84,311,0,2.185,2.62,4.26,0.232,0.377,0.276,0.577,51.26,30.64
"2025-02-25 12:30:00",12095,12.84,311,0,2.221,2.48,4.52,0.22,0.4,0.266,0.592,52.1,30.95
"2025-02-25 13:00:00",12096,12.84,311,0,2.26,2.6,4.52,0.231,0.4,0.273,0.599,50.98,31.18
"2025-02-25 13:30:00",12097,12.84,311,0,2.196,2.46,4.46,0.218,0.395,0.253,0.588,53.22,31.25
"2025-02-25 14:00:00",12098,12.85,311,0,2.314,2.73,4.56,0.241,0.403,0.282,0.599,50.67,30.89
"2025-02-25 14:30:00",12099,12.84,311,0,2.253,2.56,4.54,0.227,0.401,0.266,0.593,51.64,29.78
"2025-02-25 15:00:00",12100,12.85,311,0,2.318,2.72,4.58,0.241,0.405,0.277,0.599,51.63,30.92
"2025-02-25 15:30:00",12101,12.85,311,0,2.384,2.79,4.72,0.247,0.418,0.298,0.62,50.4,30.2
"2025-02-25 16:00:00",12102,12.85,311,0,2.282,2.66,4.53,0.235,0.401,0.279,0.601,50.65,30.85
"2025-02-25 16:30:00",12103,12.85,311,0,2.375,2.84,4.64,0.252,0.411,0.298,0.615,49.67,30.44
"2025-02-25 17:00:00",12104,12.85,311,0,2.404,2.89,4.68,0.256,0.414,0.306,0.617,49.98,30.33
"2025-02-25 17:30:00",12105,12.85,311,0,2.381,2.82,4.68,0.25,0.414,0.3,0.622,49.57,30.6
"2025-02-25 18:00:00",12106,12.85,311,0,2.397,2.86,4.69,0.253,0.415,0.304,0.62,49.16,30.34
"2025-02-25 18:30:00",12107,12.84,311,0,2.344,2.82,4.56,0.25,0.403,0.298,0.611,50.35,29.87
"2025-02-25 19:00:00",12108,12.83,311,0,2.29,2.75,4.46,0.243,0.395,0.293,0.603,50.52,30.45
"2025-02-25 19:30:00",12109,12.83,311,0,2.28,2.75,4.43,0.243,0.392,0.292,0.603,49.85,30.2
"2025-02-25 20:00:00",12110,12.82,311,0,2.249,2.72,4.36,0.24,0.386,0.289,0.597,49.95,30.29
"2025-02-25 20:30:00",12111,12.82,311,0,2.201,2.65,4.28,0.234,0.378,0.284,0.589,50.48,30.56
"2025-02-25 21:00:00",12112,12.82,311,0,2.179,2.66,4.2,0.235,0.372,0.287,0.585,50.08,30.57
"2025-02-25 21:30:00",12113,12.81,311,0,2.176,2.65,4.2,0.235,0.372,0.283,0.585,49.62,30.37
"2025-02-25 22:00:00",12114,12.81,311,0,2.166,2.65,4.17,0.234,0.369,0.282,0.585,50.46,30.37
"2025-02-25 22:30:00",12115,12.8,311,0,2.131,2.61,4.1,0.231,0.363,0.28,0.58,50.67,29.75
"2025-02-25 23:00:00",12116,12.8,311,0,2.125,2.58,4.11,0.229,0.364,0.279,0.577,49.73,30.32
"2025-02-25 23:30:00",12117,12.79,311,0,2.112,2.57,4.08,0.228,0.361,0.278,0.58,50.31,30.38
"2025-02-26 00:00:00",12118,12.79,311,0,2.125,2.59,4.1,0.229,0.363,0.281,0.577,50.29,30.21
"2025-02-26 00:30:00",12119,12.79,311,0,2.1,2.58,4.03,0.229,0.357,0.28,0.573,49.27,30.02
"2025-02-26 01:00:00",12120,12.79,311,0,2.096,2.55,4.05,0.225,0.358,0.278,0.575,49.76,30.23
"2025-02-26 01:30:00",12121,12.78,311,0,2.122,2.62,4.06,0.232,0.359,0.282,0.576,49.8,30.28
"2025-02-26 02:00:00",12122,12.78,311,0,2.112,2.59,4.06,0.229,0.359,0.277,0.573,50.09,30.01
"2025-02-26 02:30:00",12123,12.78,311,0,2.122,2.62,4.06,0.232,0.359,0.282,0.575,49.62,29.69
"2025-02-26 03:00:00",12124,12.78,311,0,2.125,2.62,4.07,0.232,0.36,0.282,0.575,50.06,30.38
"2025-02-26 03:30:00",12125,12.77,311,0,2.103,2.59,4.03,0.229,0.357,0.281,0.573,50.16,30.49
"2025-02-26 04:00:00",12126,12.77,311,0,2.106,2.61,4.02,0.231,0.356,0.279,0.575,50.33,29.66
"2025-02-26 04:30:00",12127,12.77,311,0,2.094,2.59,4,0.229,0.354,0.279,0.57,50.1,30.02
"2025-02-26 05:00:00",12128,12.77,311,0,2.1,2.59,4.02,0.229,0.356,0.277,0.573,50.11,30.02
"2025-02-26 05:30:00",12129,12.77,311,0,2.09,2.6,3.98,0.23,0.353,0.28,0.573,49.55,30.13
"2025-02-26 06:00:00",12130,12.77,311,0,2.074,2.56,3.97,0.226,0.352,0.276,0.568,49.59,30.07
"2025-02-26 06:30:00",12131,12.77,311,0,2.077,2.53,4.01,0.224,0.355,0.276,0.573,50.28,30.45
"2025-02-26 07:00:00",12132,12.76,311,0,2.046,2.51,3.93,0.222,0.348,0.27,0.565,49.6,30.34
"2025-02-26 07:30:00",12133,12.76,311,0,2.03,2.48,3.91,0.22,0.346,0.266,0.56,50.69,30.6
"2025-02-26 08:00:00",12134,12.76,311,0,1.995,2.43,3.85,0.215,0.341,0.258,0.553,50.8,30.55
"2025-02-26 08:30:00",12135,12.76,311,0,1.947,2.34,3.79,0.207,0.335,0.245,0.542,52.18,30.69
"2025-02-26 09:00:00",12136,12.76,311,0,1.924,2.31,3.75,0.205,0.331,0.246,0.538,52.31,30.41
"2025-02-26 09:30:00",12137,12.76,311,0,1.898,2.16,3.82,0.191,0.338,0.229,0.538,51.93,30.76
"2025-02-26 10:00:00",12138,12.77,311,0,2.071,2.49,4.03,0.22,0.357,0.256,0.555,51.76,30.87
"2025-02-26 10:30:00",12139,12.78,311,0,2.127,2.54,4.16,0.225,0.368,0.257,0.562,53.06,31.07
"2025-02-26 11:00:00",12140,12.79,311,0,2.172,2.56,4.28,0.227,0.379,0.264,0.569,52.5,30.79
"2025-02-26 11:30:00",12141,12.79,311,0,2.254,2.63,4.47,0.232,0.395,0.268,0.587,52.31,31.42
"2025-02-26 12:00:00",12142,12.8,311,0,2.353,2.79,4.62,0.247,0.409,0.292,0.604,51.37,30.9
"2025-02-26 12:30:00",12143,12.8,311,0,2.34,2.73,4.64,0.241,0.411,0.28,0.602,51.76,30.45
"2025-02-26 13:00:00",12144,12.8,311,0,2.339,2.72,4.65,0.241,0.412,0.28,0.605,50.86,31.21
"2025-02-26 13:30:00",12145,12.8,311,0,2.317,2.66,4.64,0.236,0.411,0.273,0.601,51.32,31.27
"2025-02-26 14:00:00",12146,12.81,311,0,2.307,2.61,4.66,0.231,0.413,0.274,0.606,51.32,31.11
"2025-02-26 14:30:00",12147,12.81,311,0,2.314,2.69,4.6,0.238,0.407,0.277,0.596,51.91,31.28
"2025-02-26 15:00:00",12148,12.81,311,0,2.334,2.76,4.59,0.245,0.407,0.287,0.6,51.49,31.43
"2025-02-26 15:30:00",12149,12.81,311,0,2.359,2.79,4.64,0.247,0.411,0.288,0.606,51.95,30.64
"2025-02-26 16:00:00",12150,12.81,311,0,2.397,2.83,4.72,0.251,0.418,0.296,0.614,50.52,30.87
"2025-02-26 16:30:00",12151,12.81,311,0,2.394,2.87,4.67,0.254,0.413,0.301,0.615,50.99,30.09
"2025-02-26 17:00:00",12152,12.81,311,0,2.442,2.96,4.73,0.262,0.419,0.31,0.62,49.19,30.78
"2025-02-26 17:30:00",12153,12.81,311,0,2.492,2.95,4.9,0.261,0.434,0.31,0.63,50.02,30.78
"2025-02-26 18:00:00",12154,12.8,311,0,2.442,2.9,4.79,0.257,0.424,0.306,0.626,50.28,30.47
"2025-02-26 18:30:00",12155,12.8,311,0,2.388,2.84,4.68,0.251,0.414,0.298,0.616,50.25,30.17
"2025-02-26 19:00:00",12156,12.79,311,0,2.328,2.81,4.52,0.249,0.4,0.297,0.606,50.05,30.79
"2025-02-26 19:30:00",12157,12.79,311,0,2.306,2.8,4.46,0.248,0.395,0.295,0.601,50.41,30.9
"2025-02-26 20:00:00",12158,12.78,311,0,2.229,2.69,4.33,0.238,0.383,0.286,0.592,49.69,30.28
"2025-02-26 20:30:00",12159,12.78,311,0,2.201,2.69,4.24,0.238,0.375,0.286,0.585,49.84,30.17
"2025-02-26 21:00:00",12160,12.78,311,0,2.169,2.64,4.19,0.234,0.371,0.284,0.583,49.77,30.24
"2025-02-26 21:30:00",12161,12.77,311,0,2.147,2.62,4.14,0.232,0.367,0.28,0.582,49.86,30.03
"2025-02-26 22:00:00",12162,12.77,311,0,2.138,2.6,4.13,0.23,0.366,0.277,0.578,50.19,30.51
"2025-02-26 22:30:00",12163,12.77,311,0,2.119,2.61,4.06,0.231,0.36,0.279,0.573,50.5,29.72
"2025-02-26 23:00:00",12164,12.77,311,0,2.113,2.62,4.03,0.232,0.357,0.28,0.571,50.49,30.39
"2025-02-26 23:30:00",12165,12.76,311,0,2.106,2.6,4.03,0.23,0.357,0.279,0.573,50.35,30.24
"2025-02-27 00:00:00",12166,12.76,311,0,2.077,2.55,3.99,0.226,0.354,0.271,0.565,50.73,30.2
"2025-02-27 00:30:00",12167,12.76,311,0,2.058,2.52,3.96,0.223,0.35,0.272,0.566,50.83,30.15
"2025-02-27 01:00:00",12168,12.76,311,0,2.065,2.55,3.95,0.226,0.35,0.275,0.567,50.23,30.55
"2025-02-27 01:30:00",12169,12.76,311,0,2.071,2.53,3.99,0.224,0.353,0.27,0.564,50.54,30.19
"2025-02-27 02:00:00",12170,12.76,311,0,2.068,2.55,3.96,0.225,0.35,0.27,0.561,50.18,30.5
"2025-02-27 02:30:00",12171,12.76,311,0,2.018,2.54,3.81,0.224,0.337,0.262,0.553,51.05,31.37
"2025-02-27 03:00:00",12172,12.75,311,0,1.953,2.36,3.79,0.209,0.336,0.253,0.549,50.94,30.43
"2025-02-27 03:30:00",12173,12.75,311,0,2.065,2.55,3.95,0.226,0.35,0.272,0.556,51.14,30.06
"2025-02-27 04:00:00",12174,12.75,311,0,2.029,2.42,3.97,0.214,0.352,0.26,0.558,49.84,30.33
"2025-02-27 04:30:00",12175,12.76,311,0,2.087,2.52,4.05,0.223,0.359,0.264,0.566,49.9,31.31
"2025-02-27 05:00:00",12176,12.76,311,0,2.086,2.48,4.09,0.22,0.362,0.267,0.57,50.42,30.59
"2025-02-27 05:30:00",12177,12.76,311,0,2.134,2.61,4.11,0.231,0.364,0.271,0.569,50.09,30.68
"2025-02-27 06:00:00",12178,12.76,311,0,2.147,2.58,4.18,0.228,0.37,0.275,0.57,51.02,30.94
"2025-02-27 06:30:00",12179,12.76,311,0,2.182,2.66,4.21,0.235,0.372,0.284,0.581,50.19,29.96
"2025-02-27 07:00:00",12180,12.76,311,0,2.144,2.58,4.17,0.229,0.369,0.278,0.58,50.83,30.59
"2025-02-27 07:30:00",12181,12.76,311,0,2.095,2.46,4.14,0.218,0.366,0.26,0.574,52.95,30.52
"2025-02-27 08:00:00",12182,12.76,311,0,2.185,2.61,4.27,0.231,0.378,0.274,0.581,50.66,30.84
"2025-02-27 08:30:00",12183,12.76,311,0,2.153,2.61,4.17,0.231,0.369,0.27,0.573,52.16,31.09
"2025-02-27 09:00:00",12184,12.76,311,0,2.149,2.53,4.24,0.224,0.375,0.266,0.577,51.2,30.87
"2025-02-27 09:30:00",12185,12.76,311,0,2.21,2.65,4.31,0.235,0.382,0.271,0.58,51.93,31.45
"2025-02-27 10:00:00",12186,12.76,311,0,2.174,2.52,4.33,0.223,0.383,0.259,0.584,52.79,31.9
"2025-02-27 10:30:00",12187,12.76,311,0,2.193,2.55,4.36,0.226,0.386,0.265,0.582,52.1,30.54
"2025-02-27 11:00:00",12188,12.76,311,0,2.161,2.46,4.35,0.218,0.385,0.256,0.577,53.61,31.88
"2025-02-27 11:30:00",12189,12.77,311,0,2.356,2.77,4.65,0.245,0.412,0.288,0.605,50.61,31.22
"2025-02-27 12:00:00",12190,12.77,311,0,2.336,2.73,4.63,0.241,0.41,0.279,0.597,51.93,31.21
"2025-02-27 12:30:00",12191,12.77,311,0,2.278,2.56,4.62,0.227,0.409,0.263,0.597,53.03,31.73
"2025-02-27 13:00:00",12192,12.77,311,0,2.396,2.76,4.79,0.244,0.424,0.284,0.612,52.48,31.59
"2025-02-27 13:30:00",12193,12.77,311,0,2.396,2.75,4.8,0.243,0.425,0.277,0.609,52.14,31
"2025-02-27 14:00:00",12194,12.77,311,0,2.397,2.55,5.01,0.225,0.443,0.259,0.619,53.82,31.94
"2025-02-27 14:30:00",12195,12.77,311,0,2.472,2.8,4.99,0.248,0.442,0.289,0.628,51.74,31.84
"2025-02-27 15:00:00",12196,12.77,311,0,2.395,2.66,4.89,0.235,0.433,0.279,0.619,50.98,30.76
"2025-02-27 15:30:00",12197,12.77,311,0,2.315,2.49,4.81,0.22,0.426,0.262,0.61,51.25,31.87
"2025-02-27 16:00:00",12198,12.77,311,0,2.593,2.98,5.19,0.264,0.46,0.309,0.644,51.14,31.1
"2025-02-27 16:30:00",12199,12.77,311,0,2.433,2.65,5.02,0.235,0.444,0.283,0.631,50.58,30.53
"2025-02-27 17:00:00",12200,12.77,311,0,2.524,2.95,5,0.261,0.442,0.304,0.635,50.08,31.01
"2025-02-27 17:30:00",12201,12.77,311,0,2.501,2.88,5,0.255,0.442,0.299,0.635,50.49,30.69
"2025-02-27 18:00:00",12202,12.77,311,0,2.423,2.88,4.75,0.255,0.421,0.301,0.621,50.39,30.49
"2025-02-27 18:30:00",12203,12.77,311,0,2.414,2.91,4.69,0.258,0.415,0.308,0.617,50.6,29.96
"2025-02-27 19:00:00",12204,12.77,311,0,2.299,2.76,4.48,0.245,0.397,0.292,0.603,51.49,30.18
"2025-02-27 19:30:00",12205,12.76,311,0,2.194,2.59,4.32,0.229,0.382,0.273,0.585,51.01,31.35
"2025-02-27 20:00:00",12206,12.76,311,0,2.188,2.67,4.22,0.236,0.373,0.282,0.581,50.46,31.38
"2025-02-27 20:30:00",12207,12.75,311,0,2.204,2.69,4.25,0.238,0.376,0.285,0.586,50.61,30.7
"2025-02-27 21:00:00",12208,12.75,311,0,2.131,2.58,4.13,0.228,0.366,0.277,0.578,51.36,30.3
"2025-02-27 21:30:00",12209,12.75,311,0,2.128,2.58,4.12,0.228,0.365,0.276,0.577,50.44,30.36
"2025-02-27 22:00:00",12210,12.75,311,0,2.15,2.64,4.13,0.234,0.365,0.281,0.58,50.64,30.41
"2025-02-27 22:30:00",12211,12.74,311,0,2.125,2.58,4.11,0.229,0.364,0.278,0.583,50.11,30.46
"2025-02-27 23:00:00",12212,12.74,311,0,2.153,2.62,4.16,0.232,0.368,0.285,0.581,50.08,30.16
"2025-02-27 23:30:00",12213,12.74,311,0,2.179,2.65,4.21,0.234,0.373,0.281,0.582,50.07,30.99
"2025-02-28 00:00:00",12214,12.74,311,0,2.166,2.63,4.19,0.232,0.371,0.281,0.581,50.4,30.32
"2025-02-28 00:30:00",12215,12.73,311,0,2.185,2.66,4.22,0.236,0.374,0.287,0.587,49.78,30.11
"2025-02-28 01:00:00",12216,12.74,311,0,2.182,2.69,4.18,0.238,0.37,0.285,0.581,50.32,30.64
"2025-02-28 01:30:00",12217,12.73,311,0,2.201,2.72,4.21,0.241,0.372,0.293,0.586,49.51,30
"2025-02-28 02:00:00",12218,12.73,311,0,2.198,2.68,4.24,0.238,0.375,0.291,0.588,49.2,30.37
"2025-02-28 02:30:00",12219,12.73,311,0,2.208,2.71,4.24,0.24,0.375,0.291,0.591,50.86,30.21
"2025-02-28 03:00:00",12220,12.72,311,0,2.141,2.61,4.13,0.231,0.365,0.276,0.578,50.66,30.42
"2025-02-28 03:30:00",12221,12.72,311,0,2.122,2.58,4.1,0.229,0.363,0.28,0.575,50.13,30.21
"2025-02-28 04:00:00",12222,12.72,311,0,2.151,2.7,4.07,0.239,0.36,0.287,0.576,50.33,30.39
"2025-02-28 04:30:00",12223,12.71,311,0,2.077,2.52,4.02,0.223,0.356,0.276,0.572,49.93,30.69
"2025-02-28 05:00:00",12224,12.71,311,0,2.128,2.6,4.1,0.23,0.363,0.274,0.572,51.34,30.58
"2025-02-28 05:30:00",12225,12.71,311,0,2.099,2.56,4.05,0.227,0.359,0.279,0.571,48.74,31.15
"2025-02-28 06:00:00",12226,12.71,311,0,2.151,2.71,4.06,0.24,0.359,0.293,0.579,50.1,30.27
"2025-02-28 06:30:00",12227,12.71,311,0,2.154,2.7,4.08,0.239,0.361,0.288,0.579,51.3,29.8
"2025-02-28 07:00:00",12228,12.71,311,0,2.145,2.67,4.08,0.236,0.361,0.287,0.574,48.84,30
"2025-02-28 07:30:00",12229,12.71,311,0,2.106,2.6,4.03,0.23,0.357,0.275,0.57,50.82,30.32
"2025-02-28 08:00:00",12230,12.71,311,0,2.062,2.53,3.96,0.224,0.35,0.268,0.562,51.46,30.12
"2025-02-28 08:30:00",12231,12.71,311,0,2.064,2.47,4.03,0.219,0.357,0.264,0.561,51.7,31.2
"2025-02-28 09:00:00",12232,12.7,311,0,2.092,2.45,4.14,0.217,0.366,0.267,0.569,50.79,29.73
"2025-02-28 09:30:00",12233,12.7,311,0,2.134,2.55,4.17,0.226,0.369,0.262,0.569,53.61,30.62
"2025-02-28 10:00:00",12234,12.7,311,0,2.261,2.75,4.37,0.244,0.387,0.28,0.574,51.67,31.35
"2025-02-28 10:30:00",12235,12.71,311,0,2.244,2.56,4.51,0.226,0.399,0.273,0.595,52,30.95
"2025-02-28 11:00:00",12236,12.71,311,0,2.324,2.77,4.55,0.246,0.402,0.284,0.596,52.62,30.88
"2025-02-28 11:30:00",12237,12.71,311,0,2.426,2.87,4.77,0.254,0.422,0.293,0.607,51.58,31.51
"2025-02-28 12:00:00",12238,12.72,311,0,2.403,2.8,4.77,0.248,0.422,0.296,0.615,50.68,31.03
"2025-02-28 12:30:00",12239,12.72,311,0,2.451,2.87,4.85,0.254,0.429,0.295,0.618,51.24,30.34
"2025-02-28 13:00:00",12240,12.72,311,0,2.367,2.61,4.85,0.231,0.429,0.279,0.617,50.94,30.45
"2025-02-28 13:30:00",12241,12.72,311,0,2.435,2.85,4.82,0.253,0.427,0.295,0.618,50.34,31.11
"2025-02-28 14:00:00",12242,12.72,311,0,2.521,3.02,4.92,0.267,0.435,0.307,0.626,51.94,31.06
"2025-02-28 14:30:00",12243,12.72,311,0,2.438,2.8,4.88,0.248,0.432,0.289,0.618,51.44,30.96
"2025-02-28 15:00:00",12244,12.72,311,0,2.415,2.77,4.84,0.245,0.429,0.292,0.616,50.44,30.95
"2025-02-28 15:30:00",12245,12.72,311,0,2.467,2.94,4.83,0.26,0.428,0.301,0.62,51.42,31.37
"2025-02-28 16:00:00",12246,12.72,311,0,2.473,2.87,4.92,0.254,0.435,0.298,0.626,50.44,31.22
"2025-02-28 16:30:00",12247,12.72,311,0,2.547,3.04,4.98,0.269,0.441,0.318,0.634,49.6,30.54
"2025-02-28 17:00:00",12248,12.72,311,0,2.53,2.98,4.99,0.264,0.442,0.313,0.636,49.59,31.18
"2025-02-28 17:30:00",12249,12.72,311,0,2.597,3.05,5.13,0.27,0.454,0.321,0.647,50.62,30.55
"2025-02-28 18:00:00",12250,12.72,311,0,2.575,3.09,5.02,0.273,0.445,0.318,0.639,50.46,30.81
"2025-02-28 18:30:00",12251,12.71,311,0,2.508,2.97,4.93,0.263,0.436,0.313,0.632,49.97,30.72
"2025-02-28 19:00:00",12252,12.71,311,0,2.436,2.94,4.73,0.26,0.419,0.308,0.62,50.5,30.42
"2025-02-28 19:30:00",12253,12.7,311,0,2.401,2.92,4.64,0.258,0.411,0.306,0.615,50.28,30.62
"2025-02-28 20:00:00",12254,12.7,311,0,2.337,2.82,4.54,0.25,0.402,0.298,0.606,52.12,30.63
"2025-02-28 20:30:00",12255,12.7,311,0,2.274,2.79,4.37,0.247,0.387,0.293,0.589,49.51,29.43
"2025-02-28 21:00:00",12256,12.69,311,0,2.201,2.67,4.26,0.236,0.377,0.287,0.581,49.24,30.15
"2025-02-28 21:30:00",12257,12.69,311,0,2.189,2.7,4.19,0.239,0.371,0.285,0.582,51.91,30.58
"2025-02-28 22:00:00",12258,12.69,311,0,2.198,2.72,4.2,0.24,0.372,0.289,0.585,49.81,31.24
"2025-02-28 22:30:00",12259,12.69,311,0,2.16,2.68,4.12,0.237,0.364,0.284,0.573,51.29,31.36
"2025-02-28 23:00:00",12260,12.69,311,0,2.144,2.66,4.09,0.235,0.362,0.286,0.575,50.08,30.42
"2025-02-28 23:30:00",12261,12.69,311,0,2.154,2.69,4.09,0.238,0.362,0.287,0.574,50.42,29.92
"2025-03-01 00:00:00",12262,12.68,311,0,2.157,2.69,4.1,0.238,0.363,0.287,0.576,50.19,30.11
"2025-03-01 00:30:00",12263,12.68,311,0,2.147,2.64,4.12,0.233,0.365,0.284,0.577,50.73,30.22
"2025-03-01 01:00:00",12264,12.68,311,0,2.148,2.67,4.09,0.236,0.362,0.286,0.574,50.14,30.63
"2025-03-01 01:30:00",12265,12.68,311,0,2.151,2.67,4.1,0.236,0.363,0.285,0.576,49.42,30.01
"2025-03-01 02:00:00",12266,12.68,311,0,2.113,2.61,4.04,0.231,0.358,0.278,0.57,50.51,30.43
"2025-03-01 02:30:00",12267,12.68,311,0,2.099,2.56,4.05,0.226,0.359,0.271,0.566,51.69,30.93
"2025-03-01 03:00:00",12268,12.68,311,0,2.125,2.63,4.06,0.233,0.359,0.278,0.571,49.87,30.21
"2025-03-01 03:30:00",12269,12.68,311,0,2.135,2.64,4.08,0.234,0.361,0.285,0.571,49.51,29.85
"2025-03-01 04:00:00",12270,12.68,311,0,2.128,2.62,4.08,0.232,0.361,0.28,0.567,48.77,29.94
"2025-03-01 04:30:00",12271,12.67,311,0,2.147,2.64,4.12,0.234,0.364,0.283,0.575,50.35,30.68
"2025-03-01 05:00:00",12272,12.68,311,0,2.161,2.7,4.1,0.239,0.363,0.286,0.572,48.69,29.85
"2025-03-01 05:30:00",12273,12.68,311,0,2.119,2.58,4.09,0.228,0.362,0.277,0.574,49.99,30.74
"2025-03-01 06:00:00",12274,12.68,311,0,2.154,2.66,4.12,0.235,0.364,0.288,0.578,50.23,29.9
"2025-03-01 06:30:00",12275,12.68,311,0,2.173,2.69,4.15,0.238,0.367,0.286,0.576,50.25,30.84
"2025-03-01 07:00:00",12276,12.68,311,0,2.128,2.61,4.09,0.231,0.362,0.28,0.574,50.52,30.43
"2025-03-01 07:30:00",12277,12.68,311,0,2.109,2.57,4.07,0.227,0.361,0.265,0.563,51.51,30.77
"2025-03-01 08:00:00",12278,12.67,311,0,2.182,2.63,4.24,0.232,0.375,0.279,0.578,51.07,30.31
"2025-03-01 08:30:00",12279,12.67,311,0,2.204,2.66,4.28,0.235,0.379,0.278,0.577,51.16,31.08
"2025-03-01 09:00:00",12280,12.68,311,0,2.258,2.74,4.37,0.243,0.387,0.282,0.586,51.53,30.21
"2025-03-01 09:30:00",12281,12.67,311,0,2.178,2.53,4.33,0.224,0.383,0.26,0.579,52.88,30.46
"2025-03-01 10:00:00",12282,12.67,311,0,2.267,2.65,4.49,0.234,0.397,0.27,0.579,52.64,31.9
"2025-03-01 10:30:00",12283,12.67,311,0,2.321,2.79,4.52,0.247,0.4,0.274,0.58,53.64,31.26
"2025-03-01 11:00:00",12284,12.68,311,0,2.358,2.7,4.73,0.239,0.419,0.274,0.601,52.55,31.67
"2025-03-01 11:30:00",12285,12.68,311,0,2.447,2.83,4.88,0.251,0.432,0.287,0.613,52.39,31.51
"2025-03-01 12:00:00",12286,12.69,311,0,2.571,2.93,5.17,0.259,0.458,0.298,0.624,52.08,31.62
"2025-03-01 12:30:00",12287,12.69,311,0,2.592,2.92,5.25,0.259,0.464,0.295,0.646,52.92,31.21
"2025-03-01 13:00:00",12288,12.69,311,0,2.579,2.87,5.26,0.254,0.466,0.293,0.64,50.75,30.87
"2025-03-01 13:30:00",12289,12.69,311,0,2.541,2.81,5.2,0.249,0.46,0.284,0.636,52.3,31.6
"2025-03-01 14:00:00",12290,12.69,311,0,2.679,3.07,5.37,0.272,0.476,0.307,0.64,51.64,31.45
"2025-03-01 14:30:00",12291,12.69,311,0,2.567,2.91,5.18,0.258,0.459,0.294,0.632,53.26,31.55
"2025-03-01 15:00:00",12292,12.69,311,0,2.577,2.93,5.19,0.259,0.459,0.297,0.639,51.07,31.45
"2025-03-01 15:30:00",12293,12.69,311,0,2.656,3.04,5.33,0.269,0.472,0.31,0.647,50.02,30.82
"2025-03-01 16:00:00",12294,12.7,311,0,2.683,3.16,5.29,0.279,0.468,0.319,0.65,51.13,31.25
"2025-03-01 16:30:00",12295,12.69,311,0,2.673,3.12,5.3,0.276,0.469,0.32,0.649,50.93,30.89
"2025-03-01 17:00:00",12296,12.7,311,0,2.797,3.26,5.55,0.288,0.491,0.334,0.674,48.95,30.96
"2025-03-01 17:30:00",12297,12.7,311,0,2.714,3.19,5.36,0.283,0.475,0.332,0.667,49.95,30.14
"2025-03-01 18:00:00",12298,12.69,311,0,2.613,3.06,5.17,0.271,0.457,0.32,0.646,50.15,32.16
"2025-03-01 18:30:00",12299,12.69,311,0,2.515,2.99,4.93,0.265,0.437,0.316,0.639,50.41,29.93
"2025-03-01 19:00:00",12300,12.68,311,0,2.457,2.87,4.87,0.254,0.431,0.308,0.625,49.34,30.93
"2025-03-01 19:30:00",12301,12.68,311,0,2.434,3.02,4.64,0.268,0.411,0.311,0.612,50.47,31.39
"2025-03-01 20:00:00",12302,12.68,311,0,2.408,2.95,4.63,0.261,0.41,0.31,0.606,49.85,30.87
"2025-03-01 20:30:00",12303,12.67,311,0,2.425,3.06,4.57,0.271,0.404,0.32,0.616,50.55,30.31
"2025-03-01 21:00:00",12304,12.67,311,0,2.27,2.7,4.45,0.239,0.394,0.296,0.6,49.32,29.39
"2025-03-01 21:30:00",12305,12.67,311,0,2.329,2.9,4.43,0.257,0.392,0.308,0.603,49.99,30.17
"2025-03-01 22:00:00",12306,12.66,311,0,2.216,2.64,4.34,0.234,0.384,0.29,0.597,49.46,31.04
"2025-03-01 22:30:00",12307,12.66,311,0,2.357,2.93,4.49,0.259,0.398,0.303,0.604,50.3,31.05
"2025-03-01 23:00:00",12308,12.65,311,0,2.216,2.65,4.33,0.234,0.383,0.283,0.593,49.38,29.71
"2025-03-01 23:30:00",12309,12.65,311,0,2.303,2.87,4.38,0.254,0.388,0.306,0.592,50.15,30.48
"2025-03-02 00:00:00",12310,12.65,311,0,2.287,2.79,4.41,0.247,0.391,0.297,0.606,48.8,30.38
"2025-03-02 00:30:00",12311,12.65,311,0,2.229,2.67,4.35,0.236,0.385,0.3,0.595,48.76,30.07
"2025-03-02 01:00:00",12312,12.64,311,0,2.352,3.05,4.35,0.27,0.385,0.315,0.59,49.6,30.34
"2025-03-02 01:30:00",12313,12.64,311,0,2.325,2.85,4.47,0.253,0.395,0.306,0.594,50.61,29.93
"2025-03-02 02:00:00",12314,12.63,311,0,2.189,2.69,4.2,0.238,0.372,0.301,0.582,48.92,29.66
"2025-03-02 02:30:00",12315,12.63,311,0,2.326,2.96,4.36,0.262,0.386,0.312,0.597,48.72,30.44
"2025-03-02 03:00:00",12316,12.63,311,0,2.223,2.72,4.28,0.241,0.378,0.302,0.601,47.88,29.87
"2025-03-02 03:30:00",12317,12.63,311,0,2.324,3,4.31,0.265,0.382,0.323,0.597,49.1,30.4
"2025-03-02 04:00:00",12318,12.62,311,0,2.275,2.86,4.3,0.253,0.381,0.309,0.594,49.04,30.34
"2025-03-02 04:30:00",12319,12.62,311,0,2.198,2.72,4.2,0.241,0.372,0.31,0.591,48.79,30.35
"2025-03-02 05:00:00",12320,12.62,311,0,2.068,2.28,4.24,0.202,0.375,0.261,0.591,48.01,29.72
"2025-03-02 05:30:00",12321,12.62,311,0,2.247,2.87,4.2,0.254,0.372,0.303,0.589,51.55,29.36
"2025-03-02 06:00:00",12322,12.61,311,0,2.117,2.72,3.94,0.241,0.349,0.289,0.568,50.55,30.03
"2025-03-02 06:30:00",12323,12.61,311,0,2.073,2.71,3.81,0.24,0.337,0.295,0.562,49.72,29.78
"2025-03-02 07:00:00",12324,12.61,311,0,2.095,2.75,3.84,0.243,0.34,0.292,0.556,50.03,30.09
"2025-03-02 07:30:00",12325,12.6,311,0,2.172,2.92,3.91,0.258,0.346,0.317,0.568,47.59,28.89
"2025-03-02 08:00:00",12326,12.6,311,0,2.104,2.74,3.88,0.242,0.343,0.294,0.561,49.02,29.35
"2025-03-02 08:30:00",12327,12.6,311,0,2.199,3.05,3.86,0.27,0.342,0.314,0.558,50.44,30.76
"2025-03-02 09:00:00",12328,12.6,311,0,2.108,2.81,3.82,0.249,0.338,0.291,0.553,51.32,30.13
"2025-03-02 09:30:00",12329,12.6,311,0,1.99,2.58,3.68,0.229,0.326,0.285,0.552,48.45,30.18
"2025-03-02 10:00:00",12330,12.6,311,0,2.009,2.6,3.72,0.23,0.329,0.278,0.541,51.46,30.54
"2025-03-02 10:30:00",12331,12.6,311,0,2.157,2.98,3.8,0.264,0.336,0.309,0.555,49.47,29.23
"2025-03-02 11:00:00",12332,12.61,311,0,1.972,2.39,3.82,0.212,0.338,0.285,0.55,48.51,30.91
"2025-03-02 11:30:00",12333,12.61,311,0,1.938,2.45,3.65,0.217,0.323,0.276,0.546,49.27,29.03
"2025-03-02 12:00:00",12334,12.62,311,0,2.04,2.56,3.86,0.227,0.341,0.279,0.554,50.89,30.54
"2025-03-02 12:30:00",12335,12.62,311,0,2.143,2.85,3.89,0.253,0.345,0.299,0.56,51.83,29.82
"2025-03-02 13:00:00",12336,12.62,311,0,2.005,2.53,3.78,0.224,0.334,0.278,0.548,49.52,30.53
"2025-03-02 13:30:00",12337,12.61,311,0,1.991,2.42,3.85,0.214,0.34,0.281,0.555,47.65,29.8
"2025-03-02 14:00:00",12338,12.61,311,0,1.803,1.8,3.89,0.159,0.344,0.252,0.564,47.08,30.17
"2025-03-02 14:30:00",12339,12.61,311,0,2.108,2.73,3.9,0.242,0.345,0.282,0.552,50.62,30.53
"2025-03-02 15:00:00",12340,12.61,311,0,2.046,2.55,3.89,0.226,0.344,0.277,0.554,49.74,30.22
"2025-03-02 15:30:00",12341,12.62,311,0,2.082,2.64,3.91,0.234,0.346,0.284,0.559,50.84,29.91
"2025-03-02 16:00:00",12342,12.62,311,0,1.988,2.36,3.9,0.209,0.345,0.282,0.564,46.51,30.32
"2025-03-02 16:30:00",12343,12.62,311,0,2.091,2.62,3.96,0.232,0.35,0.291,0.57,48.85,29.86
"2025-03-02 17:00:00",12344,12.62,311,0,2.145,2.76,3.99,0.244,0.353,0.298,0.573,49.06,30.38
"2025-03-02 17:30:00",12345,12.62,311,0,2.18,2.78,4.08,0.246,0.361,0.301,0.577,49.21,29.96
"2025-03-02 18:00:00",12346,12.61,311,0,2.24,2.81,4.24,0.249,0.375,0.31,0.59,49.42,30.16
"2025-03-02 18:30:00",12347,12.61,311,0,2.215,2.77,4.2,0.245,0.372,0.303,0.584,48.39,29.97
"2025-03-02 19:00:00",12348,12.61,311,0,2.267,2.96,4.17,0.262,0.369,0.315,0.584,49.05,30.06
"2025-03-02 19:30:00",12349,12.6,311,0,2.21,2.92,4.03,0.258,0.357,0.31,0.573,49.7,29.76
"2025-03-02 20:00:00",12350,12.6,311,0,2.123,2.72,3.96,0.241,0.35,0.297,0.57,49.93,29.98
"2025-03-02 20:30:00",12351,12.59,311,0,2.126,2.73,3.96,0.242,0.35,0.298,0.568,49.47,29.78
"2025-03-02 21:00:00",12352,12.59,311,0,2.142,2.7,4.04,0.239,0.357,0.291,0.573,50.19,30.08
"2025-03-02 21:30:00",12353,12.59,311,0,2.167,2.72,4.1,0.24,0.363,0.297,0.579,49.61,30.35
"2025-03-02 22:00:00",12354,12.59,311,0,2.126,2.72,3.97,0.241,0.352,0.296,0.572,49.67,29.73
"2025-03-02 22:30:00",12355,12.58,311,0,2.101,2.7,3.91,0.239,0.346,0.296,0.568,49.52,29.83
"2025-03-02 23:00:00",12356,12.58,311,0,2.107,2.67,3.96,0.236,0.351,0.293,0.566,49.94,30.09
"2025-03-02 23:30:00",12357,12.57,311,0,2.075,2.66,3.87,0.235,0.343,0.291,0.564,49.42,29.89
"2025-03-03 00:00:00",12358,12.57,311,0,2.033,2.54,3.86,0.225,0.342,0.284,0.563,48.78,30.19
"2025-03-03 00:30:00",12359,12.57,311,0,2.085,2.71,3.85,0.24,0.341,0.293,0.566,49.45,30.18
"2025-03-03 01:00:00",12360,12.57,311,0,2.06,2.68,3.8,0.237,0.336,0.293,0.557,49.03,30.34
"2025-03-03 01:30:00",12361,12.57,311,0,2.066,2.7,3.8,0.239,0.336,0.292,0.557,50.04,29.93
"2025-03-03 02:00:00",12362,12.57,311,0,2.05,2.64,3.81,0.234,0.337,0.291,0.556,50.2,29.83
"2025-03-03 02:30:00",12363,12.57,311,0,2.054,2.68,3.78,0.237,0.335,0.293,0.56,49.67,30.4
"2025-03-03 03:00:00",12364,12.56,311,0,2.015,2.56,3.78,0.227,0.335,0.288,0.558,49.31,30.04
"2025-03-03 03:30:00",12365,12.56,311,0,2.057,2.68,3.79,0.237,0.336,0.291,0.561,49.1,29.68
"2025-03-03 04:00:00",12366,12.56,311,0,2.047,2.64,3.8,0.233,0.336,0.293,0.561,49.32,30.04
"2025-03-03 04:30:00",12367,12.56,311,0,2.048,2.69,3.75,0.238,0.332,0.292,0.558,49.03,30.16
"2025-03-03 05:00:00",12368,12.56,311,0,2.047,2.65,3.79,0.234,0.336,0.29,0.557,49.12,29.85
"2025-03-03 05:30:00",12369,12.56,311,0,2.031,2.6,3.79,0.231,0.336,0.288,0.558,49.85,30
"2025-03-03 06:00:00",12370,12.56,311,0,2.047,2.65,3.79,0.234,0.336,0.29,0.558,49.17,29.74
"2025-03-03 06:30:00",12371,12.56,311,0,2.06,2.69,3.79,0.238,0.336,0.294,0.56,48.82,30.11
"2025-03-03 07:00:00",12372,12.55,311,0,1.905,2.6,3.39,0.23,0.3,0.284,0.529,50.63,29.84
"2025-03-03 07:30:00",12373,12.55,311,0,1.999,2.57,3.72,0.227,0.329,0.282,0.547,49.99,30.3
"2025-03-03 08:00:00",12374,12.55,311,0,2.04,2.61,3.81,0.231,0.337,0.281,0.553,49.95,29.84
"2025-03-03 08:30:00",12375,12.55,311,0,1.904,2.44,3.55,0.216,0.314,0.259,0.529,50.78,29.99
"2025-03-03 09:00:00",12376,12.55,311,0,1.951,2.5,3.64,0.221,0.322,0.266,0.529,51.53,30.76
"2025-03-03 09:30:00",12377,12.55,311,0,1.945,2.5,3.62,0.221,0.32,0.263,0.526,52.1,30.08
"2025-03-03 10:00:00",12378,12.56,311,0,1.97,2.48,3.72,0.219,0.329,0.274,0.536,50.25,30.32
"2025-03-03 10:30:00",12379,12.57,311,0,2.024,2.58,3.79,0.228,0.336,0.277,0.54,51.44,29.85
"2025-03-03 11:00:00",12380,12.58,311,0,2.05,2.6,3.85,0.23,0.341,0.281,0.542,50.45,30.11
"2025-03-03 11:30:00",12381,12.59,311,0,2.11,2.63,4.01,0.232,0.355,0.283,0.561,50.43,30.77
"2025-03-03 12:00:00",12382,12.59,311,0,2.148,2.72,4.04,0.241,0.357,0.291,0.564,49.86,30.77
"2025-03-03 12:30:00",12383,12.6,311,0,2.174,2.77,4.07,0.246,0.36,0.292,0.57,50.87,30.37
"2025-03-03 13:00:00",12384,12.6,311,0,2.152,2.74,4.03,0.243,0.356,0.292,0.566,49.97,30.73
"2025-03-03 13:30:00",12385,12.6,311,0,2.109,2.59,4.05,0.229,0.359,0.277,0.565,51.39,30.63
"2025-03-03 14:00:00",12386,12.59,311,0,2.142,2.71,4.03,0.24,0.357,0.292,0.567,50.19,30.53
"2025-03-03 14:30:00",12387,12.59,311,0,2.084,2.61,3.95,0.231,0.35,0.278,0.557,51.11,31.04
"2025-03-03 15:00:00",12388,12.6,311,0,2.1,2.63,3.98,0.233,0.352,0.285,0.558,50.85,30.93
"2025-03-03 15:30:00",12389,12.6,311,0,2.09,2.59,3.99,0.229,0.354,0.277,0.56,51.07,30.31
"2025-03-03 16:00:00",12390,12.6,311,0,2.135,2.7,4.02,0.239,0.356,0.293,0.567,49.77,31.2
"2025-03-03 16:30:00",12391,12.6,311,0,2.193,2.78,4.12,0.246,0.365,0.3,0.577,49.2,30.37
"2025-03-03 17:00:00",12392,12.6,311,0,2.224,2.82,4.18,0.249,0.37,0.305,0.582,49.45,31.04
"2025-03-03 17:30:00",12393,12.6,311,0,2.253,2.82,4.27,0.249,0.378,0.306,0.59,49.29,30.72
"2025-03-03 18:00:00",12394,12.59,311,0,2.304,2.91,4.34,0.258,0.384,0.313,0.594,48.44,30.69
"2025-03-03 18:30:00",12395,12.59,311,0,2.272,2.84,4.31,0.252,0.382,0.307,0.596,49.65,30.39
"2025-03-03 19:00:00",12396,12.59,311,0,2.327,2.98,4.34,0.264,0.384,0.318,0.596,49.3,30.45
"2025-03-03 19:30:00",12397,12.58,311,0,2.256,2.86,4.24,0.253,0.375,0.309,0.586,49.49,30.23
"2025-03-03 20:00:00",12398,12.58,311,0,2.275,2.82,4.34,0.25,0.384,0.299,0.595,49.83,30.14
"2025-03-03 20:30:00",12399,12.57,311,0,2.205,2.74,4.2,0.243,0.371,0.297,0.58,49.54,30.28
"2025-03-03 21:00:00",12400,12.57,311,0,2.139,2.7,4.03,0.239,0.356,0.296,0.573,49.98,30.55
"2025-03-03 21:30:00",12401,12.57,311,0,2.12,2.72,3.95,0.24,0.35,0.293,0.568,49.19,29.67
"2025-03-03 22:00:00",12402,12.56,311,0,2.094,2.66,3.93,0.236,0.348,0.29,0.565,49.16,30.46
"2025-03-03 22:30:00",12403,12.56,311,0,2.085,2.65,3.91,0.235,0.346,0.29,0.559,49.98,30.03
"2025-03-03 23:00:00",12404,12.56,311,0,2.063,2.63,3.86,0.233,0.342,0.287,0.561,50.28,30.6
"2025-03-03 23:30:00",12405,12.56,311,0,2.047,2.61,3.83,0.231,0.339,0.281,0.554,50.8,29.61
"2025-03-04 00:00:00",12406,12.55,311,0,2.028,2.59,3.79,0.229,0.335,0.278,0.547,49.65,30.8
"2025-03-04 00:30:00",12407,12.55,311,0,2.066,2.66,3.84,0.236,0.34,0.289,0.56,49.91,31.22
"2025-03-04 01:00:00",12408,12.56,311,0,2.031,2.62,3.77,0.232,0.334,0.285,0.55,50.34,29.82
"2025-03-04 01:30:00",12409,12.55,311,0,2.044,2.63,3.8,0.233,0.336,0.286,0.551,49.41,29.98
"2025-03-04 02:00:00",12410,12.56,311,0,2.063,2.65,3.84,0.235,0.34,0.29,0.56,50.28,30.18
"2025-03-04 02:30:00",12411,12.55,311,0,2.04,2.59,3.83,0.229,0.339,0.287,0.552,50.19,30.08
"2025-03-04 03:00:00",12412,12.55,311,0,2.056,2.62,3.85,0.232,0.34,0.287,0.558,49.77,30.09
"2025-03-04 03:30:00",12413,12.55,311,0,2.043,2.6,3.83,0.23,0.339,0.279,0.557,49.82,29.88
"2025-03-04 04:00:00",12414,12.55,311,0,2.018,2.58,3.77,0.228,0.334,0.278,0.551,49.92,30.24
"2025-03-04 04:30:00",12415,12.55,311,0,2.047,2.64,3.8,0.234,0.336,0.286,0.55,48.56,30.55
"2025-03-04 05:00:00",12416,12.55,311,0,2.069,2.62,3.89,0.232,0.344,0.28,0.555,50.92,30.25
"2025-03-04 05:30:00",12417,12.55,311,0,2.059,2.61,3.87,0.231,0.343,0.284,0.557,50.66,29.88
"2025-03-04 06:00:00",12418,12.55,311,0,2.034,2.56,3.84,0.227,0.34,0.282,0.559,49.54,30.12
"2025-03-04 06:30:00",12419,12.56,311,0,2.056,2.57,3.9,0.228,0.345,0.284,0.559,49.44,30.02
"2025-03-04 07:00:00",12420,12.56,311,0,2.152,2.76,4.01,0.244,0.355,0.298,0.567,49.51,30.24
"2025-03-04 07:30:00",12421,12.56,311,0,2.059,2.62,3.86,0.231,0.342,0.277,0.557,50.74,30.23
"2025-03-04 08:00:00",12422,12.55,311,0,1.948,2.48,3.65,0.22,0.323,0.263,0.538,50.72,30.37
"2025-03-04 08:30:00",12423,12.55,311,0,1.939,2.46,3.64,0.217,0.323,0.259,0.535,49.8,30.12
"2025-03-04 09:00:00",12424,12.55,311,0,1.954,2.45,3.7,0.217,0.327,0.257,0.531,51.8,31.05
"2025-03-04 09:30:00",12425,12.55,311,0,1.932,2.41,3.67,0.213,0.325,0.253,0.529,50.5,31.27
"2025-03-04 10:00:00",12426,12.55,311,0,2.033,2.53,3.87,0.224,0.342,0.262,0.542,51.96,30.81
"2025-03-04 10:30:00",12427,12.56,311,0,2.05,2.58,3.87,0.228,0.343,0.266,0.539,52.03,31.15
"2025-03-04 11:00:00",12428,12.57,311,0,2.11,2.65,3.99,0.235,0.353,0.275,0.549,51.99,29.45
"2025-03-04 11:30:00",12429,12.57,311,0,2.148,2.67,4.09,0.236,0.362,0.281,0.565,50.86,31.06
"2025-03-04 12:00:00",12430,12.58,311,0,2.186,2.7,4.18,0.239,0.37,0.284,0.566,51.44,30.96
"2025-03-04 12:30:00",12431,12.58,311,0,2.217,2.68,4.3,0.237,0.38,0.283,0.578,51.29,31.23
"2025-03-04 13:00:00",12432,12.58,311,0,2.201,2.71,4.22,0.24,0.374,0.287,0.571,51.02,30.96
"2025-03-04 13:30:00",12433,12.58,311,0,2.211,2.71,4.25,0.24,0.376,0.285,0.578,51.72,30.97
"2025-03-04 14:00:00",12434,12.58,311,0,2.188,2.62,4.27,0.232,0.378,0.283,0.58,49.52,30.45
"2025-03-04 14:30:00",12435,12.58,311,0,2.204,2.66,4.28,0.235,0.379,0.279,0.581,51.66,30.61
"2025-03-04 15:00:00",12436,12.58,311,0,2.261,2.76,4.36,0.244,0.386,0.296,0.585,49.2,30.96
"2025-03-04 15:30:00",12437,12.58,311,0,2.243,2.75,4.31,0.244,0.382,0.289,0.584,50.62,30.4
"2025-03-04 16:00:00",12438,12.58,311,0,2.222,2.59,4.41,0.229,0.39,0.274,0.585,49.88,30.65
"2025-03-04 16:30:00",12439,12.58,311,0,2.3,2.81,4.43,0.249,0.392,0.299,0.594,49.01,31.28
"2025-03-04 17:00:00",12440,12.58,311,0,2.306,2.79,4.47,0.247,0.395,0.3,0.597,48.97,30.82
"2025-03-04 17:30:00",12441,12.58,311,0,2.363,2.88,4.56,0.255,0.403,0.309,0.609,49.96,31.39
"2025-03-04 18:00:00",12442,12.58,311,0,2.354,2.88,4.53,0.255,0.401,0.307,0.611,49.81,30.56
"2025-03-04 18:30:00",12443,12.57,311,0,2.312,2.8,4.48,0.248,0.397,0.3,0.601,49.82,30.73
"2025-03-04 19:00:00",12444,12.57,311,0,2.287,2.8,4.4,0.248,0.39,0.298,0.598,49.56,30.31
"2025-03-04 19:30:00",12445,12.57,311,0,2.259,2.78,4.33,0.246,0.383,0.295,0.593,49.66,30.16
"2025-03-04 20:00:00",12446,12.56,311,0,2.16,2.67,4.13,0.236,0.366,0.285,0.576,50.32,30.67
"2025-03-04 20:30:00",12447,12.56,311,0,2.119,2.6,4.07,0.23,0.36,0.281,0.568,50.17,30.52
"2025-03-04 21:00:00",12448,12.56,311,0,2.125,2.64,4.05,0.233,0.358,0.288,0.572,49.39,30.3
"2025-03-04 21:30:00",12449,12.56,311,0,2.116,2.64,4.02,0.233,0.356,0.287,0.571,49.44,30.2
"2025-03-04 22:00:00",12450,12.55,311,0,2.132,2.64,4.07,0.234,0.36,0.289,0.576,49.41,30.73
"2025-03-04 22:30:00",12451,12.55,311,0,2.078,2.58,3.96,0.228,0.351,0.278,0.567,50.36,30.43
"2025-03-04 23:00:00",12452,12.55,311,0,2.034,2.55,3.85,0.226,0.34,0.274,0.561,50.75,30.83
"2025-03-04 23:30:00",12453,12.55,311,0,2.056,2.58,3.89,0.229,0.344,0.28,0.56,51.02,30.11
"2025-03-05 00:00:00",12454,12.55,311,0,2.078,2.6,3.94,0.23,0.348,0.284,0.562,50.89,31.23
"2025-03-05 00:30:00",12455,12.55,311,0,2.072,2.59,3.93,0.229,0.348,0.283,0.563,49.56,30.88
"2025-03-05 01:00:00",12456,12.55,311,0,2.046,2.54,3.9,0.225,0.345,0.279,0.562,49.71,29.89
"2025-03-05 01:30:00",12457,12.54,311,0,2.04,2.57,3.85,0.227,0.341,0.277,0.562,50.44,30.21
"2025-03-05 02:00:00",12458,12.54,311,0,2.05,2.58,3.87,0.228,0.343,0.28,0.562,49.88,29.8
"2025-03-05 02:30:00",12459,12.54,311,0,2.087,2.61,3.96,0.231,0.35,0.28,0.566,50.13,30.31
"2025-03-05 03:00:00",12460,12.54,311,0,2.046,2.55,3.89,0.226,0.344,0.273,0.557,49.61,31.04
"2025-03-05 03:30:00",12461,12.54,311,0,2.069,2.61,3.9,0.231,0.345,0.281,0.562,49.48,30.64
"2025-03-05 04:00:00",12462,12.54,311,0,2.036,2.53,3.88,0.224,0.343,0.274,0.557,50.63,30.3
"2025-03-05 04:30:00",12463,12.54,311,0,2.046,2.58,3.86,0.229,0.342,0.277,0.557,49.03,30.62
"2025-03-05 05:00:00",12464,12.54,311,0,2.027,2.54,3.84,0.225,0.34,0.275,0.557,49.96,30.46
"2025-03-05 05:30:00",12465,12.54,311,0,2.03,2.54,3.85,0.225,0.341,0.275,0.557,49.9,30.25
"2025-03-05 06:00:00",12466,12.54,311,0,2.008,2.53,3.79,0.224,0.336,0.272,0.553,50.31,30.4
"2025-03-05 06:30:00",12467,12.54,311,0,2.024,2.52,3.85,0.223,0.341,0.271,0.559,48.99,29.48
"2025-03-05 07:00:00",12468,12.53,311,0,2.024,2.51,3.86,0.222,0.341,0.274,0.553,50.33,31.09
"2025-03-05 07:30:00",12469,12.53,311,0,1.998,2.48,3.81,0.22,0.337,0.264,0.549,52.25,30.52
"2025-03-05 08:00:00",12470,12.53,311,0,2.008,2.5,3.82,0.221,0.338,0.269,0.548,50.8,30.47
"2025-03-05 08:30:00",12471,12.53,311,0,2.039,2.51,3.91,0.222,0.346,0.27,0.555,51.09,29.78
"2025-03-05 09:00:00",12472,12.53,311,0,2.027,2.52,3.86,0.223,0.341,0.269,0.545,52.17,31.12
"2025-03-05 09:30:00",12473,12.53,311,0,2.031,2.57,3.82,0.227,0.338,0.267,0.539,51.9,32.1
"2025-03-05 10:00:00",12474,12.53,311,0,2.024,2.5,3.87,0.221,0.343,0.264,0.544,50.86,30.39
"2025-03-05 10:30:00",12475,12.53,311,0,2.084,2.58,3.98,0.229,0.352,0.277,0.559,49.87,31.64
"2025-03-05 11:00:00",12476,12.54,311,0,2.007,2.42,3.9,0.214,0.346,0.252,0.553,52.97,29.99
"2025-03-05 11:30:00",12477,12.54,311,0,2.097,2.62,3.98,0.232,0.353,0.278,0.561,50.05,30.4
"2025-03-05 12:00:00",12478,12.54,311,0,2.096,2.51,4.09,0.222,0.362,0.28,0.58,50.48,30.83
"2025-03-05 12:30:00",12479,12.54,311,0,2.221,2.74,4.25,0.243,0.376,0.284,0.573,51.14,30.24
"2025-03-05 13:00:00",12480,12.54,311,0,2.189,2.69,4.2,0.238,0.371,0.286,0.589,50.68,29.94
"2025-03-05 13:30:00",12481,12.54,311,0,2.189,2.75,4.14,0.243,0.367,0.288,0.577,49.9,30.4
"2025-03-05 14:00:00",12482,12.54,311,0,2.226,2.69,4.32,0.238,0.382,0.286,0.589,49.72,31.88
"2025-03-05 14:30:00",12483,12.54,311,0,2.182,2.68,4.19,0.237,0.371,0.287,0.576,46.74,30.57
"2025-03-05 15:00:00",12484,12.54,311,0,2.096,2.56,4.04,0.227,0.358,0.273,0.559,47.69,30.11
"2025-03-05 15:30:00",12485,12.54,311,0,2.1,2.61,4,0.231,0.354,0.281,0.555,49.57,31.02
"2025-03-05 16:00:00",12486,12.54,311,0,2.072,2.6,3.92,0.23,0.347,0.276,0.558,50.8,29.21
"2025-03-05 16:30:00",12487,12.53,311,0,1.906,2.32,3.68,0.205,0.326,0.246,0.53,52.61,29.63
"2025-03-05 17:00:00",12488,12.53,311,0,1.955,2.49,3.66,0.221,0.324,0.268,0.544,51.77,30.87
"2025-03-05 17:30:00",12489,12.53,311,0,2.075,2.65,3.88,0.235,0.344,0.295,0.569,49.65,29.32
"2025-03-05 18:00:00",12490,12.53,311,0,1.943,2.32,3.8,0.205,0.336,0.254,0.549,51.51,31.02
"2025-03-05 18:30:00",12491,12.53,311,0,1.87,2.24,3.65,0.198,0.323,0.243,0.541,49.38,30.55
"2025-03-05 19:00:00",12492,12.53,311,0,1.918,2.33,3.71,0.207,0.328,0.254,0.547,51.25,30.35
"2025-03-05 19:30:00",12493,12.53,311,0,2.005,2.53,3.78,0.224,0.335,0.272,0.553,50.11,29.62
"2025-03-05 20:00:00",12494,12.53,311,0,1.989,2.52,3.74,0.223,0.331,0.274,0.548,51.1,30.88
"2025-03-05 20:30:00",12495,12.53,311,0,1.979,2.47,3.76,0.218,0.333,0.265,0.551,49.53,30.29
"2025-03-05 21:00:00",12496,12.53,311,0,2.024,2.51,3.86,0.222,0.342,0.271,0.56,49.23,30.15
"2025-03-05 21:30:00",12497,12.52,311,0,1.992,2.47,3.8,0.218,0.336,0.274,0.558,49.43,30.35
"2025-03-05 22:00:00",12498,12.52,311,0,2.02,2.5,3.86,0.221,0.342,0.279,0.563,49.88,30.37
"2025-03-05 22:30:00",12499,12.52,311,0,2.017,2.49,3.86,0.221,0.342,0.276,0.566,49.92,29.84
"2025-03-05 23:00:00",12500,12.52,311,0,2.023,2.49,3.88,0.22,0.343,0.273,0.564,49.31,30.47
"2025-03-05 23:30:00",12501,12.52,311,0,1.998,2.47,3.82,0.218,0.338,0.27,0.56,49.48,30.48
"2025-03-06 00:00:00",12502,12.52,311,0,1.934,2.31,3.78,0.205,0.334,0.254,0.552,50.48,30.41
"2025-03-06 00:30:00",12503,12.52,311,0,2.007,2.46,3.86,0.217,0.342,0.269,0.562,49.71,30.62
"2025-03-06 01:00:00",12504,12.52,311,0,2.004,2.45,3.86,0.217,0.342,0.264,0.554,49.36,29.43
"2025-03-06 01:30:00",12505,12.51,311,0,1.972,2.4,3.81,0.212,0.337,0.264,0.55,50.34,31.25
"2025-03-06 02:00:00",12506,12.51,311,0,2.071,2.58,3.94,0.228,0.349,0.279,0.571,49.24,30.99
"2025-03-06 02:30:00",12507,12.51,311,0,2.055,2.48,3.99,0.22,0.353,0.272,0.573,50.05,30.12
"2025-03-06 03:00:00",12508,12.51,311,0,2.068,2.52,3.99,0.223,0.353,0.274,0.568,49.18,30.09
"2025-03-06 03:30:00",12509,12.51,311,0,2.109,2.58,4.06,0.228,0.359,0.28,0.572,49.99,30.89
"2025-03-06 04:00:00",12510,12.51,311,0,2.09,2.55,4.03,0.226,0.357,0.278,0.572,49.81,30.98
"2025-03-06 04:30:00",12511,12.51,311,0,2.087,2.55,4.02,0.226,0.356,0.279,0.575,49.19,30.2
"2025-03-06 05:00:00",12512,12.51,311,0,2.119,2.58,4.09,0.228,0.362,0.282,0.577,49.48,30.23
"2025-03-06 05:30:00",12513,12.51,311,0,2.07,2.48,4.04,0.219,0.357,0.271,0.571,49.82,30.31
"2025-03-06 06:00:00",12514,12.5,311,0,2.065,2.52,3.98,0.223,0.352,0.275,0.569,49.09,29.85
"2025-03-06 06:30:00",12515,12.5,311,0,2.093,2.52,4.07,0.223,0.36,0.272,0.574,49.21,29.96
"2025-03-06 07:00:00",12516,12.5,311,0,2.154,2.67,4.11,0.236,0.364,0.284,0.575,49.88,30.78
"2025-03-06 07:30:00",12517,12.5,311,0,2.04,2.31,4.12,0.205,0.365,0.263,0.578,48.23,31.31
"2025-03-06 08:00:00",12518,12.5,311,0,2.179,2.66,4.2,0.235,0.371,0.285,0.586,49.29,30.45
"2025-03-06 08:30:00",12519,12.5,311,0,2.182,2.66,4.21,0.235,0.372,0.285,0.586,50.58,30.49
"2025-03-06 09:00:00",12520,12.5,311,0,2.139,2.42,4.32,0.214,0.383,0.265,0.59,50.42,30.06
"2025-03-06 09:30:00",12521,12.49,311,0,2.351,2.97,4.43,0.263,0.392,0.3,0.601,50.16,30.23
"2025-03-06 10:00:00",12522,12.49,311,0,2.129,2.4,4.31,0.213,0.382,0.275,0.59,50.33,31.07
"2025-03-06 10:30:00",12523,12.49,311,0,2.129,2.42,4.29,0.214,0.38,0.269,0.585,49.01,30.33
"2025-03-06 11:00:00",12524,12.49,311,0,2.213,2.63,4.34,0.233,0.384,0.273,0.59,49.64,30.22
"2025-03-06 11:30:00",12525,12.49,311,0,2.277,2.76,4.41,0.244,0.391,0.285,0.593,51.44,30.35
"2025-03-06 12:00:00",12526,12.49,311,0,2.303,2.86,4.39,0.253,0.389,0.298,0.587,51.37,30.03
"2025-03-06 12:30:00",12527,12.49,311,0,2.213,2.61,4.36,0.231,0.386,0.277,0.585,50.89,30.54
"2025-03-06 13:00:00",12528,12.49,311,0,2.226,2.62,4.39,0.232,0.389,0.275,0.594,50.53,30.03
"2025-03-06 13:30:00",12529,12.49,311,0,2.225,2.59,4.42,0.229,0.391,0.271,0.594,50.44,31.02
"2025-03-06 14:00:00",12530,12.49,311,0,2.296,2.73,4.5,0.242,0.399,0.287,0.6,51.19,30.43
"2025-03-06 14:30:00",12531,12.49,311,0,2.351,2.95,4.45,0.261,0.394,0.302,0.594,51.13,30.47
"2025-03-06 15:00:00",12532,12.49,311,0,2.287,2.79,4.41,0.247,0.39,0.283,0.595,53.17,31.57
"2025-03-06 15:30:00",12533,12.49,311,0,2.426,2.9,4.74,0.257,0.419,0.302,0.619,50.43,30.93
"2025-03-06 16:00:00",12534,12.49,311,0,2.343,2.74,4.64,0.243,0.411,0.29,0.611,49.93,30.42
"2025-03-06 16:30:00",12535,12.49,311,0,2.372,2.79,4.68,0.247,0.415,0.294,0.613,50.31,29.65
"2025-03-06 17:00:00",12536,12.49,311,0,2.445,2.9,4.8,0.257,0.425,0.305,0.62,49.38,30.28
"2025-03-06 17:30:00",12537,12.49,311,0,2.422,2.85,4.78,0.252,0.423,0.299,0.612,49.38,30.12
"2025-03-06 18:00:00",12538,12.49,311,0,2.484,3.04,4.78,0.269,0.423,0.314,0.625,49.75,30.49
"2025-03-06 18:30:00",12539,12.48,311,0,2.375,2.78,4.7,0.246,0.416,0.305,0.605,48.87,31.27
"2025-03-06 19:00:00",12540,12.48,311,0,2.333,2.73,4.62,0.241,0.409,0.295,0.623,50.58,29.66
"2025-03-06 19:30:00",12541,12.48,311,0,2.341,2.83,4.54,0.25,0.402,0.296,0.602,50.91,30.65
"2025-03-06 20:00:00",12542,12.47,311,0,2.293,2.77,4.45,0.245,0.394,0.295,0.605,50.82,30.71
"2025-03-06 20:30:00",12543,12.47,311,0,2.217,2.67,4.31,0.236,0.381,0.281,0.591,49.58,29.63
"2025-03-06 21:00:00",12544,12.47,311,0,2.207,2.68,4.27,0.237,0.378,0.282,0.587,50.51,29.99
"2025-03-06 21:30:00",12545,12.47,311,0,2.236,2.73,4.31,0.242,0.381,0.284,0.587,50.99,29.89
"2025-03-06 22:00:00",12546,12.46,311,0,2.144,2.61,4.14,0.231,0.367,0.284,0.59,49.77,29.25
"2025-03-06 22:30:00",12547,12.46,311,0,2.173,2.69,4.15,0.238,0.368,0.287,0.586,50.22,30.11
"2025-03-06 23:00:00",12548,12.46,311,0,2.186,2.74,4.14,0.242,0.367,0.286,0.586,50.04,29.93
"2025-03-06 23:30:00",12549,12.46,311,0,2.147,2.64,4.12,0.234,0.364,0.287,0.576,49.92,31.05
"2025-03-07 00:00:00",12550,12.46,311,0,2.154,2.64,4.14,0.234,0.367,0.282,0.581,49.6,30.05
"2025-03-07 00:30:00",12551,12.46,311,0,2.151,2.67,4.1,0.236,0.363,0.287,0.585,50.19,30.51
"2025-03-07 01:00:00",12552,12.46,311,0,2.144,2.61,4.14,0.231,0.367,0.276,0.581,51.14,30.35
"2025-03-07 01:30:00",12553,12.45,311,0,2.141,2.61,4.13,0.231,0.365,0.284,0.591,50.36,30.67
"2025-03-07 02:00:00",12554,12.45,311,0,2.186,2.7,4.18,0.239,0.37,0.288,0.584,50.51,29.41
"2025-03-07 02:30:00",12555,12.45,311,0,2.151,2.67,4.1,0.236,0.363,0.285,0.577,49.59,30.15
"2025-03-07 03:00:00",12556,12.45,311,0,2.145,2.67,4.08,0.236,0.361,0.285,0.572,50.56,30.2
"2025-03-07 03:30:00",12557,12.45,311,0,2.144,2.61,4.14,0.231,0.366,0.282,0.579,50.16,30.21
"2025-03-07 04:00:00",12558,12.45,311,0,2.147,2.64,4.12,0.234,0.364,0.283,0.577,49.27,29.99
"2025-03-07 04:30:00",12559,12.44,311,0,2.163,2.67,4.14,0.237,0.366,0.288,0.582,49.46,30.02
"2025-03-07 05:00:00",12560,12.44,311,0,2.15,2.64,4.13,0.234,0.365,0.282,0.579,49.2,30.48
"2025-03-07 05:30:00",12561,12.44,311,0,2.138,2.67,4.06,0.236,0.36,0.288,0.577,50.39,30.01
"2025-03-07 06:00:00",12562,12.44,311,0,2.093,2.54,4.05,0.225,0.359,0.278,0.576,49.48,29.94
"2025-03-07 06:30:00",12563,12.44,311,0,2.145,2.67,4.08,0.236,0.361,0.287,0.575,49.93,30.24
"2025-03-07 07:00:00",12564,12.44,311,0,2.074,2.56,3.97,0.227,0.351,0.278,0.566,50.53,29.84
"2025-03-07 07:30:00",12565,12.43,311,0,2.049,2.53,3.92,0.224,0.347,0.267,0.561,51.83,30.47
"2025-03-07 08:00:00",12566,12.43,311,0,2.055,2.51,3.96,0.222,0.35,0.27,0.56,51.05,30.1
"2025-03-07 08:30:00",12567,12.43,311,0,2.093,2.52,4.07,0.223,0.36,0.272,0.569,51.44,29.83
"2025-03-07 09:00:00",12568,12.43,311,0,2.096,2.56,4.04,0.227,0.358,0.274,0.566,51.35,30.67
"2025-03-07 09:30:00",12569,12.44,311,0,2.086,2.5,4.07,0.221,0.36,0.265,0.568,51.59,30.91
"2025-03-07 10:00:00",12570,12.44,311,0,2.147,2.57,4.19,0.228,0.371,0.276,0.574,51.23,30.14
"2025-03-07 10:30:00",12571,12.44,311,0,2.14,2.58,4.16,0.229,0.368,0.276,0.571,50.28,31.02
"2025-03-07 11:00:00",12572,12.44,311,0,2.176,2.65,4.2,0.234,0.371,0.277,0.578,51.27,31.17
"2025-03-07 11:30:00",12573,12.44,311,0,2.213,2.65,4.32,0.235,0.382,0.282,0.591,50.01,31.42
"2025-03-07 12:00:00",12574,12.44,311,0,2.22,2.66,4.33,0.235,0.384,0.277,0.58,50.69,31.58
"2025-03-07 12:30:00",12575,12.44,311,0,2.245,2.66,4.41,0.236,0.39,0.281,0.59,51.36,30.85
"2025-03-07 13:00:00",12576,12.45,311,0,2.257,2.67,4.44,0.236,0.393,0.275,0.591,50.16,31.89
"2025-03-07 13:30:00",12577,12.45,311,0,2.299,2.72,4.52,0.241,0.4,0.279,0.59,50.14,30.47
"2025-03-07 14:00:00",12578,12.45,311,0,2.36,2.85,4.58,0.252,0.405,0.301,0.607,49.26,30.58
"2025-03-07 14:30:00",12579,12.45,311,0,2.34,2.74,4.63,0.242,0.41,0.289,0.61,50.51,30.99
"2025-03-07 15:00:00",12580,12.45,311,0,2.443,2.98,4.71,0.264,0.417,0.305,0.612,50.05,30.53
"2025-03-07 15:30:00",12581,12.45,311,0,2.308,2.68,4.59,0.237,0.407,0.28,0.601,52.28,30.37
"2025-03-07 16:00:00",12582,12.45,311,0,2.355,2.71,4.71,0.24,0.417,0.291,0.613,49.25,30.42
"2025-03-07 16:30:00",12583,12.45,311,0,2.444,2.85,4.85,0.253,0.429,0.301,0.623,49.77,30.94
"2025-03-07 17:00:00",12584,12.45,311,0,2.454,2.89,4.84,0.255,0.428,0.307,0.629,50.09,30.27
"2025-03-07 17:30:00",12585,12.45,311,0,2.495,2.93,4.93,0.26,0.436,0.309,0.634,50.26,31
"2025-03-07 18:00:00",12586,12.45,311,0,2.547,3.03,4.99,0.268,0.441,0.321,0.635,49.43,31.01
"2025-03-07 18:30:00",12587,12.45,311,0,2.463,2.85,4.91,0.252,0.434,0.306,0.63,50.16,30.33
"2025-03-07 19:00:00",12588,12.45,311,0,2.423,2.87,4.76,0.254,0.422,0.304,0.622,49.49,30.8
"2025-03-07 19:30:00",12589,12.45,311,0,2.363,2.83,4.61,0.25,0.408,0.303,0.61,49.91,30.65
"2025-03-07 20:00:00",12590,12.44,311,0,2.286,2.71,4.49,0.24,0.397,0.29,0.602,50.27,30.34
"2025-03-07 20:30:00",12591,12.44,311,0,2.264,2.73,4.4,0.241,0.389,0.292,0.595,49.34,30.49
"2025-03-07 21:00:00",12592,12.44,311,0,2.22,2.69,4.3,0.238,0.381,0.287,0.591,50.51,30.4
"2025-03-07 21:30:00",12593,12.43,311,0,2.179,2.66,4.2,0.235,0.372,0.284,0.582,50.16,29.81
"2025-03-07 22:00:00",12594,12.43,311,0,2.153,2.62,4.16,0.232,0.368,0.281,0.578,50.8,30.55
"2025-03-07 22:30:00",12595,12.43,311,0,2.131,2.62,4.09,0.232,0.362,0.28,0.572,50.32,29.81
"2025-03-07 23:00:00",12596,12.43,311,0,2.112,2.55,4.1,0.225,0.363,0.275,0.569,50.53,29.87
"2025-03-07 23:30:00",12597,12.43,311,0,2.119,2.58,4.09,0.229,0.362,0.272,0.571,51.32,29.98
"2025-03-08 00:00:00",12598,12.43,311,0,2.112,2.58,4.07,0.229,0.36,0.274,0.571,51.57,30.65
"2025-03-08 00:30:00",12599,12.43,311,0,2.144,2.66,4.09,0.235,0.362,0.282,0.572,49.91,30.39
"2025-03-08 01:00:00",12600,12.43,311,0,2.122,2.59,4.09,0.229,0.362,0.278,0.572,49.85,30.17
"2025-03-08 01:30:00",12601,12.43,311,0,2.122,2.62,4.06,0.232,0.359,0.274,0.567,51.1,30.18
"2025-03-08 02:00:00",12602,12.43,311,0,2.129,2.64,4.06,0.234,0.36,0.284,0.574,50.06,30.8
"2025-03-08 02:30:00",12603,12.43,311,0,2.176,2.67,4.18,0.237,0.37,0.292,0.581,49.18,31.32
"2025-03-08 03:00:00",12604,12.43,311,0,2.217,2.72,4.26,0.24,0.377,0.289,0.587,49.85,30.86
"2025-03-08 03:30:00",12605,12.43,311,0,2.207,2.68,4.27,0.238,0.378,0.291,0.591,50.24,30.97
"2025-03-08 04:00:00",12606,12.43,311,0,2.214,2.69,4.28,0.238,0.379,0.289,0.592,51.14,30.61
"2025-03-08 04:30:00",12607,12.43,311,0,2.201,2.72,4.21,0.241,0.373,0.288,0.583,50.82,30.3
"2025-03-08 05:00:00",12608,12.42,311,0,2.201,2.72,4.21,0.241,0.372,0.294,0.586,49.63,29.93
"2025-03-08 05:30:00",12609,12.42,311,0,2.179,2.68,4.18,0.237,0.37,0.288,0.582,49.6,29.92
"2025-03-08 06:00:00",12610,12.42,311,0,2.176,2.7,4.15,0.239,0.367,0.286,0.578,49.82,30.4
"2025-03-08 06:30:00",12611,12.42,311,0,2.167,2.71,4.11,0.239,0.364,0.286,0.572,50.29,31.02
"2025-03-08 07:00:00",12612,12.42,311,0,2.087,2.53,4.04,0.224,0.358,0.276,0.572,51.52,30.75
"2025-03-08 07:30:00",12613,12.41,311,0,2.103,2.57,4.05,0.228,0.359,0.275,0.569,50.41,30.75
"2025-03-08 08:00:00",12614,12.42,311,0,2.103,2.55,4.07,0.226,0.36,0.273,0.573,51.62,30.86
"2025-03-08 08:30:00",12615,12.41,311,0,2.115,2.54,4.12,0.225,0.365,0.272,0.571,51.02,30.66
"2025-03-08 09:00:00",12616,12.41,311,0,2.146,2.55,4.21,0.225,0.373,0.267,0.569,51.25,30.17
"2025-03-08 09:30:00",12617,12.41,311,0,2.191,2.59,4.31,0.229,0.382,0.263,0.578,51.65,30.48
"2025-03-08 10:00:00",12618,12.41,311,0,2.258,2.71,4.4,0.24,0.389,0.278,0.581,52.06,31.41
"2025-03-08 10:30:00",12619,12.42,311,0,2.269,2.61,4.54,0.231,0.402,0.274,0.596,51.79,30.88
"2025-03-08 11:00:00",12620,12.42,311,0,2.509,3.06,4.84,0.271,0.428,0.312,0.609,51.63,31.14
"2025-03-08 11:30:00",12621,12.43,311,0,2.332,2.62,4.73,0.232,0.418,0.272,0.608,53.14,30.42
"2025-03-08 12:00:00",12622,12.43,311,0,2.548,3.13,4.89,0.277,0.433,0.327,0.629,49.41,31.82
"2025-03-08 12:30:00",12623,12.43,311,0,2.444,2.8,4.9,0.248,0.434,0.285,0.615,55.03,31.62
"2025-03-08 13:00:00",12624,12.43,311,0,2.406,2.8,4.78,0.248,0.423,0.292,0.617,50.09,30.83
"2025-03-08 13:30:00",12625,12.43,311,0,2.546,3.01,5.01,0.266,0.443,0.318,0.635,49.72,30.89
"2025-03-08 14:00:00",12626,12.43,311,0,2.516,3.1,4.82,0.275,0.427,0.311,0.619,51.48,30.99
"2025-03-08 14:30:00",12627,12.42,311,0,2.45,2.84,4.88,0.251,0.432,0.292,0.615,52.31,30.56
"2025-03-08 15:00:00",12628,12.42,311,0,2.461,2.96,4.79,0.262,0.424,0.304,0.618,51.53,31.87
"2025-03-08 15:30:00",12629,12.42,311,0,2.402,2.71,4.86,0.24,0.43,0.287,0.62,51.1,30.62
"2025-03-08 16:00:00",12630,12.42,311,0,2.483,2.92,4.9,0.258,0.434,0.305,0.624,51.17,31.09
"2025-03-08 16:30:00",12631,12.42,311,0,2.543,2.98,5.03,0.264,0.446,0.314,0.64,50.66,30.74
"2025-03-08 17:00:00",12632,12.42,311,0,2.616,3.09,5.15,0.273,0.456,0.318,0.646,49.62,30.37
"2025-03-08 17:30:00",12633,12.42,311,0,2.648,3.11,5.23,0.275,0.463,0.322,0.651,48.79,30.95
"2025-03-08 18:00:00",12634,12.42,311,0,2.645,3.13,5.2,0.277,0.46,0.328,0.653,50.05,30.38
"2025-03-08 18:30:00",12635,12.42,311,0,2.581,3.03,5.1,0.268,0.451,0.32,0.641,48.8,30.79
"2025-03-08 19:00:00",12636,12.41,311,0,2.524,2.96,4.99,0.262,0.442,0.313,0.634,50.16,30.75
"2025-03-08 19:30:00",12637,12.41,311,0,2.413,2.85,4.75,0.252,0.42,0.307,0.615,50.57,31.16
"2025-03-08 20:00:00",12638,12.4,311,0,2.33,2.76,4.58,0.245,0.405,0.297,0.608,50.68,30.75
"2025-03-08 20:30:00",12639,12.4,311,0,2.331,2.84,4.5,0.251,0.399,0.304,0.605,49.23,31.22
"2025-03-08 21:00:00",12640,12.4,311,0,2.284,2.79,4.4,0.247,0.389,0.297,0.6,50.43,30.75
"2025-03-08 21:30:00",12641,12.4,311,0,2.287,2.83,4.37,0.25,0.387,0.301,0.596,50.33,30.24
"2025-03-08 22:00:00",12642,12.4,311,0,2.271,2.78,4.37,0.246,0.387,0.3,0.596,51.02,30.5
"2025-03-08 22:30:00",12643,12.4,311,0,2.223,2.69,4.31,0.238,0.381,0.296,0.591,49.55,29.87
"2025-03-08 23:00:00",12644,12.39,311,0,2.237,2.78,4.26,0.246,0.377,0.298,0.59,50.23,30.4
"2025-03-08 23:30:00",12645,12.39,311,0,2.243,2.78,4.28,0.246,0.379,0.297,0.59,49.5,30.5
"2025-03-09 00:00:00",12646,12.39,311,0,2.221,2.76,4.23,0.244,0.374,0.299,0.586,49.61,30.76
"2025-03-09 00:30:00",12647,12.39,311,0,2.172,2.6,4.24,0.23,0.376,0.291,0.59,50.39,30.86
"2025-03-09 01:00:00",12648,12.38,311,0,2.186,2.69,4.19,0.238,0.371,0.289,0.586,50.65,30.14
"2025-03-09 01:30:00",12649,12.38,311,0,2.237,2.77,4.27,0.246,0.378,0.298,0.589,49.76,30.24
"2025-03-09 02:00:00",12650,12.38,311,0,2.198,2.68,4.24,0.237,0.375,0.294,0.589,49.31,30.72
"2025-03-09 02:30:00",12651,12.38,311,0,2.208,2.71,4.24,0.24,0.375,0.293,0.589,48.87,30.44
"2025-03-09 03:00:00",12652,12.38,311,0,2.221,2.74,4.25,0.243,0.376,0.296,0.586,49.58,30.57
"2025-03-09 03:30:00",12653,12.38,311,0,2.211,2.72,4.24,0.241,0.375,0.294,0.587,49.83,30.4
"2025-03-09 04:00:00",12654,12.37,311,0,2.221,2.79,4.2,0.247,0.372,0.3,0.587,49.83,29.88
"2025-03-09 04:30:00",12655,12.37,311,0,2.202,2.73,4.2,0.242,0.372,0.297,0.585,49.2,30.35
"2025-03-09 05:00:00",12656,12.37,311,0,2.189,2.69,4.2,0.238,0.372,0.293,0.585,49.47,30.2
"2025-03-09 05:30:00",12657,12.36,311,0,2.202,2.73,4.2,0.242,0.372,0.292,0.585,49.57,30.14
"2025-03-09 06:00:00",12658,12.36,311,0,2.192,2.69,4.21,0.238,0.373,0.291,0.587,49.21,30.61
"2025-03-09 06:30:00",12659,12.36,311,0,2.179,2.67,4.19,0.236,0.371,0.289,0.584,49.95,30.26
"2025-03-09 07:00:00",12660,12.36,311,0,2.145,2.69,4.06,0.238,0.359,0.287,0.573,49.27,30
"2025-03-09 07:30:00",12661,12.36,311,0,2.071,2.54,3.98,0.225,0.352,0.273,0.565,51.39,30.45
"2025-03-09 08:00:00",12662,12.35,311,0,2.001,2.43,3.87,0.216,0.342,0.259,0.551,50.92,30.4
"2025-03-09 08:30:00",12663,12.35,311,0,2.011,2.46,3.87,0.218,0.343,0.264,0.551,51.41,30.9
"2025-03-09 09:00:00",12664,12.35,311,0,2.061,2.5,3.99,0.221,0.353,0.261,0.554,51.81,30.9
"2025-03-09 09:30:00",12665,12.36,311,0,2.055,2.46,4.01,0.218,0.355,0.258,0.555,52.92,30.48
"2025-03-09 10:00:00",12666,12.36,311,0,2.161,2.74,4.06,0.242,0.359,0.28,0.56,51.92,30.43
"2025-03-09 10:30:00",12667,12.37,311,0,2.288,2.88,4.32,0.255,0.383,0.298,0.581,51.53,31.62
"2025-03-09 11:00:00",12668,12.37,311,0,2.222,2.59,4.41,0.229,0.39,0.276,0.581,51.81,30.48
"2025-03-09 11:30:00",12669,12.38,311,0,2.334,2.82,4.53,0.25,0.401,0.293,0.596,51.31,30.98
"2025-03-09 12:00:00",12670,12.38,311,0,2.372,2.84,4.63,0.252,0.41,0.296,0.606,50.01,31.03
"2025-03-09 12:30:00",12671,12.38,311,0,2.43,2.98,4.67,0.264,0.413,0.303,0.602,52.2,30.62
"2025-03-09 13:00:00",12672,12.38,311,0,2.432,2.87,4.79,0.254,0.424,0.292,0.61,50.57,30.09
"2025-03-09 13:30:00",12673,12.38,311,0,2.442,2.9,4.79,0.257,0.424,0.298,0.613,51.86,31.54
"2025-03-09 14:00:00",12674,12.38,311,0,2.409,2.82,4.77,0.25,0.422,0.293,0.605,50.96,31.45
"2025-03-09 14:30:00",12675,12.38,311,0,2.361,2.72,4.72,0.241,0.417,0.282,0.602,52.05,30.72
"2025-03-09 15:00:00",12676,12.38,311,0,2.416,2.82,4.79,0.25,0.424,0.295,0.61,50.75,31.92
"2025-03-09 15:30:00",12677,12.39,311,0,2.582,3.14,4.99,0.278,0.442,0.323,0.632,51.36,31.29
"2025-03-09 16:00:00",12678,12.38,311,0,2.528,3.02,4.94,0.267,0.437,0.319,0.627,48.99,30.99
"2025-03-09 16:30:00",12679,12.39,311,0,2.62,3.19,5.06,0.283,0.448,0.324,0.636,50.38,30.56
"2025-03-09 17:00:00",12680,12.38,311,0,2.466,2.85,4.92,0.252,0.435,0.304,0.628,49.54,31.28
"2025-03-09 17:30:00",12681,12.39,311,0,2.553,3.08,4.96,0.272,0.439,0.324,0.639,49.25,31.1
"2025-03-09 18:00:00",12682,12.38,311,0,2.499,3.01,4.86,0.267,0.43,0.32,0.632,49.85,30.75
"2025-03-09 18:30:00",12683,12.38,311,0,2.448,2.94,4.77,0.26,0.422,0.315,0.622,49.27,30.43
"2025-03-09 19:00:00",12684,12.38,311,0,2.398,2.9,4.65,0.256,0.411,0.31,0.614,50.38,30.13
"2025-03-09 19:30:00",12685,12.37,311,0,2.366,2.9,4.55,0.256,0.403,0.306,0.607,50.75,30.65
"2025-03-09 20:00:00",12686,12.37,311,0,2.296,2.79,4.44,0.247,0.393,0.298,0.601,49.81,30.13
"2025-03-09 20:30:00",12687,12.37,311,0,2.268,2.81,4.33,0.249,0.383,0.3,0.594,49.99,29.88
"2025-03-09 21:00:00",12688,12.36,311,0,2.233,2.75,4.28,0.243,0.379,0.29,0.588,49.61,30.08
"2025-03-09 21:30:00",12689,12.36,311,0,2.217,2.74,4.24,0.243,0.376,0.294,0.588,50.28,30.6
"2025-03-09 22:00:00",12690,12.36,311,0,2.23,2.75,4.27,0.243,0.378,0.297,0.591,50.1,30.57
"2025-03-09 22:30:00",12691,12.35,311,0,2.211,2.72,4.24,0.241,0.375,0.294,0.587,50.28,30.19
"2025-03-09 23:00:00",12692,12.35,311,0,2.214,2.73,4.24,0.242,0.375,0.292,0.587,50,30.56
"2025-03-09 23:30:00",12693,12.35,311,0,2.204,2.7,4.24,0.239,0.375,0.292,0.589,50.31,30.2
"2025-03-10 00:00:00",12694,12.35,311,0,2.227,2.76,4.25,0.244,0.376,0.295,0.587,49.78,30.09
"2025-03-10 00:30:00",12695,12.35,311,0,2.173,2.65,4.19,0.235,0.371,0.286,0.583,49.99,30.3
"2025-03-10 01:00:00",12696,12.35,311,0,2.166,2.67,4.15,0.236,0.367,0.289,0.578,50.14,30.19
"2025-03-10 01:30:00",12697,12.35,311,0,2.192,2.7,4.2,0.239,0.372,0.29,0.581,49.82,30.39
"2025-03-10 02:00:00",12698,12.35,311,0,2.16,2.65,4.15,0.235,0.367,0.286,0.578,50.54,30.29
"2025-03-10 02:30:00",12699,12.34,311,0,2.173,2.72,4.12,0.241,0.365,0.29,0.581,49.8,30.39
"2025-03-10 03:00:00",12700,12.34,311,0,2.144,2.6,4.15,0.23,0.367,0.282,0.578,49.9,29.81
"2025-03-10 03:30:00",12701,12.34,311,0,2.17,2.69,4.14,0.238,0.366,0.294,0.577,49.47,30.2
"2025-03-10 04:00:00",12702,12.34,311,0,2.157,2.68,4.11,0.237,0.364,0.288,0.577,49.71,30.29
"2025-03-10 04:30:00",12703,12.34,311,0,2.157,2.64,4.15,0.233,0.367,0.287,0.58,49.16,30.46
"2025-03-10 05:00:00",12704,12.34,311,0,2.176,2.72,4.13,0.241,0.366,0.294,0.58,49.57,30.72
"2025-03-10 05:30:00",12705,12.34,311,0,2.147,2.64,4.12,0.234,0.365,0.287,0.577,49,30.3
"2025-03-10 06:00:00",12706,12.34,311,0,2.16,2.69,4.11,0.238,0.363,0.293,0.58,49.42,30.15
"2025-03-10 06:30:00",12707,12.34,311,0,2.177,2.73,4.12,0.242,0.365,0.295,0.581,49.06,30.2
"2025-03-10 07:00:00",12708,12.33,311,0,2.112,2.59,4.06,0.229,0.359,0.281,0.577,49.9,29.79
"2025-03-10 07:30:00",12709,12.33,311,0,2.084,2.56,4,0.226,0.354,0.272,0.566,50.3,30.87
"2025-03-10 08:00:00",12710,12.33,311,0,2.014,2.5,3.84,0.221,0.34,0.261,0.549,51.13,30.87
"2025-03-10 08:30:00",12711,12.32,311,0,1.985,2.42,3.83,0.214,0.339,0.253,0.542,51.71,30.79
"2025-03-10 09:00:00",12712,12.33,311,0,1.991,2.37,3.9,0.21,0.345,0.247,0.546,52.9,31.15
"2025-03-10 09:30:00",12713,12.33,311,0,2.016,2.33,4.02,0.206,0.356,0.247,0.551,51.65,30.76
"2025-03-10 10:00:00",12714,12.34,311,0,2.188,2.65,4.24,0.234,0.375,0.275,0.567,51.84,30.67
"2025-03-10 10:30:00",12715,12.34,311,0,2.197,2.61,4.31,0.231,0.381,0.269,0.569,51.51,31.02
"2025-03-10 11:00:00",12716,12.34,311,0,2.35,2.82,4.58,0.25,0.405,0.292,0.591,51.87,31.65
"2025-03-10 11:30:00",12717,12.35,311,0,2.352,2.76,4.65,0.244,0.412,0.288,0.601,51.55,30.81
"2025-03-10 12:00:00",12718,12.35,311,0,2.429,2.84,4.81,0.252,0.425,0.299,0.614,51.3,30.82
